0,3662109 0,06580353 0,03290176
0,1831055 0,04577637 0,02288818
0,3662109 0,0629425 0,03147125
0,3662109 0,08583069 0,04291534
0,3662109 0,0629425 0,03147125
0,3662109 0,09727478 0,04863739
0,3662109 0,06580353 0,03290176
0,1831055 0,08010864 0,04005432
0,3662109 0,07724762 0,03862381
0,1831055 0,0629425 0,03147125
0,3662109 0,07152557 0,03576279
0,1831055 0,07152557 0,03576279
0,3662109 0,08296967 0,04148483
0,3662109 0,1316071 0,06580353
0,3662109 0,120163 0,06008148
0,3662109 0,1430511 0,07152557
0,3662109 0,1916885 0,09584427
0,5493164 0,1974106 0,09870529
0,9155273 0,2231598 0,123024
0,5493164 0,243187 0,1616478
0,7324219 0,2746582 0,1773834
0,7324219 0,3261566 0,2260208
2,197266 0,3633499 0,2388954
1,647949 0,4205704 0,2689362
1,464844 0,4692078 0,3018379
1,831055 0,5321503 0,3318787
1,464844 0,5493164 0,3490448
2,197266 0,6580353 0,4220009
2,746582 0,7181168 0,4491806
2,746582 0,7982254 0,5221367
2,197266 0,8611679 0,5521774
2,563477 0,9527206 0,626564
6,04248 1,25885 0,8239746
4,577637 1,522064 0,9756088
9,155273 2,114296 1,317501
13,91602 3,015518 1,852512
14,64844 4,079819 2,577782
18,85986 5,272865 3,427505
20,69092 6,643295 4,295826
20,87402 8,036613 5,322933
46,69189 11,27815 7,520199
49,80469 13,86166 9,630203
49,80469 18,95714 12,83884
65,36865 25,89226 17,45939
62,25586 33,01048 23,00119
56,9458 40,82108 29,44994
71,41113 47,15252 36,87572
80,93262 52,06203 42,78803
82,21436 54,883 44,52467
81,29883 57,18327 47,16539
92,10205 58,13885 49,19672
86,9751 64,47029 53,26653
82,21436 63,56049 53,27225
94,84863 66,72192 54,89588
96,86279 69,37981 58,4178
85,51025 65,4974 54,98314
83,49609 66,13827 56,37217
86,42578 66,50734 56,26774
84,04541 67,27695 57,00588
84,77783 66,46156 56,53954
96,31348 67,83199 57,99437
90,4541 67,35134 57,50084
83,8623 68,53867 57,91283
90,08789 69,4313 58,11596
80,01709 67,10815 57,37495
90,271 70,01209 61,10001
95,03174 70,8704 59,09729
95,21484 73,34805 63,62629
92,28516 72,81017 63,15279
91,18652 73,88306 62,88385
96,31348 72,86739 63,33303
89,35547 74,57256 64,95952
95,94727 75,83427 66,09821
96,13037 74,63551 64,24999
94,66553 76,98154 67,08525
95,58105 76,93577 66,79916
97,96143 78,69244 67,55591
98,87695 78,6438 69,36836
96,31348 81,67076 73,85732
100,708 81,57635 72,55125
99,42627 81,51627 72,71144
99,97559 82,75223 74,85865
95,76416 83,5104 73,411
100,5249 84,05972 72,98896
101,0742 84,70917 75,93872
105,1025 84,23996 76,3364
102,9053 85,56175 76,46227
101,4404 84,50603 76,10896
105,835 85,16693 77,12887
101,4404 85,46448 76,04169
100,708 84,92661 74,03899
96,13037 85,11257 76,27631
101,2573 85,70766 78,05585
108,5815 86,09962 77,23903
