0,8138021 0,2861023 0,2161664
0,6103516 0,2924601 0,2145769
0,6103516 0,3051759 0,2368294
0,6103516 0,298818 0,2225243
0,8138021 0,2956391 0,2225243
0,8138021 0,3083548 0,2241137
0,6103516 0,298818 0,2336505
0,6103516 0,3051759 0,2288821
0,6103516 0,298818 0,2177559
0,6103516 0,3274285 0,2400084
0,6103516 0,3306074 0,2495452
0,6103516 0,2924601 0,2161664
0,6103516 0,2892812 0,2177559
0,6103516 0,301997 0,2288821
0,6103516 0,3083549 0,2384189
0,6103516 0,2861023 0,2288821
0,6103516 0,301997 0,2272927
0,6103516 0,3242495 0,2368295
0,6103516 0,2892812 0,2272926
0,6103516 0,298818 0,2257032
0,6103516 0,3623965 0,2606713
0,6103516 0,3083549 0,2368295
0,6103516 0,3210706 0,2400084
0,6103516 0,3178916 0,23524
0,6103516 0,3274285 0,2415979
0,6103516 0,3592175 0,2606712
0,8138021 0,3115338 0,2336505
0,6103516 0,3147127 0,2384189
0,8138021 0,3242495 0,2543135
0,6103516 0,3115338 0,23524
0,6103516 0,3147127 0,2368295
1,017253 0,3274284 0,2479557
0,6103516 0,3337863 0,2447768
1,017253 0,3751121 0,2590818
0,6103516 0,3242495 0,2479557
0,8138021 0,3560387 0,2638502
0,6103516 0,3433231 0,2495452
0,8138021 0,3306074 0,2543136
0,6103516 0,3147127 0,2511346
0,8138021 0,3433231 0,2527241
0,8138021 0,3083549 0,2463662
0,6103516 0,3337863 0,2495452
0,8138021 0,378291 0,2765657
