0,3417969 0,07476807 0,03738403
0,5126953 0,08544922 0,04272461
0,5126953 0,08811951 0,04405975
0,3417969 0,09346008 0,04673004
0,3417969 0,1228333 0,06141663
0,5126953 0,1361847 0,06809235
1,025391 0,1922607 0,09613037
0,5126953 0,1682281 0,08411407
0,3417969 0,1815796 0,09078979
0,5126953 0,1869202 0,09346008
0,6835938 0,213623 0,1068115
3,247071 0,3177643 0,1815796
2,221679 0,3471375 0,2109528
4,614257 0,5580902 0,3204346
4,272461 0,7904053 0,4592896
3,759766 1,062775 0,6155014
6,494138 1,618195 0,9439468
5,297851 2,173615 1,312447
9,399413 2,437973 1,504707
7,34863 2,822495 1,716995
10,08301 3,174973 1,959991
8,032226 3,6129 2,345848
8,032224 3,385925 2,156258
8,54492 3,810501 2,421951
9,057616 4,405975 2,862549
8,54492 4,600906 3,185654
9,228517 5,020142 3,504753
9,228515 5,55954 4,017448
11,2793 6,187057 4,467392
12,81739 7,327271 5,443382
14,01368 7,722473 5,926704
12,30469 8,259201 6,570244
13,15918 8,929443 6,929398
13,84278 9,193802 7,406044
20,8496 9,933472 7,897377
15,38087 10,55298 8,580971
20,16602 11,45821 8,831978
23,58398 11,96289 9,658432
17,77344 11,70387 9,567642
22,04589 12,52899 10,31933
17,43164 12,49962 10,40211
17,08985 13,51433 11,39545
19,65332 13,8588 11,93619
20,16602 14,12048 12,12311
18,28613 14,52637 12,37145
22,04589 15,45029 13,16986
21,02051 15,59982 13,35678
26,66015 16,7614 14,3261
24,95117 17,83752 14,89353
25,29297 18,23807 15,37952
26,66014 18,76411 16,1232
26,31835 20,00313 17,19666
24,60938 20,64934 18,2888
25,63476 20,58792 17,82551
26,48925 21,39435 19,07387
27,00195 21,59462 19,08588
27,17285 22,07527 19,16599
28,02733 22,6387 19,9297
30,59081 23,02856 20,43438
30,59081 23,81363 20,75882
30,76171 23,62404 20,88432
30,41991 23,69346 20,70541
30,76171 24,50256 22,15404
31,78711 24,37973 21,78955
30,24902 25,39177 22,40505
33,32519 26,17683 23,56663
32,47069 26,297 23,53592
33,49609 26,6201 24,32098
31,958 26,89247 23,90976
32,1289 27,17819 24,58
31,7871 27,54669 24,88441
34,35059 27,78702 24,63474
34,52147 28,6602 25,95653
35,71777 28,88984 26,01929
32,98339 28,42789 25,64278
35,03417 28,64952 25,66414
34,69238 28,89786 25,87643
35,03417 29,25567 26,21422
36,40136 29,39987 26,91116
34,00878 29,15421 26,39713
35,71777 29,15687 26,15814
35,54688 29,03938 26,05934
35,54688 29,26369 26,35975
38,28125 30,24902 26,92051
34,69238 29,36783 26,297
39,81933 29,98199 26,8631
33,49609 29,34112 26,43184
37,42675 29,73633 26,87778
33,83789 29,94995 26,9432
35,37597 30,07278 27,38914
37,25586 30,16357 27,36111
37,42676 30,45463 27,22359
37,76855 30,79376 27,78568
37,93945 30,79643 27,95925
36,74316 30,53474 27,46792
36,74317 30,6469 27,33307
34,86327 30,23033 26,92718
36,05957 30,83916 27,78034
36,40136 30,42526 27,54536
41,69922 31,53877 28,43456
36,05956 30,66292 27,87514
38,62304 30,78842 27,76966
41,52832 30,84183 27,94323
39,47753 31,07147 28,11413
36,91404 31,14357 28,47328
37,25586 30,67093 28,03001
34,86328 30,29175 27,49462
37,59765 31,00471 28,06206
39,30664 30,98335 27,68955
37,08496 31,19164 28,81908
36,40137 31,56815 28,68423
37,42675 31,36253 28,14617
36,40136 31,80847 28,72696
38,62304 31,02608 28,63617
41,87013 31,53343 27,56271
36,23045 31,4827 28,3371
41,01561 31,54945 28,88584
39,99023 31,64558 28,25165
37,59766 31,39191 28,13549
38,11035 31,90193 29,37317
37,59764 31,56814 28,84445
34,52149 30,94063 28,64952
38,79394 31,41594 28,35979
39,30665 31,94466 28,77102
40,16112 31,94198 29,08077
37,42675 32,22237 29,37984
36,57227 31,7337 28,78704
38,28126 32,35321 28,77369
42,21191 31,7524 28,90053
38,28125 31,75239 28,73096
38,96483 32,62024 29,44794
40,84473 31,95534 29,26769
41,01564 32,37457 29,76036
38,96484 32,75108 29,88186
40,67383 32,34787 28,75366
43,06642 32,32918 28,85513
41,35743 32,37991 29,1008
40,33204 33,0635 29,78306
40,16113 32,4974 29,04339
38,62306 32,99675 29,65088
41,69922 32,36389 29,2263
39,64844 32,67632 29,07143
39,13574 32,59888 29,249
38,96484 33,36525 30,43594
40,50294 32,63092 29,60682
38,96485 33,43468 30,3812
43,2373 32,76978 29,29974
40,33203 33,11424 29,26769
38,96485 32,36389 29,4426
38,96483 33,13828 28,87383
40,33203 32,73506 29,63486
41,52832 33,424 29,94862
54,85844 33,19969 30,36518
45,28809 34,04617 30,58681
44,4336 33,68568 30,20763
42,5537 34,17434 31,03676
42,04103 34,40933 30,21832
38,96483 33,31985 30,22232
40,67383 33,29582 29,85115
38,62304 34,07021 30,39722
40,33202 33,62694 30,42126
40,33203 34,83658 31,72035
40,84473 34,17435 31,05145
42,55373 34,76982 31,32248
40,50292 34,25445 30,88188
44,60449 34,23843 29,88052
41,35743 34,31587 31,07147
47,16797 35,31456 30,57079
41,52832 34,47075 31,25572
44,94629 34,81521 30,88054
48,53517 35,06622 31,95
44,43361 34,39865 30,97
43,57911 35,14099 30,94997
44,94629 34,69772 30,75104
44,26273 35,0956 30,85117
45,62989 35,45609 31,88457
42,55372 34,78584 31,09417
42,89551 35,1223 31,98605
43,23732 34,30786 31,06613
43,06642 34,29451 30,80311
40,16114 35,07423 31,21567
43,06639 35,18905 31,28109
46,82619 34,19571 30,24502
44,77541 35,67505 31,90727
44,2627 35,36797 31,96735
43,06641 35,50682 31,89793
43,2373 34,68971 30,40123
43,40823 35,47211 32,3452
42,89552 35,31456 31,60954
41,69921 35,42404 32,33452
44,4336 35,47745 31,49872
46,14259 34,51614 31,50406
42,55371 35,5175 31,50673
41,01563 34,94606 31,59218
45,459 35,89668 32,77779
42,38281 35,39467 32,3185
44,60449 35,97145 31,79245
43,92094 36,129 32,09019
44,0918 36,18774 32,691
44,9463 36,06491 32,39861
49,73144 36,66039 33,13293
42,55371 37,02621 33,38661
42,89552 36,06758 31,60686
44,60451 35,41069 31,49872
47,16798 36,33728 31,7524
46,48441 36,81526 32,86991
48,70606 37,37335 33,60558
44,9463 36,63635 32,88593
49,38968 37,26921 33,1316
44,94629 36,74316 32,83787
47,16798 36,94077 32,72438
44,26269 36,50284 32,43465
46,65528 36,81793 32,50408
44,6045 35,94475 32,41196
44,43362 36,82594 32,96871
43,23731 36,09428 32,69234
43,75001 36,44142 33,10223
42,38282 35,93407 32,3946
47,33888 36,90338 33,40664
47,85158 36,82861 33,2798
44,0918 36,92474 32,83386
44,26271 36,39069 32,71103
47,16798 36,59363 32,97405
44,09181 36,99417 33,38127
43,40822 35,46143 30,78175
50,07328 36,41205 32,21035
45,28809 37,31995 33,69503
48,02248 36,40404 32,1516
46,31347 36,46011 32,72438
44,60448 36,05423 31,95
43,92091 37,54692 33,84056
50,41505 36,46011 32,56683
44,77541 36,04622 31,74305
43,06641 36,59363 32,6189
48,87697 36,58562 32,31983
44,09179 36,19843 32,3225
46,99708 37,21581 33,60023
45,80079 37,17308 32,58419
49,21875 37,0903 32,90062
43,75 36,10497 32,45869
52,63675 37,38403 33,49876
45,97169 37,46147 33,21972
44,94629 37,32796 33,48808
45,62989 37,0903 33,41732
45,11719 37,49619 33,46272
43,4082 36,01952 32,33318
43,5791 36,53755 32,86724
48,19337 36,39336 32,16362
45,97169 37,56294 33,85792
44,26269 36,57494 32,9113
48,53519 37,20779 33,44269
44,2627 36,78322 33,66699
54,51665 38,43346 34,52682
49,21877 38,01956 34,13029
43,92092 37,6297 33,34122
51,61134 36,64436 32,97672
48,19339 37,64038 33,62427
47,68068 37,31194 33,17833
47,33888 38,31329 34,35326
48,02249 37,68845 34,06887
49,21877 39,38675 34,99012
45,80079 37,43744 32,68032
44,7754 37,25319 33,01811
51,78225 38,40675 34,3586
47,33889 38,38272 34,3853
54,34573 38,59634 34,48811
51,44044 38,46283 34,12895
49,04787 38,82599 34,87797
49,04786 38,83133 34,46941
46,48439 37,36267 33,76579
51,95317 38,32932 33,7471
48,36428 38,74321 34,55219
52,63676 38,98621 34,58157
48,02247 38,07297 34,21307
46,31347 38,23586 34,08356
51,09864 38,1237 34,78851
44,60449 38,17711 34,1116
47,50977 38,38539 34,24511
44,9463 38,13171 34,33056
43,92091 38,69514 34,82189
46,31349 38,76991 34,54819
48,87696 38,04092 33,89397
51,44045 39,36272 35,02483
46,99709 38,05161 34,09824
49,21875 38,35335 33,80451
49,38965 37,77122 33,7965
46,65528 38,78326 34,27448
50,07327 39,19449 35,01415
48,02247 38,58032 35,10227
51,44044 39,15977 34,87663
46,82617 38,8607 35,14767
57,25101 38,85269 34,53751
54,34573 38,70583 34,5108
45,97169 38,54828 34,39064
49,56057 38,34801 34,23576
48,02246 39,01558 34,33857
46,14259 38,7352 34,54819
47,50977 39,00757 34,7084
48,02246 38,68446 34,46407
54,34572 38,91678 35,5135
54,17481 39,55231 34,72443
49,56056 39,41612 35,46143
46,31347 38,29727 34,28917
48,70607 38,30261 34,36794
47,33887 38,48953 34,21173
50,58599 38,39874 33,83389
52,97853 38,69514 34,83925
51,61134 39,05029 34,66034
50,92774 39,81667 35,35061
48,53517 39,08234 34,74178
51,09864 39,42947 35,13432
56,56745 38,99689 34,09691
49,04787 39,95018 35,83126
50,41505 39,91547 35,31857
49,21874 40,48424 36,22246
49,73146 38,26523 33,50277
47,16797 38,82065 34,60827
50,75685 38,8073 34,03549
53,32033 39,26659 34,98077
49,90235 40,23323 35,50014
46,31348 38,85536 34,51481
46,82618 38,68179 34,49345
50,24419 38,96217 34,2144
50,58596 39,74724 35,0502
46,14259 38,92746 35,39734
50,92773 38,58566 34,5789
50,58595 39,74991 35,64701
50,92775 39,87542 35,75249
48,36427 39,48822 35,16102
51,44044 39,18381 33,96473
50,41504 39,30397 35,11963
51,26953 39,41078 34,98211
51,26955 40,05699 35,78186
50,75685 39,80331 34,86462
49,04787 39,44283 34,9287
50,58596 40,46288 36,00349
48,19336 39,61906 35,11028
50,58594 39,73122 34,00478
53,83303 39,87541 35,43606
53,83303 40,54566 36,05957
50,41505 41,045 36,88469
50,58595 40,76729 36,53088
48,87696 40,23857 36,30524
48,19337 38,63373 33,38795
46,31347 38,88206 34,67236
48,36427 39,00223 34,28116
45,459 39,571 34,90467
46,31348 38,99155 34,54819
52,97855 40,90347 36,55758
49,73144 40,4068 35,90603
51,61134 40,51361 35,94208
46,31348 39,10904 34,73644
45,97169 40,37209 35,75382
49,90235 39,29329 35,30521
49,73146 40,1371 36,15036
47,50977 40,40146 35,89001
50,24416 40,47623 35,95009
48,36427 40,14778 35,56824
51,78223 40,04631 35,75916
49,56055 39,56299 35,69908
50,24416 39,64844 34,92069
49,56056 39,07433 34,01947
47,33887 39,85939 35,66437
48,19337 39,96354 35,35995
50,24415 39,29329 35,30521
46,31348 39,75258 35,15034
49,90236 39,91013 35,14767
61,52348 40,51895 36,58962
47,85156 39,1758 33,86726
49,73146 39,48021 34,55486
57,7637 40,40947 35,64568
49,56057 40,21988 35,50816
54,51659 40,68184 36,21979
50,41507 40,09705 35,98614
51,78225 40,14244 35,72712
50,24417 40,15579 36,17306
46,82616 40,66315 36,69243
54,68753 41,22925 36,05289
49,21874 40,66582 36,11965
54,68753 39,8407 35,56156
50,07327 39,83536 34,71642
48,02248 39,74457 34,92336
49,90236 40,03296 36,06358
54,68751 40,34271 36,53088
49,56055 40,14511 35,70042
47,50978 39,67514 35,49213
48,87695 41,00495 35,93407
56,22562 40,79934 35,96478
49,73146 40,3347 36,3987
52,12404 40,52429 36,3039
50,07325 40,51361 35,75916
57,251 40,59105 36,01151
51,44044 40,67383 36,7218
52,97853 41,19453 36,00216
49,56057 41,41884 36,65104
47,33887 39,4001 35,56957
53,32033 39,85672 35,60429
56,7383 40,67917 36,62434
54,00392 40,9462 36,623
47,50978 39,99023 35,76851
56,22561 41,46957 37,03423
50,58595 40,61775 36,65237
50,24417 40,02228 35,88467
53,49123 40,62309 35,51617
50,41506 40,73257 36,78856
50,41505 40,25459 36,0796
49,56055 40,53764 35,69374
54,17484 40,49492 36,56693
47,85159 39,46953 35,22511
49,04787 39,9929 35,70442
49,56056 40,56969 36,09161
50,24415 39,1304 34,94473
50,07326 41,39748 36,62167
53,49122 40,90881 36,75518
51,09865 41,3414 37,03156
51,26955 41,03966 36,52153
49,21876 40,63644 36,40804
51,61134 40,34538 36,3266
50,75685 41,67519 36,47213
46,82618 40,34805 36,35731
51,26952 39,89944 36,17573
54,00394 40,76462 36,01151
49,90236 40,65514 36,56292
51,44044 41,30135 36,09295
46,65526 39,73656 35,49213
50,41505 41,11443 36,01017
49,90235 40,04364 35,5629
48,53516 39,85405 35,46543
49,04787 40,61241 36,36131
50,41506 40,94353 36,64703
48,70605 39,8674 34,25846
50,07327 40,63644 36,32393
50,58595 40,45486 36,0302
52,97853 42,0063 36,98215
49,04787 40,85007 36,71246
49,38966 40,44685 35,89802
52,97852 40,55901 35,37064
53,32034 41,22658 35,2972
49,38967 41,3681 37,04491
50,92775 39,82468 36,09295
50,75686 41,52832 37,15973
54,34572 41,08506 35,65769
49,56057 40,0383 35,58159
51,78224 41,43486 36,62701
47,33889 40,41214 35,7872
51,95313 40,71922 35,75516
48,70606 40,1371 35,5669
48,19336 40,23857 36,49883
49,90237 40,04097 35,75115
48,36428 40,00893 35,97946
48,02248 39,9662 35,00748
48,36432 40,31601 35,2932
53,14942 40,54298 35,25181
52,97852 40,23857 36,22379
55,54201 40,45753 36,55624
48,02248 39,85138 35,76717
52,12405 41,52298 36,48281
52,63674 40,40146 35,81257
49,90234 40,18517 35,60162
54,00397 40,65514 35,7645
49,73145 41,54701 36,58161
50,58595 41,61911 36,43475
49,90236 40,6765 35,93273
48,19337 40,96222 35,58826
46,31349 39,85939 35,22644
55,20022 41,13312 36,21845
50,92775 40,9462 36,72848
49,38966 39,9929 35,43072
49,90236 40,00092 35,66704
52,80763 41,86211 36,65237
53,66213 42,16652 37,16507
52,63672 41,66184 36,10897
49,38966 41,13846 36,64036
51,09867 41,83006 36,64036
52,80763 40,37476 36,50951
54,51664 42,06238 37,55894
47,16797 40,15846 34,86729
48,87696 40,93819 36,04488
50,58596 40,75127 36,1784
51,26954 41,97693 37,58297
52,97855 40,24658 36,04221
47,33887 40,75928 35,79655
51,61135 40,44952 35,75115
49,73145 39,98222 36,08227
50,58595 41,69922 37,64439
54,34573 41,87813 37,36267
51,95314 41,08505 37,12502
51,26954 41,42151 37,31594
53,49122 39,98222 35,80856
50,24415 41,6378 36,5242
52,63673 42,31873 36,72714
47,16798 41,45355 36,90605
50,24416 41,55235 37,35199
60,15627 41,39748 36,133
56,9092 41,32538 36,64036
50,58596 40,75394 36,63235
52,29495 41,03165 36,56292
48,70606 40,81268 37,15172
50,75685 40,03029 36,00082
51,44044 41,18386 36,75652
52,12403 41,45356 36,60965
51,26954 41,57906 36,69243
55,54201 41,33339 36,13834
52,29494 41,34407 36,82461
50,58595 40,79933 36,20377
49,21878 40,93018 36,40137
46,14259 40,09972 35,33459
52,46584 42,77802 37,37469
54,34572 41,83807 37,59766
55,8838 41,18385 35,72044
50,41506 41,1171 35,7111
56,22562 42,09709 37,50153
53,83303 41,56303 37,53223
49,56058 41,91818 37,20379
50,41504 40,66849 36,48548
51,09864 41,26129 36,623
56,5674 41,64849 36,23047
51,78223 41,28265 37,30392
50,92774 40,98625 36,69643
50,24416 40,82069 37,117
47,68067 40,47623 36,32927
49,38964 41,44821 37,17442
50,58596 40,85274 35,99148
57,42188 42,02766 38,2452
60,66898 41,44555 36,55891
51,09864 41,67519 37,07695
50,07325 40,32669 36,13033
53,49124 42,2493 37,50954
52,97853 41,782 36,87801
53,14944 41,71791 37,19177
49,21876 40,80734 36,1824
52,63673 41,80603 36,98483
51,09864 40,94086 36,62834
51,26954 41,78467 37,10098
52,97853 41,94489 36,83662
53,66212 42,27066 37,17175
56,39651 41,45622 36,95812
48,02248 41,01295 37,03156
51,78224 41,42952 37,20779
59,13088 42,35344 37,44144
55,54203 41,86478 37,23583
53,14943 41,30936 36,53622
51,61135 41,42418 36,72447
48,53517 40,49225 35,53753
54,1748 40,94086 36,40537
53,49123 42,23595 36,88469
51,44044 41,48026 35,95943
48,53518 41,7099 36,16638
48,36428 40,96222 36,88068
48,70607 40,73792 36,75919
52,29495 42,10243 36,99818
48,02247 41,36276 37,32128
50,41507 42,01431 37,41875
51,26953 41,49895 37,24918
52,12403 41,58974 37,1891
47,68066 40,6765 36,81393
51,78224 41,63513 37,00886
52,46584 40,96222 36,41872
52,63674 41,83006 37,38537
51,61135 42,29469 37,91008
48,53518 41,045 35,55622
52,12403 41,35476 36,43742
48,87696 40,98358 36,81927
46,31349 40,43617 35,69241
53,83302 42,26265 37,15172
54,00394 41,88614 37,51755
59,47269 42,7887 37,67109
52,63674 41,14914 35,5896
54,68753 41,5844 36,4521
52,29494 41,23192 36,49216
50,41504 41,90751 37,44011
50,75685 41,1438 36,3306
51,61135 40,84473 36,11431
50,92774 42,59911 38,46283
51,78225 41,39214 36,87134
50,58595 41,38145 36,84597
52,97855 41,95824 37,04224
49,56055 41,76331 37,06627
57,251 41,61911 36,22646
48,53517 40,25726 36,63635
56,56742 41,42685 35,8366
55,20021 41,20255 36,45611
56,73831 40,87143 36,60164
52,80763 41,06369 36,7445
53,32034 42,46025 37,29725
49,73145 41,13846 37,02488
50,75684 40,84206 36,38268
53,14943 41,87279 37,43877
55,2002 41,25328 36,66039
55,20022 42,36946 37,37869
50,58594 42,21192 36,89938
49,04786 41,03966 36,39603
50,58595 42,21726 37,18376
51,95314 41,91284 37,22515
51,44044 42,27066 37,99019
51,26955 41,80603 36,57227
49,21876 41,68854 36,70578
50,41507 41,28799 36,64036
51,61134 41,25328 36,76186
51,78225 42,36145 37,47215
48,87696 41,75797 36,76186
49,90237 41,98227 37,2385
48,36426 41,25862 36,82728
53,49125 41,045 36,67908
51,26957 41,09573 36,52287
50,58596 41,87546 36,41205
49,38966 41,27731 35,68439
47,16796 40,60173 36,58295
55,02932 41,54702 36,85799
49,56055 41,72326 36,2278
50,07327 42,21191 37,21313
56,2256 41,52565 35,7605
51,26955 41,53366 36,3306
51,44042 41,22658 37,23316
59,98542 40,47356 35,82058
50,41505 41,1438 37,14104
51,26954 41,0984 36,3266
49,38966 41,782 36,35197
53,14944 41,77666 37,04891
52,63673 42,38281 37,37602
52,63674 42,16118 37,37602
52,80765 42,65252 37,86335
47,85157 41,10641 36,5963
51,26954 41,6832 37,67376
54,34571 40,88745 36,84196
52,46582 42,49229 37,34798
52,63675 41,68854 36,90071
50,92775 41,68587 37,60166
52,29493 41,4856 36,49082
49,73146 41,54434 36,44409
51,95314 41,38145 36,66439
51,26955 40,89279 36,52687
52,46582 41,54968 36,6684
50,58596 40,54832 36,95412
51,44044 41,23993 36,3533
49,21877 41,80069 37,47082
55,02931 40,94887 36,34663
53,83303 41,8354 37,30659
52,12402 43,02635 38,80062
49,56057 41,02364 36,39069
56,7383 41,99562 37,49619
49,04787 41,44287 37,35733
51,44044 41,11176 37,22248
50,41505 42,29469 37,44545
52,97853 42,6899 37,40005
53,49123 42,33208 36,57494
51,44043 41,74995 36,57627
56,0547 42,13715 37,9755
53,49122 41,06903 35,87399
57,59279 41,62445 37,22782
51,26954 41,18652 36,62834
51,61134 40,91682 36,03554
51,61134 41,03699 36,623
54,51664 41,65383 36,95946
54,85843 42,07039 36,55758
51,61135 41,91285 35,74848
54,68752 42,55104 37,91943
51,61134 42,6445 37,58965
50,07325 41,46957 36,94878
54,51664 41,11176 36,21712
50,24415 41,9262 37,47082
57,59279 42,8688 38,32664
50,41505 42,70058 37,41207
54,17483 41,61644 36,96747
52,63673 42,31873 37,17308
54,00393 42,01164 37,17175
54,00394 41,26129 37,1664
51,26956 42,46292 37,31327
52,97855 40,7032 36,73382
52,80764 41,63514 36,17573
50,41504 41,70189 36,72848
52,63675 41,96358 38,13839
51,78223 43,22662 38,49754
50,75686 42,37214 38,01556
51,95314 42,4923 37,61902
52,97854 41,7099 37,63504
52,29494 42,25197 37,18643
52,29494 41,39214 36,23714
54,68752 41,5657 36,16104
51,78226 41,60576 37,78458
49,04787 42,11044 37,60967
54,00391 41,60042 37,34531
54,68751 43,09311 38,06229
55,20022 42,13448 36,80725
51,61133 42,73529 37,99286
53,14942 42,10243 36,68442
54,17484 42,66853 37,84866
56,22559 42,4202 38,01556
54,00393 41,52832 36,56559
52,29494 41,76598 36,5963
55,20022 40,92484 36,09962
48,02248 41,81938 37,38403
52,29493 42,00363 37,90073
55,37111 42,60979 37,92343
52,97854 42,89551 37,85133
55,20021 41,20789 36,14502
50,24416 42,08641 37,35332
49,73144 42,34009 38,16376
55,88381 42,43622 37,13436
53,83303 42,71927 37,95681
58,44732 42,97562 37,82864
52,12403 42,31873 37,59499
52,97854 42,17453 37,5349
51,78225 41,69388 37,41608
53,83303 41,44555 37,10766
51,09864 41,14914 36,68976
49,21876 41,80336 37,13303
51,95314 42,30271 37,57095
51,95314 42,40417 37,72583
54,34571 42,03568 38,00755
54,34573 42,22794 36,93275
52,12405 42,49764 37,43877
54,51661 42,67121 37,76588
53,66214 42,40417 37,0863
51,61135 41,46156 37,00218
55,20021 42,47093 38,12904
54,34571 42,23061 37,45346
53,66211 43,25333 37,94212
55,71292 42,01164 38,02624
51,61135 41,9342 36,73782
52,46584 42,52434 37,97016
52,29495 42,69791 37,86869
55,8838 42,12914 37,88738
53,83302 42,65252 36,98883
56,3965 42,42287 37,1357
53,32032 42,49497 37,09297
58,61819 43,03169 37,8006
50,58594 42,18789 36,92741
47,50978 41,47224 37,12234
51,26955 41,76865 37,11166
58,27638 41,80603 37,18109
52,12404 42,82875 37,85801
50,24415 42,72194 38,06763
54,17482 42,12113 37,35199
49,04787 41,53366 37,0636
48,53516 41,42952 36,83796
52,46585 42,69257 38,08632
54,85841 42,7887 37,11567
53,83303 42,04369 36,43742
52,12403 42,21725 36,17573
52,29493 41,66183 37,29725
52,29495 42,70058 37,26921
55,71291 41,88881 37,02621
53,66211 42,71126 37,96482
53,83302 42,00897 37,607
52,80763 42,31606 37,93411
52,29494 42,50031 38,07564
50,24416 41,00761 36,43475
48,70607 40,81803 36,34796
48,70607 41,98761 37,38403
51,09864 41,22925 36,66172
49,90235 42,68723 38,28392
57,42194 42,79137 37,73518
51,78224 42,96227 37,34131
50,75685 41,82206 37,14371
55,88383 42,25197 37,53357
54,68753 41,6378 37,46548
51,26954 41,96892 36,96747
59,98539 41,73393 36,62033
58,27639 42,70592 37,69646
54,68752 42,39884 36,79924
53,83303 41,88614 36,59897
52,80761 42,56973 37,3333
55,71291 42,60178 37,91943
51,26955 41,68587 36,27319
52,12403 42,34543 37,67109
51,61134 42,93823 37,80727
49,56056 41,13045 36,15303
51,26954 42,65785 37,81929
51,61134 42,11044 37,00752
50,24416 41,19987 36,64303
51,09867 42,06505 37,64305
51,09865 42,64183 38,06629
52,29494 41,37077 36,01818
53,14945 42,58575 37,05959
54,51664 43,51768 37,57229
50,58595 41,95557 36,58695
54,85842 41,84075 36,95278
57,08011 41,75529 37,03156
49,56056 40,98358 36,33194
51,26955 41,7366 36,73782
53,32032 42,43088 37,81929
64,94144 42,1505 37,88471
53,49123 42,4015 37,50954
56,56739 43,00499 37,20112
51,78225 42,41219 37,97016
52,80764 42,38815 37,90474
55,54202 43,16254 38,55095
50,92775 41,36543 36,99951
50,75686 42,77535 37,5576
52,12405 41,64315 37,35332
51,44046 42,33742 37,65373
51,78223 41,70456 37,23583
49,73146 40,9462 36,76987
51,09864 42,01431 36,83662
50,92773 41,52832 37,20512
48,19338 41,62445 37,7739
51,61135 41,40549 37,05692
49,38966 42,23061 37,02221
47,85158 41,47492 37,68177
59,13087 42,01164 36,74583
52,29493 43,19191 38,13171
57,59279 42,58575 36,99417
55,71291 41,81938 36,65237
54,17481 43,41888 37,72583
53,66212 40,86075 35,52151
51,09865 42,75398 37,95815
51,26956 41,10107 36,62567
53,66213 42,04636 37,04891
66,47953 42,49763 38,32397
54,17481 43,24799 38,14106
55,71291 42,37748 37,5082
52,63672 42,29203 37,8994
52,12404 41,62445 37,22115
52,80763 41,27464 36,91807
57,08011 42,47093 37,11433
54,34571 41,53633 36,65905
51,78226 42,6445 36,94477
51,95314 41,37612 36,50551
54,51662 42,58576 36,76453
54,34573 42,03034 37,67509
55,02932 42,14783 37,36668
49,38964 40,99426 37,117
50,41505 41,49895 36,96213
51,44046 42,26265 37,99419
51,26953 41,57372 37,17709
58,10549 42,12113 37,05425
51,61133 41,58707 36,71646
55,54202 41,84608 37,53357
53,14943 42,62581 37,79793
51,26955 42,76466 37,70313
55,37112 41,95557 37,88471
49,90234 41,98761 36,48148
50,24413 41,45355 37,05292
52,12403 41,46957 36,50951
55,54202 41,22925 36,07426
50,58596 41,88614 37,28657
55,7129 41,10374 36,49082
52,46584 42,32674 37,66041
55,37111 42,55639 36,87935
52,63674 42,41486 37,2385
50,75685 42,31339 37,31327
59,98538 42,61513 37,89005
57,59281 42,65519 37,14237
53,83302 41,72592 36,90338
50,75686 41,41884 36,73248
52,46585 40,88211 36,83662
55,20021 43,33878 37,85
56,05471 42,55104 36,17439
53,66214 43,47763 38,66043
52,46584 42,93022 37,87003
52,63675 42,61246 37,68444
52,63674 42,74063 38,31863
52,80764 42,75932 37,8994
55,02932 41,81671 36,29189
50,41506 42,48428 37,03423
49,73145 42,25731 36,46679
59,47268 42,65786 37,96082
58,4473 43,4002 38,36403
55,37112 42,83142 38,64975
54,85842 43,46428 38,72318
53,14943 42,40418 37,64305
53,14943 43,10112 37,57229
51,44045 42,14783 37,27188
54,51661 42,73529 38,32531
53,49123 42,73796 38,15308
55,71292 41,93421 37,24651
52,12403 41,79001 36,36799
50,92775 41,1972 36,82728
52,97853 42,85545 37,43076
56,56742 42,06238 36,35998
55,7129 42,53769 37,27322
54,8584 42,21458 37,88204
50,75684 41,9529 37,12635
54,17483 42,46025 37,00218
49,38965 41,33606 36,50684
50,07327 41,22925 37,2345
51,78222 42,24129 37,64839
54,51661 41,06369 36,62434
48,36429 41,3681 36,69777
50,24416 41,57104 37,72449
51,44045 42,36412 36,91673
48,87697 42,07573 36,5242
50,07326 42,28668 37,76188
57,9346 42,13448 36,86867
60,66901 42,46826 37,32529
53,66213 41,97159 36,76853
54,3457 42,4736 37,76321
54,68752 43,25066 37,41608
51,95314 42,40952 37,2118
53,66214 42,35611 37,72717
52,80764 42,60445 38,02891
54,68753 41,48293 36,5242
53,32034 42,48428 37,04891
54,17481 42,50298 37,30927
56,22561 43,38684 38,26923
52,46585 41,70723 34,86462
53,14943 42,27066 36,99684
57,42191 42,74597 37,73384
52,63673 42,49763 38,15575
52,46583 42,4656 36,62167
64,59963 43,33878 38,37605
52,80762 41,6565 36,95946
49,38967 41,49361 37,42809
55,88381 42,55905 37,78725
53,14942 41,63247 37,3106
50,92777 42,09175 37,59232
48,87696 42,40418 37,42008
55,02933 41,28532 36,42673
50,92776 42,60178 38,21449
51,44044 42,31071 37,68711
56,0547 42,75131 38,39874
54,17483 41,85143 37,22515
53,49121 41,76331 36,77254
60,66899 41,40282 36,92875
54,17484 41,83273 37,2118
49,21876 42,27867 37,71648
51,95314 42,42554 36,19308
53,49122 42,68188 38,07697
49,56056 43,33344 38,63239
56,56741 42,80205 38,19046
51,26955 42,36946 37,64706
51,26954 43,13049 38,80463
53,32034 43,16788 38,14907
52,80763 42,42821 38,20248
54,00392 42,94624 37,49886
50,92775 41,44821 37,29992
54,17483 41,87546 37,04357
47,85158 40,91148 36,53889
55,02931 42,11044 38,19447
56,73829 43,76068 38,70316
53,14944 42,31873 37,57629
51,26954 42,23862 37,30259
55,20021 42,24663 37,16373
50,07325 42,83943 38,19714
53,66212 42,04903 37,69512
50,75685 42,75399 38,28125
56,9092 42,8154 37,60033
54,85842 41,27731 37,02888
48,87696 42,05437 38,10368
51,26955 42,34543 37,83932
53,32033 42,72728 37,73518
49,38968 41,18653 36,92741
50,41505 42,11578 37,69245
54,17484 42,88216 37,86469
50,75685 42,43088 37,51888
51,26954 42,30003 37,82196
53,32033 42,26799 37,79659
52,63672 41,50429 36,41472
52,29493 41,95557 37,44011
51,78223 41,94756 37,56962
53,32033 41,89682 37,57629
53,83303 42,46025 37,85667
49,21875 42,08641 37,37202
50,24416 42,51099 38,04626
52,29494 42,89017 37,62836
48,53518 41,59241 36,866
54,17482 43,36014 38,37872
51,78225 41,41884 36,37199
56,3965 42,79137 37,83264
55,54201 41,75797 37,66441
51,26955 42,51633 37,37736
53,14943 42,26265 37,61768
52,46585 41,32538 36,52687
55,02931 42,30538 37,51221
47,85159 42,1505 37,47616
52,97853 42,12113 37,45079
50,24415 42,03033 37,25185
48,87697 41,61911 36,52821
48,53517 41,42151 37,19444
58,7891 42,43622 37,51221
52,80762 43,04505 38,68847
54,00392 43,03704 38,27591
48,02247 42,77 37,48684
64,08694 43,39219 38,30795
53,83305 42,82608 37,57496
49,90236 40,85541 36,39202
53,32032 42,95692 38,47084
55,54203 42,36679 37,27856
51,44044 42,95959 37,7552
56,22561 42,41753 36,97014
51,09865 42,12379 37,79125
54,00392 44,16123 39,14909
50,24416 42,10243 38,04226
51,09865 42,13448 36,49883
56,9092 41,62178 37,26654
51,44043 42,46292 38,08365
56,3965 42,81807 38,36136
56,3965 43,24799 38,72853
55,71291 42,55104 36,98883
52,46585 42,66586 37,59899
53,32034 42,68189 38,36937
54,51661 42,68456 38,31596
58,2764 43,14919 37,27589
59,30178 42,77534 38,11836
53,32034 42,65785 37,17041
55,54201 42,61513 37,80327
53,66213 44,12918 39,36672
51,78225 42,58843 37,95013
54,34572 43,85147 37,78458
54,51661 42,35878 37,61101
48,87696 41,95023 37,30659
56,22561 42,94625 38,25722
54,17482 41,52832 37,44144
54,00394 41,40816 37,27188
55,02931 42,37748 37,46548
49,73147 41,56303 37,10098
51,44045 42,23862 37,07161
50,58595 42,04369 37,84332
51,61135 42,11044 37,9528
51,95314 41,98494 37,45079
54,34573 42,95959 38,04092
51,09865 42,76466 38,36403
51,26954 42,68723 38,34934
52,63674 42,95959 38,68847
54,51662 43,47763 38,37738
52,97853 42,16919 36,97281
53,49125 43,15453 39,02493
49,04787 42,3214 38,26523
57,251 42,78069 38,32264
49,73145 41,89415 37,24651
50,07326 43,06107 38,12771
54,68751 43,0851 37,99019
51,26954 43,54439 38,85002
54,34571 42,04102 36,82594
53,14944 42,46826 37,43343
55,71292 42,65518 37,99152
58,61818 42,62581 38,58166
53,83303 41,94489 37,1397
52,46583 43,3014 38,27991
51,26955 41,66985 37,30927
52,46582 44,12651 39,21318
50,07325 42,69257 37,86335
52,97853 43,24532 39,1077
50,92775 42,96761 38,68713
50,75687 42,76467 37,74185
52,97854 43,19992 38,58166
54,51662 42,66319 37,44545
54,34571 42,57774 36,38268
49,21877 42,34276 37,70447
54,85841 42,84478 37,84199
55,20021 42,74598 38,74187
54,17482 42,17186 37,56428
51,44044 42,20123 38,23853
51,09866 42,16919 36,82728
51,09865 42,58308 38,17711
51,44045 42,45491 37,65774
52,29493 41,70723 36,50951
50,41506 42,13448 37,55493
52,29494 42,83142 38,53893
54,17482 42,23061 37,34665
54,68753 42,06772 37,72583
50,07326 42,59644 37,50286
51,44044 42,4202 37,73518
51,61135 41,62712 37,36134
53,83303 42,05437 37,11567
51,78225 42,46025 37,47883
51,61135 41,85944 37,24918
56,56742 42,80739 37,71648
50,41504 42,51366 37,41474
53,66212 43,0397 38,17711
59,98537 42,64984 37,30259
51,95314 42,54036 37,75387
56,05472 42,83142 36,6951
54,00391 42,27867 37,57496
