0,8138021 0,4212064 0,3083553
0,8138021 0,4593536 0,337761
0,8138021 0,4450485 0,3258398
0,8138021 0,4514063 0,3433241
0,8138021 0,4450485 0,3290188
0,8138021 0,4577641 0,3536553
0,8138021 0,4625326 0,3528607
0,8138021 0,4720694 0,3663708
1,017253 0,4831956 0,3695498
0,8138021 0,4831957 0,3894176
1,017253 0,5292896 0,4140539
0,8138021 0,5038586 0,4053119
1,017253 0,5070375 0,4061067
1,017253 0,5769727 0,4529948
1,220703 0,5467734 0,4394846
1,017253 0,610351 0,4847835
1,220703 0,6580352 0,5078306
1,017253 0,6977717 0,5380302
1,220703 0,7104874 0,5602834
1,220703 0,7613497 0,5928677
1,627604 0,807444 0,6373734
1,831055 0,8376441 0,6516788
1,831055 0,9346023 0,7176415
1,831055 0,993412 0,7669142
1,831055 1,064936 0,8368483
2,441406 1,150766 0,8861209
3,051758 1,235009 0,9449317
3,86556 1,365346 1,051426
7,120767 1,433692 1,064142
9,155272 1,592636 1,165868
7,527668 1,711843 1,250107
8,748371 1,87397 1,358985
7,120767 2,047221 1,486141
9,155272 2,473193 1,745224
8,544921 2,915065 2,032121
9,765621 3,275871 2,319813
9,358722 3,730457 2,713999
8,748369 4,307429 3,105006
9,969071 4,623733 3,416537
11,18978 5,126 3,902912
8,951822 5,566278 4,251799
9,358722 6,133717 4,610223
10,37598 6,486574 5,001225
13,22428 6,694792 5,21024
14,64844 7,313094 5,702971
13,42774 7,472041 5,76973
12,81738 7,877348 6,208421
12,61393 8,246103 6,481011
14,03809 8,462273 6,705127
14,03809 8,867583 7,093747
15,66569 9,226798 7,401309
15,25879 9,379388 7,473628
17,7002 9,891194 7,82013
15,66569 10,6144 8,61009
16,07259 11,12143 8,834995
18,71745 11,43456 9,15448
19,12435 12,08782 9,59635
19,53124 12,77764 10,20987
19,32781 13,1305 10,80036
26,65202 13,7504 11,29786
22,58301 14,10961 11,73417
22,583 14,74381 12,46691
27,05892 15,11415 12,96917
23,60026 15,7547 13,68761
24,21061 16,06147 14,081
24,00716 16,24743 14,10405
21,97266 16,4938 14,27491
26,65202 17,03739 14,95043
24,82096 17,42364 15,29932
27,26236 17,72722 15,58304
25,02441 17,93226 15,76026
30,72103 18,3471 16,30306
26,65203 18,59348 16,53115
25,02442 19,04646 16,91976
25,43131 19,42952 17,10414
28,27962 19,84914 17,64535
28,07617 20,30054 18,24379
31,53484 20,89978 18,55612
27,66927 21,04918 18,6205
29,09343 21,88205 19,38742
28,48308 22,66725 19,76092
29,29688 22,39863 19,64172
29,09343 23,25375 20,80599
29,70378 23,67338 21,27329
31,73829 24,70016 22,27942
29,50034 24,99739 22,59493
30,51758 25,06574 22,12683
29,90722 25,44879 23,05984
30,31413 25,50602 22,79679
30,51758 26,14657 23,61933
33,97623 26,33254 23,89748
33,56934 27,41495 24,75818
34,79003 27,41655 24,61433
33,77277 28,02849 25,27476
37,8418 29,01077 26,3675
41,097 29,63384 26,78156
35,80729 29,50827 26,75691
38,04525 30,99759 28,42108
38,45214 32,0832 29,19436
40,48664 32,24055 29,41131
38,45215 33,38973 30,20208
40,89355 33,88881 31,0715
40,89357 34,36407 31,39893
43,94531 34,9474 32,3073
41,50391 35,3384 32,79766
41,30046 35,94876 33,65594
42,92807 36,02187 33,77517
42,52116 36,23167 33,56775
44,55567 36,77845 34,15982
41,50391 36,85952 34,25359
44,35223 37,71306 34,91719
42,92806 37,54774 35,10078
43,33496 37,77186 35,28834
44,14877 37,64788 35,29866
42,31771 37,99438 35,35589
44,55566 38,5952 36,00598
43,94531 38,43943 36,00357
45,57293 38,93375 36,10612
44,55567 39,18806 36,74031
44,55567 39,34383 36,8158
45,36945 39,36608 37,18852
44,55567 39,31682 36,62587
46,79361 39,29933 36,8142
45,97983 39,43443 36,64653
44,96258 39,71417 37,06217
46,18327 39,94306 36,94931
46,79363 39,51549 37,13687
46,59015 40,21487 37,48021
45,5729 40,06543 37,12257
48,21777 40,74257 38,29002
49,235 40,28004 37,65029
47,20051 40,82521 38,0405
49,43847 40,45803 37,52789
46,79362 41,04298 38,42594
47,40398 41,21939 38,79071
47,81087 41,64855 39,19602
50,86262 41,3386 38,80976
48,01434 41,97123 39,59418
46,59018 41,96961 39,83578
51,47297 42,03957 39,37643
49,03157 42,57677 39,5608
51,47297 42,51163 40,22757
51,47298 42,9074 40,02414
47,60742 42,76435 40,48983
48,42122 42,45914 40,06068
48,42123 43,15853 40,53355
48,62467 43,54317 41,01831
52,49025 43,53206 40,5685
49,43847 43,38581 40,77748
52,49025 43,5686 41,29806
52,28678 43,65444 40,93011
50,45574 43,19191 40,64798
49,43846 44,12014 41,34098
51,26955 43,84995 41,33384
51,06609 44,25206 41,5937
51,26952 43,93101 41,63106
50,65916 44,13606 41,67636
51,67641 44,40308 41,76617
51,8799 44,49208 41,86153
51,26952 44,78932 42,36778
49,23501 44,03114 41,50072
49,03157 43,9151 41,7304
50,25226 44,50004 42,12539
48,82814 44,1869 41,86074
49,43848 44,66374 42,24779
50,86264 44,19965 41,5858
52,28678 44,69872 42,2923
53,71095 44,66058 42,28035
52,49023 44,73051 42,22711
50,04883 44,75276 42,32247
51,87988 45,19463 42,21996
55,1351 45,10561 42,58234
51,26952 44,88152 42,44248
53,71095 44,93396 42,88516
51,67643 45,16126 42,456
50,25228 45,34402 42,59269
49,43846 45,05157 42,73415
50,45572 45,53796 42,92886
50,04884 45,54749 42,89229
50,65916 45,38377 42,72462
53,71091 45,19463 42,72937
49,84536 44,9117 42,73969
50,86263 45,30113 42,23427
51,26949 45,04522 42,83984
50,86263 45,10878 42,60142
52,49024 45,72549 42,63636
53,71095 45,60629 43,36117
51,87986 45,28364 42,97257
52,08332 45,5427 43,14342
52,08334 45,26932 42,98846
54,11784 45,77318 43,43431
50,86264 45,33609 42,91376
50,25229 45,46007 42,77628
50,86263 45,50139 43,18715
52,28678 45,6063 42,51878
53,30407 45,84948 43,50821
51,473 45,55543 43,26183
50,45573 45,78431 43,37947
53,50746 45,93214 43,21097
52,28678 45,37584 43,04329
49,64193 45,68099 42,998
50,86264 45,92896 43,63217
52,69369 45,63014 43,18872
53,10055 46,02116 43,37153
53,30403 45,62856 43,12834
