0,2441406 0,009536744 0,004768372
0,1220703 0,01335144 0,006675721
0,2441406 0,009536744 0,004768372
0,1220703 0,001907349 0,0009536744
0,1220703 0,007629395 0,003814697
0,1220703 0,003814697 0,001907349
0,1220703 0,01335144 0,006675721
0,2441406 0,01144409 0,005722046
0,1220703 0,001907349 0,0009536744
0,1220703 0,007629395 0,003814697
0,1220703 0,003814697 0,001907349
0,1220703 0,007629395 0,003814697
0,1220703 0,007629395 0,003814697
0,2441406 0,009536744 0,004768372
0,2441406 0,007629395 0,003814697
0,1220703 0,003814697 0,001907349
0,1220703 0,01144409 0,005722046
0,2441406 0,01716614 0,00858307
0,1220703 0,003814697 0,001907349
0,1220703 0,007629395 0,003814697
0,1220703 0,007629395 0,003814697
0,2441406 0,009536744 0,004768372
0,1220703 0,005722046 0,002861023
0,2441406 0,01144409 0,005722046
0,2441406 0,01716614 0,00858307
0,1220703 0,003814697 0,001907349
0,2441406 0,01525879 0,007629395
0,1220703 0,01144409 0,005722046
0,3662109 0,01525879 0,007629395
0,3662109 0,01716614 0,008583069
0,1220703 0,01716614 0,00858307
0,1220703 0,007629395 0,003814697
0,1220703 0,005722046 0,002861023
0,2441406 0,01335144 0,006675721
0,2441406 0,01907349 0,009536744
0,2441406 0,01525879 0,007629395
0,1220703 0,01525879 0,007629395
0,2441406 0,01335144 0,006675721
0,3662109 0,01144409 0,005722046
0,2441406 0,02098084 0,01049042
0,2441406 0,01525879 0,007629395
0,3662109 0,02479553 0,01239777
0,3662109 0,009536743 0,004768372
0,1220703 0,01335144 0,006675721
0,2441406 0,01335144 0,006675721
0,1220703 0,005722046 0,002861023
0,2441406 0,009536744 0,004768372
0,1220703 0,003814697 0,001907349
0,2441406 0,01144409 0,005722046
0,2441406 0,01907349 0,009536744
0,3662109 0,02098083 0,01049042
0,1220703 0,01335144 0,006675721
0,1220703 0,009536744 0,004768372
0,1220703 0,007629395 0,003814697
0,2441406 0,01335144 0,006675721
0,2441406 0,005722046 0,002861023
0,2441406 0,02288819 0,01144409
0,1220703 0,001907349 0,0009536744
0,1220703 0,009536744 0,004768372
0,2441406 0,01335144 0,006675721
0,1220703 0,007629395 0,003814697
0,2441406 0,02098084 0,01049042
0,3662109 0,01525879 0,007629395
0,2441406 0,01525879 0,007629395
0,2441406 0,01716614 0,00858307
0,1220703 0,005722046 0,002861023
0,1220703 0,01335144 0,006675721
0,1220703 0,007629395 0,003814697
0,1220703 0,005722046 0,002861023
0,2441406 0,01907349 0,009536744
0,1220703 0,003814697 0,001907349
0,1220703 0,01525879 0,007629395
0,1220703 0,007629395 0,003814697
0,2441406 0,01144409 0,005722046
0,1220703 0,007629395 0,003814697
0,2441406 0,01335144 0,006675721
0,1220703 0,01144409 0,005722046
0,1220703 0,001907349 0,0009536744
0,2441406 0,02670288 0,01335144
0,2441406 0,01144409 0,005722046
0,2441406 0,01716614 0,00858307
0,1220703 0,005722046 0,002861023
0,2441406 0,01716614 0,00858307
0,3662109 0,01335144 0,00667572
0,1220703 0,003814697 0,001907349
0,2441406 0,01335144 0,006675721
0,3662109 0,01144409 0,005722046
0,1220703 0,001907349 0,0009536744
0,2441406 0,01907349 0,009536744
0,2441406 0,01335144 0,006675721
0,2441406 0,01335144 0,006675721
0,1220703 0,009536744 0,004768372
0,1220703 0,01335144 0,006675721
0,2441406 0,01144409 0,005722046
0,2441406 0,01716614 0,00858307
0,2441406 0,01144409 0,005722046
0,1220703 0,007629395 0,003814697
0,1220703 0,01144409 0,005722046
0,3662109 0,01144409 0,005722046
0,3662109 0,01335144 0,00667572
0,2441406 0,01335144 0,006675721
0,1220703 0,009536744 0,004768372
0,1220703 0,003814697 0,001907349
0,2441406 0,01907349 0,009536744
0,1220703 0,01144409 0,005722046
0,2441406 0,01144409 0,005722046
0,2441406 0,02288819 0,01144409
0,3662109 0,01335144 0,00667572
0,2441406 0,01716614 0,00858307
0,2441406 0,01144409 0,005722046
0,4882813 0,02288819 0,01144409
0,1220703 0,01335144 0,006675721
0,3662109 0,01525879 0,007629395
0,2441406 0,007629395 0,003814697
0,2441406 0,01144409 0,005722046
0,3662109 0,01716614 0,008583069
0,2441406 0,009536744 0,004768372
0,2441406 0,01716614 0,00858307
0,1220703 0,009536744 0,004768372
0,2441406 0,009536744 0,004768372
0,1220703 0,01716614 0,00858307
0,2441406 0,02098084 0,01049042
0,2441406 0,01335144 0,006675721
0,1220703 0,01907349 0,009536744
0,2441406 0,01335144 0,006675721
0,4882813 0,01525879 0,007629395
0,1220703 0,007629395 0,003814697
0,1220703 0,01525879 0,007629395
0,3662109 0,01335144 0,00667572
0,1220703 0,001907349 0,0009536744
0,2441406 0,01525879 0,007629395
0,2441406 0,01335144 0,006675721
0,3662109 0,01525879 0,007629395
0,2441406 0,01335144 0,006675721
0,3662109 0,02479553 0,01239777
0,3662109 0,02288818 0,01144409
0,2441406 0,01716614 0,00858307
0,2441406 0,02098084 0,01049042
0,2441406 0,01716614 0,00858307
0,3662109 0,02479553 0,01239777
0,3662109 0,02098083 0,01049042
0,2441406 0,02098084 0,01049042
0,3662109 0,03242493 0,01621246
0,2441406 0,02861023 0,01430512
0,2441406 0,02670288 0,01335144
0,2441406 0,01907349 0,009536744
0,3662109 0,02670288 0,01335144
0,2441406 0,02288819 0,01144409
0,2441406 0,02098084 0,01049042
0,6103516 0,03051758 0,01525879
0,2441406 0,03242493 0,01621247
0,3662109 0,02670288 0,01335144
0,2441406 0,01907349 0,009536744
0,3662109 0,03623962 0,01811981
0,3662109 0,02861023 0,01430511
0,3662109 0,03623962 0,01811981
0,3662109 0,03623962 0,01811981
0,6103516 0,02479553 0,01239777
0,3662109 0,03242493 0,01621246
0,3662109 0,02861023 0,01430511
0,3662109 0,03814697 0,01907349
0,3662109 0,05149841 0,02574921
0,3662109 0,04196167 0,02098083
0,3662109 0,04005432 0,02002716
0,4882813 0,04005433 0,02002716
0,3662109 0,0667572 0,0333786
0,4882813 0,0667572 0,0333786
0,3662109 0,07629395 0,03814697
0,4882813 0,09918213 0,04959106
0,4882813 0,07247926 0,03623963
0,7324219 0,1220703 0,06103516
0,7324219 0,1392365 0,06961823
0,4882813 0,1544952 0,07724762
0,7324219 0,1983643 0,09918213
1,220703 0,2422333 0,1268387
0,7324219 0,2231598 0,1144409
0,4882813 0,2326965 0,123024
0,4882813 0,2365112 0,120163
0,6103516 0,2441406 0,1344681
0,7324219 0,2822876 0,1544952
0,6103516 0,2727509 0,1544952
0,6103516 0,2651215 0,1411438
0,6103516 0,2422333 0,1344681
0,7324219 0,2632141 0,1487732
0,6103516 0,2536774 0,1373291
0,6103516 0,2441406 0,1354218
0,7324219 0,2822876 0,1516342
0,9765626 0,2822876 0,1506805
0,7324219 0,2555847 0,1478195
0,6103516 0,2708435 0,1497269
0,7324219 0,3013611 0,164032
0,9765626 0,3032684 0,1802444
0,6103516 0,2574921 0,1440048
0,4882813 0,2670288 0,1497269
0,7324219 0,2803802 0,1487732
0,6103516 0,3013611 0,1754761
0,7324219 0,2918243 0,164032
0,7324219 0,3166199 0,1726151
0,6103516 0,3242493 0,1935959
0,7324219 0,2937317 0,169754
0,7324219 0,3070831 0,1726151
0,7324219 0,3051758 0,1716614
0,6103516 0,333786 0,1964569
0,7324219 0,3204346 0,1783371
0,7324219 0,3509521 0,1993179
0,7324219 0,3528595 0,2002716
0,7324219 0,3929138 0,2222061
0,7324219 0,3414154 0,1926422
0,7324219 0,3414154 0,2012253
0,8544922 0,3585815 0,202179
0,8544922 0,3681183 0,2059937
0,8544922 0,3833771 0,2336502
1,098633 0,3890991 0,2222061
0,8544922 0,3604889 0,2059937
0,9765626 0,4043579 0,2231598
0,9765626 0,3757477 0,210762
0,8544922 0,3356934 0,1945496
0,7324219 0,328064 0,1840591
0,8544922 0,3623962 0,2031326
0,7324219 0,3700256 0,20504
0,9765626 0,3738403 0,2145767
0,8544922 0,3128052 0,1754761
0,8544922 0,3414154 0,1955032
0,9765626 0,3757477 0,2288818
0,8544922 0,3433228 0,1916885
0,6103516 0,3471375 0,1974106
0,8544922 0,3643036 0,2040863
0,8544922 0,3566742 0,2002716
0,7324219 0,3452301 0,1964569
0,8544922 0,3604889 0,20504
0,9765626 0,3986359 0,2365112
0,7324219 0,3795624 0,2241135
1,098633 0,3643036 0,2098083
0,8544922 0,3547668 0,2145767
0,7324219 0,3681183 0,2174377
0,7324219 0,377655 0,2288818
1,098633 0,4062653 0,2346039
0,7324219 0,3700256 0,2336502
1,220703 0,421524 0,2632141
1,464844 0,415802 0,25177
0,8544922 0,3986359 0,2365112
0,9765626 0,4329681 0,2584457
0,8544922 0,4653931 0,2574921
1,098633 0,5187988 0,3051758
1,098633 0,4673004 0,2746582
1,464844 0,4634857 0,2861023
1,342774 0,4844666 0,2985001
1,342774 0,4348755 0,2584457
0,8544922 0,4768372 0,2946854
0,9765626 0,4405975 0,2641678
0,8544922 0,421524 0,2584457
1,220703 0,4329681 0,2784729
1,342773 0,4634857 0,2908707
0,8544922 0,421524 0,2613068
1,220703 0,5054474 0,3290176
1,220703 0,4673004 0,3032684
1,464844 0,4730225 0,3042221
0,9765626 0,4234314 0,2622604
0,9765626 0,4692078 0,3099442
0,9765626 0,4653931 0,2889633
0,8544922 0,4711151 0,3080368
0,9765626 0,4863739 0,3242493
0,9765626 0,4920959 0,3213882
0,9765626 0,4768372 0,3232956
0,8544922 0,4882813 0,3356934
0,7324219 0,5073547 0,3452301
0,9765626 0,4997253 0,3452301
1,098633 0,5073547 0,3318787
1,098633 0,5207062 0,3519058
1,342774 0,5569458 0,3604889
1,098633 0,5683899 0,3995895
1,098633 0,5474091 0,374794
1,342773 0,5474091 0,3738403
1,220703 0,6008148 0,4234314
1,220703 0,5950928 0,4177094
1,342774 0,5817413 0,4062653
0,9765626 0,5626678 0,3929138
1,220703 0,6046295 0,4196167
1,831055 0,6370544 0,4425049
0,9765626 0,6637573 0,4453659
1,342774 0,6790161 0,4644394
1,342774 0,6809235 0,4720688
1,342774 0,6694794 0,4587173
1,220703 0,6999969 0,4758835
1,342774 0,6980896 0,4816055
1,220703 0,7019043 0,4873276
1,342774 0,831604 0,5702972
1,586914 0,8583069 0,6027222
3,417969 0,9593964 0,6523133
2,685547 0,9670258 0,6599426
3,295898 1,028061 0,7066727
2,929687 1,110077 0,7553101
5,126953 1,274109 0,828743
5,737304 1,491547 0,9593964
3,66211 1,489639 1,009941
4,02832 1,731873 1,122475
4,272461 1,649857 1,105309
4,394531 1,842499 1,226425
3,662109 2,037049 1,391411
6,469726 2,580643 1,746178
5,371093 2,74086 1,868248
5,371093 2,584457 1,821518
5,737304 3,078461 2,055168
6,713866 3,515244 2,501488
7,568359 3,564835 2,487183
7,690431 3,669739 2,544403
9,643556 4,396439 2,910614
9,399414 4,125595 2,76947
9,033203 4,806519 3,312111
11,71875 5,174637 3,557205
9,155272 5,233765 3,662109
10,74219 5,504608 3,659248
12,69532 5,973816 4,153252
12,45118 6,305695 4,38118
14,16016 6,944656 4,987717
15,13672 6,948471 4,828453
13,54981 7,858277 5,415916
16,72363 8,117676 5,496979
14,16015 8,115768 5,579948
15,38086 8,022308 5,418777
14,89258 8,401871 5,696297
17,94435 9,710312 6,690025
16,96778 9,613037 6,726265
19,53126 9,962082 7,056236
17,57813 10,56481 7,36332
19,7754 10,78034 7,575989
18,43262 10,85281 7,758141
23,0713 10,55336 6,868363
19,04298 12,81548 9,21154
21,48439 12,46834 8,678436
21,60645 12,99858 8,782387
23,31544 13,28468 9,427071
25,51271 12,72774 8,458138
20,26368 13,74436 10,08415
27,58792 13,45635 9,340287
22,70509 14,07051 10,4208
18,5547 14,21356 10,1471
24,29202 15,94544 10,86807
24,78028 16,08086 11,43551
24,04786 15,6765 11,22284
22,58302 15,56397 11,33919
21,48439 15,63835 11,56235
23,31544 16,03317 11,94763
23,31544 16,34216 12,11453
24,65821 16,27922 12,18224
21,36231 15,59258 11,29913
25,02442 17,07077 12,71248
24,53616 16,51383 11,62815
24,41408 16,61873 11,68251
30,27344 17,00211 12,74014
27,83205 17,39693 12,9652
27,46584 18,02445 13,09872
27,46584 17,93862 13,81397
24,53615 17,94243 13,73863
26,3672 18,27622 14,01997
25,63477 18,0111 13,1855
26,001 18,2724 13,3524
24,53615 17,53044 12,98237
24,29201 17,72881 12,79259
26,85549 18,30864 13,59844
26,001 17,79366 13,3152
25,63478 18,09121 13,5603
27,34378 18,90183 14,29558
26,8555 19,5427 14,65321
27,83204 19,43207 14,84966
26,48928 18,87322 14,31847
23,9258 17,50565 13,03005
26,24513 18,67485 14,32991
26,24513 19,08684 14,18114
26,24513 18,80265 13,81684
25,6348 19,88793 15,6622
31,98243 20,15496 15,25784
26,97755 19,96804 15,64121
28,07619 18,87703 14,11438
26,48928 19,66095 14,84013
29,29689 20,30755 16,01219
25,87892 19,73153 14,60934
26,61135 19,68003 15,8329
24,53615 20,46013 15,84721
25,75685 19,69147 14,83631
27,46585 20,73289 16,24489
28,56447 21,3089 16,94107
29,90723 20,8664 16,4814
28,4424 19,65714 15,67364
29,78517 20,61081 15,7938
26,73342 20,68902 15,93876
26,36721 20,62989 15,88249
26,48928 20,51163 15,94639
29,05275 20,75196 16,08563
27,70999 20,33615 15,14816
30,15138 20,9694 15,82051
28,80862 20,79201 16,51001
27,70998 21,34705 16,52813
28,68653 21,72852 17,21669
30,27345 21,70754 17,4923
30,76173 22,10808 18,18085
28,93068 21,19828 16,77227
28,93069 21,39664 16,77609
28,8086 20,77675 16,51573
28,0762 21,37566 16,63971
29,2969 22,22443 16,72268
26,73341 21,75332 17,01355
29,05275 22,58111 17,66873
29,17482 22,39228 16,96396
29,17481 22,21299 17,7536
30,63966 23,49091 17,8938
29,17482 22,39419 17,76791
32,59278 21,10291 16,3002
31,37208 22,22634 17,13562
32,71484 22,32552 17,47418
28,93067 23,31353 18,87989
31,25 22,02798 16,70361
29,66309 22,64214 18,14747
30,51759 22,80236 17,60292
28,19826 23,02361 18,02636
28,56447 22,68601 18,00251
35,88866 23,12661 17,99011
30,8838 23,05413 18,99052
29,05275 23,20672 18,27622
30,76172 22,94732 17,44271
27,83206 22,90154 18,47363
29,29688 23,0732 18,19039
29,54103 23,5138 18,74257
29,90724 24,22524 19,13929
28,44239 23,31162 18,29148
33,3252 24,5514 19,07063
32,71485 23,90481 18,08644
30,39552 24,67156 19,03725
32,83691 23,69118 18,8427
31,98242 23,66257 18,69393
29,17482 23,92579 18,87131
32,1045 24,05358 18,63575
32,4707 24,38927 19,16314
32,34863 24,24241 18,87513
30,51758 24,91188 19,69719
34,54589 23,96966 18,79979
32,71484 24,78218 19,10877
35,64452 24,85657 19,26708
31,73829 25,0969 19,31191
31,73829 24,7326 19,09542
32,95899 24,95385 19,87267
32,71485 24,69445 19,74869
30,63967 24,41216 18,76736
33,3252 25,1999 20,26749
31,98243 24,99962 19,39774
30,76172 25,36393 20,3743
30,3955 24,66584 19,03248
33,69141 24,90807 20,05577
33,08105 25,03395 20,03765
34,42382 24,00399 18,50701
32,47071 24,97483 19,43207
33,93554 25,36584 20,09964
33,44727 25,03205 20,03289
30,51758 24,86611 20,05005
31,73828 24,86802 19,56654
32,71485 25,93804 20,48111
35,52245 25,30099 18,20088
34,05762 25,26283 19,24706
33,56934 25,76447 19,93466
36,25488 25,46311 20,07771
38,94041 26,09826 20,87116
32,71486 24,95194 20,13111
32,95898 24,67347 19,60278
31,37208 25,52987 20,04624
34,05761 25,19227 19,90796
33,56934 25,30861 19,43398
32,59277 25,69962 20,63561
32,95898 24,85848 19,33575
34,79004 25,64049 20,02526
31,73829 25,6691 20,31136
34,05762 25,49553 19,413
37,59764 25,47837 19,77635
35,03416 26,07346 20,43534
35,64452 26,28327 20,71285
36,01074 25,52033 20,25319
32,4707 26,4206 20,49446
34,54588 26,02005 20,55645
33,44727 25,15793 19,36627
31,12794 25,62714 21,10386
33,08105 26,34621 21,00373
34,30175 27,25411 22,45617
30,51759 25,66529 19,94038
38,81834 26,51024 21,29364
32,47071 25,70153 20,26654
34,42382 26,14212 21,35658
33,93555 27,02141 22,05563
32,4707 26,64185 22,17293
34,17969 25,91706 19,33003
32,95898 25,60807 20,44201
33,08105 26,01624 21,11721
36,37694 27,14348 21,35277
33,56934 26,4225 21,15536
31,73829 27,15492 22,11857
32,71485 26,97182 22,17007
32,95898 26,37673 21,18111
35,03417 25,86937 20,4134
32,22655 25,92469 21,12103
32,95898 25,98381 20,9837
32,34864 26,07918 20,79392
36,49902 26,47782 20,68711
36,1328 26,74294 20,86639
33,56934 25,6157 19,37962
35,03417 26,20697 20,54692
35,15625 26,96991 21,54064
32,34864 25,49172 20,79583
33,20312 26,8364 21,3995
33,08105 26,35193 20,4258
35,40038 27,4334 22,32647
34,5459 25,59281 20,21599
33,81348 27,02141 21,9307
36,62108 27,28653 21,63315
32,34863 26,45684 21,43574
33,32518 26,40725 21,95645
33,6914 27,01378 21,08002
33,6914 25,93422 19,39106
32,71484 26,69144 21,73042
32,47071 26,04104 20,75291
34,05762 25,6691 20,45918
34,42382 26,93558 21,28697
33,3252 26,87645 21,74854
33,69139 27,37618 22,35413
31,61621 26,80016 21,25836
35,76659 27,62604 21,56449
34,54589 26,97373 21,94214
35,15625 27,24648 22,03846
36,62108 27,49062 22,2826
33,20312 27,2503 21,38329
35,27831 27,68135 21,73615
35,40039 26,55602 20,37239
34,66796 27,1492 22,05467
32,95898 27,07482 21,49391
34,42383 26,39199 20,82157
32,83691 27,49443 22,20154
35,64453 27,42386 21,82865
35,03417 27,23122 21,12293
35,15623 27,52877 22,34459
35,52246 26,9394 21,12484
33,44725 27,63939 22,05754
35,64452 27,21214 21,42716
36,49902 28,41187 22,95685
35,40038 27,65656 22,27592
33,20312 27,09389 21,63506
34,17968 27,19689 21,71898
32,71484 27,66609 21,85154
34,30175 27,4067 22,0623
34,66796 27,78626 21,98029
36,74315 27,81868 22,10713
33,56934 27,75383 23,07511
39,55075 28,32603 23,51189
36,62107 27,70043 22,45236
34,42383 28,17345 22,50576
36,37694 27,50206 22,36653
34,91211 27,65846 21,81149
