0,8138021 0,3178917 0,2400084
0,6103516 0,2702076 0,2193453
0,4069011 0,2733865 0,211398
0,8138021 0,3051759 0,2241137
0,6103516 0,2797444 0,2257032
0,8138021 0,3083548 0,2320611
0,6103516 0,3083549 0,2368295
0,8138021 0,3210706 0,2431873
0,6103516 0,3115338 0,2336505
0,6103516 0,298818 0,2225243
0,8138021 0,3083548 0,2336505
0,6103516 0,3051759 0,2320611
0,6103516 0,3242495 0,2479557
0,8138021 0,3210706 0,23524
0,8138021 0,301997 0,2336505
0,6103516 0,298818 0,2177559
0,6103516 0,3210706 0,2272927
0,8138021 0,2861023 0,2257032
0,6103516 0,2892812 0,2193453
0,6103516 0,3051759 0,2320611
0,8138021 0,3083548 0,2304716
0,6103516 0,3242495 0,2479557
0,6103516 0,3242495 0,2463663
0,8138021 0,3147127 0,23524
0,6103516 0,3083548 0,2336505
0,8138021 0,3147127 0,2368295
0,6103516 0,298818 0,2177559
0,6103516 0,3178917 0,2368295
0,6103516 0,298818 0,2304716
0,6103516 0,3083548 0,2400084
0,6103516 0,2892812 0,2177559
0,6103516 0,2956391 0,232061
0,6103516 0,3147127 0,2400084
0,6103516 0,3051759 0,2320611
0,6103516 0,301997 0,2225243
0,8138021 0,3178917 0,2384189
0,6103516 0,298818 0,2193453
0,6103516 0,2956391 0,2129875
0,8138021 0,2956391 0,2288821
0,6103516 0,346502 0,255903
0,6103516 0,346502 0,2654397
0,4069011 0,3115338 0,2304716
0,6103516 0,3623964 0,267029
0,8138021 0,3115338 0,2415978
0,6103516 0,3369652 0,2543135
0,6103516 0,298818 0,2257032
0,6103516 0,3401441 0,2590819
0,6103516 0,3337863 0,2463663
0,8138021 0,3655753 0,2654396
0,6103516 0,3560386 0,2654396
0,6103516 0,3401441 0,2511346
0,8138021 0,3655754 0,2638501
0,6103516 0,3782909 0,267029
0,6103516 0,3306074 0,2479557
0,6103516 0,3687542 0,2781551
0,8138021 0,3719331 0,281334
0,6103516 0,3242495 0,2463663
0,6103516 0,3496809 0,2638502
0,6103516 0,3433231 0,2606713
0,6103516 0,3878277 0,2876917
0,6103516 0,4037221 0,2956389
0,8138021 0,4005432 0,29246
0,6103516 0,4227955 0,3083544
0,8138021 0,4355112 0,3163016
1,017253 0,4291533 0,3147122
0,6103516 0,4196166 0,3019966
0,8138021 0,406901 0,3035861
0,8138021 0,4482268 0,3226594
0,8138021 0,4577634 0,3433221
1,017253 0,4831947 0,3496799
1,017253 0,4577635 0,3433221
1,424154 0,473658 0,3576273
0,8138021 0,4800158 0,3560377
0,8138021 0,4736579 0,3401431
0,8138021 0,4768369 0,3449115
0,8138021 0,4927314 0,3655746
1,220703 0,4800158 0,3798799
1,017253 0,508626 0,3910061
1,017253 0,4927314 0,3767009
0,8138021 0,505447 0,3846482
0,8138021 0,470479 0,3941852
1,220703 0,5340574 0,4100798
1,017253 0,5435942 0,4084903
1,220703 0,5753836 0,4418692
1,220703 0,6675722 0,4927319
1,220703 0,6993612 0,52929
1,220703 0,6834669 0,5261112
1,424154 0,7979077 0,6087618
3,051758 0,9346002 0,7025391
2,441406 1,093547 0,8185704
2,441406 1,185736 0,8916859
2,441406 1,360574 1,031558
3,051758 1,589457 1,203218
4,475912 1,850128 1,360576
5,289714 2,396902 1,740456
7,731118 2,772013 2,042453
6,306966 3,232957 2,382597
6,103515 3,932317 2,911885
7,731118 4,081726 3,096263
7,934568 4,74294 3,499984
10,37597 5,118051 3,762245
12,20703 5,369187 4,192987
9,765621 5,706151 4,428227
12,00358 6,357828 4,835129
16,27605 6,704332 5,079906
16,0726 7,28925 5,521775
16,8864 8,001327 6,203651
17,90365 8,099874 6,206831
16,27605 8,818307 6,783802
14,64844 9,352365 7,155737
17,90365 10,30604 7,774035
17,7002 11,97497 9,266534
23,60025 13,56443 10,43479
24,61751 14,836 11,63165
40,89355 15,58622 12,21339
28,48307 16,17432 12,79036
32,14517 17,20747 13,76788
33,36588 18,12617 14,56897
31,12792 20,12889 15,76582
38,24868 19,96677 16,40002
36,62107 21,73742 17,1868
34,58658 23,34912 18,34392
44,75912 24,13431 19,60118
35,60381 24,0771 19,76014
32,95899 24,0008 19,96677
43,94532 26,63612 21,79145
44,35223 27,30687 21,80894
52,08337 28,53711 22,96924
46,79361 30,43174 24,62704
45,36947 30,4222 25,18812
46,79362 31,2074 25,30574
59,20417 34,10021 28,40042
49,64193 35,04433 29,53687
53,71098 36,40491 30,14722
52,28681 38,43624 31,89721
63,88351 40,83314 33,76482
59,20414 41,65966 35,16514
60,01791 42,44168 35,11746
71,81808 41,99663 36,40811
57,57655 43,03296 35,7755
73,44579 46,75548 39,84769
62,45933 46,61242 39,47576
73,85265 49,84221 42,08565
72,63185 49,08245 41,60246
59,61103 47,96029 40,90628
65,30769 49,08881 42,33997
70,1905 49,06973 40,61699
75,48019 51,02478 40,60905
69,37669 50,35401 43,05522
84,43208 54,44211 44,41104
75,48021 55,29724 45,72711
79,54923 55,63739 46,90966
69,37664 55,24955 47,01299
78,12511 56,59107 47,87607
78,53201 58,30768 48,32585
87,8907 60,23728 50,04884
86,67001 60,63783 50,4796
90,33207 63,64509 52,08973
97,04581 64,36671 53,24049
102,132 66,04519 55,60719
102,7425 64,82129 53,92078
88,70447 66,5856 55,78361
97,45277 69,34489 57,10128
101,3183 69,16052 56,30337
101,1149 71,77995 60,14669
100,708 72,12963 59,61898
118,6116 76,68503 63,30019
103,3528 73,76994 61,65349
109,2529 80,8017 66,80332
116,3736 81,70768 66,53153
113,5253 83,01102 66,49814
108,2356 78,94205 65,55563
125,122 82,57234 66,59193
121,6633 84,36206 68,86327
131,2254 83,70084 68,85214
143,4325 90,0428 74,32467
112,9149 87,51558 72,29331
126,3427 89,45148 73,17545
149,1291 91,10455 74,76173
149,3324 91,4669 75,37051
123,4943 90,5641 75,54375
141,6015 94,16899 77,80237
141,398 93,64762 76,61659
176,7985 94,08634 77,94065
138,7531 95,08448 76,6786
167,2361 101,2547 81,85702
147,298 104,9391 85,4174
190,6331 109,6026 88,884
163,7774 110,6357 87,52344
181,071 119,0089 94,85561
171,1018 118,6529 93,99891
167,2363 120,4363 96,53243
178,2226 119,8291 96,05247
183,7157 124,6865 96,85673
167,0329 125,4653 101,4169
169,0674 124,7914 98,31744
193,4814 125,2778 100,7843
179,4433 123,9045 102,4468
219,1163 122,4517 95,80923
194,7021 131,1651 105,4223
178,4261 131,4512 106,643
186,971 123,6438 100,3901
196,7365 132,2428 107,487
178,6295 129,8109 104,7356
194,2953 133,5843 104,742
174,764 131,0602 105,7593
174,5605 124,6611 100,2121
184,733 132,5066 105,4366
187,1745 135,3708 110,0762
199,7885 128,1197 99,64147
177,6122 134,2836 105,1203
173,7467 137,1923 112,2458
192,6676 138,8708 111,0251
185,14 134,1151 110,3464
189,8194 139,5384 111,9613
176,1881 132,3667 107,4425
215,8611 150,0733 120,3648
182,6987 138,3717 114,2374
203,4504 144,472 115,7045
222,5749 144,1415 115,7426
205,2816 138,8644 111,5958
206,9092 139,7068 113,8035
200,8056 147,3554 116,9793
197,1437 138,0156 112,3062
186,5641 139,7577 111,5703
200,1953 138,5529 108,3644
