0,6103516 0,2861023 0,2161664
0,6103516 0,3178917 0,2320611
0,6103516 0,3051759 0,2161664
0,6103516 0,3210706 0,2415979
0,6103516 0,2670287 0,2098085
0,6103516 0,2829233 0,2177559
0,6103516 0,2511341 0,1955034
0,6103516 0,2670287 0,1939139
0,6103516 0,2861023 0,2161664
0,6103516 0,3178917 0,2304716
0,8138021 0,3147127 0,2257032
0,6103516 0,2670287 0,1843771
0,6103516 0,2670287 0,2066296
0,6103516 0,2861023 0,2177559
0,6103516 0,2892812 0,2161664
0,8138021 0,298818 0,2336505
0,6103516 0,298818 0,2304716
0,6103516 0,3051759 0,2225243
0,6103516 0,3178917 0,2225243
0,6103516 0,2861023 0,2177559
0,6103516 0,2829233 0,2209348
0,6103516 0,2956391 0,214577
0,6103516 0,2702076 0,2018612
0,6103516 0,2892812 0,2193453
0,6103516 0,2733865 0,2177558
0,6103516 0,2956391 0,2161664
0,8138021 0,2892812 0,2129875
0,6103516 0,301997 0,2241137
0,6103516 0,2892812 0,211398
0,6103516 0,2956391 0,2161664
0,6103516 0,298818 0,2098086
0,8138021 0,2702076 0,2066296
0,6103516 0,2861023 0,2161664
0,6103516 0,2956391 0,232061
0,8138021 0,3115338 0,2272927
0,6103516 0,2861023 0,2225242
0,6103516 0,2924601 0,2145769
0,6103516 0,2924601 0,2193453
0,6103516 0,3083548 0,2304716
0,8138021 0,2670287 0,2098085
0,4069011 0,2956391 0,2209348
0,6103516 0,2956391 0,2241137
0,6103516 0,2924601 0,2241137
0,6103516 0,3242495 0,2415979
0,6103516 0,2892812 0,2129875
0,8138021 0,3210706 0,2431873
0,8138021 0,2861023 0,2225242
0,4069011 0,2638497 0,2082191
0,6103516 0,2765655 0,2082191
0,6103516 0,3083549 0,2336505
0,8138021 0,298818 0,2272927
0,8138021 0,3019969 0,2257032
0,6103516 0,2702076 0,2050401
0,8138021 0,298818 0,2257032
0,6103516 0,3655753 0,2574923
0,6103516 0,298818 0,23524
0,8138021 0,2797444 0,2161664
0,6103516 0,2956391 0,2257032
0,6103516 0,3178917 0,2415979
0,6103516 0,2924602 0,2225243
0,6103516 0,3019969 0,232061
0,8138021 0,3306074 0,255903
0,6103516 0,2829233 0,2145769
0,6103516 0,2956391 0,2257032
0,6103516 0,3306074 0,2447768
0,6103516 0,2638497 0,2018612
0,6103516 0,2797444 0,2145769
0,6103516 0,2829233 0,2193453
0,6103516 0,2892812 0,2209348
0,8138021 0,2892812 0,2304716
0,6103516 0,3115338 0,2431873
0,6103516 0,2956391 0,2288821
0,6103516 0,2956391 0,232061
0,6103516 0,3019969 0,2336505
0,8138021 0,2892812 0,2272926
0,6103516 0,2956391 0,2288821
0,6103516 0,2861023 0,2209348
0,4069011 0,3147127 0,2447768
0,6103516 0,3051759 0,2241137
0,6103516 0,2797444 0,2209348
0,6103516 0,3051759 0,2384189
0,6103516 0,3178917 0,2447768
0,6103516 0,2956391 0,23524
0,6103516 0,3210706 0,2479557
0,6103516 0,3051759 0,2431873
0,8138021 0,3051759 0,2288821
0,8138021 0,3210706 0,2463662
0,8138021 0,3115338 0,2257032
0,6103516 0,3274285 0,2431874
0,6103516 0,3210706 0,2431873
0,8138021 0,2924601 0,2225242
0,6103516 0,2956391 0,2304716
0,6103516 0,2924601 0,2368294
0,6103516 0,3147127 0,2384189
0,8138021 0,2924601 0,2288821
0,6103516 0,3115337 0,2384189
0,8138021 0,3465019 0,2590818
0,6103516 0,298818 0,232061
0,8138021 0,3019969 0,2447767
0,6103516 0,301997 0,2368294
0,6103516 0,3083549 0,2415978
0,8138021 0,2892812 0,2193453
0,6103516 0,3528598 0,2590818
0,8138021 0,3147127 0,2336505
0,6103516 0,2956391 0,23524
0,8138021 0,3019969 0,2304716
0,6103516 0,3274285 0,2463663
0,6103516 0,3115337 0,2368294
0,6103516 0,343323 0,2495452
0,4069011 0,2829233 0,2177559
0,6103516 0,3115337 0,2463662
0,6103516 0,3083548 0,2368294
0,6103516 0,2924601 0,2225243
0,6103516 0,3115338 0,2320611
0,6103516 0,3496809 0,2543135
0,6103516 0,2892812 0,2257032
0,6103516 0,3274285 0,2543136
0,6103516 0,2956391 0,2225243
0,6103516 0,2956391 0,2400084
0,8138021 0,3242495 0,2368295
0,6103516 0,2956391 0,2272927
0,6103516 0,3274285 0,2415979
0,8138021 0,3369652 0,2527241
0,6103516 0,3147127 0,2447768
0,8138021 0,3433231 0,2590819
0,6103516 0,3115338 0,2400084
0,6103516 0,3306074 0,2400084
0,6103516 0,3178917 0,2447768
0,8138021 0,3306074 0,2479557
0,6103516 0,3115338 0,2384189
0,6103516 0,3083549 0,23524
0,8138021 0,3147127 0,2400084
0,6103516 0,3115338 0,2320611
0,6103516 0,3401441 0,2590819
0,6103516 0,3115337 0,2400084
0,8138021 0,3083548 0,2415978
0,6103516 0,3147127 0,2368295
0,6103516 0,3083549 0,2368295
0,6103516 0,3274285 0,2479557
0,8138021 0,3147127 0,2336505
0,8138021 0,3147127 0,2320611
0,6103516 0,3623964 0,267029
0,6103516 0,3210706 0,2447768
0,6103516 0,3401442 0,255903
0,6103516 0,3306074 0,2511347
0,8138021 0,3528598 0,270208
0,6103516 0,3115338 0,2209348
0,6103516 0,3306074 0,2543136
0,8138021 0,3178917 0,2479557
0,6103516 0,3465019 0,2527241
0,6103516 0,3369653 0,2590819
0,6103516 0,3210706 0,2447768
0,6103516 0,3210706 0,2463663
0,8138021 0,3528597 0,2606713
0,6103516 0,3147127 0,2431873
0,8138021 0,3115338 0,2495452
0,8138021 0,3178917 0,2479557
0,6103516 0,3369653 0,2543136
0,6103516 0,3210706 0,2400084
0,6103516 0,3242495 0,2495452
0,6103516 0,3401441 0,2543135
0,6103516 0,3306074 0,2511346
0,8138021 0,343323 0,2606713
0,6103516 0,3401442 0,2622608
0,6103516 0,3401442 0,2590819
0,6103516 0,3083549 0,2384189
0,8138021 0,3242495 0,2479557
0,6103516 0,3083549 0,2415978
0,8138021 0,3115337 0,2463662
1,017253 0,3083548 0,2415978
0,6103516 0,3337863 0,2495452
0,8138021 0,3083549 0,2400084
0,6103516 0,3178916 0,2447768
0,6103516 0,3592176 0,2574924
0,6103516 0,3083549 0,2304716
0,6103516 0,3337863 0,2574925
0,6103516 0,3306074 0,238419
0,6103516 0,3369653 0,255903
0,6103516 0,3210706 0,2511346
0,6103516 0,3465019 0,2574924
0,6103516 0,298818 0,2368294
0,8138021 0,3401442 0,2511347
0,8138021 0,346502 0,2622608
0,6103516 0,3210706 0,2415979
0,6103516 0,3465019 0,2543135
0,8138021 0,3369653 0,2543136
0,6103516 0,3051759 0,2336505
0,6103516 0,3242495 0,2495452
0,6103516 0,3337863 0,238419
0,8138021 0,3528597 0,2590818
0,8138021 0,3496808 0,2590818
0,6103516 0,3306074 0,2495452
0,6103516 0,3401442 0,2590819
0,6103516 0,3178917 0,2447768
0,6103516 0,343323 0,2543135
0,8138021 0,3369653 0,2574925
0,6103516 0,3242495 0,238419
0,6103516 0,3306074 0,2543136
0,6103516 0,3178917 0,2463662
0,6103516 0,3528597 0,2590818
0,6103516 0,3210706 0,2527241
0,6103516 0,3369653 0,2543136
0,6103516 0,3083548 0,2336505
0,8138021 0,3337863 0,2574925
0,6103516 0,3401441 0,2574924
0,6103516 0,3337863 0,2590819
0,8138021 0,3401442 0,2574925
0,6103516 0,3465019 0,2622607
1,017253 0,3687543 0,2686185
0,8138021 0,3306074 0,255903
0,4069011 0,3210706 0,2511346
0,6103516 0,3178917 0,2447768
0,6103516 0,3401441 0,2590819
0,6103516 0,3178917 0,2431873
0,6103516 0,3274285 0,2543135
0,6103516 0,3369653 0,2479557
0,8138021 0,3592176 0,2702079
0,6103516 0,3306074 0,2495452
0,6103516 0,3496808 0,2686185
0,6103516 0,3178917 0,2463663
0,8138021 0,3433231 0,2606713
0,6103516 0,3147127 0,2431873
0,6103516 0,3210706 0,2479557
0,8138021 0,3306074 0,2527241
0,8138021 0,3051759 0,2431873
0,6103516 0,3623964 0,2654396
0,6103516 0,3592175 0,2590818
0,6103516 0,343323 0,2606713
0,6103516 0,3178917 0,2527241
0,6103516 0,3147127 0,2431873
0,6103516 0,3274285 0,2590819
0,6103516 0,3433231 0,2590819
0,6103516 0,3178917 0,2479557
0,6103516 0,3623964 0,2717974
1,220703 0,3719332 0,2686185
0,6103516 0,3465019 0,2686185
0,6103516 0,3210706 0,2495452
0,6103516 0,3051759 0,2415978
0,8138021 0,3147127 0,2400084
0,6103516 0,3560386 0,2638502
0,8138021 0,3369653 0,2543136
0,6103516 0,3337863 0,2622608
0,8138021 0,3210706 0,2574924
0,6103516 0,3147127 0,2368295
1,017253 0,3496808 0,2590818
0,6103516 0,3210706 0,2447768
0,8138021 0,3274285 0,255903
0,8138021 0,3115337 0,2400084
0,8138021 0,3433231 0,2622608
0,8138021 0,3496808 0,2574924
0,6103516 0,3401442 0,2527241
0,6103516 0,2829233 0,2241137
0,6103516 0,3337863 0,2543136
0,6103516 0,3306074 0,2543136
0,8138021 0,3369653 0,2527241
0,6103516 0,3306074 0,2527241
0,6103516 0,3528597 0,2638502
0,6103516 0,3147127 0,2463662
0,8138021 0,3147127 0,2479557
0,6103516 0,3274285 0,255903
0,8138021 0,3655753 0,2733868
0,6103516 0,3306074 0,2511347
1,017253 0,3528598 0,2638502
0,8138021 0,346502 0,2622608
0,6103516 0,3560387 0,2702079
0,6103516 0,346502 0,2638502
0,8138021 0,3274285 0,2527241
1,017253 0,3878277 0,2861023
0,6103516 0,2956391 0,2288821
0,8138021 0,3306074 0,2527241
0,6103516 0,3560386 0,2686185
0,6103516 0,343323 0,2654396
0,6103516 0,3242495 0,2511346
0,6103516 0,3178917 0,2495452
0,6103516 0,3528597 0,2638502
0,8138021 0,3306074 0,2574925
0,6103516 0,343323 0,2606713
0,6103516 0,3401442 0,2590819
0,8138021 0,3337863 0,2511347
0,6103516 0,3274285 0,2495452
0,8138021 0,346502 0,2638502
0,8138021 0,3528597 0,2717974
0,8138021 0,3242495 0,2447768
0,6103516 0,3687542 0,2749762
0,8138021 0,3687543 0,2749763
0,8138021 0,3560386 0,2702079
0,6103516 0,3083548 0,2384189
0,8138021 0,3496809 0,2622608
0,8138021 0,3592176 0,2654396
0,8138021 0,3242495 0,2495452
0,6103516 0,3623964 0,267029
0,6103516 0,3274285 0,2527241
0,6103516 0,3051759 0,2447768
0,6103516 0,3242495 0,2543135
0,6103516 0,3242495 0,2495452
0,8138021 0,3401442 0,2574925
0,8138021 0,3528598 0,2606713
0,6103516 0,3337863 0,2574925
0,6103516 0,3210706 0,255903
0,8138021 0,3337863 0,255903
0,6103516 0,3306074 0,2495452
0,6103516 0,3115338 0,2479557
0,6103516 0,3846487 0,2797445
1,017253 0,346502 0,255903
0,8138021 0,3719332 0,281334
0,6103516 0,3878276 0,2845128
0,6103516 0,3369653 0,2495452
0,8138021 0,3496809 0,2686186
0,6103516 0,3528598 0,2670291
0,8138021 0,3655754 0,2749763
0,6103516 0,346502 0,2622608
0,6103516 0,3337863 0,2606713
0,8138021 0,3719331 0,2749762
0,6103516 0,3433231 0,2574924
0,6103516 0,3623964 0,2686185
0,6103516 0,3401441 0,2606713
0,6103516 0,3242495 0,2543135
0,6103516 0,3528597 0,2686185
0,6103516 0,3496808 0,2654396
1,017253 0,3528597 0,2702079
0,8138021 0,4164377 0,3051755
0,8138021 0,3337863 0,2622608
0,6103516 0,3178917 0,2543135
0,8138021 0,3528598 0,2670291
0,8138021 0,375112 0,2829234
0,6103516 0,3401441 0,2543135
0,8138021 0,3369653 0,2543136
0,6103516 0,3719332 0,2861024
0,6103516 0,3528597 0,2765657
0,6103516 0,3560387 0,2702079
0,8138021 0,3496808 0,2622607
0,6103516 0,3369653 0,2670291
0,8138021 0,346502 0,2654397
0,6103516 0,3528597 0,2717974
1,017253 0,3910065 0,2924601
1,017253 0,3782909 0,281334
1,017253 0,3337863 0,2574925
0,8138021 0,378291 0,2845129
0,8138021 0,3846488 0,2829234
0,8138021 0,3941855 0,2924601
0,6103516 0,3687542 0,2781551
0,6103516 0,3592176 0,2654396
0,8138021 0,375112 0,281334
0,8138021 0,375112 0,2733867
0,8138021 0,375112 0,2781551
0,6103516 0,3623964 0,2797446
0,6103516 0,3910065 0,29246
0,6103516 0,3242495 0,255903
0,8138021 0,3592176 0,2749763
0,8138021 0,3496809 0,270208
0,8138021 0,3782909 0,2829234
0,6103516 0,3719331 0,2765656
0,6103516 0,3814698 0,2861023
0,8138021 0,3941854 0,2892812
0,8138021 0,3592176 0,2749763
0,6103516 0,4037222 0,2940495
0,8138021 0,3941855 0,2940495
0,6103516 0,406901 0,2940494
0,6103516 0,3782909 0,281334
0,8138021 0,3496809 0,2638502
0,6103516 0,4196166 0,3083544
0,6103516 0,3846487 0,2908706
1,017253 0,4196167 0,3051756
0,8138021 0,3719331 0,2845129
0,6103516 0,3655753 0,2781551
0,6103516 0,3560386 0,2781552
0,8138021 0,3941855 0,2892812
0,6103516 0,3465019 0,270208
0,8138021 0,3814698 0,2892812
0,6103516 0,3941853 0,2908705
0,8138021 0,4227955 0,3115333
0,6103516 0,3719331 0,2781551
0,6103516 0,3814698 0,2908706
0,8138021 0,4037221 0,2956389
1,017253 0,4005432 0,3004073
0,6103516 0,3623964 0,2781551
0,8138021 0,3623965 0,2733868
0,6103516 0,3973643 0,2972284
0,6103516 0,3814698 0,2892812
0,8138021 0,4037221 0,2972283
0,8138021 0,4037222 0,3004073
1,220703 0,406901 0,3004072
0,8138021 0,4323322 0,3115332
0,8138021 0,3941855 0,295639
0,6103516 0,4100799 0,3035861
0,6103516 0,3878276 0,2845128
0,8138021 0,4291532 0,3115332
0,8138021 0,4545845 0,3258382
0,8138021 0,4227955 0,3115333
0,6103516 0,4291533 0,3115332
0,8138021 0,3878276 0,2876917
0,6103516 0,4196166 0,3115333
0,8138021 0,4323322 0,3131227
0,6103516 0,4355111 0,3194804
1,017253 0,4545846 0,3242488
0,8138021 0,4227954 0,3131227
0,8138021 0,4482267 0,3369642
0,8138021 0,4577634 0,3465011
1,017253 0,473658 0,3480904
0,8138021 0,43869 0,3274276
1,017253 0,4863736 0,3592167
0,8138021 0,4673001 0,3544483
0,8138021 0,4800158 0,3608062
0,8138021 0,4736579 0,376701
0,8138021 0,4895525 0,3719326
0,8138021 0,470479 0,34968
1,017253 0,5213417 0,3925956
0,8138021 0,505447 0,3894166
0,8138021 0,5658469 0,4498166
1,017253 0,5499521 0,4466377
1,220703 0,559489 0,4450482
1,220703 0,5785626 0,4577639
1,424154 0,607173 0,4673007
1,424154 0,6612143 0,5102164
1,220703 0,6930033 0,559489
1,220703 0,705719 0,5483631
1,220703 0,747045 0,6214772
1,220703 0,7756553 0,6135301
1,424154 0,8010865 0,6421402
1,424154 0,8519489 0,6786976
1,831055 0,9536736 0,7247915
4,272461 1,071294 0,8138018
2,644857 1,185736 0,921886
6,510417 1,424153 1,041095
4,069011 1,602173 1,180967
4,272461 2,009074 1,49409
4,679363 2,330145 1,807213
4,272461 2,533594 1,913706
4,882813 2,727509 2,123515
6,103515 3,188451 2,473195
6,103515 3,86556 3,053347
6,713865 4,42187 3,404619
7,731118 4,742941 3,878277
7,93457 5,238853 4,339219
8,74837 5,556741 4,572869
8,341471 5,439121 4,645983
7,73112 6,103515 5,127589
10,57943 6,313325 5,24203
9,562175 6,53267 5,580583
10,17253 6,742477 5,733174
11,18978 7,314683 6,237031
9,969076 7,638932 6,567636
12,61393 8,017221 6,782214
11,39323 8,300147 7,044476
11,39323 8,598963 7,375082
11,59668 8,611678 7,483164
12,41048 9,091695 7,762909
11,39323 9,028114 7,796286
12,41048 9,177522 7,939337
11,18978 9,145736 7,891653
13,42773 9,578072 8,422535
12,81738 9,584429 8,354188
15,66569 9,737013 8,478166
13,63118 9,826025 8,527439
13,42774 10,0708 8,689561
13,83464 9,841918 8,370079
13,22429 9,857814 8,586249
13,63119 10,17253 8,807181
12,81738 10,33147 9,078979
12,61393 10,3728 9,164807
12,61393 10,30922 9,053546
13,22428 10,23928 9,217257
14,03809 10,60804 9,20137
13,02084 10,60486 9,27766
14,03809 10,54128 9,276073
14,03809 10,72565 9,579657
14,03809 10,84009 9,628932
13,22428 10,63983 9,425485
15,05534 10,82102 9,557407
12,61393 10,30922 9,120302
14,03808 10,4332 9,175934
15,66569 11,10395 9,872121
14,85189 11,27879 10,04378
13,42773 10,8242 9,68456
14,64844 11,6698 10,37121
14,85189 11,49178 10,28856
13,63119 11,38369 10,01676
19,53125 11,91457 10,6732
18,1071 11,82239 10,43956
27,26237 12,37552 10,80354
28,88997 13,21157 11,36779
35,19692 14,2924 11,92729
31,73828 16,31101 13,02878
31,33138 21,69292 16,01219
34,58658 23,93723 19,52807
37,028 26,54712 22,67202
37,02799 27,31641 23,31098
38,85904 28,14293 24,02147
36,82453 27,6947 23,6384
35,60384 28,6897 24,47287
46,18328 29,7006 25,06575
41,91083 29,00442 24,88295
41,70736 30,47944 26,18472
42,52114 31,63337 27,42768
46,18327 32,31684 27,68675
46,38671 33,1974 28,13974
45,16601 33,99214 29,78325
46,38671 33,42629 29,11568
45,16601 34,67878 30,20922
49,03158 35,23827 31,05323
45,77636 35,77868 31,3441
44,7591 35,28277 31,59046
50,45574 36,55116 31,43311
50,86263 36,57341 31,79391
50,25229 38,36631 33,99213
49,64194 37,14878 32,50757
54,32127 38,58884 33,42311
52,69368 37,79094 33,26098
54,93168 39,26278 34,1034
54,72818 38,45531 33,96352
48,01433 38,01663 32,81751
49,43848 37,97848 33,44218
48,21777 38,98938 34,67558
47,81084 38,94488 34,33227
54,11786 40,05116 35,18582
46,59016 39,23734 34,85838
52,49025 40,15923 34,79639
55,74545 40,56612 35,20488
53,10059 40,43579 35,56728
56,76269 40,47076 35,62132
52,28677 39,10382 34,08114
53,9144 40,21963 35,23032
49,64191 39,91127 35,26688
60,01792 39,90173 34,8727
51,67645 40,82362 36,1363
50,25228 39,97485 35,44649
51,0661 40,44533 35,07933
49,84541 40,42308 35,79935
54,72819 40,21009 35,53231
47,81087 40,49302 35,50052
51,06609 41,05885 36,06797
59,40753 40,63288 35,65311
51,26954 40,39129 35,66743
53,71094 41,37674 35,8963
50,25231 40,34996 35,86928
56,55926 39,98438 35,16515
57,57653 41,76777 36,54321
53,71094 40,12743 35,87723
54,11784 40,49937 35,40198
52,6937 41,03025 36,93104
51,67644 41,5357 37,09476
52,49024 41,19556 36,41288
52,89714 41,82179 36,35089
60,42483 43,07111 37,28072
54,11783 41,42125 37,05819
49,64194 41,89491 36,62109
55,54203 41,70736 36,5591
58,59376 42,19373 36,89131
53,91441 41,34179 36,82773
56,96615 42,20646 36,71963
57,98341 44,46983 39,45193
55,54199 43,90717 38,49506
57,77999 43,84995 39,25482
56,96614 43,46212 37,79253
57,77996 43,73232 38,28524
58,39032 43,69417 38,74143
54,52475 45,71915 40,17194
65,71455 45,94804 40,16083
58,59373 45,8018 40,71872
67,74908 47,14013 41,04616
57,57648 45,48391 40,02889
56,55924 46,40262 41,28457
65,51111 46,87628 40,92375
59,81448 48,7709 43,2809
61,44209 48,9839 43,47484
62,25586 47,65192 42,10154
63,68007 47,61061 41,98075
71,41118 48,93303 43,12516
60,83175 48,75183 42,34156
66,52834 49,86129 43,80704
62,25587 49,49889 43,63061
66,32491 48,69461 43,12674
68,56286 49,2096 43,32383
57,98342 47,191 41,49121
62,86621 49,83904 43,76253
65,30767 51,42847 44,7925
66,52838 50,31903 44,39512
63,88348 50,97708 44,43169
68,96974 49,9026 43,31271
67,54558 50,28726 44,1869
62,86627 49,89306 43,52729
75,48015 49,88353 42,78819
68,35938 50,15374 44,18373
67,95254 50,23639 43,20781
67,95253 50,2046 43,99777
65,71457 48,0493 42,27797
