0,6103516 0,3083549 0,2257032
0,6103516 0,2861023 0,2177559
0,6103516 0,2924601 0,2304716
0,6103516 0,2861023 0,2257032
0,6103516 0,2829233 0,2193453
0,6103516 0,2670287 0,2018612
0,6103516 0,298818 0,2241137
0,6103516 0,298818 0,2177559
0,6103516 0,3178917 0,2447768
0,6103516 0,2829233 0,2066296
0,4069011 0,2765655 0,2177558
0,6103516 0,295639 0,2161664
0,6103516 0,3083549 0,2225243
0,4069011 0,2924602 0,2257032
0,8138021 0,2765655 0,2098085
0,6103516 0,2861023 0,2209348
0,6103516 0,2956391 0,2241137
0,6103516 0,3401442 0,2431874
0,6103516 0,2956391 0,2225243
0,6103516 0,301997 0,214577
0,6103516 0,2924601 0,2241137
0,6103516 0,3115338 0,2320611
0,6103516 0,3274285 0,2415979
0,6103516 0,2733865 0,2066296
0,6103516 0,3115337 0,2384189
0,8138021 0,3051759 0,2320611
0,6103516 0,298818 0,2241137
0,6103516 0,2829233 0,2161664
0,6103516 0,298818 0,2098086
0,6103516 0,2733865 0,2018612
0,4069011 0,2829233 0,2209348
0,6103516 0,298818 0,2177559
0,6103516 0,3051759 0,2368294
0,6103516 0,2638497 0,2066296
0,6103516 0,2956391 0,214577
0,6103516 0,2956391 0,2241137
0,6103516 0,2924602 0,2257032
0,6103516 0,254313 0,1923244
0,6103516 0,301997 0,2241137
0,4069011 0,2670287 0,2177558
0,6103516 0,3147127 0,2320611
0,6103516 0,3051759 0,2320611
0,8138021 0,3051759 0,2225243
0,6103516 0,3115338 0,2272927
0,6103516 0,2702076 0,2145769
0,6103516 0,2765655 0,2193453
0,8138021 0,2956391 0,2161664
0,6103516 0,3051759 0,2304716
0,6103516 0,2797444 0,2098085
0,6103516 0,3051759 0,2225243
0,6103516 0,3115338 0,2320611
0,6103516 0,298818 0,2161664
0,8138021 0,2861023 0,1986823
0,6103516 0,3147127 0,23524
0,6103516 0,298818 0,2209348
1,017253 0,2861023 0,2193453
1,017253 0,2892812 0,2177559
0,6103516 0,2797444 0,2066296
0,6103516 0,298818 0,2209348
0,6103516 0,2988181 0,2288821
0,8138021 0,3051759 0,2272927
0,6103516 0,2892812 0,2288821
0,6103516 0,2765655 0,2082191
0,6103516 0,298818 0,2193453
0,6103516 0,3083549 0,23524
0,6103516 0,2861023 0,2209348
0,4069011 0,2733865 0,2082191
0,6103516 0,2924602 0,2257032
0,6103516 0,3178917 0,2304716
0,6103516 0,298818 0,2177559
0,6103516 0,2956391 0,214577
0,6103516 0,2702076 0,2034507
0,8138021 0,2797444 0,2050401
0,6103516 0,3115338 0,2257032
0,6103516 0,298818 0,2209348
0,6103516 0,3147127 0,2193454
0,6103516 0,2924601 0,2193453
0,6103516 0,3115338 0,2272927
0,6103516 0,2956391 0,23524
0,6103516 0,3115338 0,2257032
0,4069011 0,2924602 0,2272927
0,8138021 0,3210706 0,2336506
0,8138021 0,3306074 0,2479557
0,6103516 0,3019969 0,2161664
0,6103516 0,2892812 0,2209348
0,6103516 0,3369652 0,2511346
0,6103516 0,3178917 0,23524
0,6103516 0,3083549 0,2304716
0,6103516 0,3337863 0,2463663
0,6103516 0,2924601 0,2225243
1,017253 0,298818 0,2241137
0,4069011 0,2988181 0,2209348
0,6103516 0,2924601 0,2225243
0,6103516 0,2892812 0,2193453
0,6103516 0,2861023 0,2161664
0,8138021 0,3083549 0,2288821
0,6103516 0,2924601 0,2304716
0,6103516 0,301997 0,2272927
0,6103516 0,3178917 0,23524
0,6103516 0,2924602 0,2241137
0,6103516 0,2797444 0,2161664
0,6103516 0,3115337 0,2304716
0,6103516 0,3083549 0,2336505
0,6103516 0,2797444 0,2177558
0,6103516 0,301997 0,2320611
0,6103516 0,2956391 0,2193453
0,4069011 0,2892812 0,2304716
0,6103516 0,2861023 0,2082191
0,6103516 0,2861023 0,2177559
0,4069011 0,2765655 0,2082191
0,6103516 0,301997 0,2225243
0,6103516 0,3051759 0,2272927
0,6103516 0,3147127 0,23524
0,6103516 0,3147127 0,23524
0,4069011 0,2765655 0,2145769
0,6103516 0,2956391 0,2272927
0,6103516 0,3019969 0,2272927
0,6103516 0,2988181 0,23524
0,6103516 0,2956391 0,2288821
0,8138021 0,3337863 0,2431874
0,6103516 0,301997 0,2272927
0,6103516 0,3083548 0,2304716
0,8138021 0,3306074 0,238419
0,6103516 0,3242495 0,2431873
0,6103516 0,2956391 0,2241137
0,6103516 0,2924602 0,2209348
0,6103516 0,298818 0,2336505
0,6103516 0,3115338 0,2241138
0,6103516 0,2924601 0,2272926
0,4069011 0,2797444 0,2098085
0,8138021 0,2733865 0,1986823
0,6103516 0,2892812 0,2257032
0,8138021 0,3115338 0,2384189
0,6103516 0,2956391 0,2209348
0,6103516 0,2924602 0,2209348
0,6103516 0,2829233 0,2161664
0,6103516 0,2956391 0,2304716
0,6103516 0,3019969 0,2257032
0,6103516 0,301997 0,2304716
0,6103516 0,3051759 0,2368295
0,8138021 0,3051759 0,2288821
0,6103516 0,298818 0,2304716
0,6103516 0,3083548 0,23524
0,8138021 0,3051759 0,2193454
1,017253 0,3115337 0,2336505
0,8138021 0,3210706 0,2463662
0,8138021 0,2924601 0,2241137
0,6103516 0,3083549 0,2336505
0,6103516 0,2797444 0,2034507
0,6103516 0,3147127 0,2479557
0,6103516 0,301997 0,2368294
1,017253 0,3369652 0,2431873
0,8138021 0,3306074 0,255903
0,6103516 0,301997 0,2336505
0,6103516 0,2924602 0,2241137
0,6103516 0,298818 0,2288821
0,8138021 0,3178917 0,2415979
0,8138021 0,3083548 0,2415978
0,6103516 0,3083549 0,2304716
0,6103516 0,2956391 0,2257032
0,8138021 0,3337863 0,2527241
0,6103516 0,2924601 0,2177559
0,6103516 0,298818 0,232061
1,017253 0,3433231 0,2527241
0,6103516 0,3178917 0,2368295
0,8138021 0,3115338 0,2320611
0,6103516 0,3083549 0,2368295
0,6103516 0,3051759 0,214577
0,6103516 0,298818 0,2272927
0,8138021 0,298818 0,2257032
0,6103516 0,2924601 0,2241137
0,6103516 0,3051759 0,2272927
0,6103516 0,301997 0,2257032
0,6103516 0,2956391 0,2177559
0,6103516 0,2797444 0,2209348
0,6103516 0,3242495 0,2304716
0,6103516 0,2956391 0,2257032
0,6103516 0,301997 0,2225243
0,6103516 0,3274285 0,2431873
0,6103516 0,3083548 0,2415978
0,6103516 0,3242495 0,2447768
0,8138021 0,3242495 0,2447768
0,8138021 0,3306074 0,2511347
0,6103516 0,3051759 0,2336505
0,6103516 0,301997 0,2241137
0,6103516 0,3019969 0,2304716
0,6103516 0,3242495 0,2368295
0,6103516 0,301997 0,2304716
0,6103516 0,2956391 0,2272927
0,4069011 0,2733865 0,2098085
1,017253 0,2892812 0,2209348
0,6103516 0,2797444 0,2241137
0,6103516 0,2956391 0,2257032
0,4069011 0,2988181 0,2225243
0,6103516 0,3019969 0,2177559
0,6103516 0,3687542 0,2622606
0,8138021 0,3051759 0,2288821
0,6103516 0,3115338 0,2336505
0,8138021 0,2892812 0,2161664
0,6103516 0,3051759 0,2400084
0,6103516 0,3147127 0,2415979
0,8138021 0,3306074 0,2336506
0,6103516 0,3115338 0,2336505
0,6103516 0,2797444 0,2161664
0,6103516 0,3306074 0,2463663
0,6103516 0,3051759 0,2304716
0,8138021 0,2892812 0,2241137
0,6103516 0,2956391 0,2257032
0,6103516 0,301997 0,2320611
0,6103516 0,2892812 0,2193453
0,8138021 0,3210706 0,2336506
0,6103516 0,2829233 0,2145769
0,4069011 0,2988181 0,2241137
0,6103516 0,3083548 0,2384189
0,6103516 0,2702076 0,2034507
0,8138021 0,2670287 0,2193453
0,8138021 0,3147127 0,2463662
0,6103516 0,3210706 0,238419
0,6103516 0,301997 0,2320611
0,6103516 0,3210706 0,2415979
0,6103516 0,3083548 0,2304716
0,8138021 0,3051759 0,2336505
0,6103516 0,2956391 0,2257032
0,6103516 0,3115338 0,2368295
0,6103516 0,3337863 0,2479557
0,6103516 0,298818 0,2304716
0,8138021 0,3178917 0,2368295
0,8138021 0,3051759 0,2304716
0,6103516 0,301997 0,2288821
0,6103516 0,3274285 0,2479557
0,6103516 0,2956391 0,2288821
0,6103516 0,3051759 0,2320611
0,6103516 0,2861023 0,211398
0,6103516 0,2892812 0,2225243
0,6103516 0,3051759 0,2241137
0,8138021 0,3242495 0,2400084
0,8138021 0,2797444 0,2098085
0,8138021 0,301997 0,2161664
0,6103516 0,2956391 0,2161664
0,6103516 0,3051759 0,2193454
0,8138021 0,343323 0,2511346
0,6103516 0,3083548 0,2336505
0,6103516 0,2733865 0,2161664
0,6103516 0,2829233 0,2177559
0,6103516 0,2924601 0,2257032
0,8138021 0,3306074 0,2400084
0,8138021 0,2956391 0,2225243
0,6103516 0,2892812 0,2304716
0,4069011 0,2924602 0,2225243
0,6103516 0,2511341 0,1891455
0,6103516 0,2861023 0,2209348
0,6103516 0,3178917 0,2400084
0,8138021 0,3242495 0,2336506
0,6103516 0,2829233 0,2082191
0,6103516 0,2924601 0,2177559
0,6103516 0,3147127 0,2320611
0,6103516 0,3178917 0,2415979
0,6103516 0,3242495 0,2400084
0,6103516 0,3210706 0,2400084
0,6103516 0,3210706 0,2463662
0,6103516 0,3083549 0,23524
0,6103516 0,2861023 0,2225242
0,6103516 0,2956391 0,2272927
1,017253 0,2892812 0,2161664
0,6103516 0,2797444 0,2161664
0,6103516 0,3115338 0,2384189
0,6103516 0,298818 0,2288821
0,6103516 0,3019969 0,2288821
0,8138021 0,3242495 0,2415979
0,4069011 0,2956391 0,2225243
0,8138021 0,3147127 0,23524
0,6103516 0,3147127 0,2479557
0,6103516 0,2892812 0,2193453
0,6103516 0,3083548 0,2209348
0,6103516 0,3051759 0,2400084
0,6103516 0,301997 0,2177559
0,6103516 0,2956391 0,2288821
0,6103516 0,3147127 0,2320611
0,6103516 0,301997 0,2288821
0,6103516 0,2861023 0,2257032
0,8138021 0,298818 0,2336505
0,6103516 0,2861023 0,2209348
0,4069011 0,2924602 0,2272927
0,6103516 0,2956391 0,2257032
0,6103516 0,3115338 0,2272927
0,8138021 0,3051759 0,2304716
0,4069011 0,2892812 0,232061
0,6103516 0,2924601 0,2145769
0,6103516 0,2829233 0,2034507
0,6103516 0,2861023 0,2177559
0,8138021 0,3051759 0,2161664
0,6103516 0,2733865 0,2161664
0,6103516 0,3051759 0,2304716
0,4069011 0,2892812 0,2209348
0,6103516 0,3019969 0,2193453
0,8138021 0,3083548 0,2225243
0,8138021 0,2861023 0,2066296
1,017253 0,3210706 0,23524
0,6103516 0,2924601 0,2145769
0,6103516 0,3210706 0,2415979
0,6103516 0,3178917 0,23524
0,6103516 0,3210706 0,2415979
0,6103516 0,2956391 0,2209348
0,6103516 0,298818 0,2336505
0,6103516 0,298818 0,2241137
0,6103516 0,3083549 0,2304716
0,6103516 0,2829233 0,2177559
0,6103516 0,298818 0,2225243
0,8138021 0,3210706 0,2463662
0,6103516 0,3147127 0,2288822
0,6103516 0,3210706 0,2368295
0,6103516 0,3147127 0,2368295
0,6103516 0,3242495 0,2400084
0,6103516 0,2924602 0,2241137
0,8138021 0,3019969 0,2241137
0,6103516 0,3115338 0,2193454
0,6103516 0,3051759 0,2320611
0,4069011 0,2829233 0,2257032
0,6103516 0,3083549 0,2320611
0,6103516 0,301997 0,2257032
0,6103516 0,301997 0,2400084
0,6103516 0,3178917 0,2320611
0,6103516 0,3210706 0,2400084
0,6103516 0,3147127 0,2320611
0,6103516 0,298818 0,2241137
0,4069011 0,2988181 0,23524
0,6103516 0,298818 0,2209348
0,6103516 0,2829233 0,2050402
0,6103516 0,3019969 0,2209348
0,6103516 0,3115337 0,2272927
0,4069011 0,2765655 0,2161664
0,4069011 0,2797444 0,2129875
0,6103516 0,301997 0,2368294
0,8138021 0,298818 0,2225243
0,6103516 0,2829233 0,2257032
0,6103516 0,298818 0,2193453
0,6103516 0,2892812 0,2193453
0,6103516 0,2797444 0,2241137
1,017253 0,2892812 0,2257032
0,8138021 0,3051759 0,2304716
0,6103516 0,2702076 0,2018612
0,6103516 0,2861023 0,2177559
0,6103516 0,2733865 0,2034507
0,8138021 0,3401442 0,2527241
0,6103516 0,2861023 0,2193453
0,6103516 0,2670287 0,2193453
0,4069011 0,2574919 0,2050401
0,6103516 0,298818 0,2177559
0,6103516 0,2765655 0,2034507
0,4069011 0,2670287 0,2161664
0,6103516 0,3115338 0,2368295
0,8138021 0,2892812 0,2145769
0,8138021 0,3115337 0,2257032
1,017253 0,3242495 0,2384189
0,6103516 0,2924601 0,2177559
0,6103516 0,2892812 0,232061
0,8138021 0,3083549 0,2384189
0,8138021 0,2956391 0,2193453
0,6103516 0,2829233 0,1986823
0,4069011 0,3083549 0,2336505
0,8138021 0,3242495 0,2463662
0,6103516 0,2765655 0,2145769
0,4069011 0,2638497 0,2066296
0,6103516 0,301997 0,2257032
0,6103516 0,298818 0,2177559
0,6103516 0,3210706 0,2384189
0,6103516 0,3083549 0,2257032
0,6103516 0,2892812 0,2257032
0,6103516 0,3306074 0,2431874
0,6103516 0,3019969 0,2177559
0,6103516 0,3210706 0,2431873
0,6103516 0,2892812 0,2082191
0,6103516 0,301997 0,2288821
0,6103516 0,2797444 0,2129875
0,4069011 0,2861023 0,2161664
0,6103516 0,3051759 0,2304716
0,6103516 0,2892812 0,2272926
0,6103516 0,2956391 0,2225243
0,8138021 0,3019969 0,2384189
0,6103516 0,2956391 0,2129875
0,6103516 0,3083549 0,2304716
0,8138021 0,2956391 0,2288821
0,6103516 0,2702076 0,2034507
0,6103516 0,2797444 0,2098085
0,6103516 0,298818 0,2241137
0,6103516 0,3083548 0,2288821
0,6103516 0,2924601 0,2241137
0,6103516 0,2702076 0,2098085
0,6103516 0,2924601 0,2304716
0,6103516 0,2956391 0,2161664
0,6103516 0,3051759 0,2241138
0,6103516 0,298818 0,2304716
0,6103516 0,298818 0,2272927
0,6103516 0,2892812 0,2129875
0,8138021 0,3242495 0,2304716
0,6103516 0,2924601 0,2129875
0,4069011 0,301997 0,2320611
0,6103516 0,3210706 0,23524
0,6103516 0,3115338 0,2447768
0,8138021 0,2956391 0,2272926
0,6103516 0,3051759 0,2304716
0,6103516 0,3274285 0,2495452
0,6103516 0,3083549 0,2384189
0,4069011 0,2765655 0,2145769
0,6103516 0,2670287 0,2066296
0,8138021 0,3210706 0,2272927
0,6103516 0,3051759 0,2272927
0,6103516 0,3115337 0,2320611
0,6103516 0,3083548 0,2304716
0,6103516 0,298818 0,2288821
0,8138021 0,2829233 0,2145769
0,6103516 0,2797444 0,2098085
0,6103516 0,3147127 0,2304716
0,8138021 0,3242495 0,23524
0,8138021 0,3083548 0,2320611
0,6103516 0,3083549 0,2288821
0,8138021 0,3083549 0,2384189
0,4069011 0,2988181 0,2209348
0,6103516 0,2861023 0,2209348
0,6103516 0,301997 0,2225243
0,6103516 0,3178916 0,2368295
0,6103516 0,2765655 0,2193453
0,6103516 0,2956391 0,2304716
0,6103516 0,2861023 0,2257032
0,6103516 0,301997 0,2320611
0,6103516 0,3083549 0,2384189
0,6103516 0,2924601 0,211398
0,6103516 0,2861023 0,2257032
0,6103516 0,3115338 0,2304716
0,6103516 0,3178917 0,2415979
0,6103516 0,2956391 0,2225243
0,6103516 0,301997 0,2257032
0,6103516 0,3306074 0,2400084
0,6103516 0,3083549 0,2384189
0,6103516 0,3274285 0,2479557
0,6103516 0,3051759 0,2336505
0,6103516 0,2956391 0,2193453
0,6103516 0,3051759 0,2257032
0,6103516 0,298818 0,2272927
0,6103516 0,2924601 0,2145769
0,6103516 0,298818 0,2304716
0,6103516 0,2956391 0,2129875
0,6103516 0,2797444 0,2098085
0,6103516 0,301997 0,2368294
0,6103516 0,2892812 0,2193453
0,6103516 0,2988181 0,2193454
0,6103516 0,3051759 0,2177559
0,6103516 0,2797444 0,2288821
0,6103516 0,2606708 0,2082191
0,6103516 0,2733865 0,2082191
0,6103516 0,2924601 0,2272926
0,6103516 0,3306074 0,2495452
0,4069011 0,2892812 0,2257032
0,6103516 0,3051759 0,2177559
0,8138021 0,346502 0,2527241
0,6103516 0,2924602 0,2241137
0,6103516 0,3115337 0,2288821
0,6103516 0,3051759 0,2272927
0,4069011 0,2829233 0,2177559
0,6103516 0,3242495 0,2463663
0,6103516 0,3210706 0,2431873
0,6103516 0,3178917 0,23524
0,6103516 0,2924601 0,2304716
0,6103516 0,3242495 0,23524
0,6103516 0,3337863 0,2495452
0,6103516 0,2892812 0,2161664
0,8138021 0,3178917 0,2447768
0,6103516 0,301997 0,2288821
0,8138021 0,3083549 0,23524
0,6103516 0,3274285 0,2400084
0,8138021 0,3115338 0,23524
0,6103516 0,3115338 0,2304716
0,6103516 0,2797444 0,2098085
0,4069011 0,2797444 0,211398
0,6103516 0,3306074 0,2463663
0,6103516 0,3178917 0,23524
0,6103516 0,3178917 0,2447768
0,6103516 0,3178917 0,2415979
0,6103516 0,3210706 0,2495452
0,6103516 0,3369652 0,2543135
0,8138021 0,3147127 0,2415978
0,6103516 0,3115338 0,2336505
0,6103516 0,3369652 0,2511346
0,8138021 0,3401442 0,2495452
0,8138021 0,3051759 0,2272927
0,6103516 0,3178917 0,23524
0,8138021 0,3433231 0,2543135
0,6103516 0,3337863 0,2447768
0,6103516 0,3019969 0,2288821
0,6103516 0,3306074 0,2495452
0,6103516 0,3147127 0,23524
0,6103516 0,3242495 0,2495452
0,8138021 0,3655754 0,267029
0,6103516 0,3083549 0,2368295
0,6103516 0,2606708 0,1939139
0,8138021 0,3306074 0,2543136
0,6103516 0,298818 0,2336505
0,6103516 0,3147127 0,2431873
0,6103516 0,3337863 0,2463663
0,6103516 0,2733865 0,2209348
0,6103516 0,3147127 0,2384189
