0,6103516 0,3941854 0,2972288
1,017253 0,4259748 0,3107395
0,8138021 0,4307432 0,3163028
0,8138021 0,4275644 0,3186871
0,8138021 0,4609431 0,337761
1,017253 0,4625326 0,3568342
1,017253 0,4720694 0,3536555
1,017253 0,4704799 0,3528607
0,8138021 0,4545852 0,3480923
1,017253 0,4609431 0,3663707
1,017253 0,4800167 0,3687551
1,017253 0,4768378 0,3727286
1,220703 0,4975009 0,394186
1,017253 0,4975009 0,3902124
1,017253 0,4943219 0,3918018
1,220703 0,5070375 0,4053119
0,8138021 0,4847851 0,3806758
1,017253 0,4975009 0,3973648
1,220703 0,519753 0,4076961
1,627604 0,5102164 0,4092855
1,017253 0,5435945 0,427564
0,8138021 0,5086269 0,4116696
1,220703 0,5404157 0,4339217
1,220703 0,5483628 0,4402793
1,017253 0,5626678 0,4458424
1,220703 0,5817409 0,4609419
1,017253 0,5642571 0,4514053
1,220703 0,5483628 0,4394846
1,017253 0,5658466 0,4545842
1,220703 0,5928671 0,4657103
1,220703 0,6135299 0,4816046
1,017253 0,6024037 0,4760416
1,424154 0,6659824 0,5125987
1,220703 0,6612139 0,5157773
1,424154 0,6675719 0,519751
1,831055 0,7104874 0,5420039
1,424154 0,7295607 0,5769729
1,831055 0,7756549 0,6278368
1,424154 0,810623 0,6469102
1,424154 0,8376442 0,6659837
2,848307 0,9425496 0,7327411
10,78288 1,074473 0,832081
6,917317 1,214344 0,9250628
19,93816 1,543365 1,130898
18,10711 1,729329 1,281898
30,51756 2,539955 1,769861
79,34592 3,759067 2,458096
98,46997 5,351702 3,429254
88,09415 8,680032 5,329453
108,4389 13,51675 8,256438
173,5428 23,83232 13,93
128,7836 38,46167 22,24602
190,0228 58,87508 34,25837
192,0574 93,91455 57,00424
190,4298 111,9166 79,26775
192,2609 122,2687 93,29549
191,0401 120,0784 96,73106
191,4471 128,4785 102,4371
190,0228 124,6543 99,25267
192,0574 128,3275 100,2047
192,0574 133,5124 106,3766
192,0574 134,5216 106,1835
191,0401 135,2576 108,1107
191,0401 138,1742 111,892
191,6505 143,8199 118,7313
192,4643 142,2781 115,7996
192,2609 144,7306 119,1215
192,2609 149,3051 125,1098
192,2609 152,0469 128,2235
192,0574 146,9924 125,5492
192,0574 149,2796 128,7336
192,2609 151,2267 131,427
192,0574 149,0412 128,8282
192,0574 151,6543 132,6135
192,2609 151,3936 132,6207
192,2609 156,4512 137,1204
192,2609 155,9346 136,1739
192,2609 156,9249 139,425
192,0574 158,1058 141,9213
192,0574 155,5548 137,3191
192,2609 161,1926 140,7873
192,0574 157,5701 141,1035
192,2609 160,32 141,2855
192,2609 163,2255 144,42
192,2609 156,7532 142,5212
192,2609 160,4105 143,0832
192,2609 159,4902 143,1928
192,2609 158,856 141,8688
192,0574 160,2198 143,8843
192,2609 164,3938 146,8391
192,2609 165,2425 147,6345
192,2609 161,4548 143,3955
192,2609 163,0204 146,3678
192,0574 163,6849 146,3447
192,0574 161,7886 145,8234
192,2609 163,9217 147,4589
192,2609 163,7898 146,1374
192,2609 166,6636 150,0958
192,2609 167,9924 148,8911
192,2609 161,7377 145,987
192,4643 170,1175 151,1155
192,2609 168,8952 151,3452
192,2609 165,5239 148,0295
192,4643 166,8686 149,8073
192,2609 165,9881 147,9231
192,2609 166,6302 150,006
192,2609 166,6746 149,3448
192,2609 168,6297 150,5807
192,0574 167,0133 149,4267
192,2609 171,5831 152,6963
192,2609 168,7299 151,1918
192,4643 171,3971 153,0697
192,2609 169,3768 151,9031
192,2609 169,4166 152,1359
192,2609 168,226 151,1632
192,2609 166,3123 150,5608
192,4643 167,4042 149,2303
192,2609 168,7283 151,1441
192,2609 166,6222 150,2278
192,4643 168,2436 151,9142
192,2609 169,2608 151,6249
192,4643 172,9643 153,5855
192,2609 170,6167 151,8101
192,4643 171,4543 153,4226
192,2609 168,7649 151,6798
192,2609 168,3898 150,3724
192,2609 169,4769 151,5279
192,2609 169,078 151,6941
192,2609 171,6657 153,4036
192,2609 167,2008 150,4495
192,4643 164,6402 147,8245
192,2609 168,3024 150,4209
192,2609 173,4396 155,4214
192,2609 169,1813 152,1288
192,2609 169,9952 152,5603
192,4643 171,1953 152,7082
192,2609 168,5185 150,6839
192,2609 167,5139 151,2632
192,2609 169,8044 150,4455
192,2609 167,8636 151,8744
192,4643 173,217 154,3095
192,2609 170,9267 151,5399
192,2609 168,2738 150,266
192,2609 172,3333 152,1129
192,2609 172,9198 154,4343
192,4643 170,5626 152,9234
192,2609 174,0134 154,246
192,2609 166,9735 150,5838
192,2609 168,7013 150,432
192,2609 174,4458 154,9176
192,2609 172,6464 155,1384
192,2609 170,5086 153,0237
