0,6103516 0,2956391 0,214577
0,8138021 0,3083549 0,2336505
0,8138021 0,3115338 0,2272927
0,6103516 0,2702076 0,2002717
0,4069011 0,2861023 0,2129875
0,8138021 0,2892812 0,2177559
0,6103516 0,3210706 0,2304716
0,6103516 0,3051759 0,2241137
0,6103516 0,2765655 0,2050401
0,6103516 0,2670287 0,211398
0,4069011 0,2892812 0,2288821
0,6103516 0,3019969 0,2209348
0,6103516 0,2829233 0,2098085
0,8138021 0,2765654 0,2177558
0,6103516 0,298818 0,2241137
0,6103516 0,2861023 0,2129875
0,6103516 0,2924602 0,2161664
0,6103516 0,3210706 0,2336505
0,6103516 0,298818 0,2288821
0,6103516 0,2702076 0,2002717
0,6103516 0,3210706 0,2288822
0,6103516 0,301997 0,2272927
0,6103516 0,2861023 0,211398
0,8138021 0,2956391 0,2272926
0,6103516 0,2956391 0,2257032
0,6103516 0,2829233 0,2145769
0,6103516 0,3274285 0,2479557
0,6103516 0,2892812 0,2177559
0,8138021 0,3210706 0,2336506
0,6103516 0,2638497 0,2129874
0,8138021 0,2892812 0,2193453
0,6103516 0,3115337 0,2241137
0,6103516 0,2956391 0,2098086
0,6103516 0,2924601 0,2129875
0,8138021 0,2956391 0,2225243
0,6103516 0,301997 0,2304716
0,6103516 0,3210706 0,2431873
0,6103516 0,3115338 0,2320611
0,6103516 0,2892812 0,2209348
0,6103516 0,2956391 0,2225243
0,6103516 0,301997 0,2225243
0,6103516 0,2956391 0,2257032
0,6103516 0,2638497 0,2082191
0,6103516 0,3051759 0,23524
0,4069011 0,3210706 0,23524
0,6103516 0,3496808 0,2559029
0,6103516 0,3433231 0,255903
0,6103516 0,3083548 0,2400084
0,6103516 0,2924601 0,2257032
0,6103516 0,301997 0,2336505
0,6103516 0,3115338 0,2415978
0,8138021 0,2861023 0,2177559
0,6103516 0,3115338 0,2431873
0,6103516 0,3274285 0,2463663
0,6103516 0,3051759 0,2368294
0,6103516 0,2829233 0,2177559
0,6103516 0,3369653 0,238419
0,6103516 0,3083549 0,2272927
0,6103516 0,3019969 0,2193453
0,6103516 0,2956391 0,2098086
0,6103516 0,3178917 0,2400084
0,8138021 0,3147127 0,2320611
0,6103516 0,298818 0,2288821
0,6103516 0,2956391 0,2241137
0,6103516 0,3274285 0,2400084
0,6103516 0,3115337 0,2368294
0,6103516 0,2892812 0,2241137
0,6103516 0,2892812 0,2209348
0,8138021 0,2892812 0,2145769
0,6103516 0,3147127 0,2368295
0,6103516 0,298818 0,2241137
0,4069011 0,3083549 0,2400084
0,6103516 0,3051759 0,2241137
0,6103516 0,3242495 0,2400084
0,6103516 0,3178917 0,2431873
0,8138021 0,3401442 0,2495452
0,6103516 0,3051759 0,2336505
0,6103516 0,2892812 0,2257032
0,4069011 0,2670287 0,2034507
0,6103516 0,3147127 0,2272927
0,6103516 0,301997 0,2225243
0,8138021 0,3210706 0,2431873
0,6103516 0,2765655 0,2193453
0,6103516 0,2956391 0,2288821
0,6103516 0,3083549 0,2304716
0,4069011 0,3051759 0,2320611
0,6103516 0,3083549 0,2431873
0,6103516 0,3147127 0,23524
0,6103516 0,2924601 0,2193453
0,6103516 0,3274285 0,2447768
0,8138021 0,3401442 0,2463663
0,6103516 0,3369652 0,2527241
0,6103516 0,3083548 0,2400084
0,6103516 0,2861023 0,2241137
0,6103516 0,3401442 0,2543135
0,6103516 0,3433231 0,2527241
0,6103516 0,2829233 0,2225242
0,6103516 0,2797444 0,2241137
0,6103516 0,3337863 0,2543136
0,6103516 0,3147127 0,2431873
0,6103516 0,3083549 0,2304716
0,6103516 0,2892812 0,2257032
0,6103516 0,298818 0,2272927
0,6103516 0,2924601 0,2177559
0,6103516 0,301997 0,2304716
0,6103516 0,3242495 0,2431873
1,017253 0,3401442 0,2527241
0,6103516 0,3147127 0,2431873
0,6103516 0,301997 0,2288821
0,6103516 0,3465019 0,2479557
0,8138021 0,3051759 0,23524
0,6103516 0,3147127 0,2463662
0,8138021 0,3210706 0,2495452
0,6103516 0,3528598 0,2463662
0,6103516 0,301997 0,2431873
0,8138021 0,2924601 0,2209348
0,6103516 0,3051759 0,2400084
0,6103516 0,3115338 0,2336505
0,6103516 0,3337863 0,2543136
0,6103516 0,2924602 0,2336505
0,6103516 0,3465019 0,2622607
0,6103516 0,3083548 0,2320611
0,6103516 0,3274285 0,2447768
0,6103516 0,3083548 0,2368294
0,6103516 0,3178916 0,2384189
0,6103516 0,3083549 0,2447768
0,6103516 0,3178917 0,2495452
0,6103516 0,301997 0,2400084
0,6103516 0,2956391 0,2368294
0,6103516 0,298818 0,232061
0,6103516 0,3401442 0,2479557
0,6103516 0,301997 0,2257032
0,6103516 0,3051759 0,2431873
0,6103516 0,3274285 0,2527241
0,6103516 0,3274285 0,2527241
0,6103516 0,3115338 0,23524
0,6103516 0,3274285 0,2463663
0,6103516 0,298818 0,232061
0,4069011 0,2829233 0,211398
0,6103516 0,3306074 0,2479557
0,8138021 0,3019969 0,2384189
0,6103516 0,3242495 0,2447768
0,6103516 0,3496808 0,2559029
0,6103516 0,3337863 0,2463663
0,6103516 0,3465019 0,2574924
0,6103516 0,3083548 0,2400084
0,8138021 0,3242495 0,2495452
0,8138021 0,3210706 0,2447768
0,6103516 0,3178916 0,2320611
0,6103516 0,3178917 0,2479557
0,6103516 0,3369653 0,2511347
0,6103516 0,3178917 0,2431873
0,6103516 0,2797444 0,2193453
0,6103516 0,2829233 0,232061
0,6103516 0,3369653 0,2415979
0,6103516 0,3274285 0,2463663
0,6103516 0,2988181 0,2368294
0,6103516 0,3019969 0,2304716
0,4069011 0,3083549 0,2384189
0,8138021 0,3306074 0,2638502
0,6103516 0,3306074 0,2511347
0,8138021 0,3369653 0,255903
0,6103516 0,3083549 0,2463662
0,6103516 0,3210706 0,2384189
0,8138021 0,3433231 0,2622608
0,8138021 0,3306074 0,2527241
0,6103516 0,3178917 0,2415979
0,6103516 0,346502 0,2638502
0,6103516 0,3274285 0,2543135
0,8138021 0,3560387 0,2654396
0,6103516 0,301997 0,2336505
0,6103516 0,3242495 0,2447768
0,6103516 0,3147127 0,2368295
0,6103516 0,3337863 0,2479557
0,6103516 0,2892812 0,2241137
0,6103516 0,3274285 0,2527241
0,6103516 0,3274285 0,2543136
0,6103516 0,3782909 0,2781551
0,6103516 0,3051759 0,2368294
0,6103516 0,3178917 0,2431873
0,6103516 0,3147127 0,2495452
0,6103516 0,3210706 0,2463662
0,6103516 0,3496808 0,267029
0,6103516 0,3401441 0,2590819
0,8138021 0,3592176 0,2765657
0,6103516 0,3242495 0,2463662
0,6103516 0,3337863 0,2622608
0,6103516 0,346502 0,2606713
0,6103516 0,3337863 0,2527241
0,6103516 0,3210706 0,2400084
0,6103516 0,3274285 0,2574924
0,6103516 0,3560386 0,2622607
0,6103516 0,3051759 0,2400084
0,6103516 0,346502 0,2638502
0,8138021 0,3528598 0,2622607
0,6103516 0,3465019 0,2654396
0,8138021 0,346502 0,2543135
0,8138021 0,3528598 0,2574924
0,6103516 0,3465019 0,2590818
0,6103516 0,3147127 0,2463662
0,6103516 0,3592176 0,2717974
0,8138021 0,3369653 0,2463663
0,6103516 0,3083549 0,2415978
0,8138021 0,3369653 0,2590819
0,8138021 0,298818 0,23524
0,6103516 0,3433231 0,2606713
0,6103516 0,3210706 0,2479557
0,6103516 0,3560386 0,2733868
0,6103516 0,3115338 0,2495452
0,6103516 0,3178917 0,2463662
1,017253 0,3369653 0,2368295
0,6103516 0,3592176 0,2654396
0,8138021 0,3655754 0,2717974
0,6103516 0,3782909 0,2781551
0,6103516 0,3337863 0,2574924
0,6103516 0,3242495 0,2511346
0,8138021 0,3496809 0,270208
0,6103516 0,3465019 0,2654396
0,6103516 0,3496809 0,2686185
0,6103516 0,3337863 0,2590819
0,8138021 0,3592176 0,2702079
0,8138021 0,3496809 0,2638502
0,6103516 0,3814698 0,2765656
0,8138021 0,3401442 0,2638502
0,8138021 0,3687543 0,2749763
0,8138021 0,3274285 0,2368295
0,8138021 0,3306074 0,2590819
0,6103516 0,3210706 0,2463662
0,8138021 0,3496809 0,2606713
0,6103516 0,3051759 0,2368294
0,6103516 0,3465019 0,2638502
0,8138021 0,3433231 0,255903
0,6103516 0,3115338 0,2415978
0,8138021 0,375112 0,2749762
0,6103516 0,3083549 0,2463662
0,6103516 0,3178917 0,2543135
0,6103516 0,3242495 0,2463663
0,8138021 0,3306074 0,2479557
0,8138021 0,3337863 0,255903
0,8138021 0,3496809 0,2606713
0,6103516 0,3178917 0,2511346
0,8138021 0,3560387 0,2638502
0,6103516 0,3242495 0,2574924
0,6103516 0,3528598 0,2574924
0,6103516 0,3178917 0,2447768
0,6103516 0,3274285 0,2463663
0,6103516 0,3560386 0,2717974
0,8138021 0,3655753 0,2702079
1,017253 0,3274285 0,2479557
0,8138021 0,3147127 0,2479557
0,8138021 0,3623964 0,2749763
0,6103516 0,3528597 0,2606713
0,6103516 0,298818 0,2304716
0,8138021 0,3242495 0,2527241
0,6103516 0,3433231 0,255903
0,6103516 0,3274285 0,2511347
0,8138021 0,3401442 0,2527241
0,8138021 0,3369653 0,2590819
0,6103516 0,3306074 0,2543136
0,6103516 0,3433231 0,2527241
0,6103516 0,3210706 0,2527241
0,6103516 0,3083549 0,2431873
0,6103516 0,3655753 0,2733868
0,8138021 0,3560387 0,2670291
0,6103516 0,3115338 0,2431873
1,017253 0,3592176 0,2654396
0,8138021 0,3655753 0,2574923
0,6103516 0,3623964 0,2606712
0,6103516 0,3083548 0,2400084
0,6103516 0,3401442 0,255903
0,6103516 0,3528597 0,2638502
0,8138021 0,3433231 0,2590819
0,8138021 0,3306074 0,2527241
0,8138021 0,3528598 0,2670291
0,6103516 0,3655753 0,2717974
0,6103516 0,3083549 0,2400084
0,6103516 0,3623964 0,2686185
0,6103516 0,3401441 0,2622608
0,8138021 0,375112 0,2749762
0,8138021 0,3751121 0,2686184
0,6103516 0,3465019 0,2654396
0,6103516 0,3306074 0,2574925
0,6103516 0,3210706 0,2511346
1,017253 0,3274285 0,2543135
0,8138021 0,3433231 0,2543135
0,6103516 0,3306074 0,255903
0,6103516 0,3369653 0,2654397
0,8138021 0,3623964 0,2686185
0,6103516 0,3528597 0,2717974
0,8138021 0,3210706 0,2590819
0,6103516 0,3337863 0,2606713
0,8138021 0,3687542 0,2781551
0,8138021 0,3337863 0,2622608
0,6103516 0,3751121 0,2861024
0,6103516 0,3147127 0,2495452
0,8138021 0,3592175 0,2717974
0,6103516 0,343323 0,2606713
0,8138021 0,3369653 0,2574925
0,6103516 0,3623965 0,2686185
0,6103516 0,3369653 0,255903
0,6103516 0,343323 0,2606713
0,6103516 0,3782909 0,2781551
0,8138021 0,3560387 0,2733869
0,8138021 0,3814699 0,2781551
0,8138021 0,3337863 0,2606713
0,6103516 0,3242495 0,2527241
0,8138021 0,3433231 0,2654397
0,8138021 0,3846487 0,281334
0,6103516 0,3337863 0,2511346
0,6103516 0,3623965 0,2702079
0,8138021 0,3496809 0,2686186
0,6103516 0,3242495 0,2574924
0,6103516 0,3846487 0,2861023
0,8138021 0,3623964 0,267029
0,6103516 0,3369653 0,2606713
1,017253 0,3623964 0,2702079
0,8138021 0,3751121 0,281334
0,6103516 0,3465019 0,2686185
0,6103516 0,3719332 0,2797446
0,6103516 0,3337863 0,2574925
0,6103516 0,3369653 0,2622608
0,6103516 0,3719331 0,2829234
0,6103516 0,3401442 0,2622608
0,8138021 0,403722 0,29246
0,6103516 0,3560387 0,2686185
0,6103516 0,3465019 0,2670291
0,6103516 0,3465019 0,2686185
0,6103516 0,3719331 0,281334
0,6103516 0,3465019 0,2686185
0,8138021 0,3560387 0,270208
0,6103516 0,3496808 0,2670291
0,6103516 0,3242495 0,2495452
0,6103516 0,3592175 0,2717974
1,017253 0,3878276 0,2876917
0,6103516 0,3465019 0,2670291
0,8138021 0,4037221 0,2972283
1,017253 0,3719331 0,2781551
0,8138021 0,3751121 0,281334
0,8138021 0,3147127 0,2447768
0,6103516 0,3687543 0,2797446
0,8138021 0,3878276 0,2876917
0,8138021 0,3910065 0,2908706
0,6103516 0,3147127 0,2415978
0,6103516 0,3814698 0,2892812
0,8138021 0,3655753 0,2797446
0,6103516 0,3274285 0,255903
0,6103516 0,378291 0,2861023
0,8138021 0,3655754 0,2781551
0,6103516 0,3306074 0,2574925
0,8138021 0,3592176 0,2717974
0,8138021 0,3878276 0,2924601
0,8138021 0,3528597 0,2733868
0,8138021 0,3814699 0,2845129
0,8138021 0,3814698 0,2797445
0,6103516 0,3560386 0,2686185
0,6103516 0,3878276 0,2892812
0,8138021 0,3941854 0,2892811
0,8138021 0,4164377 0,3035861
0,6103516 0,3719331 0,2829234
0,8138021 0,3973643 0,2892811
1,017253 0,3941855 0,2876917
0,8138021 0,3719332 0,281334
0,6103516 0,3878276 0,2845128
1,220703 0,4291534 0,3131228
0,8138021 0,3687543 0,281334
0,6103516 0,3814698 0,2876917
0,6103516 0,406901 0,2956389
1,017253 0,4291533 0,3131227
0,6103516 0,3878276 0,2924601
0,8138021 0,375112 0,2892812
0,8138021 0,4037221 0,3004073
0,6103516 0,375112 0,2829234
0,8138021 0,4259744 0,3083544
0,8138021 0,4418689 0,3226593
0,8138021 0,4227955 0,3115333
0,8138021 0,3910066 0,2892812
0,6103516 0,3941854 0,2908706
1,220703 0,3528598 0,2717974
0,8138021 0,406901 0,2972283
0,8138021 0,3719332 0,2781551
0,8138021 0,3814698 0,2876917
0,8138021 0,4100799 0,3051755
0,8138021 0,43869 0,3163016
0,6103516 0,3623964 0,2765657
0,8138021 0,4291533 0,3115332
0,8138021 0,4355112 0,3131227
0,6103516 0,4196166 0,3083544
0,8138021 0,3560386 0,2702079
0,8138021 0,4069011 0,3019967
0,6103516 0,4037221 0,3004072
0,6103516 0,3433231 0,2670291
0,8138021 0,4037221 0,3019967
0,8138021 0,4005433 0,3019968
0,8138021 0,4227956 0,306765
0,6103516 0,3560387 0,2702079
0,8138021 0,3751121 0,2829235
0,8138021 0,406901 0,2988178
0,8138021 0,4132588 0,3019966
1,017253 0,3941854 0,2940495
0,8138021 0,4291533 0,3163016
0,8138021 0,41008 0,3004073
1,017253 0,406901 0,2988178
0,8138021 0,4196167 0,3035861
0,6103516 0,3910065 0,2940495
0,6103516 0,4037221 0,3019967
0,8138021 0,4450479 0,3194805
0,8138021 0,4355112 0,3163016
0,6103516 0,43869 0,3210699
0,6103516 0,4164377 0,306765
0,8138021 0,4418689 0,3274276
0,6103516 0,4323322 0,3353748
0,8138021 0,4514056 0,3226593
0,6103516 0,4482267 0,3274276
0,6103516 0,4450478 0,3226593
1,017253 0,4577634 0,3337854
1,017253 0,4386901 0,32107
0,6103516 0,4164377 0,306765
0,6103516 0,406901 0,3004072
0,8138021 0,4418689 0,3306065
1,017253 0,4577634 0,332196
0,8138021 0,4450478 0,3210699
0,8138021 0,4323322 0,3147121
0,6103516 0,3941854 0,2956389
0,8138021 0,4037221 0,2972283
0,8138021 0,4545845 0,3274277
0,8138021 0,3878276 0,2940495
0,6103516 0,4196165 0,3131227
1,017253 0,4545845 0,3290171
0,6103516 0,43869 0,3226593
0,8138021 0,4227955 0,3115333
0,8138021 0,3973643 0,2956389
0,6103516 0,4418689 0,317891
0,6103516 0,4259743 0,3083543
0,8138021 0,4577634 0,3337854
0,8138021 0,4673001 0,343322
0,6103516 0,470479 0,3512694
0,8138021 0,470479 0,3385537
0,8138021 0,4641213 0,3528589
1,017253 0,4609423 0,346501
0,8138021 0,4673001 0,3560379
0,8138021 0,4450478 0,3401432
0,8138021 0,4577634 0,3337854
0,8138021 0,4768369 0,3639852
0,8138021 0,4545845 0,3417326
0,8138021 0,4895525 0,3798799
0,8138021 0,470479 0,3512694
1,220703 0,4704791 0,3528589
1,017253 0,4545845 0,3417326
0,8138021 0,4990892 0,3846483
0,8138021 0,4609423 0,3449115
0,8138021 0,4990892 0,3941851
1,017253 0,4800157 0,3798799
1,017253 0,5022681 0,3814693
1,017253 0,473658 0,3496799
0,8138021 0,4895525 0,3862378
1,017253 0,4831946 0,3782904
1,424154 0,5308785 0,4164377
1,017253 0,5022681 0,4084904
1,017253 0,5404153 0,4259745
1,017253 0,5372364 0,4196166
1,017253 0,559489 0,4339218
0,8138021 0,5245206 0,4355114
1,017253 0,5435943 0,4339219
0,8138021 0,5722048 0,4514061
1,220703 0,5849204 0,4752482
1,017253 0,6039941 0,4800166
1,017253 0,6230675 0,4990901
1,220703 0,6294252 0,5006796
1,017253 0,5976362 0,4800166
1,424154 0,6898244 0,5404159
1,220703 0,6739299 0,5229322
1,627604 0,7311504 0,5563104
1,220703 0,7343293 0,5785625
1,220703 0,6930033 0,5531313
1,220703 0,7597607 0,6119406
1,220703 0,7820131 0,6373718
1,220703 0,7979076 0,6389612
1,424154 0,8042654 0,6484981
1,424154 0,8519489 0,6850555
1,627604 0,8678433 0,6977712
1,627604 0,8678433 0,6977712
1,831055 1,020431 0,816981
2,441406 1,033147 0,7979072
2,644857 1,090368 0,8630759
2,237956 1,262029 0,9743373
2,237956 1,398722 1,098315
3,255208 1,497269 1,176197
2,644857 1,519521 1,207987
2,237956 1,665752 1,335145
3,255208 1,742045 1,419386
3,051758 1,834233 1,502037
3,051758 2,015431 1,613298
3,255209 2,1108 1,711846
3,86556 2,260208 1,831055
3,458659 2,237956 1,773835
3,458659 2,390543 1,935959
3,86556 2,514521 2,085368
3,86556 2,616248 2,117158
3,86556 2,654395 2,185505
3,86556 2,686184 2,220473
5,086263 2,75612 2,277692
