0,8138021 0,3242495 0,2368295
0,6103516 0,3019969 0,2304716
0,6103516 0,2702076 0,1939139
0,6103516 0,3051759 0,2320611
0,4069011 0,2797444 0,211398
0,6103516 0,2861023 0,2177559
0,6103516 0,2861023 0,2209348
0,6103516 0,2638497 0,2066296
0,8138021 0,2956391 0,2161664
0,6103516 0,2797444 0,211398
0,6103516 0,3019969 0,2272927
0,4069011 0,2988181 0,2257032
0,6103516 0,2956391 0,2225243
0,6103516 0,2733865 0,2002717
0,6103516 0,3051759 0,2241137
0,6103516 0,2829233 0,2177559
0,8138021 0,3019969 0,2193453
0,6103516 0,2702076 0,2050401
0,6103516 0,3051759 0,2288821
0,6103516 0,298818 0,2193453
0,4069011 0,2829233 0,2050402
0,6103516 0,2638497 0,2145769
0,6103516 0,2765655 0,211398
0,6103516 0,2861023 0,2193453
0,8138021 0,2892812 0,2050402
0,6103516 0,2924601 0,2209348
0,6103516 0,2829233 0,2145769
0,6103516 0,2892812 0,2272926
0,6103516 0,3083549 0,23524
0,6103516 0,2924601 0,2161664
0,6103516 0,298818 0,232061
0,6103516 0,3210706 0,2479557
0,6103516 0,3083549 0,2368295
0,6103516 0,2829233 0,211398
0,6103516 0,2924601 0,2225243
0,6103516 0,298818 0,2177559
0,6103516 0,2892812 0,2161664
0,6103516 0,3242495 0,2241138
0,8138021 0,298818 0,2304716
0,6103516 0,2797444 0,211398
0,8138021 0,2733865 0,2082191
0,6103516 0,2765655 0,211398
0,6103516 0,298818 0,2304716
0,8138021 0,3019969 0,2177559
0,6103516 0,2797444 0,2177558
0,6103516 0,2924601 0,2209348
0,6103516 0,3147127 0,2288821
0,8138021 0,298818 0,2304716
0,6103516 0,3019969 0,2288821
0,4069011 0,3083549 0,2209348
0,8138021 0,2924601 0,2288821
0,6103516 0,3019969 0,214577
0,6103516 0,2829233 0,2272926
0,8138021 0,2829233 0,2129875
0,6103516 0,3337863 0,2495452
0,8138021 0,3083548 0,2304716
0,6103516 0,2861023 0,2209348
0,6103516 0,2829233 0,211398
0,8138021 0,3178917 0,2368295
0,6103516 0,3242495 0,2415979
0,6103516 0,3210706 0,2431873
0,6103516 0,298818 0,2272927
0,6103516 0,2892812 0,2209348
0,6103516 0,2892812 0,2177559
0,6103516 0,298818 0,2272927
0,6103516 0,3083548 0,2241137
0,6103516 0,2829233 0,211398
0,4069011 0,2924602 0,2209348
0,6103516 0,2988181 0,2336505
0,6103516 0,3369653 0,2479557
0,4069011 0,2861023 0,2209348
0,6103516 0,3210706 0,2272927
0,6103516 0,2702076 0,2193453
0,6103516 0,3083549 0,2272927
0,6103516 0,3115338 0,2400084
0,6103516 0,3083549 0,2288821
0,6103516 0,2988181 0,2384189
0,8138021 0,3369653 0,2511347
0,6103516 0,2892812 0,2225243
0,6103516 0,301997 0,2384189
0,8138021 0,3178916 0,2431873
0,6103516 0,301997 0,2272927
0,6103516 0,3210706 0,2400084
0,8138021 0,3147127 0,2336505
0,8138021 0,3337863 0,2431874
0,6103516 0,3147127 0,2384189
0,6103516 0,3051759 0,232061
0,6103516 0,3719331 0,2686184
0,6103516 0,2988181 0,2304716
0,6103516 0,3210706 0,2415979
0,6103516 0,3178916 0,2304716
0,6103516 0,3433231 0,2463662
0,6103516 0,2797444 0,2177559
0,6103516 0,2765655 0,2209348
0,6103516 0,3083549 0,2463662
0,6103516 0,298818 0,2241137
0,6103516 0,2829233 0,2177559
0,6103516 0,2861023 0,2257032
0,6103516 0,3147127 0,2304716
0,6103516 0,2861023 0,2209348
0,8138021 0,2892812 0,2272926
0,6103516 0,298818 0,23524
0,6103516 0,3210706 0,2384189
0,6103516 0,2765655 0,2193453
0,6103516 0,298818 0,2241137
0,6103516 0,298818 0,2177559
0,8138021 0,3115337 0,2336505
0,6103516 0,3210706 0,2320611
0,6103516 0,3115338 0,23524
1,017253 0,298818 0,2241137
0,8138021 0,2956391 0,2257032
0,8138021 0,2892812 0,2209348
0,6103516 0,3051759 0,2320611
0,6103516 0,2924601 0,2161664
0,8138021 0,3147127 0,2400084
0,8138021 0,3019969 0,2272927
0,6103516 0,3306074 0,2527241
0,4069011 0,2733865 0,2145769
0,6103516 0,3051759 0,2272927
0,6103516 0,2892812 0,2225242
0,8138021 0,3147127 0,2304716
0,6103516 0,3147127 0,23524
0,6103516 0,3051759 0,2400084
0,8138021 0,3178917 0,2272927
0,8138021 0,3178917 0,2463662
0,6103516 0,3083548 0,2384189
0,6103516 0,2924601 0,2177559
0,6103516 0,3147127 0,2304716
0,6103516 0,2861023 0,2177559
0,6103516 0,3019969 0,211398
0,6103516 0,3401442 0,2511346
0,6103516 0,3337863 0,2479557
0,6103516 0,3051759 0,2272927
0,6103516 0,2733865 0,2145769
0,8138021 0,2861023 0,232061
0,6103516 0,3210706 0,2479557
0,6103516 0,3242495 0,238419
0,6103516 0,3242495 0,2463663
0,6103516 0,3178917 0,2288822
0,6103516 0,3178917 0,2463662
0,6103516 0,3210706 0,2415979
0,6103516 0,3083549 0,2431873
0,6103516 0,3242495 0,2447768
0,6103516 0,343323 0,2574924
0,6103516 0,2924601 0,2257032
0,6103516 0,3401441 0,2543135
0,6103516 0,2924601 0,2304716
0,6103516 0,3115338 0,2400084
0,6103516 0,2988181 0,2241137
0,6103516 0,3178917 0,2400084
0,6103516 0,3242495 0,2400084
0,6103516 0,3210706 0,2431873
1,220703 0,3433231 0,2543136
0,8138021 0,3147127 0,2336505
0,6103516 0,2797444 0,2082191
0,8138021 0,3210706 0,2272927
0,6103516 0,301997 0,23524
0,6103516 0,301997 0,2479557
0,8138021 0,3242495 0,2463663
0,8138021 0,3178916 0,2400084
0,6103516 0,3083549 0,23524
0,8138021 0,3210706 0,2463663
0,6103516 0,3178917 0,2400084
0,6103516 0,3274285 0,2463663
0,8138021 0,3083548 0,2415978
0,6103516 0,3274285 0,2400084
0,4069011 0,2733865 0,2241137
0,6103516 0,3242495 0,2479557
0,6103516 0,3465019 0,2574924
0,6103516 0,3401442 0,2543135
0,8138021 0,3210706 0,2415979
0,6103516 0,3306074 0,2527241
0,6103516 0,301997 0,2257032
0,8138021 0,2956391 0,2209348
0,6103516 0,3115338 0,2384189
0,6103516 0,2956391 0,2336505
0,8138021 0,3465019 0,2638502
0,6103516 0,2924601 0,2272926
0,6103516 0,3178917 0,2384189
0,6103516 0,3401442 0,2511346
0,6103516 0,3051759 0,2320611
0,8138021 0,3369653 0,238419
0,6103516 0,3274285 0,2495452
0,8138021 0,3210706 0,2447768
0,6103516 0,3496808 0,2590818
0,6103516 0,3369652 0,2479557
0,6103516 0,3115338 0,2431873
0,6103516 0,3210706 0,2543135
0,4069011 0,2892812 0,2288821
0,8138021 0,3178917 0,23524
0,8138021 0,3369653 0,2447768
0,6103516 0,3178917 0,23524
0,6103516 0,3274285 0,2415979
0,6103516 0,3433231 0,255903
0,6103516 0,298818 0,232061
0,6103516 0,3528598 0,2606713
0,6103516 0,3592176 0,2686185
1,017253 0,3878276 0,2829234
0,8138021 0,3210706 0,255903
0,6103516 0,3147127 0,2463662
0,6103516 0,3147127 0,2447768
0,6103516 0,3306074 0,2463663
0,6103516 0,3242496 0,2463663
0,6103516 0,3369653 0,2511347
0,6103516 0,3147127 0,2431873
0,8138021 0,3369653 0,2527241
0,6103516 0,3147127 0,2368295
0,8138021 0,346502 0,2606713
0,8138021 0,3496809 0,2686185
0,8138021 0,3274285 0,2479557
0,6103516 0,3274285 0,2622608
0,6103516 0,3178917 0,2495452
0,8138021 0,3592176 0,2654396
0,6103516 0,3178917 0,2479557
0,8138021 0,3592176 0,2559029
0,6103516 0,3401442 0,2622608
0,6103516 0,3846487 0,2861023
0,6103516 0,3274285 0,2527241
0,6103516 0,343323 0,2654396
0,6103516 0,3528597 0,267029
0,8138021 0,3274284 0,2511346
0,8138021 0,3528598 0,270208
0,6103516 0,3274285 0,2543135
0,8138021 0,3274285 0,2415979
0,6103516 0,3115338 0,2400084
0,6103516 0,406901 0,2940494
0,6103516 0,3465019 0,2638502
0,6103516 0,3274285 0,2543135
0,6103516 0,3623964 0,2765657
0,6103516 0,3465019 0,2638502
0,8138021 0,4005432 0,2972284
0,6103516 0,3655753 0,2765657
1,017253 0,3655753 0,2702079
0,6103516 0,3401442 0,2638502
0,6103516 0,3782909 0,281334
0,6103516 0,375112 0,281334
1,017253 0,441869 0,3178911
0,8138021 0,4164378 0,3004072
0,6103516 0,378291 0,2765656
0,8138021 0,3592176 0,2797446
0,8138021 0,4164377 0,306765
0,6103516 0,3846487 0,2797445
0,8138021 0,3878276 0,2876917
0,6103516 0,3941854 0,2924601
0,6103516 0,3941854 0,2956389
0,6103516 0,3878276 0,2908706
1,017253 0,4514057 0,3258383
0,8138021 0,4355111 0,317891
0,6103516 0,4418689 0,3194804
0,6103516 0,3973643 0,29246
0,8138021 0,4323322 0,3131227
0,8138021 0,4418689 0,3242487
0,8138021 0,4577634 0,3274277
0,8138021 0,4514056 0,3449116
0,8138021 0,4514056 0,3512695
1,017253 0,4514056 0,3321959
0,6103516 0,43869 0,3242487
0,8138021 0,4927314 0,3767009
1,017253 0,5149838 0,3894166
1,017253 0,5181627 0,3830587
1,017253 0,5022681 0,3973641
0,8138021 0,4990892 0,4021325
1,424154 0,5435942 0,4212061
0,8138021 0,5118049 0,4100798
1,017253 0,5308785 0,4275641
0,8138021 0,559489 0,4323324
0,8138021 0,5404154 0,4291535
1,220703 0,5499521 0,4355114
1,017253 0,5435943 0,4307429
1,220703 0,5976362 0,4768377
1,017253 0,6198885 0,4863743
1,017253 0,6103517 0,478427
1,017253 0,6262463 0,4863743
1,220703 0,6548566 0,5102164
1,220703 0,6866456 0,5277005
1,220703 0,7025401 0,5308794
1,831055 0,7629396 0,5674365
1,424154 0,7629396 0,6024041
1,627604 0,7788342 0,6135301
1,627604 0,8837378 0,6834661
2,848307 0,9568525 0,7279707
1,627604 0,969568 0,7565807
1,627604 1,039505 0,816981
2,441406 1,217524 0,9568537
2,237956 1,265208 0,9838745
2,237956 1,408258 1,072884
2,644857 1,5227 1,203218
3,051758 1,630784 1,287461
4,679362 1,751583 1,386007
3,458659 1,742046 1,374881
4,882813 2,075831 1,645087
3,051758 1,95821 1,565615
4,679362 2,190272 1,686414
4,679363 2,304714 1,781782
5,289713 2,419154 1,839002
5,086263 2,727508 2,059937
6,713865 3,159841 2,366701
6,917317 3,36647 2,576511
8,748371 3,932317 3,035863
8,544921 4,574456 3,547669
7,731118 4,911423 3,65893
10,37597 5,772909 4,45048
10,17252 6,605783 5,087852
13,83464 7,413227 5,861916
14,64844 8,036294 6,249745
15,46224 9,23157 7,209781
15,66569 10,63665 8,503595
19,12436 11,44727 9,187062
17,08985 12,74745 10,21703
21,76921 14,31465 11,71748
28,27962 15,1062 12,55989
32,95897 16,37141 13,8092
37,63831 17,08984 14,01424
47,20051 20,33234 15,73244
56,3558 23,6543 17,68748
50,25229 28,76916 21,39726
56,35583 34,78049 26,64883
66,1215 41,91081 32,47261
67,74915 43,62423 35,25894
66,325 45,80498 36,23803
73,44575 43,30316 35,10793
66,1215 48,03023 38,44898
94,60439 47,12423 38,83203
68,7664 48,79952 41,28615
77,7183 51,58427 42,20009
86,05966 52,0611 43,47166
77,71827 54,81723 45,98302
66,52843 53,20551 44,21553
81,17689 55,4403 45,6079
68,56289 54,49617 46,05137
82,19411 56,98525 47,54863
82,8045 54,34357 46,25639
81,58385 57,3254 48,60562
87,07689 56,01251 46,91763
90,94245 58,68917 49,46551
79,54929 59,16918 47,77911
89,92517 60,15782 50,96437
81,38032 59,24548 48,91558
93,58728 61,78863 52,02298
84,22865 61,24504 52,58404
93,99417 65,82588 55,32111
126,1388 72,10741 59,07382
90,53559 67,78726 57,66396
103,7596 72,00568 59,88762
99,48721 73,96075 62,9998
104,3699 76,12875 63,45437
118,001 78,18553 65,18211
125,5285 86,05328 70,33672
147,9078 86,88297 73,57605
113,5251 87,84619 74,854
127,1561 93,39651 77,67522
124,5114 95,49776 82,03989
127,5631 94,00051 81,7347
116,5768 96,62624 82,38
121,2561 97,21114 83,74535
124,1044 99,07398 86,40293
134,4802 97,96456 84,47334
127,7665 97,90733 84,48763
152,587 100,6698 86,69537
144,6526 100,9622 88,36906
133,2595 100,5521 87,3105
133,8699 103,9281 88,54706
139,1596 106,29 92,34107
143,4319 106,9131 92,8449
139,363 103,8486 91,69892
134,4802 102,9013 89,34974
144,0422 108,8204 92,1725
134,4804 106,77 92,58265
136,5147 106,6079 93,22954
144,6526 108,2927 94,45502
122,8838 105,2537 94,90009
141,194 108,6551 96,43704
140,7871 107,978 94,90007
158,6906 109,9521 96,94411
141,8043 110,8167 96,91706
137,125 111,9039 96,31148
157,2664 111,9357 96,61028
141,8044 110,6482 100,1993
159,5044 114,0369 99,45698
147,0939 113,7349 99,39021
164,9977 117,9374 105,6241
164,9978 120,6839 107,916
158,2837 118,2299 105,6367
175,9843 120,8874 108,3675
177,2051 122,925 107,01
153,4008 122,0508 109,1382
148,1112 120,4137 109,3958
145,2629 123,332 111,1298
151,5699 124,8864 112,9799
152,3835 123,5481 108,3578
149,7387 123,4146 110,6577
153,4009 125,1185 110,5512
156,8595 126,8065 114,2356
164,3874 125,6716 111,1298
156,2491 128,3927 113,4647
167,4392 124,4604 113,1262
176,3912 128,4754 116,6007
161,3355 130,8849 116,8978
184,5295 133,7332 121,8601
159,5044 133,765 120,3358
151,5699 132,2423 120,4996
158,2836 133,4884 120,9716
192,6678 134,2419 121,4469
180,0535 134,8045 120,3676
176,5947 136,8803 123,0411
184,5295 138,0851 123,0363
171,7117 136,8739 125,1804
161,539 138,1932 124,0838
179,443 141,194 127,3214
179,2397 136,1555 122,4736
170,2876 142,0079 129,9774
182,9018 140,714 127,0019
193,8885 141,6582 125,0899
161,3355 135,2463 120,9971
185,1398 138,4856 124,5749
183,9191 141,2068 127,1831
