0,6103516 0,3242495 0,2415979
0,6103516 0,3115338 0,2320611
0,6103516 0,2829233 0,2098085
0,6103516 0,298818 0,214577
0,4069011 0,2447762 0,1811982
0,8138021 0,2956391 0,2241137
0,6103516 0,3306074 0,2400084
0,6103516 0,2892812 0,2225242
0,8138021 0,3337863 0,2447768
0,6103516 0,301997 0,214577
0,6103516 0,2861023 0,2177559
0,6103516 0,301997 0,2257032
0,8138021 0,3083548 0,23524
0,6103516 0,3083549 0,2241138
0,6103516 0,2861023 0,2145769
0,6103516 0,2988181 0,2225243
0,4069011 0,2670287 0,2098085
0,6103516 0,2861023 0,2241137
0,6103516 0,3147127 0,2304716
0,6103516 0,2702076 0,2098085
0,8138021 0,3274284 0,2368295
0,6103516 0,2892812 0,2161664
0,6103516 0,2924601 0,2177559
0,6103516 0,2797444 0,2177558
0,6103516 0,2670287 0,1986823
0,6103516 0,2924602 0,2193453
0,6103516 0,2829233 0,2161664
0,6103516 0,2829233 0,2129875
0,6103516 0,2924602 0,2098086
0,6103516 0,2829233 0,2066296
0,8138021 0,2861023 0,2272926
0,6103516 0,2702076 0,2129874
0,6103516 0,2924601 0,2161664
0,6103516 0,2829233 0,2050402
0,8138021 0,3083548 0,214577
0,6103516 0,2797444 0,2082191
0,8138021 0,2956391 0,2209348
0,8138021 0,2924601 0,2129875
0,6103516 0,3051759 0,214577
0,4069011 0,2447762 0,211398
0,6103516 0,2829233 0,2129875
0,4069011 0,3242496 0,2431874
0,8138021 0,2829233 0,2193453
0,6103516 0,3147127 0,2431873
0,4069011 0,2829233 0,2225242
0,6103516 0,2956391 0,232061
0,6103516 0,2956391 0,2368294
0,8138021 0,3147127 0,2431873
0,8138021 0,3019969 0,2257032
0,8138021 0,2956391 0,2225243
0,6103516 0,2829233 0,2272926
0,8138021 0,3083548 0,2368294
0,6103516 0,298818 0,2272927
0,6103516 0,3083549 0,2209348
0,8138021 0,3242495 0,2415979
0,4069011 0,2829233 0,2209348
0,6103516 0,2861023 0,2193453
0,8138021 0,298818 0,2288821
0,6103516 0,3210706 0,2336506
0,6103516 0,298818 0,2193453
0,6103516 0,3369653 0,2447768
0,6103516 0,298818 0,2272927
0,8138021 0,3274285 0,2463663
0,6103516 0,3178916 0,2384189
0,8138021 0,2892812 0,2161664
0,8138021 0,3306074 0,2431874
0,6103516 0,2924602 0,2288821
0,6103516 0,3051759 0,2304716
0,6103516 0,2829233 0,2193453
0,4069011 0,2670287 0,2193453
0,8138021 0,3115338 0,23524
0,6103516 0,3083548 0,2384189
0,6103516 0,2861023 0,2225242
0,8138021 0,3337863 0,2527241
0,8138021 0,2765655 0,2177558
0,8138021 0,3051759 0,2320611
0,6103516 0,3115338 0,2320611
0,6103516 0,3178917 0,2400084
0,6103516 0,3433231 0,255903
0,6103516 0,3433231 0,2606713
0,6103516 0,2956391 0,2288821
0,6103516 0,3369653 0,2543136
0,6103516 0,3147127 0,2463662
0,8138021 0,3083548 0,23524
0,6103516 0,2924601 0,2225243
0,6103516 0,3115337 0,2384189
0,6103516 0,3083548 0,2161664
0,6103516 0,2924602 0,2288821
0,6103516 0,3051759 0,2336505
0,8138021 0,2956391 0,2257032
0,6103516 0,3147127 0,2384189
1,017253 0,3242495 0,2320611
0,6103516 0,3178916 0,2431873
0,8138021 0,3337863 0,2415979
0,6103516 0,298818 0,2415978
0,4069011 0,3051759 0,2336505
0,6103516 0,3274285 0,2463663
0,6103516 0,3147127 0,2415978
0,8138021 0,346502 0,255903
0,6103516 0,3274285 0,2447768
0,8138021 0,2956391 0,2288821
0,6103516 0,2924601 0,2209348
0,6103516 0,2733865 0,2098085
0,6103516 0,3528598 0,2686185
0,6103516 0,3242495 0,2463662
0,6103516 0,3115337 0,2400084
0,6103516 0,3178916 0,2447768
0,6103516 0,3147127 0,23524
0,6103516 0,3496809 0,2622607
0,6103516 0,2861023 0,2257032
0,6103516 0,2956391 0,2257032
0,6103516 0,3178917 0,2400084
0,8138021 0,3115338 0,2400084
0,6103516 0,3465019 0,2638502
0,6103516 0,3147127 0,2463662
0,6103516 0,2956391 0,2336505
0,6103516 0,3083548 0,2415978
0,8138021 0,3242495 0,2463663
0,6103516 0,3083548 0,23524
0,6103516 0,3051759 0,2415978
0,8138021 0,3306074 0,2543136
1,017253 0,3147127 0,2368294
1,017253 0,3719332 0,2686185
0,6103516 0,2861023 0,2209348
0,8138021 0,3147127 0,2511346
0,6103516 0,3401442 0,2527241
0,6103516 0,3115338 0,2336506
0,8138021 0,301997 0,2368294
0,6103516 0,3019969 0,2415978
0,4069011 0,2924602 0,2304716
1,017253 0,3306074 0,2527241
0,6103516 0,3178917 0,2415979
0,6103516 0,3274285 0,2479557
0,6103516 0,3083549 0,2368295
0,6103516 0,3337863 0,2400084
0,6103516 0,3051759 0,2400084
0,6103516 0,3433231 0,255903
0,6103516 0,3306074 0,2431874
0,8138021 0,3496809 0,2638502
0,6103516 0,3306074 0,2447768
0,6103516 0,3337863 0,2543136
0,6103516 0,3655753 0,2717973
0,6103516 0,3242495 0,2527241
0,6103516 0,3242495 0,2543135
0,6103516 0,343323 0,2574924
0,4069011 0,3115338 0,23524
0,6103516 0,3592175 0,2717974
1,017253 0,3401442 0,2543135
0,6103516 0,3337863 0,2511347
0,8138021 0,3369653 0,2479557
0,8138021 0,3401442 0,2590819
1,220703 0,3560387 0,2686185
0,6103516 0,3496809 0,2590818
0,8138021 0,3147127 0,2495452
0,8138021 0,3528598 0,2606713
0,8138021 0,3242495 0,2527241
0,6103516 0,3623964 0,2702079
0,8138021 0,3337863 0,255903
0,8138021 0,3655753 0,2765657
0,6103516 0,3306074 0,2527241
0,8138021 0,3465019 0,2638502
0,8138021 0,3401442 0,2543135
0,8138021 0,3592176 0,2654396
0,6103516 0,3592176 0,2574924
0,6103516 0,3337863 0,2574925
0,6103516 0,3623964 0,2686184
0,6103516 0,3528597 0,2622607
0,6103516 0,3687542 0,2733867
0,8138021 0,346502 0,2638502
0,6103516 0,3687542 0,2733868
0,8138021 0,3496809 0,2606713
0,8138021 0,3178917 0,2511346
0,8138021 0,3560387 0,2686185
0,8138021 0,3846488 0,2861023
0,6103516 0,3528597 0,2733868
0,6103516 0,3592175 0,2686185
0,8138021 0,3719331 0,281334
0,6103516 0,3655754 0,267029
1,017253 0,3751121 0,2845129
0,6103516 0,3274285 0,2574924
1,017253 0,3592176 0,2749763
0,6103516 0,3623964 0,2797446
0,8138021 0,3592176 0,2686185
0,6103516 0,3782909 0,2845128
0,6103516 0,3465019 0,2686185
0,6103516 0,3655753 0,2749762
0,8138021 0,3941854 0,2972284
1,017253 0,3719332 0,2749763
0,6103516 0,3687543 0,2765657
0,6103516 0,4164377 0,2956389
0,6103516 0,3719331 0,281334
0,6103516 0,3751121 0,2829235
0,8138021 0,4164377 0,306765
0,6103516 0,4577634 0,3321959
0,8138021 0,3846487 0,2908706
0,6103516 0,4037221 0,2956389
0,8138021 0,4227955 0,3083544
0,6103516 0,4418689 0,3242488
0,8138021 0,4037221 0,3019967
0,8138021 0,4227955 0,306765
1,017253 0,4482268 0,3194805
0,6103516 0,4164377 0,3083544
0,6103516 0,4418689 0,3369642
0,6103516 0,4355111 0,3258382
1,017253 0,4355111 0,3163016
0,6103516 0,4577634 0,3353748
0,8138021 0,4641213 0,3401431
0,6103516 0,4482267 0,3321959
0,8138021 0,4545845 0,3290171
0,8138021 0,473658 0,3512694
0,8138021 0,43869 0,3258382
0,8138021 0,4863736 0,3639852
0,8138021 0,4673001 0,3703431
0,8138021 0,4768369 0,3655746
0,8138021 0,4990892 0,3782904
0,8138021 0,5404153 0,424385
0,8138021 0,5245206 0,4116693
0,8138021 0,5245207 0,4164377
0,8138021 0,5467732 0,4450482
0,8138021 0,559489 0,4466377
1,220703 0,6135308 0,4736586
1,220703 0,67393 0,5133953
1,220703 0,6548566 0,511806
2,034505 0,6930034 0,5229322
2,034505 0,7788342 0,5865098
3,86556 0,8328757 0,6294246
5,900065 0,9377794 0,6930025
4,272461 0,9473161 0,7120761
4,069011 1,103083 0,8074439
4,069011 1,239777 0,8726118
10,78288 1,478195 1,056989
14,85189 2,25703 1,462301
28,48305 3,576278 2,244313
34,99344 4,968641 3,016789
56,55932 8,045835 4,811287
65,71466 13,83464 8,109408
72,63203 19,60437 12,50585
80,15971 27,69789 17,9418
93,38379 40,7251 25,59345
90,73896 50,87537 36,59885
104,1665 60,39307 45,04365
122,2733 70,69913 54,08133
125,1216 76,65643 56,44644
118,6113 84,21906 64,35242
124,9181 91,92149 78,67024
127,3595 95,8029 83,19065
127,9698 98,42548 85,39045
128,7836 99,4618 86,49355
128,9871 100,7588 86,46175
128,5802 103,1207 88,21014
128,5802 101,5281 87,47106
128,7836 107,1324 91,96439
128,9871 108,8363 94,29768
128,7836 111,7958 94,85077
128,9871 110,8676 95,69637
128,9871 113,6745 96,79626
128,9871 112,4633 95,52312
128,9871 111,0615 94,74908
128,7836 109,7422 93,02769
128,9871 110,4003 92,50159
128,9871 112,8035 96,60556
128,9871 113,5378 97,85961
128,7836 113,665 96,60715
128,9871 116,7262 99,88456
128,9871 119,6508 101,0528
128,9871 115,9124 99,60955
128,7836 116,6086 99,5571
128,9871 117,5972 99,61114
128,9871 119,549 100,8938
128,9871 118,5858 100,4536
128,9871 120,3056 99,85589
128,9871 123,1443 105,2298
128,9871 122,3051 104,8626
128,9871 121,7265 102,8027
128,9871 122,8137 104,7577
128,9871 122,9313 103,6245
128,9871 123,548 104,2761
128,7836 122,5975 102,8266
128,9871 122,766 104,788
128,9871 123,4495 106,708
128,9871 120,7379 102,496
128,9871 122,0381 103,448
128,9871 122,7756 105,0676
128,9871 123,6911 103,2764
128,9871 122,2479 103,9137
128,9871 121,6661 100,8827
128,9871 123,1253 104,0489
128,9871 121,806 104,1426
128,9871 123,9613 106,9289
128,9871 121,4086 102,8902
128,9871 123,157 102,7534
128,9871 122,4513 105,2568
128,9871 123,3255 107,4725
128,9871 123,9422 103,2413
128,9871 123,4145 103,173
128,9871 124,3427 108,1957
128,9871 122,4958 103,3781
128,9871 123,548 107,5552
128,9871 121,5771 101,2975
128,9871 119,6539 100,6395
128,9871 122,3528 103,8995
128,9871 123,2397 103,9058
128,9871 123,0203 105,2791
128,9871 123,3096 107,6362
128,9871 123,6911 106,3424
128,9871 123,5957 108,2036
128,9871 123,7769 105,7193
128,9871 121,8982 100,3327
128,9871 123,1984 108,2958
128,9871 123,6624 105,3411
128,9871 124,6129 107,3024
128,9871 121,593 104,1299
128,9871 123,0775 104,8785
128,9871 122,6834 105,6256
128,9871 123,1507 106,7668
128,9871 121,272 101,9587
128,9871 124,2951 106,8097
128,9871 123,5512 102,8233
128,9871 123,9199 102,7312
128,9871 121,4627 102,852
128,9871 123,6497 106,9893
128,9871 123,9835 106,5427
128,9871 124,8609 109,1589
128,9871 120,8715 101,0734
128,7836 122,836 103,4973
128,9871 124,7178 109,9043
129,5974 124,5112 105,8179
129,394 124,2696 109,8471
128,9871 123,7324 106,4505
129,394 123,6116 107,0083
128,9871 123,2905 108,779
128,9871 124,206 106,708
128,9871 124,1996 110,4638
128,9871 123,3192 104,9723
128,9871 124,1202 106,7286
128,9871 122,7883 105,6176
128,9871 122,1652 105,1408
128,9871 122,766 105,3331
