0,8138021 0,4227958 0,312329
0,8138021 0,4259748 0,3099448
0,8138021 0,4514063 0,328224
0,8138021 0,4339221 0,3163027
0,8138021 0,4116696 0,3043815
0,8138021 0,4212063 0,312329
0,8138021 0,4291537 0,3147133
0,8138021 0,4053116 0,3043815
0,8138021 0,4116696 0,3051763
0,8138021 0,4514063 0,3329925
0,8138021 0,4275644 0,3147133
1,017253 0,4466379 0,3290188
1,017253 0,4529957 0,34094
0,8138021 0,464122 0,34094
0,6103516 0,4514063 0,3369663
0,8138021 0,4386906 0,3282241
0,8138021 0,4720694 0,3472978
0,8138021 0,4577641 0,3457083
0,8138021 0,4466379 0,3393505
0,8138021 0,4386906 0,3337873
1,017253 0,464122 0,3488872
0,8138021 0,464122 0,3480924
0,8138021 0,4561747 0,3488871
0,8138021 0,4482274 0,3465029
0,8138021 0,4498168 0,3425294
0,8138021 0,467301 0,3433242
0,8138021 0,4418695 0,3321978
1,017253 0,4704799 0,3584238
0,8138021 0,4402801 0,3337873
1,017253 0,4657115 0,3647813
0,8138021 0,4482274 0,3401452
1,017253 0,467301 0,3560396
1,017253 0,4593536 0,3576289
1,017253 0,4657115 0,3647814
0,8138021 0,4577641 0,3488871
0,8138021 0,4609431 0,3496818
0,8138021 0,4545852 0,3528606
0,8138021 0,4482274 0,3472976
0,8138021 0,4657115 0,3639866
0,8138021 0,4498168 0,3465029
0,8138021 0,4768378 0,368755
1,017253 0,4752483 0,3711391
0,8138021 0,4641221 0,357629
0,8138021 0,4736589 0,3679603
0,8138021 0,4641221 0,3695496
0,8138021 0,467301 0,3623973
1,017253 0,4482274 0,3496817
1,220703 0,4736588 0,3727286
1,017253 0,467301 0,3679602
1,017253 0,4688904 0,3655761
0,8138021 0,4768378 0,3767021
0,8138021 0,4768378 0,3806757
0,8138021 0,4736589 0,3719338
1,017253 0,4752483 0,3663709
0,8138021 0,4879641 0,3782916
0,8138021 0,4577642 0,3687548
1,017253 0,4927325 0,3814706
1,424154 0,5070375 0,3925966
0,8138021 0,4800167 0,3679603
0,8138021 0,4895535 0,3918017
1,017253 0,4831957 0,3822652
1,017253 0,4959114 0,3997489
0,8138021 0,4784273 0,3886228
0,8138021 0,5006798 0,3862389
1,424154 0,5022693 0,4005437
1,220703 0,5038587 0,4069014
1,220703 0,5213425 0,410875
0,8138021 0,5070375 0,4045172
0,8138021 0,4990903 0,407696
0,8138021 0,5118058 0,4053119
1,220703 0,5006798 0,4108749
1,017253 0,5165741 0,4180273
1,220703 0,5118059 0,4053119
1,017253 0,5420051 0,4347163
1,017253 0,4990903 0,4045171
0,8138021 0,5070375 0,4100802
1,017253 0,5356473 0,4275639
1,017253 0,5388262 0,4450475
1,017253 0,5404156 0,4283586
1,017253 0,545184 0,4450476
1,017253 0,5737938 0,4609419
1,017253 0,5722044 0,4553789
1,017253 0,5865093 0,4657102
1,017253 0,5976353 0,4776309
1,017253 0,5753832 0,4625314
1,017253 0,6119404 0,4863729
1,220703 0,6087615 0,4839887
1,220703 0,6294247 0,4959097
1,220703 0,6294246 0,4998831
2,848307 0,6930034 0,5372356
2,644857 0,7025402 0,5435937
2,848307 0,6914139 0,5420042
2,441406 0,7343291 0,5626674
2,034505 0,7438658 0,5952523
3,662109 0,783602 0,6286315
3,051758 0,7883705 0,6333998
2,237956 0,8090338 0,6421418
2,644857 0,8646651 0,6914149
1,831055 0,8996338 0,7065152
3,051758 0,920297 0,723999
2,848307 0,9632128 0,7780403
3,86556 1,098314 0,8575112
3,255208 1,157124 0,9147311
2,848307 1,238188 0,9894361
3,255208 1,336735 1,06891
2,848307 1,478196 1,182559
3,051758 1,654623 1,307328
3,458659 1,797676 1,451173
3,458659 1,986823 1,595817
4,06901 2,222059 1,761912
5,289714 2,462072 2,000333
5,289714 2,795853 2,257823
6,103516 3,086726 2,501805
5,289713 3,418922 2,787909
6,917317 3,886223 3,167789
9,562173 4,463199 3,617605
23,19336 5,089447 4,168354
34,17966 5,752245 4,610221
54,72823 6,6487 5,251567
49,64194 7,740656 6,115436
47,81088 9,166398 7,014274
45,97982 11,30104 8,555251
35,40036 13,7949 10,42923
51,67647 17,46336 12,95725
59,81454 22,64816 16,62969
59,61105 26,8046 20,55009
78,12522 32,98918 24,9354
75,88726 37,47621 28,90427
88,7045 44,68441 34,54447
94,40101 49,95189 39,57273
93,18037 56,87878 44,87678
103,3527 62,80589 51,35302
118,0009 68,73618 56,81442
108,4389 74,1769 62,49671
117,5941 78,8086 67,20625
108,4389 81,4471 70,49489
128,5802 83,80112 72,94427
111,6941 86,26951 76,15977
103,9631 84,88989 75,40641
125,732 87,89231 78,72759
115,9665 90,19698 81,34618
122,6802 89,72651 80,51966
114,7458 89,76624 81,69584
127,9699 93,30904 84,47578
130,0043 94,60286 84,79123
122,0699 96,36076 86,50778
123,6975 97,56084 87,72372
130,2078 98,31263 90,28914
130,0043 99,77809 90,85819
130,2078 101,6028 92,59544
130,2078 103,6992 94,90568
130,2078 102,8123 94,60289
130,2078 106,2996 96,50467
130,2078 105,9053 96,73109
130,2078 108,1576 98,53513
130,2078 107,2421 97,96458
130,2078 110,4941 99,53495
130,2078 110,5068 101,3255
130,2078 113,0419 102,6716
130,2078 114,2499 103,4798
130,2078 115,5325 104,3922
130,2078 116,9439 106,1867
130,2078 118,4586 107,6775
130,2078 116,9884 106,3114
130,2078 119,1358 108,3634
130,2078 121,4977 110,2612
130,2078 122,3766 110,8397
130,2078 123,8135 112,1137
130,2078 123,3589 113,1301
130,2078 123,2143 113,444
130,2078 124,5605 113,2684
130,2078 124,5398 114,1926
130,4112 124,6432 113,5473
130,2078 123,0697 111,6933
130,4112 125,0723 114,9723
130,2078 125,7112 115,705
130,4112 125,6556 116,5768
130,2078 124,5001 115,6915
130,2078 125,9131 116,9273
130,2078 125,0723 116,3137
130,4112 125,3297 116,2469
130,2078 125,6794 116,6142
130,2078 124,961 115,1113
130,2078 125,832 116,8406
130,2078 125,7827 116,3749
130,2078 125,8749 116,7914
130,2078 124,9785 116,9964
130,4112 125,263 116,0054
130,4112 126,0513 118,1122
130,2078 125,6158 116,5323
130,2078 125,1644 116,3248
130,2078 126,1483 116,8263
130,2078 125,8288 117,493
130,2078 124,9785 115,4388
130,4112 125,8367 117,5177
130,4112 125,7017 117,0075
130,4112 125,0579 116,5362
130,2078 126,1006 118,4245
130,2078 125,9941 117,8912
130,2078 126,0021 117,5861
130,4112 126,2691 116,9368
130,2078 126,2071 118,3641
130,4112 125,8066 118,3776
130,4112 125,9544 116,4337
130,4112 125,7144 116,7858
130,4112 126,1324 116,3137
130,4112 125,8193 116,5545
130,2078 125,9098 117,6488
130,4112 125,4155 116,0387
130,2078 126,1499 118,202
130,4112 126,1451 117,06
130,4112 126,0481 119,0086
130,2078 125,8415 116,2899
130,4112 126,0116 118,0152
130,2078 125,6142 116,6833
130,4112 126,2516 118,0796
130,4112 126,4932 117,3477
130,2078 126,0498 116,9925
130,2078 125,7652 116,8954
130,4112 125,9782 118,7917
130,2078 126,1705 118,217
130,4112 126,6458 117,2229
130,4112 126,1181 117,5987
130,4112 126,6856 118,5739
130,2078 126,0259 118,0431
130,4112 126,6999 117,6091
