0,6103516 0,2352396 0,1446406
0,6103516 0,2415974 0,1557668
0,6103516 0,2384185 0,1446406
0,8138021 0,2447763 0,1414617
0,4069011 0,2574919 0,1573563
0,4069011 0,2415974 0,1589458
0,4069011 0,2384184 0,1319249
0,4069011 0,2415974 0,1446406
0,4069011 0,254313 0,1637141
0,4069011 0,2479552 0,1589457
0,6103516 0,2797444 0,1796087
0,6103516 0,254313 0,1668931
0,6103516 0,2352396 0,1446406
0,6103516 0,2638497 0,1923244
0,6103516 0,2384185 0,1462301
0,6103516 0,2670287 0,1811982
0,4069011 0,2384184 0,1462301
0,4069011 0,2415974 0,1462301
0,6103516 0,2670287 0,1621246
0,4069011 0,2384184 0,1541774
0,6103516 0,254313 0,14623
0,4069011 0,2352396 0,1462301
0,6103516 0,2511341 0,1716614
0,6103516 0,2606708 0,1653036
0,6103516 0,2733865 0,1811982
0,6103516 0,2765655 0,1811982
0,4069011 0,2479552 0,1557668
0,4069011 0,2352396 0,1668931
0,6103516 0,2606708 0,166893
0,4069011 0,2320606 0,1446406
0,6103516 0,2479552 0,1589457
0,4069011 0,2415974 0,1653036
0,4069011 0,2384184 0,1653036
0,6103516 0,2479552 0,1621247
0,6103516 0,2352396 0,1462301
0,8138021 0,2384185 0,1589458
0,6103516 0,2511341 0,1525879
0,4069011 0,2447762 0,1589457
0,6103516 0,2638497 0,1732509
0,6103516 0,2702076 0,1859666
0,6103516 0,2670287 0,1780193
0,6103516 0,2606708 0,1509984
0,6103516 0,2733865 0,1796087
0,6103516 0,2765655 0,190735
0,8138021 0,2924601 0,1891455
0,6103516 0,2415974 0,1589458
0,4069011 0,2288817 0,1462301
0,6103516 0,2638497 0,1811982
0,4069011 0,2288817 0,1605352
0,8138021 0,2606708 0,1653036
0,6103516 0,2479552 0,1827877
0,8138021 0,2733865 0,1684825
0,6103516 0,2352396 0,1509984
0,6103516 0,2415974 0,149409
0,6103516 0,254313 0,1668931
0,6103516 0,2447763 0,1653036
0,6103516 0,2638497 0,1780193
0,6103516 0,254313 0,1573563
0,4069011 0,2479552 0,1637141
0,4069011 0,2574919 0,1764298
0,6103516 0,2511341 0,1637141
0,6103516 0,2670287 0,1764298
0,6103516 0,2447763 0,1684825
0,6103516 0,2702076 0,1716614
0,6103516 0,254313 0,1668931
0,6103516 0,2861023 0,1827877
0,4069011 0,254313 0,1589457
0,6103516 0,2765655 0,190735
0,6103516 0,2765655 0,2018612
0,6103516 0,2574919 0,1621247
0,6103516 0,2638497 0,1780193
0,8138021 0,2765655 0,1796087
0,4069011 0,2511341 0,1668931
0,4069011 0,2479552 0,1716614
0,6103516 0,2829233 0,1970928
0,4069011 0,254313 0,1589457
0,4069011 0,2574919 0,1780193
0,6103516 0,2829233 0,1811982
0,4069011 0,2320606 0,1509984
0,6103516 0,2606708 0,1859666
0,6103516 0,2797444 0,1843771
0,6103516 0,2479552 0,1637141
0,6103516 0,2702076 0,1827877
0,6103516 0,2447763 0,1780193
0,4069011 0,254313 0,1716614
0,6103516 0,2638497 0,166893
0,6103516 0,2511341 0,170072
0,6103516 0,2638497 0,1843771
0,6103516 0,2511341 0,1668931
0,6103516 0,254313 0,1732509
0,6103516 0,2702076 0,1796087
0,6103516 0,2638497 0,1811982
0,6103516 0,2702076 0,1811982
0,6103516 0,2574919 0,1716614
0,6103516 0,2638497 0,187556
0,6103516 0,2447763 0,1589458
0,4069011 0,2606708 0,1748403
0,6103516 0,2638497 0,1843771
0,6103516 0,2733865 0,1955034
0,6103516 0,2574919 0,1764298
0,6103516 0,2702076 0,1859666
0,6103516 0,2829233 0,211398
0,6103516 0,2861023 0,1970929
0,6103516 0,2765655 0,1859666
0,6103516 0,298818 0,2129875
0,6103516 0,2733865 0,1859666
0,4069011 0,2765655 0,1939139
0,8138021 0,2829233 0,2034507
0,6103516 0,2702076 0,1986823
0,4069011 0,2479552 0,1684825
0,6103516 0,2511341 0,1859666
0,6103516 0,2638497 0,1796087
0,6103516 0,2829233 0,1939139
0,6103516 0,2956391 0,2129875
0,6103516 0,2861023 0,1875561
0,6103516 0,2892812 0,2129875
0,6103516 0,2733865 0,1891455
0,8138021 0,2765655 0,1970928
0,8138021 0,298818 0,2034507
0,6103516 0,2829233 0,1923244
0,6103516 0,2861023 0,2050402
0,8138021 0,2733865 0,2002717
0,6103516 0,2733865 0,1939139
0,6103516 0,2861023 0,1986823
0,4069011 0,2447762 0,1780193
0,6103516 0,2638497 0,2034507
0,4069011 0,2606708 0,187556
0,6103516 0,2924602 0,2034507
0,6103516 0,2956391 0,2050402
0,8138021 0,3178916 0,2161665
0,8138021 0,2606708 0,1811982
0,4069011 0,2638497 0,1970928
0,6103516 0,2829233 0,1939139
0,6103516 0,2924601 0,2002718
0,6103516 0,2892812 0,2050402
0,8138021 0,2861023 0,2129875
0,4069011 0,2638497 0,1986823
0,6103516 0,2606708 0,1843771
0,6103516 0,2861023 0,2034507
0,6103516 0,2606708 0,187556
0,4069011 0,2733865 0,1986823
0,6103516 0,2797444 0,2018612
0,6103516 0,2924601 0,2272926
0,6103516 0,2924602 0,211398
0,6103516 0,2606708 0,1986823
0,6103516 0,2765655 0,1955034
0,4069011 0,2447762 0,1780193
0,6103516 0,2765655 0,1939139
0,4069011 0,2733865 0,2082191
0,6103516 0,2447763 0,1684825
0,6103516 0,2829233 0,2082191
0,6103516 0,2956391 0,2050402
0,6103516 0,2829233 0,2002718
0,6103516 0,346502 0,2400084
0,6103516 0,2702076 0,1859666
0,6103516 0,2733865 0,2082191
0,6103516 0,2765655 0,2177558
0,4069011 0,2670287 0,1986823
0,4069011 0,254313 0,1923244
0,6103516 0,2892812 0,1955034
0,4069011 0,2638497 0,1859666
0,6103516 0,2797444 0,2002718
0,4069011 0,2670287 0,2002717
0,6103516 0,2733865 0,2034507
0,6103516 0,2670287 0,1955034
0,6103516 0,2861023 0,2177559
0,6103516 0,2765655 0,2034507
0,6103516 0,2574919 0,2050401
0,6103516 0,3115337 0,2034507
0,6103516 0,2797444 0,2145769
0,6103516 0,2765655 0,2034507
0,8138021 0,2797444 0,2034507
0,6103516 0,2829233 0,190735
0,6103516 0,2892812 0,2225243
0,6103516 0,2956391 0,1986823
0,6103516 0,2797444 0,2066296
0,6103516 0,2797444 0,211398
0,6103516 0,2861023 0,211398
0,6103516 0,2702076 0,1986823
0,6103516 0,2797444 0,2098085
0,6103516 0,2892812 0,2066296
0,6103516 0,3178916 0,2209348
0,6103516 0,2892812 0,2018612
0,6103516 0,2861023 0,1955034
0,6103516 0,2892812 0,2066296
0,6103516 0,2829233 0,2034507
0,6103516 0,2797444 0,2050402
0,6103516 0,298818 0,2225243
0,6103516 0,2829233 0,2098085
0,6103516 0,2670287 0,2002717
1,220703 0,2956391 0,211398
0,6103516 0,2861023 0,2050402
0,6103516 0,2670287 0,1970928
0,4069011 0,2702076 0,2018612
0,6103516 0,2861023 0,2145769
0,8138021 0,3051759 0,2082191
0,6103516 0,2892812 0,2129875
0,4069011 0,2797444 0,2145769
0,4069011 0,2892812 0,2034507
0,6103516 0,3274285 0,2288822
0,6103516 0,2892812 0,2257032
0,6103516 0,2956391 0,2145769
0,6103516 0,2670287 0,2002717
0,8138021 0,3210706 0,2431873
0,6103516 0,3178917 0,2272927
0,6103516 0,3051759 0,2320611
0,8138021 0,3083549 0,2241138
0,6103516 0,298818 0,2082191
0,8138021 0,2829233 0,2145769
0,8138021 0,2924601 0,2082191
0,6103516 0,2892812 0,2209348
0,6103516 0,2861023 0,2098086
0,6103516 0,298818 0,2129875
0,8138021 0,2861023 0,2272926
0,6103516 0,3051759 0,2225243
0,6103516 0,2702076 0,1955034
0,6103516 0,3337863 0,2495452
0,8138021 0,3051759 0,2304716
0,6103516 0,3115338 0,2415979
1,017253 0,3369653 0,2479557
0,6103516 0,3465019 0,2495451
0,6103516 0,3178917 0,2431873
0,6103516 0,3592175 0,2590818
0,6103516 0,301997 0,2336505
0,6103516 0,2829233 0,2145769
1,017253 0,3306074 0,2447768
0,6103516 0,3528598 0,2622607
0,6103516 0,3782909 0,2702079
0,6103516 0,3465019 0,2622607
0,6103516 0,3401442 0,2479557
0,6103516 0,3560387 0,2574924
0,6103516 0,298818 0,2257032
0,6103516 0,3401442 0,2463663
0,6103516 0,3178917 0,2511346
0,8138021 0,3496809 0,2654396
0,8138021 0,3210706 0,2479557
1,017253 0,3369653 0,2479557
0,6103516 0,3528597 0,267029
0,6103516 0,3560386 0,2638502
0,6103516 0,3465019 0,2527241
0,6103516 0,3306074 0,2590819
0,8138021 0,3401442 0,2495452
0,6103516 0,3560387 0,2590818
0,6103516 0,3433231 0,2670291
0,8138021 0,3560387 0,2654397
0,8138021 0,3751121 0,2781551
0,6103516 0,3369653 0,2543136
0,8138021 0,3941855 0,2861023
0,6103516 0,3528597 0,2702079
0,6103516 0,3655753 0,2765657
0,8138021 0,4164378 0,3019967
0,8138021 0,3528597 0,267029
0,6103516 0,3242495 0,2511346
1,017253 0,3687543 0,2781551
0,8138021 0,4132589 0,2956389
0,6103516 0,3496808 0,2654396
0,6103516 0,3655754 0,2702079
0,6103516 0,406901 0,2892811
0,8138021 0,3941855 0,2940495
0,8138021 0,4100799 0,3035861
0,6103516 0,3782909 0,2845128
1,017253 0,4164377 0,3004072
1,017253 0,3910066 0,2892812
0,8138021 0,4291534 0,3004072
0,8138021 0,4259744 0,303586
0,6103516 0,4259744 0,3115333
0,8138021 0,4641213 0,3369643
0,8138021 0,4132589 0,3035861
0,8138021 0,4482267 0,3226593
1,017253 0,4514057 0,3226593
0,8138021 0,4450478 0,3258382
0,8138021 0,4609424 0,3385537
0,6103516 0,4482267 0,3337854
0,8138021 0,4514056 0,3306065
0,8138021 0,4641213 0,3417326
0,8138021 0,470479 0,3639852
0,6103516 0,4736579 0,3639852
0,8138021 0,4831946 0,3623957
0,8138021 0,4800158 0,3560378
0,8138021 0,4800158 0,3671641
1,017253 0,4927314 0,3767009
1,017253 0,4990892 0,3973641
1,017253 0,5118049 0,4069009
1,220703 0,5181627 0,4053113
0,8138021 0,4927314 0,3925956
1,017253 0,5435942 0,4291534
0,8138021 0,5213417 0,4227956
1,017253 0,5213417 0,4148482
1,017253 0,5467732 0,4291535
0,8138021 0,5118049 0,397364
