0,8138021 0,4259748 0,3131238
1,017253 0,4450485 0,3242503
0,8138021 0,4275643 0,3139185
0,6103516 0,4529957 0,3369663
0,8138021 0,4450485 0,3465028
1,220703 0,4609431 0,3488871
1,017253 0,4514063 0,3465029
0,8138021 0,4688904 0,3623973
0,8138021 0,4657115 0,3623973
0,8138021 0,4975009 0,3814706
1,017253 0,4863746 0,3782917
1,017253 0,4625326 0,3671654
1,017253 0,5133952 0,4069014
0,8138021 0,4768378 0,3814704
1,220703 0,4895535 0,3933911
0,8138021 0,5165741 0,4029278
0,8138021 0,508627 0,4045173
1,017253 0,5070375 0,4053119
0,8138021 0,5229318 0,4100803
1,017253 0,5165741 0,4164379
1,017253 0,5022693 0,4037225
1,017253 0,491143 0,3918017
1,017253 0,5245214 0,4212062
0,8138021 0,5483628 0,4442529
1,017253 0,5594889 0,4474318
0,8138021 0,5261107 0,4267692
1,220703 0,5706149 0,4529948
1,220703 0,581741 0,4696838
1,017253 0,6071721 0,4816046
1,424154 0,6135299 0,4839888
6,713868 0,6707506 0,5205456
6,103516 0,7549921 0,576178
6,306965 0,7438657 0,5658463
5,493165 0,7613498 0,5841255
4,882813 0,8392333 0,6484999
6,103516 0,8789701 0,6858519
5,289714 0,9663913 0,7406886
4,882813 1,05381 0,8145972
7,324216 1,312891 0,9695678
7,934569 1,598996 1,147588
12,20703 2,215701 1,512368
20,75196 3,258387 2,115564
30,92445 4,803338 3,091493
84,63556 7,373493 4,652342
96,4355 10,97838 7,161298
109,6596 15,58304 9,950794
92,97689 20,6693 13,30932
100,5045 27,74239 17,73676
122,2733 38,04684 24,86308
105,3873 47,96985 32,71342
109,863 57,60672 39,94547
131,0216 68,41187 48,36483
145,8733 76,64846 54,88637
138,7526 88,1974 65,6438
158,6907 89,61044 66,60622
154,418 98,22202 76,03963
146,0767 101,2165 80,02121
166,4222 103,9138 82,31717
166,2184 111,8626 90,33115
169,2702 113,6348 92,70104
188,1917 115,8568 96,01664
171,5083 117,6004 97,75226
169,4737 118,2569 100,7364
190,8367 122,2145 104,2165
173,7463 123,3923 106,2097
172,5257 124,8006 108,3475
170,4911 126,2756 110,3534
163,5735 125,8035 109,7255
169,0668 129,6023 113,9638
178,4259 131,1631 115,9562
179,4431 133,1499 117,4789
188,3952 137,3873 120,707
192,0574 139,3106 124,1553
185,1399 137,5606 122,5619
179,0362 136,928 123,3303
186,971 139,2692 124,8936
188,8021 137,462 125,1813
192,0574 141,976 126,7246
191,6505 144,9038 129,019
189,616 146,854 131,5397
192,2609 149,1334 134,8236
192,0574 152,2822 135,7249
192,0574 148,1749 134,7147
187,7848 151,0629 137,4629
192,0574 151,357 136,3233
192,2609 152,3281 137,5225
192,2609 150,1935 137,3611
192,0574 152,6461 137,7418
191,8539 155,6851 139,7056
192,0574 159,5284 143,3525
192,0574 159,2948 143,4567
192,2609 157,7434 139,3003
192,2609 157,8881 142,863
192,2609 162,372 145,221
192,2609 161,9333 144,5423
192,2609 163,6865 147,3445
192,2609 164,1092 146,8947
192,0574 164,6989 147,509
192,2609 167,444 149,6667
192,0574 166,2535 148,5962
192,2609 165,6447 148,7098
192,0574 166,1073 147,7196
192,2609 168,9286 150,8549
192,2609 167,0466 148,8482
192,2609 168,3882 150,0458
192,2609 170,7772 152,9839
192,2609 174,1786 154,045
192,2609 172,5844 154,7721
192,2609 171,2508 152,5731
192,2609 171,618 153,8105
192,2609 173,5175 153,3662
192,2609 175,3375 156,2153
192,2609 174,5808 155,8633
192,2609 177,5786 157,8501
192,4643 176,226 157,467
192,4644 174,3901 156,5777
192,2609 177,9872 158,1975
192,2609 176,636 157,0013
192,2609 179,6211 159,5556
192,2609 180,2744 160,2772
192,2609 179,8627 160,0142
192,2609 179,4447 159,7567
192,2609 180,5224 160,155
192,2609 181,5667 160,642
192,2609 180,8657 161,1555
192,2609 182,1914 162,0065
192,2609 179,2334 159,9808
192,4643 184,0145 163,2583
192,2609 182,8049 162,2903
192,2609 181,5921 162,5009
192,2609 183,2897 162,4334
192,4644 182,6603 161,9924
192,2609 182,5601 161,6395
192,2609 182,2932 161,3463
192,2609 184,005 163,3044
192,2609 184,617 163,9585
192,2609 183,9223 163,7105
192,2609 185,9283 165,4875
192,2609 182,5314 163,4554
192,2609 182,824 162,1282
192,2609 185,6072 166,1647
192,2609 185,8886 167,1501
192,4643 186,5275 165,4526
192,4643 187,2539 167,2893
192,2609 186,882 168,2334
192,2609 186,5451 166,0383
192,2609 187,494 169,7807
192,4643 186,8216 167,6803
