0,8138021 0,4069011 0,3019972
0,8138021 0,4275643 0,3147132
0,8138021 0,4386906 0,3258398
0,8138021 0,467301 0,3417347
0,8138021 0,4609431 0,3449136
1,017253 0,4529957 0,343324
0,8138021 0,4704799 0,368755
0,8138021 0,4816062 0,3719339
0,8138021 0,4704799 0,3751127
1,017253 0,4975009 0,3949806
1,017253 0,5356473 0,4196168
1,017253 0,5149847 0,4116696
1,017253 0,5420051 0,427564
1,220703 0,5690255 0,4537895
0,8138021 0,5245213 0,4259745
1,017253 0,5944565 0,4712733
1,220703 0,6167088 0,4911412
1,627604 0,6739298 0,5276986
1,220703 0,6993612 0,5642573
1,627604 0,7613497 0,5912783
1,424154 0,7454553 0,6143264
1,220703 0,8138021 0,6572416
1,424154 0,8837391 0,6794944
1,831055 0,9314232 0,7224097
1,627604 1,012485 0,7836028
2,034505 1,037916 0,7971128
2,034505 1,028379 0,8018808
1,831055 1,063346 0,837643
1,831055 1,05381 0,8217483
1,831055 1,141229 0,8702264
3,458659 1,211166 0,9036051
2,644857 1,19845 0,9091683
3,255208 1,228651 0,9195
2,848307 1,244546 0,9703634
3,051758 1,308125 0,9997685
3,458659 1,330377 1,0252
3,051758 1,427334 1,065732
3,458658 1,46548 1,087984
3,458659 1,517932 1,126927
3,458659 1,506806 1,124543
4,06901 1,640318 1,20163
3,86556 1,697538 1,261233
3,255208 1,804034 1,35978
4,475912 1,920064 1,440843
4,475912 1,986822 1,468659
4,882813 2,075832 1,54098
5,900065 2,171198 1,601379
5,086263 2,261796 1,716612
5,696614 2,382596 1,755555
4,069011 2,444588 1,835824
7,324218 2,63532 1,975695
7,324216 3,005662 2,221264
7,527669 3,167788 2,28405
6,103516 3,509522 2,543926
6,917317 3,832182 2,826852
7,934571 4,250208 3,119309
10,17252 4,660291 3,517469
9,15527 4,930496 3,724098
12,81738 5,394615 4,096825
12,00358 5,814232 4,345575
13,83464 6,357828 4,831948
14,44499 6,623265 4,917778
14,64844 7,29084 5,485217
12,41048 7,696153 5,7745
12,61393 8,27312 6,20365
15,05534 8,862811 7,000762
16,27605 9,401642 7,572973
17,08984 10,02471 8,001329
15,6657 10,47611 8,473397
21,3623 10,99745 8,902548
27,05892 11,52993 9,468397
18,10709 11,80331 9,636082
21,97265 12,11007 9,891984
18,71744 12,45657 10,27028
17,70019 12,94136 11,16753
20,5485 13,78218 11,35588
21,15885 14,17478 12,08702
24,00716 14,48472 12,24359
21,15885 14,81374 12,69181
24,61751 15,3621 13,1019
26,65202 16,14253 13,81874
28,68653 16,40638 13,92365
24,21061 17,0374 14,64129
24,00716 17,36641 14,45771
28,68653 18,02603 15,12527
26,44856 18,66976 15,87312
27,87273 19,85073 16,84189
27,66928 20,96971 17,75346
31,94174 22,52739 19,48754
28,68653 23,17429 20,22267
34,1797 23,99127 20,92918
31,53484 24,25035 21,02613
36,41766 24,99422 21,72152
32,5521 25,1007 21,739
34,38315 25,44721 21,88365
33,16245 26,86978 23,42542
34,79006 27,20992 23,75523
34,1797 27,31323 24,04928
37,84181 28,09842 24,83925
38,04527 28,84547 25,28906
37,84182 29,04098 25,68008
37,63837 29,61478 26,12194
36,41766 29,61159 26,65679
42,92807 30,14247 26,54394
39,67287 29,89451 26,79111
37,63837 30,45242 27,31324
41,50391 30,40155 27,74476
38,85907 30,79255 27,65258
38,65562 30,92449 27,40225
38,24871 31,05958 28,07696
40,28322 31,16927 27,46106
41,09703 31,19787 27,62318
40,69012 31,01191 27,44357
39,26598 31,79391 27,94664
40,07977 31,26145 27,92596
42,72463 31,21059 28,12147
40,69012 31,75577 28,5411
38,45218 31,59524 28,3583
43,74187 31,64291 28,00466
39,06252 31,14224 27,77974
36,62111 31,24874 28,01895
41,70736 31,20741 27,80517
40,48668 31,6906 28,49897
40,48666 31,53324 28,12941
43,13153 31,83206 28,33685
38,85907 31,80663 28,09206
38,45217 31,64928 28,59832
41,30046 32,04664 28,4036
40,07977 31,89088 27,91564
43,33498 31,74305 28,03485
38,85907 31,74146 28,33049
41,50392 32,15948 28,69129
40,48668 31,91631 28,59753
40,07978 31,77961 28,33922
40,69012 32,19447 28,18107
39,87632 31,51258 28,1914
41,70737 32,01803 28,84229
37,43491 31,46331 28,10478
41,09703 31,53642 28,35592
38,85906 31,58093 28,73581
42,72462 31,75894 28,3615
40,69012 31,50146 27,96969
42,11427 32,28983 29,07673
42,72462 32,50441 29,23727
38,24872 32,09591 28,90347
39,87631 31,69696 28,40122
42,52118 32,14042 29,00045
44,35222 31,79551 28,77872
41,70737 31,74305 28,29552
40,48666 32,2183 28,88759
41,30046 32,70625 29,07197
41,91082 32,26758 28,64997
40,28323 31,52529 28,02212
43,53843 31,71444 27,97048
41,09702 32,44083 28,77951
40,89357 32,10704 28,69368
42,31772 32,51394 28,53711
40,69013 32,2787 29,00124
40,07977 32,05299 28,81209
40,07977 32,57276 28,87964
40,89356 32,13088 28,64201
45,36947 32,33115 29,10376
40,48668 32,73646 28,92971
38,04528 32,17221 28,5546
40,89358 32,33274 28,40519
44,35221 32,72217 29,21424
40,07977 32,2946 29,07437
42,31771 32,99873 28,9925
40,69012 32,73169 28,97182
40,28322 32,51234 29,53848
39,67287 32,36613 29,21264
39,26597 31,95444 28,2073
38,24872 32,4901 28,91223
42,52118 32,81752 29,24522
43,53842 32,51553 29,04893
38,24873 31,76053 28,42983
40,89358 32,81118 29,75623
41,30047 32,63157 29,02905
39,67287 32,54572 29,33502
41,70736 32,69515 28,8415
40,89358 32,5791 28,97738
40,07978 32,6697 29,06798
40,89357 32,86203 29,5345
39,87631 33,00508 29,62272
40,89357 32,67924 28,46162
40,07977 32,21513 28,46639
42,92808 32,93038 29,49795
45,36947 32,67765 29,3533
41,30048 32,75394 29,36125
44,35223 32,53301 28,86136
44,14876 32,81434 28,92733
41,09702 33,01463 29,52417
40,28322 32,11499 29,20072
41,09702 32,12453 28,42347
42,31771 32,63951 29,49
41,50393 32,65858 29,12919
41,09703 32,73646 29,13077
41,30047 32,87475 29,4439
41,70738 32,70786 29,11965
42,72462 32,61407 28,80255
43,13153 32,82072 28,46322
38,65562 33,09092 29,43596
41,50391 32,56322 28,8423
39,87632 32,08797 29,36363
43,74186 33,14019 30,1536
40,48667 32,78574 29,16257
44,55568 33,12906 29,5496
42,31772 32,32639 28,58958
43,74187 32,96853 29,33901
41,09702 32,29777 28,75646
41,30046 32,07524 29,14031
39,87632 32,45514 29,3875
44,75912 32,67765 28,84706
46,79361 32,5664 28,89395
39,87632 32,49645 29,30244
41,30047 33,20852 29,97636
41,09703 32,33592 29,31754
36,82456 32,2946 29,03859
43,74188 32,45831 29,27225
42,11428 32,59342 28,98455
37,84182 32,4297 28,50772
43,13152 32,97647 29,39304
41,70737 33,16085 29,53133
41,91083 32,62997 29,04812
38,45217 32,59977 29,4288
40,48666 33,16721 29,40973
41,50391 32,41222 29,24443
45,36946 32,53142 28,76123
40,28322 32,76348 28,86533
42,72462 33,13065 29,55595
39,46943 33,18628 29,96208
43,33498 32,99078 29,88418
40,69012 33,38021 29,96842
43,94533 33,15607 29,18561
42,92807 33,2594 28,99012
41,70737 32,72533 29,20786
41,30047 32,72693 29,05052
40,69012 32,72533 28,89792
41,30047 32,81434 29,21819
42,11428 33,10999 28,86455
40,48668 32,533 29,19594
43,94533 32,60613 28,18425
39,67287 32,34706 28,98457
42,72463 33,16404 29,04893
41,70737 32,54414 28,56018
43,13153 33,43741 29,95889
39,46941 33,0925 29,42086
41,91082 33,08932 29,29927
44,14877 33,06548 28,96308
41,70736 32,81594 29,28973
40,28321 33,00668 28,81051
41,50393 32,95581 29,88657
42,72462 32,90494 28,98774
39,67287 32,9733 29,54484
44,35221 33,35318 29,31039
43,53842 33,10522 29,63544
41,09701 33,28325 29,85398
42,72462 33,1529 29,88497
41,09703 33,30231 30,13055
43,94532 33,01302 29,23885
42,11427 33,04482 29,57581
43,13153 33,41835 29,6108
45,57291 33,38178 29,4129
41,30047 32,87157 28,79541
42,11428 32,93674 28,79859
43,53842 33,81094 29,38509
44,14878 33,37702 29,30801
43,33496 33,04799 29,73
43,53843 33,3055 29,51781
43,94532 32,84137 29,37079
43,74186 33,66153 30,50408
41,50391 32,70467 29,74193
42,72462 32,80641 28,67699
41,30049 33,08456 29,43438
43,94532 33,61226 29,79359
44,75912 33,89359 29,5194
43,33496 33,13701 29,16018
41,70737 33,71556 29,83173
43,53842 32,93197 28,97262
43,74188 33,72195 29,58934
44,55568 32,81911 28,88839
40,89357 33,11952 29,8667
42,72463 33,33091 29,91279
42,11427 32,83025 28,70243
40,69012 33,50735 29,84047
43,74187 33,08773 29,59092
42,52117 32,75872 29,59093
43,33497 33,06548 29,61318
42,31772 33,05436 29,98512
41,50391 33,14813 29,4582
39,46942 32,88905 28,7056
43,94532 33,08614 29,43595
44,75912 33,29914 29,37635
45,36947 33,13541 29,78246
39,67286 32,44083 29,38111
40,69012 33,23555 29,5504
41,50393 32,98124 29,9565
41,50392 33,5169 29,78247
39,87633 33,1227 29,61715
39,06252 33,23555 29,61079
48,82812 33,30389 29,43833
43,74186 33,30391 29,82857
41,30047 33,50577 29,42086
46,99707 33,19741 29,51782
44,35222 33,43742 29,38589
43,53842 32,7746 29,04415
45,36947 33,67265 29,86432
43,13152 33,1831 29,17369
43,74187 33,13702 29,62034
41,50392 33,3357 29,79359
42,31772 33,41675 29,77053
47,40397 32,96853 29,39304
45,77637 33,22285 29,31516
42,31772 33,47399 30,14087
44,35223 33,34204 29,76975
43,74187 33,06071 30,14485
43,13152 33,0178 29,77768
40,89357 33,43106 29,3843
43,74187 32,99237 29,4924
41,30047 32,8525 28,86773
39,46942 33,37542 30,20605
39,46942 33,21171 29,47489
41,91082 33,46922 29,40417
42,72463 33,48032 29,98908
41,91082 33,32139 29,57265
43,74188 33,51689 29,65054
42,92807 33,16562 30,08922
38,65562 32,73328 28,85501
40,69012 33,2006 29,59173
41,91082 33,04164 29,04654
41,30047 32,99555 28,87169
46,59018 33,26415 29,67834
45,57293 33,32457 29,82855
42,52117 33,08296 29,80312
42,52117 33,21489 28,97103
43,13152 33,17516 29,64577
41,70738 33,11633 29,56945
41,30049 32,90495 29,32867
40,89357 33,20058 30,02406
46,59017 33,01144 29,03859
44,55567 33,37224 29,97397
41,50391 32,90018 28,97501
43,53843 33,04164 29,39621
46,59018 33,81092 30,04313
42,11427 33,82048 30,36261
39,26597 32,7174 29,14668
40,28323 33,70286 29,9422
42,52118 33,10522 29,47252
43,13153 33,60431 30,40393
41,50391 34,00169 30,4254
43,33497 33,61543 30,27279
41,70738 33,44219 29,50431
44,55566 33,71239 29,84444
42,11426 33,8491 29,62511
44,75911 34,04459 30,21717
40,69012 33,66948 29,57662
43,13151 33,75054 29,85955
42,92807 33,59 30,14327
41,50392 33,10999 29,31754
44,14877 33,44059 29,95333
42,72462 33,55344 30,01292
42,31773 33,74101 30,29109
41,91083 33,28165 30,07413
42,31771 33,19741 28,75727
40,89358 33,40721 29,9724
41,30048 33,76484 30,0185
44,35222 33,90313 29,83729
42,72462 33,16243 29,68629
42,31771 33,76326 29,87225
40,48668 33,45331 29,63781
41,50392 33,47081 30,05268
39,67288 33,31345 29,49557
45,57292 32,87793 29,37078
42,72462 33,5471 29,83094
39,87632 33,02257 29,17608
43,74186 33,0035 29,41449
44,55569 33,59158 30,29901
42,52117 33,33886 29,0823
41,50391 33,19106 29,90484
43,13152 33,80617 29,84206
46,38672 33,74895 30,03835
39,26596 32,86999 28,93846
40,89357 33,47557 30,13771
41,30047 33,39927 30,03199
42,72462 33,29277 29,39225
40,07977 33,11157 29,63781
40,28322 33,30708 29,55199
42,31772 33,61544 29,84364
46,99708 33,72034 29,59888
42,72462 33,85068 29,99941
42,92807 33,72988 29,70616
44,14878 33,37701 29,67278
44,75912 33,31821 29,41848
44,96258 33,88087 29,93345
43,33498 33,4231 29,84682
41,50393 33,91267 30,34831
42,72461 33,56775 30,17583
41,09701 33,30707 29,47092
41,30047 33,86499 30,21479
44,35221 34,01439 30,21638
43,13152 33,199 29,33344
39,46942 32,82708 29,31595
43,13151 33,21013 29,51542
45,9798 33,79186 30,52314
42,52117 33,70763 29,89928
43,53843 33,43424 29,36761
41,70737 33,75531 30,16711
39,87631 32,85727 29,15145
44,96259 33,71558 29,55914
40,69012 32,9717 28,7048
43,33497 33,44854 30,2116
42,11427 33,76484 29,9859
46,99708 33,53755 29,63145
41,91082 32,96376 29,38668
41,70738 33,17039 29,51861
41,50392 33,28642 29,90803
46,18328 33,58523 29,55993
44,14877 33,57728 29,9875
41,09702 33,23237 29,90086
42,11427 33,34364 29,78087
41,91082 34,03665 29,88656
40,69012 33,14018 29,22138
42,11427 33,45013 29,64656
41,91082 33,28482 29,55198
43,13151 33,39133 29,55359
39,46943 32,86681 29,19436
43,74187 33,43424 30,09637
44,75911 32,91289 28,5689
44,14877 33,64088 29,43675
42,52117 33,76009 30,22592
47,81087 33,54708 30,05027
40,89358 33,3516 29,86273
41,70737 33,16722 29,55835
42,92807 33,30708 29,88816
43,33498 33,68538 29,99069
39,46941 33,26892 30,03598
42,52118 34,07161 30,30459
46,59018 33,71239 29,58297
41,50393 32,93832 29,23092
44,75911 33,87769 30,33955
39,06252 32,97012 29,49636
41,70737 33,0639 30,19174
43,74187 33,33569 29,8055
42,11427 33,42788 29,93742
43,53841 33,5137 29,46296
40,28322 33,3802 29,35569
40,48667 33,54231 29,82695
40,48668 33,41199 29,49795
40,69012 33,17834 29,7324
41,70737 33,66629 29,94457
44,35223 33,91902 30,10273
41,50393 33,62656 29,65928
42,52117 33,39292 28,77791
41,70738 33,55821 30,01611
43,53843 33,51371 29,87941
45,16601 33,51529 29,17369
43,74187 33,57571 30,27042
41,70737 33,29595 29,459
42,11426 33,83002 29,81982
42,11428 33,77597 30,38406
44,35223 33,56775 29,92312
42,11426 33,84114 29,98035
43,53841 33,68539 29,69266
40,07977 33,29277 29,89768
40,89357 33,74419 30,24499
44,96257 33,37543 29,77452
40,07977 33,32933 29,73477
41,30047 33,31025 29,77054
42,11427 33,44535 30,40789
43,33495 33,6647 29,76734
42,11427 33,88407 29,9732
42,31772 33,41199 29,28417
43,53842 33,16243 29,79994
40,07977 33,47239 30,52553
42,52117 33,64565 30,17982
41,91082 33,27688 29,31278
41,91081 33,5439 29,87623
43,74186 33,43741 29,93504
44,75911 33,29436 28,8415
47,60743 33,76484 30,21002
43,13151 33,41039 30,16313
39,46943 33,02735 28,9337
43,13151 33,8602 30,00181
41,70737 33,45649 29,92869
43,74187 33,66314 30,44925
42,72462 33,82206 30,56765
40,48668 33,24032 29,74113
42,11426 33,51688 30,48182
39,67288 33,28801 29,34376
39,67288 32,96694 29,64179
43,13151 33,81253 29,86591
42,92807 33,76642 29,85556
40,48666 33,52801 29,69741
40,69012 33,79824 30,44447
41,09703 33,803 30,06221
41,70738 33,32615 29,79516
43,13151 33,84909 30,22673
43,94533 33,8618 30,13691
41,50393 33,39291 29,7006
48,42122 33,67902 29,49714
41,91082 33,84273 29,92629
