0,8138021 0,4275642 0,3131238
0,6103516 0,3751117 0,286897
0,6103516 0,4164379 0,305971
0,8138021 0,4609431 0,3393505
0,8138021 0,467301 0,3472978
0,8138021 0,4625326 0,3512712
0,8138021 0,4593536 0,3512712
1,017253 0,4529957 0,3457082
1,017253 0,4609431 0,3528606
0,8138021 0,4641221 0,3608078
0,8138021 0,4863746 0,3767022
0,8138021 0,4784272 0,3703444
1,017253 0,4895535 0,3862388
1,220703 0,508627 0,4045173
0,8138021 0,5102164 0,4053119
1,220703 0,5165741 0,4069014
1,017253 0,5324685 0,4251798
1,017253 0,5372368 0,4347163
1,220703 0,534058 0,4259745
1,220703 0,5356473 0,4347163
1,017253 0,5467734 0,4371004
1,017253 0,5769727 0,4529949
0,8138021 0,5594888 0,457763
1,424154 0,6182982 0,4855782
1,017253 0,6198878 0,486373
1,017253 0,610351 0,4823993
1,220703 0,6389613 0,5014727
1,627604 0,6739298 0,5213405
1,831055 0,6945927 0,5284931
1,627604 0,7295607 0,5507462
1,627604 0,7804231 0,6095576
4,069011 0,8265175 0,6413473
5,086263 0,952086 0,7311518
5,696614 1,125335 0,83526
22,37957 1,430513 1,037914
14,24154 1,853308 1,282694
26,65202 2,741814 1,815159
65,71457 4,92891 3,008845
63,68004 7,556276 4,570486
63,8835 12,2865 7,390974
67,13873 19,02103 11,51801
107,4218 30,82276 18,85176
89,72168 37,4206 24,68268
90,94241 44,77821 30,94991
96,63894 49,88513 34,83138
107,6253 56,69596 41,07795
98,87698 59,32492 44,34905
100,0977 63,60058 48,22256
117,3906 68,64553 52,43225
120,4425 73,32327 54,74331
131,6325 79,05802 61,9793
124,715 82,91087 64,73701
124,3081 87,74598 69,88205
137,9394 92,23463 74,16648
149,1284 97,59266 78,5422
162,1499 101,5345 82,1821
215,0471 104,8501 85,66617
209,5541 104,3764 84,95806
163,1666 106,6064 85,86958
157,2664 107,9463 88,45885
149,536 109,3212 90,10633
158,6905 111,2698 92,01601
158,0804 110,8057 92,18614
164,998 114,3485 96,23841
161,1328 119,538 100,0117
175,5774 121,1258 101,3714
171,5083 125,5143 108,8069
183,9191 129,4608 113,816
185,5468 131,7449 116,611
191,0401 132,4172 117,5329
180,6638 130,3271 117,188
191,8539 138,7972 125,7463
192,4643 138,724 125,9617
181,0709 139,2422 124,4525
185,3433 140,4199 127,1879
192,0574 143,273 130,8508
187,5813 144,88 130,4876
186,1572 143,8722 130,5384
183,3087 144,481 132,333
190,4298 146,5616 133,7507
190,0228 149,6388 137,2483
192,0574 151,6066 136,9797
191,447 154,7696 140,575
192,2609 153,544 140,6004
192,4643 156,1476 142,0897
191,8539 156,0571 142,8686
192,4643 159,735 144,3594
192,2609 158,562 145,1971
192,6678 163,1047 147,5122
192,6678 161,7681 147,0394
192,2609 166,6779 151,0512
191,8539 162,9171 147,4263
192,2609 168,1466 153,181
192,6678 169,7218 152,3283
192,4643 167,4361 151,0416
192,4644 169,3466 153,0546
192,2609 168,9525 152,0866
192,4644 169,7758 153,4226
192,4643 169,6788 152,6247
192,4643 174,6381 155,5693
192,4643 175,1546 156,6031
192,2609 172,6813 155,4929
192,4644 179,1395 160,4354
192,4643 179,5941 159,4285
192,4643 177,8362 158,8086
192,4643 179,2556 160,2454
192,4643 179,8819 159,887
192,4643 182,8208 163,2226
192,4643 183,1307 164,5131
192,4643 182,4839 163,3251
192,4643 181,9133 162,8355
192,4643 181,3299 161,8016
194,2954 182,6761 163,3688
192,4643 179,5353 161,5782
192,8713 183,6347 165,1864
192,4643 182,2835 162,7647
192,4643 184,698 164,7929
192,4643 184,9618 167,2344
192,6678 182,8685 163,4005
192,4643 184,3975 166,8186
192,4643 184,3452 165,5741
192,4643 185,2623 165,8754
192,4643 185,0461 164,5426
192,4644 186,1874 168,0259
192,4643 183,5727 164,8589
192,6678 185,0302 166,589
192,4643 186,8708 168,5584
192,4643 184,237 165,8618
192,4643 186,4416 166,6701
192,4643 187,0107 167,3266
192,4643 185,5436 166,2742
192,4643 187,5989 168,595
192,8712 186,4942 166,1082
192,6678 186,8407 167,5665
192,4643 183,3771 163,3123
192,4643 185,2909 165,0544
192,4643 185,2385 166,1361
192,4643 186,51 166,5287
192,4643 185,4928 166,2354
192,4643 185,5421 166,5549
194,2954 187,219 168,5552
192,4643 189,1201 167,8894
