0,6103516 0,2559029 0,1613299
0,6103516 0,2495451 0,1462301
0,6103516 0,2511346 0,1573562
0,6103516 0,2400083 0,1486143
0,6103516 0,2638502 0,1541774
0,4069011 0,2479557 0,1549721
0,6103516 0,2463662 0,1565615
0,6103516 0,2479557 0,1525879
0,6103516 0,2463662 0,1565615
0,4069011 0,2479557 0,1645087
0,6103516 0,2352399 0,1486142
0,6103516 0,2495451 0,1629193
0,6103516 0,2511346 0,1478196
0,8138021 0,2638502 0,1684824
0,6103516 0,2415978 0,1486143
0,6103516 0,2543135 0,1502037
0,6103516 0,2606713 0,1533826
0,6103516 0,2511346 0,149409
0,6103516 0,2384188 0,1533826
0,6103516 0,2447767 0,1525879
0,4069011 0,2463662 0,1557668
0,6103516 0,2527241 0,1613299
0,6103516 0,2622608 0,1835821
0,4069011 0,2463662 0,1684824
0,6103516 0,2447767 0,1653035
0,4069011 0,2415978 0,1589457
0,6103516 0,2559029 0,1716613
1,017253 0,2638502 0,1637141
0,6103516 0,2543135 0,1645088
0,6103516 0,2495451 0,1668929
0,4069011 0,2415978 0,154972
0,4069011 0,2463662 0,1525879
0,6103516 0,2527241 0,1605351
0,6103516 0,2495451 0,1605351
0,6103516 0,2479557 0,1565615
0,6103516 0,2622608 0,1796085
0,6103516 0,2527241 0,1502037
0,6103516 0,2447767 0,1589457
0,6103516 0,270208 0,1843769
0,6103516 0,2511346 0,1692771
0,6103516 0,2511346 0,1660982
0,6103516 0,2495451 0,1565615
0,6103516 0,2606713 0,1708666
0,6103516 0,2495451 0,1676876
0,6103516 0,2431872 0,1668929
0,4069011 0,2463662 0,1613299
0,6103516 0,2527241 0,1589457
0,4069011 0,2400083 0,154972
0,6103516 0,2574924 0,1700718
0,8138021 0,2574924 0,181198
0,6103516 0,2511346 0,1565615
0,6103516 0,2590819 0,1613299
0,4069011 0,2384188 0,1517932
0,6103516 0,2590819 0,1700718
0,6103516 0,2574924 0,163714
0,4069011 0,2495451 0,158151
0,6103516 0,2511346 0,1621246
0,8138021 0,2574924 0,163714
0,6103516 0,2670291 0,172456
0,6103516 0,2606713 0,1700718
0,6103516 0,2638502 0,1835821
0,6103516 0,2527241 0,1676877
0,6103516 0,2638502 0,1835822
0,6103516 0,2590818 0,181198
0,8138021 0,2559029 0,1764296
0,6103516 0,2559029 0,1732507
0,6103516 0,2447767 0,1653035
0,6103516 0,2400083 0,1613298
0,6103516 0,2511346 0,1589457
0,6103516 0,270208 0,1764296
0,6103516 0,2590818 0,1780191
0,8138021 0,2654397 0,166893
0,8138021 0,2543135 0,1732507
0,6103516 0,2543135 0,1740454
0,8138021 0,2654397 0,1716613
0,6103516 0,2543135 0,1796085
1,017253 0,2733869 0,181198
0,6103516 0,2622608 0,181198
0,4069011 0,2384188 0,1653035
0,8138021 0,2622608 0,1835821
0,6103516 0,2543135 0,1621246
0,6103516 0,2431872 0,1621246
0,6103516 0,2511346 0,1605351
0,6103516 0,2527241 0,1700718
0,6103516 0,2686186 0,1867611
1,017253 0,2686186 0,1875558
0,6103516 0,2717974 0,1796085
0,8138021 0,2606713 0,1740455
0,8138021 0,2622607 0,1748402
0,8138021 0,2717975 0,181198
0,6103516 0,2622608 0,1756349
0,6103516 0,2590819 0,1796085
0,6103516 0,2606713 0,1851716
0,6103516 0,270208 0,1819927
0,6103516 0,2670291 0,1819927
0,6103516 0,2717974 0,1962977
0,6103516 0,2590818 0,1859663
0,4069011 0,2574924 0,1756349
0,6103516 0,2717974 0,1835821
0,6103516 0,2670291 0,1788138
0,4069011 0,270208 0,1883505
0,6103516 0,2527241 0,1748402
0,6103516 0,270208 0,1923241
0,6103516 0,2733869 0,1907346
0,8138021 0,2654397 0,1756349
0,6103516 0,2829235 0,201066
0,6103516 0,2956389 0,2129868
0,6103516 0,2749763 0,1891452
0,6103516 0,2765658 0,1962977
0,6103516 0,2733869 0,1899399
0,8138021 0,2781552 0,2026555
0,6103516 0,2749763 0,2002713
0,6103516 0,3051756 0,2185498
0,6103516 0,2638502 0,2018608
0,6103516 0,3004072 0,2161657
0,6103516 0,2940495 0,2113974
0,6103516 0,2924601 0,2121921
0,8138021 0,2892812 0,2145763
0,6103516 0,2797446 0,2018607
0,8138021 0,2892812 0,2145763
0,8138021 0,306765 0,2145762
0,6103516 0,2972284 0,2145762
0,6103516 0,2861024 0,2106027
0,6103516 0,3083544 0,2296759
0,6103516 0,2892812 0,2161657
0,8138021 0,3210699 0,2376231
0,6103516 0,2956389 0,2272918
0,8138021 0,3226593 0,2415967
0,8138021 0,3131227 0,2336496
0,8138021 0,34968 0,2614651
0,8138021 0,3576273 0,2614651
0,8138021 0,3512695 0,2590809
0,8138021 0,3751115 0,2694127
1,017253 0,4021325 0,2884866
1,627604 0,4100799 0,2940498
1,220703 0,4434588 0,3131238
1,220703 0,4704799 0,3353767
1,017253 0,4831956 0,3584237
2,237956 0,5865095 0,4204119
2,848307 0,6262455 0,4625317
3,86556 0,7168447 0,5269033
3,051758 0,8757911 0,6318102
7,527668 1,195271 0,8249292
6,713866 1,505216 1,032352
7,120767 2,066294 1,380444
8,748369 2,783139 1,861254
9,969072 4,15961 2,810955
12,81738 5,831717 4,050731
13,63119 6,818771 5,125998
12,61393 8,095104 6,308557
13,63119 8,897781 7,372696
15,25879 9,899141 8,224648
15,25879 10,40936 8,902554
16,0726 11,10872 9,555816
14,85189 11,28991 9,955564
17,2933 11,84146 10,40379
14,85189 11,82239 10,4467
17,90366 11,99087 10,63268
17,70021 12,30081 10,89891
18,10711 12,45658 10,98077
17,90366 12,4073 11,12381
17,49676 12,49631 11,10315
20,14161 12,92865 11,41151
19,53126 12,83487 11,47509
17,49676 12,90639 11,61257
17,70021 13,08601 11,65629
21,36231 13,6137 12,16094
20,54851 13,43251 11,98053
20,14161 13,61211 12,10292
18,10711 13,56443 12,17763
18,71746 13,51197 12,07352
19,53126 13,51516 12,03537
19,73471 14,0206 12,48996
21,56576 14,04921 12,3612
20,14161 14,14458 12,59646
25,22786 14,05398 12,6489
20,54851 14,14935 12,62109
19,32781 13,93637 12,31114
21,15886 14,49903 12,80546
19,53126 14,18273 12,6799
19,53126 14,77082 13,25608
19,12436 14,48631 12,78242
23,80371 14,68977 13,03514
20,14161 15,1809 13,55011
19,53126 14,78514 13,17979
25,02441 15,03627 13,32124
20,75196 15,22859 13,4031
22,37956 15,76583 13,82193
20,95541 14,94567 13,3578
25,43131 15,50834 13,65185
20,75196 15,60052 13,71145
22,58301 15,54807 13,63277
27,0589 15,53694 13,84417
25,22786 16,06146 14,0667
25,0244 15,85007 14,17875
24,61751 16,12664 14,07544
24,21061 16,02014 14,21769
23,19336 16,40161 14,40684
26,24511 15,92 13,98007
21,56576 16,00743 14,13585
22,98991 16,39843 14,57055
26,85546 16,04399 14,2471
23,80371 16,17273 14,28684
23,80371 16,35552 14,44658
28,88995 16,29353 14,38142
25,4313 16,53513 14,70884
23,60026 16,87845 14,83997
22,78646 16,40003 14,38618
27,4658 16,88004 14,83759
26,24511 17,09463 14,74858
24,00716 16,77513 14,59201
28,2796 16,32214 14,45055
25,02441 17,07237 14,97348
23,60026 17,01037 14,95203
35,6038 17,49197 15,05693
25,83821 17,02308 14,98063
28,48305 17,37436 15,21031
28,07615 17,76059 15,53536
27,0589 17,38231 15,08872
25,43131 17,29647 15,0768
23,39681 17,08984 15,045
22,98991 17,11368 15,01321
36,62104 17,67954 15,55523
24,41406 17,5349 15,46463
30,11065 17,63504 15,44555
23,80371 17,44589 15,23495
24,00716 17,22019 15,25482
62,86633 18,09439 15,41536
61,44214 18,19293 15,77298
62,25592 18,52354 15,90014
71,41129 20,25446 16,74891
98,2665 22,90091 18,04511
67,74916 27,3943 20,50639
74,66652 36,82616 25,15715
99,48721 57,37469 36,22375
92,57001 64,84835 56,62843
93,38376 66,49187 57,47563
99,89413 66,37742 57,9016
103,963 67,95261 59,26061
101,1148 68,66784 60,41214
99,2838 70,23983 61,15839
106,4044 70,69285 61,84346
111,0838 71,3175 63,08882
103,1493 71,36674 63,32005
104,9803 72,76069 64,33731
100,9114 71,70531 63,25249
103,1493 72,94666 63,9328
110,8803 74,57269 65,63748
99,08032 73,92101 65,51671
105,9976 74,16737 65,64465
106,8113 73,61741 65,5159
96,63895 72,84017 64,77279
114,1354 76,44983 67,36444
103,7596 75,65033 67,76814
102,3356 76,19231 68,45081
107,8286 77,44799 69,05956
110,8803 77,90734 69,56982
105,7941 77,10151 69,29164
104,1665 76,5611 69,49036
111,2872 79,34584 70,92326
110,0665 80,89076 72,38474
111,2872 82,08926 73,07302
110,4734 84,70705 75,18622
115,5596 86,65577 77,19373
120,0354 88,96997 79,71305
119,4251 91,96283 82,11388
125,9354 92,00572 82,7997
118,4078 91,31435 82,5208
121,0526 91,38903 82,74089
115,9665 93,53476 84,56319
120,4423 93,8717 84,19923
118,2044 94,31995 85,13696
121,4595 95,04311 85,68768
122,0699 95,22274 86,55708
119,0182 96,35917 87,28902
122,6802 95,43255 86,41171
116,5768 96,35126 86,97673
121,0526 97,55759 88,11634
120,0354 96,90121 87,92487
124,5112 97,43044 88,75208
124,3078 97,02199 88,35717
123,6975 100,2151 90,0054
118,2044 98,23633 88,51214
121,0527 97,5592 88,78073
128,9871 99,70812 89,93307
126,5457 99,53806 90,59431
123,494 99,80668 90,18819
118,8147 97,86758 88,71397
122,2733 99,92591 91,13155
119,6285 100,959 91,67432
126,7492 101,9079 92,04781
126,5457 102,5866 92,52466
126,1388 103,5149 93,8344
130,2078 103,9058 94,12209
128,9871 104,5289 94,67838
130,2078 104,7197 95,37852
128,7836 105,1234 94,69666
128,3767 106,3186 96,94892
127,3595 106,5316 96,51737
128,3767 108,9984 98,958
130,2078 109,5054 99,63667
130,2078 109,7343 99,18043
130,2078 112,4569 101,2475
129,5974 110,2811 100,731
129,394 111,2872 101,3342
130,2078 112,0024 100,9773
130,2078 110,3415 99,26151
130,2078 111,4286 101,1657
130,2078 113,0705 102,124
129,5974 110,4924 100,0411
127,1561 110,0029 101,0258
128,9871 112,0087 102,1161
130,2078 110,761 100,87
130,2078 112,9147 102,6216
130,2078 111,5113 101,8642
130,2078 112,8988 102,4896
130,2078 111,0599 101,4772
129,5974 111,5526 102,229
130,2078 110,974 101,5845
130,2078 110,1348 99,45226
126,9526 109,658 100,5553
129,394 110,5338 100,154
130,2078 110,0983 100,5529
130,2078 112,0246 101,8634
129,394 111,2983 101,9572
130,2078 113,5314 103,8987
130,2078 112,3012 101,3882
130,2078 113,5425 103,2597
130,2078 110,8532 100,8947
129,5974 114,1974 103,3781
130,2078 113,4949 103,185
127,3595 110,9756 100,7834
130,2078 113,1801 103,2891
130,2078 114,8188 104,6998
