0,8138021 0,4339222 0,3147133
0,8138021 0,4466379 0,3186871
1,017253 0,4577641 0,3329925
0,8138021 0,4450485 0,3369663
1,017253 0,4593536 0,3480924
0,8138021 0,4450485 0,3409398
0,8138021 0,4704799 0,3663708
1,017253 0,487964 0,3870335
0,8138021 0,4863746 0,3846493
0,8138021 0,5054481 0,3949807
1,017253 0,519753 0,4084909
0,8138021 0,5277002 0,4283586
1,017253 0,5388262 0,4323322
1,220703 0,5642571 0,4363059
1,424154 0,6039931 0,483194
1,220703 0,6182984 0,4887572
1,424154 0,6628035 0,5133933
1,220703 0,6643929 0,5133934
1,220703 0,7041295 0,5571044
1,424154 0,737508 0,5809467
1,424154 0,7438658 0,5920733
1,424154 0,7883705 0,624658
1,424154 0,8296968 0,6477049
1,627604 0,8996338 0,7009519
1,424154 0,9536756 0,7557877
2,237956 0,9377812 0,727178
1,831055 0,9822859 0,7589665
1,627604 0,9997692 0,7979072
2,237956 1,033147 0,787576
1,627604 1,017253 0,7859862
2,237956 1,074472 0,8130063
2,034505 1,114208 0,8519474
2,034505 1,128513 0,8638684
2,237956 1,150766 0,8932735
2,034505 1,207987 0,9067842
2,034505 1,165071 0,8885052
2,644857 1,268388 0,9584423
2,644857 1,293819 0,9648004
3,458658 1,295409 0,9608268
3,051758 1,346272 1,014074
3,458659 1,408261 1,049042
3,458659 1,441639 1,041889
4,679362 1,471839 1,097521
4,069011 1,603762 1,16269
3,255208 1,608529 1,178584
4,475912 1,656213 1,207193
3,458659 1,737276 1,265207
4,069011 1,883507 1,3868
5,696615 1,96457 1,456738
7,527669 2,198218 1,598199
8,138021 2,274511 1,641114
9,358726 2,452533 1,835029
10,57943 2,665522 1,985233
8,748374 2,810159 2,125105
8,341472 3,050169 2,322199
8,544923 3,229777 2,435844
6,917319 3,345808 2,497831
7,120768 3,66211 2,795856
8,544921 3,914832 2,980232
8,138021 4,150073 3,185273
7,731119 4,304246 3,312427
8,95182 4,700027 3,616015
9,15527 5,195935 4,014174
10,57942 5,634625 4,359881
8,54492 5,91755 4,696845
9,765623 6,1814 4,808112
10,57943 6,64075 5,266666
10,98633 6,675719 5,395409
11,39323 6,939569 5,587739
12,61393 7,230443 5,793571
10,98633 7,390978 6,07332
12,00358 7,5833 6,216367
12,20703 7,888477 6,380878
11,59668 7,91073 6,344322
11,39323 8,072853 6,612937
12,41048 8,110999 6,542205
12,41048 8,473396 6,913344
12,41048 8,525844 7,092157
14,44499 8,869174 7,283688
13,02084 8,958176 7,374285
13,42774 8,964535 7,379053
13,22429 9,156859 7,667542
14,03809 9,414351 7,784367
14,24154 9,822845 8,072056
13,63119 10,37598 8,633932
15,05534 10,79877 9,082953
14,64844 10,9911 9,318192
14,24154 11,22792 9,532766
15,05534 11,42979 9,544691
15,05534 11,50608 9,818078
15,86915 11,78424 9,923779
14,03809 11,70317 10,27902
16,68295 12,28492 10,54128
15,25879 12,12279 10,59055
15,6657 12,32942 10,73042
16,0726 12,48996 10,74235
16,27605 12,73631 10,96487
17,08985 13,20203 11,43774
18,31055 13,09395 11,49734
17,2933 13,28945 11,6992
17,08985 13,47383 11,76675
19,12436 13,71066 11,93444
17,7002 14,06193 12,38585
18,1071 14,24472 12,3326
20,54852 14,72791 12,79275
18,10711 14,48631 12,63857
19,12436 14,87891 13,18773
20,54851 15,03944 13,44998
19,32781 15,19203 13,28468
19,93816 15,42091 13,36336
19,93817 15,57191 13,68205
20,95541 15,73086 13,79172
20,95542 16,0265 14,21372
21,56576 16,3428 14,48711
20,95541 16,49539 14,50777
20,95541 16,49221 14,50539
22,58301 16,63844 14,58804
20,75196 16,74177 14,86302
21,97266 17,37278 15,40026
21,97266 17,67794 15,7849
21,56576 17,49834 15,70781
22,17611 17,62231 15,78808
22,58301 17,95134 15,80001
21,56576 18,10392 16,05034
24,21061 18,29783 16,00583
23,60026 18,28513 16,26412
23,60026 18,61414 16,55181
22,98991 18,91455 16,9619
23,19336 19,53921 17,519
23,60026 19,55987 17,29013
25,02441 19,87298 17,67079
25,02441 20,13684 17,97438
25,43131 20,36254 18,45043
24,41406 20,56122 18,38128
24,61751 20,59618 18,63717
25,83821 21,19701 18,97653
24,41406 21,2129 19,2221
24,61752 21,4402 19,44861
25,02441 21,31779 19,36594
26,65201 21,78988 19,65682
26,24511 21,84074 19,99142
26,24511 21,88047 20,29499
26,24511 22,16975 19,86106
25,63476 22,41293 20,41975
27,87271 22,62592 20,48653
26,652 22,61957 20,57474
25,83821 22,68473 20,96653
27,26236 22,98195 21,03488
26,85547 22,76739 20,78772
27,26236 22,89137 20,61527
26,44856 22,73242 20,32279
27,87273 23,71151 21,55701
28,68651 23,36502 21,13025
28,48306 23,33641 21,02773
28,07615 23,6845 21,46005
26,652 23,24899 21,04839
27,46581 23,46515 21,35516
27,87271 23,56688 21,38535
29,50033 23,80212 21,73582
26,652 23,61297 21,44892
27,46581 24,05485 21,91544
28,2796 23,93088 21,8598
27,0589 23,88637 21,73265
29,50031 24,22968 22,22219
27,66926 24,24399 22,4344
29,0934 24,44266 22,16339
29,0934 24,49035 22,33585
28,07615 24,78281 22,90488
29,09341 24,64454 22,32551
28,88995 24,98307 22,69585
30,51755 24,9974 22,66646
29,9072 25,21197 22,91043
29,29686 25,27714 22,92792
29,29687 25,28984 22,92235
28,88995 25,25806 23,20051
30,3141 25,4933 23,49217
28,27962 25,5537 23,34833
29,5003 25,44402 23,25533
31,5348 25,82709 23,81563
29,70376 26,21809 24,04134
30,721 26,04484 23,62332
29,90721 26,39929 24,19392
30,92445 26,65361 24,20902
30,11065 26,63453 24,32108
30,92445 27,05415 24,65487
30,51755 27,0605 24,75659
31,9417 27,42766 25,17222
31,5348 27,39747 25,14998
30,92445 27,4229 25,62999
30,72101 27,67563 25,63159
31,1279 27,6343 25,18574
31,1279 27,72649 25,42416
31,33136 27,85999 25,42654
32,3486 28,01259 25,89622
33,16241 28,1318 25,97491
31,5348 27,61522 25,77543
31,1279 27,97126 26,0377
32,34861 27,50874 25,08401
32,14515 28,04438 25,15476
33,9762 27,97762 25,66338
34,38309 28,1763 25,45198
31,9417 28,13974 25,91291
34,3831 28,39405 26,13701
32,75551 28,66585 26,40009
32,95895 28,66108 26,66949
32,34861 28,60386 25,7174
32,55205 28,51008 25,93993
34,3831 28,51962 26,3691
32,95895 28,71352 26,36988
33,36585 28,79936 26,6687
32,7555 28,72148 26,28881
33,9762 28,82002 26,41438
33,56929 28,88519 26,33491
34,17965 29,0807 26,56458
32,3486 28,96626 26,32379
33,36586 29,16333 26,92539
33,1624 29,29845 26,5781
32,7555 29,13156 26,12192
35,40034 29,75462 27,0144
34,38311 29,43674 26,88091
35,1969 29,81661 27,136
35,1969 30,17583 27,39189
37,02795 30,3157 27,56993
37,43484 30,6018 27,44435
36,01069 31,08341 28,33365
38,04519 31,54594 29,14825
36,21414 31,69694 28,66744
37,02795 31,9449 28,73738
39,87625 32,77617 30,01052
37,43485 32,40742 29,86987
38,85899 32,64107 29,69264
39,46935 32,98599 30,25451
38,45209 32,84613 29,65133
40,0797 32,90332 30,02084
39,26589 33,04797 30,23226
39,2659 33,42785 30,32365
41,91077 33,54387 30,77585
39,6728 34,26709 31,32024
39,46935 33,56293 30,29265
42,11422 34,57541 31,45057
40,89351 34,40378 31,37667
41,30041 34,83768 31,83999
40,0797 34,66919 31,30515
39,87625 34,90602 31,74303
42,92803 35,15716 31,33772
41,30042 35,09197 31,59281
45,36945 35,49412 32,31047
40,28315 35,76751 32,52981
42,31767 35,68008 32,13085
40,69006 35,75161 32,12291
41,91077 35,69123 31,97429
43,13148 36,416 32,80637
42,92802 36,05042 32,64425
42,72458 36,23796 33,04558
40,69006 36,23004 33,00189
42,72458 36,59402 33,23155
43,13148 36,73389 32,69034
43,53838 36,91192 33,22439
44,14874 37,13125 33,60984
42,11422 37,07404 33,46758
43,74184 37,29021 33,57646
45,166 37,49683 33,72029
41,70732 37,43484 33,49618
45,57291 38,14215 34,17728
46,18326 38,04838 33,73223
47,81088 38,35992 34,7924
43,94529 38,10401 34,83452
43,74184 38,255 34,18126
43,33493 38,21367 35,07452
44,55564 38,18348 34,69862
44,96255 38,4648 34,78524
44,55564 38,08016 34,11926
45,77636 38,48866 34,75347
45,97981 38,32335 34,85279
43,53839 38,92257 35,1691
46,38671 38,79064 34,62153
43,13148 38,68416 34,6716
44,55564 38,79065 35,42501
44,35219 39,01 35,23427
47,40397 39,5075 35,91299
43,53838 38,85899 35,47744
46,18326 38,51567 34,82735
44,14874 38,921 35,40039
45,57291 39,35968 35,97654
45,57291 39,27383 35,48936
45,166 39,18324 35,4377
46,38671 39,26114 35,76118
45,57291 39,20867 36,33179
44,55564 39,2977 36,02343
44,55564 39,5059 36,10051
47,60743 39,6124 35,43056
49,03159 39,63147 35,91137
48,01432 40,03202 36,35563
49,43849 40,59947 37,14003
48,42123 40,55178 37,1591
48,42123 40,8935 37,14877
49,23504 41,50388 37,77742
50,25231 42,06016 37,72177
49,03159 41,9203 37,8362
53,71099 41,79314 37,29978
51,67647 42,10786 37,42931
48,82814 42,33039 38,58723
46,79362 42,10467 37,65501
47,81088 41,73275 36,95565
50,45575 42,60061 38,17237
47,81088 42,24615 38,20657
49,23504 42,50842 38,40923
49,23504 41,96959 37,38639
49,4385 41,97911 37,47779
49,23504 42,57357 37,98642
49,8454 42,63079 38,33373
51,26956 42,70074 38,61664
48,01433 42,63556 39,20871
49,23504 42,6022 38,96553
49,64195 42,64829 38,472
51,87992 42,36218 39,09189
49,03158 42,07765 37,45394
51,67647 42,47821 38,49902
51,47301 42,54339 38,64605
52,28682 42,85174 38,05159
49,8454 43,08699 38,65002
49,64195 42,51477 38,33454
49,4385 42,71346 38,62935
54,5248 42,81359 39,13243
52,28682 42,81676 38,79624
48,21778 42,94077 39,11891
53,50754 43,04565 38,62537
48,42123 43,01228 39,3613
50,45576 42,59265 38,31465
50,86266 42,80724 38,86858
51,0661 43,36833 39,049
51,47301 42,86604 38,11597
50,86266 42,70869 38,54831
51,67647 42,90102 38,23439
49,23504 42,73888 38,9242
50,04885 42,79292 38,07225
49,03159 42,87083 38,84711
50,86266 43,33812 39,30011
49,64194 43,04725 38,93851
51,67647 43,49866 39,17455
52,28682 43,09493 38,8805
48,21778 42,99322 38,72871
48,62469 43,22209 38,59994
50,45576 43,09176 38,22803
50,2523 43,0377 38,86141
