0,6103516 0,2431872 0,1502037
0,6103516 0,2511346 0,1549721
0,6103516 0,2368294 0,1533826
0,4069011 0,2336504 0,1358987
1,017253 0,2384188 0,1462301
0,4069011 0,2511346 0,1557668
0,8138021 0,2352399 0,1374881
0,4069011 0,2431872 0,1573562
0,6103516 0,2559029 0,1557668
0,6103516 0,2479557 0,1541773
0,8138021 0,252724 0,1653035
0,8138021 0,2511346 0,1525879
0,6103516 0,2574924 0,1430512
0,6103516 0,2479557 0,1454354
0,4069011 0,2304715 0,1343092
0,6103516 0,2384188 0,1541773
0,8138021 0,2479557 0,1549721
0,6103516 0,2415978 0,149409
0,4069011 0,2431872 0,1454354
0,4069011 0,2431872 0,1509984
0,4069011 0,2511346 0,1509985
0,6103516 0,2463662 0,1605351
0,6103516 0,2463662 0,1589457
0,6103516 0,2431872 0,1509984
0,6103516 0,2447767 0,1533826
0,6103516 0,2574924 0,1668929
0,6103516 0,2590819 0,172456
0,6103516 0,2447767 0,1589457
0,6103516 0,2574924 0,158151
0,6103516 0,2543135 0,1716613
0,6103516 0,2527241 0,1819927
0,6103516 0,2400083 0,1525879
0,6103516 0,2495451 0,1660982
0,6103516 0,2463662 0,1708665
0,8138021 0,2463662 0,1573562
0,6103516 0,2511346 0,1716613
0,6103516 0,2527241 0,1708665
0,6103516 0,2511346 0,1692771
0,6103516 0,2686186 0,1692771
0,6103516 0,2638502 0,1748402
0,6103516 0,2463662 0,1502037
0,6103516 0,2479557 0,163714
0,4069011 0,2463662 0,1676876
0,6103516 0,2511346 0,163714
0,6103516 0,2527241 0,163714
0,6103516 0,2447767 0,1597404
0,6103516 0,2638502 0,1653035
0,8138021 0,2638502 0,1772244
0,4069011 0,2606713 0,1684824
0,6103516 0,2527241 0,172456
0,6103516 0,2606713 0,1684824
0,8138021 0,2574924 0,1788138
0,4069011 0,2654397 0,1756349
0,6103516 0,2749763 0,1923241
0,6103516 0,2527241 0,1835821
0,4069011 0,2543135 0,181198
0,6103516 0,2670291 0,1835822
0,6103516 0,2686186 0,1804033
0,6103516 0,2654397 0,1883505
0,6103516 0,2829235 0,1962977
0,6103516 0,2654397 0,1859663
0,6103516 0,2686186 0,1804032
0,4069011 0,2511346 0,1772243
0,6103516 0,2606713 0,1819927
0,6103516 0,2686186 0,1907347
0,8138021 0,2749763 0,1923241
0,6103516 0,2781552 0,1962977
0,6103516 0,2781552 0,1915293
0,6103516 0,2654397 0,1867611
0,6103516 0,2717974 0,1947083
0,6103516 0,2956389 0,2113974
0,6103516 0,2829235 0,1986818
0,6103516 0,2845129 0,2113974
0,6103516 0,2813341 0,195503
0,6103516 0,3019967 0,2217287
0,6103516 0,3035861 0,2185498
0,6103516 0,2733869 0,1986819
0,8138021 0,3051756 0,220934
1,017253 0,2940495 0,2169604
0,6103516 0,3099439 0,2264971
0,6103516 0,3019967 0,2264971
0,8138021 0,3035861 0,2257024
0,8138021 0,32107 0,2392126
0,6103516 0,3210699 0,2463651
1,017253 0,3242488 0,2455704
0,8138021 0,3576274 0,2614652
0,6103516 0,3226593 0,2431862
0,8138021 0,3719327 0,2678232
0,6103516 0,3560379 0,2654389
0,8138021 0,3782906 0,2781549
1,017253 0,3798799 0,2845127
0,8138021 0,3846483 0,2829233
0,8138021 0,4275641 0,3075605
1,220703 0,4243852 0,305971
1,017253 0,467301 0,3417347
1,017253 0,4752483 0,3457083
0,8138021 0,5181636 0,3925966
1,424154 0,559489 0,414054
1,017253 0,5499523 0,4180275
1,424154 0,6135299 0,4585581
1,220703 0,6389613 0,4879627
1,424154 0,7232029 0,5547197
1,424154 0,7486341 0,5873046
1,627604 0,8312861 0,6484997
1,627604 0,9250653 0,7208204
1,831055 0,9822859 0,7756563
2,034505 1,022021 0,8185706
1,831055 1,077651 0,8765843
1,831055 1,152355 0,9210889
2,034505 1,16984 0,9433413
3,255208 1,308125 1,045068
2,034505 1,331966 1,073678
2,644857 1,406671 1,146002
2,644857 1,470248 1,197658
2,441406 1,514752 1,254082
2,644857 1,641907 1,350241
3,051758 1,637138 1,345474
2,848307 1,675286 1,400309
3,051758 1,797677 1,498859
3,458659 1,866025 1,568002
3,662109 1,928014 1,600586
3,051758 2,066293 1,721383
3,66211 2,080598 1,742839
3,458659 2,136229 1,8239
3,458659 2,268155 1,901784
3,86556 2,396904 2,004306
4,679363 2,517701 2,113978
4,272461 2,458892 2,10762
4,272461 2,62419 2,215703
4,069011 2,633727 2,230804
4,475912 2,803802 2,361935
4,882813 2,980235 2,511341
4,679363 2,989773 2,554259
4,679363 3,010436 2,574126
4,272461 3,034275 2,617838
4,679363 3,134409 2,654394
4,272461 3,132819 2,671083
5,696614 3,18686 2,751352
4,679363 3,199574 2,733071
5,086263 3,318784 2,831619
5,289714 3,244079 2,790294
5,086263 3,321963 2,851485
5,493164 3,356932 2,862613
5,086263 3,437997 2,955594
6,306965 3,523828 2,988177
5,086263 3,60489 3,063679
6,510416 3,725688 3,174942
5,289714 3,596942 3,07878
5,696614 3,647804 3,105005
5,493164 3,614427 3,10898
4,882813 3,601711 3,092288
5,289714 3,767014 3,178122
5,900065 3,805161 3,226598
7,324217 3,824234 3,245672
6,917316 4,021327 3,350577
6,917316 4,09285 3,401436
10,57942 4,054706 3,414153
6,103515 4,067419 3,419715
7,527668 4,231136 3,556412
10,37597 4,611012 3,839333
7,527668 4,715916 3,94821
9,35872 4,796986 4,056295
7,731118 5,049706 4,208882
9,562171 5,000434 4,225572
9,765621 4,946393 4,167559
8,748369 5,032224 4,25736
9,35872 5,447069 4,513266
10,17252 5,292888 4,386105
8,951819 5,125998 4,265307
10,17252 5,388258 4,545845
8,748369 5,073548 4,276433
9,765621 5,276994 4,391668
8,95182 5,153018 4,367829
8,138019 5,261102 4,409949
11,80013 5,202291 4,384518
8,748369 5,346931 4,494191
7,527668 5,221364 4,42346
9,969071 5,421639 4,544259
7,731118 5,249975 4,434588
8,138019 5,300838 4,464787
8,341469 5,42641 4,548232
11,59668 5,439122 4,542669
9,15527 5,596481 4,716714
9,35872 5,377132 4,48386
8,138019 5,496341 4,60386
9,765621 5,529725 4,648366
8,341469 5,523364 4,680157
10,78288 5,623501 4,716713
8,544919 5,664825 4,800957
10,57942 5,91437 4,966258
10,57942 6,052652 5,033809
10,17252 6,124177 5,083081
11,39323 6,270407 5,180038
10,37597 6,643931 5,453425
10,57942 6,559689 5,408922
11,59668 6,882349 5,713306
10,57942 6,599427 5,502699
14,85189 6,977716 5,77132
10,57942 6,763139 5,693438
11,18978 6,779033 5,66562
9,765621 6,901423 5,757014
12,61393 7,176397 5,886552
15,25879 6,99997 5,844436
14,44499 7,313093 6,026425
16,27605 6,966592 5,799136
11,18978 7,098516 5,837282
11,39323 7,047653 5,917547
12,20703 7,518132 6,227496
13,02083 7,775622 6,363388
12,20703 7,354418 6,109874
13,02083 7,359186 6,167094
12,20703 7,640519 6,326836
17,7002 7,87576 6,505646
16,27605 8,04265 6,492136
11,59668 7,836023 6,469885
17,90366 8,279483 6,803668
14,44499 8,317626 6,889503
13,42774 8,163452 6,71307
12,41048 8,233386 6,782211
15,6657 8,443195 6,875992
14,03809 8,325575 6,885527
16,0726 8,691155 7,107259
15,6657 9,061492 7,413228
14,24154 8,759498 7,166067
19,93816 9,544688 7,712041
14,03809 8,934333 7,321831
17,90366 9,276075 7,632575
13,02083 8,81195 7,246335
18,31056 9,260178 7,538795
15,25879 9,404817 7,781981
14,24154 9,516078 7,835231
14,64844 9,148915 7,476011
18,31056 9,840333 7,985435
16,8864 9,68933 7,911521
18,10711 9,962717 8,176962
16,68295 9,598735 7,800264
20,75196 10,19637 8,261205
16,68295 9,593964 7,91947
17,2933 9,751317 8,021194
14,85189 9,854635 8,168221
18,71746 10,13438 8,292194
16,8864 9,617807 7,962386
20,54851 10,36485 8,377235
17,90366 10,0549 8,138017
20,14161 10,34896 8,477369
19,12436 10,11849 8,289021
16,27605 10,21862 8,343058
17,49676 9,932516 8,063313
17,7002 10,01676 8,080798
17,7002 10,28061 8,269153
17,08985 10,27266 8,367697
17,7002 10,27743 8,385975
20,34506 10,05014 8,2469
17,49676 10,24246 8,380414
16,68295 10,4475 8,493264
17,49676 10,31081 8,384392
16,27605 10,34419 8,370874
15,25879 10,28538 8,479753
18,10711 10,09464 8,300144
18,10711 10,40458 8,417763
15,86915 10,24087 8,39869
16,4795 10,41571 8,6236
18,31056 10,554 8,598964
20,34506 10,46498 8,593397
18,31056 10,84804 8,952621
16,27605 10,45863 8,525058
18,71746 10,74473 8,677641
24,00716 10,43796 8,54651
18,92091 10,53969 8,65062
27,0589 10,79718 8,774601
17,49676 10,67003 8,683998
17,2933 10,67321 8,701482
18,92091 10,86712 8,784934
18,51401 10,73361 8,790493
20,14161 10,76858 8,640289
17,49676 10,98315 8,931164
22,98991 11,25018 9,193418
17,90366 10,5985 8,749963
18,92091 11,20091 9,076592
17,7002 11,2168 9,133817
18,71746 11,49018 9,330112
17,2933 11,12143 9,095668
16,8864 10,84487 8,714203
17,08985 10,19796 8,204778
21,15886 11,31058 9,063088
20,75196 10,78447 8,890629
20,54851 11,42502 9,255408
20,75196 11,27084 9,224418
19,32781 11,33601 9,119515
16,27605 10,8846 8,857249
25,02441 11,66502 9,264941
19,32781 11,57602 9,368257
19,53126 11,75086 9,456476
20,14161 10,74792 8,894609
19,73471 11,03083 9,03368
22,98991 11,44886 9,231567
18,92091 11,71907 9,466009
21,97266 11,74609 9,493825
20,14161 12,03696 9,595558
18,51401 11,6237 9,438195
17,90366 11,93365 9,619397
19,12436 11,72225 9,454088
23,19336 12,70772 10,05968
19,53126 12,21339 9,884837
21,15886 12,69658 10,21465
26,652 12,73156 10,2067
20,14161 12,41366 10,16299
20,34506 12,26108 9,804568
20,95541 12,59168 10,25995
20,75196 12,28651 10,12325
21,76921 12,56625 10,27107
20,34506 12,45658 10,04537
21,15886 12,74109 10,45147
20,14161 13,16388 10,68512
24,21061 12,98745 10,61598
25,22786 12,78083 10,41491
20,34506 12,45816 10,05808
22,37956 12,80307 10,4475
20,34506 12,45658 10,24803
20,54851 12,66321 10,28299
23,19336 13,00653 10,58897
19,12436 13,0256 10,48962
24,21061 13,04309 10,6295
22,58301 12,83964 10,42604
19,32781 12,57738 10,37121
23,80371 13,66774 10,94103
21,76921 12,97156 10,45147
23,60026 13,18296 10,80116
22,17611 13,23541 10,63585
22,98991 12,28333 10,12167
25,83821 12,25154 10,15186
21,56576 12,71248 10,43876
20,14161 12,63142 10,1765
22,17611 12,9954 10,53491
19,93816 13,2974 10,70181
20,95541 12,47406 10,33465
23,39681 12,64413 10,42763
22,37956 12,93341 10,45942
21,56576 13,03514 10,69864
27,66925 13,20203 10,75268
24,00716 13,02401 10,70579
21,76921 13,62165 10,98792
23,80371 13,72179 10,94738
25,63476 14,46247 11,5792
23,80371 14,50062 11,56171
25,22786 14,29558 11,55297
28,2796 15,16661 12,10372
26,85546 15,17614 12,25472
39,26589 15,43204 12,40413
29,29685 15,70543 12,73315
27,0589 15,48131 12,51141
28,48305 16,7513 13,48416
24,00716 16,02173 12,98428
32,14515 17,19316 13,96577
29,70375 16,37618 13,35145
27,26235 16,76084 13,60894
29,29685 17,83848 14,32816
26,652 17,19476 13,94987
30,3141 18,09756 14,66036
30,3141 18,80328 15,14912
27,26235 17,46178 14,06193
25,83821 17,81464 14,27571
31,5348 18,32803 14,73666
36,01069 18,40432 14,74062
28,88995 15,54966 12,60519
28,48305 17,66523 14,26538
29,5003 18,50924 14,89321
30,11065 18,06418 14,59041
25,22786 18,04035 14,74619
31,73825 17,95769 14,79468
28,07615 18,29466 14,96474
32,55205 17,85914 14,58724
29,29685 17,75424 14,33532
30,92445 18,61413 15,09825
35,40034 18,08962 14,68579
29,0934 18,30101 15,0307
28,6865 18,50128 15,19998
31,5348 18,29783 14,89083
28,6865 18,06895 14,66274
39,06244 18,72063 15,06567
30,721 18,20724 14,6087
30,11065 18,05306 14,63732
35,1969 18,54737 14,81692
30,3141 18,88594 15,23892
30,51755 18,59188 15,13799
27,8727 17,95451 14,57929
29,29685 18,6348 15,01878
27,4658 18,22789 14,76287
31,5348 18,36936 14,81294
33,5693 18,66341 15,0013
29,0934 18,74289 15,19998
28,48305 18,50288 14,98302
28,88995 18,48063 15,27866
31,9417 18,94474 15,22223
30,51755 19,37071 15,40661
27,8727 18,42498 14,96077
30,3141 18,63162 15,29455
33,36584 18,96063 15,69032
29,5003 18,11346 14,70407
30,92445 18,6046 14,94567
31,9417 18,50764 15,20317
28,48305 18,57281 15,20474
28,6865 19,35005 15,47257
29,29685 18,54738 15,00925
29,0934 18,5442 15,31283
30,721 18,1516 15,00368
28,88995 18,77467 15,36051
28,07615 19,34846 15,80954
29,70375 18,96222 15,63469
28,6865 19,57417 15,85961
27,66925 18,69361 15,3931
30,92445 19,16886 15,65139
30,92445 19,60595 15,99788
34,3831 19,749 15,97642
33,9762 19,78556 15,83258
30,3141 19,55509 15,95418
29,5003 19,7045 15,97007
30,3141 18,96858 15,58065
29,9072 19,79828 16,22279
27,66925 19,3278 15,71417
32,3486 19,77921 16,10677
32,55205 19,93338 15,89695
35,80724 19,36277 15,49721
31,33135 19,91749 16,20928
33,9762 19,76013 16,0106
34,78999 19,40568 15,68317
29,5003 19,21336 15,73006
31,73825 19,0703 15,41376
30,721 18,94792 15,618
34,78999 19,0258 15,53297
28,6865 19,30714 15,94305
34,78999 19,14501 15,68636
33,5693 19,88093 16,09325
33,9762 19,68224 16,03285
34,58654 20,41022 16,59473
36,41759 20,22902 16,66943
35,1969 20,52307 16,56771
33,77275 20,19564 16,40479
32,14515 20,35777 16,63447
33,36584 20,38478 16,43975
33,5693 20,77579 16,57962
30,721 20,24492 16,85301
32,95895 19,57576 15,92636
30,51755 20,27193 16,61539
34,58654 19,49469 15,99312
33,5693 20,24174 16,60267
36,62104 20,93791 17,23925
28,07615 20,17657 16,51048
31,73825 19,88729 16,20452
31,1279 19,44383 15,96768
29,70375 19,68702 16,10438
31,5348 19,60118 15,92557
31,9417 20,54691 16,50651
38,45209 20,80122 16,82043
28,88995 19,27853 15,74914
27,26235 19,74106 16,50095
36,01069 20,5787 16,9301
34,58654 19,78715 15,96054
32,7555 20,58188 16,81248
37,63829 20,62957 16,79421
30,3141 19,72198 16,19816
29,70375 20,2783 16,75447
37,63829 20,30849 16,67658
27,66926 19,14502 15,87232
31,9417 19,89046 16,26571
32,7555 20,43724 16,73698
30,11065 18,90024 15,53854
29,0934 20,32121 16,54466
32,14515 19,45972 15,73403
31,5348 19,36117 15,90967
36,82449 20,15908 16,50651
31,5348 19,52489 15,95258
39,06244 21,25263 17,26866
30,92445 19,96835 16,21405
34,78999 19,88887 16,17431
40,4866 20,91089 17,0358
37,84174 20,40386 16,62175
28,6865 19,6886 16,28081
28,6865 20,10346 16,43896
42,31767 20,31485 16,70599
31,33135 19,89205 16,41909
35,40034 19,38978 16,07497
31,9417 20,29577 16,47154
32,55205 19,81258 16,04478
32,95895 20,16544 16,44612
29,9072 19,48357 16,00583
33,36584 20,03669 16,38015
37,02794 20,82189 16,57566
38,65554 20,8346 16,92057
32,55205 19,92702 16,29909
33,1624 20,28783 16,43817
39,06244 20,79487 16,87368
31,9417 20,22426 16,68056
31,5348 19,08779 15,47733
30,51755 20,44995 16,82996
31,9417 20,37206 16,83553
31,5348 20,16545 16,53115
32,7555 20,77738 16,91898
32,3486 20,0065 16,30862
31,33135 20,71381 16,94997
34,38309 20,23855 16,78387
33,1624 20,41022 16,41751
36,62104 21,31462 17,2766
29,9072 19,93179 16,24584
33,9762 19,72199 16,2085
33,5693 21,07461 17,34654
29,5003 20,57711 17,05964
30,11065 20,17815 16,46916
38,85899 21,37502 17,30124
36,62104 21,14137 17,23527
35,60379 20,97289 17,0056
38,04519 20,04782 16,65274
31,33135 20,33392 16,65194
36,41759 20,87276 17,04057
38,24864 21,78669 17,56271
36,62104 21,60231 17,62946
32,14515 20,55486 16,75605
37,02794 21,17952 17,13118
31,1279 20,21949 16,50811
30,92445 20,13841 16,81566
33,5693 20,38478 16,77909
41,09696 21,06189 17,25276
32,14515 20,46902 16,69963
33,9762 20,27034 16,5534
31,5348 21,00468 17,31395
30,11065 19,77285 16,5081
31,5348 20,84415 16,60824
31,5348 19,95404 16,15763
39,26589 20,09073 16,54625
30,3141 19,36278 16,12505
36,01069 19,95722 16,31101
32,7555 19,94133 16,27525
37,84174 20,53897 16,67341
32,7555 20,5485 16,64797
32,55205 20,36889 16,61618
28,48305 19,86344 16,22598
35,60379 19,78874 16,19657
32,95895 20,32438 16,83076
30,92445 20,17339 16,63288
29,29685 20,06054 16,43102
32,95895 20,04941 16,29035
31,33135 20,83301 17,37674
32,55205 20,43724 16,67102
32,55205 20,20359 16,74254
33,36584 21,47356 17,78285
33,5693 21,26693 17,24084
30,51755 20,40544 16,46757
43,74184 20,75195 16,94759
33,5693 21,65317 17,77887
33,5693 21,45607 17,47052
34,78999 20,98083 16,89036
33,5693 20,7599 17,0819
31,5348 20,73765 17,00402
35,1969 20,34346 16,66864
31,9417 20,47381 16,95076
33,77275 20,58347 16,67738
31,5348 21,00627 17,25754
28,48305 19,91114 16,44293
27,8727 20,47539 16,70361
32,55205 20,6693 17,00957
33,5693 21,50535 17,58575
28,07615 19,74265 16,35074
37,63829 20,40227 16,6289
37,43484 20,38479 16,68851
30,11065 20,53102 16,81964
28,2796 20,27988 16,89195
33,36584 20,60572 16,59234
31,9417 20,59618 17,07156
36,62104 20,25445 16,56215
32,55205 20,83619 17,10256
33,1624 21,10482 17,33065
33,36584 20,6979 16,99686
35,40034 20,17974 16,82917
32,3486 20,75672 17,0207
29,70375 20,49446 16,83632
34,38309 21,40522 17,49913
34,99345 21,55145 17,64933
36,62104 21,08891 17,21938
30,11065 20,46267 16,7346
39,06244 19,86662 16,14173
33,36584 20,13206 16,73062
38,24864 21,07143 17,17964
36,62104 20,86957 16,78467
41,50386 20,64387 16,66784
33,9762 20,91249 16,9913
29,9072 20,47379 16,82202
33,36584 20,72017 16,87844
30,3141 20,56758 16,80294
36,62104 20,28942 16,65036
29,70375 20,12252 16,45327
34,17965 21,23832 17,32826
29,70375 20,5644 16,98653
34,58654 20,92203 17,00799
36,01069 21,24946 17,23766
30,721 21,32575 17,42046
35,60379 19,65523 15,96928
34,99345 20,58028 17,0811
38,65554 21,60708 17,54761
33,1624 20,91249 17,03977
34,58654 21,69132 17,82895
33,36584 21,30667 17,40535
28,48305 20,33074 16,52081
30,51755 20,41659 16,6289
29,29685 18,49492 15,27707
30,721 20,41022 16,58121
29,5003 19,33733 15,80794
30,51755 19,29124 15,77377
32,55205 19,84754 16,19259
30,3141 20,03988 16,31101
30,11065 19,74742 16,05352
28,48305 19,15138 15,65536
31,5348 18,91772 15,4662
31,5348 19,91271 16,33962
29,9072 19,6298 16,07418
31,33135 19,54238 16,21246
29,0934 19,46608 15,95577
29,9072 19,19746 15,65774
34,17965 21,37819 17,31078
33,36584 21,65317 17,72562
38,04519 21,15567 17,32269
32,7555 20,9697 17,32667
35,40034 20,81553 17,11686
36,41759 20,66612 16,65592
30,92445 21,0619 17,2027
30,721 20,20359 16,73858
37,63829 20,01126 16,38015
31,9417 21,42588 17,68033
32,95895 21,39568 17,40217
30,3141 21,36072 17,44827
33,5693 21,63251 17,68907
31,9417 20,98401 17,27183
32,95895 21,43224 17,64217
34,38309 22,12683 18,04114
33,5693 21,64523 17,67396
35,60379 20,62956 17,12958
36,21414 21,63092 17,42443
31,9417 21,46403 17,62391
30,51755 20,96335 17,07713
31,9417 21,33529 17,51026
33,77275 19,93496 16,45644
28,88995 20,75831 16,92851
38,24864 21,79463 18,13412
35,80724 21,18587 17,14547
39,67279 21,13342 17,14786
28,6865 20,92044 17,60006
35,80724 20,9411 17,08587
40,0797 20,66612 16,98018
34,78999 21,11116 17,45621
35,60379 22,20789 18,04431
37,84174 21,39726 17,69543
31,9417 21,4084 17,488
33,1624 21,42906 17,63185
30,721 21,13183 17,28535
31,73825 20,90295 17,43794
39,06244 21,76126 17,62391
33,9762 21,25739 17,35608
32,14515 19,71562 16,07895
29,29685 19,99855 16,41988
31,73825 20,10186 16,3428
29,29685 19,83166 16,37379
31,73825 19,93179 16,35312
33,77275 21,24786 17,35687
38,24864 22,12047 17,99901
37,84174 21,14455 17,29965
30,11065 19,49311 16,23552
35,60379 19,16409 15,68953
33,1624 20,09074 16,27287
37,43484 21,46404 17,50389
37,23139 21,78668 17,94418
33,36584 20,29259 16,6734
29,5003 19,27853 15,8453
33,9762 21,17157 17,24879
36,21414 20,76626 17,05885
34,17965 20,30849 16,6289
34,17965 20,36253 16,89116
30,51755 21,18111 17,41012
41,30041 22,4638 18,30816
39,46935 21,24786 17,1701
33,77275 21,62933 17,64854
31,5348 21,27965 17,72642
31,9417 20,44995 16,74652
31,9417 20,39274 16,7346
33,9762 21,5737 17,48721
32,14515 21,14137 17,29886
31,73825 21,7231 17,93861
35,80724 20,73129 17,08507
31,9417 21,0762 17,2925
32,3486 21,03011 17,30839
30,11065 20,41975 16,95235
36,41759 20,86163 16,87686
33,1624 21,08255 17,14786
31,5348 20,21789 16,64877
34,38309 20,70268 17,07475
34,99345 21,26535 17,51264
31,73825 21,35435 17,42205
32,7555 20,89977 16,91818
30,51755 20,25286 16,6742
37,02794 20,80758 17,01196
35,40034 21,32575 17,28535
35,60379 21,11435 17,46733
33,1624 21,04282 17,21462
35,40034 20,80122 16,93488
38,65554 20,20041 16,43498
39,26589 21,23038 17,29567
31,33135 21,25741 17,37039
32,55205 21,52602 17,58496
31,33135 21,46085 17,7916
30,92445 20,06054 16,51923
31,5348 20,36095 16,48505
28,88995 20,38955 16,90944
36,21414 21,60231 17,61277
39,46935 21,62774 17,67317
28,2796 20,65976 16,96189
30,3141 19,98425 16,39367
35,1969 21,36072 17,46337
33,36584 21,72788 17,65886
39,06244 21,71198 17,80193
35,80724 21,86299 18,07849
36,41759 22,28419 18,1508
32,7555 21,6802 17,91955
32,7555 21,27965 17,54204
34,99345 22,21902 18,12538
38,45209 21,82643 17,88457
35,40034 21,91225 17,73755
34,17965 22,58937 18,32644
39,87625 21,95198 17,84722
33,1624 21,0762 17,3831
30,721 20,69155 16,89593
33,1624 21,48151 17,66682
37,63829 22,38114 18,0308
31,33135 20,55964 17,00879
37,63829 19,81417 16,39049
33,9762 19,96358 16,41432
30,3141 20,19088 16,76559
36,21415 20,50558 16,87208
32,7555 21,65317 17,76298
32,95895 21,70563 17,96405
34,17965 20,85368 16,81169
33,77275 21,37978 17,62787
32,34859 21,95517 18,21438
29,29685 20,62321 16,83554
33,1624 21,1509 17,51344
31,9417 20,06372 16,59472
33,1624 19,86345 16,3285
27,4658 19,48674 16,30385
34,38309 21,13978 17,55714
34,17965 21,31144 17,41569
36,41759 21,38774 17,61596
30,92445 20,49129 16,93805
31,5348 20,73764 17,29249
33,1624 21,44019 17,34734
32,55205 20,39273 16,60427
31,73825 20,59619 16,98335
32,55205 20,41657 16,95871
34,58654 21,80735 17,78762
33,1624 21,39886 17,68986
27,8727 20,76466 17,1868
31,33135 20,5326 17,1113
28,07615 20,10663 16,66068
38,04519 20,27352 16,94282
30,11065 20,7313 17,30284
33,5693 21,15726 17,53568
35,80725 21,48628 17,82814
32,14515 20,89182 17,29805
31,9417 21,30032 17,68351
33,77275 21,06507 17,48959
34,99345 21,52125 17,94576
34,78999 22,7642 18,61493
40,69006 24,02305 19,71721
34,99345 22,21902 18,65545
36,01069 22,18247 18,23823
34,38309 22,80235 18,83984
37,02794 23,18063 19,12116
35,6038 22,4924 18,61095
36,01069 23,4127 19,21733
33,36584 22,57029 18,52592
32,3486 22,77692 19,02739
31,1279 22,81189 18,86448
31,73825 22,17293 18,38764
36,41759 21,85504 18,42896
34,38309 23,31415 19,2213
30,92445 22,58142 18,56804
41,50386 22,79281 18,77626
32,55205 22,80235 18,73573
33,77275 23,57959 19,60674
36,41759 23,8196 19,6735
34,78999 22,39704 18,58711
38,24864 22,87229 18,86447
43,33493 22,6291 18,64671
34,99345 22,6291 18,64433
34,38309 22,47811 18,8629
38,65554 23,39045 19,32541
34,17965 23,10594 18,90421
29,5003 22,43836 18,24538
33,77275 21,38297 17,72165
30,92445 20,72016 17,25356
34,78999 21,98696 17,98789
32,95895 21,55303 18,00617
33,5693 20,50718 17,10733
44,35219 22,10776 18,09915
33,5693 22,97401 18,96301
32,95895 23,16634 19,17521
32,55205 22,6879 18,86685
34,99345 22,73877 18,71825
33,9762 22,85639 19,07586
33,77275 22,89296 18,98765
34,78999 22,91521 18,86607
37,63829 22,69267 18,82235
38,85899 22,61638 18,82791
37,23139 23,70515 19,76489
41,30041 22,89454 19,03931
32,55205 22,57982 18,56803
33,1624 22,8246 19,12355
42,72458 23,75443 19,40568
34,17965 22,98354 18,98924
39,26589 24,50783 20,00808
39,46935 23,24739 19,18633
29,29685 21,71357 18,09994
33,36584 21,5133 17,94974
36,21415 21,82165 18,08882
28,6865 20,52307 17,10176
31,1279 19,58371 16,44293
40,0797 20,87115 17,33143
32,55205 23,44926 19,50344
36,41759 23,88636 19,67668
35,6038 23,04076 19,05202
38,04519 23,19495 18,8303
38,45209 23,42224 19,56225
37,43484 23,5621 19,50423
35,80724 23,06302 19,64093
31,1279 21,95994 18,12538
35,1969 23,21402 19,17601
33,9762 22,65931 19,05441
32,14515 23,18382 19,35402
33,9762 23,08051 19,4184
32,95895 23,26487 19,11798
34,58654 23,01693 19,05283
36,21414 23,67655 19,42793
34,38309 23,39839 19,52409
34,17965 23,10435 18,83904
33,9762 22,26193 18,4234
31,5348 22,89454 18,93442
35,80724 23,14567 18,92089
37,84174 23,22355 19,12911
35,80724 23,22038 19,10686
35,60379 23,22832 19,35085
32,14515 23,1107 19,23322
36,0107 23,23467 19,21017
39,46935 23,47787 19,04011
38,45209 22,98195 19,1156
36,41759 23,63046 19,52411
33,5693 22,734 18,77308
34,99345 22,44948 18,37015
37,63829 22,64658 18,77705
34,38309 22,82302 19,11959
37,63829 22,73877 18,78818
38,04519 23,07891 19,25548
33,36584 22,12365 18,41227
34,78999 22,74035 18,50446
35,1969 23,4731 19,43429
32,3486 22,46221 18,82474
37,84174 22,37797 18,7254
36,21414 23,42224 19,45177
39,67279 22,80076 18,84937
35,1969 23,07415 19,34449
33,36584 22,13159 18,29624
36,82449 23,07892 19,34845
37,63829 22,5528 18,88991
36,01069 22,37956 18,93124
34,78999 22,59413 19,00513
32,95895 23,10276 19,39456
36,21414 23,78622 19,63854
36,62104 22,28737 18,43532
42,31767 23,47945 19,17123
36,62104 23,05031 18,82077
36,62104 22,65771 18,76274
33,9762 22,83096 18,9948
37,84174 23,23149 19,28487
37,43484 23,47469 19,15455
38,65554 23,49694 19,51933
32,7555 23,23308 19,23163
37,84174 24,11524 19,86185
35,1969 23,64317 19,67588
41,50386 23,72264 19,6894
34,58654 23,15679 19,36276
37,84174 23,48899 19,5829
33,5693 22,78963 19,05202
34,17965 23,17588 19,33734
39,46935 23,729 19,53523
40,69006 23,89589 19,73469
30,92445 23,04077 19,38343
36,21414 23,09798 19,13547
39,26589 23,60501 19,64409
36,01069 23,55734 19,58926
37,84174 24,333 20,20518
34,99345 23,86092 19,9
39,87625 23,99285 19,69575
33,77275 23,16634 19,2682
36,41759 22,84686 18,94634
31,9417 21,95676 18,20246
30,721 22,48604 18,79692
32,55205 21,37344 17,89729
32,55205 21,5149 17,99345
30,51755 20,34505 16,91818
32,3486 21,38774 17,60404
28,07615 21,59754 18,03398
36,41759 21,39091 17,90047
34,78999 20,95859 17,51105
31,1279 21,29396 17,73755
31,9417 22,38592 18,29863
33,77275 22,32233 18,603
37,23139 22,30167 18,57121
34,17965 22,1173 18,43453
40,28315 21,9965 18,24459
29,5003 20,99196 17,608
36,82449 22,60684 18,47584
34,38309 21,55621 18,2271
32,55204 21,69449 17,98152
29,70375 20,96176 17,58257
35,60379 21,2876 17,66045
35,40034 21,40681 17,57781
32,3486 21,82006 17,83927
33,77275 22,33981 18,49332
34,17965 22,46062 18,4075
33,5693 21,99968 18,25969
29,0934 21,85503 18,21835
31,33135 22,38432 18,53069
32,7555 22,40975 18,62128
37,63829 22,83097 18,71187
36,82449 22,71016 18,85255
37,63829 23,5939 19,48833
33,9762 23,41111 19,29839
34,17965 23,72742 19,60436
35,60379 22,99627 18,95983
36,41759 23,85139 19,90477
36,62104 23,50488 19,67747
39,87625 24,15338 19,85232
37,84174 23,41906 19,48117
36,62104 22,87228 18,77467
34,78999 23,969 19,71642
32,95895 23,03758 19,09652
35,40034 22,90726 19,02978
34,58654 22,54168 18,68089
33,9762 23,0662 19,28091
33,36584 22,42406 18,69678
37,02794 23,9404 20,02239
34,78999 24,29961 20,04782
39,46935 23,67814 19,56861
37,63829 23,1409 19,31667
32,3486 22,27147 18,62605
40,89351 22,79281 18,98845
36,21414 24,30756 20,18292
36,01069 24,11524 19,96198
35,40035 23,3968 19,3858
35,80724 22,70857 19,09892
32,7555 23,62251 19,46847
34,58654 23,57323 19,44223
42,92802 23,15521 19,42317
34,17965 22,8405 18,82474
34,78999 23,49216 19,4033
36,01069 23,55893 19,57018
32,14515 22,99149 18,96858
34,38309 22,73083 18,6785
33,9762 23,48899 19,27932
32,3486 22,69427 19,00991
39,26589 23,73218 19,59562
32,7555 23,27443 19,36594
40,0797 24,49195 20,11856
34,78999 23,45879 19,38422
33,36584 23,44926 19,23085
38,85899 22,91043 19,23719
44,14874 24,26147 20,05179
40,4866 24,34571 20,23059
39,46935 23,45562 19,21017
37,63829 22,53374 18,81758
37,84174 22,7801 18,98447
30,92445 21,44019 17,72722
37,43484 23,2919 19,26422
35,40034 23,6686 19,56781
33,5693 23,27601 18,9972
34,17965 22,43677 18,78659
30,11065 22,23651 18,46472
37,23139 23,12024 19,09892
36,8245 23,00421 19,03613
41,09696 23,10276 19,06792
33,9762 22,9311 18,68091
35,40034 22,43837 18,73731
40,89351 23,34595 19,207
32,7555 23,55575 19,37866
33,5693 23,72106 19,62899
30,11065 22,30167 18,80009
37,63829 23,60979 19,46052
40,0797 22,76579 18,8295
34,38309 22,84845 19,31111
34,58655 24,12 20,04226
34,38309 23,78463 19,32383
36,82449 23,7894 19,49071
36,82449 24,09141 19,70927
38,04519 23,60185 19,41999
36,62104 23,20289 19,28886
34,38309 23,40476 19,21971
