0,6103516 0,3925959 0,2940498
0,8138021 0,4084907 0,3051763
0,8138021 0,4116696 0,3043815
0,8138021 0,4291539 0,3163028
0,6103516 0,4307433 0,3155081
0,8138021 0,4196169 0,30915
0,6103516 0,4037223 0,2996131
0,8138021 0,4386905 0,3202765
1,017253 0,4625326 0,3457083
0,8138021 0,464122 0,3457083
0,8138021 0,4307432 0,3170975
1,017253 0,4466379 0,331403
1,017253 0,4307432 0,315508
0,8138021 0,4418695 0,3321978
0,8138021 0,4561747 0,3472977
0,8138021 0,4402801 0,3298136
0,8138021 0,4450485 0,334582
0,8138021 0,4514063 0,3417347
0,8138021 0,4625326 0,3457083
0,6103516 0,4482273 0,334582
0,8138021 0,4418695 0,3449134
0,8138021 0,4402801 0,3369663
0,6103516 0,4355117 0,3329926
0,8138021 0,4355116 0,318687
0,8138021 0,4482274 0,3425293
1,017253 0,4736589 0,3592185
1,017253 0,4657115 0,3568343
0,8138021 0,4609431 0,3472977
0,8138021 0,4577641 0,3576289
0,8138021 0,464122 0,3441189
0,8138021 0,4514063 0,348887
1,017253 0,4561747 0,3433241
0,8138021 0,4688904 0,3608079
0,8138021 0,4736589 0,3536555
0,8138021 0,4704799 0,363192
0,8138021 0,4625326 0,365576
0,8138021 0,4514063 0,3417347
1,017253 0,4498168 0,3480923
0,8138021 0,4657115 0,3608078
0,8138021 0,464122 0,3584237
0,8138021 0,4529957 0,3457082
0,8138021 0,4657115 0,3544501
0,8138021 0,4545852 0,3568341
0,8138021 0,4688904 0,3600131
0,8138021 0,4529957 0,3600129
0,8138021 0,4720694 0,3735232
1,017253 0,467301 0,3528607
1,017253 0,464122 0,352066
0,8138021 0,4545852 0,3576289
0,8138021 0,4545852 0,3528606
0,8138021 0,4561747 0,3663706
1,017253 0,4863746 0,3830599
0,8138021 0,4577641 0,3560395
0,8138021 0,4736589 0,3679603
0,8138021 0,4736588 0,3798809
0,8138021 0,4800167 0,3790863
0,8138021 0,4625326 0,3639866
0,8138021 0,4800167 0,3767021
1,017253 0,4879641 0,3830599
0,8138021 0,4800167 0,3759075
0,8138021 0,4816062 0,3743181
0,8138021 0,4688904 0,3655761
0,8138021 0,4959114 0,3838547
0,8138021 0,4895535 0,3925964
0,8138021 0,464122 0,3679602
1,220703 0,5118059 0,391802
0,8138021 0,4768378 0,3767021
0,8138021 0,5070375 0,4156432
1,017253 0,4816062 0,3894175
1,017253 0,4959114 0,3957754
0,8138021 0,4943219 0,4045171
0,8138021 0,4816062 0,3894175
1,017253 0,5022693 0,4037225
0,8138021 0,4990903 0,3933913
0,8138021 0,4847851 0,3886228
0,8138021 0,4895535 0,385444
1,017253 0,491143 0,3925964
0,8138021 0,5229318 0,4164379
1,017253 0,5022693 0,3981595
1,017253 0,4927325 0,4069012
1,017253 0,4847851 0,385444
0,8138021 0,4816062 0,3957752
1,017253 0,5133953 0,4100803
1,220703 0,5229319 0,4164379
1,017253 0,5213425 0,4180273
1,017253 0,5102164 0,4029278
0,8138021 0,530879 0,4259745
1,220703 0,545184 0,4386899
1,017253 0,5308791 0,4386899
1,017253 0,5944565 0,4680944
1,220703 0,5722044 0,4617366
1,017253 0,5515416 0,4537894
1,017253 0,6119404 0,4927305
1,017253 0,6484983 0,5086251
1,220703 0,637372 0,5014728
1,220703 0,6548564 0,5165722
1,424154 0,6977717 0,5451832
1,017253 0,6691616 0,5292883
1,220703 0,7247924 0,5690255
1,220703 0,7534025 0,6095578
1,424154 0,7565813 0,6095577
1,424154 0,816981 0,6596258
1,424154 0,8678443 0,6930048
2,441406 0,982286 0,7716828
1,831055 1,020432 0,8042657
2,237956 1,036326 0,8432065
2,034505 1,104671 0,9012203
2,441406 1,217525 0,9846675
3,051758 1,325609 1,072884
2,441406 1,427333 1,144412
5,696615 1,559257 1,256467
5,900064 1,746812 1,387594
7,527668 1,929602 1,509985
7,120767 2,066295 1,622042
8,748369 2,257028 1,787344
8,341469 2,477967 1,968544
9,358722 2,697307 2,135435
9,562171 2,959569 2,367497
14,64844 3,393492 2,671878
11,18978 3,395081 2,725921
13,63119 3,690718 2,934932
11,18978 3,975232 3,135204
20,54851 4,628495 3,537336
15,46224 5,345344 3,912448
21,76921 7,079443 5,135539
24,00716 9,366673 6,779832
25,02441 11,98451 8,763471
35,40035 14,53082 11,4282
27,87271 16,27445 12,73235
34,58655 18,90501 15,26276
44,75911 20,96812 16,77513
33,16241 22,48446 18,59823
40,48663 24,36955 20,15272
46,18328 27,58819 22,47173
43,74183 27,99987 23,13613
45,16601 28,80731 24,00636
50,45573 30,7687 25,22626
51,67645 31,63655 26,26576
60,83178 33,72668 28,11591
65,51119 37,31727 30,13372
59,20419 38,68737 32,19683
55,3386 39,47573 33,57091
65,51117 42,40351 35,85019
64,69739 45,01979 38,39096
67,54572 46,29772 39,78968
75,68381 50,10926 42,99326
68,35953 48,76775 42,12698
71,41131 49,97412 42,99402
71,41132 51,45235 44,01128
73,24239 52,05474 45,20259
74,86998 52,49821 45,73428
74,25963 52,54113 45,41637
76,49761 52,53318 45,54671
73,64928 52,619 46,02114
80,77006 53,78728 46,89617
75,88725 54,63129 47,21246
77,92177 53,76662 46,74596
79,14245 54,9587 47,64798
75,68379 54,39764 47,29352
73,85273 55,74392 48,16694
71,41129 55,05089 47,88639
78,53212 55,66284 48,28218
71,61477 54,82838 47,66231
75,88723 55,87584 48,3998
72,02168 55,94894 48,29965
73,24237 56,03159 48,54204
77,31141 56,64991 49,40749
75,48035 56,32247 49,33915
77,71832 57,13308 50,07349
77,3114 56,9805 49,32564
76,49762 57,1919 49,56089
77,10796 57,54158 50,40569
80,15967 58,29182 51,22585
77,51485 58,17578 50,5662
73,24238 58,62876 51,78294
73,24233 58,87355 51,81156
73,85274 59,95597 52,90669
79,14246 60,16101 52,59119
78,939 60,1467 52,69133
78,73553 60,67759 53,38353
82,39761 61,72186 54,71472
77,92177 61,85379 54,99842
78,32866 62,14309 55,40376
77,7183 61,60743 54,51284
77,92177 63,04591 56,22791
81,78728 63,98688 56,76832
84,83898 64,07908 57,00991
83,61832 64,35407 57,48516
89,1114 64,24278 57,39854
84,83899 65,26008 59,01742
83,21142 65,59861 58,01446
89,72173 64,98827 58,29736
91,34931 66,45533 58,66773
89,92519 65,49371 58,23221
95,41828 67,78574 60,28979
90,53555 68,58523 60,46938
108,8458 70,17627 61,60268
113,1182 71,53205 62,82098
107,6251 74,59654 64,45255
119,0182 78,62101 67,38508
117,1871 83,92188 71,22368
119,832 85,48748 72,71772
123,6975 89,84736 75,32771
116,9837 93,9957 80,5029
117,594 97,65617 84,94699
123,6975 104,2762 92,7814
117,7975 103,9551 92,83226
123,6975 105,5255 93,91785
121,2561 103,5784 93,30109
123,6975 105,481 95,09399
123,6975 106,7017 95,28875
123,6975 105,5191 94,13798
123,6975 106,2598 96,28612
130,2078 108,2387 97,93196
123,6975 107,3184 96,77646
123,6975 105,9864 95,55652
125,325 106,6397 95,90942
123,6975 106,9274 97,76905
129,5974 107,6569 97,99717
122,4768 107,3311 97,16664
127,9698 109,7788 99,0946
130,2078 107,2389 97,20637
123,6975 107,7364 98,58839
123,6975 107,374 98,05518
123,6975 107,6394 97,46149
123,6975 108,5772 97,91368
123,6975 108,2355 98,67504
123,6975 107,719 98,17757
123,6975 107,5568 98,48827
130,2078 107,7952 97,41859
123,6975 106,7192 96,50385
123,6975 109,1605 99,0414
123,6975 109,1097 98,65598
123,6975 110,0728 99,06838
