0,8138021 0,2861023 0,2129875
0,6103516 0,3051759 0,23524
0,6103516 0,3178916 0,2225243
0,6103516 0,3147127 0,2304716
0,6103516 0,2829233 0,2082191
0,6103516 0,2829233 0,2209348
0,6103516 0,3083549 0,2336505
0,8138021 0,298818 0,2272927
0,6103516 0,3019969 0,2272927
0,6103516 0,2861023 0,2257032
0,8138021 0,3051759 0,2272927
0,6103516 0,2702076 0,211398
0,6103516 0,3051759 0,2177559
0,8138021 0,3147127 0,2368294
0,6103516 0,3147127 0,2384189
0,6103516 0,3178916 0,2384189
0,6103516 0,2956391 0,2209348
0,6103516 0,2861023 0,2161664
0,4069011 0,2861023 0,2272926
0,8138021 0,3083548 0,2193454
0,6103516 0,3369653 0,2463663
0,6103516 0,3083549 0,2320611
0,8138021 0,3019969 0,2241137
0,6103516 0,2924601 0,2304716
0,8138021 0,3210706 0,2336505
0,6103516 0,2861023 0,2177559
0,6103516 0,3115337 0,2272927
0,6103516 0,3306074 0,2415979
0,4069011 0,2702076 0,2050401
0,6103516 0,2988181 0,2241137
0,6103516 0,298818 0,2177559
0,6103516 0,2638497 0,1970928
0,6103516 0,301997 0,2241137
0,6103516 0,2956391 0,2225243
0,6103516 0,2797444 0,2050401
0,6103516 0,298818 0,2177559
1,017253 0,2956391 0,2272926
0,6103516 0,301997 0,2225243
0,8138021 0,3369653 0,2336506
0,6103516 0,3019969 0,232061
0,6103516 0,2956391 0,214577
0,6103516 0,2861023 0,2193453
0,6103516 0,3306074 0,238419
0,6103516 0,2797444 0,2129875
0,8138021 0,3210706 0,2415978
0,6103516 0,298818 0,2272927
0,6103516 0,3242495 0,2415979
0,6103516 0,3115337 0,2304716
0,6103516 0,2892812 0,2193453
0,6103516 0,2892812 0,2272926
0,6103516 0,3115338 0,2384189
0,6103516 0,298818 0,2209348
0,6103516 0,301997 0,23524
0,6103516 0,2670287 0,2050401
0,6103516 0,3051759 0,2129875
0,6103516 0,2892812 0,2177559
0,6103516 0,2924602 0,2257032
0,6103516 0,3147127 0,2384189
0,6103516 0,2829233 0,2145769
0,6103516 0,3083549 0,2400084
0,6103516 0,3178916 0,2368295
0,8138021 0,3083548 0,2400084
0,6103516 0,2956391 0,2177559
0,6103516 0,3210706 0,2336506
0,6103516 0,2861023 0,2209348
0,6103516 0,2924602 0,2209348
0,6103516 0,301997 0,2288821
0,6103516 0,3210706 0,2368295
0,6103516 0,3147127 0,2415978
0,6103516 0,3051759 0,2415978
0,6103516 0,2797444 0,2225242
0,6103516 0,3115338 0,2400084
0,6103516 0,3115338 0,2336506
0,8138021 0,3337863 0,2495452
1,017253 0,3210706 0,23524
0,8138021 0,3210706 0,2400084
0,6103516 0,2861023 0,2225242
0,6103516 0,3083549 0,23524
0,6103516 0,298818 0,2098086
0,6103516 0,2892812 0,2257032
0,6103516 0,301997 0,2129875
0,6103516 0,2924601 0,2288821
0,8138021 0,3083548 0,2272927
0,6103516 0,3242495 0,2495452
0,8138021 0,2924601 0,2193453
0,8138021 0,3242495 0,23524
0,6103516 0,3210706 0,2415979
0,6103516 0,301997 0,2368294
0,6103516 0,3178917 0,2336506
1,220703 0,3210706 0,2400084
0,6103516 0,3147127 0,2384189
0,6103516 0,3083548 0,2241137
0,6103516 0,3051759 0,2415978
0,6103516 0,3051759 0,2304716
0,6103516 0,3115338 0,23524
0,6103516 0,3115337 0,2368294
0,6103516 0,3083549 0,2272927
0,6103516 0,2861023 0,2193453
0,6103516 0,3306074 0,2495452
0,6103516 0,2765655 0,2082191
0,6103516 0,3115337 0,2209348
0,6103516 0,3115337 0,2415978
0,6103516 0,301997 0,2257032
0,6103516 0,3115338 0,2368295
0,6103516 0,3147127 0,2415978
0,6103516 0,3051759 0,2431873
0,6103516 0,2797444 0,211398
0,6103516 0,2956391 0,2272927
0,4069011 0,2797444 0,2145769
0,6103516 0,3242495 0,2479557
0,6103516 0,3115337 0,2257032
0,6103516 0,3178917 0,2384189
0,6103516 0,2797444 0,2145769
0,6103516 0,3337863 0,2527241
0,4069011 0,3051759 0,2257032
0,6103516 0,3528598 0,2606713
0,6103516 0,3242495 0,2479557
0,8138021 0,3242495 0,2511346
0,8138021 0,3115338 0,2415978
0,8138021 0,298818 0,2304716
0,6103516 0,3083549 0,2257032
0,6103516 0,298818 0,2193453
0,6103516 0,3083548 0,2320611
0,6103516 0,3051759 0,2288821
0,6103516 0,3019969 0,2288821
0,6103516 0,3369653 0,2574925
0,6103516 0,3337863 0,2431873
0,6103516 0,3051759 0,23524
0,8138021 0,2924601 0,2161664
0,6103516 0,2924601 0,2145769
0,6103516 0,3019969 0,2225243
0,6103516 0,3115338 0,2304716
1,017253 0,2924601 0,2225242
0,6103516 0,3115338 0,2304716
0,6103516 0,3115337 0,2257032
0,8138021 0,3115337 0,2400084
0,8138021 0,3210706 0,2415979
0,6103516 0,2956391 0,2209348
0,6103516 0,3337863 0,2511347
0,4069011 0,2797444 0,2161664
0,4069011 0,2765655 0,2241137
0,6103516 0,3178917 0,2447768
0,6103516 0,3369653 0,2622608
0,6103516 0,2924601 0,2304716
0,6103516 0,3242495 0,2415979
0,6103516 0,2733865 0,2209348
0,6103516 0,2924601 0,2272926
0,6103516 0,3242495 0,2431873
0,6103516 0,3242495 0,2400084
0,6103516 0,2829233 0,2161664
0,8138021 0,3528598 0,2622607
0,6103516 0,3433231 0,2543135
0,6103516 0,3178916 0,2384189
0,6103516 0,2924601 0,232061
0,6103516 0,3369653 0,2543136
0,6103516 0,2956391 0,2225243
0,6103516 0,3051759 0,2336505
0,6103516 0,3083548 0,2415978
0,8138021 0,3560387 0,2622607
0,6103516 0,3083549 0,2368295
0,8138021 0,3433231 0,2590819
0,8138021 0,3210706 0,2368295
0,8138021 0,3274284 0,2415979
0,6103516 0,3147127 0,2479557
0,6103516 0,2956391 0,2304716
0,6103516 0,2924601 0,2257032
0,8138021 0,3210706 0,2447768
0,6103516 0,3306074 0,2447768
1,017253 0,3019969 0,2288821
0,6103516 0,3401441 0,2495452
0,6103516 0,3433231 0,2463663
0,6103516 0,3401441 0,255903
0,6103516 0,3019969 0,2368294
0,6103516 0,2829233 0,2241137
0,6103516 0,3147127 0,2447768
0,6103516 0,3306074 0,2400084
0,8138021 0,3369653 0,2479557
0,6103516 0,3178916 0,2495452
0,6103516 0,3083549 0,2400084
0,6103516 0,3115338 0,2384189
0,6103516 0,3115338 0,2463662
0,6103516 0,3051759 0,2272927
0,6103516 0,3147127 0,2368295
0,6103516 0,3083548 0,2336505
0,6103516 0,3178917 0,2415979
0,6103516 0,3242495 0,2479557
0,6103516 0,301997 0,2400084
0,6103516 0,3242495 0,238419
0,6103516 0,3178917 0,2400084
0,8138021 0,3560387 0,2559029
0,6103516 0,2956391 0,2209348
0,6103516 0,3210706 0,2400084
0,8138021 0,3178917 0,2384189
0,6103516 0,298818 0,2304716
0,6103516 0,3306074 0,23524
0,6103516 0,3019969 0,2272927
0,6103516 0,3274285 0,2400084
0,6103516 0,3115338 0,2368295
1,017253 0,3401441 0,255903
0,6103516 0,3306074 0,2511347
0,8138021 0,3242495 0,2463662
0,6103516 0,3210706 0,2463663
0,6103516 0,3147127 0,2415979
0,8138021 0,3178917 0,2479557
0,8138021 0,3178917 0,2320611
0,6103516 0,301997 0,23524
0,4069011 0,301997 0,2336505
0,8138021 0,3369653 0,2479557
1,017253 0,3337863 0,2495452
0,6103516 0,3083548 0,2384189
0,6103516 0,3274285 0,2495452
0,6103516 0,3337863 0,2574925
0,6103516 0,3147127 0,2479557
0,8138021 0,3242495 0,2479557
0,8138021 0,3337863 0,2590819
0,6103516 0,3337863 0,2447768
0,6103516 0,2892812 0,2272926
0,8138021 0,3274285 0,2574924
0,6103516 0,3337863 0,2479557
0,6103516 0,3115337 0,2304716
1,017253 0,3178916 0,2415978
0,6103516 0,3306074 0,2543136
0,6103516 0,3178917 0,2384189
0,8138021 0,3306074 0,2463663
0,6103516 0,3083549 0,23524
0,6103516 0,3687542 0,2686184
0,6103516 0,301997 0,2368294
0,6103516 0,3115338 0,2415978
0,6103516 0,3274285 0,2463663
0,8138021 0,346502 0,2527241
0,6103516 0,3274285 0,238419
0,6103516 0,3178917 0,2431873
0,6103516 0,2956391 0,2288821
0,6103516 0,3242495 0,23524
0,6103516 0,3210706 0,2431873
0,6103516 0,3147127 0,2511346
0,8138021 0,2956391 0,2336505
0,6103516 0,3496808 0,2574924
0,6103516 0,3210706 0,2527241
0,6103516 0,2892812 0,232061
0,8138021 0,3401442 0,2511347
0,6103516 0,3337863 0,2590819
0,6103516 0,3560386 0,2606713
0,6103516 0,346502 0,2622608
0,8138021 0,3401442 0,255903
0,8138021 0,3242495 0,2527241
0,6103516 0,343323 0,2543135
0,6103516 0,3306074 0,2415979
0,6103516 0,3051759 0,23524
0,6103516 0,3242495 0,255903
0,6103516 0,3242495 0,2400084
0,6103516 0,3592175 0,2702079
0,6103516 0,346502 0,2622608
0,8138021 0,3401442 0,2590819
0,6103516 0,3465019 0,2670291
0,6103516 0,3401441 0,2543135
0,8138021 0,3496808 0,2654396
0,6103516 0,3178917 0,2495452
0,6103516 0,3623964 0,2733868
0,8138021 0,3369653 0,2511347
0,8138021 0,3337863 0,2574925
0,6103516 0,3687542 0,2749762
0,6103516 0,3814698 0,2845128
0,6103516 0,3147127 0,2479557
0,8138021 0,3910065 0,2892812
0,8138021 0,375112 0,2797445
0,6103516 0,3242495 0,2463663
0,6103516 0,3623964 0,2702079
0,6103516 0,3242496 0,2479557
0,8138021 0,3369653 0,2590819
0,6103516 0,3147127 0,2431873
0,6103516 0,3528597 0,2654396
0,6103516 0,3337863 0,2527241
0,6103516 0,3655753 0,281334
0,6103516 0,3306074 0,2543135
0,8138021 0,3560387 0,2670291
0,6103516 0,3528598 0,270208
0,6103516 0,3687542 0,2797446
0,6103516 0,3496809 0,2622607
0,8138021 0,3560387 0,2686185
0,8138021 0,3814699 0,2876918
0,6103516 0,3719331 0,2845129
0,6103516 0,3465019 0,2574924
0,6103516 0,375112 0,2765656
0,8138021 0,3623964 0,2781551
0,6103516 0,3496809 0,2717974
0,6103516 0,3910065 0,278155
0,6103516 0,3973643 0,2940495
0,6103516 0,3719331 0,2733868
0,6103516 0,4164377 0,3019966
0,6103516 0,3782909 0,2892812
0,8138021 0,4164377 0,2972283
0,6103516 0,4227955 0,3083544
0,6103516 0,3719331 0,2797445
0,8138021 0,3910065 0,2892812
0,6103516 0,4100799 0,3051755
0,6103516 0,3910065 0,2908706
0,8138021 0,4259745 0,3051755
0,6103516 0,3782909 0,281334
0,8138021 0,4418689 0,3131227
1,017253 0,4196166 0,3083544
0,8138021 0,4355111 0,3147121
0,8138021 0,4323322 0,3147121
0,6103516 0,4100799 0,3019966
0,8138021 0,4609423 0,3274276
0,8138021 0,4545845 0,332196
0,8138021 0,4545845 0,3417326
0,8138021 0,470479 0,3496799
1,017253 0,4673001 0,3496799
1,017253 0,4609423 0,3433221
0,8138021 0,4736579 0,3512694
0,8138021 0,4545845 0,3480905
0,8138021 0,4641213 0,3480905
1,017253 0,4990892 0,3878272
0,8138021 0,473658 0,3560379
0,8138021 0,508626 0,4053114
0,8138021 0,5213417 0,3925956
1,220703 0,5626678 0,4243849
1,017253 0,559489 0,4402798
1,220703 0,5944572 0,4529954
1,220703 0,6198886 0,4800164
1,220703 0,6453198 0,5102165
1,017253 0,6802877 0,5245216
1,220703 0,7375082 0,5642576
2,034505 0,7375082 0,5578998
1,424154 0,7947287 0,627835
1,831055 0,7788342 0,6103512
1,424154 0,8455911 0,6596243
1,831055 0,9250635 0,70095
1,831055 0,8932745 0,6786973
2,848307 0,9409581 0,697771
2,441406 1,045863 0,7692967
2,034505 1,071294 0,8265179
2,848307 1,249314 0,9314223
3,458659 1,268387 0,9409589
3,662109 1,360574 0,9854631
5,696614 1,586278 1,177787
5,900065 1,742046 1,25885
4,679363 1,846949 1,393954
3,86556 2,117157 1,583099
3,86556 2,190273 1,653036
5,289714 2,412796 1,800855
8,748372 2,857844 2,0806
5,900064 3,105799 2,291998
10,17253 3,417333 2,568564
8,341472 3,960927 2,950033
10,57943 4,510879 3,259976
10,98633 5,013148 3,619195
18,514 6,173451 4,399616
16,8864 7,67708 5,45025
15,66569 8,672078 6,394385
18,1071 10,22339 7,568994
17,49675 10,78924 8,269945
21,3623 11,98768 9,318986
22,17611 12,54717 9,71635
23,60026 12,88732 10,11848
24,00716 14,88368 11,78582
26,44857 15,61165 12,44704
28,68653 17,34734 13,67093
29,29686 19,14342 14,82487
31,73827 20,16385 16,17114
32,34863 20,15432 16,09961
31,53483 20,48175 16,58916
45,77637 22,35412 17,98153
32,14516 22,84049 18,40591
35,40038 23,74013 19,14024
35,80729 24,16293 19,53602
35,40038 25,01805 19,76807
44,75909 25,98762 21,39409
49,43849 27,01441 21,30986
43,53838 28,60386 22,75944
51,473 32,11338 25,73966
59,81454 34,01438 27,23375
83,00795 38,79546 30,23147
81,78719 39,36449 30,89269
72,22505 43,09336 33,1529
72,2251 44,39354 34,92672
63,27323 45,83043 37,79889
110,2701 49,29226 38,10089
76,09071 48,17965 39,38995
80,5665 50,68463 41,17807
84,839 54,4453 44,0693
92,77337 56,16511 44,88472
78,73559 57,74186 47,38174
94,40105 58,84175 46,97484
92,97697 63,77864 51,56838
93,3838 65,44758 54,20848
93,99415 66,90352 54,00821
109,0495 66,90353 54,12265
101,5218 69,6374 57,70053
104,1665 68,30542 54,00028
112,101 76,04925 61,78543
126,1389 78,63372 63,39872
112,3044 81,83807 67,7777
126,1388 88,60593 73,7159
116,5769 89,75987 75,76633
127,563 92,36021 77,41299
116,5768 95,28477 80,1182
123,0871 97,16348 84,29053
132,6492 97,76427 84,06644
154,4181 104,3032 87,56955
129,801 101,8015 88,33248
134,4802 101,5598 87,96851
125,3251 103,7501 88,24185
132,8527 107,126 92,8163
130,0044 106,3917 89,97909
147,7043 108,0479 93,55061
142,4147 109,8662 93,51563
131,225 106,3377 90,03951
141,194 109,418 95,35463
137,3285 111,5479 96,60232
132,6492 111,0933 98,92775
133,8699 110,7595 95,59939
132,6492 109,507 95,4929
142,2112 109,7868 95,37685
161,7423 110,9852 97,88662
143,2285 113,7731 96,95992
142,0077 115,2862 100,9606
143,025 115,175 100,5346
138,7526 116,17 104,4844
143,2284 117,2921 103,0936
172,5255 117,8865 102,941
141,6008 118,8752 105,7305
149,3319 118,2744 107,4058
151,3664 121,8283 107,4884
150,3491 119,2566 105,9546
141,194 119,0818 105,5239
140,9905 118,5 102,7312
140,5836 117,2857 104,3397
145,4664 120,4391 108,3753
156,2491 122,0159 111,4191
144,6526 123,0871 111,5176
153,1974 123,866 109,836
152,994 125,6938 111,063
156,4526 125,8178 110,9311
168,2529 130,8341 117,3922
170,8979 128,0812 114,7219
149,7387 124,8451 110,5226
164,5907 128,8219 111,694
162,5562 130,6338 117,5162
164,3873 131,0947 118,4491
176,3913 133,1038 118,1742
156,656 131,5715 121,0892
165,4047 133,1006 117,7514
162,3529 129,7882 116,1969
162,7596 130,2364 116,5148
180,0535 135,24 120,312
169,8807 134,5374 120,8413
154,6215 134,3149 119,3043
152,587 134,245 122,569
170,4911 137,0265 122,3687
192,2609 139,0229 123,5274
167,2357 139,9606 123,8675
162,5562 137,1441 121,1242
173,7463 134,601 120,5965
187,5814 136,3971 123,4209
166,8288 139,0356 124,3222
158,894 137,8816 124,516
161,7424 135,4975 121,4579
170,2875 134,5311 120,7713
176,7981 138,9179 124,8577
164,5908 136,9279 122,6373
166,2185 137,4461 120,8587
166,4219 137,3826 121,4707
165,2011 139,4551 125,6684
184,5295 140,3135 126,4631
195,3127 140,9397 124,8133
157,2664 139,56 127,1593
