0,4069011 0,2988181 0,2225243
0,6103516 0,2892812 0,2161664
0,6103516 0,2892812 0,2304716
0,8138021 0,3051759 0,2257032
0,6103516 0,3051759 0,2320611
0,6103516 0,2892812 0,2098086
0,6103516 0,3115338 0,2336505
0,6103516 0,3242495 0,238419
0,6103516 0,2829233 0,2066296
0,6103516 0,2861023 0,2225242
0,6103516 0,301997 0,2257032
0,6103516 0,2829233 0,2161664
0,6103516 0,2733865 0,2066296
0,8138021 0,298818 0,2161664
0,6103516 0,2797444 0,1955034
1,017253 0,2829233 0,2209348
0,6103516 0,3115338 0,2479557
0,6103516 0,3210706 0,238419
0,6103516 0,3083549 0,2304716
0,6103516 0,2797444 0,2145769
0,6103516 0,3147127 0,2320611
0,6103516 0,3051759 0,2241137
0,4069011 0,2988181 0,2098086
0,4069011 0,3147127 0,23524
0,6103516 0,2924601 0,2161664
0,6103516 0,3083549 0,2288821
0,4069011 0,2702076 0,2018612
0,8138021 0,3178917 0,2431873
0,8138021 0,3242495 0,2479557
0,4069011 0,2638497 0,2050401
0,6103516 0,301997 0,2272927
0,6103516 0,2479552 0,1970928
0,6103516 0,2765655 0,2225242
0,6103516 0,301997 0,2225243
0,8138021 0,3178917 0,2431873
0,8138021 0,2797444 0,2129875
0,6103516 0,3242495 0,238419
0,6103516 0,2924601 0,2193453
0,6103516 0,2956391 0,2241137
0,6103516 0,3115337 0,2272927
0,6103516 0,2638497 0,2002717
0,6103516 0,2765655 0,211398
0,8138021 0,3115337 0,2368294
0,6103516 0,3051759 0,2415978
0,6103516 0,2988181 0,2098086
0,6103516 0,2829233 0,2161664
0,8138021 0,3210706 0,2431873
0,6103516 0,2924602 0,2257032
0,6103516 0,2861023 0,2225242
0,6103516 0,2924601 0,2241137
0,6103516 0,3210706 0,2431873
0,6103516 0,2638497 0,2098085
0,4069011 0,2670287 0,2050401
0,6103516 0,2670287 0,2066296
1,017253 0,2861023 0,2272926
0,6103516 0,3083548 0,2288821
0,6103516 0,3115338 0,2257032
0,6103516 0,3115338 0,2320611
0,6103516 0,2765655 0,1970928
0,6103516 0,3147127 0,23524
0,8138021 0,2924601 0,2209348
0,6103516 0,2956391 0,2288821
0,6103516 0,2892812 0,2129875
0,8138021 0,3242495 0,2431873
0,8138021 0,3369653 0,2447768
0,4069011 0,2924602 0,2225243
0,6103516 0,2924601 0,2193453
0,4069011 0,2892812 0,2225243
0,4069011 0,2956391 0,232061
0,6103516 0,301997 0,2193454
0,6103516 0,2892812 0,2225243
0,8138021 0,298818 0,2177559
0,6103516 0,3051759 0,2336505
0,4069011 0,2733865 0,2129875
0,6103516 0,3051759 0,2288821
0,6103516 0,3465019 0,2574924
0,6103516 0,3306074 0,2479557
0,6103516 0,3242495 0,2495452
0,6103516 0,2956391 0,2272927
0,6103516 0,2829233 0,2209348
0,6103516 0,3083548 0,2304716
0,6103516 0,3051759 0,2304716
0,6103516 0,2861023 0,2193453
0,8138021 0,3051759 0,2288821
0,6103516 0,2956391 0,2209348
0,6103516 0,3147127 0,2368295
0,6103516 0,2892812 0,2257032
0,6103516 0,3242495 0,2431873
0,6103516 0,3369653 0,2511347
0,8138021 0,3147127 0,23524
0,8138021 0,3592176 0,267029
0,6103516 0,3147127 0,2288822
0,8138021 0,3115338 0,2368295
0,6103516 0,3147127 0,2400084
0,6103516 0,3178917 0,2447768
0,8138021 0,301997 0,2272927
0,6103516 0,3115338 0,2447768
0,6103516 0,298818 0,2384189
0,6103516 0,2956391 0,2336505
0,6103516 0,2988181 0,2336505
0,6103516 0,3274285 0,2368295
0,8138021 0,3401442 0,2543136
0,6103516 0,2956391 0,2288821
0,8138021 0,2861023 0,2257032
0,8138021 0,3369653 0,2511347
0,8138021 0,3433231 0,2527241
0,8138021 0,3655753 0,2702079
0,6103516 0,3274285 0,2543136
0,6103516 0,3433231 0,2543135
1,424154 0,3210706 0,2384189
0,8138021 0,3560386 0,2622607
0,6103516 0,3560386 0,2686185
0,8138021 0,3560387 0,2654396
0,8138021 0,3592176 0,2622607
0,6103516 0,3560386 0,267029
0,6103516 0,3655753 0,2702079
0,6103516 0,3655753 0,2733868
0,8138021 0,3655754 0,2765657
0,8138021 0,3941855 0,2956389
1,220703 0,3910065 0,2876917
0,8138021 0,4259744 0,2988177
1,424154 0,4609423 0,3306065
1,017253 0,4545845 0,3385537
1,017253 0,4959103 0,3528589
0,8138021 0,4990892 0,3560378
1,424154 0,4895525 0,3480904
1,017253 0,5149838 0,3592166
1,017253 0,5118049 0,3798799
1,627604 0,5658467 0,4227955
1,220703 0,5435942 0,4053113
1,424154 0,7152559 0,5102162
1,220703 0,6739301 0,4943215
1,831055 0,7565818 0,5435951
1,831055 0,8710222 0,6437294
2,034505 0,9059901 0,6834661
3,051758 1,033147 0,7629388
2,644857 1,134873 0,7804235
3,458659 1,338323 0,9600321
3,255208 1,49091 1,056989
2,644857 1,595816 1,166662
3,458659 1,745225 1,304945
4,272461 1,980463 1,470248
3,86556 2,091725 1,546542
4,679363 2,358755 1,745224
4,069011 2,717972 1,988411
5,696615 2,81016 2,042452
5,086263 3,080368 2,242724
8,54492 3,56992 2,506574
8,54492 4,145304 2,881686
9,155271 4,380544 3,148715
10,57943 4,933675 3,45548
9,969072 5,362829 3,86556
10,17252 6,189346 4,50929
10,98633 6,767909 5,000434
17,49675 7,295609 5,644161
13,22428 7,867813 6,078085
13,42774 8,544923 6,424587
15,05534 8,964538 6,685257
18,31056 10,04855 7,565816
19,7347 10,86235 8,587838
22,583 11,51721 8,707046
23,39681 12,60122 9,500185
24,41406 14,48631 10,69387
26,85546 16,06624 12,20386
37,84175 16,28876 12,52492
37,43489 18,05305 13,52787
42,92804 19,23879 15,17295
36,62107 19,69337 15,18249
51,26955 22,17293 17,48085
55,74548 23,26647 18,07849
48,82809 23,55258 18,22948
57,57654 26,2928 20,43724
51,87991 29,00759 22,64817
75,68375 33,86815 25,72059
56,15239 35,72463 26,49465
77,10796 42,64514 31,48874
72,63197 44,41578 34,17492
80,56652 49,39398 37,59543
86,8736 52,19781 40,39131
83,61832 52,53477 38,48238
83,41476 57,01068 43,25708
87,07693 58,05338 43,64174
92,77354 65,1265 48,42285
98,26665 64,09335 47,85701
110,8802 66,83359 49,07296
112,9148 70,22546 54,6869
124,5113 75,29907 56,63402
109,863 75,45482 57,9024
115,3562 75,81721 59,0913
115,3562 82,07333 64,22687
112,3044 81,76815 65,52386
105,5906 79,60968 63,31609
110,6768 82,52789 65,66212
117,7975 84,12052 68,58514
111,6941 85,799 72,70664
133,463 89,20358 74,32945
124,9181 87,68407 71,02658
138,7527 86,50787 68,98727
126,5458 93,94326 75,96496
123,494 95,22119 75,95224
131,0217 95,49459 78,58279
133,87 96,62626 80,03715
128,9871 93,57136 78,04078
134,0734 100,3424 81,09411
132,8527 99,2679 81,21651
128,7837 98,40959 79,02782
135,7009 103,0253 86,18989
128,7837 102,5962 84,42085
131,225 100,1167 82,01126
149,7388 104,7928 85,94668
144,8561 107,339 88,0845
136,3113 106,3187 86,15966
146,8905 109,2813 89,15414
156,4525 112,209 93,11825
148,925 112,2186 90,10778
151,7732 116,1 93,79532
143,4319 114,6314 96,02847
139,1595 117,3112 94,43902
147,094 117,8516 99,8003
158,6906 117,1776 98,77348
153,1974 121,6821 107,2119
163,3701 120,8301 101,884
154,418 118,9642 100,4615
148,925 121,4882 102,2098
146,4836 121,8283 103,394
154,0112 122,8901 108,3976
161,3355 123,3669 103,8867
155,2318 124,3778 104,9945
151,1629 124,4445 103,0013
173,1359 125,9895 106,6301
162,1493 124,8705 111,5748
156,0456 124,3969 103,8263
168,253 129,8295 110,068
160,3182 129,0221 110,2889
155,4353 129,0221 111,1902
191,6505 129,4863 107,2643
155,2319 131,2601 113,9717
165,2011 129,9853 114,0591
166,6253 129,2892 110,4654
153,1974 131,3935 115,7535
157,2664 130,7419 109,8614
157,8768 131,9053 114,8601
175,7809 135,7486 115,728
163,7769 134,3881 114,226
175,5775 135,7264 116,4417
160,1147 134,1528 115,2035
159,5043 134,2609 116,7166
167,0323 134,4167 114,8761
174,7636 134,102 118,0836
166,6254 138,1709 121,2751
190,8367 137,3762 122,8042
171,7117 138,9783 121,1941
169,0668 138,403 121,7822
170,898 139,1913 119,9241
169,6772 137,8308 125,6461
167,0322 138,2345 118,2282
181,8846 141,9411 124,0853
172,3221 139,8557 122,1048
162,5562 138,6573 120,8349
179,0362 139,0165 122,4164
166,2184 136,0569 118,066
178,0189 136,289 118,341
184,9364 140,2467 120,7745
174,1533 140,6982 121,5661
183,3088 143,254 121,6773
180,4604 139,9638 121,7456
178,4258 141,9315 121,6439
162,9632 140,6886 127,3961
170,491 141,9252 122,3448
164,7943 140,6377 120,5424
167,4393 142,8374 123,6672
171,7117 141,07 120,5615
