0,1068115 0,00834465 0,004172325
0,4272461 0,01168251 0,005841255
0,3204346 0,0166893 0,00834465
0,213623 0,01502037 0,007510185
0,213623 0,01001358 0,00500679
0,3204346 0,01001358 0,00500679
0,1068115 0,01335144 0,00667572
0,4272461 0,02503395 0,01251698
0,213623 0,01502037 0,007510185
0,213623 0,01168251 0,005841255
0,3204346 0,02002716 0,01001358
0,3204346 0,01168251 0,005841255
0,3204346 0,02336502 0,01168251
0,213623 0,01502037 0,007510185
0,213623 0,0166893 0,00834465
0,1068115 0,00333786 0,00166893
0,1068115 0,00834465 0,004172325
0,3204346 0,02837181 0,01418591
0,213623 0,01001358 0,00500679
0,3204346 0,01835823 0,009179115
0,3204346 0,02002716 0,01001358
0,213623 0,01168251 0,005841255
0,213623 0,01502037 0,007510185
0,213623 0,02002716 0,01001358
0,213623 0,01001358 0,00500679
0,3204346 0,02336502 0,01168251
0,3204346 0,01168251 0,005841255
0,213623 0,01168251 0,005841255
0,3204346 0,02169609 0,01084805
0,213623 0,01001358 0,00500679
0,3204346 0,01335144 0,00667572
0,213623 0,01502037 0,007510185
0,3204346 0,03004074 0,01502037
0,213623 0,0166893 0,00834465
0,213623 0,0166893 0,00834465
0,3204346 0,01335144 0,00667572
0,213623 0,01502037 0,007510185
0,213623 0,01335144 0,00667572
0,213623 0,01335144 0,00667572
0,213623 0,01001358 0,00500679
0,213623 0,02169609 0,01084805
0,213623 0,02002716 0,01001358
0,213623 0,01168251 0,005841255
0,1068115 0,01502037 0,007510185
0,3204346 0,02336502 0,01168251
0,213623 0,01335144 0,00667572
0,213623 0,01335144 0,00667572
0,213623 0,01001358 0,00500679
0,213623 0,01335144 0,00667572
0,4272461 0,0166893 0,00834465
0,3204346 0,02837181 0,01418591
0,1068115 0,00834465 0,004172325
0,213623 0,02169609 0,01084805
0,4272461 0,04506111 0,02253056
0,3204346 0,02336502 0,01168251
0,3204346 0,02670288 0,01335144
0,213623 0,0166893 0,00834465
0,213623 0,01502037 0,007510185
0,3204346 0,02837181 0,01418591
0,3204346 0,01502037 0,007510185
0,213623 0,0166893 0,00834465
0,213623 0,02169609 0,01084805
0,213623 0,02336502 0,01168251
0,3204346 0,02837181 0,01418591
0,4272461 0,02336502 0,01168251
0,213623 0,03004074 0,01502037
0,213623 0,0166893 0,00834465
0,213623 0,01335144 0,00667572
0,1068115 0,00667572 0,00333786
0,1068115 0,00333786 0,00166893
0,213623 0,01502037 0,007510185
0,213623 0,01168251 0,005841255
0,213623 0,00834465 0,004172325
0,1068115 0,01168251 0,005841255
0,4272461 0,01001358 0,00500679
0,6408691 0,02169609 0,01084805
0,1068115 0,00834465 0,004172325
0,213623 0,01335144 0,00667572
0,1068115 0,01502037 0,007510185
0,213623 0,01001358 0,00500679
0,213623 0,01335144 0,00667572
0,1068115 0,01001358 0,00500679
0,213623 0,00834465 0,004172325
0,213623 0,01335144 0,00667572
0,1068115 0,01001358 0,00500679
0,3204346 0,00834465 0,004172325
0,1068115 0,01168251 0,005841255
0,213623 0,01502037 0,007510185
0,213623 0,01502037 0,007510185
0,213623 0,00834465 0,004172325
0,3204346 0,0166893 0,00834465
0,3204346 0,01835823 0,009179115
0,213623 0,01335144 0,00667572
0,213623 0,01001358 0,00500679
0,213623 0,01502037 0,007510185
0,213623 0,01335144 0,00667572
0,213623 0,01168251 0,005841255
0,3204346 0,02002716 0,01001358
0,213623 0,00834465 0,004172325
0,1068115 0,00667572 0,00333786
0,213623 0,01335144 0,00667572
0,3204346 0,00500679 0,002503395
0,1068115 0,01335144 0,00667572
0,213623 0,0166893 0,00834465
0,1068115 0,01168251 0,005841255
0,1068115 0,00333786 0,00166893
0,213623 0,00834465 0,004172325
0,213623 0,01168251 0,005841255
0,213623 0,00834465 0,004172325
0,1068115 0,00667572 0,00333786
0,1068115 0,00667572 0,00333786
0 0 0
0,1068115 0,00500679 0,002503395
0,3204346 0,0166893 0,00834465
0,213623 0,01001358 0,00500679
0,1068115 0,00667572 0,00333786
0,1068115 0,00333786 0,00166893
0,213623 0,00834465 0,004172325
0,1068115 0,00166893 0,000834465
0,1068115 0,00834465 0,004172325
0,3204346 0,01835823 0,009179115
0,1068115 0,00500679 0,002503395
0,1068115 0,00500679 0,002503395
0,1068115 0,01168251 0,005841255
0,1068115 0,01001358 0,00500679
0,213623 0,00834465 0,004172325
0 0 0
0,213623 0,01168251 0,005841255
0,1068115 0,00500679 0,002503395
0,1068115 0,00500679 0,002503395
0,213623 0,00500679 0,002503395
0,1068115 0,00333786 0,00166893
0 0 0
0,1068115 0,00667572 0,00333786
0,3204346 0,01335144 0,00667572
0,1068115 0,00166893 0,000834465
0,213623 0,01502037 0,007510185
0,3204346 0,00834465 0,004172325
0,1068115 0,00333786 0,00166893
0,213623 0,01001358 0,00500679
0,3204346 0,01335144 0,00667572
0,1068115 0,00667572 0,00333786
0,213623 0,00834465 0,004172325
0,213623 0,01502037 0,007510185
0,1068115 0,00667572 0,00333786
0,1068115 0,00500679 0,002503395
0,1068115 0,00166893 0,000834465
0,213623 0,01001358 0,00500679
0,1068115 0,00834465 0,004172325
0,213623 0,01168251 0,005841255
0,1068115 0,00333786 0,00166893
0,213623 0,00667572 0,00333786
0,213623 0,01001358 0,00500679
0,213623 0,01001358 0,00500679
0,213623 0,00834465 0,004172325
0,213623 0,00834465 0,004172325
0,1068115 0,00834465 0,004172325
0,1068115 0,00500679 0,002503395
0,213623 0,01835823 0,009179115
0,213623 0,00667572 0,00333786
0,3204346 0,01835823 0,009179115
0,1068115 0,00500679 0,002503395
0,213623 0,01335144 0,00667572
0,1068115 0,00834465 0,004172325
0,1068115 0,01001358 0,00500679
0,213623 0,00333786 0,00166893
0,3204346 0,01001358 0,00500679
0,3204346 0,00834465 0,004172325
0,3204346 0,01001358 0,00500679
0,213623 0,01835823 0,009179115
0,3204346 0,01835823 0,009179115
0,3204346 0,02002716 0,01001358
0,213623 0,0166893 0,00834465
0,213623 0,00667572 0,00333786
0,1068115 0,00333786 0,00166893
0,1068115 0,00500679 0,002503395
0,1068115 0,00333786 0,00166893
0,1068115 0,00500679 0,002503395
0,3204346 0,00500679 0,002503395
0,213623 0,01001358 0,00500679
0,1068115 0,01001358 0,00500679
0,1068115 0,01001358 0,00500679
0,1068115 0,00333786 0,00166893
0,1068115 0,00166893 0,000834465
0,3204346 0,00667572 0,00333786
0,1068115 0,00166893 0,000834465
0,1068115 0,00166893 0,000834465
0,213623 0,01168251 0,005841255
0,1068115 0,00667572 0,00333786
0,213623 0,00834465 0,004172325
0,213623 0,01335144 0,00667572
0,6408691 0,0166893 0,00834465
0,213623 0,00834465 0,004172325
0,213623 0,00834465 0,004172325
0,1068115 0,00333786 0,00166893
0,213623 0,01168251 0,005841255
0,1068115 0,00333786 0,00166893
0,213623 0,00834465 0,004172325
0,3204346 0,01502037 0,007510185
0,1068115 0,00500679 0,002503395
0,1068115 0,00333786 0,00166893
0,1068115 0,00667572 0,00333786
0,1068115 0,00333786 0,00166893
0,1068115 0,00667572 0,00333786
0,1068115 0,00667572 0,00333786
0,1068115 0,00834465 0,004172325
0,213623 0,00834465 0,004172325
0,1068115 0,00333786 0,00166893
0,1068115 0,00166893 0,000834465
0,1068115 0,00333786 0,00166893
0,1068115 0,00333786 0,00166893
0,1068115 0,01001358 0,00500679
0,1068115 0,00333786 0,00166893
0,213623 0,01001358 0,00500679
0,1068115 0,00834465 0,004172325
0,213623 0,00834465 0,004172325
0,213623 0,00667572 0,00333786
0,1068115 0,00333786 0,00166893
0,1068115 0,00166893 0,000834465
0,1068115 0,00333786 0,00166893
0,1068115 0,00667572 0,00333786
0,1068115 0,00500679 0,002503395
0,213623 0,01502037 0,007510185
0,1068115 0,00166893 0,000834465
0,3204346 0,02503395 0,01251698
0,3204346 0,02169609 0,01084805
0,213623 0,00500679 0,002503395
0,213623 0,0166893 0,00834465
0,213623 0,01001358 0,00500679
0,213623 0,00834465 0,004172325
0,213623 0,00667572 0,00333786
0,213623 0,01168251 0,005841255
0,213623 0,01335144 0,00667572
0,1068115 0,00500679 0,002503395
0,1068115 0,00667572 0,00333786
0,213623 0,01001358 0,00500679
0,1068115 0,00834465 0,004172325
0,1068115 0,00667572 0,00333786
0,213623 0,00834465 0,004172325
0,1068115 0,01001358 0,00500679
0,213623 0,00500679 0,002503395
0,213623 0,00500679 0,002503395
0,1068115 0,00500679 0,002503395
0,1068115 0,00667572 0,00333786
0,1068115 0,01001358 0,00500679
0,213623 0,00834465 0,004172325
0,1068115 0,00500679 0,002503395
0,213623 0,01168251 0,005841255
0,213623 0,01001358 0,00500679
0,213623 0,00667572 0,00333786
0,3204346 0,02169609 0,01084805
0,1068115 0,00834465 0,004172325
0,213623 0,01168251 0,005841255
0,213623 0,01168251 0,005841255
0,1068115 0,00333786 0,00166893
0,213623 0,01001358 0,00500679
0,213623 0,00834465 0,004172325
0,213623 0,01001358 0,00500679
0,1068115 0,00667572 0,00333786
0,4272461 0,0166893 0,00834465
0,213623 0,0166893 0,00834465
0,213623 0,00834465 0,004172325
0,213623 0,01502037 0,007510185
0,213623 0,00500679 0,002503395
0,1068115 0,01001358 0,00500679
0,1068115 0,01168251 0,005841255
0,1068115 0,00166893 0,000834465
0,3204346 0,01168251 0,005841255
0,1068115 0,00500679 0,002503395
0,1068115 0,00834465 0,004172325
0,213623 0,01168251 0,005841255
0,213623 0,00500679 0,002503395
0,213623 0,01001358 0,00500679
0,213623 0,00667572 0,00333786
0,213623 0,0166893 0,00834465
0,213623 0,01168251 0,005841255
0,1068115 0,00500679 0,002503395
0,213623 0,00667572 0,00333786
0,213623 0,00500679 0,002503395
0,213623 0,00667572 0,00333786
0,213623 0,01001358 0,00500679
0,1068115 0,00834465 0,004172325
0,3204346 0,01168251 0,005841255
0 0 0
0,1068115 0,00667572 0,00333786
0,213623 0,01335144 0,00667572
0,3204346 0,01335144 0,00667572
0,1068115 0,00667572 0,00333786
0,1068115 0,00667572 0,00333786
0,213623 0,01335144 0,00667572
0,213623 0,01001358 0,00500679
0,213623 0,00500679 0,002503395
0,3204346 0,02169609 0,01084805
0,1068115 0,01001358 0,00500679
0,213623 0,01502037 0,007510185
0,4272461 0,00834465 0,004172325
0,3204346 0,01001358 0,00500679
0,1068115 0,00834465 0,004172325
0,213623 0,00667572 0,00333786
0,213623 0,01335144 0,00667572
0,213623 0,01335144 0,00667572
0,3204346 0,02002716 0,01001358
0,213623 0,00834465 0,004172325
0,1068115 0,00500679 0,002503395
0,213623 0,01168251 0,005841255
0,213623 0,01168251 0,005841255
0,3204346 0,02169609 0,01084805
0,213623 0,0166893 0,00834465
0,1068115 0,00667572 0,00333786
0,1068115 0,00667572 0,00333786
0,213623 0,01001358 0,00500679
0,213623 0,00667572 0,00333786
0,213623 0,00834465 0,004172325
0,3204346 0,01335144 0,00667572
0,213623 0,01168251 0,005841255
0,213623 0,01001358 0,00500679
0,213623 0,02503395 0,01251698
0,1068115 0,00834465 0,004172325
0,213623 0,00667572 0,00333786
0,3204346 0,01168251 0,005841255
0,1068115 0,00500679 0,002503395
0,213623 0,00333786 0,00166893
0,1068115 0,00166893 0,000834465
0,213623 0,00834465 0,004172325
0,4272461 0,01168251 0,005841255
0,3204346 0,01001358 0,00500679
0,1068115 0,00834465 0,004172325
0,3204346 0,01835823 0,009179115
0,3204346 0,00834465 0,004172325
0,1068115 0,01335144 0,00667572
0,3204346 0,01335144 0,00667572
0,213623 0,01335144 0,00667572
0,3204346 0,01835823 0,009179115
0,3204346 0,01502037 0,007510185
0,1068115 0,00667572 0,00333786
0,213623 0,01335144 0,00667572
0,213623 0,01502037 0,007510185
0,213623 0,01502037 0,007510185
0,213623 0,0166893 0,00834465
0,3204346 0,01502037 0,007510185
0,213623 0,01335144 0,00667572
0,213623 0,01335144 0,00667572
0,3204346 0,01001358 0,00500679
0,213623 0,01335144 0,00667572
0,1068115 0,00333786 0,00166893
0,5340576 0,02670288 0,01335144
0,213623 0,02002716 0,01001358
0,3204346 0,01335144 0,00667572
0,213623 0,02169609 0,01084805
0,3204346 0,0166893 0,00834465
0,1068115 0,00667572 0,00333786
0,213623 0,01335144 0,00667572
0,213623 0,02002716 0,01001358
0,1068115 0,00667572 0,00333786
0,213623 0,01001358 0,00500679
0,213623 0,01168251 0,005841255
0,1068115 0,00667572 0,00333786
0,1068115 0,00834465 0,004172325
0,213623 0,00667572 0,00333786
0,213623 0,0166893 0,00834465
0,1068115 0,00500679 0,002503395
0,213623 0,02169609 0,01084805
0,1068115 0,00333786 0,00166893
0,213623 0,01168251 0,005841255
0,213623 0,02336502 0,01168251
0,1068115 0,00667572 0,00333786
0,213623 0,01001358 0,00500679
0,1068115 0,00500679 0,002503395
0,213623 0,00500679 0,002503395
0 0 0
0,213623 0,01168251 0,005841255
0,213623 0,01168251 0,005841255
0,3204346 0,02503395 0,01251698
0,213623 0,02503395 0,01251698
0,213623 0,00500679 0,002503395
0,213623 0,01502037 0,007510185
0,3204346 0,0166893 0,00834465
0,213623 0,00667572 0,00333786
0,213623 0,02670288 0,01335144
0,213623 0,01001358 0,00500679
0,213623 0,01168251 0,005841255
0,1068115 0,00667572 0,00333786
0,3204346 0,02336502 0,01168251
0,213623 0,0166893 0,00834465
0,213623 0,02002716 0,01001358
0,4272461 0,02169609 0,01084805
0,213623 0,01001358 0,00500679
0,213623 0,01168251 0,005841255
0,1068115 0,01001358 0,00500679
0,213623 0,01335144 0,00667572
0,213623 0,01502037 0,007510185
0,213623 0,01502037 0,007510185
0,3204346 0,0166893 0,00834465
0,3204346 0,01001358 0,00500679
0,3204346 0,01502037 0,007510185
0,213623 0,01168251 0,005841255
0,213623 0,01001358 0,00500679
0,3204346 0,01168251 0,005841255
0,213623 0,02670288 0,01335144
0,3204346 0,0166893 0,00834465
0,4272461 0,04339218 0,02169609
0,213623 0,02002716 0,01001358
0,213623 0,0166893 0,00834465
0,4272461 0,0333786 0,0166893
0,3204346 0,04005432 0,02002716
0,1068115 0,00333786 0,00166893
0,3204346 0,01335144 0,00667572
0,213623 0,0166893 0,00834465
0,213623 0,0166893 0,00834465
0,1068115 0,00834465 0,004172325
0,1068115 0,01001358 0,00500679
0,213623 0,02503395 0,01251698
0,213623 0,01335144 0,00667572
0,213623 0,01168251 0,005841255
0,213623 0,02503395 0,01251698
0,3204346 0,03004074 0,01502037
0,213623 0,01502037 0,007510185
0,213623 0,01835823 0,009179115
0,213623 0,02169609 0,01084805
0,3204346 0,0166893 0,00834465
0,213623 0,02002716 0,01001358
0,1068115 0,01001358 0,00500679
0,3204346 0,01168251 0,005841255
0,213623 0,00834465 0,004172325
0,213623 0,01001358 0,00500679
0,1068115 0,00667572 0,00333786
0,213623 0,0166893 0,00834465
0,213623 0,01335144 0,00667572
0,3204346 0,02169609 0,01084805
0,3204346 0,02169609 0,01084805
0,213623 0,01335144 0,00667572
0,213623 0,01502037 0,007510185
0,3204346 0,01502037 0,007510185
0,213623 0,01835823 0,009179115
0,3204346 0,0166893 0,00834465
0,213623 0,02336502 0,01168251
0,3204346 0,03004074 0,01502037
0,213623 0,01168251 0,005841255
0,213623 0,02169609 0,01084805
0,3204346 0,02837181 0,01418591
0,213623 0,01335144 0,00667572
0,213623 0,02002716 0,01001358
0,5340576 0,02503395 0,01251698
0,213623 0,02169609 0,01084805
0,3204346 0,02670288 0,01335144
0,213623 0,03004074 0,01502037
0,3204346 0,02336502 0,01168251
0,3204346 0,03004074 0,01502037
0,3204346 0,02503395 0,01251698
0,3204346 0,02002716 0,01001358
0,213623 0,02837181 0,01418591
0,3204346 0,0333786 0,0166893
0,3204346 0,03170967 0,01585484
0,4272461 0,02670288 0,01335144
0,3204346 0,02336502 0,01168251
0,213623 0,04005432 0,02002716
0,3204346 0,03004074 0,01502037
0,213623 0,0166893 0,00834465
0,3204346 0,02670288 0,01335144
0,213623 0,02336502 0,01168251
0,4272461 0,03004074 0,01502037
0,3204346 0,03004074 0,01502037
0,3204346 0,0333786 0,0166893
0,4272461 0,03004074 0,01502037
0,1068115 0,00667572 0,00333786
0,213623 0,03504753 0,01752377
0,213623 0,03838539 0,0191927
0,4272461 0,04839897 0,02419949
0,3204346 0,0166893 0,00834465
0,1068115 0,03671646 0,01835823
0,213623 0,03504753 0,01752377
0,213623 0,02503395 0,01251698
0,213623 0,02169609 0,01084805
0,213623 0,0333786 0,0166893
0,6408691 0,03838539 0,0191927
0,3204346 0,04005432 0,02002716
0,213623 0,04172325 0,02086163
0,5340576 0,04339218 0,02169609
0,213623 0,03504753 0,01752377
0,1068115 0,02169609 0,01084805
0,213623 0,03838539 0,0191927
0,4272461 0,03838539 0,0191927
0,4272461 0,04172325 0,02086163
0,213623 0,04005432 0,02002716
0,4272461 0,03504753 0,01752377
0,213623 0,02837181 0,01418591
0,213623 0,02336502 0,01168251
0,213623 0,03170967 0,01585484
0,213623 0,02503395 0,01251698
0,3204346 0,02169609 0,01084805
0,3204346 0,03838539 0,0191927
0,213623 0,0333786 0,0166893
0,3204346 0,03504753 0,01752377
0,3204346 0,04005432 0,02002716
0,3204346 0,04339218 0,02169609
0,213623 0,02336502 0,01168251
0,3204346 0,04005432 0,02002716
0,3204346 0,04839897 0,02419949
0,213623 0,02503395 0,01251698
0,213623 0,02336502 0,01168251
0,213623 0,04172325 0,02086163
0,3204346 0,03671646 0,01835823
0,213623 0,03004074 0,01502037
0,4272461 0,04839897 0,02419949
0,3204346 0,06175041 0,03087521
0,3204346 0,02169609 0,01084805
0,3204346 0,04172325 0,02086163
0,213623 0,05340576 0,02670288
0,213623 0,02670288 0,01335144
0,1068115 0,02670288 0,01335144
0,213623 0,04339218 0,02169609
0,4272461 0,03504753 0,01752377
0,3204346 0,03170967 0,01585484
0,3204346 0,04339218 0,02169609
0,3204346 0,03004074 0,01502037
0,3204346 0,0667572 0,0333786
0,213623 0,04673004 0,02336502
0,6408691 0,05173683 0,02586842
0,4272461 0,04005432 0,02002716
0,3204346 0,04005432 0,02002716
0,213623 0,04005432 0,02002716
0,3204346 0,03504753 0,01752377
0,213623 0,04673004 0,02336502
0,3204346 0,05173683 0,02586842
0,3204346 0,05173683 0,02586842
0,213623 0,04506111 0,02253056
0,4272461 0,05841255 0,02920628
0,3204346 0,04673004 0,02336502
0,5340576 0,04673004 0,02336502
0,213623 0,05507469 0,02753735
0,5340576 0,07176399 0,035882
0,4272461 0,06008148 0,03004074
0,4272461 0,07677078 0,03838539
0,4272461 0,06842613 0,03421307
0,3204346 0,06842613 0,03421307
0,4272461 0,08678436 0,04339218
0,4272461 0,1251698 0,06258488
0,4272461 0,120163 0,06008148
0,6408691 0,1418591 0,07092953
0,7476807 0,1869202 0,09346008
3,417969 0,2470016 0,1235008
1,815796 0,2987385 0,1593828
1,174927 0,382185 0,2186298
1,281738 0,4355907 0,262022
2,13623 0,5574226 0,3488064
1,708984 0,6341934 0,4330873
2,13623 0,6091595 0,4030466
1,922607 0,7026196 0,4673004
4,379272 0,787735 0,536561
8,972168 0,9980202 0,6392002
7,263184 0,9763241 0,6483793
3,845215 1,106501 0,7318258
3,845215 1,23167 0,7944107
4,165649 1,21665 0,800252
4,058838 1,406908 0,9212494
3,52478 1,673937 1,09899
7,156372 2,091169 1,416922
5,874634 2,424955 1,61469
6,942749 3,107548 2,124548
6,408691 3,281116 2,331495
10,46753 3,841877 2,655268
13,77869 4,5228 3,114223
11,42883 4,854918 3,36206
12,28333 5,479097 3,772616
12,49695 5,487442 3,886938
10,25391 5,420685 3,926992
10,57434 6,143332 4,284978
10,78796 6,607294 4,882455
16,02173 7,224798 5,138636
16,02173 7,495165 5,521655
12,71057 6,892681 5,247951
11,53564 7,061243 5,309701
12,39014 7,516861 5,567551
14,52637 7,895708 5,601764
16,98303 8,403063 6,195068
14,31274 7,516861 5,535841
13,8855 8,004189 6,124139
15,70129 8,413076 6,389499
14,63318 8,518219 6,421208
15,80811 8,7502 6,679058
13,8855 8,95381 6,744146
27,55737 9,643078 7,111311
17,94434 9,401083 7,055402
16,02173 9,127378 7,007003
18,79883 9,542942 7,051229
19,01245 10,11372 7,73716
19,54651 9,953499 7,349133
15,27405 9,366035 7,008672
18,58521 9,883404 7,457614
16,12854 9,479523 7,179737
16,76941 9,594679 7,272363
15,91492 10,42247 7,979989
17,6239 9,76491 7,602811
15,48767 9,868383 7,228136
19,33289 10,62942 7,746339
19,22607 11,20853 8,631706
20,08057 10,80298 8,070946
19,86694 11,53231 8,95381
19,76013 11,25026 8,585811
16,76941 10,98156 8,19695
18,26477 11,61909 8,530736
24,1394 11,16514 8,107662
19,54651 11,34205 8,312941
20,72144 11,48057 8,80444
20,18738 11,53398 8,574963
24,56665 11,86275 8,988023
18,79883 12,11977 9,311795
24,03259 11,84273 9,152412
26,70288 12,60376 9,691477
22,2168 12,49194 9,081483
27,771 13,26299 9,696484
20,93506 11,54566 8,449793
23,28491 12,81404 9,534597
29,26636 13,06272 9,619713
25,84839 14,1809 10,57017
36,74316 14,89186 10,67364
25,74158 15,58948 11,59823
35,67505 17,26842 12,41267
38,0249 19,23442 13,87966
31,72302 20,5996 15,88905
34,50012 22,25685 16,84618
34,50012 21,95144 17,17162
32,57751 21,56091 16,79111
35,03418 23,06628 17,80748
33,3252 23,22316 18,37492
39,8407 23,09132 17,7933
32,89795 22,61901 17,33852
34,2865 22,56393 17,29262
36,95679 24,00088 18,2631
34,2865 23,99588 18,52595
32,36389 23,86403 19,18851
36,52954 23,42677 17,48371
34,07288 22,8827 17,66062
40,26794 23,96584 18,63861
35,99548 22,11666 17,53461
32,25708 23,87404 18,59438
39,41345 24,24622 18,9749
43,79272 24,01257 18,44418
37,81128 24,67513 19,19687
36,74316 23,36502 18,28646
34,82056 23,90742 19,44553
35,35461 24,575 18,71287
37,59766 24,90044 18,96071
44,96765 24,54495 19,48143
40,48157 25,47622 18,88645
45,71533 23,69046 18,45503
33,75244 23,87071 18,68366
32,57751 23,93246 18,59521
38,66577 25,06733 19,49226
36,20911 24,19949 18,64111
40,16113 23,4468 18,5535
38,77258 23,51356 18,01944
37,59766 25,50292 19,04083
42,19055 25,51794 19,85442
38,87939 25,40278 19,7835
43,5791 24,03593 19,4614
39,09302 24,96886 19,9362
42,40417 25,13909 19,24109
44,11316 24,64843 19,37794
37,70447 24,92714 19,04666
44,32678 24,38974 18,62776
40,48157 24,17111 18,63611
36,84998 24,72186 19,56486
35,67505 24,61171 19,13846
36,74316 25,51627 19,56403
39,30664 25,08736 19,62244
44,00635 25,11573 19,77349
41,12244 24,46818 19,32537
37,91809 26,19886 20,14065
46,03577 25,1658 20,29752
40,69519 26,06702 19,90783
45,82214 25,15244 19,82689
34,07288 23,61536 18,39077
44,43359 24,95217 18,84473
34,71375 23,64206 18,41831
39,30664 25,71821 19,6575
36,52954 24,81365 19,67752
42,29736 24,61171 19,47141
37,38403 25,68817 20,05553
39,30664 25,56801 19,69087
39,41345 26,12877 20,14483
40,69519 25,79832 20,50781
35,2478 23,49019 18,27145
35,56824 24,24788 19,31118
36,84998 24,00589 19,18351
34,92737 25,28596 19,77766
39,73389 24,97554 18,78631
35,46143 25,60639 20,5921
38,87939 24,19949 19,16516
47,63794 25,31767 19,76764
35,56824 24,15442 19,12177
40,48157 25,55799 20,24579
47,63794 26,23057 20,77734
48,81287 25,66147 20,0864
38,23853 25,18916 19,73008
39,09302 26,24059 21,28553
42,19055 25,58303 19,75095
35,03418 24,97888 20,20239
39,41345 26,46255 20,15066
46,46301 26,94154 21,20126
42,08374 25,22755 19,83272
37,38403 25,6381 20,42687
39,62708 26,90816 20,8249
45,60852 28,11646 22,08829
41,33606 25,62141 20,53201
40,69519 25,32268 20,16735
40,26794 26,72124 21,11613
38,66577 25,66648 20,12563
40,26794 26,15714 20,46192
42,83142 26,46422 20,53785
47,74475 25,82502 20,04051
45,07446 25,44117 20,03133
43,25867 26,65615 21,16036
52,65808 27,71425 21,34895
41,12244 26,89147 20,7932
41,54968 26,1271 20,98011
44,54041 25,97022 19,66333
46,67664 27,84109 22,00233
45,3949 26,87311 20,87665
42,51099 27,94957 21,84962
42,83142 28,85914 22,46212
43,47229 28,20659 22,04156
43,25867 28,6572 22,73416
41,97693 28,7106 22,10415
48,59924 29,01101 22,56311
38,98621 27,43888 21,90887
40,48157 29,30975 22,80509
58,74634 27,42052 21,32558
38,23853 27,17185 21,15535
44,32678 27,62079 22,01319
50,41504 27,68922 22,16173
40,48157 27,85277 21,6285
43,79272 28,73397 22,96197
45,18127 27,56906 21,70693
46,3562 29,50835 23,21815
43,68591 27,98128 21,43406
40,58838 26,6211 21,04771
43,79272 28,9793 22,81343
44,32678 30,25103 23,82981
45,60852 29,32978 22,44962
44,96765 27,86279 22,36949
38,55896 28,73564 22,84848
44,43359 27,91452 21,41655
49,24011 29,80375 23,24151
47,95837 28,34344 22,08245
39,09302 27,77934 21,68357
43,47229 29,36649 23,59365
43,68591 28,69558 22,25851
41,65649 26,79133 21,62932
38,98621 27,79603 21,81458
44,21997 28,9309 22,29524
45,92896 27,85277 21,51668
44,00635 27,85611 21,93141
45,50171 29,44493 22,83681
39,94751 26,99828 21,42239
47,10388 28,82242 22,72832
44,43359 27,72927 22,09079
44,00635 28,02801 21,91306
38,34534 28,89419 22,99702
42,83142 29,12784 23,32747
42,40417 27,54569 22,22848
45,28809 29,69193 23,02456
39,94751 28,16987 21,56924
43,68591 28,03802 22,52053
43,47229 29,49166 22,94612
40,58838 28,80239 22,39537
43,5791 29,76871 23,59699
44,21997 28,71227 22,60817
41,87012 29,82211 23,2532
42,51099 28,50866 23,13971
45,82214 29,35147 22,06493
46,89026 28,67889 22,28688
