0,6103516 0,2924601 0,2209348
0,4069011 0,2829233 0,2129875
0,6103516 0,2733865 0,211398
0,6103516 0,2956391 0,232061
0,6103516 0,3401442 0,2288822
0,6103516 0,3115337 0,2368294
0,6103516 0,2861023 0,2145769
0,8138021 0,298818 0,2161664
0,6103516 0,3019969 0,2288821
0,6103516 0,2733865 0,2145769
0,6103516 0,2829233 0,2129875
0,6103516 0,2892812 0,2225243
0,6103516 0,2956391 0,2209348
0,6103516 0,3147127 0,2288821
0,6103516 0,298818 0,2193453
0,6103516 0,2924601 0,2209348
0,6103516 0,2797444 0,2066296
1,017253 0,2861022 0,2336505
0,4069011 0,2702076 0,2129874
0,6103516 0,2892812 0,2193453
0,8138021 0,2924601 0,211398
0,4069011 0,2702076 0,2145769
0,6103516 0,2956391 0,2225243
0,6103516 0,2956391 0,2161664
0,6103516 0,2574919 0,2066296
0,6103516 0,2797444 0,1986823
0,6103516 0,2956391 0,214577
0,6103516 0,3115337 0,2241137
0,6103516 0,2892812 0,2145769
0,8138021 0,2924601 0,2129875
0,6103516 0,2765655 0,2066296
0,6103516 0,2892812 0,2193453
0,6103516 0,2702076 0,2098085
0,6103516 0,3051759 0,2193454
0,4069011 0,2924602 0,2193453
0,6103516 0,2733865 0,2145769
0,8138021 0,3051759 0,2272927
0,6103516 0,301997 0,2241137
0,6103516 0,298818 0,2257032
0,6103516 0,2861023 0,2177559
0,6103516 0,2924601 0,211398
0,6103516 0,3337863 0,255903
0,6103516 0,3178916 0,2400084
0,6103516 0,2861023 0,2082191
0,6103516 0,2956391 0,2177559
0,6103516 0,3178917 0,2272927
0,6103516 0,3051759 0,2320611
0,6103516 0,3115338 0,2320611
0,4069011 0,2733865 0,2129875
1,017253 0,3051759 0,2209348
0,8138021 0,2797444 0,2098085
0,8138021 0,3083548 0,2320611
0,8138021 0,2733865 0,2066296
0,6103516 0,2829233 0,2193453
0,6103516 0,3306074 0,2415979
0,6103516 0,2861023 0,2241137
0,8138021 0,3274285 0,2463663
0,6103516 0,3051759 0,2320611
0,6103516 0,298818 0,2241137
0,6103516 0,3083549 0,2257032
0,6103516 0,2733865 0,2209347
0,8138021 0,2956391 0,2098086
0,6103516 0,3115338 0,2336505
0,6103516 0,3178917 0,23524
0,6103516 0,298818 0,2336505
0,4069011 0,2861023 0,2177559
0,6103516 0,2892812 0,2177559
0,6103516 0,301997 0,2272927
0,6103516 0,2956391 0,2241137
0,6103516 0,2892812 0,211398
0,6103516 0,2924601 0,2272926
0,6103516 0,3306074 0,2431874
0,6103516 0,301997 0,2225243
0,6103516 0,2861023 0,2193453
0,6103516 0,3051759 0,2257032
0,8138021 0,3147127 0,2225243
0,6103516 0,2702076 0,2129874
0,6103516 0,2892812 0,2225243
0,6103516 0,2956391 0,2288821
0,4069011 0,2606708 0,2066296
0,6103516 0,3115338 0,2272927
0,6103516 0,298818 0,2225243
0,6103516 0,3528598 0,2527241
0,4069011 0,301997 0,2320611
0,6103516 0,3083549 0,2288821
0,6103516 0,2892812 0,2288821
1,017253 0,346502 0,2543135
0,6103516 0,3115338 0,2384189
0,4069011 0,2924602 0,2177559
0,6103516 0,3465019 0,2463662
0,6103516 0,2797444 0,2177558
0,6103516 0,3115338 0,2241138
0,6103516 0,2892812 0,2209348
0,6103516 0,2892812 0,2193453
0,6103516 0,3083549 0,2304716
0,6103516 0,301997 0,2288821
0,4069011 0,2861023 0,2209348
0,8138021 0,3115338 0,2272927
0,6103516 0,3051759 0,2368294
0,6103516 0,3051759 0,2304716
0,6103516 0,3210706 0,2320611
0,6103516 0,3051759 0,2320611
0,8138021 0,3623964 0,2654396
0,8138021 0,3051759 0,2272927
0,6103516 0,3178917 0,2304716
0,6103516 0,3083548 0,2368294
0,6103516 0,2892812 0,2145769
0,6103516 0,3083549 0,2447768
0,6103516 0,3083549 0,2447768
0,6103516 0,3115337 0,2336505
0,6103516 0,3337863 0,2495452
0,8138021 0,3115338 0,2288821
0,6103516 0,2924601 0,2241137
0,6103516 0,3019969 0,23524
0,6103516 0,3178917 0,2431873
0,6103516 0,2892812 0,2193453
0,8138021 0,3210706 0,2415979
0,6103516 0,3083548 0,2272927
0,8138021 0,3337863 0,2543135
0,6103516 0,301997 0,2272927
0,6103516 0,2765655 0,2177558
0,6103516 0,3178916 0,2431873
0,6103516 0,3115338 0,2257032
0,8138021 0,3083549 0,2336505
0,6103516 0,2924601 0,2336505
0,8138021 0,3401442 0,255903
0,6103516 0,3147127 0,2257032
0,6103516 0,2956391 0,2336505
0,4069011 0,2733865 0,2018612
0,6103516 0,3083549 0,2241138
0,6103516 0,3369653 0,2527241
0,6103516 0,3115337 0,2304716
0,6103516 0,2765655 0,211398
0,6103516 0,3337863 0,2495452
0,4069011 0,2924602 0,2129875
0,6103516 0,2924602 0,2241137
0,6103516 0,3242495 0,2463662
0,4069011 0,2702076 0,2098085
0,8138021 0,3210706 0,2447768
0,8138021 0,3242495 0,238419
0,6103516 0,3083548 0,2257032
0,6103516 0,2956391 0,2304716
0,6103516 0,3242495 0,2431873
0,8138021 0,3178916 0,2415978
0,6103516 0,3147127 0,2400084
0,6103516 0,2956391 0,2272927
0,6103516 0,2765655 0,2272926
0,6103516 0,2956391 0,2177559
0,8138021 0,3147127 0,2320611
0,6103516 0,2861023 0,2177559
0,6103516 0,3051759 0,2336505
0,6103516 0,2702076 0,2145769
0,6103516 0,2892812 0,2257032
0,6103516 0,3465019 0,2574924
0,6103516 0,2702076 0,2050401
0,6103516 0,3210706 0,2431873
0,6103516 0,3306074 0,2463663
0,6103516 0,3274285 0,2479557
0,6103516 0,3337863 0,2479557
0,6103516 0,3083549 0,2320611
0,4069011 0,2733865 0,2098085
0,6103516 0,2829233 0,2241137
0,8138021 0,3147127 0,2288821
0,8138021 0,346502 0,2495452
0,6103516 0,3083549 0,2400084
0,6103516 0,301997 0,2272927
0,6103516 0,3242495 0,2415979
0,8138021 0,2829233 0,211398
0,8138021 0,3083549 0,2368295
0,8138021 0,3242495 0,2320611
0,6103516 0,3178917 0,2320611
0,6103516 0,2861023 0,2193453
0,6103516 0,301997 0,2336505
0,8138021 0,3178917 0,2257032
0,6103516 0,3051759 0,2257032
0,6103516 0,3083548 0,2336505
0,6103516 0,3083549 0,2368295
0,8138021 0,3369653 0,2527241
0,6103516 0,2988181 0,2304716
0,6103516 0,2861023 0,2161664
0,4069011 0,3242496 0,2400084
0,8138021 0,3083548 0,2320611
0,8138021 0,3051759 0,2241137
0,8138021 0,3337863 0,2479557
0,6103516 0,301997 0,2368294
0,8138021 0,3274285 0,238419
1,017253 0,3369653 0,2463663
0,8138021 0,3115338 0,2320611
0,6103516 0,3051759 0,2320611
0,6103516 0,3210706 0,2320611
0,8138021 0,3242495 0,2463663
0,6103516 0,2956391 0,2336505
0,6103516 0,301997 0,2336505
0,6103516 0,3242495 0,238419
0,6103516 0,3178917 0,2400084
0,6103516 0,3147127 0,2336506
0,8138021 0,3019969 0,2288821
0,6103516 0,3115338 0,23524
0,6103516 0,3147127 0,2415979
0,6103516 0,3306074 0,2479557
0,6103516 0,3083549 0,2336505
0,6103516 0,3115338 0,2336505
0,6103516 0,3147127 0,2336505
0,6103516 0,3051759 0,2225243
0,6103516 0,3242495 0,2368295
0,8138021 0,3115337 0,23524
0,6103516 0,3178917 0,2527241
0,6103516 0,3210706 0,2431873
0,6103516 0,3401442 0,255903
0,6103516 0,3306074 0,2431873
0,6103516 0,2797444 0,2288821
0,8138021 0,3433231 0,255903
0,8138021 0,3147127 0,2384189
0,6103516 0,3274285 0,2527241
0,6103516 0,346502 0,255903
0,6103516 0,3306074 0,2368295
0,6103516 0,3210706 0,2511346
0,6103516 0,3433231 0,2543135
0,6103516 0,3782909 0,2765656
0,8138021 0,301997 0,23524
0,6103516 0,3115338 0,2447768
0,6103516 0,3147127 0,2447768
0,6103516 0,3147127 0,2320611
0,6103516 0,3210706 0,2431873
0,6103516 0,3147127 0,2368295
0,6103516 0,3274285 0,2431874
0,6103516 0,3051759 0,2384189
0,6103516 0,3306074 0,2415979
0,6103516 0,3210706 0,2511346
0,6103516 0,3210706 0,2415979
0,6103516 0,3178917 0,2463662
0,6103516 0,3401441 0,2543135
0,6103516 0,3147127 0,2320611
0,6103516 0,3178917 0,2431873
0,4069011 0,2988181 0,2320611
0,6103516 0,3496808 0,2622607
0,6103516 0,3083549 0,23524
0,6103516 0,2956391 0,2304716
0,8138021 0,298818 0,2415978
0,6103516 0,2956391 0,2368294
0,6103516 0,3623965 0,2654396
0,6103516 0,3051759 0,2431873
0,6103516 0,3178917 0,2527241
0,6103516 0,3210706 0,2447768
0,6103516 0,3496809 0,2606713
0,6103516 0,3465019 0,2638502
0,6103516 0,3178917 0,2479557
0,6103516 0,3528597 0,2654396
0,6103516 0,3115338 0,2320611
0,8138021 0,3274284 0,2495452
0,6103516 0,3560387 0,2638502
0,6103516 0,3274285 0,2479557
0,6103516 0,2892812 0,232061
0,6103516 0,3274285 0,2479557
0,6103516 0,3242495 0,2511346
0,6103516 0,3337863 0,2574925
0,6103516 0,3306074 0,2447768
1,017253 0,3369653 0,2336506
0,6103516 0,3496809 0,2527241
0,6103516 0,3369653 0,2495452
0,6103516 0,3178916 0,2463662
0,6103516 0,3242495 0,238419
0,6103516 0,2924601 0,2241137
0,8138021 0,3051759 0,23524
0,6103516 0,3306074 0,2400084
0,6103516 0,3274285 0,2400084
0,8138021 0,2892812 0,2129875
0,6103516 0,3528598 0,2622607
0,8138021 0,3306074 0,2479557
0,6103516 0,3528597 0,2702079
0,6103516 0,3274285 0,2463663
0,8138021 0,3401442 0,2463663
0,6103516 0,298818 0,2336505
0,6103516 0,3242495 0,2574924
0,6103516 0,3560386 0,267029
0,6103516 0,2956391 0,2288821
0,8138021 0,3178917 0,2463662
0,6103516 0,3401441 0,255903
0,6103516 0,298818 0,232061
0,8138021 0,3528598 0,2654396
0,6103516 0,3274285 0,2590819
0,6103516 0,3083549 0,2336505
0,6103516 0,3083549 0,2288821
0,8138021 0,3019969 0,2368294
0,6103516 0,3178917 0,2431873
0,6103516 0,3147127 0,2415979
0,8138021 0,3655754 0,2765657
0,8138021 0,3528598 0,2638502
0,6103516 0,3401442 0,2543136
0,8138021 0,3560386 0,2686185
1,017253 0,3910066 0,2876917
0,8138021 0,3655753 0,2654396
0,8138021 0,3337863 0,2590819
0,6103516 0,346502 0,255903
0,8138021 0,3369653 0,2511347
0,6103516 0,3496809 0,2559029
0,6103516 0,3401442 0,2606713
0,8138021 0,3846487 0,278155
0,8138021 0,3369653 0,2590819
0,6103516 0,3719331 0,2702079
0,6103516 0,3496808 0,2574924
0,6103516 0,3242496 0,2527241
0,6103516 0,3465019 0,2686185
0,6103516 0,3306074 0,255903
0,6103516 0,3687542 0,2686184
0,8138021 0,3623964 0,2717974
0,6103516 0,3337863 0,2606713
0,6103516 0,346502 0,2638502
0,6103516 0,3433231 0,2543135
0,6103516 0,3401441 0,2574924
0,6103516 0,3083549 0,2479557
0,8138021 0,3496809 0,2606713
0,6103516 0,3242495 0,255903
0,6103516 0,3306074 0,2511347
0,8138021 0,3528598 0,2654397
0,6103516 0,3623965 0,2654396
0,8138021 0,3306074 0,2527241
0,6103516 0,3687542 0,2749762
0,6103516 0,3369653 0,2543136
1,017253 0,3115337 0,2431873
0,6103516 0,343323 0,2590818
0,6103516 0,3433231 0,2654397
0,6103516 0,343323 0,2590818
1,017253 0,346502 0,2590819
0,8138021 0,378291 0,2749762
0,6103516 0,3814698 0,2829234
0,6103516 0,3242495 0,2527241
0,6103516 0,3465019 0,2543135
0,6103516 0,3719332 0,2749762
0,8138021 0,3401442 0,2543135
0,8138021 0,3878277 0,2781551
0,6103516 0,3719331 0,2797445
0,6103516 0,3719331 0,2797446
0,6103516 0,3814698 0,2845129
1,220703 0,441869 0,3194805
0,6103516 0,3719331 0,281334
0,6103516 0,4227955 0,3067649
0,8138021 0,4418689 0,317891
0,8138021 0,4514056 0,3274277
0,8138021 0,4514056 0,3242488
0,6103516 0,4577634 0,3274276
1,424154 0,4450479 0,317891
1,017253 0,5118049 0,3719324
0,8138021 0,4768369 0,3655746
1,017253 0,4800158 0,3639852
1,017253 0,5435942 0,397364
0,8138021 0,4673001 0,3480905
1,017253 0,5118049 0,3910062
1,017253 0,5213417 0,4021325
1,627604 0,5690257 0,4355113
2,237956 0,6453199 0,4816058
2,848307 0,6898248 0,5006793
3,86556 0,8138022 0,5817418
2,034505 0,7597609 0,549953
3,255209 0,8360545 0,6055831
2,848307 1,004537 0,7088972
3,458659 1,039505 0,727971
3,66211 1,147589 0,8360548
4,679362 1,207989 0,8742021
5,289714 1,392364 0,9918214
5,696614 1,455942 1,044273
3,458659 1,602173 1,161893
4,475912 1,649857 1,177787
6,103516 1,735688 1,235008
4,679363 1,808803 1,25885
4,06901 1,862844 1,31766
4,272461 1,942317 1,392365
9,155272 2,384185 1,648266
8,138019 2,454123 1,70072
7,120768 2,806982 1,948674
8,95182 3,051757 2,16802
8,95182 3,385545 2,36988
6,306966 3,433228 2,384186
18,10711 4,463194 3,088315
9,765624 5,165738 3,452302
16,8864 6,386439 4,25021
16,8864 7,591248 5,297658
21,56576 8,808775 6,111464
18,51401 9,946823 7,112821
21,36231 11,3678 8,257233
17,7002 11,93683 9,268127
21,56577 12,96361 9,930929
27,26235 13,17024 10,21544
23,3968 14,1112 10,705
22,17611 14,1112 10,72566
26,85544 14,50857 11,21044
26,85545 15,69112 11,86371
28,07617 15,73881 11,93206
33,16239 16,63526 13,08759
29,50032 16,7052 12,89368
26,24512 16,43817 12,68069
29,29686 17,37277 12,61394
25,22785 17,20746 12,88732
26,652 16,77831 12,80467
24,82095 17,60483 13,78378
28,88997 18,30737 13,98246
30,11065 18,73017 14,31942
31,9417 18,99084 14,29399
29,70375 20,9109 16,4016
35,40036 20,18611 15,24925
32,34861 20,66613 15,84212
30,92447 19,66477 14,72474
35,19693 20,36413 15,53059
39,46937 22,00127 16,71314
35,60382 21,70563 16,7656
36,21419 22,43996 17,30124
34,99345 22,9009 17,25197
29,50032 22,44949 17,81464
36,41762 24,71605 18,96222
46,59018 24,29008 18,5744
39,06245 24,6334 19,33574
37,2314 26,13385 20,81235
38,0452 25,59979 19,79987
40,07973 25,56164 19,7792
41,09698 26,34366 20,38797
43,94529 26,60115 20,49287
37,02795 27,32594 20,81711
45,57291 29,00441 21,94246
51,67647 29,41449 22,88659
46,38668 29,4272 23,33481
44,35223 30,53981 24,271
42,72461 29,79595 22,13953
42,72458 30,64472 23,94517
41,09699 31,10248 24,55869
42,72459 31,40448 24,35206
43,53835 31,16288 25,36614
44,75913 33,15287 25,94628
50,65921 32,82545 26,72989
45,5729 34,54524 27,71694
45,77636 33,85223 28,14927
49,84544 34,45623 27,50713
51,47301 36,81181 29,06798
56,35583 36,40172 29,19355
53,30404 36,77047 28,91539
50,8626 37,11062 29,90722
49,64194 37,76231 28,78665
50,86266 38,72233 30,18855
62,45928 40,25138 32,36611
52,08334 39,10381 30,9658
54,32136 39,04976 32,11656
66,12142 40,65511 32,18172
62,86625 41,58653 33,35475
54,93162 42,43849 34,27346
58,39034 42,5275 34,34657
55,13514 42,5561 34,26232
55,94893 43,63693 35,24143
56,55931 42,87082 33,79662
56,9662 45,20416 36,4685
56,96618 43,79589 34,18127
65,91804 45,48072 36,02028
66,32491 46,78726 37,7496
62,45937 45,23593 36,05046
59,81445 44,67009 35,54661
59,00069 45,40759 37,837
62,25597 46,10379 37,0423
63,27316 45,00706 34,98235
62,66282 46,00525 38,2773
60,83181 46,83813 37,62563
61,44212 47,29591 37,97212
59,81451 46,92079 38,05796
59,40757 49,28272 40,59633
66,12151 49,26048 39,77299
65,7146 48,39898 38,79229
66,9353 49,76912 40,9937
65,51119 48,5293 38,33452
59,81452 48,3672 40,34201
58,39036 48,03341 37,85133
61,849 47,76638 38,70169
62,45936 47,94121 38,88606
61,44207 47,01615 38,34883
63,06974 48,89172 40,44374
67,34217 49,62922 40,42466
63,06974 47,90942 39,64742
62,25589 48,92987 40,12107
69,5801 49,66101 40,75529
56,55932 48,68826 40,42624
64,49394 47,458 39,29455
67,95255 49,37808 39,32793
68,15591 47,63604 39,35971
61,44209 48,66284 39,9526
62,86627 48,76456 41,39264
66,32494 49,46391 39,76505
62,66277 48,48164 40,94919
66,12155 49,20642 38,54116
64,69739 49,96619 41,14309
71,20776 51,17737 43,11562
62,05252 49,61015 41,0366
59,81443 49,27001 38,36472
71,00438 50,53204 41,34654
61,03525 48,81541 41,54683
65,10429 49,95348 40,66944
67,74907 50,14104 42,48461
65,30771 48,81543 39,78889
69,98711 49,43212 41,0811
68,15599 51,67645 40,41354
62,45942 50,28726 42,10155
60,42487 49,2414 40,06863
65,51119 51,08834 42,34473
66,32488 50,18555 39,21192
69,78363 50,60516 41,92034
64,08694 48,90125 39,0625
61,84901 49,95347 40,68534
69,17327 50,78636 40,5121
63,68001 51,0216 42,60382
65,91803 49,82313 40,28638
61,23861 48,37038 39,58703
70,19049 50,36356 39,9987
59,81447 49,81678 40,7378
62,45937 50,27454 41,33067
66,32486 50,06791 40,37857
71,00436 50,9453 42,12698
62,66282 51,46028 40,62653
