1,017253 0,44028 0,3194818
0,8138021 0,4116695 0,3051762
1,017253 0,4593536 0,3290187
0,8138021 0,4482274 0,3337874
0,6103516 0,4450485 0,3369663
0,8138021 0,4482274 0,3449135
0,8138021 0,464122 0,3433242
0,8138021 0,443459 0,3449134
0,8138021 0,4768378 0,3774969
0,8138021 0,4768378 0,3774968
1,017253 0,4688904 0,363192
1,017253 0,4831957 0,3822652
1,017253 0,4768378 0,3854439
0,8138021 0,5054481 0,4037224
0,8138021 0,4736589 0,3854439
1,017253 0,5022692 0,4005437
1,220703 0,5149847 0,4013385
1,017253 0,5102164 0,4005437
0,8138021 0,4975009 0,402133
1,017253 0,5308791 0,4196168
1,017253 0,5245214 0,4140538
1,017253 0,5165741 0,4140538
0,8138021 0,5086269 0,4108749
1,220703 0,5292896 0,4251798
1,017253 0,5229319 0,4180274
1,017253 0,5420051 0,441074
1,017253 0,5372368 0,441074
1,017253 0,5578995 0,4426636
1,017253 0,5547205 0,4363058
1,017253 0,5642572 0,4601472
1,017253 0,5658466 0,4617366
1,220703 0,6071721 0,4823993
1,017253 0,5912776 0,4712732
1,017253 0,5865092 0,4680943
1,424154 0,6103511 0,4871677
1,220703 0,6278352 0,5046513
1,017253 0,6500878 0,5149826
1,017253 0,6341931 0,4967045
1,017253 0,6786982 0,5269037
1,627604 0,6564456 0,5181616
1,627604 0,6914139 0,5372356
1,424154 0,7009506 0,5571043
1,627604 0,7756548 0,60161
2,034505 0,7963178 0,6286315
1,424154 0,816981 0,6540627
2,034505 0,8630757 0,6810836
2,237956 0,9346021 0,7271782
2,237956 1,090367 0,8416172
9,155272 1,308123 0,9624157
9,358722 1,632374 1,17302
20,14161 2,202987 1,539389
22,17611 2,918243 2,024968
30,3141 4,164378 2,871353
22,98991 5,672775 3,813107
28,07615 7,20183 4,864532
66,93534 10,34896 6,824337
54,72823 13,25766 8,891424
42,31769 14,60552 10,05967
82,60103 16,9611 11,6388
63,47663 19,67589 13,92841
63,68011 22,95653 15,95497
72,02165 26,08935 18,54818
96,63893 28,95515 20,42055
101,1148 31,26303 21,9806
110,8803 34,00644 23,21721
79,54932 36,71328 25,70074
95,62183 39,64585 27,63511
99,28378 44,00255 30,92925
100,708 46,38037 32,08956
94,40104 50,87854 36,2754
109,8631 55,35603 40,24825
118,2045 60,21661 44,39194
110,0666 63,80878 48,00082
156,8594 68,06059 50,63375
117,594 69,73587 54,67415
122,07 75,53421 58,46421
115,5597 80,60459 63,09751
160,7251 88,64088 68,69633
151,9767 94,25321 76,35754
135,7014 96,65325 77,04178
147,7051 103,1923 84,70693
152,588 105,6337 89,39188
156,2498 113,2361 98,19194
157,8776 113,5778 99,36648
149,3324 118,0426 104,123
161,3362 121,9526 108,5877
163,9804 122,6138 109,1043
163,7775 125,1347 111,8739
171,1018 128,1976 114,8978
163,7774 130,5739 116,1845
164,1845 133,6272 119,5303
175,7809 135,0878 121,1809
174,7638 139,2887 123,6326
167,6428 136,6391 122,7918
172,9324 140,4474 124,057
167,0327 140,5746 125,8332
165,2018 144,545 129,2998
191,447 146,7083 130,1882
177,0016 146,9023 130,2392
173,5431 147,6047 133,6231
188,8019 147,023 129,8808
176,7984 148,827 133,5349
187,3779 150,1034 134,2637
190,2262 150,7106 133,7138
180,2569 150,6374 133,844
186,1572 150,8488 132,2125
178,4258 151,0141 135,9898
191,6505 155,5854 137,3266
182,0882 152,6004 136,7638
185,1401 153,0407 137,6222
177,2054 152,5114 135,2055
187,1744 155,3533 138,5735
185,9538 154,3441 136,4777
184,1223 156,4612 139,8521
181,8847 157,1113 139,8284
185,5468 154,1437 137,5204
189,0056 157,0096 140,2965
191,0399 158,3845 141,607
191,447 160,4888 142,5495
192,0574 160,1821 143,585
191,6505 159,7609 142,7418
194,7023 161,7429 143,9101
192,4644 160,6049 139,7934
193,2782 160,829 140,3966
191,2436 161,363 141,282
192,0574 163,8696 145,234
191,8539 168,3804 145,8506
192,4644 166,5827 146,7099
192,0574 165,6165 145,4224
196,5332 168,3185 147,9329
189,8194 165,9184 144,0849
191,6505 165,5703 144,4314
189,8192 165,8405 146,4532
198,9747 167,9164 147,662
193,0747 167,0978 146,5049
191,0401 166,1933 147,0802
192,0575 169,7808 150,2845
196,9402 166,017 144,3241
191,8539 168,6301 149,7751
192,2608 170,6583 151,371
192,2609 167,5015 145,7451
192,2609 168,3344 146,4158
198,1609 165,1348 144,9932
192,8712 171,3877 150,8019
195,7194 167,5269 147,2137
192,6675 168,7715 149,3984
197,5507 170,1035 150,0119
191,6505 170,5978 149,0082
197,5505 171,2272 150,4888
192,2609 172,2238 150,8306
193,4816 170,4579 149,5827
192,0574 171,65 151,4369
192,6678 173,6082 151,6744
193,278 169,4025 148,2802
192,2609 171,9648 152,594
192,2609 172,4431 150,3933
192,2609 174,6494 154,82
192,0574 173,6527 150,4919
194,7024 175,0403 152,8593
196,3296 179,0777 156,667
192,4642 178,1605 155,9365
192,2609 180,7386 156,9577
