0,213623 0,00667572 0,00333786
0,1068115 0,00500679 0,002503395
0,1068115 0,01168251 0,005841255
0,213623 0,01502037 0,007510185
0,213623 0,01502037 0,007510185
0,213623 0,0166893 0,00834465
0,213623 0,0166893 0,00834465
0,1068115 0,00667572 0,00333786
0,213623 0,01001358 0,00500679
0,6408691 0,02837181 0,01418591
0,1068115 0,00333786 0,00166893
0,3204346 0,01335144 0,00667572
0,3204346 0,01502037 0,007510185
0,1068115 0,0166893 0,00834465
0,213623 0,02336502 0,01168251
0,213623 0,00667572 0,00333786
0,1068115 0,01335144 0,00667572
0,3204346 0,03170967 0,01585484
0,3204346 0,01168251 0,005841255
0,213623 0,01835823 0,009179115
0,213623 0,03004074 0,01502037
0,1068115 0,01502037 0,007510185
0,213623 0,01502037 0,007510185
0,213623 0,0166893 0,00834465
0,213623 0,01335144 0,00667572
0,213623 0,00500679 0,002503395
0,213623 0,01168251 0,005841255
0,3204346 0,02670288 0,01335144
0,3204346 0,0166893 0,00834465
0,213623 0,02002716 0,01001358
0,213623 0,01335144 0,00667572
0,213623 0,02169609 0,01084805
0,213623 0,02002716 0,01001358
0,213623 0,00834465 0,004172325
0,213623 0,01001358 0,00500679
0,3204346 0,02837181 0,01418591
0,3204346 0,02837181 0,01418591
0,213623 0,0166893 0,00834465
0,213623 0,01335144 0,00667572
0,3204346 0,04005432 0,02002716
0,213623 0,01168251 0,005841255
0,213623 0,01835823 0,009179115
0,1068115 0,0166893 0,00834465
0,3204346 0,02670288 0,01335144
0,4272461 0,0166893 0,00834465
0,213623 0,02503395 0,01251698
0,3204346 0,0166893 0,00834465
0,213623 0,0166893 0,00834465
0,213623 0,02336502 0,01168251
0,213623 0,01502037 0,007510185
0,4272461 0,02169609 0,01084805
0,213623 0,01168251 0,005841255
0,213623 0,01835823 0,009179115
0,6408691 0,02670288 0,01335144
0,213623 0,0166893 0,00834465
0,1068115 0,00667572 0,00333786
0,213623 0,03004074 0,01502037
0,3204346 0,01168251 0,005841255
0,1068115 0,01335144 0,00667572
0,213623 0,01168251 0,005841255
0,213623 0,02002716 0,01001358
0,213623 0,01502037 0,007510185
0,3204346 0,02336502 0,01168251
0,3204346 0,02336502 0,01168251
0,213623 0,01835823 0,009179115
0,3204346 0,01835823 0,009179115
0,213623 0,02002716 0,01001358
0,4272461 0,02837181 0,01418591
0,213623 0,02670288 0,01335144
0,213623 0,02169609 0,01084805
0,3204346 0,01335144 0,00667572
0,213623 0,02002716 0,01001358
0,213623 0,02336502 0,01168251
0,4272461 0,02670288 0,01335144
0,213623 0,02670288 0,01335144
0,213623 0,02670288 0,01335144
0,213623 0,02336502 0,01168251
0,1068115 0,01001358 0,00500679
0,213623 0,01835823 0,009179115
0,213623 0,03004074 0,01502037
0,213623 0,0166893 0,00834465
0,213623 0,02336502 0,01168251
0,3204346 0,01835823 0,009179115
0,213623 0,01335144 0,00667572
0,1068115 0,01168251 0,005841255
0,213623 0,0333786 0,0166893
0,213623 0,01168251 0,005841255
0,213623 0,02169609 0,01084805
0,213623 0,04339218 0,02169609
0,213623 0,02336502 0,01168251
0,213623 0,02002716 0,01001358
0,213623 0,02503395 0,01251698
0,3204346 0,0333786 0,0166893
0,213623 0,01335144 0,00667572
0,213623 0,03004074 0,01502037
0,4272461 0,02169609 0,01084805
0,3204346 0,03170967 0,01585484
0,213623 0,01335144 0,00667572
0,213623 0,01835823 0,009179115
0,3204346 0,01502037 0,007510185
0,1068115 0,01502037 0,007510185
0,3204346 0,0166893 0,00834465
0,213623 0,01335144 0,00667572
0,1068115 0,00500679 0,002503395
0,3204346 0,02503395 0,01251698
0,213623 0,01502037 0,007510185
0,3204346 0,01835823 0,009179115
0,213623 0,01001358 0,00500679
0,213623 0,01502037 0,007510185
0,1068115 0,00834465 0,004172325
0,4272461 0,02336502 0,01168251
0,213623 0,0166893 0,00834465
0,3204346 0,01001358 0,00500679
0,1068115 0,01168251 0,005841255
0,213623 0,02169609 0,01084805
0,3204346 0,04339218 0,02169609
0,213623 0,01335144 0,00667572
0,213623 0,0166893 0,00834465
0,213623 0,02002716 0,01001358
0,3204346 0,02169609 0,01084805
0,213623 0,01502037 0,007510185
0,1068115 0,0166893 0,00834465
0,4272461 0,02837181 0,01418591
0,213623 0,02670288 0,01335144
0,213623 0,02002716 0,01001358
0,3204346 0,02002716 0,01001358
0,213623 0,0166893 0,00834465
0,213623 0,01835823 0,009179115
0,213623 0,01502037 0,007510185
0,3204346 0,01168251 0,005841255
0,3204346 0,03504753 0,01752377
0,213623 0,02169609 0,01084805
0,1068115 0,0166893 0,00834465
0,3204346 0,02002716 0,01001358
0,3204346 0,0166893 0,00834465
0,3204346 0,03170967 0,01585484
0,213623 0,01168251 0,005841255
0,213623 0,02336502 0,01168251
0,3204346 0,03504753 0,01752377
0,3204346 0,03504753 0,01752377
0,213623 0,01835823 0,009179115
0,213623 0,02169609 0,01084805
0,3204346 0,01502037 0,007510185
0,3204346 0,02837181 0,01418591
0,213623 0,01502037 0,007510185
0,213623 0,03170967 0,01585484
0,3204346 0,03170967 0,01585484
0,213623 0,01168251 0,005841255
0,3204346 0,0333786 0,0166893
0,213623 0,0166893 0,00834465
0,3204346 0,02002716 0,01001358
0,1068115 0,02169609 0,01084805
0,3204346 0,02503395 0,01251698
0,213623 0,0166893 0,00834465
0,3204346 0,01835823 0,009179115
0,213623 0,02169609 0,01084805
0,213623 0,02169609 0,01084805
0,3204346 0,01835823 0,009179115
0,213623 0,03170967 0,01585484
0,3204346 0,02002716 0,01001358
0,3204346 0,01502037 0,007510185
0,3204346 0,03170967 0,01585484
0,213623 0,0166893 0,00834465
0,213623 0,02002716 0,01001358
0,213623 0,02503395 0,01251698
0,3204346 0,00834465 0,004172325
0,213623 0,02336502 0,01168251
0,3204346 0,02002716 0,01001358
0,4272461 0,02503395 0,01251698
0,213623 0,01335144 0,00667572
0,3204346 0,02503395 0,01251698
0,3204346 0,0166893 0,00834465
0,3204346 0,02169609 0,01084805
0,1068115 0,00834465 0,004172325
0,213623 0,0166893 0,00834465
0,1068115 0,02169609 0,01084805
0,1068115 0,00834465 0,004172325
0,1068115 0,01335144 0,00667572
0,3204346 0,0166893 0,00834465
0,1068115 0,00834465 0,004172325
0,3204346 0,02670288 0,01335144
0,3204346 0,02503395 0,01251698
0,213623 0,02002716 0,01001358
0,213623 0,01502037 0,007510185
0,1068115 0,01001358 0,00500679
0,213623 0,01168251 0,005841255
0,3204346 0,02002716 0,01001358
0,213623 0,02002716 0,01001358
0,3204346 0,02336502 0,01168251
0,1068115 0,0166893 0,00834465
0,213623 0,01168251 0,005841255
0,213623 0,02169609 0,01084805
0,3204346 0,0166893 0,00834465
0,4272461 0,03671646 0,01835823
0,1068115 0,01502037 0,007510185
0,3204346 0,01335144 0,00667572
0,3204346 0,03170967 0,01585484
0,213623 0,01168251 0,005841255
0,213623 0,03671646 0,01835823
0,1068115 0,01001358 0,00500679
0,3204346 0,03170967 0,01585484
0,213623 0,02670288 0,01335144
0,1068115 0,01502037 0,007510185
0,213623 0,03170967 0,01585484
0,3204346 0,04005432 0,02002716
0,4272461 0,0333786 0,0166893
0,213623 0,02670288 0,01335144
0,213623 0,01835823 0,009179115
0,4272461 0,03838539 0,0191927
0,213623 0,02503395 0,01251698
0,3204346 0,02169609 0,01084805
0,3204346 0,02336502 0,01168251
0,213623 0,01835823 0,009179115
0,4272461 0,04506111 0,02253056
0,213623 0,01835823 0,009179115
0,213623 0,02169609 0,01084805
0,4272461 0,03170967 0,01585484
0,213623 0,01335144 0,00667572
0,213623 0,02169609 0,01084805
0,213623 0,03004074 0,01502037
0,3204346 0,02503395 0,01251698
0,213623 0,03004074 0,01502037
0,213623 0,02169609 0,01084805
0,4272461 0,02503395 0,01251698
0,3204346 0,04172325 0,02086163
0,4272461 0,03004074 0,01502037
0,5340576 0,03170967 0,01585484
0,213623 0,01835823 0,009179115
0,213623 0,03170967 0,01585484
0,4272461 0,02336502 0,01168251
0,5340576 0,03170967 0,01585484
0,3204346 0,02336502 0,01168251
0,213623 0,02670288 0,01335144
0,3204346 0,02503395 0,01251698
0,213623 0,02336502 0,01168251
0,3204346 0,02169609 0,01084805
0,213623 0,03671646 0,01835823
0,213623 0,03004074 0,01502037
0,1068115 0,03004074 0,01502037
0,3204346 0,02169609 0,01084805
0,213623 0,0166893 0,00834465
0,3204346 0,02169609 0,01084805
0,213623 0,03170967 0,01585484
0,213623 0,01835823 0,009179115
0,3204346 0,02837181 0,01418591
0,213623 0,01335144 0,00667572
0,3204346 0,02336502 0,01168251
0,213623 0,0166893 0,00834465
0,213623 0,02336502 0,01168251
0,213623 0,01835823 0,009179115
0,213623 0,01835823 0,009179115
0,4272461 0,04339218 0,02169609
0,213623 0,02002716 0,01001358
0,4272461 0,02503395 0,01251698
0,213623 0,02336502 0,01168251
0,213623 0,02503395 0,01251698
0,3204346 0,03170967 0,01585484
0,213623 0,01835823 0,009179115
0,1068115 0,01335144 0,00667572
0,213623 0,01502037 0,007510185
0,1068115 0,01168251 0,005841255
0,213623 0,02670288 0,01335144
0,1068115 0,01335144 0,00667572
0,1068115 0,01502037 0,007510185
0,1068115 0,00834465 0,004172325
0,3204346 0,02336502 0,01168251
0,213623 0,01502037 0,007510185
0,213623 0,01335144 0,00667572
0,213623 0,02503395 0,01251698
0,213623 0,01001358 0,00500679
0,1068115 0,01001358 0,00500679
0,213623 0,02837181 0,01418591
0,3204346 0,03004074 0,01502037
0,4272461 0,03671646 0,01835823
0,213623 0,01835823 0,009179115
0,3204346 0,02670288 0,01335144
0,213623 0,02837181 0,01418591
0,213623 0,01835823 0,009179115
0,3204346 0,02503395 0,01251698
0,213623 0,01502037 0,007510185
0,3204346 0,03170967 0,01585484
0,213623 0,0166893 0,00834465
0,213623 0,01502037 0,007510185
0,213623 0,01168251 0,005841255
0,213623 0,02336502 0,01168251
0,1068115 0,0166893 0,00834465
0,213623 0,02002716 0,01001358
0,3204346 0,01502037 0,007510185
0,213623 0,02169609 0,01084805
0,3204346 0,02837181 0,01418591
0,3204346 0,02837181 0,01418591
0,3204346 0,01835823 0,009179115
0,3204346 0,03170967 0,01585484
0,213623 0,03170967 0,01585484
0,213623 0,03170967 0,01585484
0,3204346 0,02670288 0,01335144
0,213623 0,03671646 0,01835823
0,5340576 0,02670288 0,01335144
0,3204346 0,04005432 0,02002716
0,213623 0,02336502 0,01168251
0,213623 0,04673004 0,02336502
0,213623 0,03838539 0,0191927
0,213623 0,03504753 0,01752377
0,1068115 0,02002716 0,01001358
0,213623 0,03504753 0,01752377
0,4272461 0,04506111 0,02253056
0,213623 0,04339218 0,02169609
0,4272461 0,04673004 0,02336502
0,5340576 0,04005432 0,02002716
0,3204346 0,04172325 0,02086163
0,213623 0,02670288 0,01335144
0,213623 0,02169609 0,01084805
0,213623 0,02336502 0,01168251
0,3204346 0,03671646 0,01835823
0,3204346 0,04673004 0,02336502
0,3204346 0,04339218 0,02169609
0,213623 0,02503395 0,01251698
0,213623 0,02503395 0,01251698
0,3204346 0,0333786 0,0166893
0,213623 0,02670288 0,01335144
0,213623 0,02837181 0,01418591
0,213623 0,03170967 0,01585484
0,3204346 0,03838539 0,0191927
0,4272461 0,04172325 0,02086163
0,3204346 0,03004074 0,01502037
0,3204346 0,03004074 0,01502037
0,5340576 0,03671646 0,01835823
0,3204346 0,04339218 0,02169609
0,3204346 0,04839897 0,02419949
0,213623 0,03671646 0,01835823
0,213623 0,04839897 0,02419949
0,3204346 0,05674362 0,02837181
0,3204346 0,04506111 0,02253056
0,213623 0,03838539 0,0191927
0,213623 0,05340576 0,02670288
0,4272461 0,05173683 0,02586842
0,4272461 0,0500679 0,02503395
0,5340576 0,04005432 0,02002716
0,4272461 0,05173683 0,02586842
0,3204346 0,04673004 0,02336502
0,4272461 0,06008148 0,03004074
0,3204346 0,04673004 0,02336502
0,4272461 0,06175041 0,03087521
0,5340576 0,08845329 0,04422665
0,5340576 0,07009506 0,03504753
0,3204346 0,08845329 0,04422665
0,8544922 0,1018047 0,05090237
0,4272461 0,09846687 0,04923344
0,7476807 0,1518726 0,07593632
0,5340576 0,1702309 0,08511543
0,6408691 0,2219677 0,1109838
1,174927 0,287056 0,1518726
0,8544922 0,3454685 0,1877546
0,7476807 0,382185 0,2194643
0,7476807 0,4088879 0,2503395
1,068115 0,4239082 0,2561808
0,8544922 0,428915 0,2586842
1,068115 0,4889965 0,3020763
1,174927 0,4706383 0,2862215
0,9613037 0,4906654 0,2937317
1,068115 0,4940033 0,3062487
1,174927 0,5040169 0,3054142
1,281738 0,4990101 0,3004074
1,281738 0,5156994 0,3045797
0,8544922 0,5223751 0,3304482
1,068115 0,5307198 0,321269
1,281738 0,5707741 0,3421307
1,281738 0,6158352 0,3730059
1,281738 0,5574226 0,357151
1,174927 0,5757809 0,3596544
1,602173 0,5640984 0,3454685
1,495361 0,6542206 0,3980398
1,281738 0,6358624 0,3796816
1,495361 0,6008148 0,3738403
2,13623 0,597477 0,3713369
1,38855 0,597477 0,3755093
1,174927 0,6959438 0,4456043
1,174927 0,6175041 0,3905296
1,281738 0,5841255 0,3880262
1,281738 0,6408691 0,4122257
1,495361 0,6241798 0,3863573
1,38855 0,6825924 0,4405975
1,281738 0,6608963 0,4222393
1,38855 0,692606 0,4230738
1,815796 0,7426739 0,4706383
2,13623 0,6892681 0,4322529
1,281738 0,6892681 0,4297495
1,495361 0,7443428 0,4923344
1,281738 0,7443428 0,4698038
1,602173 0,7793903 0,4931688
1,815796 0,7727146 0,5015135
1,174927 0,7810593 0,5056858
1,495361 0,6942749 0,4439354
1,495361 0,7810593 0,500679
1,602173 0,7460117 0,4806519
1,281738 0,6742477 0,4189014
1,922607 0,7059574 0,4456043
1,38855 0,7593632 0,5081892
1,708984 0,7994175 0,5315542
2,13623 0,8544922 0,5499125
1,495361 0,8811951 0,5799532
1,495361 0,8428097 0,5732775
1,708984 0,8461475 0,5607605
1,922607 0,9012222 0,5832911
2,029419 0,9279251 0,6525517
1,602173 0,9429455 0,6392002
2,243042 0,9028912 0,6116629
1,602173 0,8795261 0,5916357
2,243042 0,9829998 0,6667376
1,602173 0,8912086 0,5941391
1,708984 0,9663105 0,6625652
1,708984 0,9129047 0,6133318
2,243042 1,046419 0,7109642
2,563477 0,9529591 0,6325245
1,815796 0,9496212 0,6341934
1,922607 1,003027 0,6951094
1,922607 1,009703 0,6717443
2,13623 0,9930134 0,6817579
1,708984 1,048088 0,6984472
1,708984 1,048088 0,7001162
1,815796 1,081467 0,7092953
1,922607 1,079798 0,7944107
2,456665 1,204967 0,8319616
1,922607 1,208305 0,8386374
2,349854 1,181602 0,8119345
1,922607 1,211643 0,8461475
2,13623 1,168251 0,8085966
2,243042 1,24836 0,8845329
2,13623 1,266718 0,918746
2,243042 1,291752 0,9537935
2,670288 1,273394 0,8887053
3,52478 1,29509 0,9162426
2,883911 1,478672 1,043081
2,456665 1,34182 0,9337664
2,883911 1,420259 1,027226
2,990723 1,49703 1,064777
2,883911 1,490355 1,117349
2,670288 1,502037 1,09899
3,204346 1,625538 1,194954
3,204346 1,617193 1,186609
2,243042 1,672268 1,235008
3,311157 1,65391 1,161575
3,52478 1,812458 1,358509
2,670288 1,770735 1,284242
3,52478 1,789093 1,350999
3,204346 1,839161 1,352668
2,990723 1,88756 1,340985
2,990723 1,922607 1,425266
4,379272 2,067804 1,495361
3,311157 1,94931 1,438618
3,631592 2,248049 1,619697
3,417969 2,112865 1,60718
3,845215 2,336502 1,683116
4,486084 2,341509 1,73986
4,91333 2,568483 1,881719
4,486084 2,506733 1,796603
4,165649 2,6052 1,880884
5,554199 2,748728 2,062798
4,592896 2,833843 2,097845
4,272461 2,646923 1,957655
4,699707 2,785444 2,080321
4,806519 2,950668 2,169609
4,806519 3,037453 2,218843
5,874634 3,059149 2,2614
5,447388 3,180981 2,395749
4,592896 3,024101 2,338171
4,699707 3,224373 2,384901
4,806519 3,372908 2,545953
5,126953 3,241062 2,409935
5,767822 3,394604 2,591014
5,981445 3,511429 2,652764
8,331299 3,765106 2,824664
6,088257 3,583193 2,716184
8,865356 3,850222 2,750397
5,767822 3,843546 2,836347
7,156372 3,891945 2,912283
6,30188 3,860235 2,945662
6,835938 4,153967 3,14343
8,544922 4,259109 3,328681
8,43811 4,385948 3,430486
10,25391 4,80485 3,667474
8,117676 5,011797 3,764272
8,331299 4,8666 3,765941
9,399414 4,973412 3,841877
6,942749 4,948378 3,873587
8,43811 4,846573 3,64995
8,43811 5,217075 4,012942
11,96289 5,659342 4,162312
8,972168 5,509138 4,334211
12,81738 5,711079 4,325032
10,78796 5,979776 4,460216
10,36072 6,013155 4,630446
10,04028 6,103277 4,698038
11,00159 7,009506 5,276322
12,39014 6,849289 5,385637
12,60376 7,027864 5,212069
12,71057 7,188082 5,307198
14,31274 7,03454 5,211234
14,31274 7,90906 5,890489
14,8468 8,586645 6,456256
13,56506 8,87537 6,571412
15,48767 9,87339 7,489324
17,41028 10,96988 8,552432
15,16724 10,83469 8,322954
18,15796 11,84773 9,442806
19,01245 11,90615 9,260893
17,6239 11,24024 8,806109
21,68274 12,05802 9,378552
20,401 12,12645 9,744048
17,73071 12,20322 9,722352
16,76941 11,73091 9,269238
18,15796 11,74593 9,416938
18,26477 12,25829 9,635568
16,76941 12,26163 9,637237
18,26477 13,28969 10,39827
17,73071 12,94756 10,14626
18,15796 12,53867 9,915948
18,47839 12,57706 10,03861
19,97375 13,0527 10,33819
18,69202 13,16118 10,26475
21,78955 13,41319 10,57434
20,401 13,19623 10,30815
19,33289 13,26299 10,3991
21,04187 13,61012 10,692
18,90564 13,82709 11,07836
19,65332 13,20624 10,55098
21,68274 13,47661 10,6411
20,93506 12,66551 10,0528
19,33289 13,8104 10,64694
21,3623 13,62348 10,56683
20,82825 13,72361 10,75375
21,25549 14,30273 10,82468
27,55737 15,14721 11,50644
24,1394 16,1202 12,33423
24,03259 16,05177 11,98125
25,10071 16,15858 12,42018
32,79114 17,02976 13,15618
25,84839 17,19832 13,60679
30,97534 18,73875 14,45043
28,41187 18,04447 13,56423
28,09143 18,1663 13,86297
30,33447 17,77911 13,84795
25,31433 18,42165 14,48047
27,98462 18,24307 14,80925
29,58679 18,61358 14,61899
26,06201 16,43229 12,93087
30,65491 18,31818 14,44709
23,71216 16,84618 13,72361
25,31433 17,33351 13,33892
24,9939 18,28647 14,27686
25,63477 17,53879 13,6869
27,98462 18,94069 14,63985
28,19824 18,04948 14,16337
25,84839 17,84754 14,15253
29,58679 18,23139 13,75616
27,771 18,08119 14,503
27,66418 18,29648 14,20343
29,26636 17,75742 13,91053
29,37317 18,79716 14,66072
28,7323 18,42332 14,82844
27,98462 17,27176 13,08775
28,19824 18,19468 14,29272
26,9165 17,25507 13,45074
34,07288 18,87059 15,04874
30,01404 19,3913 14,76002
25,74158 17,94767 14,25183
27,98462 18,31818 14,36615
30,12085 19,63329 14,70828
30,5481 18,62192 14,43374
27,55737 18,80217 15,17725
30,22766 18,64862 14,85515
29,05273 19,43636 15,42842
35,56824 18,96739 14,70077
30,86853 18,62693 14,41121
29,05273 18,90397 14,44042
31,93665 18,435 14,02652
29,90723 19,14096 14,90521
30,33447 19,24443 15,02621
28,62549 19,54985 14,93776
26,59607 19,64498 15,7814
27,13013 19,27948 15,15388
29,05273 18,50843 14,06825
36,74316 19,55318 15,06877
32,25708 18,9507 14,49299
27,87781 18,56852 14,35113
28,7323 19,87362 15,25486
31,5094 19,01746 14,66823
37,38403 19,84692 15,61534
32,4707 18,71705 14,48047
26,16882 18,85557 15,11383
31,82983 19,10591 15,19477
25,42114 18,97073 15,02538
36,31592 19,67835 15,09297
30,76172 19,63663 15,91659
28,51868 19,12093 14,8927
27,98462 17,95268 13,22877
29,58679 18,85724 15,13219
31,29578 20,25414 15,52188
27,23694 19,50479 15,57612
29,6936 18,46838 14,39869
29,47998 18,22639 14,13333
27,98462 19,24443 14,80007
33,64563 18,90063 14,74833
31,29578 20,66135 15,7814
27,55737 19,04583 15,09464
29,15955 18,27478 14,2101
30,44128 19,38796 15,16974
34,92737 20,19906 15,66625
29,58679 18,54348 14,02819
28,83911 18,87894 14,59813
29,58679 20,2992 15,93995
29,15955 19,62662 15,55777
29,90723 19,6116 15,59198
29,90723 20,64133 16,44898
30,01404 20,53285 15,26654
28,7323 19,76848 15,22732
33,00476 21,99483 17,03643
29,90723 20,2291 16,10184
30,76172 20,23578 15,74802
26,48926 19,38128 14,81342
32,15027 20,04719 15,48266
28,7323 19,98377 15,47432
30,12085 20,68472 16,18111
28,09143 20,48278 15,83314
36,84998 20,38431 16,05427
34,39331 20,22576 15,54191
29,26636 20,74313 15,86902
30,76172 20,70308 16,44397
35,99548 20,2992 15,8323
28,51868 20,23077 15,40422
32,4707 20,94674 16,43395
32,15027 20,30253 15,74302
28,83911 20,2558 15,95414
28,94592 19,71841 15,90157
33,53882 20,39933 16,06512
35,03418 21,04688 16,48736
28,09143 20,89667 16,26456
33,85925 20,61963 16,0501
28,94592 21,26718 16,64591
28,62549 20,6213 16,20781
29,26636 20,17403 15,57529
32,15027 21,631 17,03894
32,57751 21,384 16,53826
29,37317 21,42906 16,77859
30,76172 21,74282 16,55662
34,92737 21,1637 16,5708
33,96606 21,15369 16,35969
36,52954 20,32757 15,98167
31,72302 20,55287 15,60199
36,52954 21,86799 16,83867
34,60693 21,21377 16,15691
31,29578 21,17038 16,17527
37,17041 21,49749 16,7352
36,10229 21,38233 15,92827
30,33447 21,23713 16,13939
34,60693 20,92004 16,19363
35,03418 21,25216 16,44313
33,96606 22,1417 16,85953
33,53882 21,61932 16,83283
32,04346 22,1951 17,27343
30,65491 21,68274 17,70902
31,18896 22,0015 16,67761
31,29578 21,84963 16,88039
31,61621 21,25716 16,93797
35,14099 21,0619 16,4473
34,60693 21,11697 16,36052
32,89795 21,98648 17,5438
36,31592 19,97042 15,51688
35,99548 21,81292 16,93714
34,39331 20,87831 16,1469
35,03418 20,23745 15,84733
36,52954 21,74449 17,23087
30,33447 21,75283 17,06648
32,79114 21,69776 16,77525
35,99548 21,19541 16,64508
33,64563 22,05658 17,71069
31,5094 20,72144 16,57414
35,88867 22,3186 17,67981
34,60693 22,53556 17,46202
30,44128 20,61296 15,69545
35,46143 21,4057 16,77608
34,92737 21,31891 16,43562
34,2865 22,14003 16,49487
30,44128 21,45076 16,78693
31,29578 21,14367 16,7911
34,92737 21,42739 16,99472
33,53882 22,25351 16,79361
32,36389 21,42572 16,66844
33,43201 21,81458 16,87372
36,84998 19,97375 15,36584
30,65491 20,92338 15,98334
31,29578 22,84431 17,45951
29,15955 21,75617 17,03978
36,52954 23,09799 17,87173
32,25708 22,02654 17,17246
33,85925 21,9264 16,94882
40,37476 21,35062 16,56413
35,14099 22,32528 16,86287
34,71375 22,35699 17,43949
29,37317 21,87133 16,28375
34,92737 22,32528 17,58969
36,10229 22,74919 17,24672
33,11157 23,08297 17,06064
34,2865 21,70277 16,19446
33,96606 20,643 15,81311
31,5094 21,74783 16,2921
40,802 23,07129 17,45618
42,19055 22,90773 17,44532
38,98621 22,70079 17,79914
34,71375 21,85297 17,60971
29,80042 23,01121 17,88091
38,55896 23,21315 18,08702
29,58679 21,8029 16,87038
40,05432 22,93444 17,78495
35,14099 23,65041 18,09037
33,64563 23,31161 18,21972
35,2478 22,9578 17,3769
33,21838 22,11666 16,87455
33,43201 22,99452 17,83002
36,20911 22,77255 17,22336
32,25708 21,87967 17,30263
30,12085 22,28689 17,37273
33,3252 22,89605 17,78412
30,44128 23,02122 17,86256
39,73389 23,38839 18,18466
40,05432 22,08161 17,3961
34,07288 22,6624 17,36355
33,00476 22,34697 17,20834
35,35461 23,65375 18,5076
34,60693 22,49551 17,13574
33,64563 21,6527 16,87789
38,34534 22,38202 17,23003
33,21838 22,02988 17,19999
41,97693 22,01152 17,20501
33,64563 21,91973 16,83283
39,73389 23,50688 18,49675
31,72302 22,93944 17,98439
33,85925 23,48852 18,15879
34,07288 22,34697 17,54546
33,11157 22,9094 18,0645
34,60693 22,20511 17,75825
37,81128 23,35501 18,16964
41,44287 23,01455 18,0962
38,0249 23,00453 17,71819
37,27722 22,32361 17,76075
31,18896 22,15838 17,25006
31,61621 21,47913 17,23421
36,31592 22,88938 17,64809
33,75244 22,11332 17,39359
33,21838 20,99848 16,15441
37,0636 23,01455 18,1154
34,50012 23,30828 18,35239
32,68433 22,9578 17,941
34,2865 21,6043 17,45868
31,18896 23,55361 18,32068
32,15027 21,52252 16,67094
31,82983 22,17674 17,32433
32,04346 22,65906 17,37272
33,96606 22,36533 17,24338
33,53882 23,02122 17,60054
38,13171 23,95082 18,15044
36,20911 22,59731 17,60972
34,17969 22,31359 17,39025
31,61621 22,96114 18,07952
33,43201 22,3937 17,07816
30,12085 21,86298 17,15577
32,36389 22,46881 17,71736
33,3252 22,44711 16,88791
39,8407 22,50218 17,66646
31,93665 22,5656 17,25257
32,4707 23,40174 17,67731
34,60693 23,65375 18,5051
34,2865 23,08965 18,06366
32,36389 21,80791 17,38107
39,19983 22,53056 17,08484
33,11157 21,48247 16,39974
30,44128 21,67273 16,5658
34,17969 22,45879 17,6022
32,36389 23,62537 18,09538
31,82983 21,86632 17,21835
32,25708 22,96948 18,2389
33,11157 22,84431 17,93098
38,66577 23,38672 18,23139
35,14099 23,48685 18,06033
35,78186 23,38672 18,12542
31,93665 22,25184 17,35521
34,60693 22,93444 17,25006
35,56824 22,14503 17,20166
33,85925 22,76254 17,64727
37,59766 22,49384 18,15045
39,8407 23,31829 18,53514
41,01563 22,88604 17,84003
33,00476 22,77756 17,88843
29,37317 22,17507 17,60888
33,64563 22,10164 17,13073
38,98621 22,31193 17,00556
37,70447 21,80958 17,19832
32,68433 22,19176 16,95132
33,53882 22,40872 17,09735
30,97534 22,18509 17,33685
34,92737 22,09163 17,36021
37,49084 22,87436 17,81499
38,87939 24,39809 19,15264
33,53882 23,77725 18,41247
38,87939 23,58866 18,84473
35,46143 22,78924 17,62306
33,43201 22,4371 17,59052
29,80042 22,73417 17,66061
35,88867 23,48518 18,22054
32,57751 22,17841 17,36188
29,47998 21,95811 16,97051
31,5094 22,93777 18,41747
33,53882 22,24517 16,79861
33,75244 22,41206 17,46618
36,84998 22,47214 17,61806
37,59766 22,48716 16,96133
33,00476 22,85266 17,89093
34,2865 22,19176 17,05479
35,35461 23,38505 18,32486
35,14099 23,20647 18,41581
35,67505 22,9795 18,2823
39,19983 23,12136 18,00108
41,01563 23,96584 18,57769
38,55896 22,74919 17,07398
35,46143 24,30296 19,01161
31,08215 22,68577 17,77661
37,0636 23,97084 19,38045
33,3252 23,47517 18,11624
33,96606 23,30327 18,75543
38,66577 23,8657 17,90846
33,11157 22,57895 17,53795
35,46143 23,63873 18,66197
47,42432 22,81594 17,3986
30,97534 21,79956 16,45398
33,43201 21,98815 17,38691
35,14099 22,92609 18,4859
34,92737 23,30995 17,96853
37,0636 22,70746 17,81583
37,27722 22,60566 17,88926
33,96606 23,53191 18,32902
31,93665 22,84598 18,51177
36,20911 23,80729 18,00275
31,82983 22,92776 18,39828
41,22925 25,01059 19,75096
32,79114 23,41509 18,24891
35,46143 22,18676 16,96301
32,79114 23,91076 19,13595
40,58838 23,21649 18,33736
32,79114 23,26989 17,70317
35,88867 24,32632 18,74542
35,2478 22,79925 18,07702
30,5481 22,861 17,96269
34,2865 23,6237 18,26727
40,48157 23,04459 18,35156
41,01563 24,23286 18,73791
31,93665 22,48383 17,09318
39,41345 23,60034 18,17965
31,5094 22,51887 17,41612
33,43201 23,61369 18,72039
34,07288 22,87602 17,83836
35,67505 22,91107 17,62223
38,98621 23,07963 18,40246
35,03418 23,11969 17,75742
33,11157 23,75221 18,4617
45,18127 21,65103 16,72351
37,38403 23,5486 17,66228
39,73389 23,77558 17,8442
35,88867 23,82064 18,39495
39,8407 23,58198 18,63694
35,56824 23,62537 18,75042
32,79114 23,45681 18,3065
33,96606 22,22013 17,19331
32,57751 23,95082 18,38076
38,55896 23,21815 17,31515
36,95679 22,13335 17,28344
37,49084 23,13638 17,80915
35,14099 23,02456 17,85338
33,3252 22,06326 17,05813
36,42273 22,61066 17,93599
39,30664 22,92442 17,74323
34,39331 22,93444 17,69816
36,74316 22,70579 17,65644
41,33606 22,82763 17,56466
35,67505 23,13638 18,05448
33,00476 23,31662 18,27729
35,56824 24,47319 19,27864
36,10229 24,10102 18,99158
36,52954 23,87238 18,9799
33,96606 22,60399 18,10289
33,75244 23,00954 18,30315
39,73389 22,45378 16,84535
36,10229 23,10133 17,55214
41,76331 23,53024 18,02361
34,39331 22,25852 17,694
35,03418 23,20981 18,44585
34,2865 23,02122 17,99273
32,68433 22,58062 17,30931
36,63635 23,80061 17,41278
32,15027 23,103 17,87591
36,42273 23,53692 18,61274
36,84998 24,60504 18,62108
35,46143 22,54558 17,83251
34,50012 23,23651 18,47506
35,14099 23,18978 18,40246
33,85925 23,52357 17,66479
35,03418 23,89574 18,30816
36,95679 23,31829 18,55266
38,55896 23,14639 18,32652
40,69519 24,04428 18,94318
33,11157 23,11468 18,01276
37,91809 23,59867 18,13126
40,26794 23,8924 18,90147
39,52026 21,94142 17,24756
33,96606 23,58699 18,91065
35,14099 23,78559 18,72956
39,94751 24,10603 18,41748
38,0249 25,74658 20,55788
32,57751 22,82429 17,42029
32,04346 21,71779 16,96384
33,85925 22,32194 16,53075
37,0636 23,5436 18,08035
34,2865 22,76754 17,51542
37,81128 24,08767 18,34154
37,17041 23,06795 18,51177
41,76331 22,78423 17,20333
37,49084 24,45984 18,8831
44,75403 24,58835 19,62495
37,0636 23,43011 18,35573
38,87939 23,10467 18,33402
35,2478 24,95551 19,31453
34,60693 23,0279 17,81583
36,63635 22,68243 17,75825
32,79114 23,59533 18,94069
35,99548 22,54224 17,49874
36,63635 23,00286 17,82751
32,36389 23,19479 17,99774
36,42273 23,83399 18,31067
31,93665 22,11833 17,98104
39,62708 22,59898 17,49623
37,70447 24,15276 18,79549
39,30664 25,46954 19,5465
35,46143 24,08266 18,38744
36,10229 24,19949 19,04583
35,46143 24,36471 18,64362
32,68433 23,14138 18,49341
30,33447 22,93777 18,05282
35,78186 24,13273 18,92817
30,01404 23,33665 18,20636
40,90881 24,30296 18,56768
34,07288 22,77589 17,22669
33,85925 23,23818 18,51678
33,21838 22,84598 18,14377
40,69519 24,1394 18,12041
34,71375 24,33133 18,93901
39,09302 23,67711 18,23557
36,10229 24,12772 19,01329
39,62708 24,85037 19,45638
33,96606 24,75691 19,3913
41,54968 23,23318 17,66145
33,43201 23,83399 18,59688
32,04346 24,0109 18,65113
33,53882 22,34197 17,23838
33,64563 23,76723 18,072
34,17969 22,71581 17,30847
31,40259 23,3767 17,64226
32,15027 23,25487 17,97772
33,11157 23,33999 18,06867
34,50012 23,38171 17,90095
32,25708 24,24288 18,97239
38,55896 22,82429 17,70568
39,62708 22,97282 17,48538
38,55896 23,60868 18,46755
34,92737 23,03624 17,93265
34,92737 23,40174 17,4787
35,35461 23,84567 18,58103
33,21838 23,01788 17,57467
34,82056 22,67575 17,33017
35,03418 23,01788 18,10288
41,22925 24,06597 18,50427
37,49084 24,48153 18,72122
37,0636 23,65208 18,11541
33,00476 23,4201 18,48757
33,00476 22,14837 17,55714
32,25708 23,16976 18,30482
37,70447 24,35637 18,74375
45,50171 24,3063 18,80967
33,85925 22,60232 17,16828
34,60693 23,73385 18,8005
35,56824 23,64874 18,30732
35,2478 24,44315 18,97824
39,30664 23,75054 18,41665
36,63635 24,15109 19,20271
33,43201 23,3984 18,50092
43,89954 24,17278 18,66031
39,41345 25,25592 19,73843
34,17969 23,7422 18,20219
40,16113 24,17612 18,81218
33,3252 22,96615 17,76659
31,5094 23,44513 18,23223
30,01404 23,09132 17,9702
36,20911 23,55862 18,67532
