0,8138021 0,2861023 0,2082191
0,6103516 0,3147127 0,2304716
0,8138021 0,3242495 0,2288822
0,6103516 0,2956391 0,2225243
0,8138021 0,2924601 0,2177559
0,6103516 0,3115338 0,2257032
0,6103516 0,2829233 0,2225242
0,6103516 0,2479552 0,1859666
0,6103516 0,3115338 0,2304716
0,6103516 0,3051759 0,2225243
0,6103516 0,301997 0,2304716
0,6103516 0,2924601 0,2257032
0,6103516 0,2924601 0,2288821
0,8138021 0,2892812 0,2145769
1,017253 0,3274285 0,2336506
0,8138021 0,2733865 0,2145769
0,4069011 0,2670287 0,2098085
0,4069011 0,2861023 0,2098086
0,6103516 0,3274285 0,238419
0,8138021 0,3242495 0,2368295
0,6103516 0,3051759 0,2384189
0,4069011 0,3051759 0,2288821
0,6103516 0,2924601 0,23524
0,8138021 0,3147127 0,2400084
1,017253 0,3592176 0,2654396
0,8138021 0,3178917 0,2225243
0,6103516 0,2829233 0,2257032
0,6103516 0,301997 0,2304716
0,6103516 0,3242495 0,2384189
0,6103516 0,2956391 0,232061
0,6103516 0,3242495 0,2463662
0,6103516 0,3019969 0,2257032
0,6103516 0,298818 0,2368294
0,6103516 0,2829233 0,2145769
0,6103516 0,3051759 0,2241137
0,8138021 0,2924601 0,2145769
0,4069011 0,3051759 0,2304716
0,6103516 0,3019969 0,2336505
0,6103516 0,2797444 0,2193453
0,8138021 0,3337863 0,2431874
0,6103516 0,2892812 0,2336505
0,6103516 0,3274285 0,238419
1,017253 0,3337863 0,2495452
0,8138021 0,3306074 0,2400084
0,8138021 0,2797444 0,2225242
0,6103516 0,3083549 0,2304716
0,8138021 0,3496809 0,2559029
0,6103516 0,298818 0,2257032
0,6103516 0,3083549 0,23524
0,6103516 0,2956391 0,2288821
0,8138021 0,3337863 0,2495452
0,6103516 0,3496809 0,2463662
0,6103516 0,3210706 0,2304716
0,6103516 0,3051759 0,2368294
0,6103516 0,298818 0,2241137
0,8138021 0,3147127 0,2336505
0,6103516 0,3369653 0,2511347
0,6103516 0,3051759 0,2241137
0,6103516 0,3306074 0,2574925
0,8138021 0,3147127 0,2384189
0,6103516 0,3465019 0,2606713
0,8138021 0,3369653 0,2574925
0,8138021 0,346502 0,2622608
0,6103516 0,2956391 0,23524
0,6103516 0,2988181 0,2272927
0,6103516 0,3496808 0,2606713
0,6103516 0,3306074 0,2495452
0,6103516 0,3496808 0,2622607
0,4069011 0,3051759 0,2431873
0,6103516 0,3528598 0,2686185
0,8138021 0,3528598 0,2590818
0,6103516 0,3051759 0,2431873
0,6103516 0,3560386 0,2606713
0,8138021 0,3560386 0,2654396
0,6103516 0,3687542 0,2749762
0,6103516 0,3687542 0,2686184
0,6103516 0,406901 0,2940494
0,8138021 0,3878276 0,2845128
0,8138021 0,406901 0,2940494
0,8138021 0,3973644 0,295639
0,8138021 0,3910066 0,2940495
1,220703 0,4227955 0,3004072
1,017253 0,41008 0,2972284
1,017253 0,4609424 0,3337854
0,8138021 0,4609423 0,3258381
0,6103516 0,4259744 0,3099438
0,8138021 0,4609423 0,3274276
0,8138021 0,4704791 0,3290171
0,8138021 0,4863735 0,3592168
1,017253 0,4927314 0,3496799
1,017253 0,505447 0,3973641
1,017253 0,553131 0,400543
1,220703 0,5435942 0,4021325
1,017253 0,5944572 0,4482271
1,017253 0,603994 0,4498166
1,424154 0,7120769 0,52929
1,424154 0,7788342 0,5515423
2,441406 0,7629396 0,5690259
1,424154 0,84877 0,6294245
2,644857 0,944137 0,7184341
2,644857 0,8837379 0,6739292
2,034505 0,9981787 0,7454547
2,034505 1,017252 0,7724756
2,237956 1,131694 0,8360549
2,644857 1,322428 0,939369
2,848307 1,322428 0,9791054
3,458659 1,484553 1,11262
3,66211 1,630784 1,173019
3,255208 1,694362 1,271566
3,051758 1,808802 1,327197
3,86556 2,028147 1,486142
3,66211 2,202988 1,662573
4,069011 2,393723 1,794497
4,06901 2,441405 1,840591
4,679362 2,733868 2,07901
4,679363 2,819698 2,228419
4,27246 2,746583 2,150536
4,882813 2,969105 2,317427
4,882812 3,086725 2,447764
4,679362 3,169378 2,509753
4,475912 3,306072 2,579689
5,289714 3,410975 2,624194
4,679363 3,490448 2,698898
5,696614 3,560384 2,800624
5,900065 3,722509 2,956391
6,103515 3,894169 3,07401
7,731118 3,890991 3,190041
6,713866 4,227956 3,339451
5,900066 4,107157 3,302892
6,306966 4,291533 3,536542
6,103515 4,326503 3,638268
6,917317 4,466377 3,716151
5,900065 4,596709 3,902118
6,713866 4,803338 4,035632
6,306965 5,089444 4,169147
6,713866 5,111696 4,33604
6,713868 5,343755 4,42187
7,934568 5,518597 4,738173
7,120767 5,683898 4,782677
6,713866 5,598068 4,76996
8,138019 5,970001 5,071958
7,527668 6,268819 5,488394
7,934568 6,173452 5,256333
7,731119 6,462732 5,62668
7,527668 6,548567 5,757018
8,544921 6,558099 5,784037
8,544919 6,748836 5,976359
8,544919 6,659827 5,971591
8,74837 6,701151 5,949338
8,748369 6,812413 5,954105
7,934568 6,729762 5,971589
8,748369 7,101696 6,27359
8,34147 6,965 6,105105
8,951819 7,028579 6,082853
9,562171 7,187526 6,326041
8,748369 7,165272 6,400746
8,95182 7,171629 6,346702
8,341469 7,003147 6,264051
9,765621 7,276536 6,572404
8,341469 7,044471 6,197292
8,951819 7,305147 6,456376
8,341469 7,216135 6,467498
9,15527 7,31786 6,405509
9,562171 7,46409 6,510417
9,765621 7,46409 6,581942
9,765621 7,219316 6,55651
8,748369 7,216135 6,302196
8,95182 7,330577 6,411871
10,37597 7,562637 6,780625
9,15527 7,460911 6,505649
9,35872 7,600784 6,747245
10,17252 7,651647 6,748836
9,562171 7,629394 6,685256
8,74837 7,5531 6,693205
9,35872 7,654826 6,942749
9,765621 7,686615 6,915728
8,748369 7,629394 6,70433
8,951819 7,638931 6,834664
9,35872 7,692973 6,968181
9,35872 7,832845 6,925266
9,562171 7,93139 7,047654
8,95182 7,79152 6,904603
9,562171 7,772445 7,033347
9,969071 7,899601 6,831486
10,17252 8,061726 7,138251
10,17252 7,861454 6,980895
10,17252 7,839202 7,003149
9,765621 8,058545 7,214545
9,969071 7,890064 7,025401
9,765621 8,125303 7,174811
9,35872 8,010861 7,042884
9,562171 8,128483 7,122358
9,765621 8,115766 7,074674
9,765621 8,01404 7,127127
9,562171 8,061725 7,147788
9,969071 8,16663 7,228852
9,765621 8,122124 7,243155
9,35872 8,214312 7,333753
10,37597 8,118945 7,301967
10,17252 8,195239 7,181167
10,17252 8,242922 7,284479
10,37597 8,239743 7,476808
9,765621 8,296966 7,257462
10,17252 8,233384 7,535614
10,98633 8,379615 7,362363
9,969071 8,25246 7,23044
9,765621 8,300143 7,452962
9,765621 8,24928 7,503826
10,37597 8,525847 7,58171
9,765621 8,382794 7,354417
10,98633 8,497238 7,69933
9,765621 8,389153 7,468858
11,18978 8,592604 7,551513
9,969071 8,357367 7,370312
10,57942 8,611677 7,751782
10,57942 8,54492 7,472037
10,17252 8,443194 7,403692
10,37597 8,684792 7,689795
11,18978 8,668898 7,653236
10,78288 8,637109 7,591248
10,57942 8,579888 7,72794
10,37597 8,643466 7,958411
10,78288 8,703868 7,702508
11,59668 8,748373 7,664364
10,57942 8,700686 7,627804
10,17252 8,729299 7,705688
11,59668 8,850094 7,809001
10,37597 8,589425 7,691383
11,39323 8,961356 8,049009
10,78288 8,885063 7,87258
10,57942 8,713402 7,921852
11,59668 8,786514 7,858274
10,78288 8,738833 7,78516
10,98633 8,80877 7,807414
10,57942 8,85963 7,893242
10,17252 8,687971 7,766088
10,57942 8,831019 7,967947
11,39323 8,831021 7,769265
10,57942 8,910493 7,998147
10,57942 8,900957 8,058545
11,18978 8,802408 7,898012
11,18978 9,044013 8,007685
10,57942 8,74837 7,866222
10,78288 8,945464 8,042652
10,98633 8,875527 7,742247
11,39323 8,742013 7,705689
10,17252 9,005866 8,250874
10,57942 8,964534 7,86622
10,98633 8,840555 7,824895
10,78288 8,951822 7,735888
10,57942 9,02494 8,214316
10,57942 8,977254 8,05219
10,37597 9,021761 8,033116
10,78288 9,136201 8,066496
10,37597 9,066264 7,940928
10,57942 9,10441 8,091925
11,59668 9,044013 7,886886
10,98633 8,94864 7,926621
11,18978 9,355541 8,091925
10,98633 9,247461 8,363727
10,78288 9,199777 8,117358
10,98633 9,196598 8,096696
10,98633 9,196598 8,244514
11,39323 9,371441 8,206367
10,98633 9,295144 8,357366
11,39323 9,377793 8,511543
10,98633 9,206134 8,358955
10,98633 9,311039 8,535382
10,57942 9,196595 8,289017
11,39323 9,323753 8,328753
10,37597 9,33011 8,296968
10,98633 9,244281 8,276303
10,98633 9,361898 8,527434
11,39323 9,406404 8,42412
10,78288 9,155272 8,153915
10,98633 9,285603 8,424123
11,18978 9,244281 8,268354
11,39323 9,30786 8,271535
10,78288 9,24746 8,22703
10,98633 9,536741 8,266768
10,98633 9,435015 8,489292
13,02083 9,406406 8,136431
11,18978 9,320573 8,443193
10,78288 9,295143 8,368488
12,61393 9,326931 8,34306
10,57942 9,352363 8,405047
12,20703 9,333288 8,246099
10,98633 9,342826 8,160272
10,98633 9,393687 8,618035
11,59668 9,520849 8,376439
11,18978 9,412765 8,43207
11,80013 9,536738 8,597371
11,39323 9,759268 8,853279
12,41048 9,679793 8,597374
11,59668 9,504951 8,619625
10,98633 9,584428 8,544923
11,39323 9,52085 8,309685
11,18978 9,72112 8,856456
11,39323 9,590781 8,633928
11,59668 9,435016 8,46227
11,80013 9,361899 8,381205
11,18978 9,651182 8,633929
10,78288 9,489054 8,384382
10,78288 9,422297 8,412996
11,80013 9,524025 8,529024
10,78288 9,536741 8,54651
11,59668 9,625749 8,719759
11,80013 9,498597 8,516312
10,78288 9,311035 8,239742
11,59668 9,679795 8,851687
11,80013 9,533562 8,405046
11,59668 9,692512 8,346239
11,80013 9,743372 8,737247
11,39323 9,606677 8,576709
12,20703 9,733836 8,535381
11,18978 9,425479 8,360544
11,80013 9,565351 8,581479
11,18978 9,660722 8,560816
12,20703 9,533561 8,546512
11,39323 9,581251 8,632343
11,18978 9,603498 8,67049
11,59668 9,648004 8,479753
12,81738 9,546279 8,481342
11,18978 9,504949 8,459087
10,98633 9,810128 8,865993
11,59668 9,682973 8,858043
11,39323 9,714762 8,784931
10,98633 9,660721 8,673667
11,59668 9,74973 8,354189
11,59668 9,641647 8,589427
11,59668 9,552637 8,479753
11,39323 9,743372 8,764266
10,98633 9,269707 8,479751
12,20703 9,638467 8,673669
11,80013 9,511311 8,667308
11,80013 9,514487 8,530615
11,39323 9,517667 8,519489
12,00358 9,536744 8,546514
10,98633 9,533565 8,420945
12,20703 9,759265 8,872348
12,20703 9,51767 8,546511
10,98633 9,622573 8,538563
10,57942 9,520852 8,454326
13,83464 9,778343 8,858046
11,59668 9,603502 8,702276
11,59668 9,622572 8,468629
12,41048 9,549458 8,570351
11,59668 9,708406 8,654594
11,39323 9,714763 8,563996
11,80013 9,676616 8,665717
11,59668 9,600321 8,239745
11,18978 9,641646 8,497236
11,18978 9,663902 8,591017
11,59668 9,711583 8,649826
11,39323 9,514486 8,519487
11,59668 9,670259 8,756318
10,98633 9,60668 8,524259
11,18978 9,714765 8,444787
10,98633 9,511309 8,51472
10,78288 9,412761 8,5179
12,20703 9,628929 8,565581
11,59668 9,476339 8,195239
11,80013 9,565355 8,467041
11,18978 9,781522 8,662542
12,61393 9,597139 8,602139
11,80013 9,45091 8,490877
11,39323 9,695689 8,749961
11,59668 9,676617 8,724528
11,18978 9,724299 8,643468
11,59668 9,600316 8,5783
11,80013 9,603503 8,625982
11,39323 9,628933 8,61009
12,20703 9,670259 8,632339
12,20703 9,749731 8,670487
11,59668 9,654365 8,762676
11,18978 9,613038 8,559226
11,59668 9,797417 8,69592
10,78288 9,346004 8,497238
12,61393 9,86735 8,708633
11,80013 9,625751 8,43843
12,61393 9,590784 8,637111
12,00358 9,533563 8,357365
12,81738 9,803774 8,681616
11,59668 9,733837 8,72612
12,20703 9,835562 8,894602
11,80013 9,71794 8,653005
11,39323 9,899137 8,889832
11,39323 9,816485 8,797646
11,39323 9,876885 8,966127
12,00358 10,05808 8,931157
11,18978 9,756087 8,881886
13,02083 9,927751 8,686381
11,80013 9,832382 8,807186
11,59668 9,781518 8,759501
11,59668 9,597142 8,697507
12,41048 9,695691 8,602143
12,20703 9,654364 8,662542
11,18978 9,759267 8,937516
11,59668 9,673437 8,767447
11,59668 9,762447 8,878708
13,02083 10,15663 8,997916
11,80013 9,857814 8,75791
11,59668 9,686152 8,625985
12,20703 9,895962 8,872352
11,18978 9,829202 8,929571
13,42774 9,86735 8,819901
11,18978 9,69251 8,883473
12,00358 9,93093 8,842151
11,80013 9,740195 8,672079
11,39323 9,7243 8,810361
11,39323 10,01676 9,048778
12,20703 9,800592 8,854868
11,80013 9,686154 8,676846
12,20703 9,822845 8,843742
11,59668 9,689331 8,84692
12,00358 9,670258 8,605322
11,59668 9,708405 8,788106
12,41048 9,7847 8,813542
11,59668 9,794233 8,735654
11,59668 10,02947 8,915264
12,00358 9,930929 8,834201
12,20703 9,902313 8,940694
11,39323 9,759266 8,535385
13,02084 9,905496 8,910497
11,59668 9,791059 8,859632
13,42774 9,765627 8,75314
12,20703 10,01993 8,913672
12,41048 9,829201 8,648238
11,39323 9,714762 8,718167
12,81738 9,889598 8,881884
11,80013 9,937284 8,686381
13,42774 9,991324 8,942284
11,80013 9,778339 8,881886
11,39323 9,886424 8,902551
13,22429 9,829203 8,940696
11,59668 9,89914 8,373258
11,80013 9,800593 8,955002
11,59668 9,829206 8,654593
12,00358 9,609858 8,654594
11,59668 9,822845 8,872348
14,44499 9,95636 8,959772
12,00358 9,682976 8,829433
12,20703 9,822847 8,667311
12,41048 9,864171 8,845328
12,81738 9,984967 8,916854
12,81738 10,03265 8,956589
11,80013 9,892776 8,91844
11,80013 9,848277 8,70069
12,20703 10,14391 9,257002
13,22429 9,794237 8,697511
12,00358 9,816489 8,716584
12,61393 9,927751 9,074209
12,61393 9,854634 8,72453
12,00358 9,97225 8,850097
12,61393 9,781518 8,606911
12,41048 9,975433 8,956592
12,41048 9,826023 8,767445
12,20703 10,05808 8,962945
11,59668 10,06444 9,229979
12,20703 10,0104 8,90255
11,59668 9,730657 8,591016
12,81738 10,07398 8,951823
12,00358 9,930925 8,854865
12,61393 9,902315 8,835791
12,00358 9,930925 8,687973
11,59668 10,00404 9,050368
12,20703 10,1312 8,724529
13,22429 9,962715 8,916852
12,20703 9,940459 8,810361
13,63119 10,00404 8,980435
11,59668 9,886424 8,714994
11,39323 9,899139 8,964539
12,61393 10,05172 9,045601
12,20703 10,04854 9,00586
12,20703 9,930924 8,950232
11,80013 10,01676 8,878706
13,22429 10,22021 9,2268
11,59668 10,06762 9,012222
13,42774 10,04855 8,881883
11,80013 9,822844 8,799231
11,39323 9,978606 9,083748
11,39323 9,902316 8,899368
11,80013 9,778337 8,759496
11,18978 9,791056 8,622804
12,00358 9,800593 8,818308
11,80013 9,959534 8,967718
12,00358 10,18206 8,975661
11,59668 10,05808 8,883475
12,41048 9,826023 8,940698
11,59668 9,934103 8,975664
12,41048 10,05808 9,080566
12,61393 9,791057 8,816714
11,80013 10,08033 9,040833
13,63119 10,16298 9,148912
12,61393 9,997687 8,858045
12,81738 10,05808 9,218847
11,59668 9,740192 8,681613
11,59668 9,883241 8,881885
11,80013 9,911852 8,767442
13,02083 10,16299 8,848509
12,61393 10,07715 9,150508
