0,6103516 0,2861022 0,2177558
0,6103516 0,301997 0,2257032
0,6103516 0,3147127 0,2304716
0,6103516 0,2765655 0,211398
0,6103516 0,2861023 0,2034507
0,4069011 0,2574919 0,2082191
0,8138021 0,3051759 0,2288821
0,6103516 0,2924601 0,2161664
0,6103516 0,2797444 0,2098085
0,4069011 0,2956391 0,2288821
0,8138021 0,298818 0,2304716
0,6103516 0,2956391 0,2177559
0,6103516 0,2638497 0,1986823
0,6103516 0,2829233 0,2161664
0,6103516 0,2829233 0,2129875
0,6103516 0,2988181 0,2209348
0,6103516 0,2924602 0,2161664
0,6103516 0,2702076 0,2129874
0,6103516 0,2956391 0,2257032
0,6103516 0,2829233 0,2177559
0,6103516 0,3083548 0,2304716
0,8138021 0,3083548 0,2257032
0,6103516 0,3051759 0,2304716
0,6103516 0,301997 0,2241137
1,017253 0,346502 0,2543135
0,4069011 0,2670287 0,2002717
0,8138021 0,3115338 0,23524
0,6103516 0,2861023 0,2193453
0,6103516 0,2829233 0,2066296
0,4069011 0,2733865 0,2129875
0,6103516 0,2861023 0,2082191
0,8138021 0,3115338 0,2209348
0,8138021 0,298818 0,232061
0,6103516 0,2765655 0,2241137
0,6103516 0,3178917 0,2320611
0,4069011 0,2829233 0,2225242
0,6103516 0,2892812 0,2177559
0,6103516 0,3306074 0,2400084
0,6103516 0,298818 0,2272927
0,6103516 0,3083549 0,2320611
0,4069011 0,2861023 0,2161664
0,6103516 0,2574919 0,1986823
0,6103516 0,2670287 0,211398
0,6103516 0,2892812 0,2082191
0,8138021 0,301997 0,2193454
0,6103516 0,2638497 0,1986823
0,6103516 0,2797444 0,2050401
0,8138021 0,3401442 0,2400084
0,6103516 0,2829233 0,2193453
0,8138021 0,2892812 0,2193453
0,6103516 0,2670287 0,2034507
0,6103516 0,2797444 0,2129875
0,6103516 0,2924602 0,2209348
0,8138021 0,3210706 0,2384189
0,6103516 0,3147127 0,2304716
0,4069011 0,2670287 0,2050401
0,6103516 0,3147127 0,2384189
0,6103516 0,2829233 0,2209348
0,6103516 0,2924601 0,2177559
0,6103516 0,301997 0,23524
0,8138021 0,3019969 0,2336505
0,6103516 0,2797444 0,2161664
0,6103516 0,298818 0,2225243
0,6103516 0,3242495 0,2447768
0,6103516 0,2765655 0,211398
0,6103516 0,3210706 0,2415978
0,6103516 0,3337863 0,2368295
0,6103516 0,298818 0,2288821
0,6103516 0,2765655 0,211398
0,8138021 0,3178917 0,2415979
0,8138021 0,3147127 0,2257032
0,8138021 0,3051759 0,2320611
0,6103516 0,3051759 0,2447768
0,8138021 0,3210706 0,23524
0,6103516 0,3115338 0,2368295
0,6103516 0,3051759 0,2320611
0,6103516 0,3051759 0,2241137
0,6103516 0,3401442 0,2447768
0,6103516 0,3337863 0,2527241
0,6103516 0,301997 0,2368294
1,017253 0,3147127 0,2479557
0,8138021 0,3242495 0,2463663
0,6103516 0,3178917 0,2511346
0,6103516 0,298818 0,232061
0,6103516 0,3051759 0,2320611
0,6103516 0,298818 0,2209348
0,6103516 0,3210706 0,2527241
0,6103516 0,3337863 0,2479557
0,8138021 0,3147127 0,2400084
0,6103516 0,3306074 0,2463663
0,4069011 0,2892812 0,2257032
0,6103516 0,3115338 0,2304716
0,6103516 0,2892812 0,2241137
0,4069011 0,2861023 0,2241137
0,6103516 0,301997 0,2304716
0,6103516 0,3051759 0,2257032
0,6103516 0,3178917 0,2384189
0,6103516 0,3655753 0,2717974
0,6103516 0,298818 0,232061
0,6103516 0,3051759 0,2368294
0,6103516 0,2861023 0,232061
0,8138021 0,3401442 0,2590819
0,6103516 0,3051759 0,23524
0,6103516 0,2733865 0,2082191
0,6103516 0,3115338 0,2431873
0,6103516 0,3083549 0,2336505
0,6103516 0,3465019 0,2606713
0,6103516 0,3178917 0,2336506
0,8138021 0,301997 0,2336505
0,8138021 0,3337863 0,2463663
0,4069011 0,2829233 0,2193453
0,8138021 0,3242495 0,2415979
0,6103516 0,3274285 0,2431874
0,6103516 0,2829233 0,2272926
0,6103516 0,3528598 0,2654396
0,8138021 0,3496809 0,2638502
0,6103516 0,3178917 0,2447768
0,6103516 0,3242495 0,2495452
1,017253 0,3306074 0,2463663
0,6103516 0,3369653 0,2511347
0,6103516 0,3337863 0,2511347
0,6103516 0,3083549 0,2384189
0,6103516 0,3051759 0,23524
0,6103516 0,3274285 0,2543136
0,6103516 0,3274285 0,2479557
0,6103516 0,3147127 0,2495452
0,6103516 0,3369653 0,2543136
0,6103516 0,3465019 0,2606713
0,6103516 0,3115338 0,2527241
0,6103516 0,3369652 0,2622608
0,6103516 0,3083549 0,2463662
0,8138021 0,3306074 0,2447768
0,6103516 0,3496808 0,2638502
0,6103516 0,3401442 0,2511346
0,6103516 0,3623964 0,267029
0,6103516 0,301997 0,23524
0,6103516 0,343323 0,2638502
0,8138021 0,3369652 0,255903
0,6103516 0,3242495 0,255903
0,8138021 0,3496809 0,2590819
0,6103516 0,3655753 0,2733868
0,8138021 0,3655753 0,2686185
0,6103516 0,3401441 0,2606713
0,8138021 0,346502 0,2574924
0,6103516 0,3242495 0,2463663
0,6103516 0,3623964 0,2686185
0,8138021 0,3560387 0,2638502
0,8138021 0,3592176 0,2702079
0,8138021 0,3401441 0,2511346
0,6103516 0,3337863 0,2574925
0,8138021 0,375112 0,2733867
0,6103516 0,3369653 0,2574925
0,8138021 0,3401442 0,2590819
0,8138021 0,3719331 0,2829234
0,8138021 0,3242495 0,2527241
0,6103516 0,3814698 0,2829234
0,8138021 0,3719331 0,281334
0,8138021 0,3687542 0,2797446
0,6103516 0,3433231 0,2654397
0,6103516 0,3433231 0,2638502
0,8138021 0,3528598 0,2638502
0,6103516 0,3560387 0,2749763
0,6103516 0,375112 0,2797445
0,6103516 0,3369652 0,2590819
0,6103516 0,3274285 0,2590819
0,6103516 0,3178917 0,2511346
1,017253 0,3592176 0,2765658
0,4069011 0,3337863 0,2543135
0,6103516 0,3369652 0,2574924
0,6103516 0,3687542 0,2749762
0,6103516 0,3687542 0,2749762
0,6103516 0,3910066 0,2845128
0,8138021 0,3528598 0,2749763
0,6103516 0,3623964 0,2702079
0,6103516 0,3369652 0,2606713
0,6103516 0,3782909 0,281334
0,6103516 0,3210706 0,2527241
0,8138021 0,3623964 0,2733868
0,6103516 0,3846487 0,2861023
0,6103516 0,3687542 0,2765657
0,8138021 0,375112 0,2829234
1,017253 0,3528599 0,2670291
0,6103516 0,3655753 0,2765657
0,8138021 0,3719332 0,2717973
0,6103516 0,4132588 0,2940494
0,6103516 0,4164377 0,3035861
0,8138021 0,378291 0,2781551
0,8138021 0,346502 0,2686186
0,6103516 0,4005432 0,2972284
0,6103516 0,3719331 0,2765657
0,6103516 0,378291 0,281334
0,6103516 0,3910065 0,2908706
0,8138021 0,3655753 0,2765657
0,8138021 0,3401442 0,2622608
0,8138021 0,3719332 0,2749763
0,6103516 0,3719331 0,2733868
0,6103516 0,3846487 0,281334
0,6103516 0,406901 0,3019967
0,8138021 0,3878277 0,2908706
0,8138021 0,3719331 0,2781551
0,6103516 0,3623964 0,2765657
0,6103516 0,375112 0,2781551
0,8138021 0,406901 0,2956389
0,8138021 0,3878276 0,2892812
0,8138021 0,4196167 0,2988178
0,6103516 0,3496808 0,2686185
0,6103516 0,3655753 0,2781551
0,6103516 0,3941854 0,2956389
0,6103516 0,3782909 0,2892812
0,8138021 0,3592176 0,2733868
0,8138021 0,3973643 0,2892811
0,6103516 0,3973643 0,2956389
0,6103516 0,375112 0,281334
0,6103516 0,3528597 0,2717974
0,8138021 0,4069011 0,2972284
0,8138021 0,3846487 0,2845128
0,6103516 0,3528597 0,2749763
0,8138021 0,3846487 0,2861023
0,6103516 0,3687542 0,2797446
0,8138021 0,3465019 0,2622607
0,8138021 0,4132589 0,3051756
0,8138021 0,3878276 0,2845128
1,220703 0,3846488 0,2861023
0,6103516 0,3623964 0,2765657
0,6103516 0,3782909 0,2845129
0,6103516 0,3655753 0,2797446
0,8138021 0,3878277 0,2876917
0,6103516 0,378291 0,2845129
0,8138021 0,4005433 0,2924601
0,6103516 0,3655753 0,2781551
0,6103516 0,3655753 0,2702079
0,6103516 0,378291 0,2845129
0,6103516 0,3719331 0,2797446
0,6103516 0,3210706 0,2527241
0,6103516 0,3560387 0,2686185
0,8138021 0,3623965 0,2733868
0,6103516 0,3210706 0,2527241
0,8138021 0,4005432 0,2956389
0,6103516 0,3687542 0,2749762
0,6103516 0,3814698 0,2892812
0,6103516 0,3655753 0,2781551
0,8138021 0,3973643 0,2908706
1,017253 0,375112 0,2829234
0,6103516 0,41008 0,2988178
0,6103516 0,378291 0,2829234
0,6103516 0,3369653 0,2606713
0,6103516 0,4005432 0,2988178
0,6103516 0,3655753 0,2797446
0,8138021 0,4005432 0,2956389
0,6103516 0,3782909 0,281334
0,6103516 0,3878277 0,2876917
0,8138021 0,3623964 0,2765657
0,8138021 0,4037221 0,2908706
0,8138021 0,3369653 0,2622608
1,220703 0,43869 0,317891
1,017253 0,3878276 0,2908706
1,017253 0,4196166 0,3019966
0,8138021 0,4100799 0,3004072
0,8138021 0,378291 0,2876918
0,8138021 0,406901 0,2956389
0,8138021 0,3973643 0,2940495
0,6103516 0,3878276 0,2876917
0,8138021 0,4259745 0,3099439
1,017253 0,4005433 0,2972284
0,8138021 0,4227955 0,306765
0,6103516 0,4196166 0,3083544
0,6103516 0,4196167 0,3083544
0,8138021 0,4164377 0,3019966
1,017253 0,4259744 0,3115333
0,6103516 0,406901 0,3004072
0,8138021 0,4259745 0,3099439
0,8138021 0,4355112 0,3147122
0,8138021 0,4291532 0,317891
0,8138021 0,4577634 0,3369642
0,8138021 0,406901 0,3051756
0,6103516 0,4291532 0,3194804
0,8138021 0,4005432 0,29246
0,8138021 0,4164377 0,306765
0,6103516 0,4291534 0,3131227
0,8138021 0,4577634 0,3369643
0,8138021 0,4355112 0,3147122
0,8138021 0,3910065 0,2940495
0,8138021 0,4609423 0,3369643
0,8138021 0,4450478 0,3194804
1,017253 0,4609423 0,3337854
0,8138021 0,4291533 0,3147122
0,8138021 0,4355111 0,3131227
0,8138021 0,4418689 0,317891
1,017253 0,4227955 0,3115333
0,8138021 0,43869 0,317891
0,8138021 0,4482268 0,3210699
0,8138021 0,4577634 0,3401432
1,017253 0,4355111 0,3242487
0,8138021 0,4609423 0,3369642
0,8138021 0,4450478 0,3433221
0,8138021 0,470479 0,3544484
0,8138021 0,4609423 0,3449115
0,8138021 0,4514056 0,332196
0,8138021 0,4609423 0,3290171
1,017253 0,4673001 0,343322
0,8138021 0,4514056 0,3258382
0,8138021 0,470479 0,3417326
1,017253 0,4990892 0,3639851
0,8138021 0,4673001 0,3480905
0,8138021 0,43869 0,3321959
0,8138021 0,4673001 0,3337854
1,017253 0,4641213 0,3528589
0,8138021 0,4609423 0,3417326
1,017253 0,4545845 0,3528589
0,8138021 0,43869 0,3449117
1,017253 0,4863736 0,3576273
1,017253 0,4736579 0,3655747
0,8138021 0,470479 0,3528588
0,8138021 0,4609423 0,3417326
1,017253 0,4609423 0,3528589
0,8138021 0,470479 0,3592168
0,8138021 0,4927314 0,3814693
0,8138021 0,4800158 0,3719325
0,8138021 0,4863735 0,370343
0,8138021 0,5245207 0,4037219
0,8138021 0,4831946 0,3910062
0,8138021 0,5118049 0,3973641
0,8138021 0,4831946 0,3798799
0,8138021 0,5022681 0,400543
1,220703 0,4927314 0,3608061
0,8138021 0,505447 0,4053115
0,8138021 0,5149839 0,4069009
0,8138021 0,4927314 0,3957746
1,017253 0,4736579 0,3878273
0,8138021 0,4895525 0,3782904
0,8138021 0,4895525 0,3782904
1,017253 0,5181628 0,3957746
1,017253 0,508626 0,400543
0,8138021 0,4895525 0,3814693
1,220703 0,5213417 0,4084903
0,8138021 0,5022681 0,4100799
1,220703 0,5149838 0,4116693
0,8138021 0,4831947 0,3814694
0,8138021 0,5404153 0,424385
1,017253 0,5340575 0,4116693
1,017253 0,5213417 0,4132588
1,017253 0,5213417 0,4180272
1,017253 0,5372364 0,4180271
1,017253 0,508626 0,4180272
1,017253 0,5245206 0,4148482
0,8138021 0,5118049 0,400543
1,017253 0,5435943 0,4402798
0,8138021 0,5340574 0,427564
1,017253 0,5308785 0,4434588
0,8138021 0,5563101 0,4339219
1,017253 0,559489 0,4498166
0,8138021 0,5308785 0,4307429
1,220703 0,5308785 0,4371009
0,8138021 0,5563101 0,4386903
1,424154 0,5785626 0,4561745
1,017253 0,5499521 0,4339219
1,220703 0,6103519 0,4847849
1,220703 0,5467732 0,4402798
1,017253 0,5626679 0,4529956
1,017253 0,5690258 0,4641219
1,220703 0,5944573 0,4816061
1,017253 0,5849205 0,4561745
1,220703 0,5944573 0,4657113
1,220703 0,6071729 0,4752481
1,220703 0,5912784 0,4641218
1,017253 0,5944573 0,4736587
1,017253 0,6357831 0,4975005
1,017253 0,5722046 0,4593534
1,017253 0,6643932 0,5149848
1,220703 0,6548565 0,5102164
1,220703 0,6612143 0,5149848
1,220703 0,6993612 0,5451842
1,017253 0,6961823 0,5737939
1,424154 0,7438661 0,5849202
1,627604 0,788371 0,6135301
1,424154 0,8392333 0,6612135
1,424154 0,8328755 0,6643927
2,034505 0,9536737 0,7438652
1,831055 1,026789 0,8074442
3,051758 1,058578 0,8281071
1,831055 1,087189 0,8535388
1,831055 1,150768 0,9123492
1,831055 1,141231 0,9202967
2,237956 1,306533 1,05381
2,644857 1,31607 1,042684
3,66211 1,487731 1,160303
3,458659 1,564026 1,255671
4,069011 1,78655 1,374881
3,86556 1,926422 1,487732
4,069011 2,085367 1,564026
5,493164 2,298356 1,732508
7,527668 2,829233 2,129872
7,934568 3,07401 2,311071
9,15527 3,544489 2,589226
7,324217 4,227955 3,126461
8,951819 4,638036 3,433227
9,562171 5,35965 3,848076
10,37597 5,861917 4,227955
12,00358 6,278356 4,642805
12,41048 6,984076 5,03699
18,92091 8,846918 6,271999
15,46225 9,078979 6,987253
18,31056 10,12166 7,473628
20,75196 11,05309 8,390746
17,7002 11,3074 8,532205
24,41406 12,26743 9,241105
18,92091 12,96043 9,667078
23,39681 14,37823 11,13574
26,44855 14,02219 10,80036
24,61751 15,1825 12,21498
26,24511 15,72292 12,1053
26,85546 17,19475 13,61847
27,26235 17,51582 13,51197
30,721 18,12299 14,04603
30,11065 18,37095 14,19385
35,1969 19,30237 14,82169
35,1969 20,63434 16,42705
31,9417 22,24922 17,32826
33,77275 22,44949 17,40455
33,36584 24,03576 18,47743
35,1969 25,09433 19,51058
41,30041 26,14974 20,67724
40,69006 27,03982 21,24149
37,2314 26,84592 21,75172
41,70732 28,73737 22,66406
44,55564 28,87088 23,02328
43,94529 30,39675 24,7081
43,94529 30,74961 25,22785
48,82814 33,12107 26,57889
65,30775 35,71825 28,25894
54,9317 34,42125 27,48487
58,59384 37,54295 30,30616
51,67647 38,42669 30,58751
63,06978 39,74912 32,21828
54,9317 41,16691 33,69648
71,81822 41,97754 34,68671
81,38039 42,17145 34,17808
58,18694 40,30859 33,54548
60,62836 43,09652 35,93602
65,1043 42,75002 33,64243
59,20419 44,61286 36,17602
62,45943 45,08334 37,12492
58,39038 43,39215 35,71031
79,54936 47,0797 36,68783
68,35954 45,95754 37,75276
64,90086 45,56018 36,69261
75,27691 46,98118 38,34247
67,54573 45,78907 37,95621
69,58025 47,67418 38,47122
67,95264 46,4026 38,6651
65,30775 47,48981 36,99462
62,66288 46,18644 37,89423
61,64562 46,45346 38,20417
67,13882 50,24595 41,06681
64,6974 47,24185 38,59837
70,80096 48,3958 39,69192
72,83549 47,79815 38,81929
66,73192 49,97573 40,85542
66,12157 49,22234 42,15241
76,09071 51,54296 41,5341
72,83549 51,39672 42,48778
67,54573 48,91397 41,00958
71,00442 51,31089 41,72326
68,96989 52,07701 42,03637
74,4631 50,62424 40,85542
63,88359 51,05976 41,94579
73,24239 51,55249 42,74369
68,35954 52,81453 41,64061
73,44584 52,01661 42,87402
72,63203 52,10562 42,42581
76,70107 51,84813 42,32407
73,44584 54,05112 44,26957
69,3768 51,36493 41,80749
77,10798 53,25322 44,22508
65,30775 54,41989 44,92286
66,73192 54,60427 44,872
68,56299 54,67103 44,4921
78,32868 53,62515 43,35883
75,48036 54,20689 43,58134
83,00797 53,8445 44,7655
69,98715 51,99118 43,35087
75,48036 53,22461 42,86291
77,92178 54,70601 44,23303
72,02168 54,02888 44,7226
66,52847 52,04523 43,1347
75,07346 54,99846 45,43785
72,83549 56,02209 44,41424
71,81822 55,73598 44,96895
82,80452 55,96168 45,4283
70,19061 54,96349 44,34589
70,39406 54,38493 45,32341
78,53213 55,99982 46,74914
75,68382 54,8109 44,67809
69,7837 56,97576 47,24984
72,63203 56,25414 46,05138
74,87 56,54978 46,41854
73,03893 56,32407 47,164
74,66655 54,42624 44,74483
73,03893 54,56929 44,74165
69,17335 55,19239 46,46783
72,02168 54,40399 46,21985
72,02168 54,73143 45,60474
82,60107 56,11108 45,31227
69,7837 55,62471 46,8159
74,4631 57,26822 47,58203
72,42858 56,4735 47,32135
80,9735 55,89173 44,72736
78,53213 55,64378 46,08317
78,32868 56,4099 46,06409
71,41132 55,85994 45,73506
78,53213 57,32544 47,87767
75,68382 55,8663 45,45533
74,4631 58,02482 47,55978
86,26313 57,91991 49,19692
80,36315 59,21691 49,61495
67,95264 56,37812 46,67126
86,05968 57,13787 46,36451
74,87 58,89901 48,3704
77,10798 59,39492 49,31136
76,90453 59,13744 47,80136
72,63203 57,6338 47,06387
