0,6103516 0,2670287 0,2034507
0,6103516 0,298818 0,2177559
0,4069011 0,2733865 0,211398
0,6103516 0,2702076 0,2209347
0,6103516 0,2988181 0,2161664
0,6103516 0,2924601 0,2225243
0,8138021 0,3274284 0,2384189
0,6103516 0,3083549 0,2272927
0,6103516 0,2892812 0,2288821
0,6103516 0,2861022 0,2177558
0,6103516 0,301997 0,2241137
0,6103516 0,3147127 0,2400084
0,6103516 0,2924601 0,2225243
0,4069011 0,2670287 0,2034507
0,6103516 0,3019969 0,2257032
1,017253 0,3051759 0,2241137
0,6103516 0,298818 0,2225243
0,6103516 0,2892812 0,2129875
0,6103516 0,2956391 0,2368294
0,6103516 0,2956391 0,2257032
0,6103516 0,2861023 0,2241137
0,6103516 0,2861023 0,211398
0,6103516 0,2797444 0,2018612
0,6103516 0,2892812 0,211398
0,6103516 0,2892812 0,2082191
0,4069011 0,2956391 0,2129875
0,4069011 0,2765655 0,2018612
0,4069011 0,2638497 0,2177558
0,6103516 0,3147127 0,2320611
0,6103516 0,2956391 0,2177559
0,6103516 0,2797444 0,2177559
0,6103516 0,3083549 0,2304716
0,8138021 0,3083548 0,2304716
0,8138021 0,2924601 0,2241137
0,6103516 0,2861023 0,2161664
0,8138021 0,298818 0,2304716
0,6103516 0,3115338 0,23524
0,6103516 0,3528598 0,2622607
0,4069011 0,2797444 0,2193453
0,6103516 0,2956391 0,2225243
0,6103516 0,2829233 0,2241137
0,6103516 0,2892812 0,2209348
0,6103516 0,3051759 0,23524
0,6103516 0,2988181 0,2288821
0,6103516 0,2638497 0,2034507
0,6103516 0,2670287 0,1986823
0,4069011 0,2702076 0,2177558
0,6103516 0,2892812 0,2177559
0,8138021 0,3178916 0,2368295
0,6103516 0,3115337 0,2447768
0,6103516 0,3178917 0,2368295
1,017253 0,3019969 0,2257032
0,6103516 0,3369653 0,2447768
0,6103516 0,2892812 0,2288821
0,6103516 0,301997 0,2209348
0,6103516 0,3147127 0,2384189
0,6103516 0,2733865 0,2002717
0,6103516 0,3083549 0,2257032
0,6103516 0,3274285 0,2463663
0,4069011 0,2924602 0,2257032
0,8138021 0,2892812 0,2304716
0,8138021 0,2861023 0,2129875
0,8138021 0,3401441 0,255903
0,6103516 0,3210706 0,2543135
0,8138021 0,2829233 0,2177559
0,8138021 0,3433231 0,2527241
0,8138021 0,3083548 0,2384189
0,8138021 0,3147127 0,2400084
0,8138021 0,3147127 0,2336505
0,8138021 0,3306074 0,2511347
0,8138021 0,3401442 0,255903
0,4069011 0,3083549 0,214577
0,6103516 0,3337863 0,2447768
0,6103516 0,3147127 0,2241138
0,8138021 0,3528598 0,2622607
0,8138021 0,3210706 0,2431873
0,6103516 0,3274285 0,2463663
0,6103516 0,3083549 0,2431873
0,6103516 0,3274285 0,2431873
0,6103516 0,3178916 0,2415978
0,6103516 0,3051759 0,2336505
0,6103516 0,3210706 0,23524
0,6103516 0,3242495 0,2495452
0,6103516 0,3401442 0,2638502
0,6103516 0,3274285 0,2400084
0,6103516 0,3274285 0,2463663
0,6103516 0,3274285 0,2527241
0,6103516 0,3274285 0,2479557
0,8138021 0,3433231 0,2527241
0,6103516 0,3115338 0,2384189
0,6103516 0,2924601 0,232061
0,6103516 0,3242495 0,2415979
0,6103516 0,3210706 0,2384189
0,8138021 0,3083549 0,2400084
0,8138021 0,3465019 0,2559029
0,8138021 0,3306074 0,2590819
0,6103516 0,3687542 0,2781551
0,6103516 0,3306074 0,2495452
0,6103516 0,3401442 0,2606713
1,017253 0,346502 0,2638502
0,8138021 0,3560386 0,2686185
1,017253 0,3496809 0,2670291
0,6103516 0,2861022 0,2209348
0,6103516 0,3465019 0,2590818
0,6103516 0,3274285 0,2479557
0,6103516 0,3306074 0,2543135
0,6103516 0,3369652 0,2511346
0,6103516 0,3083549 0,2431873
0,8138021 0,3433231 0,2543135
0,8138021 0,3115338 0,2431873
0,6103516 0,3401441 0,2638502
1,017253 0,3306074 0,2447768
0,6103516 0,3496808 0,2654396
0,6103516 0,3687542 0,2733868
0,6103516 0,3274285 0,2543135
0,6103516 0,3401442 0,2686186
0,6103516 0,3337863 0,255903
0,6103516 0,3560387 0,2702079
0,6103516 0,3019969 0,2384189
0,6103516 0,3337863 0,2574925
0,6103516 0,3337863 0,2543136
0,6103516 0,3528598 0,2638502
0,6103516 0,3369652 0,2574924
0,6103516 0,3083549 0,23524
0,8138021 0,3306074 0,2527241
0,6103516 0,3369653 0,2543136
0,6103516 0,343323 0,2559029
0,6103516 0,4037221 0,2940495
0,6103516 0,3528597 0,267029
0,6103516 0,3496808 0,2590818
0,6103516 0,3242495 0,238419
0,6103516 0,3401442 0,2543136
0,8138021 0,3274284 0,2527241
0,6103516 0,3306074 0,2447768
0,6103516 0,3178917 0,2400084
0,6103516 0,3115338 0,2415978
0,6103516 0,3242495 0,2495452
0,6103516 0,3433231 0,255903
0,6103516 0,3210706 0,2511346
0,6103516 0,3496809 0,2606713
0,4069011 0,3083549 0,2368295
0,8138021 0,346502 0,2638502
0,6103516 0,3274285 0,2495452
0,8138021 0,3115337 0,2400084
0,8138021 0,3496809 0,2654396
0,6103516 0,346502 0,2590819
0,8138021 0,3337863 0,2574925
0,8138021 0,3528598 0,2606713
0,6103516 0,3147127 0,2400084
0,6103516 0,3401442 0,2574925
0,8138021 0,3623964 0,2686185
0,6103516 0,3528597 0,2638502
0,8138021 0,3560387 0,2606713
0,8138021 0,3306074 0,2574924
0,6103516 0,3496808 0,2702079
0,8138021 0,3274285 0,2479557
1,017253 0,3878277 0,2781551
0,6103516 0,3369653 0,2606713
0,6103516 0,3528598 0,2670291
0,8138021 0,3623964 0,2702079
0,8138021 0,3210706 0,2415979
0,8138021 0,3814698 0,2797445
0,6103516 0,3687542 0,2733868
0,6103516 0,3401442 0,2638502
0,8138021 0,3401442 0,2606713
0,6103516 0,3274285 0,255903
0,6103516 0,3496808 0,2654396
0,8138021 0,3337863 0,2511347
0,6103516 0,3655753 0,2797446
0,6103516 0,3751121 0,2829235
0,6103516 0,3210706 0,2527241
0,8138021 0,3242495 0,2590819
1,017253 0,3814699 0,281334
1,017253 0,378291 0,2829235
0,8138021 0,3623965 0,2765657
0,6103516 0,3592175 0,2733868
0,6103516 0,3496809 0,2654397
0,6103516 0,3401442 0,2590819
0,8138021 0,3814698 0,2845129
0,8138021 0,3973643 0,2924601
0,8138021 0,3719331 0,2749762
0,8138021 0,4069011 0,2988178
0,6103516 0,3623965 0,2686185
0,8138021 0,3655753 0,2797446
0,8138021 0,4005432 0,29246
0,6103516 0,3433231 0,2686186
1,017253 0,3560387 0,2765658
0,8138021 0,3560387 0,2717974
0,8138021 0,3623964 0,281334
0,6103516 0,3878276 0,2876917
0,6103516 0,3496809 0,2590818
0,6103516 0,375112 0,2829234
0,6103516 0,3846487 0,2876917
0,6103516 0,3623965 0,2765657
0,6103516 0,3719332 0,2797446
0,8138021 0,3846488 0,2861023
0,6103516 0,3878276 0,2924601
1,017253 0,3687543 0,2797446
0,6103516 0,4132588 0,306765
0,8138021 0,3878277 0,2924601
0,6103516 0,4132588 0,2988177
0,8138021 0,4514056 0,3258382
0,8138021 0,3910066 0,2908707
0,8138021 0,4227956 0,3035861
0,6103516 0,4100799 0,3019966
0,8138021 0,4291533 0,3147122
0,8138021 0,4704791 0,346501
0,8138021 0,4800158 0,3655747
0,8138021 0,4482267 0,3401432
0,8138021 0,4609423 0,3687537
0,8138021 0,4609423 0,3385537
1,017253 0,4990892 0,3782904
1,220703 0,5404153 0,4164376
1,017253 0,5912783 0,4466375
0,8138021 0,5372364 0,4259745
1,017253 0,5880994 0,4625323
1,017253 0,5690258 0,4561745
1,017253 0,6389621 0,4847848
1,220703 0,6580355 0,5133954
1,017253 0,7088979 0,5483631
1,017253 0,747045 0,5753837
1,220703 0,747045 0,5833308
1,627604 0,8233388 0,6532663
1,424154 0,8392333 0,6675715
1,627604 0,9187056 0,7216129
1,831055 0,940958 0,7263812
1,831055 0,9727471 0,7518125
4,882813 1,071294 0,8312861
4,069011 1,147589 0,8869178
2,644857 1,239777 0,9361907
2,848307 1,424153 1,058579
3,66211 1,548131 1,150767
5,493165 1,802444 1,289049
6,103515 2,19345 1,614888
8,74837 2,756119 1,923244
10,98633 3,159841 2,204577
12,20703 3,712972 2,595583
13,63119 4,472732 3,080367
21,15886 6,093978 4,053115
21,36231 6,742477 4,680952
23,8037 8,099874 5,68231
20,14161 9,07898 6,658237
22,58301 10,56989 7,964771
25,22786 12,1053 9,048774
26,85546 14,09213 10,58737
28,88997 15,95497 12,14186
39,67281 18,20882 13,84576
33,56933 19,9 15,79125
31,33137 20,86321 17,43952
31,53481 22,57664 18,09438
36,0107 24,67156 20,0669
44,14877 24,18517 20,02398
39,06249 26,86182 22,00762
47,40395 28,66427 22,87388
62,05244 29,00441 23,34753
44,96256 29,85635 24,22492
48,01432 29,56072 24,36797
51,06611 31,70648 25,39952
57,16968 33,97941 26,95878
47,81084 33,4517 27,82343
55,74547 34,4785 28,08889
66,52842 34,5993 27,61045
59,20417 35,42264 28,28121
75,07341 36,05524 29,46853
59,20412 36,78639 29,91199
63,06975 39,44715 31,41244
54,72823 39,93987 32,90335
66,93529 40,81726 33,32297
63,06972 41,86629 33,94762
70,19055 42,05703 33,88882
76,29418 45,21688 36,95487
73,85266 45,96392 37,18536
74,66652 46,52341 37,8895
76,49757 50,43349 42,35587
80,76994 52,41714 43,62424
87,07691 54,30543 44,80045
102,132 57,61468 47,87765
95,62171 57,25232 47,61698
89,72172 60,57428 48,76141
84,22865 60,3899 49,69123
97,04583 65,19009 52,71122
93,58721 63,32088 52,45211
91,95965 64,37946 54,25616
83,61828 63,70236 52,52525
100,0976 69,11924 57,51136
87,68722 66,49029 56,39082
85,8562 64,35722 54,78228
114,339 70,14919 58,64942
109,6596 70,01569 58,68122
107,4217 72,74002 61,07654
93,18037 68,61697 58,58269
102,3354 70,2859 59,71439
94,80788 71,41444 60,79839
110,4734 70,31768 59,00705
93,99419 73,60152 61,75525
112,5079 76,39262 62,59925
99,28387 75,46758 64,4971
115,7631 76,47525 63,78339
116,5769 79,25364 66,89716
99,28378 76,01753 64,96597
112,9148 82,53426 68,59151
104,5734 79,96254 66,7557
115,3562 81,66005 68,01453
100,301 78,44304 67,29138
112,9149 82,24182 70,58153
123,6975 82,80446 70,03474
102,9458 81,40257 69,73911
118,6113 84,88667 72,39354
132,6492 83,79629 71,73231
111,0837 87,15001 75,78223
115,7631 86,20589 74,41051
120,2389 88,3421 75,14645
130,0044 87,8621 75,82832
108,0321 88,76171 75,56922
125,9354 89,6486 76,94567
112,9148 90,15724 77,26996
128,9872 92,12816 78,35236
132,2422 95,218 81,89519
127,1562 92,96418 80,06259
125,3252 94,2389 82,19405
123,4941 95,39287 81,37386
134,6837 94,51866 82,02717
132,8526 100,1262 87,17062
127,7664 97,31288 83,74373
130,8183 99,67478 85,76553
144,6526 100,2056 86,62544
124,3079 98,57489 84,79758
123,9009 101,5598 87,13248
127,563 102,5739 88,80613
139,9733 105,2346 88,78226
130,0045 104,2969 89,24006
141,194 108,8013 95,05107
142,6182 107,9748 94,14824
143,8388 107,7269 91,1871
143,4319 108,6996 94,22611
135,294 109,3322 96,02537
139,1595 107,9558 95,14644
158,894 108,0956 93,90349
150,3492 109,4466 94,72202
173,5429 111,4748 95,44205
140,7872 110,2732 94,87782
129,3941 109,6628 95,93159
147,5008 112,7018 96,3019
137,7354 111,6655 97,03625
137,9388 112,6827 95,66296
138,7525 114,6949 99,63657
155,8422 110,6673 96,28286
143,6353 112,7209 97,59257
136,1078 110,9661 98,21882
166,6254 115,5723 101,3055
151,3663 112,2726 101,0321
141,3974 116,6817 102,2687
147,9077 115,7758 102,3704
