0,6103516 0,298818 0,2272927
0,4069011 0,2861023 0,2161664
0,6103516 0,2797444 0,2145769
0,6103516 0,3115338 0,23524
0,8138021 0,3147127 0,2384189
0,6103516 0,2829233 0,2145769
0,6103516 0,3147127 0,23524
0,8138021 0,3083548 0,2368294
0,6103516 0,3051759 0,2272927
0,6103516 0,2924602 0,2272927
0,6103516 0,2956391 0,2129875
0,6103516 0,3115338 0,2320611
0,6103516 0,3019969 0,2177559
0,6103516 0,2956391 0,2336505
0,6103516 0,3019969 0,2225243
0,6103516 0,3083549 0,2193454
0,6103516 0,3083549 0,2241138
0,8138021 0,2892812 0,2098085
0,4069011 0,254313 0,2034507
0,8138021 0,2638497 0,2002717
0,4069011 0,2892812 0,2145769
0,4069011 0,2861023 0,2129875
1,220703 0,3083548 0,2209348
0,6103516 0,3051759 0,23524
0,6103516 0,2956391 0,2161664
0,6103516 0,298818 0,2257032
0,8138021 0,2924601 0,2193453
0,6103516 0,2892812 0,2272926
0,6103516 0,2861023 0,2129875
0,6103516 0,2733865 0,1939139
0,6103516 0,2924601 0,2193453
0,6103516 0,2892812 0,2257032
0,8138021 0,2861023 0,2066296
0,6103516 0,298818 0,2304716
0,8138021 0,2924601 0,2272926
0,6103516 0,301997 0,2225243
0,6103516 0,2733865 0,2066296
0,6103516 0,2861022 0,2209348
0,6103516 0,298818 0,2161664
0,6103516 0,3115338 0,2336505
0,8138021 0,2924601 0,2129875
0,6103516 0,2988181 0,2225243
0,6103516 0,3147127 0,2320611
0,6103516 0,2892812 0,2193453
0,6103516 0,2797444 0,2209348
0,6103516 0,2861023 0,2177559
0,6103516 0,2988181 0,2288821
0,6103516 0,2797444 0,2129875
0,6103516 0,2956391 0,214577
0,6103516 0,301997 0,2336505
0,6103516 0,2924601 0,2193453
0,8138021 0,2829233 0,211398
0,8138021 0,2638497 0,2018612
0,6103516 0,3019969 0,23524
0,8138021 0,2829233 0,2161664
0,6103516 0,2924601 0,2241137
0,6103516 0,2956391 0,2241137
0,6103516 0,2892812 0,2272926
0,6103516 0,2765655 0,2209348
0,6103516 0,2892812 0,2209348
0,6103516 0,2797444 0,2066296
0,6103516 0,2892812 0,2177559
0,6103516 0,301997 0,2241137
0,6103516 0,3051759 0,2161664
0,6103516 0,2829233 0,211398
0,6103516 0,3274285 0,2431874
0,6103516 0,3147127 0,2384189
0,6103516 0,2765655 0,2193453
0,6103516 0,298818 0,2272927
0,8138021 0,2924601 0,211398
0,6103516 0,3051759 0,2257032
0,6103516 0,2924601 0,2225243
0,6103516 0,2892812 0,2098086
0,6103516 0,298818 0,2225243
0,6103516 0,301997 0,214577
0,8138021 0,3051759 0,2161664
0,6103516 0,3433231 0,2431873
0,6103516 0,3274284 0,2384189
0,6103516 0,298818 0,2193453
0,6103516 0,2924602 0,2272927
0,6103516 0,2638497 0,2098085
0,6103516 0,2606708 0,2034507
0,6103516 0,3115338 0,23524
0,6103516 0,3210706 0,2336506
0,6103516 0,3147127 0,2177559
0,6103516 0,3178917 0,2447768
0,6103516 0,3115338 0,2320611
0,6103516 0,2829233 0,2082191
0,6103516 0,2892812 0,2257032
0,8138021 0,3147127 0,2288822
0,6103516 0,2988181 0,2209348
0,6103516 0,3051759 0,2288821
0,6103516 0,3083549 0,2288821
0,6103516 0,2733865 0,2098085
0,6103516 0,298818 0,2241137
0,6103516 0,2765655 0,2082191
0,6103516 0,2670287 0,2066296
0,4069011 0,2956391 0,2241137
0,6103516 0,2733865 0,2050401
0,6103516 0,298818 0,2272927
0,6103516 0,3178917 0,2400084
0,6103516 0,298818 0,2257032
0,8138021 0,298818 0,2225243
0,4069011 0,2829233 0,2177559
0,6103516 0,301997 0,2288821
0,6103516 0,298818 0,2288821
0,6103516 0,3083549 0,2336505
0,6103516 0,3210706 0,2463663
0,8138021 0,3115337 0,2320611
1,017253 0,2797444 0,2161664
0,6103516 0,301997 0,2225243
0,6103516 0,3051759 0,2288821
0,6103516 0,3306074 0,2415979
0,6103516 0,3115338 0,2415978
0,6103516 0,301997 0,2336505
0,6103516 0,2670287 0,2050401
0,4069011 0,301997 0,2400084
0,6103516 0,2956391 0,2177559
0,6103516 0,3147127 0,2400084
0,6103516 0,298818 0,2272927
0,4069011 0,2924602 0,2225243
0,6103516 0,298818 0,2272927
0,6103516 0,2924601 0,2193453
0,6103516 0,2765655 0,2225242
0,6103516 0,298818 0,23524
0,8138021 0,3178917 0,2304716
0,6103516 0,2924601 0,2272926
0,6103516 0,301997 0,2400084
0,6103516 0,3115338 0,2447768
0,8138021 0,3019969 0,23524
0,6103516 0,3178917 0,2400084
0,6103516 0,3337863 0,2463663
0,6103516 0,3051759 0,2320611
0,6103516 0,298818 0,2304716
0,6103516 0,3115338 0,2415978
0,6103516 0,298818 0,2288821
0,6103516 0,3083549 0,2400084
0,8138021 0,3369653 0,2543136
0,6103516 0,2797444 0,2161664
0,6103516 0,3369653 0,255903
0,6103516 0,3306074 0,238419
0,8138021 0,3242495 0,2463663
0,8138021 0,3147127 0,2400084
0,6103516 0,2861023 0,2193453
0,6103516 0,3401442 0,255903
0,6103516 0,3592175 0,2686185
0,6103516 0,298818 0,2257032
0,6103516 0,2956391 0,23524
0,8138021 0,3369653 0,2495452
0,6103516 0,3210706 0,2463663
0,8138021 0,3369653 0,2574925
0,6103516 0,3147127 0,2447768
0,6103516 0,3210706 0,2431873
0,6103516 0,3369653 0,2479557
0,6103516 0,3465019 0,2654396
0,8138021 0,3369653 0,2527241
0,6103516 0,343323 0,2606713
0,6103516 0,3496808 0,2622607
0,8138021 0,3051759 0,2272927
0,6103516 0,3496809 0,2543135
0,8138021 0,3433231 0,2654397
0,6103516 0,3369652 0,2590819
0,6103516 0,3115337 0,2336505
0,8138021 0,3178917 0,2479557
0,6103516 0,3306074 0,2431873
0,8138021 0,3115338 0,2463662
0,6103516 0,3401442 0,2495452
0,8138021 0,3274285 0,2511346
0,6103516 0,3210706 0,2431873
0,6103516 0,3337863 0,2495452
0,6103516 0,3369653 0,2606713
0,8138021 0,3401442 0,2606713
0,8138021 0,3751121 0,2781551
0,6103516 0,3178917 0,2495452
0,6103516 0,3115338 0,2447768
0,6103516 0,3496809 0,2638502
0,6103516 0,3337863 0,2527241
1,017253 0,3719332 0,2829235
0,8138021 0,3846488 0,2845129
0,8138021 0,3687542 0,2765657
0,8138021 0,3592176 0,2733868
0,8138021 0,378291 0,2797446
0,8138021 0,4005432 0,2908706
1,017253 0,3751121 0,281334
0,6103516 0,3401442 0,2717975
0,6103516 0,3687542 0,2781551
0,8138021 0,3846488 0,2861023
0,6103516 0,3814698 0,2702079
0,6103516 0,3528597 0,2638502
0,8138021 0,3910065 0,2892812
0,6103516 0,3306074 0,2654397
0,8138021 0,4005432 0,3004073
0,6103516 0,4005432 0,2988178
0,6103516 0,4196167 0,2972283
0,8138021 0,4005433 0,3004073
1,017253 0,4482267 0,3226593
0,8138021 0,3878276 0,2861023
0,8138021 0,4164377 0,3083544
0,8138021 0,4291533 0,3115333
1,017253 0,4482267 0,3242488
1,017253 0,4831947 0,3496799
1,017253 0,4831946 0,3560378
1,017253 0,5245206 0,3957745
0,8138021 0,4831947 0,3608063
1,017253 0,5404153 0,4212061
1,627604 0,6103519 0,4545849
1,424154 0,6357832 0,4800164
1,424154 0,6834669 0,5149848
1,424154 0,6548566 0,495911
3,66211 0,8106233 0,5960464
1,831055 0,7979077 0,5849205
2,237956 0,7979078 0,5690262
2,644857 0,9473159 0,6898234
2,644857 1,036326 0,7502232
3,86556 1,08401 0,7629389
2,848307 1,188915 0,8440021
3,051758 1,500447 1,010894
3,255208 1,392364 0,9695688
3,458659 1,49091 1,044274
3,458659 1,573562 1,118978
4,882813 1,773834 1,236597
5,900064 1,96139 1,306533
6,103516 2,129872 1,447995
8,341471 2,450944 1,67052
9,155272 2,514522 1,764298
8,95182 2,784728 1,862843
9,155272 3,061294 2,015431
10,37598 3,395081 2,266567
12,20703 3,986358 2,601942
14,03809 4,657109 2,983412
14,24154 5,5027 3,666878
13,63119 6,103515 4,345574
16,8864 7,190705 5,230904
16,68295 8,068084 6,033578
20,34506 9,167989 6,93798
32,75549 11,21521 8,08875
37,84174 14,27968 10,01517
45,97981 16,99129 11,52515
63,47669 23,29508 15,50197
64,4939 31,32184 20,84731
76,09071 38,99575 27,81869
73,44584 45,5602 34,31479
83,41487 51,15195 37,8752
85,65279 60,05614 44,66855
97,24929 69,86315 55,65173
88,09416 72,99121 60,81432
104,1665 75,52161 63,75481
101,9286 77,52117 66,39969
113,932 79,65105 67,63792
128,7836 81,75545 68,96825
122,4768 80,00389 67,62833
107,4217 82,39126 69,00006
123,6975 85,91661 70,4178
109,8631 85,17277 72,37605
126,7492 88,34846 77,10943
115,1527 85,8308 73,4696
119,2216 87,99242 74,92392
122,6802 91,006 76,58174
128,1733 93,74299 77,2397
128,9871 93,22488 81,26268
111,8975 89,34659 74,20864
121,663 93,18673 80,8399
129,1905 96,44502 82,98403
122,0699 96,20979 85,33804
130,2078 98,25382 82,92362
125,5285 101,2928 86,80505
130,2078 102,4563 87,06412
128,5802 102,7519 85,54143
129,5974 101,5821 89,89494
130,2078 105,2219 91,12677
130,2078 107,1165 89,79793
129,5974 103,6357 88,38174
130,2078 106,7891 89,75337
130,2078 108,6995 96,05878
130,2078 108,8585 92,42687
130,2078 110,2445 93,43616
130,2078 108,0161 91,33014
130,2078 112,3775 97,78806
130,2078 114,8856 98,28552
130,2078 114,2689 97,02668
130,2078 113,7254 96,62296
130,2078 112,0787 95,22588
130,2078 115,9664 100,4599
130,2078 112,4347 95,07962
130,2078 117,8833 101,35
130,2078 117,5114 101,9619
130,2078 118,1821 100,5902
130,2078 116,9392 102,3084
130,2078 116,3988 101,1132
130,2078 118,8115 100,1658
130,2078 119,8479 104,3317
130,2078 120,1975 103,1222
130,2078 117,5336 97,85474
130,2078 120,1816 103,3701
130,2078 119,1453 101,706
130,2078 121,0717 101,1258
130,2078 121,1925 102,2289
130,2078 121,787 105,2361
130,2078 122,4959 106,212
130,2078 123,6339 105,0136
130,2078 121,8728 102,1304
130,2078 121,5454 105,0041
130,2078 121,1575 98,45557
130,2078 122,0349 105,0025
130,2078 123,0363 103,882
130,2078 121,3292 103,9646
130,2078 124,3968 107,8603
130,2078 120,5472 100,8429
130,2078 123,7356 107,2277
130,2078 123,6466 110,1332
130,2078 123,4018 103,3049
130,2078 122,8646 106,4918
130,2078 123,7038 105,643
130,2078 124,028 104,1854
130,2078 121,841 99,87177
130,2078 124,0694 106,15
130,2078 122,8169 104,1871
130,2078 120,4073 101,5089
130,2078 124,311 106,2391
130,2078 124,5748 103,9454
130,2078 124,0344 105,5174
130,2078 123,8151 105,26
130,2078 124,009 107,1864
130,2078 124,6161 106,6189
130,2078 125,1883 105,2885
130,2078 125,5952 110,4685
130,2078 124,7592 107,3723
130,2078 124,1743 104,0122
130,2078 124,3809 103,0331
130,2078 124,2505 106,0181
130,2078 125,2487 106,247
130,2078 122,8137 104,524
130,2078 125,0739 107,4629
130,2078 123,5163 105,3839
130,2078 125,414 110,1793
130,2078 124,9785 106,7063
130,2078 124,9404 105,8003
130,2078 125,4744 106,6841
130,2078 124,4572 104,2491
130,2078 124,6066 106,1246
