0,6103516 0,2861023 0,2082191
0,6103516 0,3274285 0,2431874
0,6103516 0,3337863 0,2431874
0,6103516 0,2956391 0,211398
0,6103516 0,2861023 0,2145769
0,8138021 0,3401442 0,2447768
0,6103516 0,3115338 0,2336505
0,6103516 0,2861023 0,2145769
0,6103516 0,3210706 0,2384189
0,6103516 0,3051759 0,2257032
0,8138021 0,3019969 0,2177559
0,6103516 0,3115338 0,2161665
0,6103516 0,2797444 0,2209348
0,6103516 0,2702076 0,2098085
0,6103516 0,2797444 0,2066296
0,6103516 0,343323 0,2463662
0,6103516 0,301997 0,2336505
0,6103516 0,2861023 0,2177559
0,6103516 0,3083549 0,2304716
1,017253 0,2924601 0,2209348
0,6103516 0,2829233 0,2209348
0,6103516 0,2765655 0,2129875
0,6103516 0,3147127 0,23524
0,8138021 0,3115338 0,2400084
0,8138021 0,3051759 0,2431873
0,8138021 0,3242495 0,2368295
0,6103516 0,2892812 0,2209348
0,8138021 0,3210706 0,2479557
0,6103516 0,2956391 0,2288821
0,6103516 0,2638497 0,2066296
0,8138021 0,3274285 0,2463663
0,8138021 0,3083548 0,2288821
0,6103516 0,298818 0,2304716
0,6103516 0,2924602 0,232061
0,6103516 0,2956391 0,2050402
0,6103516 0,3274285 0,2431874
0,6103516 0,3115338 0,2288821
0,6103516 0,2892812 0,2193453
0,6103516 0,2988181 0,2272927
0,6103516 0,2924601 0,2241137
0,6103516 0,2892812 0,2082191
0,8138021 0,2924601 0,2129875
0,6103516 0,2638497 0,2145769
0,6103516 0,2892812 0,2241137
0,6103516 0,2892812 0,2161664
0,4069011 0,254313 0,190735
0,8138021 0,298818 0,2209348
0,6103516 0,2829233 0,2161664
0,6103516 0,2861023 0,2161664
0,6103516 0,3147127 0,2336506
0,6103516 0,3083548 0,2320611
0,6103516 0,3210706 0,23524
0,6103516 0,3051759 0,2288821
0,4069011 0,301997 0,2368294
0,6103516 0,3433231 0,2574924
0,6103516 0,2829233 0,2209348
0,6103516 0,2861023 0,2161664
0,6103516 0,3083549 0,2336505
0,8138021 0,2924601 0,2257032
0,6103516 0,3083549 0,2304716
0,6103516 0,3242495 0,2463662
0,6103516 0,2765655 0,2082191
0,6103516 0,3274284 0,2479557
0,8138021 0,3210706 0,2384189
0,4069011 0,3178917 0,2431873
0,6103516 0,3369652 0,2543135
0,6103516 0,301997 0,2257032
0,6103516 0,3115338 0,2384189
0,6103516 0,3242495 0,2400084
0,6103516 0,3115338 0,2320611
0,8138021 0,3274284 0,2368295
0,6103516 0,3274284 0,2384189
0,6103516 0,3178917 0,2272927
0,8138021 0,2924601 0,2257032
0,6103516 0,3083548 0,23524
0,8138021 0,3306074 0,2495452
0,6103516 0,301997 0,2400084
0,6103516 0,298818 0,2400084
0,6103516 0,3242495 0,2463663
0,8138021 0,3369653 0,2543136
0,6103516 0,3178917 0,2384189
0,6103516 0,2956391 0,2368294
0,4069011 0,3083549 0,2415978
0,6103516 0,301997 0,2384189
0,6103516 0,3147127 0,2336506
0,6103516 0,3051759 0,2384189
0,8138021 0,378291 0,2702079
0,8138021 0,3210706 0,2384189
0,6103516 0,3242495 0,23524
0,6103516 0,2797444 0,2352399
0,6103516 0,2861023 0,2225242
0,6103516 0,3115338 0,2368295
0,8138021 0,3528597 0,2590818
0,6103516 0,3274285 0,2415979
0,8138021 0,3274284 0,2479557
0,6103516 0,3083548 0,23524
1,017253 0,3623965 0,2622607
0,6103516 0,2924601 0,2257032
1,017253 0,3306074 0,2415979
0,6103516 0,3178917 0,2463662
1,017253 0,3306074 0,2463662
0,6103516 0,301997 0,2320611
0,8138021 0,3051759 0,2288821
0,8138021 0,3083549 0,2479557
0,8138021 0,3051759 0,2384189
0,6103516 0,3051759 0,2368294
0,6103516 0,301997 0,2288821
0,6103516 0,2765655 0,2193453
0,6103516 0,3147127 0,2415978
0,6103516 0,3242495 0,2463663
0,6103516 0,3274285 0,2447768
0,8138021 0,3655754 0,2733868
0,6103516 0,2829233 0,2177559
0,8138021 0,3147127 0,2368295
0,6103516 0,3147127 0,2447768
0,8138021 0,3115338 0,2463662
0,6103516 0,3147127 0,2479557
0,6103516 0,298818 0,2304716
0,6103516 0,3242495 0,2495452
0,6103516 0,3178917 0,23524
1,017253 0,3306074 0,2511347
0,6103516 0,3655753 0,2622606
0,6103516 0,3051759 0,2400084
0,4069011 0,2797444 0,2352399
0,6103516 0,3115338 0,2431873
0,8138021 0,3274285 0,2479557
0,8138021 0,3178917 0,2400084
0,6103516 0,3115338 0,2368295
0,6103516 0,3210706 0,2479557
0,6103516 0,3083549 0,2272927
0,8138021 0,3019969 0,2288821
0,6103516 0,298818 0,2336505
0,6103516 0,3274285 0,255903
0,6103516 0,3178917 0,2463662
0,6103516 0,3623964 0,2717973
0,6103516 0,3178917 0,2479557
0,6103516 0,3274284 0,2543135
0,6103516 0,3433231 0,2574924
0,6103516 0,3115338 0,2431873
0,6103516 0,3178916 0,2447768
0,8138021 0,3433231 0,2654397
0,6103516 0,3306074 0,2543136
0,8138021 0,3242495 0,2415979
0,6103516 0,3751121 0,281334
0,6103516 0,3115338 0,2463662
0,6103516 0,3147127 0,2543135
0,8138021 0,3751121 0,2781551
0,6103516 0,3592175 0,2717973
0,8138021 0,3782909 0,2797445
0,6103516 0,3528597 0,2686185
0,8138021 0,3623964 0,2733868
0,6103516 0,3719332 0,2781551
0,6103516 0,3433231 0,2670291
0,6103516 0,3592175 0,2717974
0,6103516 0,3465019 0,270208
0,8138021 0,3687542 0,281334
0,6103516 0,3528598 0,2654396
0,6103516 0,3623964 0,2686185
0,8138021 0,41008 0,2956389
0,6103516 0,378291 0,2829234
0,8138021 0,3814698 0,2861023
0,8138021 0,3592176 0,2765657
0,8138021 0,3814699 0,2829234
0,6103516 0,3687543 0,2702079
0,6103516 0,3623964 0,2733868
0,8138021 0,4005432 0,2972284
0,8138021 0,3623964 0,2797446
0,8138021 0,3623965 0,2797446
0,8138021 0,4164377 0,3004072
0,8138021 0,3814698 0,2829234
0,6103516 0,3846487 0,2845128
0,6103516 0,3910065 0,29246
0,8138021 0,375112 0,2829234
0,6103516 0,3814698 0,2861023
0,8138021 0,4132588 0,3004072
0,6103516 0,3910065 0,2924601
0,6103516 0,4132589 0,306765
0,8138021 0,4514056 0,3274277
0,6103516 0,3973643 0,29246
0,8138021 0,4545845 0,3290171
0,8138021 0,43869 0,3163016
0,8138021 0,4577634 0,3337854
0,8138021 0,4577634 0,34968
0,8138021 0,4736579 0,3496799
0,8138021 0,470479 0,3623958
1,017253 0,4895525 0,3639852
1,220703 0,4768369 0,3592168
0,8138021 0,470479 0,3655747
0,8138021 0,4577634 0,352859
0,8138021 0,4800158 0,3751115
0,8138021 0,4990892 0,3862377
1,017253 0,4831947 0,3592167
0,8138021 0,5563101 0,4227956
1,017253 0,5308785 0,4196167
1,017253 0,5372364 0,4164377
1,220703 0,5149838 0,4148482
1,017253 0,5022681 0,397364
0,8138021 0,5340574 0,4291535
1,220703 0,5372364 0,4291535
1,017253 0,5658468 0,4386903
1,017253 0,5944573 0,4736587
0,8138021 0,6071729 0,4736586
1,424154 0,6262464 0,4847848
1,220703 0,6294253 0,4879638
1,017253 0,6103519 0,481606
1,017253 0,6580353 0,5181637
1,017253 0,6675721 0,5165743
1,220703 0,6739299 0,5197533
1,424154 0,7279715 0,5483633
1,220703 0,7247925 0,5642575
1,220703 0,7216136 0,5706152
1,220703 0,705719 0,551542
1,424154 0,7247925 0,5785623
1,220703 0,7756553 0,6087618
1,831055 0,7851921 0,594457
2,034505 0,8678434 0,6469082
1,831055 0,8900957 0,6675712
2,237956 1,004536 0,7390969
2,034505 1,150768 0,8376443
2,848307 1,271565 0,9902316
2,644857 1,564026 1,220703
2,848307 1,688004 1,331966
3,86556 1,796086 1,459122
3,051758 1,9296 1,589456
3,66211 2,075831 1,686414
3,662109 2,1712 1,775424
3,458659 2,263388 1,867612
3,86556 2,298355 1,842182
3,66211 2,371469 1,964569
3,662109 2,485909 2,0202
4,069011 2,470015 2,005894
3,86556 2,663932 2,187094
5,493164 2,673468 2,177558
4,069011 2,721152 2,210936
4,06901 2,663932 2,212525
5,696614 2,819698 2,317428
4,069011 2,98182 2,423921
4,679362 3,086726 2,503395
4,475911 3,10262 2,573332
5,493164 3,204345 2,589226
5,696614 3,217062 2,714792
4,882813 3,33786 2,708435
5,696614 3,579457 2,859433
5,086263 3,760656 3,070831
6,306965 4,097621 3,25362
6,306966 4,542669 3,671647
7,120768 4,77473 3,841719
7,324218 4,933674 3,995895
7,527669 5,187989 4,342398
7,527668 5,0958 4,253387
7,934568 5,38826 4,428227
8,138021 5,489984 4,568099
10,37598 5,871456 4,722279
11,39323 6,535848 5,264283
13,42774 7,095337 5,620321
14,03809 7,518133 5,938212
12,41048 7,998149 6,365777
13,42773 9,492239 7,570584
15,46224 9,953183 7,974308
15,46224 10,61122 8,672077
16,47949 11,37415 9,117124
17,90365 12,37551 9,926165
21,56576 13,15117 10,7336
20,34505 13,93954 11,29945
18,71745 13,89503 11,41866
22,78645 14,54035 12,36121
21,56575 15,15071 12,59327
24,21062 15,06488 12,66321
20,75196 14,97587 12,39141
25,63477 15,69748 13,16229
23,39681 16,20928 13,68999
23,39681 16,49539 13,94431
25,43132 16,46996 13,76788
24,61751 17,58257 14,76129
26,85547 18,03398 14,9266
24,61751 19,27694 15,87709
30,51757 20,5326 17,03898
32,34862 21,14614 17,57304
31,12793 23,0662 19,42317
30,31413 24,05484 20,49764
32,95897 24,26147 20,9872
31,94172 24,573 20,78693
34,38313 24,71288 20,98243
33,16243 24,67156 20,78533
32,55208 24,66201 21,31939
31,73827 25,42813 21,55145
37,84179 26,41042 22,21425
33,16242 25,85728 21,75489
37,63833 25,72377 21,82166
35,40039 27,53258 23,51601
35,40036 27,37045 23,6702
42,92803 28,63883 24,29008
36,01074 27,5294 23,79099
37,43488 28,46082 24,44108
40,48664 29,53528 24,79553
42,52114 28,90268 25,12613
41,30045 28,6293 24,61751
37,23143 29,22693 25,00057
40,6901 30,47307 26,11478
47,20052 30,73374 26,53598
41,70735 30,7242 26,53917
39,26594 30,44128 26,32459
40,48663 31,25826 27,18131
53,91442 32,21193 27,48012
37,02798 31,80503 28,18584
46,18328 32,63791 28,3734
40,69009 31,83682 27,69152
40,89354 32,7746 28,30664
49,0316 33,08296 28,57367
49,64193 33,70284 29,28415
42,92806 32,90175 28,9758
44,55566 33,08614 29,3541
45,16601 34,12882 29,40018
46,18327 34,0557 29,49397
43,94531 34,42128 30,02643
45,77637 33,75371 29,72285
45,97984 33,9667 29,50986
42,72461 33,66787 29,81344
44,14877 34,32591 30,03757
45,77636 35,41309 30,96739
41,30045 33,8904 30,05187
53,91442 34,85679 29,97239
41,70736 34,56433 30,43493
46,38671 35,91219 31,84
43,74185 34,81546 30,40154
45,9798 35,67695 31,46648
45,5729 34,63109 31,11839
44,35221 35,95353 31,43311
45,77638 34,96806 30,9054
46,1833 35,0507 31,11521
60,01791 36,21101 31,449
48,21781 36,30002 32,01485
51,67645 36,75778 31,26144
52,89717 37,38085 32,3979
87,68724 37,69239 32,21352
72,42847 42,04433 35,32887
63,06969 42,96304 35,82796
78,73547 49,43213 39,65219
78,93896 52,87807 43,38266
84,22859 54,41032 45,82406
81,99067 55,19234 47,20053
77,51477 54,27999 45,85427
86,66998 55,37673 46,35654
108,2356 55,97435 47,19416
82,60104 54,81722 46,6013
99,4873 56,80406 46,79205
80,97335 55,03339 46,44554
85,85632 56,45757 48,27661
79,54928 55,19553 47,17353
69,3767 55,09698 48,02068
70,39391 54,41985 46,94463
111,8975 57,46843 49,85651
89,72186 59,52205 49,85493
82,19406 56,95029 48,05567
88,70454 58,62875 49,64036
80,77 57,4017 47,77753
82,60097 59,79861 51,18531
80,77011 57,84992 50,06792
106,608 58,23774 49,87558
97,04601 62,0175 52,64604
79,34577 58,74001 50,42554
101,5218 63,30177 53,1197
89,51825 62,66918 52,95122
87,89072 61,85536 52,84472
97,45276 64,7832 55,01433
101,5217 65,46982 54,71551
83,61829 67,17055 57,20302
96,02854 64,37943 55,33381
98,2666 64,90716 55,97594
92,5701 65,58427 55,16533
98,47007 68,22594 57,38739
92,97699 68,67734 58,02954
104,9803 67,31995 56,79453
120,8493 68,98569 57,94052
103,7598 70,11104 58,66533
119,4252 69,61194 59,05791
89,51834 66,76364 57,2952
124,9183 69,26541 58,17574
102,3354 70,08878 59,39964
95,41823 69,42123 59,38853
107,4217 70,29859 59,81926
98,46999 69,89805 58,20437
93,18036 69,86625 59,495
91,14583 69,97755 60,16737
92,16303 68,22276 58,29815
89,31482 69,46574 59,23437
