0,1220703 0,003814697 0,001907349
0,2441406 0,009536744 0,004768372
0,1220703 0,01144409 0,005722046
0,1220703 0,003814697 0,001907349
0,1220703 0,007629395 0,003814697
0,1220703 0,005722046 0,002861023
0,1220703 0,007629395 0,003814697
0,4882813 0,01335144 0,006675721
0,1220703 0,007629395 0,003814697
0,1220703 0,005722046 0,002861023
0,1220703 0,005722046 0,002861023
0 0 0
0,3662109 0,01144409 0,005722046
0,1220703 0,005722046 0,002861023
0,2441406 0,01335144 0,006675721
0,1220703 0,005722046 0,002861023
0,1220703 0,003814697 0,001907349
0,2441406 0,005722046 0,002861023
0,1220703 0,007629395 0,003814697
0,3662109 0,007629395 0,003814697
0,1220703 0,003814697 0,001907349
0,1220703 0,007629395 0,003814697
0,1220703 0,003814697 0,001907349
0,1220703 0,003814697 0,001907349
0,2441406 0,01144409 0,005722046
0,1220703 0,007629395 0,003814697
0,2441406 0,003814697 0,001907349
0,2441406 0,009536744 0,004768372
0,2441406 0,007629395 0,003814697
0,1220703 0,001907349 0,0009536744
0,2441406 0,009536744 0,004768372
0,1220703 0,003814697 0,001907349
0,2441406 0,009536744 0,004768372
0,1220703 0,005722046 0,002861023
0,1220703 0,005722046 0,002861023
0,1220703 0,003814697 0,001907349
0,2441406 0,01335144 0,006675721
0,1220703 0,005722046 0,002861023
0,2441406 0,01907349 0,009536744
0,2441406 0,005722046 0,002861023
0,1220703 0,005722046 0,002861023
0,3662109 0,01716614 0,008583069
0,2441406 0,01907349 0,009536744
0,2441406 0,01716614 0,00858307
0,3662109 0,01907349 0,009536743
0,2441406 0,02288819 0,01144409
0,2441406 0,01716614 0,00858307
0,1220703 0,001907349 0,0009536744
0,2441406 0,009536744 0,004768372
0,1220703 0,009536744 0,004768372
0,2441406 0,01144409 0,005722046
0,3662109 0,01525879 0,007629395
0,2441406 0,01335144 0,006675721
0,2441406 0,009536744 0,004768372
0,2441406 0,009536744 0,004768372
0,3662109 0,02098083 0,01049042
0,3662109 0,009536743 0,004768372
0,2441406 0,01907349 0,009536744
0,2441406 0,01335144 0,006675721
0,3662109 0,005722046 0,002861023
0,2441406 0,005722046 0,002861023
0,2441406 0,009536744 0,004768372
0,2441406 0,01335144 0,006675721
0,1220703 0,005722046 0,002861023
0,2441406 0,01525879 0,007629395
0,3662109 0,007629395 0,003814697
0,1220703 0,009536744 0,004768372
0,2441406 0,01335144 0,006675721
0,1220703 0,009536744 0,004768372
0,4882813 0,01335144 0,006675721
0,2441406 0,01144409 0,005722046
0,2441406 0,009536744 0,004768372
0,2441406 0,01335144 0,006675721
0,1220703 0,007629395 0,003814697
0,1220703 0,003814697 0,001907349
0,2441406 0,01525879 0,007629395
0,2441406 0,009536744 0,004768372
0,2441406 0,01335144 0,006675721
0,1220703 0,01144409 0,005722046
0,2441406 0,01716614 0,00858307
0,2441406 0,01335144 0,006675721
0,2441406 0,01335144 0,006675721
0,2441406 0,01335144 0,006675721
0,2441406 0,01525879 0,007629395
0,3662109 0,01907349 0,009536743
0,2441406 0,01525879 0,007629395
0,2441406 0,005722046 0,002861023
0,1220703 0,001907349 0,0009536744
0,1220703 0,01144409 0,005722046
0,3662109 0,01907349 0,009536743
0 0 0
0,2441406 0,01716614 0,00858307
0,3662109 0,01907349 0,009536743
0,2441406 0,01144409 0,005722046
0,2441406 0,01335144 0,006675721
0,1220703 0,003814697 0,001907349
0,1220703 0,005722046 0,002861023
0,1220703 0,009536744 0,004768372
0,1220703 0,009536744 0,004768372
0,3662109 0,01335144 0,00667572
0,2441406 0,01716614 0,00858307
0,2441406 0,009536744 0,004768372
0,3662109 0,01716614 0,008583069
0,1220703 0,009536744 0,004768372
0,3662109 0,007629395 0,003814697
0,2441406 0,005722046 0,002861023
0,3662109 0,01716614 0,008583069
0,3662109 0,01716614 0,008583069
0,2441406 0,02288819 0,01144409
0,1220703 0,005722046 0,002861023
0,2441406 0,009536744 0,004768372
0,2441406 0,01144409 0,005722046
0,2441406 0,01525879 0,007629395
0,2441406 0,01525879 0,007629395
0,2441406 0,01144409 0,005722046
0,1220703 0,003814697 0,001907349
0,3662109 0,01525879 0,007629395
0,3662109 0,01144409 0,005722046
0,2441406 0,01335144 0,006675721
0 0 0
0,1220703 0,001907349 0,0009536744
0,2441406 0,009536744 0,004768372
0,1220703 0,005722046 0,002861023
0,3662109 0,01144409 0,005722046
0,1220703 0,009536744 0,004768372
0,1220703 0,003814697 0,001907349
0,1220703 0,007629395 0,003814697
0,2441406 0,009536744 0,004768372
0,1220703 0,005722046 0,002861023
0,2441406 0,007629395 0,003814697
0,2441406 0,009536744 0,004768372
0,1220703 0,001907349 0,0009536744
0,2441406 0,01335144 0,006675721
0,1220703 0,01335144 0,006675721
0,1220703 0,005722046 0,002861023
0,2441406 0,01335144 0,006675721
0,1220703 0,01335144 0,006675721
0,3662109 0,01335144 0,00667572
0,3662109 0,01335144 0,00667572
0,1220703 0,01144409 0,005722046
0,1220703 0,005722046 0,002861023
0,2441406 0,007629395 0,003814697
0,1220703 0,01335144 0,006675721
0,3662109 0,01525879 0,007629395
0,2441406 0,009536744 0,004768372
0,2441406 0,009536744 0,004768372
0,1220703 0,01525879 0,007629395
0,1220703 0,01335144 0,006675721
0,1220703 0,005722046 0,002861023
0,2441406 0,01716614 0,00858307
0,1220703 0,007629395 0,003814697
0,2441406 0,02098084 0,01049042
0,1220703 0,005722046 0,002861023
0,2441406 0,009536744 0,004768372
0,3662109 0,01716614 0,008583069
0,1220703 0,003814697 0,001907349
0,2441406 0,009536744 0,004768372
0,1220703 0,005722046 0,002861023
0,1220703 0,009536744 0,004768372
0,2441406 0,01335144 0,006675721
0,3662109 0,02479553 0,01239777
0,1220703 0,007629395 0,003814697
0,1220703 0,005722046 0,002861023
0,1220703 0,005722046 0,002861023
0,1220703 0,01144409 0,005722046
0,2441406 0,007629395 0,003814697
0,1220703 0,003814697 0,001907349
0,2441406 0,009536744 0,004768372
0,2441406 0,009536744 0,004768372
0,2441406 0,01907349 0,009536744
0,1220703 0,009536744 0,004768372
0,2441406 0,01144409 0,005722046
0,2441406 0,009536744 0,004768372
0,2441406 0,01335144 0,006675721
0,2441406 0,003814697 0,001907349
0,1220703 0,009536744 0,004768372
0,1220703 0,005722046 0,002861023
0,2441406 0,005722046 0,002861023
0,2441406 0,005722046 0,002861023
0,2441406 0,007629395 0,003814697
0,1220703 0,005722046 0,002861023
0,2441406 0,01525879 0,007629395
0,2441406 0,009536744 0,004768372
0,1220703 0,005722046 0,002861023
0,2441406 0,01335144 0,006675721
0,2441406 0,007629395 0,003814697
0,2441406 0,009536744 0,004768372
0,2441406 0,007629395 0,003814697
0,1220703 0,003814697 0,001907349
0,1220703 0,003814697 0,001907349
0,2441406 0,02098084 0,01049042
0,1220703 0,01525879 0,007629395
0,2441406 0,01716614 0,00858307
0,3662109 0,01716614 0,008583069
0,2441406 0,009536744 0,004768372
0,1220703 0,005722046 0,002861023
0,1220703 0,005722046 0,002861023
0,2441406 0,003814697 0,001907349
0,1220703 0,01716614 0,00858307
0,2441406 0,01525879 0,007629395
0,3662109 0,04005432 0,02002716
0,1220703 0,007629395 0,003814697
0,1220703 0,009536744 0,004768372
0,2441406 0,007629395 0,003814697
0,1220703 0,003814697 0,001907349
0,2441406 0,01907349 0,009536744
0,2441406 0,01907349 0,009536744
0,2441406 0,01716614 0,00858307
0,1220703 0,007629395 0,003814697
0,1220703 0,005722046 0,002861023
0,2441406 0,005722046 0,002861023
0,2441406 0,01907349 0,009536744
0,2441406 0,01144409 0,005722046
0,2441406 0,02098084 0,01049042
0,3662109 0,01716614 0,008583069
0,2441406 0,01335144 0,006675721
0,1220703 0,02288819 0,01144409
0,2441406 0,02288819 0,01144409
0,2441406 0,01907349 0,009536744
0,2441406 0,02288819 0,01144409
0,1220703 0,01335144 0,006675721
0,2441406 0,01525879 0,007629395
0,1220703 0,01144409 0,005722046
0,3662109 0,01525879 0,007629395
0,3662109 0,02861023 0,01430511
0,2441406 0,01716614 0,00858307
0,4882813 0,01716614 0,00858307
0,2441406 0,01335144 0,006675721
0,2441406 0,01525879 0,007629395
0,3662109 0,01335144 0,00667572
0,2441406 0,02670288 0,01335144
0,1220703 0,01525879 0,007629395
0,1220703 0,01907349 0,009536744
0,2441406 0,009536744 0,004768372
0,2441406 0,02098084 0,01049042
0,3662109 0,02288818 0,01144409
0,2441406 0,01716614 0,00858307
0,2441406 0,01716614 0,00858307
0,2441406 0,01716614 0,00858307
0,2441406 0,01907349 0,009536744
0,1220703 0,01335144 0,006675721
0,2441406 0,01716614 0,00858307
0,2441406 0,01144409 0,005722046
0,1220703 0,01144409 0,005722046
0,3662109 0,01144409 0,005722046
0,2441406 0,01335144 0,006675721
0,1220703 0,009536744 0,004768372
0,1220703 0,007629395 0,003814697
0,2441406 0,01907349 0,009536744
0,3662109 0,01525879 0,007629395
0,1220703 0,005722046 0,002861023
0,2441406 0,01525879 0,007629395
0,3662109 0,01525879 0,007629395
0,1220703 0,009536744 0,004768372
0,1220703 0,01335144 0,006675721
0,2441406 0,01716614 0,00858307
0,3662109 0,02288818 0,01144409
0,2441406 0,01525879 0,007629395
0,2441406 0,009536744 0,004768372
0,3662109 0,02670288 0,01335144
0,2441406 0,02479553 0,01239777
0,2441406 0,01335144 0,006675721
0,2441406 0,01716614 0,00858307
0,1220703 0,007629395 0,003814697
0,2441406 0,01716614 0,00858307
0,2441406 0,01335144 0,006675721
0,1220703 0,01335144 0,006675721
0,2441406 0,01144409 0,005722046
0,3662109 0,01907349 0,009536743
0,2441406 0,02098084 0,01049042
0,3662109 0,01716614 0,008583069
0,3662109 0,02288818 0,01144409
0,1220703 0,01144409 0,005722046
0,2441406 0,01716614 0,00858307
0,2441406 0,02479553 0,01239777
0,2441406 0,01525879 0,007629395
0,2441406 0,01335144 0,006675721
0,3662109 0,01907349 0,009536743
0,2441406 0,02098084 0,01049042
0,2441406 0,009536744 0,004768372
0,2441406 0,01335144 0,006675721
0,2441406 0,01335144 0,006675721
0,2441406 0,01144409 0,005722046
0,2441406 0,01335144 0,006675721
0,2441406 0,009536744 0,004768372
0,4882813 0,02288819 0,01144409
0,2441406 0,01907349 0,009536744
0,3662109 0,02098083 0,01049042
0,1220703 0,009536744 0,004768372
0,2441406 0,01335144 0,006675721
0,3662109 0,01716614 0,008583069
0,1220703 0,007629395 0,003814697
0,2441406 0,01335144 0,006675721
0,2441406 0,009536744 0,004768372
0,1220703 0,005722046 0,002861023
0,2441406 0,01144409 0,005722046
0,1220703 0,001907349 0,0009536744
0,2441406 0,009536744 0,004768372
0,1220703 0,01716614 0,00858307
0,1220703 0,007629395 0,003814697
0,2441406 0,01525879 0,007629395
0,1220703 0,009536744 0,004768372
0,1220703 0,005722046 0,002861023
0,2441406 0,01144409 0,005722046
0,2441406 0,01525879 0,007629395
0,1220703 0,01144409 0,005722046
0,1220703 0,01335144 0,006675721
0,3662109 0,01716614 0,008583069
0,1220703 0,005722046 0,002861023
0,1220703 0,009536744 0,004768372
0,2441406 0,01525879 0,007629395
0,2441406 0,007629395 0,003814697
0,1220703 0,003814697 0,001907349
0,2441406 0,01144409 0,005722046
0,2441406 0,01716614 0,00858307
0,1220703 0,009536744 0,004768372
0,3662109 0,01335144 0,00667572
0,2441406 0,01144409 0,005722046
0,1220703 0,01716614 0,00858307
0,1220703 0,005722046 0,002861023
0,2441406 0,01716614 0,00858307
0,2441406 0,005722046 0,002861023
0,2441406 0,01144409 0,005722046
0,2441406 0,01335144 0,006675721
0,3662109 0,02479553 0,01239777
0,2441406 0,01335144 0,006675721
0,2441406 0,009536744 0,004768372
0,1220703 0,007629395 0,003814697
0,1220703 0,005722046 0,002861023
0,2441406 0,007629395 0,003814697
0,2441406 0,02098084 0,01049042
0,2441406 0,01335144 0,006675721
0,2441406 0,01907349 0,009536744
0,1220703 0,01525879 0,007629395
0,3662109 0,01907349 0,009536743
0,2441406 0,03433228 0,01716614
0,2441406 0,01335144 0,006675721
0,2441406 0,02098084 0,01049042
0,1220703 0,01716614 0,00858307
0,3662109 0,03433228 0,01716614
0,4882813 0,03242493 0,01621247
0,3662109 0,02861023 0,01430511
0,2441406 0,01525879 0,007629395
0,3662109 0,01716614 0,008583069
0,2441406 0,02861023 0,01430512
0,3662109 0,03051758 0,01525879
0,3662109 0,02670288 0,01335144
0,2441406 0,02479553 0,01239777
0,3662109 0,04386902 0,02193451
0,2441406 0,02479553 0,01239777
0,6103516 0,04386902 0,02193451
0,4882813 0,03623963 0,01811981
0,3662109 0,03814697 0,01907349
0,3662109 0,04959106 0,02479553
0,4882813 0,04959106 0,02479553
0,4882813 0,05722046 0,02861023
0,4882813 0,04386902 0,02193451
0,3662109 0,04577637 0,02288818
0,6103516 0,05340576 0,02670288
0,2441406 0,03623963 0,01811981
0,4882813 0,05912781 0,02956391
0,6103516 0,03814697 0,01907349
0,3662109 0,04005432 0,02002716
0,7324219 0,06866455 0,03433228
0,4882813 0,08201599 0,041008
0,4882813 0,08964539 0,0448227
0,6103516 0,1411438 0,0705719
0,8544922 0,169754 0,08487701
0,6103516 0,1811981 0,09059906
0,4882813 0,1525879 0,07629395
0,9765626 0,2346039 0,1220703
0,6103516 0,2098083 0,1087189
0,7324219 0,2231598 0,1115799
0,7324219 0,2479553 0,1296997
0,8544922 0,2441406 0,125885
0,6103516 0,2536774 0,1401901
0,9765626 0,2174377 0,1153946
0,7324219 0,2651215 0,1468658
0,6103516 0,2326965 0,128746
0,6103516 0,2231598 0,1192093
0,9765626 0,2727509 0,1487732
0,6103516 0,2670288 0,1535416
0,8544922 0,2708435 0,1440048
0,7324219 0,2708435 0,1449585
0,8544922 0,2880096 0,1621246
0,7324219 0,3166199 0,1688004
0,9765626 0,3299713 0,1745224
0,7324219 0,3051758 0,1716614
0,6103516 0,25177 0,1373291
0,9765626 0,2651215 0,1382828
1,342773 0,3299713 0,1783371
0,8544922 0,3051758 0,164032
0,7324219 0,3204346 0,1754761
0,6103516 0,2574921 0,1440048
0,8544922 0,3242493 0,1764297
0,8544922 0,2746582 0,1497269
0,7324219 0,333786 0,1859665
0,6103516 0,3070831 0,1764297
0,6103516 0,2803802 0,1573563
0,7324219 0,3013611 0,1659393
0,7324219 0,2803802 0,1554489
0,8544922 0,3089905 0,1659393
0,8544922 0,3623962 0,2059937
1,220703 0,3376007 0,1811981
0,6103516 0,2975464 0,169754
0,6103516 0,2880096 0,1564026
0,8544922 0,3223419 0,1764297
0,7324219 0,3452301 0,1859665
0,7324219 0,3108978 0,1773834
0,8544922 0,3051758 0,166893
0,8544922 0,3547668 0,1955032
1,098633 0,295639 0,1602173
0,8544922 0,3166199 0,1764297
1,098633 0,3738403 0,2069473
0,8544922 0,3890991 0,2279282
0,7324219 0,3948212 0,2355576
1,220703 0,4425049 0,2479553
0,8544922 0,4196167 0,2412796
0,8544922 0,4119873 0,2260208
1,098633 0,4062653 0,2241135
1,220703 0,4138947 0,2288818
1,586914 0,4348755 0,2508163
0,8544922 0,4520416 0,2565384
1,098633 0,4653931 0,2698898
1,220703 0,4138947 0,2307892
1,220703 0,4501343 0,2555847
1,098633 0,4310608 0,2422333
1,098633 0,4253387 0,2374649
0,8544922 0,3967285 0,2231598
0,9765626 0,4253387 0,2393723
1,098633 0,4711151 0,2765656
1,220703 0,4558563 0,246048
1,098633 0,5016327 0,2918243
0,9765626 0,4444122 0,2450943
1,220703 0,5130768 0,2965927
1,220703 0,5187988 0,289917
0,9765626 0,4901886 0,2727509
0,9765626 0,4730225 0,2765656
1,098633 0,4692078 0,2632141
1,098633 0,4997253 0,2784729
1,464844 0,5016327 0,2737045
1,220703 0,5054474 0,2775192
1,586914 0,5970001 0,3461838
1,342774 0,5302429 0,3147125
1,342774 0,5702972 0,3271103
1,098633 0,5130768 0,2965927
1,098633 0,5874634 0,3414154
1,098633 0,5512238 0,3175735
1,098633 0,585556 0,3318787
1,098633 0,541687 0,2946854
1,342773 0,6008148 0,3585815
1,342774 0,5912781 0,3480911
1,220703 0,617981 0,3595352
1,098633 0,6198883 0,3767014
1,220703 0,6122589 0,3480911
1,220703 0,5664825 0,3299713
1,342774 0,6027222 0,3557205
1,831055 0,6809235 0,3948212
1,464844 0,6389618 0,3709793
1,464844 0,5950928 0,3318787
2,319336 0,7076263 0,4177094
2,197266 0,7190704 0,4091263
2,563477 0,6885529 0,3757477
1,220703 0,629425 0,3786087
1,220703 0,6465912 0,3910065
1,342774 0,6809235 0,4091263
1,342774 0,5779266 0,3252029
2,075196 0,7209778 0,4196167
1,586914 0,7228851 0,4291534
1,586914 0,7534027 0,4339218
1,708984 0,7858276 0,4749298
1,342774 0,7324219 0,4339218
1,586914 0,7076263 0,4177094
1,464844 0,787735 0,4653931
2,563477 0,7019043 0,3852844
1,708984 0,8277893 0,4806519
1,586914 0,7228851 0,4196167
1,464844 0,7343292 0,4253387
1,586914 0,8163452 0,4777908
1,586914 0,7209778 0,4434586
1,708985 0,7514954 0,4358292
1,342774 0,7953644 0,4615784
1,953125 0,7572174 0,418663
2,075195 0,7915497 0,4692078
1,586914 0,8049011 0,4806519
1,708985 0,8277893 0,4892349
1,831055 0,7839203 0,4425049
1,586914 0,8411407 0,4720688
1,586914 0,7839203 0,4615784
1,464844 0,6980896 0,3938675
1,708984 0,7629395 0,453949
1,464844 0,7572174 0,4367828
2,807617 0,8640289 0,5083084
2,197266 0,8163452 0,4940033
1,586914 0,8506775 0,5159378
1,953125 0,825882 0,4854202
1,953125 0,7991791 0,4730225
1,708985 0,8964539 0,5092621
1,831055 0,7667542 0,4634857
1,586914 0,7686615 0,4434586
1,831055 0,7915497 0,4501343
