0,6103516 0,301997 0,2225243
0,6103516 0,3178917 0,2384189
0,6103516 0,2797444 0,2129875
0,4069011 0,2988181 0,2225243
0,6103516 0,3369653 0,2447768
0,8138021 0,3115337 0,2368294
0,6103516 0,2924601 0,2193453
0,6103516 0,2861023 0,2209348
0,6103516 0,2988181 0,2272927
0,6103516 0,2924602 0,2193453
0,6103516 0,2892812 0,2288821
0,6103516 0,3274285 0,2463663
0,6103516 0,2956391 0,2241137
0,6103516 0,2924601 0,2209348
0,8138021 0,3083548 0,2400084
0,6103516 0,3115338 0,23524
0,6103516 0,2956391 0,214577
0,6103516 0,2924602 0,2129875
0,6103516 0,2797444 0,2145769
0,6103516 0,3210706 0,2336506
0,6103516 0,298818 0,2304716
0,6103516 0,301997 0,2225243
0,6103516 0,3115338 0,2320611
0,6103516 0,3083549 0,2225243
0,6103516 0,3369653 0,2543136
0,8138021 0,3242495 0,2415979
0,6103516 0,3178917 0,2368295
0,8138021 0,3210706 0,2384189
0,6103516 0,3210706 0,2400084
0,8138021 0,3274285 0,2400084
0,6103516 0,2861023 0,2304716
0,8138021 0,3433231 0,2511346
0,6103516 0,301997 0,2368294
0,6103516 0,3337863 0,2527241
0,6103516 0,3083549 0,2384189
0,6103516 0,2988181 0,2288821
0,6103516 0,3178917 0,2495452
0,6103516 0,301997 0,2225243
0,6103516 0,3337863 0,2527241
0,6103516 0,3274285 0,2463663
0,6103516 0,3083549 0,2400084
0,8138021 0,3337863 0,2495452
0,6103516 0,2861023 0,2257032
0,6103516 0,3465019 0,2574924
0,8138021 0,3178917 0,2447768
0,6103516 0,3592176 0,2686185
0,6103516 0,3083549 0,2320611
0,6103516 0,3528597 0,2543135
0,6103516 0,301997 0,2431873
0,6103516 0,3337863 0,2511347
0,8138021 0,3401442 0,2527241
0,8138021 0,375112 0,2733867
0,8138021 0,3306074 0,2447768
0,8138021 0,3115337 0,2511346
0,8138021 0,301997 0,2415978
0,8138021 0,3496808 0,2590818
0,8138021 0,3210706 0,2463662
0,8138021 0,3337863 0,2527241
0,6103516 0,3306074 0,2495452
0,6103516 0,3496809 0,2622607
0,6103516 0,3814698 0,2781551
0,6103516 0,3369653 0,2574925
0,6103516 0,3496809 0,2638502
0,6103516 0,3083548 0,2479557
1,017253 0,3401442 0,2606713
0,6103516 0,3687542 0,2797445
0,6103516 0,3719331 0,2749762
0,6103516 0,3814698 0,2829234
0,8138021 0,3846487 0,281334
0,6103516 0,3623964 0,2765657
0,8138021 0,3496809 0,2654396
0,6103516 0,3560386 0,2717974
0,6103516 0,375112 0,2829234
0,8138021 0,3910066 0,2861023
0,6103516 0,3528597 0,2686185
0,8138021 0,3560387 0,2717974
0,8138021 0,4227955 0,3051755
0,6103516 0,406901 0,3019966
0,8138021 0,3941855 0,2940495
0,6103516 0,4037221 0,2972283
0,8138021 0,3687542 0,2781551
0,6103516 0,3910065 0,2908706
1,220703 0,3910065 0,2908706
1,017253 0,4418689 0,3147121
0,6103516 0,3878276 0,2876917
0,6103516 0,4005432 0,3004073
1,017253 0,4291534 0,3131228
0,8138021 0,4291533 0,3147121
0,6103516 0,43869 0,3242488
0,8138021 0,4323322 0,3131227
0,8138021 0,4482267 0,3226593
0,8138021 0,4450478 0,317891
0,8138021 0,4514056 0,3258382
0,6103516 0,4259744 0,3131227
0,6103516 0,4323322 0,3163016
0,8138021 0,4323322 0,3147121
0,8138021 0,4323322 0,3163016
0,8138021 0,4450478 0,3226593
1,017253 0,4959103 0,3639851
0,8138021 0,4768369 0,3671641
0,8138021 0,4673001 0,3512694
1,017253 0,508626 0,3655745
0,8138021 0,4800158 0,3560378
0,8138021 0,4545845 0,3623958
0,8138021 0,4863735 0,3560378
1,017253 0,4736579 0,376701
1,017253 0,4800158 0,3687536
1,017253 0,4863736 0,3798799
0,8138021 0,4673001 0,37988
1,017253 0,505447 0,3862377
1,017253 0,5213417 0,400543
1,017253 0,4927314 0,367164
1,017253 0,5149839 0,4180272
1,017253 0,5404153 0,4227956
1,627604 0,5912783 0,4673007
1,017253 0,6008151 0,4641218
1,220703 0,5753836 0,451406
1,220703 0,6357832 0,4816058
0,8138021 0,5849205 0,454585
1,017253 0,6516775 0,5054479
1,017253 0,6389619 0,4863741
1,220703 0,7025401 0,5340583
1,424154 0,7883709 0,6214772
1,424154 0,8074443 0,6437296
1,627604 0,7661185 0,6230666
1,424154 0,8138021 0,6596242
1,831055 0,8265178 0,6739294
1,627604 0,8710222 0,7025394
1,424154 0,8742011 0,697771
1,424154 0,90599 0,7327392
1,627604 0,9377789 0,7518125
1,424154 0,9441367 0,753402
1,831055 0,9377789 0,7724757
2,237956 0,9346002 0,7613494
1,831055 1,007715 0,8360547
1,424154 0,9568524 0,8026756
1,424154 1,007716 0,8249283
1,627604 1,004536 0,837644
1,627604 0,9695684 0,8074442
1,831055 1,02361 0,8567179
1,424154 1,010895 0,8392337
1,627604 1,068116 0,8837391
1,627604 1,080832 0,8932759
1,831055 1,147589 0,9282441
1,831055 1,128515 0,9393702
1,831055 1,188914 0,9886427
1,831055 1,195271 0,9918218
1,831055 1,271565 1,0554
1,831055 1,262028 1,060168
2,034505 1,363754 1,117387
1,831055 1,312891 1,095135
2,644857 1,370112 1,131692
1,627604 1,335144 1,142818
2,237956 1,382828 1,163481
2,237956 1,392364 1,160302
2,441406 1,344681 1,131692
2,034505 1,430511 1,184144
2,237956 1,468658 1,220702
2,034505 1,484553 1,26044
2,034505 1,484553 1,257261
2,237956 1,471837 1,250903
2,441406 1,500448 1,300177
2,441406 1,529058 1,29223
2,644857 1,630784 1,378061
2,848307 1,630784 1,360577
2,441406 1,6435 1,384418
2,441406 1,6435 1,376471
2,848307 1,656216 1,40985
2,441406 1,675289 1,397134
2,848307 1,764297 1,4925
2,441406 1,678467 1,40985
2,237956 1,672109 1,419386
2,441406 1,703899 1,468659
2,848307 1,761118 1,516341
2,644857 1,735687 1,506805
2,644857 1,773834 1,511574
2,237956 1,751582 1,49409
2,441406 1,834233 1,54813
3,458659 1,907347 1,597403
2,644857 1,843769 1,584687
2,644857 1,958211 1,678466
3,051758 1,986821 1,691182
2,644857 1,974105 1,703898
2,848307 2,07901 1,769067
2,848307 2,002716 1,72774
3,662109 2,053579 1,749992
2,848307 2,053579 1,767477
2,644857 2,031326 1,767477
3,051758 2,066295 1,765888
3,051758 2,1108 1,832645
3,051758 2,085368 1,797677
3,051758 2,202988 1,875561
2,848307 2,056758 1,780193
3,051758 2,152126 1,834235
3,051758 2,171199 1,881919
3,255208 2,279281 1,937549
4,06901 2,177557 1,910529
3,255209 2,241135 1,937549
3,051758 2,174378 1,893045
3,051758 2,257029 1,950264
3,66211 2,247493 1,929602
3,255208 2,31107 1,972516
3,458659 2,260208 1,951854
3,66211 2,358753 2,015432
3,255208 2,288818 2,024968
3,86556 2,333322 2,013842
3,662109 2,3365 2,020199
3,255208 2,346038 2,026557
3,86556 2,393721 2,037683
3,662109 2,400079 2,050399
3,458659 2,349216 2,051989
4,882813 2,552669 2,16484
3,255208 2,412795 2,093315
3,255208 2,425511 2,109209
4,06901 2,482732 2,140998
3,255208 2,498627 2,155304
3,66211 2,492268 2,129872
3,86556 2,511343 2,174376
4,272461 2,597175 2,226829
3,458659 2,52088 2,168019
3,66211 2,58128 2,257029
3,86556 2,60989 2,210934
3,662109 2,635322 2,271335
3,66211 2,743404 2,37465
4,06901 2,746583 2,369881
4,272461 2,67029 2,31425
3,66211 2,730688 2,381008
3,662109 2,759298 2,403261
4,272461 2,746583 2,423925
4,882813 2,803803 2,388954
3,86556 2,743404 2,396903
3,86556 2,838769 2,449355
3,66211 2,737046 2,396902
3,662109 2,775192 2,427104
3,86556 2,778372 2,43664
3,662109 2,791087 2,43505
4,272461 2,870559 2,489091
4,272461 2,984999 2,544722
4,272461 2,854665 2,470018
3,86556 2,899168 2,527237
4,272461 2,991357 2,562205
3,66211 2,969105 2,613066
5,493164 2,943674 2,554258
3,86556 2,991357 2,619425
3,86556 2,92142 2,539953
4,069011 2,98182 2,608298
4,475912 3,000893 2,565383
5,086263 3,061294 2,673466
4,069011 3,032684 2,652803
4,475911 3,131232 2,721151
3,86556 3,121696 2,735455
4,475911 3,309251 2,845129
4,679362 3,2266 2,797446
4,882813 3,417332 2,956391
4,679362 3,506342 3,034274
5,086263 3,550845 3,066062
5,493164 3,754299 3,221831
6,713867 3,881455 3,318787
5,900065 4,059474 3,445944
6,306966 4,164376 3,523825
6,510417 4,418692 3,741583
6,713867 4,612603 3,992716
6,713867 5,000432 4,254977
6,103516 5,019508 4,33286
7,93457 5,461374 4,590352
7,934569 5,531312 4,74294
7,324219 5,604427 4,760424
7,73112 5,610785 4,73817
8,544922 6,014506 5,087852
8,341471 6,052653 5,256337
8,748372 6,348292 5,464556
8,748373 6,402334 5,461377
8,544921 6,621681 5,695026
10,17252 6,745656 5,86033
9,765624 6,790162 5,950926
10,57943 7,079442 6,062187
10,17253 7,082622 6,105104
9,358724 7,279713 6,310145
11,18978 7,788341 6,739299
11,39323 7,794699 6,810826
11,59668 7,66754 6,715454
12,81738 8,109409 7,057189
10,17253 8,0808 7,014272
11,18978 8,34783 7,268589
13,22428 8,481344 6,984074
13,22428 9,152095 7,851918
12,81738 9,339648 7,926622
12,41048 9,237926 7,93775
13,22428 9,409588 8,031528
12,81738 9,2411 7,893244
13,42773 9,568535 8,049012
12,20703 9,686152 8,220672
13,22428 10,16299 8,598963
13,63119 9,791056 8,4877
14,24154 10,42048 8,861223
13,02083 10,25836 8,98361
13,63118 10,68115 9,210905
14,03808 10,45545 8,894602
14,64844 10,46499 8,864402
17,29329 11,18024 9,462037
15,05534 10,97679 9,415941
14,03809 11,07534 9,501775
15,46224 11,5331 9,972255
14,03809 11,16117 9,423893
15,86914 12,0449 10,33147
15,86914 12,19749 10,37597
16,88639 12,59804 10,85599
16,88639 12,59804 10,60486
18,1071 12,76016 10,73678
19,7347 12,75063 10,79718
16,68294 12,45181 10,83215
15,66569 12,52174 10,85917
17,90364 13,45952 11,73973
17,08985 12,93182 11,28038
18,71745 13,5231 11,56807
16,47949 13,3578 11,45998
18,31054 13,68522 11,74609
17,29329 13,64072 11,61734
18,1071 13,58986 11,56966
16,88639 13,1162 11,46317
17,7002 13,83146 11,76675
17,90364 14,21611 12,43273
18,1071 14,27651 12,2865
19,93815 14,29875 11,97179
19,12435 14,04126 12,2261
19,3278 13,94272 12,08464
18,9209 14,27014 12,29763
19,3278 14,65162 12,76334
18,514 14,42591 12,35803
19,12435 14,20975 12,09418
19,7347 14,36869 12,39459
19,12435 14,63572 12,48995
20,34505 15,2429 13,02401
19,12435 14,3528 12,21975
19,12435 14,72791 12,61711
20,1416 14,68658 12,4677
19,3278 14,81692 12,64095
22,37956 15,18886 12,70771
18,514 15,15071 12,84599
21,97266 15,7388 13,29899
18,71745 14,8201 12,71089
18,9209 14,90593 13,00017
20,34505 15,26833 12,79354
19,3278 15,00448 13,12097
20,9554 15,21428 13,22587
18,514 14,68023 12,71248
20,9554 14,82646 12,91593
20,34505 15,58939 13,41502
20,1416 15,20475 12,82851
19,3278 15,35734 12,88255
18,9209 15,16342 13,02719
20,75195 16,09167 13,8855
20,34505 15,69112 13,37369
20,1416 15,26832 12,83964
21,15885 15,97087 13,86802
21,15886 15,53536 13,12097
18,9209 15,07759 13,07488
20,9554 15,63072 13,53105
19,7347 15,73245 13,25448
19,53125 15,68158 13,41025
22,58301 15,61165 13,62165
18,9209 15,89457 13,68523
20,1416 15,95179 13,6439
20,34505 15,28104 12,92547
21,3623 15,50674 13,52628
20,9554 15,8596 13,82033
18,9209 15,75152 13,90616
20,34505 15,47814 13,31329
19,93815 15,60211 13,39753
20,5485 15,83417 13,44999
20,95541 16,07577 14,11597
20,9554 16,06941 13,92523
19,7347 15,57668 13,20839
20,34505 16,21564 13,98722
20,34506 16,1171 13,56761
20,9554 16,64797 14,30035
19,93815 16,24425 13,73768
24,41406 16,81963 14,53717
20,9554 16,19657 13,83463
22,9899 16,55579 14,19862
19,93815 16,1171 13,92047
19,53125 16,14889 14,11279
22,37956 15,99312 13,66139
20,5485 16,01538 13,51833
20,1416 15,81828 13,65343
20,9554 16,48903 14,2177
21,15885 15,64344 13,23859
19,53125 16,20293 14,21611
20,5485 16,58121 14,46724
22,37956 16,58439 14,21293
19,93815 16,24743 14,12233
21,56575 16,64798 14,43863
22,37956 16,09167 13,82669
19,3278 15,88186 13,93318
20,34505 16,69248 14,38141
21,3623 16,66705 14,12232
23,80371 16,63208 14,13981
22,78646 16,75288 14,61506
24,61751 16,85778 14,32737
21,56576 16,25379 14,04604
23,39681 16,3873 14,43386
22,58301 17,14706 15,14276
22,58301 17,01991 14,85189
22,78646 17,22336 14,66592
21,15886 16,92136 14,73427
23,80371 16,82281 14,42909
20,9554 16,61301 14,49744
22,78646 16,86414 14,6834
22,17611 17,29648 14,69612
20,5485 16,92772 14,82327
22,37956 17,09938 14,81692
21,97266 17,64933 15,2874
25,02441 17,52536 15,0919
22,37956 17,60165 15,27787
23,80371 17,6684 14,97268
22,583 17,19156 14,69453
24,00716 17,18521 14,77083
21,15886 17,43634 14,95838
21,76921 17,25832 15,04262
21,97266 17,60483 15,25402
22,78646 17,38866 14,92182
22,17611 17,55079 15,66728
24,41406 17,25515 15,05216
21,15886 17,69065 15,47337
24,82096 17,23925 14,92341
21,56575 17,33462 14,68341
21,97265 17,55714 15,2413
23,19336 18,0022 15,41615
21,97266 17,84007 15,31283
23,39681 17,87504 15,19839
20,34505 17,29329 15,15548
24,21061 17,86232 15,34621
23,19336 17,64298 14,97746
22,17611 17,90365 15,68794
24,21061 18,18021 15,78649
23,19336 17,73198 15,33031
23,39681 18,12935 15,75947
23,60026 18,42499 15,8151
24,82096 17,97994 15,34303
24,82096 18,43452 15,74834
22,78646 18,25015 15,72132
27,87272 18,12935 15,60052
22,1761 18,10391 15,81509
21,56575 17,80192 14,9107
22,1761 17,67795 15,5894
23,19336 17,67476 15,23972
24,00716 18,6952 15,9661
24,41406 17,98947 15,92318
24,00716 18,63479 15,94703
22,78646 18,18975 15,41456
22,58301 17,94497 15,42091
22,98991 17,90364 15,3017
23,39681 18,37413 15,87073
22,17611 18,39956 15,35734
23,19336 18,35505 15,76901
31,73829 18,50128 15,39866
24,41406 18,12299 15,70543
23,19337 18,48857 15,84689
24,82097 19,02262 16,13617
23,60026 18,93361 16,28876
23,80371 19,09256 16,94997
23,19336 18,74924 16,30148
23,19336 19,25469 16,3571
23,19336 18,98447 16,86732
23,39681 19,41363 16,85778
25,02441 19,07985 16,56533
23,80371 18,8764 16,67182
24,41405 19,4327 16,8546
25,83821 19,18474 16,74493
24,21061 18,89229 15,96133
24,61752 18,56486 15,7992
24,00716 19,05123 16,62095
24,61751 19,27058 16,70678
25,43132 19,23561 16,68612
26,44857 20,27194 17,71609
24,21061 18,94633 16,80215
23,60026 18,78738 16,32372
21,97265 18,79374 16,51764
24,82096 19,41681 17,02308
24,21061 18,96858 16,8562
24,00716 19,04805 16,71156
23,39681 19,08302 16,65433
25,22786 19,14342 16,67659
26,24512 19,72198 17,02309
24,00716 19,07666 16,45564
24,82096 19,23561 16,59711
23,39681 19,29919 16,63844
22,78646 19,25469 16,74017
25,43132 19,509 17,04693
27,87273 19,5535 17,2631
25,22787 19,66476 16,64797
25,02441 19,44542 16,73539
22,98991 18,45996 15,88663
23,60026 19,69019 16,80692
24,82096 19,28329 16,54148
26,24512 19,68066 17,46972
25,22787 19,6902 17,11846
25,83822 20,43724 17,4586
24,21062 19,38502 16,78467
23,39681 19,78556 17,06441
25,22787 19,57258 16,74811
