0,8138021 0,4084905 0,3051762
0,8138021 0,4482274 0,3274293
0,8138021 0,4450485 0,334582
1,017253 0,4625326 0,3536554
0,8138021 0,4577641 0,3433241
1,017253 0,4625325 0,3568342
0,8138021 0,4752483 0,3655761
1,017253 0,4895535 0,3981594
0,8138021 0,4752483 0,3759074
1,017253 0,5102164 0,4013384
1,017253 0,5181636 0,4124644
1,017253 0,5420051 0,4339216
1,017253 0,5833305 0,4633262
1,220703 0,6262457 0,4871679
1,424154 0,6755189 0,5237246
1,220703 0,6866456 0,5308776
1,424154 0,7247924 0,561078
1,424154 0,7390975 0,5912786
1,831055 0,810623 0,6381682
1,220703 0,8217494 0,650089
1,831055 0,8948653 0,6977729
1,831055 0,9695705 0,7573776
2,034505 0,9950013 0,76294
2,034505 1,049041 0,8185699
2,237956 1,05381 0,8074442
3,051758 1,200039 0,9004262
2,848307 1,28905 0,9417527
3,051758 1,365345 0,9973844
3,255208 1,414619 1,018842
10,37597 1,654624 1,17461
8,544919 1,870791 1,324811
8,95182 2,069474 1,452763
7,731118 2,460478 1,737276
9,15527 2,78473 1,981259
11,59668 3,350575 2,394516
9,969071 3,860793 2,818902
13,22429 4,682539 3,387132
14,24154 5,427995 3,906884
17,7002 6,6185 4,800163
18,31056 7,681845 5,572634
18,92091 9,355547 6,809233
23,39681 10,73519 8,109411
24,00716 12,60757 9,951588
21,97266 14,30194 11,16355
24,41406 15,81828 12,69341
21,97266 17,50947 15,20236
27,26235 18,50605 16,23233
31,73825 19,22131 17,08984
29,70375 19,40727 17,30919
35,1969 19,86186 17,74391
38,04519 20,70586 18,44246
38,24864 21,37184 18,98606
42,11422 22,64499 19,8237
46,38671 24,78916 21,13262
41,50386 27,14473 22,60606
47,40397 31,63812 25,57038
49,4385 35,9805 31,03651
51,47301 37,77023 33,79183
56,35587 37,20596 33,46439
56,35587 37,63988 33,78785
51,26957 38,25502 34,92116
52,49028 38,84153 35,01333
48,01433 39,18326 35,16672
56,35586 38,9051 34,91558
53,30408 40,02885 35,65151
56,35587 40,18303 36,06476
51,67647 39,85878 35,98211
50,86266 39,65691 36,11005
56,15241 39,614 36,23007
51,47301 39,45028 35,96621
53,30408 40,61853 37,07407
51,26957 40,27999 36,73552
55,54206 40,81086 37,03434
52,28682 41,19394 37,37132
52,49027 40,93802 36,9485
55,74551 41,5738 37,65741
52,89718 41,50387 37,53502
54,1179 40,89352 37,17023
58,39038 40,8061 37,37368
60,018 41,17644 37,62799
50,86266 41,5277 37,6574
55,3386 41,83448 37,75914
51,87992 41,0159 37,22906
54,5248 42,32563 38,14619
53,10063 42,27477 38,12391
51,87991 41,87422 37,89503
55,3386 41,79157 38,21371
54,72825 41,50387 37,84337
55,54206 41,85831 38,34088
56,35587 43,11877 38,94566
56,76276 42,36218 38,39095
53,50754 42,14442 38,29795
59,6111 42,59742 38,57212
55,13515 42,90261 38,66752
59,00074 42,36058 38,41953
55,74551 43,10449 38,99416
56,55932 43,4017 39,27071
56,15242 42,08403 38,18908
52,69373 42,61491 38,75335
56,55932 43,16487 39,17456
54,72825 43,47482 39,43441
60,83181 43,04726 39,03944
51,87992 42,76114 39,07521
61,64562 42,332 38,64367
53,71099 42,51319 38,73266
54,32135 43,629 39,5457
60,42491 42,65306 38,36312
57,57658 42,9487 38,87334
58,79729 42,6006 39,09824
56,76277 43,26183 38,97667
59,81455 42,83585 39,09428
60,018 43,50504 39,42807
64,08704 43,79591 39,50277
56,35587 43,52888 39,37882
54,32134 42,86446 38,74698
55,74551 43,68146 39,70385
58,79729 43,49231 39,2421
54,11789 43,14103 39,00526
59,40764 44,10744 39,65219
58,59384 43,57337 39,60448
61,03526 43,85311 39,7706
55,3386 43,58609 39,78651
59,40765 43,57974 39,42569
52,28682 43,43985 39,62993
54,11789 43,27613 39,49323
55,54206 43,77682 39,49403
57,16967 44,04544 39,91127
59,20419 43,28249 39,50832
56,35587 43,2364 39,46938
60,83181 43,93895 39,82383
54,9317 43,24752 39,29297
59,00074 44,1726 40,06306
58,79729 43,54477 39,51867
50,65921 43,06157 39,41852
55,54206 43,73709 39,76665
61,84907 44,04067 39,92874
55,74551 43,91671 39,75075
57,16967 44,73687 40,36347
60,018 43,97868 39,86438
54,9317 44,04068 40,00823
58,18694 44,11855 39,83499
56,35587 43,15852 39,33984
59,20419 44,67488 40,27446
54,9317 43,76251 39,87869
56,55931 43,42236 39,51867
55,94896 43,97552 39,77856
56,55932 43,74506 39,86838
64,6974 43,92942 39,46146
57,98348 43,87855 39,99313
59,6111 44,40945 40,17434
54,11789 44,18373 39,9216
59,6111 43,9787 39,79842
57,98348 43,87695 39,97007
53,10063 44,19327 40,12744
55,3386 43,56067 39,82623
55,94896 44,37924 40,2689
59,40765 44,19804 40,22441
