0,6103516 0,2415978 0,1374881
0,6103516 0,2463662 0,1414618
0,6103516 0,2336504 0,1438459
0,6103516 0,2304715 0,1438459
0,6103516 0,2463662 0,1478195
0,6103516 0,2559029 0,1653035
0,6103516 0,2511346 0,1525879
0,8138021 0,232061 0,1374881
0,6103516 0,2384188 0,1565615
0,6103516 0,2400083 0,1366934
0,6103516 0,2511346 0,1597404
0,6103516 0,2543135 0,1660982
0,6103516 0,2431872 0,1422565
0,8138021 0,2590819 0,1653035
0,8138021 0,2654397 0,166893
0,6103516 0,2415978 0,1557668
0,4069011 0,2559029 0,172456
0,6103516 0,2511346 0,1621246
0,4069011 0,2336504 0,1509984
0,8138021 0,2638502 0,1660982
0,4069011 0,2447767 0,1525879
0,6103516 0,2527241 0,1708665
0,6103516 0,2511346 0,1660982
0,6103516 0,2495451 0,1557668
0,6103516 0,2559029 0,1645088
0,6103516 0,2574924 0,1517932
0,6103516 0,232061 0,1454353
0,6103516 0,2447767 0,1597404
0,6103516 0,2511346 0,158151
0,6103516 0,2559029 0,1645088
0,6103516 0,2447767 0,163714
0,6103516 0,2447767 0,1549721
0,4069011 0,2479557 0,163714
0,6103516 0,2511346 0,1660982
0,6103516 0,2336504 0,154972
0,6103516 0,2479557 0,1597404
0,4069011 0,2352399 0,1613298
0,6103516 0,2415978 0,1589457
0,4069011 0,2384188 0,1525879
0,6103516 0,2415978 0,1565615
0,6103516 0,2447767 0,1660982
0,6103516 0,2654397 0,1756349
0,8138021 0,2495451 0,1700718
0,6103516 0,2495451 0,1692771
0,4069011 0,2622608 0,1780191
0,6103516 0,2686186 0,1827874
0,8138021 0,2574924 0,1613299
0,8138021 0,2622608 0,172456
0,6103516 0,2511346 0,1708665
0,6103516 0,2765658 0,1851716
0,6103516 0,2876918 0,201066
0,6103516 0,2527241 0,1700718
0,6103516 0,2543135 0,1843769
0,4069011 0,2733869 0,1915294
0,6103516 0,2638502 0,1883505
0,4069011 0,2543135 0,181198
0,6103516 0,2559029 0,1835821
0,6103516 0,2765658 0,1915294
0,6103516 0,2765657 0,1859663
0,8138021 0,2590818 0,1804032
0,4069011 0,2431872 0,1629193
1,017253 0,2686186 0,1819927
0,6103516 0,2638502 0,1788138
0,6103516 0,2670291 0,1970925
0,8138021 0,2749763 0,195503
0,8138021 0,2606713 0,1851716
0,8138021 0,2876918 0,1955029
0,6103516 0,2765658 0,1947083
0,6103516 0,2765657 0,1962977
0,6103516 0,2749763 0,1994766
0,8138021 0,2765657 0,1986819
1,017253 0,2908707 0,2018607
0,6103516 0,2956389 0,2161657
0,8138021 0,270208 0,2010661
0,6103516 0,2765658 0,1978872
0,6103516 0,2765658 0,1923241
0,6103516 0,2861023 0,2090132
0,6103516 0,2781551 0,2042449
0,6103516 0,2876918 0,2042449
0,6103516 0,2876918 0,2098079
0,6103516 0,2908706 0,2129868
0,6103516 0,2765658 0,2058344
0,6103516 0,270208 0,2074239
0,6103516 0,2717974 0,2018608
0,8138021 0,2749763 0,2066291
0,6103516 0,3131227 0,2241129
0,6103516 0,306765 0,2233182
0,6103516 0,2749763 0,2018608
0,6103516 0,3115333 0,2241129
0,6103516 0,2956389 0,2185499
0,8138021 0,3099439 0,2272918
0,6103516 0,3099439 0,2328548
0,8138021 0,3321959 0,246365
0,6103516 0,3083544 0,2296759
0,8138021 0,3353748 0,240802
0,6103516 0,3321959 0,2527229
0,6103516 0,3655748 0,2725916
0,6103516 0,3433222 0,2527229
1,017253 0,3608064 0,2646442
0,8138021 0,3592169 0,2670284
0,8138021 0,3782906 0,2749759
0,8138021 0,406901 0,2948446
0,8138021 0,41008 0,2988183
0,8138021 0,4116694 0,3019972
1,017253 0,4386905 0,3147133
0,8138021 0,4466378 0,3170975
0,8138021 0,4704799 0,3369663
1,017253 0,4784272 0,3600132
1,017253 0,4943219 0,3655763
1,831055 0,5308791 0,3981595
1,220703 0,5308791 0,4013385
2,034505 0,5658468 0,4267695
2,441406 0,6167089 0,4553793
3,255208 0,715255 0,5133936
3,66211 0,8630753 0,6024039
5,289714 1,107852 0,7470459
4,679363 1,339911 0,8948651
6,306965 1,945496 1,293024
7,934569 2,705256 1,811982
12,61393 3,930726 2,640089
15,6657 4,833539 3,302097
18,31056 6,516775 4,467964
23,19336 8,376438 5,896093
23,60026 10,24565 7,334553
31,33135 12,29286 8,76665
36,21414 15,56238 11,27561
33,5693 19,07667 14,25505
44,75911 22,74672 17,47211
48,82814 23,69721 18,57598
51,87992 27,4372 21,77873
53,10063 29,75462 24,06278
55,3386 32,06729 25,89146
61,23872 34,27346 28,28041
55,7455 37,48731 31,12712
62,66288 39,36447 32,74916
60,4249 42,64671 35,60542
63,88359 44,14399 36,99302
67,95263 47,27207 40,59873
64,49394 49,03637 41,92353
66,325 49,85017 43,1808
84,02521 51,4746 44,52388
67,74918 54,25935 47,01378
74,05619 55,11925 48,22021
74,4631 57,36833 49,71746
85,04244 57,09495 49,59903
78,53213 58,62718 51,40067
75,68382 58,87991 52,03649
78,93903 58,13127 51,26557
83,41486 58,93238 52,69532
88,09415 58,77819 52,27327
81,38039 60,06407 53,72209
86,05968 62,30683 55,1288
89,72173 62,74392 55,22969
87,48381 63,18899 55,78999
86,46658 63,77392 56,46236
86,26313 64,81506 57,7244
88,50105 64,8325 57,57099
81,78728 64,12203 57,45657
81,78728 65,02486 57,5718
85,2459 66,71445 59,65241
88,50105 67,06572 59,93773
84,02521 65,97693 58,84657
84,43211 65,9817 59,1287
90,94242 66,11045 58,88154
86,46658 67,27394 60,06803
89,51829 68,00667 59,90912
83,61832 68,30072 60,76184
88,09415 68,50259 61,05193
95,62171 67,89857 61,29748
81,78728 67,39313 60,40103
93,18034 67,25168 60,51069
89,31484 68,08137 60,09745
83,61832 67,89223 60,73244
84,63555 67,62519 61,23549
99,8941 69,32592 61,81326
91,75621 68,04163 60,89536
89,31484 67,82705 60,77854
90,33208 69,12566 61,42307
88,7045 69,92037 62,31951
94,80792 69,99031 62,57383
89,92519 70,48943 62,92112
93,18034 71,00438 63,541
90,94242 70,04593 62,61594
101,5217 70,86134 63,08962
88,29761 70,03642 63,0896
90,94242 70,37018 62,69382
87,89071 69,4801 62,43159
92,57001 70,31454 63,42657
89,72175 71,25394 63,84143
90,12863 70,13971 63,13013
82,39763 69,32751 62,40058
91,14587 72,86246 65,01917
92,97689 71,84841 64,67114
88,7045 70,95036 63,64832
92,57 71,5448 64,72277
100,7079 72,3761 65,12807
91,95965 72,13924 64,54317
94,19758 72,4651 65,08675
101,7251 72,41741 65,63751
96,43551 73,71756 66,52203
92,77345 72,00098 65,0955
103,7596 72,68441 65,68994
99,8941 74,19759 67,1149
93,38379 74,55841 66,62457
90,53552 74,16105 67,12603
90,53552 74,94942 67,45665
95,01137 73,55389 66,06351
108,4389 75,10359 67,76419
94,40102 73,70804 66,62534
97,45274 74,05932 67,18325
97,85963 73,5809 66,54269
91,34931 73,78595 66,60074
91,75623 74,13085 67,26034
98,06308 75,71075 67,67519
97,45274 74,92874 68,26967
98,46999 76,62951 69,38069
103,3527 75,41831 67,2834
95,01137 74,38673 67,02589
104,3699 76,46736 69,10572
107,0148 75,30386 68,16791
103,7596 75,946 68,61695
98,87687 76,16852 68,578
96,63895 76,96329 69,46494
95,01136 76,70422 68,98177
99,48721 76,78841 69,28614
104,7768 77,47353 69,92751
102,3355 77,96937 69,94656
95,41827 76,46577 68,77196
100,5044 79,08521 70,74924
101,7251 76,47214 69,15102
109,863 77,73257 70,13571
98,67342 78,22054 70,23425
100,7079 77,73573 69,90684
101,7251 77,71826 69,76852
