0,6103516 0,3083549 0,2320611
0,6103516 0,2924601 0,2241137
0,6103516 0,301997 0,2177559
0,6103516 0,2988181 0,2320611
0,6103516 0,2733865 0,2145769
0,8138021 0,3433231 0,2574924
0,6103516 0,2892812 0,2177559
0,6103516 0,2670287 0,211398
0,6103516 0,298818 0,2272926
0,8138021 0,3274285 0,2431873
0,6103516 0,3019969 0,2257032
0,6103516 0,3051759 0,2225243
0,4069011 0,2956391 0,2257032
0,6103516 0,3274285 0,2368295
0,6103516 0,3115338 0,2431873
0,8138021 0,3019969 0,2257032
0,6103516 0,3178917 0,2400084
0,6103516 0,3274285 0,2463663
0,6103516 0,2702076 0,2082191
0,6103516 0,298818 0,2193453
0,6103516 0,3083548 0,2288821
0,6103516 0,2924602 0,2288821
0,8138021 0,3401442 0,2479557
0,6103516 0,3433231 0,2527241
0,8138021 0,3337863 0,238419
0,6103516 0,3115337 0,2209348
0,6103516 0,3051759 0,2272927
0,6103516 0,3147127 0,2431873
0,6103516 0,3051759 0,2288821
0,6103516 0,2606708 0,2018612
0,6103516 0,3147127 0,2320611
0,8138021 0,3178917 0,2320611
0,6103516 0,3433231 0,2447768
0,6103516 0,2765655 0,2129875
0,6103516 0,298818 0,2257032
0,6103516 0,2988181 0,2225243
0,6103516 0,3337863 0,2431874
0,6103516 0,3337863 0,2431874
0,6103516 0,3147127 0,2463662
0,6103516 0,3274285 0,2463663
0,4069011 0,2892812 0,2225243
0,8138021 0,3560387 0,2654396
0,6103516 0,3401442 0,2415979
0,6103516 0,3115338 0,2320611
0,6103516 0,3337863 0,2495452
0,6103516 0,3083548 0,2384189
0,6103516 0,3147127 0,2384189
0,6103516 0,3274285 0,2400084
0,8138021 0,3147127 0,2304716
0,6103516 0,3083548 0,2336505
0,6103516 0,3306074 0,2511347
0,6103516 0,3306074 0,2479557
0,6103516 0,3178917 0,2463662
0,6103516 0,3115338 0,23524
0,8138021 0,3115338 0,2336505
0,6103516 0,3242495 0,2495452
1,017253 0,346502 0,2574924
0,6103516 0,3337863 0,2479557
0,6103516 0,301997 0,2368294
0,6103516 0,3115338 0,2447768
0,8138021 0,3306074 0,2622608
0,8138021 0,3306074 0,2606713
0,8138021 0,3910066 0,2781551
0,8138021 0,3337863 0,255903
0,8138021 0,3687542 0,267029
0,6103516 0,3147127 0,2447768
0,8138021 0,3528598 0,2654396
0,6103516 0,3878276 0,2813339
1,017253 0,3719332 0,2781551
0,8138021 0,3496809 0,2670291
0,6103516 0,3782909 0,2845129
0,6103516 0,378291 0,2845129
0,6103516 0,3941854 0,2908706
0,8138021 0,3846488 0,2892812
1,424154 0,4259745 0,3035861
0,6103516 0,3719331 0,2829235
0,8138021 0,3846487 0,2861023
0,8138021 0,4291533 0,3131227
0,8138021 0,4259744 0,3099438
0,6103516 0,4514056 0,3321959
0,8138021 0,4450478 0,3226593
0,8138021 0,4609423 0,3433221
0,8138021 0,4450478 0,3242488
0,8138021 0,4641213 0,3465011
1,017253 0,4927314 0,3671641
0,8138021 0,4673001 0,3449115
1,017253 0,5022681 0,3687535
1,017253 0,5149838 0,3862377
0,8138021 0,508626 0,3941851
1,220703 0,5499521 0,4291535
1,017253 0,5118049 0,4132588
1,017253 0,5658468 0,4434587
1,017253 0,5531311 0,4434587
1,017253 0,6008151 0,4673007
1,220703 0,5690257 0,4529955
1,220703 0,6262465 0,4975007
1,220703 0,6675721 0,5181638
1,424154 0,7184347 0,5531315
1,627604 0,7820132 0,6119407
1,627604 0,8010865 0,6326032
1,424154 0,8551277 0,677108
1,424154 0,9282424 0,7327391
1,627604 1,026789 0,8169809
1,831055 1,157125 0,9107596
3,051758 1,265208 1,002948
3,66211 1,487732 1,158714
6,510417 1,980464 1,470249
10,57942 2,498626 1,807212
8,341471 3,226598 2,28405
9,765623 4,342398 3,108978
11,59668 5,995433 4,318554
16,4795 7,52449 5,453427
15,25879 9,015402 6,756782
18,9209 11,56807 8,770623
18,71745 12,02901 9,593963
25,0244 13,98087 11,06262
25,63476 15,55125 12,5742
24,00716 17,17568 14,18591
28,07616 18,78739 15,53854
29,29688 19,89364 16,6146
28,88996 21,82643 18,36618
27,26236 21,60708 18,37731
30,31412 23,27919 19,67271
36,62107 23,74013 20,72653
31,33137 25,479 22,03782
34,38311 25,72377 22,54644
35,80727 27,27509 23,69404
39,06244 27,20832 24,01352
35,40036 28,25101 24,44585
39,67283 28,59433 25,0721
35,60383 29,03937 25,64271
37,63833 28,46081 25,33912
38,04522 28,84228 25,44879
39,67284 29,35091 25,78417
41,097 30,56207 26,5026
39,87628 31,48396 28,02848
39,87629 31,18514 27,29734
42,52116 31,27733 27,76622
36,82452 31,54118 27,49919
46,59018 32,77459 28,85977
40,48664 32,50757 28,57049
42,72461 33,65515 29,50827
42,52114 33,83952 30,24577
43,94531 34,2051 30,30618
45,9798 34,09384 30,28392
45,36946 34,45943 30,58592
46,59018 35,73416 31,63337
47,81086 36,0012 31,88292
45,36946 35,47349 31,58091
46,79362 36,02981 32,16426
46,79364 36,64969 32,90334
46,59018 37,10427 32,07841
49,23501 37,24415 32,85567
45,97983 36,11882 32,10862
50,04882 37,75277 32,99553
48,01435 38,81771 34,78208
46,79364 39,36449 34,7662
55,54201 40,3404 35,8804
51,06609 40,62016 36,77367
54,52475 40,66784 36,58294
50,04883 40,84587 36,28095
57,57653 41,31953 36,47964
57,57654 42,03795 37,35859
53,30405 42,1969 36,88335
55,94891 42,62923 37,79411
51,67642 43,47482 38,80023
55,94891 44,26637 39,41695
53,71096 44,67328 39,86198
54,32127 42,42579 38,2646
58,59377 44,26639 39,31681
54,52475 44,7623 39,57273
58,59376 44,26956 40,38174
53,30407 44,39354 39,32316
56,76274 45,7255 40,96666
57,98346 46,40261 41,22257
60,22139 46,73323 41,69623
54,72819 46,87309 42,20963
62,05243 46,51706 41,61836
59,20413 46,92714 41,59292
64,49384 47,22278 41,77888
57,77995 48,04613 42,6356
61,64552 48,19554 43,08225
57,77997 48,17963 42,67216
57,37304 47,64557 42,59904
61,0352 48,41805 43,40172
60,22139 49,72141 44,60494
69,78356 49,53385 44,1583
62,05243 51,23139 45,56815
63,47664 52,1946 46,89058
64,90073 52,28043 46,46461
68,96974 55,56425 49,97094
67,1387 54,40397 48,92352
68,35939 54,27362 48,56586
68,15597 54,3086 49,20801
64,08694 54,93801 49,86288
74,46292 56,21276 50,8245
72,42841 56,8549 50,81973
70,19048 56,47979 51,30133
70,19048 56,09196 49,95505
70,59738 57,70686 51,81474
76,09055 58,32673 52,13102
71,00427 57,57016 51,51273
70,8008 57,745 52,21368
67,95248 56,81993 51,44755
76,70088 58,88624 52,59197
69,58015 59,0706 53,60605
68,96976 61,09241 55,28929
72,63187 59,46478 53,66643
69,78356 59,64599 52,99728
74,05605 60,72681 53,95731
72,22498 61,0606 54,91734
85,24579 62,0111 55,00795
72,225 61,17822 55
97,85966 63,0983 55,49591
104,3701 64,41119 56,69119
100,5045 68,4643 60,36284
89,9251 68,55332 60,07197
108,4392 73,76672 63,77062
114,1357 78,18541 66,78584
123,0876 82,37205 70,64027
123,0876 89,99825 77,07437
138,7532 89,20672 77,57507
124,3083 90,1858 77,67359
132,8531 90,75802 78,83552
147,2982 93,4251 78,92133
