0,8138021 0,413259 0,3067657
0,8138021 0,4084904 0,3043814
0,8138021 0,4212064 0,3099448
0,8138021 0,4386906 0,3178923
1,017253 0,4402801 0,3210713
0,8138021 0,4307431 0,3163027
1,017253 0,4609431 0,3449136
0,8138021 0,4545852 0,3584236
1,017253 0,4466379 0,3266345
1,017253 0,4593536 0,3504765
0,8138021 0,4704799 0,3679603
1,220703 0,4800167 0,3663709
0,8138021 0,4752483 0,3616026
1,017253 0,5006798 0,3965701
1,220703 0,5102164 0,3949808
0,8138021 0,5038586 0,4124643
1,220703 0,5324684 0,4275639
1,220703 0,5324685 0,4243851
1,017253 0,5277002 0,4235903
1,017253 0,5435945 0,4355111
0,8138021 0,5102164 0,4124643
1,017253 0,567436 0,4506107
1,220703 0,5594889 0,4466371
1,017253 0,553131 0,4450476
1,017253 0,5817409 0,4585578
1,017253 0,5753832 0,463326
1,017253 0,5880987 0,4696838
1,220703 0,5578994 0,4514053
1,017253 0,5722044 0,4577631
1,017253 0,5896882 0,4720679
1,424154 0,6039932 0,4816046
1,424154 0,6707508 0,5253143
1,017253 0,6389615 0,5006781
1,424154 0,691414 0,5380303
1,220703 0,705719 0,5451831
1,424154 0,705719 0,5594887
1,220703 0,7359185 0,5809467
1,424154 0,7232029 0,5698203
1,424154 0,7565814 0,6095578
1,627604 0,7645286 0,605584
1,424154 0,7788338 0,6326049
1,627604 0,7677075 0,6294262
1,424154 0,8646653 0,680289
1,627604 0,8900969 0,7128728
2,034505 0,9139391 0,7375092
1,627604 0,9743384 0,7883715
1,627604 1,020432 0,8233386
1,831055 1,08083 0,8598955
2,034505 1,126923 0,9115517
1,831055 1,200041 0,9647995
2,441406 1,308125 1,064142
2,441406 1,362166 1,113417
2,644857 1,489322 1,204017
3,051758 1,581508 1,289843
4,272461 1,719792 1,40031
3,86556 1,861255 1,5227
8,748371 2,179145 1,716614
9,969073 2,641678 2,002716
11,39323 3,347398 2,417563
39,2659 4,734991 3,278254
34,58655 6,014506 4,13815
52,28682 8,184114 5,698997
31,94171 10,06762 7,182759
53,10062 12,32624 9,104411
55,74551 14,63731 10,82023
60,83182 16,80057 12,63062
93,7907 19,65523 14,48074
71,20786 23,04555 16,86255
84,43211 25,95584 18,81361
98,6734 30,31255 21,15251
112,7113 35,29549 25,26364
106,6079 38,98462 27,59695
127,3595 45,80342 32,25725
131,225 56,22231 38,67944
153,1973 65,46025 45,42272
132,4457 76,83916 54,15758
147,5008 83,40043 58,25124
148,518 93,70012 70,78491
184,733 105,6733 81,71952
157,4698 109,7613 89,79552
192,0574 114,8014 95,03753
187,9883 122,5165 103,5672
189,6159 124,7799 108,9268
176,5947 128,9585 112,7145
192,0574 131,3268 114,8165
192,0574 136,4225 119,2526
191,0401 140,1386 123,4941
190,6332 139,9129 121,5589
191,6505 146,1691 126,9138
191,0401 148,5993 129,5904
192,0574 148,7519 131,6114
192,0574 148,9554 130,5806
192,0574 148,8092 132,1319
191,8539 151,4476 132,7557
192,4643 152,6811 134,4494
192,0574 149,8995 132,2964
192,2608 149,429 132,6819
192,2608 156,7421 138,6868
192,0574 155,0303 133,4091
192,2609 156,0523 138,086
192,0574 154,741 136,0896
192,4643 160,3517 139,526
192,0574 160,4153 140,5686
192,2609 157,9739 137,4501
192,4643 160,4345 139,4403
192,4643 163,1 141,9031
192,4643 162,9395 139,8829
192,2609 159,2709 140,517
192,2608 163,2112 142,9362
192,4643 163,2525 141,702
192,0574 163,0936 143,2707
192,2608 165,1726 143,0737
192,0574 167,6157 145,4038
192,2608 167,4917 147,8929
192,4643 168,3135 145,3371
192,4643 167,603 144,4018
192,0574 164,273 144,3849
192,0574 167,7985 146,7422
192,0574 168,3039 145,6883
192,4643 168,4454 146,6349
192,4643 167,541 146,5347
192,4643 169,5755 148,0821
192,4643 172,7355 150,3805
192,4643 168,6759 148,2021
192,4643 171,0156 148,1552
192,4643 170,1779 148,0138
192,4643 172,5479 151,8705
192,2609 171,3717 149,2519
192,2609 170,9694 150,978
192,4643 170,8376 150,8891
192,4643 167,026 146,3297
192,2609 172,7767 150,9193
192,2609 171,9502 150,0276
192,4643 170,3989 150,297
192,2609 166,6223 145,7742
192,2609 170,294 148,5605
192,2609 170,3861 149,9473
192,4643 174,2184 153,731
192,4643 175,9875 154,7014
192,2608 174,4474 152,833
192,4643 174,6968 153,3797
192,2609 171,9359 153,0786
192,2609 171,8007 151,4922
192,4643 170,7438 148,9634
192,4643 173,6479 152,2909
192,4643 173,4539 151,7601
192,4643 174,3042 151,7553
192,2609 174,1564 152,1273
192,4643 176,3594 154,304
192,4643 173,0088 153,3367
192,4643 178,1652 155,9261
192,4643 173,0422 152,7193
192,4643 177,8186 156,364
192,4643 178,7246 156,6977
192,4643 177,9982 158,2729
192,2609 172,8737 153,2891
192,4643 177,1177 156,0381
192,2608 179,4352 158,594
192,4643 178,2446 157,9725
192,2609 179,618 157,9376
192,4643 180,001 159,3649
192,4643 179,6116 158,8412
192,4643 178,1222 158,1569
192,4643 178,7072 158,3159
192,4643 179,9232 159,3212
192,4643 181,2138 160,1613
192,2609 180,7465 160,3559
192,4643 180,1202 160,7692
195,3126 178,7357 157,2779
