0,6103516 0,2956391 0,211398
0,6103516 0,2892812 0,2288821
0,6103516 0,2829233 0,2193453
0,6103516 0,2765655 0,2145769
0,6103516 0,298818 0,2209348
0,6103516 0,301997 0,2272927
0,6103516 0,3051759 0,2225243
0,6103516 0,2924601 0,2193453
0,6103516 0,3083548 0,2368294
0,6103516 0,3210706 0,2272927
0,6103516 0,2797444 0,2129875
0,6103516 0,2956391 0,2050402
0,6103516 0,2956391 0,2336505
0,8138021 0,3147127 0,2336505
0,6103516 0,3115337 0,2288821
0,6103516 0,2797444 0,2241137
0,6103516 0,3019969 0,2225243
0,4069011 0,2765655 0,2129875
0,6103516 0,301997 0,2272927
0,6103516 0,2797444 0,211398
0,6103516 0,2924601 0,2209348
0,6103516 0,3051759 0,2177559
0,8138021 0,2892812 0,2177559
0,6103516 0,2765655 0,2098085
0,6103516 0,298818 0,2241137
0,6103516 0,2765655 0,211398
0,6103516 0,2797444 0,2145769
0,6103516 0,3147127 0,2304716
0,6103516 0,2797444 0,211398
0,6103516 0,2829233 0,2082191
0,4069011 0,2702076 0,2098085
0,6103516 0,2670287 0,2034507
0,8138021 0,3051759 0,23524
0,4069011 0,2829233 0,2241137
1,017253 0,3019969 0,232061
0,6103516 0,3274285 0,2479557
0,6103516 0,2956391 0,2145769
0,6103516 0,3242495 0,2384189
0,6103516 0,3147127 0,2336505
0,6103516 0,3115338 0,2304716
0,6103516 0,3274284 0,255903
0,6103516 0,3115338 0,2447768
0,6103516 0,3115338 0,2304716
0,6103516 0,3210706 0,2431873
0,6103516 0,2956391 0,2272926
0,6103516 0,2829233 0,2272926
0,6103516 0,2956391 0,2304716
0,6103516 0,2829233 0,211398
0,8138021 0,3019969 0,232061
0,6103516 0,2924601 0,2241137
0,6103516 0,3274285 0,2479557
0,6103516 0,2765655 0,2177558
0,6103516 0,3051759 0,2320611
0,6103516 0,3306074 0,2431874
0,6103516 0,2956391 0,2225243
0,8138021 0,3719332 0,2702079
0,6103516 0,3083549 0,2241138
0,6103516 0,3178917 0,2384189
0,6103516 0,2702076 0,2129874
0,6103516 0,3242495 0,2400084
0,6103516 0,3369653 0,2527241
0,6103516 0,298818 0,2304716
0,6103516 0,3178917 0,2384189
0,6103516 0,2924601 0,2161664
0,8138021 0,3083548 0,2336505
0,6103516 0,298818 0,2241137
0,6103516 0,2892812 0,2241137
0,6103516 0,298818 0,2209348
0,6103516 0,2702076 0,2098085
0,6103516 0,3115338 0,2431873
0,6103516 0,3306074 0,2415979
0,6103516 0,298818 0,2225243
0,6103516 0,3115338 0,2384189
0,6103516 0,2924602 0,2177559
0,8138021 0,346502 0,255903
0,6103516 0,301997 0,23524
0,6103516 0,3115338 0,2368295
0,6103516 0,3083549 0,2368295
1,017253 0,3401442 0,2590819
0,6103516 0,3178917 0,2400084
0,6103516 0,3051759 0,2272927
1,424154 0,3051759 0,2336505
0,8138021 0,3401442 0,2511347
0,6103516 0,3115338 0,2431873
0,8138021 0,3115337 0,2368294
0,6103516 0,3051759 0,2272927
0,8138021 0,3337863 0,2511347
0,6103516 0,3401442 0,2638502
0,6103516 0,3496808 0,2574924
0,6103516 0,343323 0,2590818
1,017253 0,3655753 0,2702079
0,6103516 0,3814698 0,2829234
0,6103516 0,3210706 0,2447768
0,6103516 0,301997 0,2336505
0,8138021 0,3433231 0,2527241
0,8138021 0,3337863 0,2479557
0,6103516 0,3147127 0,2368295
0,8138021 0,3274285 0,2479557
0,6103516 0,3465019 0,2606713
0,6103516 0,3592175 0,2749763
0,8138021 0,3337863 0,2590819
0,6103516 0,3274285 0,2543136
0,6103516 0,3210706 0,2527241
0,6103516 0,3433231 0,2590819
0,6103516 0,3147127 0,2447768
1,017253 0,3337863 0,2495452
0,6103516 0,3401441 0,2606713
0,6103516 0,3051759 0,2431873
0,6103516 0,3337863 0,2495452
0,6103516 0,3433231 0,2622608
0,8138021 0,3337863 0,2574924
0,8138021 0,3147127 0,23524
0,6103516 0,3623964 0,2702079
0,6103516 0,3369653 0,2511347
0,8138021 0,3306074 0,2479557
0,8138021 0,3623964 0,2717974
0,6103516 0,3274285 0,2527241
0,8138021 0,3560387 0,2717974
0,8138021 0,3782909 0,2749762
0,6103516 0,3274285 0,2590819
1,220703 0,3687543 0,2749763
0,8138021 0,3496809 0,2654397
0,6103516 0,3306074 0,2622608
0,6103516 0,3465019 0,2606713
0,8138021 0,3878276 0,2861023
0,6103516 0,3083549 0,2400084
0,8138021 0,3337863 0,2606713
0,6103516 0,3592176 0,2733868
0,8138021 0,3846487 0,2861023
0,6103516 0,3401442 0,2638502
0,6103516 0,3465019 0,2638502
0,6103516 0,346502 0,2686186
1,017253 0,3592175 0,2781551
0,8138021 0,3719332 0,2829235
0,8138021 0,4132588 0,3019966
0,6103516 0,3433231 0,2670291
0,6103516 0,3878276 0,2876917
0,8138021 0,3687543 0,2781551
0,6103516 0,3782909 0,281334
0,6103516 0,4005432 0,2940495
1,017253 0,441869 0,3210699
0,8138021 0,4291533 0,3083544
0,8138021 0,4164377 0,306765
0,8138021 0,406901 0,2956389
1,017253 0,4355111 0,3083543
0,8138021 0,4609423 0,3385537
0,8138021 0,4673001 0,3544484
1,017253 0,4545845 0,3274277
0,8138021 0,4673001 0,3528589
0,8138021 0,4863736 0,3910062
1,017253 0,5022681 0,3862377
0,8138021 0,5118049 0,397364
0,8138021 0,5022681 0,3782903
1,220703 0,5753835 0,4466376
1,424154 0,5690257 0,4434586
1,424154 0,6707513 0,5070374
1,424154 0,7025402 0,5261111
5,086263 0,8519491 0,6135303
4,272461 1,087188 0,7788333
8,138019 1,281103 0,8773804
8,138019 1,64032 1,103084
12,00358 2,209346 1,414617
12,20703 3,197987 1,962979
24,21061 4,673003 2,826054
36,62104 7,041294 4,334449
46,18326 9,504955 6,618497
44,35219 11,69522 8,330345
56,96622 15,63072 10,82738
63,68013 20,66294 13,44839
67,95262 31,42357 19,71085
76,49762 44,20282 28,6007
84,02521 51,63832 39,37881
85,44934 54,88401 43,92149
86,46658 57,71643 46,69352
90,33208 64,73553 54,86335
89,1114 68,0162 53,93988
102,9458 68,09565 55,95213
92,36655 71,73873 59,50461
106,4044 74,21828 61,65198
97,45274 74,84771 63,8216
97,65618 78,09973 68,18626
102,5389 79,62243 69,10339
104,3699 84,31446 74,27225
102,7424 82,06381 71,34131
110,4734 83,92029 73,99889
109,6596 85,37301 72,89578
105,1837 84,26994 71,79272
106,8113 86,31717 73,19144
109,2527 84,20317 73,84785
103,3527 89,17181 78,40959
107,4217 84,48293 72,80359
108,2355 86,30763 75,20686
105,5906 87,36299 76,22249
105,9975 87,46154 76,50542
108,032 88,50423 74,25475
119,2216 89,82983 77,88508
121,2561 87,79852 76,13986
108,8458 86,88934 75,73456
112,101 89,40385 78,76244
112,7113 87,07375 73,34559
115,1527 88,64729 77,29858
108,032 87,39161 74,6235
103,9631 88,93334 77,60056
116,5768 91,83887 81,31671
112,101 91,57182 77,66414
107,4217 91,39065 80,86217
109,6596 90,70718 79,2981
115,5596 91,39701 78,12029
113,932 90,5101 77,688
118,2044 91,68628 78,84827
112,101 92,80208 78,87213
117,1871 91,3048 79,22816
111,4906 89,80438 78,9389
113,1182 92,65584 80,7318
114,3389 92,97372 79,20114
112,7113 92,27122 80,55537
116,3733 90,83751 79,40459
114,1354 94,90966 82,15117
109,4561 93,50142 80,82558
108,6423 94,44552 82,34828
109,6596 94,6299 81,38821
108,4389 93,39651 81,58058
106,4044 92,58909 81,18957
112,5078 93,80658 81,75698
111,2872 95,90144 83,75333
116,9837 95,51045 85,70205
114,7458 96,22569 84,60054
111,2872 93,93057 83,56105
105,7941 93,15491 82,68049
113,7285 92,67809 81,39939
114,7458 94,26752 80,91778
114,3389 95,02093 83,11282
113,7285 94,06087 81,77605
115,763 97,05856 83,62617
112,9147 94,21666 80,69047
111,2872 96,00953 83,26381
111,0837 94,7094 84,11256
113,7285 94,64581 84,05858
115,1527 94,54091 82,84737
113,7285 96,56581 84,61803
109,4561 96,38145 83,29558
113,1182 97,86917 85,12823
112,3044 96,33378 82,73447
108,6423 95,50094 84,1873
112,5078 97,63075 85,59393
112,101 95,17985 85,11713
111,6941 96,34014 84,34782
110,4734 95,08767 82,05421
107,4217 93,56815 82,16233
120,6457 96,4673 85,84353
113,932 96,35285 84,56396
120,2389 96,82014 84,55125
110,8803 95,73933 85,56853
117,1871 95,79973 83,70725
110,8803 95,55495 85,29353
115,9665 96,20029 82,90459
114,7458 97,75473 84,92475
120,6457 94,36286 81,55194
112,101 97,27471 84,44318
110,4734 95,94595 83,47519
112,9147 96,33697 83,67864
113,3216 98,60983 84,59415
114,3389 96,08583 82,99519
116,3733 99,6684 86,90524
121,2561 97,78652 85,15521
114,9492 97,4305 86,44909
116,7803 96,7375 83,28445
111,6941 97,92319 84,9502
117,1871 97,97407 84,97407
116,3733 96,97272 83,68975
