0,8138021 0,4291537 0,3147133
0,8138021 0,4577641 0,3369662
0,8138021 0,4625326 0,3337873
1,424154 0,4514063 0,3329926
0,8138021 0,4609431 0,3488871
1,017253 0,4816062 0,3774969
0,8138021 0,4720694 0,3854439
1,017253 0,4720694 0,3774968
0,8138021 0,4975009 0,402133
0,8138021 0,5229319 0,4156432
1,017253 0,5356473 0,4307428
1,017253 0,5499522 0,4394846
1,017253 0,6008143 0,4744522
1,017253 0,5737938 0,4585578
1,424154 0,6008142 0,4680944
1,017253 0,6453193 0,5030622
1,424154 0,6977717 0,549157
1,220703 0,7247924 0,5650517
1,220703 0,7422763 0,5745887
1,627604 0,8201599 0,6469104
1,627604 0,8122126 0,6381683
1,831055 0,8678443 0,685852
1,424154 0,8837391 0,6890309
1,627604 0,9663915 0,7510197
1,831055 0,9950013 0,7502249
1,831055 0,9997697 0,7804239
2,237956 1,044273 0,7923441
2,034505 1,07924 0,8336692
1,627604 1,05222 0,8265166
2,034505 1,120566 0,8614842
1,831055 1,120566 0,8765837
5,493164 1,209576 0,8829423
7,120767 1,279513 0,9393684
6,103515 1,284282 0,9544684
5,696614 1,314482 1,006127
2,441406 1,331967 1,009306
3,458658 1,390777 1,039505
5,289714 1,52429 1,1158
3,051758 1,529058 1,157127
3,458659 1,653034 1,234212
4,272461 1,745223 1,337527
3,86556 1,772244 1,356601
4,475913 1,926425 1,506807
4,475912 1,964571 1,549722
4,679362 2,072651 1,665751
4,882813 2,204575 1,770653
4,882813 2,31266 1,889863
4,069011 2,368294 1,935165
5,086263 2,49704 2,064706
5,289714 2,563794 2,066294
5,900065 2,570153 2,075037
6,917316 2,616246 2,090136
6,306965 2,670285 2,064704
6,306965 2,633728 2,121927
6,306966 2,648033 2,129873
8,748369 2,722736 2,22683
5,900065 2,759295 2,25862
6,306965 2,74499 2,246698
5,696614 2,7736 2,279282
5,900065 2,754527 2,28246
6,713866 2,916655 2,441403
5,493164 2,881687 2,338886
5,493164 2,924603 2,386568
5,900065 2,942088 2,438225
6,103515 2,989773 2,484322
5,289713 2,967521 2,494654
6,510417 3,031098 2,570156
5,900065 3,113746 2,655189
7,324217 3,194806 2,663136
6,103515 3,296531 2,742607
5,696614 3,434817 2,895195
5,289714 3,42528 2,910294
5,493164 3,480915 2,935727
6,306965 3,485683 2,996923
5,086263 3,492041 3,023945
5,493164 3,549262 3,058119
8,138019 3,708204 3,197194
8,138019 3,700254 3,217856
5,289714 3,806747 3,28938
6,510416 3,739989 3,261564
5,696615 3,900526 3,386336
5,900065 3,935496 3,391899
6,103515 4,035634 3,491244
6,103516 4,092854 3,555617
6,713866 4,180272 3,63668
6,103515 4,262925 3,688338
5,696614 4,285173 3,770986
6,510416 4,261333 3,76145
5,900065 4,415508 3,873504
6,713867 4,494985 3,959337
7,120769 4,609431 4,065037
6,713866 4,568105 4,007023
6,103516 4,74294 4,202525
6,103515 4,746119 4,216038
6,713868 4,844663 4,304251
6,510417 4,79698 4,322525
7,324218 4,981353 4,431404
6,510417 4,920952 4,39564
6,510417 5,030632 4,539491
6,713867 5,059247 4,522801
6,917318 5,129183 4,552207
6,917317 5,307199 4,696051
6,713867 5,375543 4,779494
7,731118 5,346935 4,806517
7,120768 5,346932 4,768369
7,934569 5,353293 4,790625
8,341471 5,434352 4,864534
6,917318 5,532897 4,951955
7,324218 5,427991 4,86612
7,324218 5,604424 5,028247
7,120769 5,731585 5,1109
7,73112 5,761788 5,145869
6,917317 5,742714 5,152225
7,934568 5,819007 5,222161
7,120767 5,791987 5,176066
7,93457 6,017683 5,3517
7,73112 5,939802 5,353292
7,73112 5,96841 5,357264
7,93457 6,093975 5,452634
7,731121 6,078078 5,496345
7,934569 6,060596 5,425615
7,731119 6,117818 5,490782
7,73112 6,260872 5,609989
7,934571 6,299022 5,631445
9,155273 6,372137 5,725223
8,341472 6,41823 5,776881
8,544923 6,464327 5,819003
8,748371 6,49929 5,842045
8,138021 6,411875 5,790393
8,544923 6,459558 5,797544
8,138021 6,621672 5,945364
8,951821 6,737708 6,037558
8,544923 6,72976 6,062987
8,951821 6,729762 6,054245
8,74837 6,747242 6,056629
9,358722 6,891885 6,207623
8,951823 6,968179 6,251333
9,155272 6,984074 6,183784
9,155274 7,252693 6,444454
9,765624 7,564226 6,667772
9,969075 7,616678 6,727375
10,57943 7,81059 6,953875
10,57943 8,047421 7,167657
10,98633 7,952055 7,101694
10,17253 7,810593 6,894273
9,969076 7,958415 7,145407
9,562174 7,950466 7,164478
10,78288 8,044243 7,236001
10,57943 8,02358 7,166064
10,17253 8,042654 7,191497
11,80013 8,195241 7,212162
9,969075 8,104643 7,295608
10,78288 8,309682 7,499854
10,37598 8,31445 7,421177
11,59668 8,250875 7,390976
10,37598 8,335115 7,487935
10,98633 8,479754 7,553103
10,98633 8,459092 7,543567
10,98633 8,414588 7,50065
11,39323 8,62598 7,688206
12,00358 8,535381 7,656414
10,78288 8,524255 7,734297
13,22428 8,581478 7,727939
11,59668 8,708634 7,784365
11,18978 8,734065 7,843969
11,80013 8,769033 7,80344
11,18978 8,869172 7,857481
11,18978 8,797646 7,901986
10,78288 8,81195 7,888476
13,02083 9,102828 8,025174
12,00358 8,893017 8,045834
11,39323 8,746781 7,775624
11,59668 9,183882 8,196834
10,98633 9,005871 7,99736
10,98633 9,144139 8,18888
11,80013 9,209311 8,078414
11,80013 9,330109 8,258819
12,41048 9,277662 8,302531
11,18978 9,147322 8,177755
12,41048 9,353954 8,349417
11,59668 9,295143 8,2763
14,85189 9,744964 8,544127
12,00358 9,503372 8,469422
11,80013 9,487476 8,523466
12,41048 9,679789 8,695126
12,00358 9,641652 8,529028
12,81738 9,687738 8,585455
12,81738 9,675026 8,640289
12,41048 9,819658 8,742013
13,02083 9,954766 8,859633
11,59668 9,764029 8,690355
12,20703 9,929335 8,827843
11,80013 9,851455 8,868373
12,20703 10,03425 8,932751
12,81738 10,22498 9,161631
12,41048 10,01676 8,958179
13,02083 10,23928 9,165606
13,22428 10,34737 9,141765
13,22428 10,09624 8,962949
13,63119 10,12326 8,950233
13,63119 10,19319 9,063881
12,81738 10,09306 8,936726
12,61393 10,18525 9,066271
13,02083 10,17253 9,074214
12,61393 10,13756 9,150496
12,81738 10,22975 9,099643
13,42773 10,29174 9,132227
12,61393 10,22657 9,176734
14,24154 10,23769 9,032886
12,81738 10,26949 9,178321
12,81738 10,25995 9,167988
13,02083 10,13597 9,011431
14,64844 10,62234 9,427072
14,03809 10,45863 9,204541
13,22428 10,39505 9,200571
13,83464 10,44432 9,275276
13,63119 10,36803 9,213286
13,83464 10,30604 9,184674
13,63119 10,60009 9,363495
13,63118 10,32193 9,241896
13,02083 10,28856 9,11553
14,85189 10,60327 9,541511
14,03809 10,45862 9,209311
12,81738 10,34737 9,117127
15,25879 10,341 9,292762
13,63119 10,33465 9,237126
13,42773 10,35055 9,138589
13,22428 10,39346 9,183085
13,22428 10,39664 9,127454
14,03809 10,44909 9,309447
12,81738 10,43479 9,222029
13,02083 10,49836 9,392896
13,22429 10,34737 9,171164
14,64844 10,4634 9,239515
13,42773 10,53333 9,371436
13,22428 10,46657 9,247456
13,22428 10,44909 9,319778
12,81738 10,36007 9,320574
14,24154 10,47293 9,412768
13,42773 10,63824 9,322167
12,41048 10,35849 9,171165
13,02083 10,40935 9,326136
14,24154 10,38551 9,184675
13,42773 10,44591 9,258583
13,42773 10,40776 9,239508
13,42773 10,76222 9,608267
13,22428 10,47134 9,239512
13,02083 10,2965 9,253813
13,22428 10,50472 9,396872
13,42773 10,6271 9,406408
13,42774 10,68274 9,550257
12,81738 10,49359 9,396876
14,44499 10,45703 9,388922
13,02084 10,39187 9,229182
12,81738 10,54128 9,350776
13,42774 10,51743 9,357924
13,42774 10,56194 9,42866
13,42773 10,48723 9,237129
15,46224 10,54764 9,387336
13,63119 10,74473 9,502571
13,83464 10,55399 9,394485
12,81738 10,41412 9,174344
14,24154 10,48247 9,313424
13,83464 10,60327 9,35396
13,02083 10,58578 9,322165
14,03808 10,72725 9,479529
14,24154 10,79082 9,707605
13,22428 10,51585 9,346007
13,63119 10,5222 9,283219
14,24154 10,59373 9,481911
13,63118 10,56036 9,436608
13,42773 10,49518 9,374619
13,22428 10,54287 9,195805
14,03809 10,97043 9,693299
14,03809 10,57784 9,410379
13,02083 10,55718 9,395287
15,05534 10,66843 9,315812
12,61393 10,5683 9,420715
13,42774 10,54127 9,229978
14,24154 10,36326 9,222025
13,02083 10,38551 9,184673
12,81738 10,49518 9,349186
13,83464 10,43002 9,198983
13,83464 10,54763 9,297522
14,85189 10,61121 9,364282
13,63119 10,69546 9,462835
13,02083 10,56035 9,361902
14,03809 10,56671 9,466806
13,22428 10,46816 9,448525
13,42773 10,58261 9,436605
14,85189 10,60804 9,400049
13,83463 10,48246 9,302293
13,83463 10,55876 9,346801
14,85189 10,63506 9,320576
14,03809 10,53333 9,411972
13,22428 10,70341 9,536747
13,22428 10,6144 9,574094
15,25879 10,48564 9,411968
13,83464 10,54287 9,193423
13,02083 10,5826 9,338859
13,42773 10,70977 9,576484
12,81738 10,57784 9,437404
15,46224 10,53174 9,409586
13,22428 10,48723 9,253025
14,44499 10,75268 9,461248
14,24154 10,68751 9,547869
13,63119 10,58101 9,275274
13,02083 10,44432 9,31024
14,24154 10,7797 9,498597
15,05534 10,58101 9,325352
13,63119 10,77493 9,63052
13,02084 10,60327 9,431846
14,03809 10,44909 9,315012
14,44499 10,65254 9,37462
13,22428 10,44114 9,245076
13,83463 10,69864 9,605884
14,03808 10,77494 9,613036
14,64844 10,71136 9,624955
13,63119 10,77335 9,516877
14,24154 10,4173 9,206137
14,24154 10,68275 9,558206
13,42774 10,51584 9,369053
14,44499 10,69387 9,505751
13,22428 10,68592 9,426281
15,25879 10,73202 9,473172
13,83464 10,78765 9,521647
12,81738 10,60486 9,398463
14,03809 10,60962 9,424689
14,64844 10,77653 9,628141
13,02083 10,63188 9,40005
14,44499 10,84328 9,600323
15,46224 10,80832 9,59079
14,03809 10,77493 9,532774
13,22428 10,88619 9,674226
14,44499 10,75904 9,562973
13,63119 10,66049 9,42946
13,22429 10,61281 9,312629
14,64844 10,67639 9,636081
14,85189 10,9307 9,673433
13,83463 10,69547 9,551054
16,27604 10,8099 9,589989
13,42774 10,68593 9,448531
13,63119 10,78606 9,540721
13,42774 10,57784 9,327726
13,83464 10,45227 9,424689
13,63119 10,63347 9,388131
13,42773 10,76381 9,590785
14,85189 10,99745 9,829199
13,42774 10,65096 9,553436
13,22428 10,67479 9,54707
14,03809 10,84169 9,629726
15,66569 10,72408 9,605886
15,05534 10,8846 9,601908
14,44499 10,6589 9,48668
14,44499 10,87825 9,546279
13,22429 10,65414 9,504158
13,42774 10,91639 9,788673
14,85189 10,83216 9,590789
13,02083 10,84964 9,62893
13,63118 10,81149 9,731445
13,63119 10,97361 9,699661
14,24153 10,7654 9,457268
15,66569 10,85759 9,716347
13,22429 10,80513 9,462041
13,83464 10,71136 9,478729
15,05534 10,82579 9,603501
13,42773 10,95772 9,818865
14,64844 10,80831 9,497805
15,25879 10,89573 9,735423
14,85189 10,81467 9,667075
13,83464 11,07216 9,857821
14,24154 10,66049 9,284817
14,64844 10,77334 9,656743
13,42774 10,90686 9,681382
13,83464 10,94341 9,740984
14,03809 10,68116 9,404825
15,86915 10,82898 9,535159
13,83464 11,11984 9,846691
13,83463 10,92275 9,671844
13,63119 10,82739 9,628934
14,44499 10,8258 9,538334
13,83463 10,90209 9,586813
14,24153 10,88301 9,695687
13,42773 10,95613 9,725884
13,63118 10,86394 9,640852
14,44499 10,85122 9,653565
14,64844 11,09759 9,890399
13,63119 10,87188 9,756083
13,63118 10,87984 9,648796
14,24154 10,94023 9,629724
14,24154 10,89255 9,729866
14,44499 11,03242 9,615421
14,44499 11,10554 9,748932
15,66569 10,91957 9,71635
14,03809 11,02288 9,715553
13,83464 10,74792 9,54231
13,02084 10,88301 9,688534
14,85189 10,98474 9,761648
14,85189 11,22475 9,826823
15,46224 11,21839 9,980206
15,25879 10,99427 9,784695
15,05534 11,02606 9,714763
13,63118 10,80036 9,539917
15,46224 10,74314 9,678201
12,41048 10,62871 9,539922
13,63118 10,75427 9,594753
13,02083 10,84169 9,604295
15,46224 10,94182 9,465216
13,83464 10,95454 9,721912
14,44499 11,13415 9,886426
13,42774 11,12302 9,766415
15,05534 11,03242 9,764832
15,66569 10,95136 9,744164
13,83464 11,0642 9,748936
13,42774 10,9148 9,658331
13,63119 10,92116 9,732247
14,64844 11,02606 9,66628
14,64844 11,03878 9,681384
14,03809 10,92752 9,562169
15,05534 11,03877 9,791047
14,03808 10,93706 9,65277
14,24153 10,84964 9,592373
13,63119 11,02924 9,726681
15,05534 11,06898 9,799006
15,66569 11,09759 9,737807
15,05534 11,01176 9,743375
14,24154 11,25971 9,884041
14,64844 10,83692 9,720324
15,25879 10,97838 9,656744
13,22428 10,94023 9,698869
13,22429 10,97044 9,798209
15,25879 11,2009 9,934906
13,63119 11,1405 9,981003
15,46224 10,95612 9,874502
14,24154 11,13256 9,784699
14,03809 11,16594 10,03822
13,63119 10,89732 9,435809
14,03809 11,23587 9,83477
13,22429 11,04672 9,902319
15,66569 10,98792 9,764827
13,02083 10,9148 9,818869
13,63119 11,20249 10,07716
14,24153 11,22157 10,0573
14,64844 11,09917 9,764037
14,64844 11,17548 10,08987
14,03809 11,19773 10,01438
14,85189 11,23905 9,941262
15,66569 11,1866 9,93014
14,44499 11,15164 9,926958
13,22428 11,04831 9,887218
15,25879 11,18183 9,882454
14,03808 11,09123 9,863378
13,83464 11,11349 9,826818
14,03809 11,16753 9,802976
15,66569 11,25018 9,983382
14,03809 11,2311 9,868937
14,44499 11,28038 10,19398
14,64844 11,24064 10,05173
14,64844 11,05944 9,735422
14,03809 11,11825 9,773572
15,66569 11,33283 9,911067
13,22429 11,12143 9,941258
13,83464 11,31376 10,00086
14,03808 11,21363 10,0263
15,25879 11,35985 10,06524
14,24154 11,24223 9,716348
14,03809 11,2327 10,0112
16,07259 11,30899 10,06206
16,27604 11,21203 10,00325
14,85189 11,05308 9,900733
13,63119 11,10236 9,794236
13,42774 11,15799 9,918213
14,85189 11,17389 9,905499
14,24154 11,3821 10,11848
15,46224 11,30581 9,996099
15,66569 11,12142 9,72748
14,44499 11,15958 9,899934
14,85189 11,25336 9,886432
14,44499 11,06262 9,822843
14,64844 11,33601 10,09544
13,02083 11,16911 9,763242
13,42773 11,1262 9,802978
14,64844 11,35191 10,07319
14,24154 11,1421 9,829204
13,63119 11,29469 10,15981
14,85189 11,30264 10,00087
14,64844 11,13097 9,969869
14,44499 11,20726 9,911066
15,05534 11,24382 9,926163
14,03809 11,18978 9,843513
14,24154 11,18024 9,802179
15,46224 11,4282 10,14471
16,4795 11,49654 10,1463
14,44499 11,26289 9,943646
14,85189 11,20885 9,94126
14,64844 11,45681 10,11212
14,44499 11,32648 9,958747
15,86914 11,28833 9,984971
15,05534 11,02924 9,838739
14,24154 11,17865 9,798212
13,42773 11,37574 10,14312
