0,2441406 0,009536744 0,004768372
0,2441406 0,005722046 0,002861023
0,1220703 0,005722046 0,002861023
0,3662109 0,007629395 0,003814697
0,2441406 0,01525879 0,007629395
0,1220703 0,005722046 0,002861023
0,1220703 0,005722046 0,002861023
0,2441406 0,009536744 0,004768372
0,1220703 0,003814697 0,001907349
0,1220703 0,005722046 0,002861023
0,1220703 0,005722046 0,002861023
0,2441406 0,003814697 0,001907349
0,2441406 0,01144409 0,005722046
0,3662109 0,01144409 0,005722046
0,1220703 0,005722046 0,002861023
0,1220703 0,007629395 0,003814697
0,1220703 0,003814697 0,001907349
0 0 0
0,4882813 0,02098084 0,01049042
0,2441406 0,01144409 0,005722046
0,1220703 0,009536744 0,004768372
0,3662109 0,007629395 0,003814697
0,1220703 0,003814697 0,001907349
0,1220703 0,01335144 0,006675721
0,1220703 0,001907349 0,0009536744
0,2441406 0,009536744 0,004768372
0,2441406 0,007629395 0,003814697
0,2441406 0,007629395 0,003814697
0,3662109 0,01525879 0,007629395
0,1220703 0,005722046 0,002861023
0,2441406 0,01525879 0,007629395
0,3662109 0,01525879 0,007629395
0,2441406 0,01907349 0,009536744
0,1220703 0,007629395 0,003814697
0,1220703 0,01144409 0,005722046
0,1220703 0,01144409 0,005722046
0,2441406 0,009536744 0,004768372
0,3662109 0,01144409 0,005722046
0,1220703 0,009536744 0,004768372
0,2441406 0,01525879 0,007629395
0,1220703 0,005722046 0,002861023
0,4882813 0,02098084 0,01049042
0,2441406 0,02288819 0,01144409
0,2441406 0,007629395 0,003814697
0,4882813 0,01716614 0,00858307
0,2441406 0,007629395 0,003814697
0,2441406 0,007629395 0,003814697
0,2441406 0,01907349 0,009536744
0,1220703 0,01144409 0,005722046
0,2441406 0,02288819 0,01144409
0,3662109 0,01525879 0,007629395
0,3662109 0,01335144 0,00667572
0,1220703 0,01144409 0,005722046
0,1220703 0,01335144 0,006675721
0,2441406 0,01335144 0,006675721
0,1220703 0,009536744 0,004768372
0,2441406 0,01144409 0,005722046
0,1220703 0,007629395 0,003814697
0,2441406 0,03433228 0,01716614
0,2441406 0,01525879 0,007629395
0,2441406 0,01144409 0,005722046
0,2441406 0,02479553 0,01239777
0,1220703 0,02098084 0,01049042
0,2441406 0,01525879 0,007629395
0,3662109 0,01716614 0,008583069
0,2441406 0,01335144 0,006675721
0,2441406 0,01525879 0,007629395
0,2441406 0,01907349 0,009536744
0,3662109 0,01907349 0,009536743
0,3662109 0,02861023 0,01430511
0,1220703 0,01144409 0,005722046
0,4882813 0,02670288 0,01335144
0,2441406 0,03051758 0,01525879
0,4882813 0,03433228 0,01716614
0,7324219 0,03051758 0,01525879
0,3662109 0,03433228 0,01716614
0,3662109 0,03242493 0,01621246
0,3662109 0,03242493 0,01621246
0,4882813 0,04196167 0,02098083
0,3662109 0,04768372 0,02384186
0,2441406 0,03623963 0,01811981
0,3662109 0,06103516 0,03051758
0,4882813 0,07820129 0,03910065
0,4882813 0,06484985 0,03242493
0,3662109 0,06866455 0,03433228
0,3662109 0,08583069 0,04291534
0,4882813 0,08964539 0,04482269
0,4882813 0,125885 0,0629425
0,4882813 0,1335144 0,0667572
0,4882813 0,1659393 0,08296967
0,6103516 0,1964569 0,1001358
0,6103516 0,2346039 0,1268387
0,8544922 0,2403259 0,1268387
0,6103516 0,2403259 0,1325607
0,6103516 0,246048 0,1325607
0,7324219 0,2803802 0,161171
1,098633 0,2670288 0,1516342
0,9765626 0,2727509 0,1525879
0,8544922 0,2822876 0,166893
0,9765626 0,2746582 0,1621246
0,6103516 0,3185272 0,1850128
0,7324219 0,2689362 0,1544952
0,6103516 0,289917 0,1649857
0,6103516 0,2784729 0,1564026
0,6103516 0,3070831 0,1783371
0,6103516 0,2803802 0,1659393
0,9765626 0,3166199 0,1850128
0,6103516 0,3166199 0,1783371
0,6103516 0,2918243 0,169754
0,7324219 0,2975464 0,1773834
0,7324219 0,2880096 0,161171
0,7324219 0,3223419 0,1802444
0,6103516 0,3242493 0,1897812
0,6103516 0,328064 0,1888275
0,7324219 0,3261566 0,1850128
0,6103516 0,3089905 0,1764297
0,9765626 0,3585815 0,2164841
0,7324219 0,333786 0,1983643
0,8544922 0,3681183 0,2145767
0,6103516 0,3414154 0,1993179
0,7324219 0,3509521 0,2126694
0,9765626 0,3681183 0,2202988
0,9765626 0,3604889 0,2317429
0,8544922 0,3795624 0,2326965
1,098633 0,3986359 0,2555847
0,9765626 0,4272461 0,2498627
1,220703 0,4234314 0,2584457
0,8544922 0,3852844 0,2346039
0,9765626 0,3986359 0,2403259
1,098633 0,4043579 0,2508163
1,220703 0,4520416 0,287056
0,8544922 0,4348755 0,2756119
1,464844 0,5455017 0,3728867
1,220703 0,5512238 0,3881454
1,464844 0,6141663 0,418663
1,220703 0,6752014 0,462532
1,464844 0,6389618 0,4663467
2,563477 0,7419586 0,5140305
2,075195 0,7915497 0,5674362
2,197266 0,989914 0,7123947
1,953125 0,9822845 0,6990433
2,685547 1,089096 0,7715225
2,319336 1,203537 0,8850098
2,563477 1,358032 0,9727478
3,295899 1,53923 1,107216
4,638671 1,600266 1,185417
4,02832 1,695633 1,24836
3,540039 1,792908 1,338005
4,15039 1,882553 1,354218
4,394531 2,088547 1,507759
3,417969 2,147675 1,605988
4,394531 2,147675 1,562119
6,835936 2,496719 1,787186
5,371093 2,374649 1,713753
8,789063 2,719879 1,93882
7,080077 3,231049 2,310753
7,202147 3,787994 2,659798
6,225585 3,90625 2,869606
7,080077 4,369736 3,170967
7,934569 4,770279 3,558159
7,934569 5,00679 3,746986
10,00977 5,563736 4,058838
8,666992 5,884171 4,389763
10,49805 6,3591 4,93145
10,98633 6,324768 4,826546
9,399416 6,51741 5,01442
13,06153 6,902695 5,317688
15,38086 7,677078 5,784988
11,59668 7,616043 5,935669
15,74708 8,304596 6,136894
13,54981 8,224487 6,459236
15,86915 8,815765 6,774902
15,62501 9,307862 7,172585
16,60157 9,590149 7,368088
16,60157 9,698869 7,362366
20,01954 10,6945 7,959366
29,41894 11,51085 8,859634
16,96778 11,73782 9,173393
20,01954 12,2242 9,691238
19,28711 12,79068 10,25581
25,26856 13,34 10,12707
26,24512 12,81738 9,849549
23,55957 13,16261 10,28633
18,92091 13,35716 10,38837
23,80372 14,66179 11,7197
21,72852 14,40048 11,57951
21,11817 15,92255 12,75158
19,40919 14,76479 12,34055
21,85059 15,27977 11,99532
27,22168 16,74652 13,61752
23,19336 16,52336 13,18169
26,97754 16,57105 13,66425
24,90235 16,34598 13,14545
23,31543 16,0389 12,97665
23,68165 16,38985 13,12447
24,90235 16,83045 13,85784
27,34375 16,9754 13,4449
25,39062 16,56532 13,15022
23,68164 16,63017 13,38577
26,00098 17,34925 14,07337
29,90721 17,25769 13,60607
27,58789 18,5585 14,678
24,90235 18,2209 14,18495
23,19337 17,56287 14,51016
25,63477 17,6487 14,27078
28,93066 17,52281 14,01138
26,97754 16,79993 13,91792
23,31543 17,8814 14,25362
28,32031 18,116 14,54067
25,14649 17,64679 14,15253
26,7334 17,45415 14,24122
24,16993 18,39638 14,99462
23,55957 17,3111 14,20117
26,24512 18,63861 15,04135
31,86033 18,4288 14,89258
24,53614 18,06259 14,93549
26,36719 18,88657 15,46955
31,9824 19,38057 15,80906
26,24512 18,99719 15,40375
31,24998 18,50891 14,80293
27,09961 18,54706 15,25116
23,92578 18,64624 15,60688
28,19824 18,71491 15,18345
26,00097 19,00482 15,54871
28,3203 18,88657 15,54298
30,15136 19,8822 15,66506
25,75684 19,17458 15,32173
26,61133 18,88848 15,55634
30,51757 19,63615 16,12759
26,85546 19,74487 16,52527
34,17966 19,26422 15,78045
23,68164 19,3882 15,75756
27,70996 19,6228 16,04271
26,24512 19,26613 15,85007
30,15136 20,13779 16,46805
29,05273 18,8179 15,28072
28,32031 19,34815 15,68222
27,5879 18,83125 15,8205
27,46582 19,84596 16,10279
29,90722 18,52036 14,59503
25,39063 18,88275 15,44952
23,92579 18,28766 15,45048
27,70996 19,38248 15,96642
26,12305 18,39447 14,98127
26,61133 19,51218 16,15906
25,26856 19,4397 15,95879
26,12305 19,4149 16,19053
29,29687 19,34242 16,38794
28,07617 20,13588 16,26587
26,48926 18,84079 15,64598
31,37206 19,36913 15,94257
26,7334 19,88793 16,3374
28,44238 20,504 16,92104
26,12305 19,53697 15,975
26,48926 20,25223 16,58631
27,83203 19,52744 15,56969
26,00098 19,40918 16,27254
30,27343 19,72771 16,15524
31,86033 20,87021 17,20715
25,39063 19,43398 16,00647
32,47068 20,41054 16,29543
33,32518 19,66476 16,31641
26,85547 19,3634 15,72609
26,00098 19,31381 15,75279
31,73827 20,40482 16,31355
27,70996 19,63615 16,05701
28,56445 19,34624 15,19394
32,83689 19,907 16,21342
27,58789 20,22743 17,10701
23,68165 18,77976 15,37132
30,15135 20,01953 15,94162
30,02929 21,0228 17,04598
25,5127 20,43724 16,91628
30,63964 20,04051 16,18671
27,70996 20,19691 16,82377
31,49413 19,60755 16,1953
31,37206 20,60127 16,819
27,34375 19,73343 16,40511
26,00098 19,82689 16,25729
26,48926 19,6209 16,38222
31,37206 20,18738 16,51287
27,46582 19,87267 16,24489
26,00098 19,81926 16,28018
29,41894 19,75441 16,58154
30,3955 20,83206 17,42172
30,51756 21,03424 17,11082
26,36718 20,70236 17,10987
28,68652 20,21408 16,3126
29,66308 19,93942 16,46137
27,46582 20,17403 16,73031
31,49413 20,81871 17,03548
30,51757 21,19827 16,98017
30,27343 20,70618 16,54339
29,54101 20,42008 16,86096
25,14649 19,74106 16,58631
32,95896 21,54541 17,5457
29,90722 21,09146 17,5848
26,24512 21,05713 17,35115
26,12305 20,22743 16,48808
29,05273 20,26177 16,88194
31,37206 20,61081 16,85047
30,02929 21,20781 17,34924
26,7334 20,47157 17,0269
32,10448 21,37756 17,29965
31,73827 21,0228 17,66777
30,88378 20,95413 17,4799
28,56445 21,46912 17,42744
34,54588 21,22307 17,31682
28,07617 20,6604 17,06791
29,05273 20,67184 16,54243
28,19824 21,37756 17,77935
29,90722 20,9465 17,1957
28,56445 21,61598 18,11314
32,34861 22,28928 18,44406
30,15135 20,85686 17,14611
31,00585 21,19637 17,75551
31,00585 20,70046 17,21573
26,61133 20,64133 16,83331
33,44724 21,55113 17,8175
27,83203 20,54214 17,45129
31,24999 21,0743 17,27772
33,56932 21,88301 17,7927
30,15136 21,65794 17,79079
29,78515 21,05141 17,11178
31,61619 20,96367 17,45605
30,88377 21,64078 17,40265
28,93066 21,63696 18,21232
28,68652 22,30263 18,55755
26,61133 20,42961 16,77704
32,83689 21,52252 17,42077
30,88378 21,0495 17,79938
32,95896 21,19255 17,29393
31,86033 21,28983 17,41982
29,1748 21,08002 17,23099
26,36719 21,02661 17,33017
27,70996 20,97511 17,33208
31,00585 20,44487 16,89816
32,83689 21,12389 17,29202
28,93066 21,20018 17,20047
32,34861 21,49391 17,88902
29,90722 21,02661 16,98017
28,93066 20,79392 17,07936
28,19824 20,76149 16,92105
27,34376 21,68846 17,7269
30,51757 21,12198 17,78984
29,1748 21,43097 17,58385
34,17966 21,18683 17,66491
27,95411 20,67184 17,06982
30,3955 21,79718 18,20755
26,12305 20,86449 17,34257
28,32031 20,33425 16,52336
32,22655 21,5168 17,32063
28,07617 21,05522 17,26246
27,70996 21,08765 17,36927
28,93066 21,04759 17,26246
31,00585 21,38901 17,43031
27,9541 21,24786 17,66968
26,36719 20,72525 17,7784
31,61619 21,50154 17,08126
30,15136 21,03806 17,53998
27,09961 21,17157 17,6096
29,66308 21,28411 17,69924
27,83203 20,27321 16,98589
32,22654 22,08138 18,12553
30,15136 20,37621 16,69979
29,78515 22,34077 18,48793
32,22655 21,65413 17,46273
28,56445 20,49637 17,25864
28,32031 21,27647 17,82703
27,09961 21,09337 17,24339
28,32031 21,93069 17,88616
26,97754 21,05141 17,17377
31,49413 19,80972 16,45374
29,66308 21,43288 17,91286
29,05273 21,21925 17,50374
31,73827 20,71381 17,01546
26,97754 21,72661 17,97199
28,68652 20,99228 17,02023
29,1748 21,0743 17,27581
30,88378 22,07375 18,14365
28,93066 21,45958 17,43698
34,4238 20,99228 17,36641
31,24998 21,66748 17,4408
29,54101 21,9059 17,96722
33,93552 21,64459 17,62009
35,76657 21,99936 17,83848
27,83203 21,16203 17,33685
31,73826 22,36176 18,35537
34,17966 21,88301 18,08739
28,93066 21,26884 17,30061
31,24998 21,54732 17,75551
28,19824 21,22307 17,38262
31,98241 21,65222 17,41695
29,66308 21,66557 17,75455
28,93066 21,32034 17,44652
31,73827 22,0623 17,54951
27,46582 22,1405 18,23616
30,88378 21,16585 17,48276
32,47068 20,94841 17,27962
37,96383 21,36803 17,7393
34,54587 22,08519 18,61763
31,12791 21,9574 17,50565
30,88377 21,76857 18,26191
30,15136 20,99228 17,16137
28,68652 21,24023 17,16232
29,78515 21,48438 17,81178
31,24998 22,08138 18,16177
32,59276 22,29691 17,56668
28,56445 21,61217 17,89284
36,01072 23,23151 18,61382
32,22654 22,25685 17,95483
30,76171 22,2187 18,67771
33,08103 21,85631 17,39311
30,63964 22,37701 17,52281
32,83689 22,23587 18,1675
30,15136 22,15385 18,35632
39,3066 22,00317 18,3115
30,3955 22,45712 18,52894
29,66308 22,49908 18,68534
32,10448 22,66884 18,6491
30,3955 22,10999 18,70823
29,90722 22,0089 18,05592
33,44725 22,07375 18,69202
29,41894 22,82333 18,08262
32,10448 21,60072 18,22567
36,13278 21,90971 17,9224
33,93552 22,02034 17,9863
30,27343 21,97456 17,98916
34,66794 22,5544 18,40305
31,49413 22,76611 18,8942
34,54588 22,41325 18,41068
29,05273 22,75658 18,72158
28,93066 22,16339 18,47553
30,51757 22,49527 18,02635
32,10448 22,53151 18,02063
29,54101 22,7623 18,9333
32,83689 22,79091 18,87798
31,9824 22,4514 18,80169
31,73826 22,90344 18,36872
26,97754 21,48819 17,77744
31,24998 22,95685 19,06395
30,63964 22,35222 18,50224
30,02929 22,90535 19,17648
36,98727 22,89009 18,94474
31,24998 23,39935 19,49596
32,47069 22,44568 18,7664
32,59275 21,58928 18,3239
32,22655 22,15958 18,37826
30,15136 22,54677 18,54897
34,66794 22,19772 18,81504
29,1748 22,15958 17,62676
35,2783 22,6593 18,2991
29,66308 22,5563 18,70155
28,44238 21,27457 18,10169
32,83689 22,81761 18,86368
28,44238 22,5029 18,1675
31,24998 22,01462 18,0769
32,47069 22,92061 18,42117
36,49899 22,69936 18,36014
31,73826 22,14241 18,1675
30,63964 21,72661 18,0521
31,12791 22,39227 18,28861
33,81345 22,89009 18,72063
30,3955 21,62743 17,3521
28,93066 22,25495 18,18276
33,20311 22,78519 18,47172
31,73827 22,8405 18,43071
30,76171 22,12906 18,6882
30,88378 22,75276 18,65482
31,24999 22,25304 18,18085
32,47069 22,48573 18,66341
31,49413 22,41516 18,55373
31,86034 23,00072 19,55128
30,63964 23,26202 19,11259
32,59275 23,00835 18,64815
30,76171 22,74323 18,73398
30,63964 22,24731 18,1818
30,51757 22,9187 19,02866
33,2031 23,45276 19,08493
32,22655 23,0751 19,41109
32,10447 22,63832 18,93997
34,42381 23,23914 19,1288
32,10447 22,74323 18,65387
35,03415 23,40508 19,50169
30,02929 23,21434 19,19174
32,83689 22,94731 17,98344
31,98241 22,74323 18,29529
29,78515 22,43996 18,67104
30,51757 22,30644 18,30387
31,98241 22,18437 18,00919
31,00585 22,77756 18,68916
31,86034 22,87674 18,56709
33,44725 22,8672 18,98479
30,3955 22,68219 18,99242
32,34862 23,35358 19,18697
33,93552 23,26012 19,00291
31,98241 23,5405 19,70673
31,61621 22,29691 18,57471
29,29687 22,4247 18,37063
31,00584 23,27919 19,05918
29,78515 22,39799 18,66913
