0,6103516 0,2797444 0,2225242
0,8138021 0,2956391 0,211398
0,8138021 0,2956391 0,232061
0,6103516 0,2892812 0,2034507
0,8138021 0,2924601 0,2161664
0,6103516 0,2956391 0,2193453
0,6103516 0,3242495 0,2495452
0,6103516 0,2797444 0,2034507
0,6103516 0,298818 0,2225243
0,6103516 0,2829233 0,2050402
0,6103516 0,2733865 0,1986823
0,6103516 0,2956391 0,2257032
0,6103516 0,2829233 0,2177559
0,8138021 0,298818 0,2193453
0,6103516 0,2892812 0,2161664
0,6103516 0,2702076 0,2098085
0,8138021 0,3083548 0,2304716
0,6103516 0,2797444 0,2082191
0,6103516 0,2956391 0,2129875
0,8138021 0,2892812 0,2145769
0,6103516 0,2733865 0,2082191
0,6103516 0,298818 0,2272927
0,4069011 0,2765655 0,2066296
0,6103516 0,2765655 0,2066296
0,6103516 0,2765655 0,2082191
0,6103516 0,2733865 0,2145769
0,6103516 0,2988181 0,2288821
0,6103516 0,3083548 0,2193454
0,6103516 0,2861023 0,2161664
0,8138021 0,3083548 0,2241137
0,6103516 0,3147127 0,2400084
0,6103516 0,3306074 0,2415979
0,8138021 0,3083548 0,2304716
0,6103516 0,2892812 0,2161664
0,6103516 0,2733865 0,211398
0,6103516 0,2956391 0,2288821
0,6103516 0,2797444 0,2177558
0,6103516 0,2797444 0,2161664
0,6103516 0,301997 0,2272927
0,6103516 0,2797444 0,2161664
0,6103516 0,3083548 0,2241137
0,6103516 0,2829233 0,2161664
0,8138021 0,3210706 0,2368295
0,6103516 0,301997 0,2241137
0,6103516 0,2892812 0,2209348
1,017253 0,3083548 0,2304716
0,6103516 0,301997 0,2288821
0,6103516 0,3083548 0,2288821
0,8138021 0,2924601 0,2304716
0,6103516 0,3147127 0,2241138
0,6103516 0,3083548 0,2304716
0,6103516 0,2892812 0,2257032
0,6103516 0,301997 0,2241137
0,6103516 0,298818 0,2336505
0,6103516 0,2797444 0,2161664
0,6103516 0,298818 0,2209348
0,6103516 0,2702076 0,2257031
0,4069011 0,2861023 0,211398
0,6103516 0,3178917 0,2400084
0,6103516 0,2829233 0,2161664
0,6103516 0,3147127 0,23524
0,6103516 0,2797444 0,2177558
0,6103516 0,2797444 0,2161664
0,6103516 0,2733865 0,211398
0,6103516 0,298818 0,2272927
0,6103516 0,2892812 0,2304716
0,6103516 0,2733865 0,2225242
0,8138021 0,3147127 0,2368295
0,6103516 0,3306074 0,2463663
0,6103516 0,3242495 0,2447768
0,6103516 0,3274285 0,2336506
1,017253 0,2702076 0,2066296
0,6103516 0,3178917 0,23524
0,4069011 0,2797444 0,2177559
0,6103516 0,2829233 0,2082191
0,8138021 0,3083548 0,2400084
0,6103516 0,2956391 0,2241137
0,4069011 0,2892812 0,2177559
0,6103516 0,2892812 0,2272926
0,6103516 0,3210706 0,2527241
0,6103516 0,3051759 0,2336505
0,8138021 0,3178917 0,2400084
0,6103516 0,3242495 0,23524
0,6103516 0,3274285 0,2447768
0,6103516 0,301997 0,2304716
0,6103516 0,2733865 0,2066296
0,6103516 0,3147127 0,2272927
0,6103516 0,3178917 0,2336506
0,6103516 0,3178917 0,23524
0,8138021 0,3178917 0,2415979
0,8138021 0,3369653 0,255903
0,6103516 0,2797444 0,2177559
0,8138021 0,3178916 0,2431873
0,6103516 0,3083549 0,2272927
0,6103516 0,3337863 0,2495452
0,6103516 0,3337863 0,2527241
0,6103516 0,2924601 0,2098086
0,6103516 0,298818 0,2415978
0,6103516 0,2829233 0,2098085
0,6103516 0,298818 0,2368294
0,6103516 0,2924601 0,2241137
0,6103516 0,2956391 0,2241137
0,6103516 0,2956391 0,2257032
0,6103516 0,3051759 0,2320611
0,6103516 0,3083548 0,2368294
0,6103516 0,3242495 0,2447768
0,6103516 0,3210706 0,2463663
0,6103516 0,3369653 0,255903
0,6103516 0,2861023 0,2241137
0,6103516 0,3274285 0,255903
0,6103516 0,3115338 0,2368295
0,8138021 0,3115337 0,2336505
0,6103516 0,3178917 0,2431873
0,6103516 0,3306074 0,2463663
0,6103516 0,2924601 0,2241137
0,6103516 0,3433231 0,2574924
0,6103516 0,3369653 0,2431874
0,6103516 0,3178917 0,2479557
0,6103516 0,3496808 0,2590818
0,8138021 0,3083548 0,2463662
0,6103516 0,3147127 0,2368295
0,8138021 0,3274285 0,2463663
0,8138021 0,3337863 0,2479557
0,6103516 0,3178916 0,2368295
0,6103516 0,2892812 0,2225243
0,6103516 0,3369653 0,2543136
0,6103516 0,3655753 0,2717974
0,8138021 0,3369653 0,2527241
0,6103516 0,3496809 0,2606713
0,8138021 0,3274284 0,2511346
0,6103516 0,3147127 0,2447768
0,6103516 0,2956391 0,2225243
0,6103516 0,3719331 0,2765657
0,8138021 0,3306074 0,2511347
0,6103516 0,3051759 0,2336505
0,6103516 0,3242495 0,2447768
0,6103516 0,3051759 0,2272927
0,6103516 0,3274285 0,2415979
0,8138021 0,3242495 0,2431873
0,6103516 0,3083549 0,2368295
0,6103516 0,3115338 0,2400084
0,6103516 0,3115338 0,2495452
0,8138021 0,2861023 0,2288821
0,6103516 0,3210706 0,2415979
0,6103516 0,3210706 0,2415979
0,6103516 0,3528597 0,2606713
0,6103516 0,2733865 0,2177558
0,6103516 0,3083549 0,2336505
0,6103516 0,3115338 0,2384189
0,8138021 0,3242495 0,2479557
0,6103516 0,3369653 0,2527241
0,6103516 0,3178917 0,23524
0,6103516 0,3306074 0,2527241
0,8138021 0,3433231 0,2543135
0,6103516 0,3178917 0,2336506
0,6103516 0,3465019 0,2574924
0,4069011 0,3083549 0,2384189
0,6103516 0,2892812 0,2257032
0,6103516 0,3083549 0,2447768
0,6103516 0,3242495 0,23524
0,6103516 0,3242495 0,2415979
0,6103516 0,3306074 0,2368295
0,6103516 0,3274285 0,2527241
0,6103516 0,3369652 0,2543135
0,8138021 0,3210706 0,2368295
0,8138021 0,3210706 0,2479557
0,8138021 0,3496809 0,2590819
0,6103516 0,3083549 0,2384189
0,6103516 0,3051759 0,2304716
0,6103516 0,3401442 0,2543135
0,6103516 0,3115338 0,2400084
0,6103516 0,298818 0,232061
0,6103516 0,3369653 0,2511347
0,8138021 0,3592176 0,2638502
0,8138021 0,3592176 0,2717974
0,6103516 0,3210706 0,2463663
0,6103516 0,3369653 0,2511347
0,6103516 0,3115337 0,2384189
0,6103516 0,3369652 0,2574924
0,6103516 0,3274285 0,2463663
0,6103516 0,3274285 0,2415979
0,6103516 0,3210706 0,2479557
0,6103516 0,3401441 0,2511346
0,6103516 0,3210706 0,2415979
0,8138021 0,3306074 0,2415979
0,6103516 0,3337863 0,2606713
0,6103516 0,3623964 0,2686185
0,6103516 0,3465019 0,2590818
0,6103516 0,3115338 0,2400084
0,6103516 0,3401442 0,2527241
0,6103516 0,3115338 0,2368295
0,6103516 0,3560387 0,2733868
0,8138021 0,3433231 0,2590819
0,6103516 0,3274285 0,2447768
0,6103516 0,3115338 0,2320611
0,8138021 0,3401442 0,2527241
0,8138021 0,3560387 0,2638502
0,6103516 0,378291 0,2749762
1,220703 0,3369653 0,255903
0,6103516 0,3115338 0,2400084
0,8138021 0,346502 0,2590819
0,6103516 0,3465019 0,2590818
0,6103516 0,3465019 0,2606713
0,6103516 0,3496808 0,2654396
0,6103516 0,3369653 0,2574925
0,8138021 0,3592176 0,2622607
0,8138021 0,3306074 0,2463663
0,6103516 0,3274285 0,2495452
0,6103516 0,3401442 0,255903
0,6103516 0,3401441 0,255903
0,6103516 0,3401442 0,2606713
1,220703 0,3242495 0,2463662
0,6103516 0,3178917 0,2368295
0,6103516 0,3528597 0,2686185
1,017253 0,3401442 0,2574924
0,4069011 0,3147127 0,23524
0,8138021 0,3560387 0,2606713
1,017253 0,3369653 0,2495452
0,6103516 0,3115338 0,2400084
0,6103516 0,3147127 0,2415979
0,6103516 0,3147127 0,2495452
0,6103516 0,3401442 0,2606713
0,6103516 0,3623964 0,267029
0,6103516 0,3274285 0,2447768
0,6103516 0,3274285 0,2463663
0,6103516 0,3274285 0,255903
0,8138021 0,3433231 0,2527241
0,8138021 0,378291 0,2765656
0,8138021 0,3528597 0,2702079
0,8138021 0,3083548 0,2479557
0,8138021 0,3496809 0,2638502
0,8138021 0,3528597 0,2654396
0,6103516 0,3433231 0,2590819
0,6103516 0,3210706 0,2415979
0,8138021 0,3401442 0,2574924
0,8138021 0,3751121 0,2829235
0,6103516 0,3337863 0,2574925
0,6103516 0,3496808 0,2590818
0,8138021 0,3242495 0,2511346
0,6103516 0,3274285 0,2463663
0,6103516 0,3560387 0,2654396
0,6103516 0,346502 0,2670291
0,6103516 0,3465019 0,2654396
0,8138021 0,3433231 0,2574925
0,6103516 0,3210706 0,2463663
0,8138021 0,3560387 0,267029
0,6103516 0,3147127 0,2511346
0,6103516 0,3623965 0,2654396
0,6103516 0,3528598 0,2733869
0,8138021 0,3242495 0,2431873
0,6103516 0,3592175 0,267029
0,8138021 0,3433231 0,270208
0,8138021 0,3623965 0,2749763
0,6103516 0,3337863 0,2590819
0,8138021 0,3941855 0,2829234
0,6103516 0,3465019 0,2590818
0,6103516 0,3719331 0,2733867
0,6103516 0,3369653 0,2606713
0,6103516 0,3337863 0,2511347
0,6103516 0,3623964 0,2717974
0,6103516 0,3115338 0,2447768
0,6103516 0,3242495 0,2511346
0,8138021 0,3401442 0,2590819
0,6103516 0,3178917 0,2479557
0,6103516 0,3306074 0,2527241
0,8138021 0,3401442 0,2606713
0,6103516 0,3496808 0,2670291
0,6103516 0,3274285 0,2527241
0,8138021 0,3337863 0,2511346
0,8138021 0,3369653 0,2574925
1,017253 0,3528598 0,2670291
1,017253 0,3433231 0,2574925
1,017253 0,378291 0,281334
0,8138021 0,3687542 0,2781551
0,6103516 0,3401441 0,2606713
0,6103516 0,3687542 0,2797446
0,6103516 0,3369652 0,2590819
0,6103516 0,3560386 0,2686185
0,6103516 0,378291 0,2876918
0,8138021 0,3560387 0,267029
0,8138021 0,3655753 0,2797446
0,6103516 0,3242495 0,2543135
0,8138021 0,3846488 0,2845129
0,6103516 0,3242495 0,2479557
0,8138021 0,3528598 0,2670291
0,6103516 0,3274285 0,2527241
0,8138021 0,3719331 0,2797446
0,6103516 0,3528597 0,2606713
0,6103516 0,3369653 0,2574925
1,017253 0,4227955 0,3051755
0,8138021 0,3719332 0,2845129
0,6103516 0,3210706 0,2543135
0,6103516 0,3592176 0,2797446
0,6103516 0,3306074 0,2527241
0,6103516 0,3401442 0,2527241
0,6103516 0,3878276 0,2940495
0,8138021 0,3337863 0,255903
0,8138021 0,378291 0,2829235
1,017253 0,4069011 0,2972284
0,6103516 0,3496809 0,2717974
0,6103516 0,346502 0,2606713
0,6103516 0,3623964 0,2797446
0,6103516 0,3719331 0,2845129
0,6103516 0,3782909 0,2797445
0,6103516 0,3496809 0,2670291
0,8138021 0,3655753 0,2717974
0,8138021 0,3719332 0,2781551
0,8138021 0,3592176 0,2765657
0,8138021 0,3846487 0,2861023
1,017253 0,3655753 0,2765657
0,6103516 0,3401441 0,2638502
0,6103516 0,3274285 0,2590819
0,6103516 0,3751121 0,2781551
0,6103516 0,3433231 0,2638502
0,6103516 0,3401442 0,255903
0,6103516 0,3655753 0,2781551
0,6103516 0,3337863 0,2479557
0,8138021 0,3401442 0,2622608
0,6103516 0,3560387 0,267029
0,6103516 0,343323 0,2559029
0,6103516 0,3751121 0,2845129
0,6103516 0,3941854 0,29246
0,6103516 0,3941854 0,2861023
0,6103516 0,3592175 0,2717974
0,8138021 0,3337863 0,2590819
0,6103516 0,3846487 0,2829234
0,8138021 0,4037222 0,2972284
0,6103516 0,3369653 0,2622608
0,8138021 0,3814698 0,2876917
0,6103516 0,3782909 0,2861023
0,6103516 0,3719331 0,281334
0,8138021 0,3560387 0,2702079
0,8138021 0,3846487 0,2892812
0,6103516 0,3560386 0,2765657
0,6103516 0,3369652 0,2654397
0,6103516 0,3782909 0,2861023
0,8138021 0,3401441 0,2638502
1,017253 0,4132589 0,2988178
0,8138021 0,3846487 0,2876917
0,8138021 0,3719331 0,2829235
0,8138021 0,3592175 0,2733868
0,6103516 0,3687542 0,281334
0,6103516 0,4291532 0,3099438
0,6103516 0,3623964 0,2797446
0,6103516 0,3687542 0,2765657
0,8138021 0,3941854 0,2940495
0,6103516 0,3306074 0,2590819
0,6103516 0,3846487 0,2908706
0,8138021 0,3814698 0,2845129
0,8138021 0,3719332 0,2749762
0,8138021 0,3973644 0,2924601
0,8138021 0,3496809 0,2638502
0,6103516 0,3719331 0,2829235
1,017253 0,4196166 0,306765
0,6103516 0,3592176 0,2638502
0,6103516 0,4037221 0,2972283
1,017253 0,3941855 0,2908706
0,8138021 0,3910066 0,2892812
0,8138021 0,378291 0,2781551
0,6103516 0,3878276 0,2924601
0,6103516 0,3719331 0,2797445
0,8138021 0,3687543 0,2829235
0,8138021 0,3941855 0,2940495
0,8138021 0,4450478 0,3194804
0,8138021 0,3973643 0,2940495
0,8138021 0,3910066 0,2908706
0,8138021 0,3878276 0,2861023
0,8138021 0,3846487 0,2892812
1,017253 0,406901 0,2988178
0,8138021 0,3910066 0,2876917
1,017253 0,441869 0,3163016
0,8138021 0,4164377 0,3051755
0,6103516 0,3687542 0,2845129
0,6103516 0,4196166 0,3035861
0,6103516 0,3910065 0,2956389
1,017253 0,4386901 0,3163016
0,8138021 0,3751121 0,281334
0,6103516 0,375112 0,2829234
0,6103516 0,378291 0,2892812
0,8138021 0,4323323 0,3099439
0,6103516 0,4164377 0,3051755
1,017253 0,4641213 0,3258382
0,6103516 0,4164377 0,306765
0,8138021 0,4418689 0,3258382
0,8138021 0,41008 0,3035862
0,8138021 0,4132588 0,3083544
0,8138021 0,4355111 0,3147121
0,8138021 0,4164378 0,3019967
0,8138021 0,470479 0,3353748
0,8138021 0,4164377 0,3051755
1,017253 0,4863736 0,343322
1,424154 0,4673002 0,343322
0,8138021 0,4545845 0,3385537
0,8138021 0,4482267 0,3242488
0,8138021 0,4545845 0,3385537
0,8138021 0,4355111 0,3210699
0,8138021 0,470479 0,3528589
0,8138021 0,4514056 0,3306065
0,6103516 0,4196166 0,3115333
0,8138021 0,4450479 0,3226594
0,8138021 0,4609423 0,3385537
0,8138021 0,4673001 0,3512695
0,8138021 0,4577634 0,3290171
0,8138021 0,4641213 0,3544484
1,017253 0,4577634 0,3512695
0,6103516 0,4545845 0,3401431
0,8138021 0,4641213 0,3417326
0,8138021 0,4514056 0,3465011
1,017253 0,4641213 0,3560379
0,8138021 0,4514056 0,3480906
1,017253 0,4831946 0,3623957
1,017253 0,4863736 0,367164
0,8138021 0,4800158 0,370343
0,8138021 0,5022681 0,3878272
1,017253 0,4736579 0,3719326
0,8138021 0,4514056 0,3576274
0,8138021 0,4482267 0,3385537
0,6103516 0,4545845 0,3528589
0,8138021 0,4927314 0,3719325
0,8138021 0,470479 0,3528589
0,8138021 0,4768369 0,3687536
0,8138021 0,4831947 0,3687536
1,017253 0,4768369 0,3671641
0,8138021 0,4927314 0,3878272
1,220703 0,4673001 0,3639852
0,6103516 0,4577634 0,3608063
1,017253 0,4895525 0,3846483
0,8138021 0,4831946 0,3846484
0,8138021 0,4895525 0,3782904
1,220703 0,5276996 0,397364
1,017253 0,4895525 0,367164
0,8138021 0,5054471 0,4100799
0,8138021 0,5022681 0,4100799
0,8138021 0,5308785 0,4196167
0,8138021 0,5022681 0,4053114
0,8138021 0,505447 0,3957746
1,017253 0,4990892 0,403722
0,8138021 0,5213417 0,4148482
1,017253 0,5118049 0,4069009
1,220703 0,5149838 0,4021324
1,017253 0,5181628 0,4180272
1,220703 0,5404153 0,4355114
1,017253 0,5435943 0,4386903
1,017253 0,5372364 0,4402798
1,017253 0,5276996 0,427564
1,017253 0,5785626 0,4641219
0,8138021 0,5944573 0,4720692
1,017253 0,5944573 0,4816061
1,017253 0,5753836 0,4657113
1,017253 0,5690258 0,4593534
1,017253 0,5404154 0,4402798
1,220703 0,6262464 0,4927322
1,017253 0,6008151 0,4863744
1,220703 0,6294252 0,4847848
1,220703 0,638962 0,5038585
1,017253 0,607173 0,4768376
1,017253 0,670751 0,5245215
1,017253 0,6389619 0,508627
1,424154 0,6898244 0,5356476
1,220703 0,6993612 0,5435948
1,220703 0,6580353 0,5213426
1,017253 0,6898244 0,548363
1,220703 0,6961823 0,5563102
1,017253 0,6898244 0,5578996
1,220703 0,7216136 0,5722046
1,424154 0,7120769 0,5753835
1,220703 0,7406871 0,5817413
1,220703 0,7502239 0,6055828
1,220703 0,785192 0,6151195
1,424154 0,7661185 0,6182983
1,220703 0,7661186 0,6230667
1,220703 0,7851919 0,6405507
1,220703 0,8424122 0,6786976
1,424154 0,8742011 0,683466
1,424154 0,8392332 0,6739293
1,627604 0,880559 0,70095
1,627604 0,9600314 0,756581
1,424154 0,9091689 0,7311497
1,831055 0,9981787 0,7915494
1,424154 1,02361 0,85036
1,424154 1,064937 0,8551285
1,627604 1,064937 0,8757917
1,831055 1,122157 0,904402
2,034505 1,160304 0,9409596
1,627604 1,138052 0,9075809
1,627604 1,160304 0,9504959
2,237956 1,217524 1,004537
2,441406 1,303354 1,041095
2,034505 1,265207 1,058578
2,034505 1,392364 1,131692
2,848307 1,465479 1,16825
2,237956 1,386006 1,147586
2,644857 1,557669 1,257261
2,441406 1,602174 1,268387
2,237956 1,567206 1,314482
3,051758 1,659395 1,381239
2,441406 1,608532 1,346271
2,848307 1,745224 1,447996
2,237956 1,72615 1,471838
2,848307 1,853306 1,525878
4,679362 1,964568 1,621245
