0,8138021 0,3910064 0,2940497
0,8138021 0,4545852 0,3298135
1,017253 0,4307432 0,3147132
1,220703 0,4593536 0,3433241
0,6103516 0,4323327 0,3170975
0,8138021 0,4482274 0,3321978
0,8138021 0,4545852 0,3361715
1,220703 0,4688904 0,3695496
0,8138021 0,464122 0,352066
0,8138021 0,4657115 0,3536553
0,8138021 0,4688905 0,3711391
0,8138021 0,4800167 0,3894175
1,017253 0,4943219 0,3910071
1,220703 0,4879641 0,3918017
1,017253 0,4959114 0,3981595
1,017253 0,508627 0,4045173
1,017253 0,5022693 0,4076961
0,8138021 0,5118058 0,4108749
1,017253 0,5149847 0,4172326
1,017253 0,519753 0,4156432
1,220703 0,5308791 0,4259745
0,8138021 0,5118058 0,4092855
1,017253 0,5388262 0,4323322
1,017253 0,5515417 0,4450476
0,8138021 0,5292896 0,4331268
0,8138021 0,5245213 0,4180274
1,017253 0,5181636 0,4275639
1,017253 0,5626678 0,4482265
1,220703 0,581741 0,4545842
1,017253 0,5435945 0,4378952
1,831055 0,5753832 0,4569684
1,017253 0,6039931 0,4839886
1,017253 0,5865092 0,474452
1,424154 0,654856 0,5078304
1,220703 0,5960459 0,4792204
1,220703 0,6405509 0,4990887
1,424154 0,6771086 0,5221352
1,424154 0,6564457 0,5213407
1,220703 0,6914139 0,542799
1,017253 0,6389616 0,511009
1,220703 0,6977717 0,5412094
1,627604 0,6914139 0,5531308
1,424154 0,7152557 0,5594887
1,831055 0,7311503 0,5729993
1,220703 0,7279713 0,5801521
1,220703 0,7565814 0,6000206
1,220703 0,7422763 0,5912786
1,424154 0,7979074 0,6389632
1,220703 0,7788339 0,6222737
1,627604 0,8106231 0,6588309
1,627604 0,8519495 0,6850573
1,627604 0,8710231 0,7009515
1,627604 0,9616233 0,7534043
2,237956 1,020432 0,825723
2,237956 1,076062 0,8606902
2,644857 1,182555 0,9433411
2,237956 1,298588 1,037915
5,289714 1,519522 1,203222
51,87992 2,134641 1,548925
40,4866 2,541543 1,813571
66,12157 3,700257 2,466042
154,0111 9,198179 5,369183
125,7319 15,21269 8,709431
122,2733 26,58208 15,02196
125,325 41,60403 24,07549
148,1112 64,07578 38,50856
181,8846 88,26883 55,26063
178,2224 104,5575 75,29412
192,0574 116,2796 87,01789
188,1917 118,4397 92,82498
190,8367 120,5139 94,08778
192,0574 121,0829 98,52633
191,4471 124,3603 98,36969
192,2609 129,8964 101,7155
192,2609 128,4102 102,6302
191,6505 132,4633 106,851
191,6505 138,7241 112,4165
192,0574 143,184 118,8402
192,0574 146,5378 122,5332
192,2609 147,2277 122,9846
192,0574 150,7658 128,8751
192,2609 151,7783 129,9242
192,0574 154,9222 134,7179
192,0574 158,0406 139,4465
192,0574 156,9995 136,6483
192,0574 158,3299 137,9055
192,2609 157,9802 140,3255
191,854 157,9628 138,0097
192,2609 161,3086 142,5825
192,2609 162,9569 143,045
192,2608 162,5627 143,3486
192,0573 162,5626 145,3259
192,2609 161,423 142,7493
191,6505 164,1983 146,6809
192,2609 166,0834 146,9351
192,0574 163,6642 145,9942
192,0574 166,1342 147,4327
192,2609 166,5793 147,9811
192,0574 163,634 145,4951
192,0574 164,2905 146,9383
192,2609 170,3671 150,6936
192,0574 167,3422 147,85
192,2609 167,7127 148,9673
192,0574 168,5678 150,5035
192,0574 171,9566 151,7537
192,2609 168,7474 150,9374
192,4643 172,2315 152,9307
192,2609 170,8615 152,9569
192,2609 172,0933 152,7813
192,2609 168,1561 149,855
192,2609 172,7895 151,95
192,2609 171,5862 152,0469
192,2609 172,3222 152,8758
192,2609 172,4239 153,6451
192,2609 172,605 154,06
192,2609 170,7788 152,4427
192,2609 174,2533 152,1169
192,2609 172,6862 154,0107
192,2609 171,6498 151,7115
192,2609 173,2488 155,1432
192,2609 171,7578 152,7932
192,2609 171,3319 152,9236
192,0574 173,6462 155,7885
192,2609 176,8696 157,1563
192,2609 171,5528 153,39
192,4643 176,6074 156,0635
192,4643 174,886 156,0269
192,4643 175,1594 154,203
192,2609 175,2627 156,3011
192,2609 175,9175 156,379
192,2609 172,2029 153,6849
192,2609 173,0645 155,0796
192,2609 172,853 154,2507
192,2609 172,4398 153,7977
192,2609 173,7194 154,4272
192,2609 173,5715 155,2775
192,2609 174,5094 154,4288
192,4643 171,049 152,3123
192,2609 176,0241 156,449
192,2609 176,3674 156,4538
192,2609 172,9055 155,3959
192,2609 173,767 155,3102
192,2609 175,1324 155,9507
192,2609 174,3933 156,3059
192,2609 176,2578 157,3518
192,2609 178,367 159,7995
192,2609 175,4503 156,3409
192,2609 177,8217 159,066
192,2609 173,6907 153,6452
192,2609 174,9274 155,6003
192,2609 176,4771 156,4037
192,2609 178,8454 159,7193
192,4643 176,2101 156,3402
192,2609 176,7123 158,3428
192,2609 172,2013 153,8716
192,2609 175,7523 157,5353
192,2609 174,6762 155,0439
192,2609 177,8711 159,0573
192,2609 176,1305 157,2953
192,2609 178,1794 157,014
192,2609 173,6828 154,0728
192,2609 173,3156 154,8738
192,2609 176,2434 158,2991
192,2609 173,1535 154,4812
