0,8138021 0,406901 0,302792
1,017253 0,4625326 0,334582
0,8138021 0,4482274 0,334582
0,8138021 0,4561747 0,3496818
1,017253 0,464122 0,3528607
1,017253 0,491143 0,3759075
1,017253 0,5038586 0,4029278
1,017253 0,4959114 0,3989542
1,017253 0,5404157 0,4227957
1,017253 0,5308791 0,4243851
1,017253 0,55631 0,43869
1,017253 0,5960459 0,4641209
1,017253 0,6341931 0,4919363
1,424154 0,6421403 0,5006781
1,017253 0,637372 0,5030621
1,220703 0,6977718 0,5443884
1,424154 0,6977717 0,5396199
1,220703 0,7104874 0,5698204
1,424154 0,7502236 0,6016102
1,627604 0,813802 0,6413473
1,831055 0,8551283 0,6755204
1,627604 0,8964548 0,6969785
1,627604 0,9663915 0,7398937
1,831055 0,9568549 0,7510195
1,831055 1,007717 0,7899603
1,831055 1,037916 0,8161858
2,034505 1,071293 0,823338
2,644857 1,123744 0,855921
2,441406 1,163481 0,8789684
2,848307 1,165071 0,900426
2,237956 1,209576 0,8861213
2,441406 1,244545 0,9218845
3,66211 1,268388 0,9497002
3,051758 1,333556 1,0101
3,051758 1,35263 0,9926163
2,848307 1,408261 1,014074
4,069011 1,428923 1,022021
3,458659 1,597404 1,142026
4,882813 1,689592 1,216731
5,696614 1,797676 1,280307
4,272461 1,878738 1,285075
4,882813 1,997948 1,369317
5,289714 2,099674 1,476606
5,900065 2,282459 1,568
4,679363 2,452532 1,719793
6,306965 2,725919 1,942317
5,696614 2,806981 2,018611
6,917316 2,886452 2,040862
6,510416 3,178914 2,219676
6,917318 3,318787 2,32617
7,324217 3,39985 2,281667
6,917317 3,474553 2,426306
5,900065 3,611246 2,525648
7,324218 3,795624 2,635321
8,951824 3,887813 2,667905
12,20703 4,323323 3,00328
9,562171 4,409155 3,04381
13,02083 4,814466 3,410975
11,80013 5,168915 3,64701
13,42774 5,664829 3,999074
12,00358 6,257695 4,553001
13,22428 6,607373 4,769166
13,22428 6,890297 5,098187
15,86915 7,658006 5,682307
13,63118 8,201603 6,261668
14,24154 8,546517 6,432537
17,70019 8,813544 6,663799
20,9554 9,578069 7,508599
21,15885 9,732249 7,547537
22,37955 10,17253 8,001329
22,78646 10,64937 8,255638
18,10709 10,87189 8,439222
20,9554 11,28833 8,902549
19,12434 11,61734 9,067851
17,08984 11,7604 9,289586
22,98991 12,23724 9,886421
25,43131 12,81262 10,35373
19,12435 12,98905 10,53015
22,37955 13,76152 11,20726
23,60026 14,12073 11,45522
26,24513 14,73744 11,85576
27,26237 15,02196 12,33101
23,19336 15,11256 12,77526
25,83822 16,03126 13,3125
24,41407 16,36664 13,56919
29,90722 16,84506 13,71701
24,61751 17,13435 14,40049
26,24512 17,53807 14,92579
30,31414 18,28352 15,60847
26,24511 18,72381 15,94226
26,85547 19,31031 16,3865
27,66927 19,8555 16,90069
30,72104 20,10823 17,16057
28,48307 20,39273 17,48006
30,51758 21,27489 18,38367
32,5521 21,85821 18,83507
32,34864 22,90566 19,33097
34,38315 23,35389 19,81179
32,34864 23,69086 20,21312
31,53484 24,43314 20,90693
32,55209 25,2978 21,88445
32,34864 25,25171 21,58642
32,95899 26,22922 22,29135
34,79004 26,75374 22,95892
35,19695 27,19561 23,40238
34,17969 27,73921 24,1685
35,60384 28,04597 24,2718
36,01075 28,7056 25,20799
36,82455 29,21264 25,95266
40,48666 30,11863 26,77043
36,01074 29,94538 26,80619
36,82454 31,35205 28,28996
37,23146 31,72556 28,37022
39,46938 31,87816 28,61183
42,72461 32,44559 29,37237
40,89355 32,93991 30,15679
40,2832 33,22919 30,50645
42,72461 33,93333 30,90859
41,09701 34,12087 31,04528
41,91079 34,55161 31,59999
42,3177 35,30185 32,39073
44,14877 35,9265 32,89461
43,33498 36,28573 33,20615
43,33496 37,37132 34,67319
43,94531 37,69239 34,73838
43,335 38,11679 35,03084
44,3522 38,64289 35,48384
46,5902 39,44397 36,28254
43,53842 39,42171 36,43273
45,16602 40,0718 37,10508
44,55566 39,98439 37,03833
46,79362 40,65038 37,02879
52,49023 41,17649 38,42274
46,18328 41,27501 37,69001
49,03158 40,98098 38,54751
48,01434 41,57703 38,4267
50,45572 41,05408 38,15968
48,42123 41,58179 38,18513
48,21777 41,58338 38,69374
45,57293 41,59769 39,08952
46,18326 41,49596 38,16843
46,99707 42,21758 39,35258
48,01435 41,91558 39,13879
49,23503 42,08724 38,86065
47,60744 42,3797 39,6506
48,4212 41,98551 39,66489
48,01433 42,40831 39,21986
46,79359 41,91716 39,52344
50,04884 42,87085 40,1346
48,01434 42,7723 39,84529
47,40397 42,34474 39,22541
51,67641 43,14583 40,52004
47,81089 43,0441 40,31659
47,81088 42,72779 39,97644
50,45571 42,95985 40,23155
49,43848 42,81362 40,21327
49,64191 43,09018 40,19179
49,6419 43,38264 40,63288
51,26952 43,26024 40,4223
48,42123 43,1506 40,14254
49,23502 43,59245 40,42069
53,7109 43,23482 40,41592
48,62471 43,30319 40,47157
50,45573 43,51616 40,41991
49,84537 43,46212 40,83156
49,64193 43,41601 40,63128
51,87988 43,43351 40,56295
50,04884 43,59563 41,14627
51,06607 43,61312 40,48906
49,84539 43,48756 40,24666
48,82812 43,30954 40,466
50,65918 43,69576 40,91341
50,45573 44,35223 41,45065
49,03159 44,082 40,83156
49,84537 43,73552 41,10258
48,62468 43,47643 40,88561
49,84538 43,60994 41,1288
49,64193 43,81657 40,84589
48,42123 43,62107 40,98338
49,84536 43,68624 40,2832
50,86261 43,99778 40,96905
50,65916 43,68621 40,78228
49,4385 44,13287 41,34099
50,45573 43,77524 40,60029
54,93166 44,21711 41,43394
48,82812 44,04544 40,8697
51,06609 44,35062 41,35688
49,23503 44,27752 41,5802
52,08334 44,26958 41,42445
49,84534 44,24096 41,60724
50,86264 44,07405 41,58337
52,6937 44,26162 41,51425
51,67643 44,4873 41,8353
52,69369 44,05181 40,93964
52,28678 44,11857 41,11609
51,67642 44,54294 42,01333
51,06607 43,98029 41,39661
52,69368 44,40149 41,54763
51,06608 44,40308 40,85143
51,26952 44,50163 41,65015
49,43846 44,15194 41,19315
49,84537 44,0375 41,05725
50,25228 44,50163 41,25119
54,72816 44,52705 41,68987
50,86262 44,12015 41,29809
52,89713 44,56997 41,77013
50,65918 44,48415 41,92035
51,47297 44,84495 41,50947
50,04881 44,64308 41,65887
56,1523 45,02931 41,81385
50,04881 44,77022 42,23505
49,64191 44,26004 41,92511
52,28678 44,27114 41,16693
51,6764 44,3395 41,5985
52,28676 44,55249 40,85303
51,26953 44,42533 41,48326
52,49021 44,59064 41,60882
54,32129 44,71461 41,759
53,7109 45,35991 42,37016
54,52474 44,23936 41,30443
51,47299 44,74956 42,07611
