0,6103516 0,2511341 0,1573563
0,6103516 0,2384185 0,1414617
0,4069011 0,2574919 0,1605352
0,6103516 0,2574919 0,1589457
0,4069011 0,2574919 0,1541773
0,6103516 0,2447763 0,1382827
0,4069011 0,2320606 0,1462301
0,6103516 0,2352396 0,1430511
0,4069011 0,2384184 0,1478195
0,6103516 0,2574919 0,1430511
0,4069011 0,2352396 0,1462301
0,6103516 0,2797444 0,1668931
0,4069011 0,2511341 0,1509984
0,4069011 0,2384184 0,1557668
0,6103516 0,2415974 0,1557668
0,6103516 0,2606708 0,1748403
0,4069011 0,2288817 0,1478195
0,4069011 0,2352396 0,1382827
0,4069011 0,2384184 0,149409
0,6103516 0,2384185 0,1541774
0,6103516 0,2352396 0,1351038
0,6103516 0,2606708 0,1653036
0,6103516 0,2574919 0,1557668
0,6103516 0,2511341 0,1748404
0,6103516 0,2733865 0,1732509
0,4069011 0,2288817 0,1509984
0,4069011 0,2384184 0,1716615
0,4069011 0,2288817 0,1335144
0,6103516 0,2574919 0,1732509
0,6103516 0,2511341 0,1684825
0,6103516 0,2606708 0,1748403
0,6103516 0,2511341 0,1637141
0,4069011 0,2320606 0,1589458
0,4069011 0,2257028 0,1446406
0,6103516 0,2479552 0,1716614
0,4069011 0,2257028 0,125567
0,4069011 0,2288817 0,1351038
0,6103516 0,2574919 0,1748404
0,6103516 0,2447763 0,1509984
0,4069011 0,2765655 0,1875561
0,4069011 0,254313 0,1589457
0,4069011 0,2574919 0,1827877
0,6103516 0,2511341 0,1589457
0,4069011 0,2702076 0,1827877
0,4069011 0,2352396 0,1573563
0,6103516 0,2638497 0,1796087
0,4069011 0,2574919 0,1780193
0,8138021 0,2606708 0,1732509
0,6103516 0,2638497 0,1859666
0,6103516 0,2511341 0,1668931
0,4069011 0,2606708 0,1653036
0,6103516 0,254313 0,170072
0,6103516 0,2606708 0,1621246
0,8138021 0,2797444 0,1970928
0,6103516 0,2606708 0,1684825
0,6103516 0,2384185 0,1605352
0,6103516 0,2606708 0,1796087
0,4069011 0,2574919 0,1653036
0,6103516 0,2447763 0,1589458
0,4069011 0,2479552 0,1653036
0,6103516 0,2733865 0,1843771
0,6103516 0,2511341 0,1732509
0,6103516 0,2670287 0,1827877
0,4069011 0,2574919 0,1716614
0,6103516 0,2702076 0,1843771
0,4069011 0,2638497 0,1891455
0,6103516 0,2606708 0,1716614
0,6103516 0,2702076 0,1780193
0,8138021 0,2606708 0,1859666
0,6103516 0,2924602 0,1986823
0,6103516 0,2574919 0,1684825
0,6103516 0,2606708 0,170072
0,6103516 0,2479552 0,1764298
0,4069011 0,254313 0,1796087
0,6103516 0,2670287 0,1796087
0,6103516 0,2447763 0,170072
0,6103516 0,2511341 0,1748404
0,6103516 0,2415974 0,170072
0,8138021 0,2892812 0,2066296
0,6103516 0,2479552 0,1684825
0,6103516 0,2606708 0,1764298
0,6103516 0,2479552 0,1811982
0,6103516 0,2511341 0,1653036
0,4069011 0,2702076 0,1748403
0,8138021 0,2797444 0,1970928
0,6103516 0,2479552 0,1780193
0,4069011 0,2479552 0,1684825
0,6103516 0,2670287 0,1732509
0,6103516 0,2606708 0,1716614
0,6103516 0,2765655 0,1875561
0,4069011 0,2670287 0,1748403
0,4069011 0,2415974 0,1637141
0,6103516 0,2606708 0,1827877
0,4069011 0,2479552 0,1684825
0,6103516 0,2733865 0,1796087
0,6103516 0,2670287 0,1732509
0,6103516 0,2574919 0,1811982
0,6103516 0,2670287 0,1811982
0,6103516 0,2733865 0,1986823
0,8138021 0,2765655 0,190735
0,4069011 0,2447762 0,170072
0,6103516 0,2670287 0,190735
0,6103516 0,2574919 0,1684825
0,6103516 0,2638497 0,1843771
0,6103516 0,2638497 0,1843771
0,6103516 0,2702076 0,187556
0,6103516 0,2511341 0,1764298
0,6103516 0,2733865 0,1955034
0,4069011 0,254313 0,1732509
0,6103516 0,2797444 0,2034507
0,6103516 0,2384185 0,149409
1,017253 0,298818 0,211398
0,6103516 0,2892812 0,1923245
0,6103516 0,2892812 0,1970929
0,6103516 0,2479552 0,1732509
0,6103516 0,2638497 0,1843771
0,6103516 0,2797444 0,1986823
0,6103516 0,2574919 0,1827877
0,6103516 0,2574919 0,1764298
0,8138021 0,2829233 0,2050401
0,6103516 0,301997 0,2066297
0,6103516 0,2892812 0,2129875
0,6103516 0,2765655 0,190735
0,4069011 0,2574919 0,1859666
0,6103516 0,2733865 0,1955034
0,6103516 0,2670287 0,1811982
0,6103516 0,298818 0,211398
0,6103516 0,2765655 0,1955034
0,8138021 0,2606708 0,190735
0,4069011 0,2733865 0,2002718
0,6103516 0,2670287 0,1891455
0,4069011 0,2606708 0,1939139
0,6103516 0,2956391 0,2050402
0,8138021 0,2861023 0,2018612
0,6103516 0,2956391 0,2082191
0,6103516 0,2733865 0,1955034
0,6103516 0,2797444 0,2034507
0,6103516 0,2702076 0,2002717
0,6103516 0,2765655 0,1891455
0,4069011 0,2511341 0,1764298
0,6103516 0,2702076 0,1939139
0,8138021 0,2797444 0,2018612
0,6103516 0,2829233 0,1955034
0,6103516 0,2638497 0,190735
0,6103516 0,2829233 0,2193453
0,6103516 0,298818 0,2161664
0,6103516 0,2702076 0,2050401
0,8138021 0,3115337 0,2272927
0,6103516 0,2829233 0,2145769
0,6103516 0,3051759 0,2193454
0,6103516 0,2924602 0,2129875
0,8138021 0,2670287 0,2098085
0,6103516 0,3115338 0,2320611
0,8138021 0,3083548 0,2082191
0,6103516 0,2702076 0,1970928
0,6103516 0,2765655 0,1923244
0,8138021 0,3019969 0,211398
0,6103516 0,2924601 0,2082191
0,4069011 0,2479552 0,1859666
0,6103516 0,2892812 0,2177559
0,6103516 0,3051759 0,2272927
0,6103516 0,3115337 0,2177559
0,6103516 0,298818 0,2209348
0,6103516 0,2892812 0,2082191
0,8138021 0,2829233 0,2018612
0,6103516 0,2670287 0,1843771
0,6103516 0,2924601 0,2082191
0,6103516 0,2892812 0,2002718
0,4069011 0,2829233 0,211398
0,8138021 0,2892812 0,2177559
0,8138021 0,3178916 0,2066297
0,6103516 0,2606708 0,1843771
0,6103516 0,3210706 0,2368295
0,6103516 0,2956391 0,2018613
0,6103516 0,2733865 0,2082191
0,6103516 0,2670287 0,1986823
0,6103516 0,2988181 0,2082191
0,6103516 0,3083548 0,2177559
0,6103516 0,2733865 0,2002718
0,6103516 0,2702076 0,2050401
0,6103516 0,2861023 0,2002718
0,6103516 0,3115338 0,2400084
0,6103516 0,2797444 0,2129875
0,6103516 0,3115338 0,2288821
0,6103516 0,3051759 0,2288821
0,6103516 0,2797444 0,2050401
0,6103516 0,2861023 0,2145769
0,6103516 0,3147127 0,23524
0,6103516 0,2956391 0,214577
0,4069011 0,2765655 0,2145769
0,8138021 0,3051759 0,2177559
0,4069011 0,2988181 0,2193454
0,8138021 0,3147127 0,2241138
0,8138021 0,3242495 0,2431873
0,6103516 0,3242495 0,2415979
0,6103516 0,2861023 0,2145769
0,8138021 0,3115337 0,2336505
0,6103516 0,3115338 0,2384189
0,6103516 0,2956391 0,2257032
0,6103516 0,298818 0,2304716
0,6103516 0,3147127 0,2431873
0,8138021 0,3306074 0,2463663
0,6103516 0,3051759 0,2272927
0,6103516 0,301997 0,2304716
0,6103516 0,3274285 0,2431873
0,8138021 0,3210706 0,2400084
0,6103516 0,3274285 0,2400084
0,6103516 0,3465019 0,2559029
0,6103516 0,3274285 0,2479557
0,6103516 0,3178917 0,2415979
0,4069011 0,2861023 0,2145769
0,8138021 0,346502 0,2511346
0,8138021 0,3528597 0,2559029
0,8138021 0,3019969 0,2304716
0,6103516 0,3401442 0,2479557
0,8138021 0,3941855 0,2797445
0,8138021 0,3496809 0,2527241
0,8138021 0,3433231 0,255903
0,8138021 0,3528598 0,2622607
0,8138021 0,3019969 0,2241137
0,6103516 0,3242495 0,2463662
0,6103516 0,3401441 0,2479557
0,6103516 0,3274285 0,2495452
0,8138021 0,3242495 0,2415979
0,6103516 0,3592175 0,2717974
0,8138021 0,3560387 0,2606713
0,6103516 0,3433231 0,2590819
0,6103516 0,3337863 0,2400084
0,6103516 0,3496808 0,2702079
0,8138021 0,3528598 0,2590818
0,6103516 0,3655753 0,2654396
0,8138021 0,3623964 0,267029
0,6103516 0,375112 0,2749762
0,6103516 0,3496808 0,2606713
0,6103516 0,3878276 0,2892812
0,6103516 0,378291 0,281334
0,8138021 0,3528598 0,2638502
0,6103516 0,3655753 0,2733868
0,6103516 0,3846487 0,2861023
0,6103516 0,3147127 0,2400084
0,6103516 0,3306074 0,2447768
0,6103516 0,3242495 0,2368295
0,6103516 0,3846487 0,2861023
0,6103516 0,3401442 0,2511346
0,6103516 0,3814698 0,2749762
1,017253 0,3687542 0,2781551
0,8138021 0,3751121 0,2749762
0,8138021 0,3751121 0,2781551
0,6103516 0,3846487 0,2829234
0,6103516 0,3814698 0,2876917
0,6103516 0,375112 0,2797445
0,8138021 0,3560387 0,2686185
0,8138021 0,3846488 0,281334
0,8138021 0,375112 0,2797445
0,6103516 0,4259745 0,3051755
0,8138021 0,4037221 0,2972283
0,8138021 0,3846488 0,2861023
0,8138021 0,4227955 0,3051755
0,8138021 0,3910066 0,2892812
0,8138021 0,4196167 0,3035861
0,8138021 0,4386901 0,3147122
0,8138021 0,4196166 0,3019966
0,6103516 0,4132588 0,3035861
0,6103516 0,4450478 0,3210699
0,8138021 0,4164378 0,3051756
0,6103516 0,3941855 0,2924601
1,017253 0,4450478 0,317891
0,6103516 0,406901 0,2988178
0,8138021 0,41008 0,2988178
0,8138021 0,4227956 0,3083544
0,8138021 0,43869 0,3163016
0,8138021 0,43869 0,3194805
0,8138021 0,3973643 0,2956389
1,017253 0,4482267 0,3210699
0,8138021 0,4545845 0,3369642
0,6103516 0,4259744 0,3051755
0,8138021 0,4418689 0,3226593
0,8138021 0,4609423 0,3337854
0,8138021 0,470479 0,3496799
0,6103516 0,4323322 0,3163016
1,017253 0,4514056 0,3210699
1,017253 0,4641213 0,3321959
0,8138021 0,4673001 0,3401431
0,8138021 0,4514056 0,3274276
0,8138021 0,4577634 0,3353748
1,017253 0,4927314 0,3528588
0,8138021 0,4641213 0,3337854
0,8138021 0,4514056 0,3306065
0,8138021 0,4768369 0,3544483
0,8138021 0,4768369 0,3449115
1,220703 0,4863736 0,3544483
1,220703 0,4927314 0,367164
1,017253 0,4895525 0,367164
0,8138021 0,4863736 0,3751115
0,6103516 0,4577634 0,346501
0,8138021 0,4800158 0,373522
1,017253 0,5308785 0,3989534
1,017253 0,4927314 0,3830588
0,8138021 0,4863736 0,3687536
0,8138021 0,4895525 0,3703431
1,017253 0,4959103 0,3878272
1,017253 0,5276996 0,433922
1,017253 0,5118049 0,3814693
0,6103516 0,470479 0,3639852
1,017253 0,505447 0,3751114
1,017253 0,4863736 0,3782904
0,8138021 0,4927314 0,3687535
0,8138021 0,4673001 0,3639852
0,8138021 0,4863735 0,3782904
1,017253 0,4831947 0,3862378
0,8138021 0,5118049 0,4053114
0,8138021 0,5181628 0,3941851
1,220703 0,5181628 0,4116694
0,8138021 0,5118049 0,3973641
0,8138021 0,508626 0,3989535
0,8138021 0,4895525 0,373522
1,017253 0,5213417 0,4116693
1,220703 0,553131 0,4259745
0,8138021 0,5181628 0,4069009
0,8138021 0,5658469 0,4323324
1,017253 0,5753836 0,4529955
1,017253 0,5467732 0,427564
0,8138021 0,5499521 0,4371008
1,017253 0,5690258 0,4434587
1,017253 0,5880993 0,4545849
1,017253 0,5626679 0,4514061
1,220703 0,6008151 0,4641218
0,8138021 0,5912784 0,4641218
1,017253 0,5912783 0,4641218
1,017253 0,6262463 0,4943216
1,017253 0,5944573 0,4800166
1,017253 0,6230675 0,4863743
1,017253 0,5944573 0,4736587
1,017253 0,603994 0,4784271
1,017253 0,6516776 0,5086269
1,220703 0,6961823 0,5308794
1,220703 0,7406871 0,565847
1,220703 0,6802879 0,52929
1,017253 0,6930033 0,5340582
1,220703 0,6898243 0,5515419
1,627604 0,7152557 0,5610785
1,017253 0,7088979 0,562668
1,220703 0,7406871 0,588099
1,424154 0,7692975 0,6182984
1,017253 0,7216136 0,5817412
1,424154 0,7820132 0,6230667
1,220703 0,7820131 0,6405507
1,424154 0,7979077 0,6500875
1,220703 0,7534029 0,6071723
1,424154 0,7979077 0,6373717
1,424154 0,747045 0,6087616
1,220703 0,7788342 0,6357822
1,424154 0,782013 0,6262456
1,220703 0,8424122 0,6723398
1,627604 0,8074442 0,6405506
1,220703 0,8583066 0,6914134
1,220703 0,8392332 0,6755189
1,627604 0,8455911 0,6850555
1,220703 0,8328755 0,662803
1,627604 0,8964534 0,7279708
1,831055 0,8837379 0,7073078
1,424154 0,8710222 0,7104868
1,424154 0,8710222 0,6977711
1,220703 0,8455911 0,6786976
1,831055 0,9632102 0,7645281
1,424154 0,9091689 0,7311497
1,627604 0,909169 0,7295602
1,627604 0,979105 0,7994967
1,627604 0,9536735 0,7549915
1,627604 1,026789 0,8328758
1,627604 0,9854629 0,8217493
1,627604 1,033147 0,8519494
1,627604 1,061758 0,8694336
1,831055 1,08401 0,8757915
1,831055 1,087189 0,8932759
1,627604 1,042684 0,8678442
2,034505 1,087189 0,8789705
1,627604 1,096726 0,8916864
1,831055 1,125336 0,9266543
1,627604 1,14123 0,9409595
1,831055 1,163483 0,9552646
2,034505 1,207987 0,9886428
1,831055 1,217524 1,007716
1,627604 1,207987 0,9918217
1,831055 1,296997 1,061757
1,831055 1,284281 1,060168
3,051758 1,322428 1,103082
2,034505 1,459121 1,206396
2,441406 1,484553 1,225471
2,237956 1,535416 1,247724
3,051758 1,608532 1,319251
2,441406 1,579921 1,306535
2,848307 1,665752 1,382829
2,644857 1,694362 1,400313
2,644857 1,738866 1,438459
3,255208 1,881916 1,552898
4,272461 2,021789 1,629193
4,475912 2,298355 1,810392
5,086263 2,441406 1,974106
4,882813 2,679825 2,088546
4,679362 2,667109 2,083778
7,73112 3,137588 2,408027
6,103515 3,496805 2,655983
7,120768 4,062652 3,113746
8,138021 4,520416 3,399849
17,08985 4,984537 3,763834
15,86914 5,846024 4,264513
15,05534 6,469091 4,773141
28,48306 7,963181 5,774497
24,41407 9,75291 6,693206
22,58301 11,24064 7,716815
29,70376 14,02538 9,643239
25,63476 17,15978 12,60122
39,67281 21,37184 16,26332
34,38311 22,33505 17,2027
30,92445 21,94723 17,06918
32,14517 24,33141 19,50423
34,99345 25,50125 20,1273
40,69006 26,86181 22,14432
35,40036 27,73602 22,15544
35,60381 28,18106 23,38726
39,26591 28,4926 23,15044
37,84176 28,95354 23,87841
44,14875 30,241 26,09093
38,4521 30,21875 25,37091
38,45211 31,1756 27,60568
44,55563 33,04479 28,33683
42,31769 31,57296 28,32729
39,46936 33,16559 29,59091
46,79361 33,1942 28,8089
43,94529 33,8268 29,56866
46,3867 34,98074 30,77506
46,18325 35,04432 29,8182
46,18326 34,95213 30,52233
52,2868 35,25413 30,26007
45,97982 36,17284 30,80526
47,60741 37,15512 31,4172
50,04884 37,6097 32,3518
50,2523 38,97982 34,04934
49,23504 39,81905 35,05865
57,37309 40,55975 35,05387
51,26955 41,24321 35,93603
49,8454 41,72639 36,33974
57,78003 42,2541 37,23779
54,32135 43,93258 38,87651
57,78002 45,15648 39,7825
59,00074 44,96256 38,67149
60,01798 46,76501 41,2162
60,01799 47,19735 42,19851
59,00073 48,11287 41,9728
65,71465 48,6978 42,89309
57,57657 48,43396 43,10609
65,10425 50,11242 44,00414
60,83179 48,488 42,59745
68,15607 51,07882 43,84359
71,4113 50,44622 42,65788
65,30774 52,12468 45,47438
67,13882 51,2028 44,50165
71,20784 52,4553 46,01163
63,47667 51,63196 46,78727
66,7319 52,09607 44,68443
67,95261 52,67781 46,20712
64,29049 52,10243 45,58086
69,78368 54,24502 47,60424
62,25596 52,80815 47,30384
66,52847 54,31178 48,61356
62,66286 53,52659 47,80929
66,52847 53,85403 47,05431
70,39405 56,06974 49,55135
62,25596 55,58337 48,81224
68,15608 56,02842 50,49709
71,4113 56,42579 50,31906
69,37679 54,91579 48,65329
65,91811 56,42897 50,02821
74,05618 56,27955 50,36514
71,41132 56,08246 49,48937
70,80094 55,99982 49,55931
64,29049 55,72961 49,44487
72,63202 57,70691 50,6465
76,9045 56,54659 49,46554
68,7664 55,15422 49,35745
72,63202 55,28774 48,30205
73,44582 56,46394 48,8965
70,80094 57,67513 51,08997
74,05619 57,85315 52,42034
69,78367 57,08065 49,22075
70,39406 57,57657 50,91672
69,37679 57,55115 50,05203
70,19059 58,51119 53,59176
72,02167 57,77366 51,74797
70,19059 57,88176 51,72734
76,90451 58,47303 51,11858
69,17332 58,02798 52,112
71,81818 57,27776 50,53207
78,53212 56,998 50,04409
69,98712 57,33179 51,63992
73,64927 57,69736 51,7464
80,1597 58,15833 51,5684
80,15969 58,95305 53,7205
81,38039 59,16605 52,25981
66,12156 58,55252 51,82748
70,80095 59,10247 52,39651
73,64928 59,18193 53,06725
69,98712 59,25823 53,02274
72,22511 59,27094 53,26435
71,00439 59,79548 53,03705
77,51485 60,62516 53,35973
73,24237 58,91174 53,48528
68,96988 59,14696 52,75414
70,19061 58,40629 52,61267
68,76643 58,27594 52,81613
71,41129 59,75414 53,31204
76,29415 58,46033 50,86585
68,56298 58,23143 53,30407
68,35951 59,05796 51,44284
72,63202 59,36949 52,72074
83,61829 60,59657 53,82542
78,1252 59,81454 53,45827
