0,6103516 0,3178917 0,2415979
0,6103516 0,3147127 0,2272927
0,6103516 0,2892812 0,2082191
0,6103516 0,2829233 0,2193453
0,6103516 0,3051759 0,2272927
0,6103516 0,2924601 0,2225243
0,6103516 0,2956391 0,2304716
0,8138021 0,3306074 0,2447768
0,6103516 0,298818 0,2288821
0,4069011 0,2702076 0,1970928
0,6103516 0,2574919 0,2034507
0,8138021 0,3560386 0,2463662
0,4069011 0,2797444 0,2082191
0,6103516 0,2892812 0,2177559
0,6103516 0,3147127 0,2304716
0,6103516 0,2733865 0,211398
0,8138021 0,2829233 0,2177558
0,6103516 0,2956391 0,2193453
0,8138021 0,3306074 0,2336506
0,6103516 0,2861022 0,2209348
0,6103516 0,3210706 0,2304716
0,6103516 0,2638497 0,2050401
0,6103516 0,2988181 0,2241137
0,6103516 0,2924601 0,2177559
0,6103516 0,2829233 0,2241137
0,8138021 0,3051759 0,2320611
0,6103516 0,2924601 0,2241137
0,6103516 0,3051759 0,2161664
0,6103516 0,3210706 0,2368295
0,6103516 0,2892812 0,2193453
0,8138021 0,298818 0,232061
0,6103516 0,3019969 0,2241137
0,8138021 0,2861023 0,2209348
0,6103516 0,3051759 0,2257032
0,6103516 0,2702076 0,2145769
0,4069011 0,2670287 0,2161664
0,6103516 0,2924601 0,2209348
0,6103516 0,2924602 0,211398
0,6103516 0,3178917 0,23524
0,8138021 0,3083548 0,2209348
0,4069011 0,2829233 0,2177559
0,6103516 0,301997 0,2209348
0,6103516 0,298818 0,2257032
0,6103516 0,2733865 0,2002718
0,6103516 0,3019969 0,2257032
0,6103516 0,2956391 0,2193453
0,4069011 0,2797444 0,2129875
0,6103516 0,3019969 0,232061
0,6103516 0,2797444 0,2066296
1,017253 0,298818 0,2368294
0,6103516 0,2892812 0,2272926
0,8138021 0,3306074 0,2431874
0,4069011 0,2861023 0,2209348
0,6103516 0,2861023 0,2193453
0,6103516 0,2733865 0,2145769
0,6103516 0,2702076 0,2066296
0,6103516 0,3051759 0,2336505
0,6103516 0,254313 0,1891455
0,6103516 0,2733865 0,2066296
0,6103516 0,2924601 0,232061
0,6103516 0,301997 0,2177559
0,6103516 0,3337863 0,2479557
0,6103516 0,3051759 0,2336505
0,6103516 0,2797444 0,2193453
0,6103516 0,3051759 0,2209348
0,6103516 0,3337863 0,2479557
0,8138021 0,3401442 0,2479557
0,6103516 0,2956391 0,2193453
0,6103516 0,3242495 0,2336506
0,6103516 0,3083549 0,2336505
0,6103516 0,301997 0,2320611
0,8138021 0,3083548 0,2257032
0,6103516 0,301997 0,2209348
0,6103516 0,2924601 0,2272926
0,6103516 0,3115337 0,2241137
0,6103516 0,2924601 0,2288821
0,8138021 0,3306074 0,2336506
0,6103516 0,2924601 0,2193453
0,6103516 0,3178916 0,2431873
0,8138021 0,3147127 0,2336505
0,6103516 0,3147127 0,2368295
0,6103516 0,2956391 0,2384189
0,6103516 0,3115338 0,2272927
0,6103516 0,3083549 0,23524
0,6103516 0,2702076 0,2161664
0,6103516 0,3051759 0,23524
0,6103516 0,3274285 0,2415979
0,6103516 0,2924601 0,2257032
0,6103516 0,2606708 0,2161664
0,6103516 0,3115338 0,23524
0,8138021 0,3337863 0,2447768
0,6103516 0,3210706 0,2431873
0,6103516 0,2956391 0,2257032
0,8138021 0,301997 0,2304716
0,6103516 0,3369653 0,2479557
0,8138021 0,3306074 0,2511347
0,6103516 0,3369653 0,2463663
0,6103516 0,3242495 0,2400084
0,6103516 0,298818 0,2288821
0,6103516 0,3147127 0,2288822
0,6103516 0,343323 0,2559029
0,6103516 0,3401442 0,2606713
0,8138021 0,3178917 0,2447768
0,6103516 0,2956391 0,2368294
0,6103516 0,3274285 0,2447768
0,6103516 0,2670287 0,2066296
0,6103516 0,2765655 0,211398
0,6103516 0,3178917 0,2400084
0,6103516 0,2829233 0,211398
0,6103516 0,2797444 0,211398
0,8138021 0,3306074 0,2463663
0,6103516 0,2829233 0,2209348
0,8138021 0,2924601 0,2161664
0,6103516 0,2924601 0,2193453
0,6103516 0,2765655 0,2066296
0,6103516 0,3019969 0,2225243
0,6103516 0,2829233 0,2161664
0,6103516 0,3083548 0,2241137
0,6103516 0,3401442 0,2447768
0,6103516 0,3306074 0,2447768
0,6103516 0,2861023 0,2145769
0,4069011 0,3115338 0,2447768
0,4069011 0,2861023 0,2209348
0,6103516 0,3115338 0,2400084
0,6103516 0,298818 0,2336505
0,6103516 0,3083549 0,2336505
0,8138021 0,298818 0,2272927
0,6103516 0,3051759 0,2368295
0,6103516 0,3274285 0,2431873
0,6103516 0,2956391 0,2304716
0,6103516 0,2924602 0,214577
0,4069011 0,2861023 0,2145769
0,6103516 0,3306074 0,2431873
0,8138021 0,2892812 0,2272926
0,6103516 0,3083549 0,2241138
0,6103516 0,301997 0,2336505
0,8138021 0,2861023 0,232061
0,6103516 0,3019969 0,2336505
0,6103516 0,3178917 0,2400084
0,6103516 0,3274285 0,2463663
0,6103516 0,2956391 0,2288821
0,6103516 0,3242495 0,2447768
0,6103516 0,3465019 0,2638502
0,6103516 0,3147127 0,23524
0,6103516 0,298818 0,2368294
0,8138021 0,3337863 0,2479557
0,6103516 0,298818 0,2304716
0,6103516 0,3019969 0,2241137
0,6103516 0,2956391 0,2193453
0,6103516 0,3051759 0,2257032
0,6103516 0,2892812 0,2098086
0,6103516 0,3369653 0,2543136
0,6103516 0,298818 0,2336505
0,6103516 0,2733865 0,2145769
0,6103516 0,3051759 0,2320611
0,6103516 0,3337863 0,2463663
0,6103516 0,3242495 0,2463662
0,6103516 0,3433231 0,2527241
0,6103516 0,3147127 0,2400084
0,8138021 0,3242495 0,2511346
0,6103516 0,2797444 0,232061
0,6103516 0,3369652 0,2527241
0,6103516 0,2924601 0,2288821
0,6103516 0,3433231 0,255903
0,8138021 0,3337863 0,2574924
0,6103516 0,2956391 0,2225243
0,6103516 0,2956391 0,2241137
0,8138021 0,3496809 0,2543135
0,8138021 0,298818 0,2257032
0,8138021 0,3147127 0,2384189
0,6103516 0,3083549 0,2320611
0,6103516 0,3083549 0,2320611
0,8138021 0,298818 0,2336505
0,8138021 0,3019969 0,2336505
0,6103516 0,3051759 0,23524
0,8138021 0,3337863 0,2400084
0,6103516 0,3528598 0,2622607
0,6103516 0,3369653 0,2495452
0,6103516 0,2861023 0,2304716
0,6103516 0,3051759 0,2368294
0,6103516 0,3496809 0,255903
0,6103516 0,3147127 0,2463662
0,6103516 0,3210706 0,2463662
0,6103516 0,3051759 0,2336505
0,6103516 0,2765655 0,2225242
0,8138021 0,3306074 0,2574925
0,6103516 0,3147127 0,2384189
0,6103516 0,3083548 0,2400084
0,8138021 0,3401442 0,255903
0,6103516 0,2988181 0,2368294
0,6103516 0,3115338 0,2415978
0,6103516 0,3147127 0,2400084
0,6103516 0,3306074 0,2415979
0,6103516 0,3051759 0,2368294
0,8138021 0,3274285 0,238419
0,6103516 0,3401441 0,2543135
0,6103516 0,3274285 0,2527241
0,6103516 0,3592176 0,2574924
0,6103516 0,3528598 0,270208
1,017253 0,3210706 0,2447768
0,6103516 0,3242495 0,2447768
0,8138021 0,3814698 0,2829234
0,6103516 0,3051759 0,2400084
0,6103516 0,3306074 0,2543136
0,6103516 0,2956391 0,23524
0,6103516 0,3274285 0,2527241
0,6103516 0,3496808 0,2638502
0,6103516 0,3274284 0,2400084
0,6103516 0,3178917 0,23524
0,8138021 0,3592176 0,2702079
0,6103516 0,3210706 0,2320611
0,6103516 0,3369653 0,255903
0,6103516 0,3210706 0,2272927
0,6103516 0,3401442 0,2543135
0,6103516 0,3687542 0,2638501
0,6103516 0,3210706 0,2511346
0,6103516 0,3306074 0,2463663
0,8138021 0,3369653 0,255903
0,6103516 0,3274285 0,255903
0,8138021 0,3369653 0,2622608
0,6103516 0,3401442 0,2622608
0,6103516 0,346502 0,2654397
0,6103516 0,3210706 0,2447768
0,8138021 0,3592176 0,2622607
0,6103516 0,3623964 0,2638501
0,8138021 0,3465019 0,2686185
0,6103516 0,3560386 0,267029
0,6103516 0,3337863 0,2527241
0,6103516 0,301997 0,2384189
0,6103516 0,3369653 0,2590819
0,6103516 0,3528598 0,2733869
0,8138021 0,3655754 0,2781552
0,6103516 0,3306074 0,2527241
1,017253 0,3528599 0,2686186
0,6103516 0,375112 0,2749762
0,8138021 0,3496809 0,2654396
0,6103516 0,3242495 0,2495452
0,6103516 0,3465019 0,2670291
0,8138021 0,3592176 0,267029
0,8138021 0,3178917 0,2495452
1,017253 0,3496809 0,2606713
0,6103516 0,3592176 0,2733868
0,8138021 0,3782909 0,2781551
0,8138021 0,3528597 0,2686185
0,6103516 0,375112 0,2717973
0,6103516 0,3846487 0,2940495
0,8138021 0,3941855 0,2861023
0,8138021 0,378291 0,2845129
0,6103516 0,406901 0,2988178
0,8138021 0,3719331 0,2797446
0,6103516 0,3560386 0,2702079
0,8138021 0,3623965 0,2717974
0,6103516 0,3687542 0,2797446
1,220703 0,3846489 0,281334
0,8138021 0,3814698 0,2829234
0,6103516 0,3782909 0,2861023
0,8138021 0,4037221 0,2972283
0,6103516 0,3846487 0,2861023
0,6103516 0,3814698 0,2861023
0,8138021 0,3623965 0,2765657
0,6103516 0,4259744 0,3099439
0,6103516 0,3846487 0,281334
0,8138021 0,3973643 0,2908706
0,8138021 0,3973643 0,2956389
0,8138021 0,4259745 0,3115333
1,017253 0,4196166 0,3051755
1,017253 0,4005432 0,29246
0,6103516 0,4005432 0,2940495
0,6103516 0,4005432 0,2956389
0,8138021 0,3846487 0,2845128
0,6103516 0,4227955 0,3083544
0,6103516 0,4259744 0,3067649
0,8138021 0,4450478 0,3226593
1,017253 0,4482267 0,3321959
0,8138021 0,4164377 0,3083544
0,8138021 0,4132588 0,3083544
0,8138021 0,4514056 0,3274277
0,8138021 0,3973644 0,2940495
0,6103516 0,4418689 0,3210699
0,6103516 0,4514056 0,3369642
0,6103516 0,4323322 0,3242487
0,8138021 0,4355111 0,3194805
0,8138021 0,4545845 0,3385537
1,017253 0,4831947 0,3687536
0,8138021 0,4641213 0,3417326
0,8138021 0,470479 0,3655747
1,424154 0,4673001 0,3544484
0,8138021 0,4895525 0,367164
1,220703 0,4990892 0,3862377
0,8138021 0,4831947 0,3687536
0,8138021 0,4990892 0,3846483
0,8138021 0,4863736 0,3925957
1,220703 0,5499521 0,4212061
0,8138021 0,5118049 0,4132588
1,017253 0,5245206 0,4100798
1,220703 0,5690257 0,4418692
1,220703 0,5944573 0,4641218
1,017253 0,5944573 0,4752482
1,424154 0,607173 0,4831955
1,220703 0,6135308 0,4800165
1,220703 0,6643932 0,5197532
1,424154 0,7025403 0,5356478
1,424154 0,7216135 0,551542
1,424154 0,7692975 0,605583
1,831055 0,8900957 0,6786973
3,255208 1,118978 0,8169808
4,272461 1,214346 0,8932753
5,493164 1,468658 1,060169
3,86556 1,703899 1,233418
5,086263 1,910527 1,387596
6,510416 2,33968 1,672109
7,324217 2,714794 1,870791
8,74837 3,01679 2,102852
16,27605 3,817877 2,630553
18,51401 4,933674 3,356934
16,4795 5,97318 4,080136
15,46225 6,573993 4,560152
18,31056 8,227029 5,671184
19,93816 9,721121 6,567637
31,73825 12,01312 8,099876
28,6865 14,63891 10,31717
29,0934 17,84007 12,76017
50,86266 20,47221 15,37323
63,88359 24,45538 18,07689
48,82814 27,89814 21,07779
70,59751 32,83499 25,41859
56,55932 35,48619 28,28438
79,14247 41,03659 32,0816
95,21481 42,52114 34,31796
77,31143 47,64556 36,8134
82,60107 53,49164 43,12994
85,65279 56,06338 45,69691
83,00797 60,0466 48,62313
99,28377 61,39448 50,71804
109,4561 65,55569 53,64742
112,5078 66,08974 55,65809
105,3872 65,26007 54,81568
110,0665 68,2705 55,57225
122,2733 69,7201 60,31203
112,5078 74,28183 61,73142
112,5079 74,37085 61,56773
109,2527 75,47393 64,26344
104,3699 76,50708 64,68147
111,4906 77,12379 65,01845
105,5906 78,05202 66,06431
109,863 79,87668 67,24525
110,0665 82,02248 69,32906
103,7596 81,21185 69,16692
115,9665 82,77586 71,04248
120,6457 85,67818 71,69096
115,9665 84,53062 71,1585
113,1182 90,27483 76,40685
117,7975 92,60178 78,00108
121,2561 94,34062 76,82486
117,1871 91,8897 76,55783
122,0699 94,29932 78,31736
115,763 94,28024 79,89093
115,9665 97,27789 82,39748
122,0699 96,08903 79,29964
123,2906 96,89643 82,34026
117,7975 97,35419 83,53871
122,6802 97,38915 82,2624
123,6975 96,47047 80,35821
122,4768 99,42364 81,57893
122,2733 98,01857 80,41857
123,9009 100,3773 83,50693
118,6113 95,5772 78,62727
121,8664 98,1616 83,12227
123,6975 99,03264 78,78461
119,4251 99,05489 83,4894
116,7802 98,83871 81,38657
123,2906 101,8364 84,76099
117,1871 103,5212 86,51732
118,0009 99,28375 81,66632
126,7492 99,83371 81,94127
116,5768 101,4517 84,46375
123,2906 99,95132 82,17972
118,8147 100,6539 83,14928
130,2078 101,5821 81,32616
116,5768 103,092 84,60839
123,6975 101,4263 80,5918
118,4078 101,6107 80,20081
120,8492 100,9463 83,18266
126,9526 104,0234 86,40125
117,3906 103,7405 85,22665
121,2561 101,2832 80,91446
121,8664 103,0889 82,28777
120,2388 106,414 88,30223
123,2906 103,7247 84,44784
119,832 101,9794 82,40536
122,2733 102,4722 82,10976
123,0871 104,0552 85,57952
121,663 104,0457 83,33044
123,2906 104,3191 85,04071
122,2733 103,5657 84,0139
119,6285 103,5403 84,33181
121,2561 105,6955 84,64967
120,2388 105,0312 86,08971
123,2906 105,8831 85,899
121,663 104,2587 85,06454
121,0527 102,8187 84,67989
123,0871 105,0439 87,78407
121,2561 103,8073 84,81661
122,2733 104,5829 88,13855
119,2216 105,4031 86,63335
123,2906 106,1056 90,11904
129,5974 104,5734 83,3829
126,5457 106,3663 84,34608
122,0699 105,0439 86,21371
128,7836 106,7859 90,52586
121,663 103,7087 82,75665
126,1388 104,637 86,11994
123,6975 105,3872 86,03416
118,8147 103,038 83,57842
121,663 106,1501 86,33607
123,6975 103,9313 85,18858
117,7975 103,4958 83,49416
121,663 107,1292 90,75319
122,0699 105,1233 88,5407
122,0699 103,2478 83,8518
117,1871 101,0544 81,18948
117,1871 106,5443 88,27676
123,6975 106,5252 88,83633
117,1871 105,0025 86,77007
121,663 106,2614 89,20985
