1,017253 0,41008 0,302792
0,8138021 0,4212065 0,3115343
0,8138021 0,4450485 0,321866
0,8138021 0,4482274 0,3226608
1,017253 0,4577641 0,3528606
0,8138021 0,4609431 0,3552448
0,8138021 0,4688905 0,3584237
1,017253 0,4831957 0,3790863
1,220703 0,5165741 0,410875
1,017253 0,4975009 0,3965701
1,017253 0,5054481 0,399749
1,220703 0,5420051 0,4180274
0,8138021 0,5547206 0,4402794
1,424154 0,5229319 0,4291533
1,220703 0,5865093 0,4696838
1,424154 0,5880987 0,4720679
1,017253 0,6119406 0,4816047
1,424154 0,6659822 0,5157773
1,220703 0,7041295 0,5435935
1,220703 0,7549919 0,5936627
1,831055 0,8312862 0,6469104
2,034505 0,8455915 0,6572419
1,627604 0,9202969 0,7192307
2,644857 0,9838751 0,7661191
1,627604 0,9743386 0,7422777
3,458659 1,091956 0,8392323
3,051758 1,133281 0,8519476
2,441406 1,149176 0,8622791
2,644857 1,193682 0,8980421
3,458659 1,233418 0,8996315
3,051758 1,254082 0,9290366
3,66211 1,300177 0,9433429
3,66211 1,354219 1,020432
3,051758 1,463891 1,06732
3,458659 1,556078 1,1158
3,255208 1,573562 1,171431
6,917317 1,742043 1,24375
5,900065 1,78496 1,298586
7,731118 1,918475 1,350244
6,917317 2,088547 1,467864
6,510417 2,083779 1,496475
7,73112 2,101264 1,469455
5,900065 2,355574 1,66893
6,917316 2,568563 1,795292
7,324219 2,641681 1,853308
5,900065 2,834002 1,966158
6,917317 2,962747 2,054373
8,138019 3,142356 2,226828
6,713866 3,436407 2,407234
7,120767 3,504754 2,425512
6,713867 3,74317 2,644856
6,306966 3,841716 2,635319
8,138022 4,172326 2,832413
8,544923 4,490212 3,026324
9,562175 4,59989 3,226598
7,324217 4,790623 3,368855
7,93457 4,763599 3,325936
8,138022 5,079903 3,697871
8,748373 5,18163 3,549257
10,17252 5,354881 3,735224
10,37598 5,483627 3,923575
9,969071 5,699793 4,115106
10,37598 5,801517 4,031659
9,155274 5,939803 4,328092
8,951823 6,167092 4,600683
9,562171 6,586711 5,013942
8,951819 6,643931 5,16176
9,358721 6,510418 5,047322
10,98633 6,71069 5,249185
9,358725 6,858509 5,513824
9,562171 6,99997 5,601247
10,98633 7,216132 5,931055
10,78288 7,379852 6,015301
10,57943 7,354422 5,993845
10,57943 7,540384 6,341141
11,59668 7,742247 6,328424
13,22429 7,998149 6,426177
11,80013 8,006097 6,671746
11,18978 8,211134 6,709098
12,00358 8,308089 6,786185
11,18978 8,556049 6,967386
13,22429 8,924804 7,151765
15,46224 9,131428 7,484753
12,81738 9,794234 8,231798
12,20703 10,01357 8,496441
14,44499 10,30763 8,989173
17,49674 10,85917 9,478734
15,05534 11,3678 9,833181
16,68294 11,49655 10,132
17,49674 11,95113 10,38551
16,88639 12,50267 10,71772
19,32779 13,2656 11,49574
17,08984 13,86166 12,02265
18,71744 14,29717 12,38585
17,90364 14,52287 12,98905
19,3278 14,90434 13,09474
18,92089 15,16501 13,38879
21,15886 15,5433 13,66933
20,1416 15,73245 14,05716
20,75195 16,25538 14,45135
20,75196 16,3587 14,81453
20,75195 16,52718 14,78752
20,34505 16,45088 14,75095
19,93814 16,56214 15,07997
21,97266 17,11209 15,40343
20,5485 17,37594 15,83735
20,9554 17,55397 16,10518
24,21062 17,63661 15,87232
22,1761 17,90842 16,11154
21,97265 18,06577 16,17829
24,21061 18,11662 16,37062
23,80371 18,23267 16,45803
22,1761 18,26127 16,46598
23,39681 18,55532 16,85063
22,78646 18,6491 17,05568
24,00717 19,00991 17,18839
26,04167 19,26104 17,2766
23,39681 19,40727 17,62232
25,22786 19,58847 17,55397
25,02441 19,97312 18,12458
28,27963 20,21155 18,243
31,94174 20,33074 17,90921
25,43132 20,6534 18,53546
28,27963 20,99355 18,66023
30,92449 21,03806 18,90659
27,66928 21,61662 19,38899
27,87272 21,91385 19,51139
26,65202 22,17451 19,99695
27,87273 22,52102 20,19087
27,46583 22,50353 20,56598
27,66928 23,00421 20,69553
30,31414 22,84527 20,5032
29,90724 23,28714 21,05793
29,90723 23,78146 21,48787
30,92448 23,7608 21,00468
31,73829 24,1073 21,86298
32,1452 24,29486 21,51807
33,3659 24,57619 21,74378
30,51759 24,63182 22,08234
34,5866 25,49491 22,98594
35,60386 25,36457 22,73241
39,46943 25,98127 22,67759
35,19696 26,11637 23,12899
30,92449 26,17677 23,58119
30,92449 25,91611 22,96766
33,56935 26,45334 23,82199
33,7728 25,89703 23,1123
33,97626 25,8573 22,99866
36,01076 26,84753 23,80768
34,99351 26,40566 23,65907
33,7728 26,52963 23,68769
32,75555 26,61387 23,45801
31,33139 26,17677 23,75285
32,959 26,8968 24,13511
33,97626 26,27691 23,13932
35,19696 26,56302 23,95471
33,16245 26,41996 23,74251
35,40041 26,66474 23,92928
38,65562 27,26078 24,40055
34,79005 26,68857 24,27737
35,80731 26,96833 23,72582
34,99351 27,12886 24,22651
34,9935 27,31006 24,10651
37,43492 27,15906 23,89273
37,02802 27,08117 24,062
37,84181 27,33548 24,63261
36,01077 27,24648 24,35207
34,1797 26,97785 24,20902
33,77281 27,37045 24,65168
33,97625 27,54052 24,31791
36,01076 26,79347 24,00239
35,60386 27,31641 24,07471
37,23146 27,28145 23,96585
33,97625 27,13999 24,09458
37,63837 27,27349 24,11922
38,24873 27,37044 24,4371
36,21421 27,82663 24,53328
36,82457 27,18767 24,18359
33,7728 26,70288 23,98253
38,24872 27,57232 24,58811
36,82457 27,85841 24,72639
34,79006 27,23218 24,35287
34,58661 27,10979 24,65566
33,97625 27,92677 25,06257
33,56936 27,41179 24,53883
34,17971 27,50397 24,35048
34,79006 27,14157 24,53645
37,84182 27,90133 24,53725
33,7728 27,16224 24,32507
37,84182 27,26078 24,61353
38,04526 27,81391 24,80825
32,34865 27,04779 24,56427
34,99351 27,73285 24,8456
34,58661 27,61523 25,01727
34,58661 27,34503 24,26625
35,80731 27,35456 23,95392
36,01076 27,82661 24,37908
35,40041 27,29098 24,11127
33,56935 27,39589 24,35923
33,56935 27,39589 24,54917
33,7728 27,57867 24,42599
36,01076 27,57391 24,47606
33,16245 27,17337 24,6064
38,04527 27,74397 24,3322
32,75555 27,59933 24,5889
34,38316 27,4388 24,32505
33,77281 27,46105 24,77804
37,84182 27,74238 24,75659
36,41766 27,29416 24,60638
34,5866 27,84411 24,46969
37,43491 27,83935 24,51181
38,04527 27,68835 24,59764
34,79005 27,39429 24,65565
39,26598 28,27486 24,9378
35,80731 27,8918 25,19211
37,02801 27,60251 24,50784
35,60386 27,27827 23,88397
34,38315 27,5278 24,3783
35,19695 27,77736 24,28372
36,01076 27,52463 24,57858
35,60386 27,44992 24,77248
35,80731 27,32595 24,2718
36,82456 27,99511 24,89486
35,19696 28,18585 24,84163
34,79006 27,52145 24,55155
33,97626 28,20651 25,20721
37,43492 27,51668 24,53804
35,19696 27,94425 24,81301
37,02802 28,34638 25,5847
35,40041 28,03644 24,66361
34,99351 27,72014 24,64453
37,02802 27,96809 25,27238
35,40041 27,65656 24,2257
35,40041 27,84729 24,73116
36,41766 27,78531 24,47923
39,06252 27,86796 24,92348
34,1797 27,61523 24,573
34,38315 27,2131 24,28931
32,95901 27,84093 24,79076
34,99351 28,23353 25,09912
36,41767 27,86001 24,86309
36,41766 27,64226 24,70256
36,21421 27,95856 24,9068
37,02802 28,36068 25,21197
35,80731 28,06664 24,85991
35,40041 27,84571 24,65646
37,43492 27,93153 25,2374
34,38315 28,14612 24,81382
37,43492 27,72967 24,66043
34,38316 27,46741 24,75659
35,80731 28,08571 24,75103
39,06253 27,84571 24,87898
35,60386 27,87908 24,89329
35,80731 28,47672 25,31608
35,8073 28,30506 25,17383
35,40041 28,02531 24,53724
32,34865 27,531 24,57301
33,56935 27,49921 24,18916
35,19696 28,91858 25,66257
36,82456 28,24466 25,0419
34,79006 28,07459 25,04587
36,01077 27,88226 24,52453
37,02802 27,81551 24,98705
34,9935 27,6661 24,34412
38,04527 28,30507 24,92746
35,19695 27,62158 24,37194
34,58661 27,65178 24,24479
35,8073 27,81232 24,6795
37,63837 28,224 25,44961
34,99351 27,94901 25,26679
33,97626 27,79166 24,76056
35,19696 28,011 24,87183
34,79005 28,14928 25,20801
34,9935 28,12387 24,72481
35,40041 28,16996 24,81302
37,02802 27,90293 25,11423
41,09703 28,01737 25,12932
36,41766 28,26055 25,14997
35,19695 28,16519 25,2056
36,82456 28,01736 24,98388
36,62111 28,3766 25,25252
36,41766 28,31459 25,52271
34,17971 28,25897 25,15158
37,02802 27,92677 24,6644
39,06252 28,37182 25,04827
35,19695 28,04598 25,03553
36,41766 28,05552 24,76772
36,82457 28,65156 25,36058
35,40041 28,23035 25,0872
34,99351 27,93949 24,43313
36,62111 28,43539 25,59185
35,80731 28,62454 25,18256
35,19695 28,1159 24,66994
36,41766 27,85524 25,00772
36,41766 28,24466 25,17065
37,02802 28,3289 25,4504
35,60386 28,22082 25,38125
37,02802 28,37022 24,6787
34,58661 27,72173 24,66122
40,07977 28,35432 25,34232
34,58661 27,92676 24,95527
35,19696 27,54689 24,67713
40,07978 28,0428 24,65089
38,24871 28,49261 25,48854
37,43493 28,01736 24,8448
35,60386 27,85683 24,30439
36,01075 27,50874 24,79077
37,02802 28,09206 25,09038
33,56935 27,93311 25,40908
34,58661 27,84253 24,66917
34,5866 27,79484 24,67394
33,56935 28,67064 25,55212
34,9935 28,81845 25,2692
35,19696 27,62001 25,0737
34,58661 28,14929 24,8917
37,43492 28,33048 25,58708
37,43492 28,6309 25,40112
33,97624 28,42427 25,13726
37,23147 28,47195 25,23822
36,21421 28,57525 25,4178
38,04527 28,36069 25,16828
35,60386 28,30983 25,45596
40,48668 28,56097 25,12059
36,21421 28,162 24,39341
36,21421 27,91087 24,86228
35,60386 28,02691 24,95289
36,82457 28,51804 25,33833
39,26598 28,32571 25,56643
37,02801 28,60547 25,79689
36,41766 28,46877 25,43767
35,40041 27,88703 25,27158
35,19696 28,05551 24,80585
35,40041 28,30506 25,43291
39,06253 28,58163 25,45278
36,21421 28,78508 25,90576
37,23146 28,73899 25,51794
36,21422 28,95675 25,57914
35,19695 28,04438 25,51953
37,63836 28,58639 25,38601
37,43492 28,29234 25,42258
34,79005 28,55779 25,32084
35,40041 28,15565 25,06416
38,04527 28,68811 25,48695
36,21421 28,15089 25,057
38,24872 28,76918 25,48773
38,85907 27,93947 24,906
35,60386 27,87114 24,81619
36,01077 28,20969 24,8909
35,60386 28,3893 25,58947
37,43492 28,78507 25,93836
35,60386 29,02985 25,53145
37,02802 28,80414 25,30734
36,82457 28,60387 25,50601
35,8073 28,00465 24,8162
35,80731 28,42903 25,45119
34,58661 27,64066 24,84322
36,01076 27,97444 24,56824
34,5866 27,65179 24,47288
35,60386 28,19538 25,12137
34,17971 28,1032 25,13012
38,24873 28,01738 24,85594
36,41765 28,08094 25,29383
34,99351 28,35592 25,23742
34,38315 28,21923 25,03395
36,62112 28,05551 24,96719
37,23147 28,4036 25,33515
35,19696 27,89815 24,63659
36,21421 28,29075 24,76454
34,79005 27,63113 24,53963
34,38315 28,00942 25,09039
38,65563 28,58639 25,35264
36,01076 28,10161 25,15079
40,07977 28,68494 25,51874
37,02801 28,31459 25,56086
35,80731 28,54188 25,33595
38,04527 28,01736 24,97195
37,84182 28,05711 25,22628
38,24873 28,30983 25,51795
34,1797 28,27804 25,63159
34,9935 28,13022 25,26998
35,60386 28,03963 25,01328
34,38315 28,31619 24,84163
36,21422 28,50374 25,01885
36,21421 28,42268 25,3002
35,60386 28,64838 24,79951
34,9935 27,92995 24,75103
35,19695 28,34797 24,87501
37,43492 28,54665 25,47026
38,45217 28,04121 24,79235
37,63836 28,72309 25,11581
36,82456 28,27485 25,03713
37,63837 28,32096 24,98229
36,01076 28,70559 24,96083
36,01076 28,54507 25,06812
37,02802 28,66268 25,33357
36,21421 28,59909 24,95924
36,62111 28,77713 25,44165
36,01076 28,67699 25,88829
34,79005 28,35751 25,06653
34,17971 28,35274 25,40668
36,01076 28,50532 25,26284
36,21421 29,06959 25,47742
39,26596 28,22241 25,3129
36,21421 28,71673 25,64432
37,43491 28,91859 25,56642
36,41767 28,83752 25,85251
35,19696 28,45765 25,53146
37,02802 28,89634 25,75557
36,01076 28,30982 25,02839
36,62111 28,55459 25,4472
34,99351 28,04598 24,36241
42,52118 29,09024 25,91451
36,82457 28,4036 25,36933
41,50392 29,20628 25,89464
38,04526 28,66428 25,26522
36,82457 28,85024 25,87716
37,23146 28,26373 25,47264
36,82457 28,76441 25,57993
36,2142 28,60228 25,57436
35,60386 28,57208 25,2247
39,46942 28,72468 25,49967
37,23146 28,81051 25,39874
35,19696 28,54507 25,16588
34,99352 28,49896 24,93461
35,40041 28,86613 25,3129
39,26596 28,60069 25,56324
37,63836 28,77235 25,49648
37,63837 28,53869 25,4178
37,84183 28,76759 25,64113
38,65562 29,04733 25,53464
36,01076 28,6468 24,70891
37,02801 28,95674 25,88749
38,85907 28,82322 26,04247
38,04527 29,18562 25,76908
40,28321 28,78984 25,23423
37,23147 28,86296 25,69914
37,23146 28,13816 25,13091
37,02802 28,84547 25,5553
35,80731 28,91064 25,27952
38,24872 28,66109 25,56801
34,9935 28,77394 24,93701
37,43492 28,73103 25,06098
39,26597 29,16814 25,73649
37,02801 28,46877 25,22787
35,8073 28,38295 24,88931
36,2142 28,5546 25,44879
37,02802 28,71037 25,39318
39,06253 28,88362 26,02736
38,65562 29,06958 25,91372
39,46942 29,20946 26,37307
35,40041 28,93608 25,44085
34,9935 28,23036 25,37727
36,41766 28,95197 25,77385
35,40041 29,2794 26,05121
37,02802 28,81527 25,64987
35,80731 28,5721 24,94972
34,99351 28,76918 25,41701
37,63837 29,05528 25,77782
36,21421 28,75487 25,72458
36,2142 28,50216 25,45595
36,41766 28,70559 25,97888
37,43491 28,85978 25,7198
35,80731 28,6452 25,46071
35,8073 28,98853 25,75954
41,09702 28,39724 25,02601
36,62111 28,66109 25,48854
37,63837 28,77076 25,1786
39,46943 28,89157 25,95505
36,62112 28,91222 25,67292
42,52117 28,85501 25,6753
38,45218 29,09978 25,45595
35,60387 28,80414 25,03872
37,02801 27,89339 24,74388
36,21421 28,66744 25,26443
35,60386 28,40042 25,30494
38,45216 28,91859 25,70708
44,14877 29,48602 25,46628
37,84182 29,09342 25,42178
37,23146 28,39248 25,17939
40,48667 28,67698 25,37171
43,13151 28,51964 25,2215
38,04527 29,02668 26,22127
35,60386 28,21287 25,21277
37,43492 28,5244 25,57675
38,45217 28,4942 25,56165
38,04527 28,65632 25,44323
35,80731 28,70242 25,00693
36,01077 28,95992 25,70073
40,69013 29,14111 25,50839
37,02802 29,04256 25,48694
38,85907 29,15541 26,05438
35,40041 29,1729 25,75953
34,99351 28,94401 25,4202
37,43492 28,97739 25,10309
39,46942 29,41926 26,44301
38,24872 28,95037 26,21175
37,028 29,28098 26,33492
40,89356 29,42086 26,03928
39,26598 29,0823 25,89067
36,01075 28,90746 25,58072
35,8073 29,28257 26,24829
