0,6103516 0,2956391 0,2272927
0,6103516 0,2797444 0,2082191
0,8138021 0,3306074 0,238419
0,6103516 0,2892812 0,2145769
0,6103516 0,2924601 0,2257032
0,8138021 0,301997 0,2272927
0,8138021 0,3051759 0,2288821
0,6103516 0,2924601 0,2161664
0,6103516 0,2765655 0,211398
0,6103516 0,3147127 0,23524
0,6103516 0,3083549 0,2257032
0,6103516 0,2702076 0,2002717
0,6103516 0,2956391 0,2225243
0,6103516 0,2956391 0,2209348
0,8138021 0,2956391 0,2177559
0,8138021 0,3083548 0,2257032
0,4069011 0,2829233 0,2209348
0,6103516 0,3115338 0,2336505
0,4069011 0,3051759 0,23524
0,8138021 0,3051759 0,2288821
0,6103516 0,301997 0,2272927
0,6103516 0,298818 0,2209348
0,4069011 0,2829233 0,2161664
0,6103516 0,3178917 0,2336506
0,6103516 0,3210706 0,238419
0,8138021 0,2892812 0,2272926
0,6103516 0,3306074 0,2336506
0,6103516 0,2956391 0,2241137
0,6103516 0,3115338 0,2272927
0,6103516 0,2988181 0,2272927
0,4069011 0,2988181 0,2209348
0,6103516 0,2892812 0,2304716
0,8138021 0,3083549 0,2400084
0,8138021 0,3433231 0,2543135
0,6103516 0,3051759 0,2400084
0,6103516 0,2797444 0,2129875
0,6103516 0,2797444 0,2257032
0,6103516 0,2956391 0,2272927
0,6103516 0,3147127 0,2415979
0,6103516 0,3242495 0,2479557
0,6103516 0,3528598 0,2543135
0,6103516 0,3051759 0,2272927
0,6103516 0,3083548 0,2272927
0,6103516 0,3242495 0,2479557
0,6103516 0,3369653 0,2479557
0,6103516 0,2829233 0,2193453
0,6103516 0,3274285 0,255903
0,6103516 0,3051759 0,2336505
0,8138021 0,3115337 0,2336505
0,6103516 0,2924602 0,214577
0,6103516 0,3369653 0,2543136
0,6103516 0,301997 0,2368294
0,6103516 0,3337863 0,2431873
0,6103516 0,3274285 0,2479557
0,6103516 0,3274285 0,2495452
0,6103516 0,2956391 0,2288821
1,017253 0,3433231 0,2574925
0,6103516 0,3051759 0,2415978
0,6103516 0,3083549 0,2368295
0,6103516 0,3306074 0,2431873
0,6103516 0,2956391 0,2336505
0,6103516 0,3115338 0,23524
0,8138021 0,3306074 0,2400084
0,6103516 0,3210706 0,2368295
0,6103516 0,3051759 0,2415978
0,6103516 0,3147127 0,2415978
0,8138021 0,3401441 0,2511346
0,6103516 0,3369652 0,2543135
0,6103516 0,3274285 0,255903
0,6103516 0,3306074 0,2463663
0,6103516 0,3115338 0,2463662
1,017253 0,3433231 0,255903
0,6103516 0,3210706 0,2495452
0,8138021 0,3401442 0,255903
0,6103516 0,346502 0,2590819
0,8138021 0,3337863 0,255903
0,8138021 0,3433231 0,2574924
0,6103516 0,3528597 0,2654396
0,6103516 0,3401441 0,2543135
0,6103516 0,3465019 0,2654396
0,6103516 0,3560387 0,267029
0,6103516 0,3846487 0,2845128
0,6103516 0,4005432 0,2908705
0,6103516 0,3623964 0,2733868
0,8138021 0,3592176 0,2717974
0,6103516 0,3973643 0,2972284
0,6103516 0,375112 0,2829234
0,6103516 0,3814698 0,2892812
0,8138021 0,406901 0,29246
0,6103516 0,378291 0,2829234
0,6103516 0,3941855 0,2924601
0,6103516 0,3560386 0,2749763
0,8138021 0,4323322 0,3115333
0,8138021 0,4259745 0,3147122
0,8138021 0,3910065 0,2940495
0,6103516 0,4227954 0,3131227
0,6103516 0,4355111 0,3147121
0,8138021 0,4323323 0,3163016
0,8138021 0,4227955 0,3099439
0,8138021 0,4291532 0,3163016
1,017253 0,4704791 0,3385537
0,8138021 0,4164377 0,306765
1,017253 0,4609423 0,3306065
0,6103516 0,43869 0,3258382
0,8138021 0,4609423 0,3337854
1,017253 0,4641213 0,3369642
0,8138021 0,4831947 0,3592168
0,8138021 0,4609423 0,3560379
0,8138021 0,4768369 0,3703431
0,8138021 0,4736579 0,3576272
0,8138021 0,4831947 0,3687536
0,8138021 0,4800158 0,3655746
0,8138021 0,4577634 0,346501
0,8138021 0,5181628 0,4005429
0,8138021 0,4831946 0,3846483
0,8138021 0,505447 0,4069009
0,8138021 0,4800158 0,370343
0,8138021 0,4768369 0,3814694
1,017253 0,4895525 0,3862378
0,8138021 0,4673001 0,3703431
0,8138021 0,508626 0,3925956
0,8138021 0,4990892 0,3878272
1,017253 0,5245206 0,4084903
0,8138021 0,5276996 0,4132588
0,8138021 0,4990892 0,3973641
1,220703 0,5785626 0,4466376
1,220703 0,5722048 0,4673009
1,017253 0,5404153 0,4212061
1,220703 0,603994 0,4720691
1,424154 0,6039941 0,4752482
1,017253 0,6739299 0,5086267
1,424154 0,705719 0,5547209
1,424154 0,6961823 0,5483631
1,424154 0,7597607 0,5849202
1,220703 0,7438661 0,5896885
2,848307 0,7629396 0,5880991
2,237956 0,851949 0,6628031
2,034505 0,9028113 0,697771
1,627604 0,9409579 0,7263809
2,237956 1,077652 0,8296967
2,237956 1,1158 0,8789703
3,66211 1,433689 1,090368
3,66211 1,602173 1,228649
15,46224 2,094905 1,540184
12,41048 2,667111 1,888276
33,77274 4,762013 3,059704
15,86915 5,56628 3,616015
40,4866 8,93275 5,62191
41,91077 12,52174 8,115766
34,79 17,27422 11,53946
54,1179 22,92315 15,81669
42,52113 28,53073 20,41974
63,68013 36,60835 26,38497
73,24238 39,00209 28,81208
54,52479 40,07656 31,22488
70,80096 46,58698 35,19216
75,07346 48,32268 38,75891
71,41132 50,36675 40,40877
77,92178 54,49618 45,53479
81,17694 52,60154 42,40355
115,3561 56,64195 46,02911
80,9735 57,24914 48,4308
84,83899 59,44261 49,91854
83,82176 62,36723 51,22666
89,51829 61,76641 53,58542
87,89071 62,96168 53,1801
84,63553 64,17921 54,54546
96,84239 65,29183 55,25594
96,63895 67,53298 58,12174
91,75621 66,92899 57,47007
90,94243 68,22602 58,60973
106,8113 68,19739 59,46486
105,7941 69,65335 61,2276
94,60448 72,03119 63,09203
99,28377 73,84315 64,37949
109,2527 73,84318 65,45398
100,0975 75,6933 65,8132
107,0148 74,06252 65,27278
97,65618 75,48665 65,66377
111,2872 75,97622 65,55251
110,6768 76,7519 67,67605
100,301 79,21874 70,09045
128,7836 82,34991 72,08358
113,1182 79,98803 70,25573
122,4768 85,39209 74,29133
111,2872 86,41253 74,76974
121,2561 86,13914 76,74072
119,4251 88,85708 78,06153
124,9181 87,67456 77,52271
112,9147 88,45971 78,30949
122,0699 90,5228 79,05176
118,6113 92,52232 81,1228
115,763 88,60278 79,92598
129,394 93,60951 85,24747
129,394 93,46647 83,25907
122,0699 96,75659 86,48722
130,2078 95,43098 83,11914
118,4078 94,45506 83,70249
128,3767 96,86783 86,47133
129,394 98,85144 86,35526
129,394 101,118 90,01099
129,5974 99,61755 88,5217
129,394 101,6425 89,38313
127,563 101,137 91,18874
128,1733 102,9522 91,211
130,2078 104,1379 92,27115
129,8009 108,0002 94,07354
130,2078 104,1602 92,27273
129,394 101,9826 91,73233
130,2078 102,1956 90,05708
123,9009 100,2978 90,5927
130,2078 103,1238 92,77821
130,2078 105,5017 93,38694
128,5802 104,8881 93,97662
129,5974 104,3191 93,0754
129,394 105,1583 93,44576
129,8009 108,7727 96,75655
129,5974 108,8108 96,56265
130,2078 106,2041 94,00844
130,2078 110,6737 98,76562
129,5974 110,3717 95,46429
129,394 110,1523 96,54668
130,2078 109,1955 97,48131
130,2078 108,9666 96,20815
130,2078 107,1991 95,75996
130,2078 109,3925 97,7102
130,2078 111,764 99,25356
130,2078 108,1941 97,04265
129,394 110,6991 98,59552
130,2078 109,1764 95,61533
129,394 111,036 97,09821
129,394 108,493 96,1303
130,2078 110,6355 97,34146
130,2078 112,6922 100,3296
130,2078 111,7672 97,58304
130,2078 115,2925 100,4234
130,2078 111,4556 100,1547
130,2078 111,8276 98,08529
130,2078 110,3748 97,79284
130,2078 113,5092 99,09299
130,2078 113,8143 99,75575
130,2078 112,3902 99,26786
130,2078 113,5632 100,1802
130,2078 114,7712 100,7237
130,2078 112,9338 98,26328
130,2078 116,0459 100,8446
130,2078 117,4701 101,6822
129,394 116,297 101,404
130,2078 117,8515 103,8867
130,2078 114,0814 100,6379
130,2078 118,4618 105,3633
130,2078 118,4174 104,3207
