0,4069011 0,2304715 0,1335145
0,8138021 0,2431872 0,1390776
0,6103516 0,2400083 0,1589457
0,6103516 0,2638502 0,1637141
0,6103516 0,2511346 0,1684824
0,8138021 0,2654397 0,172456
0,4069011 0,2352399 0,1573562
1,017253 0,2638502 0,1804032
0,6103516 0,2733869 0,181198
0,6103516 0,2479557 0,1597404
0,8138021 0,2781552 0,1875557
0,6103516 0,2733869 0,186761
0,6103516 0,2686186 0,1891452
0,6103516 0,2606713 0,1851716
0,8138021 0,2972284 0,2034501
0,6103516 0,281334 0,2002713
0,8138021 0,2797446 0,1970924
0,6103516 0,2797446 0,1978871
0,8138021 0,2876918 0,2090132
0,4069011 0,2749763 0,2058344
0,8138021 0,2845129 0,2042449
0,8138021 0,2956389 0,2145763
0,6103516 0,2797446 0,2090133
0,6103516 0,2924601 0,2177552
0,6103516 0,2797446 0,2121922
0,6103516 0,2892812 0,2106027
0,8138021 0,3194804 0,2225234
0,6103516 0,3035861 0,2272918
0,8138021 0,2892812 0,2082185
0,6103516 0,2988178 0,220934
0,6103516 0,306765 0,2249076
0,8138021 0,3258382 0,2423915
0,8138021 0,3337854 0,2431862
0,8138021 0,3369642 0,2519282
0,8138021 0,3480905 0,261465
0,8138021 0,3337854 0,2463651
1,017253 0,3671642 0,2654389
0,8138021 0,3449115 0,2598756
1,220703 0,3623958 0,2646441
1,017253 0,3973641 0,2837181
0,8138021 0,3735221 0,2686179
1,017253 0,4371009 0,3059711
1,017253 0,4227956 0,2964341
1,220703 0,4307429 0,305971
1,220703 0,4434588 0,3019975
1,220703 0,487964 0,3369662
1,627604 0,5324687 0,365576
1,627604 0,576973 0,3981595
1,424154 0,5642573 0,3846492
1,220703 0,5992249 0,4339216
1,424154 0,6214772 0,429948
1,424154 0,6548558 0,456174
1,627604 0,7518129 0,5197513
1,627604 0,7867809 0,5642567
2,034505 0,7994967 0,5324667
2,034505 0,8853284 0,6230683
1,627604 0,9616231 0,6914151
2,034505 1,061757 0,7597609
2,644857 1,133282 0,8201594
2,644857 1,252492 0,917911
3,051758 1,35263 1,01169
2,848307 1,395545 1,059373
3,86556 1,49409 1,126925
3,051758 1,645087 1,215141
5,086263 1,848539 1,412232
4,069011 2,005896 1,549723
5,086263 2,182323 1,66575
4,679362 2,196628 1,730918
6,510417 2,458891 1,886685
5,086263 2,435048 1,903374
5,493165 2,684594 2,052783
5,086263 2,795853 2,199806
10,17253 3,182093 2,472402
8,748372 3,687541 2,839566
8,748372 4,034044 3,11057
16,27604 4,574456 3,357727
15,86914 5,335811 3,842515
17,49674 6,286304 4,555383
15,86914 7,07785 5,086264
26,44857 8,47022 6,043116
31,12793 9,767213 6,942748
24,82096 10,78924 7,916291
32,75554 12,57261 9,173558
35,60384 14,01901 10,29571
38,65561 15,3764 11,53866
35,80729 17,44271 12,70771
30,92448 18,22472 13,79251
42,31771 20,75354 15,37561
44,55567 23,34436 17,63582
47,60742 25,47264 19,50343
52,28678 26,51055 20,71619
43,13151 27,15747 20,85607
48,21777 28,74216 22,4638
66,12141 29,88816 23,29985
48,21777 32,02121 25,27873
51,06608 32,19128 25,7206
55,13509 34,3434 27,57787
57,77995 35,5339 28,80413
54,32129 35,94874 29,25793
59,00065 36,51142 29,69981
60,83171 38,42672 31,91948
67,13867 39,39628 32,18015
65,71452 40,38811 32,7285
61,64551 40,12108 33,25143
61,23861 41,09859 34,04142
65,10417 42,34472 35,08567
64,90071 43,21734 36,00836
64,49381 42,88993 35,95274
65,51107 43,64014 36,57502
64,69726 44,41737 37,39355
62,66276 44,57632 37,09397
65,71452 44,81316 37,85292
69,58008 45,08018 37,9928
72,83529 46,28502 38,83761
72,83528 46,77773 39,51232
62,05241 45,08177 38,3234
67,95248 45,92736 39,3788
66,52832 46,70778 39,46702
67,95247 46,50752 38,60314
65,71452 46,96529 39,81592
67,95247 46,39943 39,54887
66,32487 47,80134 40,35712
69,37663 46,62196 40,19815
67,95247 48,43551 41,64217
74,25945 48,9521 41,28296
72,63183 49,56722 42,10631
69,58008 49,27635 42,0038
68,96972 48,9521 42,07769
70,39388 49,09675 41,79718
71,81804 50,06472 42,73493
64,08691 48,12559 42,09519
78,5319 49,78816 42,3328
67,54557 48,84402 41,23211
66,52832 49,7087 42,89707
65,51106 49,06971 42,21518
72,42839 48,49435 41,93942
70,39388 49,06019 42,80171
73,64909 50,09811 43,59007
65,51106 51,04861 44,27911
77,51464 49,92962 43,49866
72,83528 51,23615 44,3689
68,35937 50,31427 43,76808
81,58366 51,109 43,97472
65,10416 49,69279 43,0862
71,61458 51,37762 44,55724
70,39388 51,68597 45,3027
72,42839 50,5813 44,24334
69,58008 50,98661 44,82508
74,25944 50,87376 44,38319
78,9388 51,91644 45,15727
68,15593 51,66372 45,31145
76,09049 51,68437 45,35835
72,02148 52,32334 45,69848
71,00423 51,10423 44,30532
69,17317 50,33335 44,29659
69,37663 51,24252 45,12388
76,9043 52,49182 46,02907
85,65266 51,77338 45,12231
65,10416 51,73843 45,5793
71,81803 51,56836 45,36867
68,35937 52,23592 45,90035
71,20768 52,57924 46,27623
69,78353 51,41733 44,80283
70,19043 53,23728 46,88976
67,13868 53,3851 46,65852
75,2767 53,51861 47,14966
68,56283 53,58059 46,98514
77,10774 53,8651 47,23392
75,88704 53,71095 47,22993
80,36295 53,99703 47,51045
71,00423 53,65849 46,92793
79,14226 53,93824 47,53828
82,6009 54,42619 47,53591
77,71809 55,12873 48,26944
80,97331 55,48159 48,69383
83,41472 55,82809 49,94312
76,29395 56,58785 50,00591
75,07325 55,79947 49,31528
77,92155 56,78335 49,17939
75,07324 56,79131 50,16407
76,9043 56,32241 50,13862
71,41113 55,88213 50,18391
73,85254 56,88031 50,17201
75,07323 56,95661 49,68564
82,80436 57,36509 50,60196
75,2767 55,83126 49,42101
78,5319 55,71364 48,99422
82,39747 56,45911 50,28726
74,86979 56,27951 49,42418
77,51465 57,08058 50,53678
77,51464 56,93118 50,01228
76,70084 55,41963 49,70313
76,4974 56,42255 50,13862
72,83528 55,69618 49,19689
77,3112 57,35875 50,63933
85,85612 56,44958 50,02262
82,39745 56,98363 50,36038
74,86979 56,475 50,10446
