0,6103516 0,254313 0,14623
0,6103516 0,2415974 0,1382827
0,4069011 0,2479552 0,1557668
0,6103516 0,2638497 0,1653036
0,8138021 0,2733865 0,1748403
0,4069011 0,2384184 0,1382827
0,4069011 0,2511341 0,1573563
0,4069011 0,2511341 0,1509984
0,4069011 0,2447762 0,1446406
0,4069011 0,2352396 0,1478195
0,4069011 0,2320606 0,1605352
0,4069011 0,2415974 0,1462301
0,4069011 0,2352396 0,1525879
0,4069011 0,2511341 0,1637141
0,4069011 0,2320606 0,1351038
0,6103516 0,2511341 0,1398722
0,4069011 0,2257028 0,1271565
0,6103516 0,2574919 0,1541774
0,6103516 0,2479552 0,1653036
0,6103516 0,2606708 0,1748403
0,6103516 0,2479552 0,1780193
0,4069011 0,2479552 0,1509984
0,4069011 0,254313 0,1653036
0,4069011 0,2352396 0,149409
0,6103516 0,2511341 0,149409
0,6103516 0,2320606 0,1589458
0,6103516 0,2447763 0,1557668
0,6103516 0,2384185 0,1478195
0,6103516 0,2733865 0,1843771
0,6103516 0,2606708 0,1637141
0,4069011 0,2257028 0,1430511
0,6103516 0,2797444 0,1732509
0,6103516 0,2606708 0,1557668
0,6103516 0,2511341 0,170072
0,6103516 0,2638497 0,1732509
0,6103516 0,298818 0,1986823
0,6103516 0,2479552 0,1446406
0,4069011 0,2574919 0,166893
0,6103516 0,2574919 0,1668931
0,4069011 0,254313 0,1621247
0,8138021 0,2606708 0,1796087
0,6103516 0,2511341 0,1668931
0,6103516 0,2574919 0,1716614
0,4069011 0,2415974 0,1621247
0,4069011 0,2606708 0,1653036
0,6103516 0,2574919 0,1621247
0,6103516 0,254313 0,1748404
0,6103516 0,2670287 0,1859666
0,4069011 0,2447762 0,1589457
0,6103516 0,2892812 0,1939139
0,6103516 0,2415974 0,1716615
0,6103516 0,2829233 0,1891455
0,8138021 0,2733865 0,1955034
0,6103516 0,2702076 0,190735
0,6103516 0,2892812 0,1986823
0,4069011 0,2606708 0,187556
0,8138021 0,2924601 0,1827877
0,4069011 0,2606708 0,1748403
0,4069011 0,2606708 0,1843771
0,6103516 0,2733865 0,1859666
0,6103516 0,2606708 0,1764298
0,4069011 0,2574919 0,1684825
0,6103516 0,2829233 0,1923245
0,6103516 0,2606708 0,1732509
0,6103516 0,2861023 0,2002718
0,8138021 0,2733865 0,1764298
0,6103516 0,2924601 0,1986823
0,6103516 0,2415974 0,1748404
0,6103516 0,2574919 0,1859666
0,4069011 0,2733865 0,1859666
0,6103516 0,2702076 0,187556
0,6103516 0,2670287 0,1748403
0,6103516 0,2447763 0,1748404
0,4069011 0,254313 0,1684825
0,6103516 0,2574919 0,1764298
0,6103516 0,2574919 0,1764298
0,6103516 0,2733865 0,2002717
0,4069011 0,254313 0,1748404
0,8138021 0,2606708 0,1859666
0,8138021 0,2829233 0,1923244
0,6103516 0,2829233 0,2002718
0,6103516 0,2733865 0,2050401
0,6103516 0,2733865 0,1923244
0,6103516 0,2829233 0,1986823
0,6103516 0,2702076 0,2050401
0,6103516 0,2670287 0,1843771
0,6103516 0,2765655 0,1955034
0,6103516 0,2638497 0,1923244
0,6103516 0,2733865 0,1827877
0,6103516 0,2765655 0,211398
0,6103516 0,2733865 0,1875561
0,8138021 0,2670287 0,1732509
0,6103516 0,2702076 0,1923244
0,6103516 0,2638497 0,170072
0,6103516 0,2797444 0,1939139
0,6103516 0,2733865 0,1923244
0,6103516 0,2924601 0,2098085
0,6103516 0,2733865 0,2018612
0,4069011 0,2606708 0,1986823
0,6103516 0,2829233 0,2034507
0,6103516 0,2670287 0,190735
0,8138021 0,2892812 0,1970929
0,8138021 0,2892812 0,2098086
0,6103516 0,2924602 0,1923245
0,6103516 0,254313 0,1875561
0,6103516 0,2638497 0,2002717
0,6103516 0,2956391 0,2098086
0,6103516 0,2924602 0,2129875
0,8138021 0,2956391 0,2066296
0,6103516 0,2702076 0,1986823
0,6103516 0,2765655 0,2018612
0,6103516 0,2765654 0,2018612
0,6103516 0,3051759 0,2177559
0,6103516 0,2861023 0,2209348
0,6103516 0,2797444 0,2193453
0,4069011 0,2638497 0,2066296
0,8138021 0,2924601 0,2177559
0,6103516 0,3051759 0,214577
0,6103516 0,3178917 0,2368295
0,8138021 0,3274285 0,2336506
0,8138021 0,3115338 0,2304716
0,6103516 0,3178916 0,2225243
0,6103516 0,2956391 0,2161664
0,8138021 0,3337863 0,2368295
0,6103516 0,298818 0,214577
0,6103516 0,3051759 0,2257032
0,8138021 0,3178916 0,23524
0,8138021 0,3083548 0,2336505
0,8138021 0,2892812 0,2209348
0,8138021 0,3115338 0,2304716
0,8138021 0,3083549 0,2304716
0,6103516 0,2956391 0,2272927
0,8138021 0,301997 0,2320611
0,4069011 0,2924602 0,2272927
0,6103516 0,3306074 0,238419
0,6103516 0,298818 0,2336505
0,8138021 0,3433231 0,2495452
0,6103516 0,3115338 0,2272927
0,6103516 0,2924602 0,2336505
0,8138021 0,3115338 0,2320611
0,8138021 0,3401442 0,2463663
0,6103516 0,3623964 0,2606712
0,6103516 0,3083549 0,23524
0,6103516 0,3528598 0,2479557
0,6103516 0,3083549 0,2384189
0,8138021 0,3369653 0,2479557
0,8138021 0,3401442 0,2606713
0,6103516 0,3337863 0,255903
0,6103516 0,3337863 0,2511347
0,6103516 0,3623964 0,2543134
0,6103516 0,346502 0,2574924
0,8138021 0,3560387 0,2638502
0,6103516 0,3910065 0,2845128
0,6103516 0,3051759 0,2384189
0,8138021 0,3115338 0,2415978
0,8138021 0,3687542 0,2717973
0,6103516 0,3655753 0,2717974
1,220703 0,3687542 0,2702079
0,6103516 0,3687542 0,2702079
0,8138021 0,4005433 0,2924601
1,017253 0,3941855 0,2876917
0,8138021 0,3846487 0,2876917
0,6103516 0,3623964 0,2733868
0,8138021 0,41008 0,2956389
0,6103516 0,3814698 0,2781551
0,8138021 0,4069011 0,3004073
0,8138021 0,4037222 0,29246
0,8138021 0,4450478 0,3115332
0,8138021 0,3941855 0,2908706
0,8138021 0,4227955 0,3004072
1,220703 0,4673002 0,3290171
0,8138021 0,4132588 0,3004072
1,017253 0,4990892 0,3623956
1,017253 0,4990892 0,3639852
1,017253 0,470479 0,3671641
1,424154 0,5435942 0,4196166
0,8138021 0,5435943 0,427564
1,017253 0,5404153 0,4053114
0,8138021 0,5308785 0,4021324
0,8138021 0,562668 0,4355114
1,220703 0,6167097 0,4736586
1,017253 0,5944573 0,4720692
1,017253 0,6516775 0,5038584
1,220703 0,7216136 0,565847
1,220703 0,7375082 0,5753836
1,627604 0,747045 0,5896885
1,627604 0,8360544 0,6484977
1,424154 0,8392333 0,669161
1,424154 0,9028112 0,7120761
1,627604 0,9695681 0,7454547
2,237956 1,004536 0,780423
1,627604 0,975926 0,7883704
2,237956 1,134873 0,8885071
2,034505 1,217525 0,9361908
2,237956 1,217524 0,9663903
2,644857 1,296996 1,058578
2,237956 1,424153 1,117388
3,051758 1,436869 1,130103
2,644857 1,595816 1,235008
3,255208 1,640321 1,284282
4,272461 1,780192 1,411439
3,662109 1,945495 1,544952
3,458659 2,133053 1,70072
3,86556 2,409617 1,90576
5,696615 2,654394 2,099673
5,086263 2,962748 2,352396
5,289714 2,95639 2,408027
4,475912 3,182093 2,657572
7,120768 3,674825 2,977054
5,900065 3,970463 3,205935
6,510417 4,313788 3,463428
7,324218 4,456836 3,611245
7,324219 4,905064 4,027684
7,93457 5,21342 4,202526
8,951823 5,626678 4,583993
8,748373 5,747476 4,59671
9,969075 6,427763 5,273818
9,562173 6,720226 5,613963
11,80013 7,073083 5,838076
11,80013 7,69615 6,356238
13,63118 8,236567 6,747247
14,85189 8,859634 7,360778
21,3623 9,762444 8,061727
36,8245 10,60804 8,675259
33,1624 12,03537 9,587605
31,53481 12,79831 10,23134
46,99706 16,59711 12,59327
51,67646 18,35187 13,62006
44,55564 23,19653 17,81622
58,18692 27,01122 21,348
51,47302 29,88496 23,68768
57,98346 32,43445 25,43926
57,16967 33,81409 27,45787
64,90083 35,5307 27,54529
68,35951 39,6347 31,90834
86,46658 44,30134 34,57387
93,58726 43,98981 35,32251
78,53212 45,53477 37,07249
73,24239 47,44212 38,40128
86,05966 52,13104 41,39901
100,9114 56,93124 46,06887
97,65618 63,60064 50,39697
99,08032 73,83997 59,41558
119,6285 76,65969 65,27911
124,9181 75,95712 66,81136
105,1837 78,77684 69,77255
110,2699 81,50114 71,77364
113,1182 81,4789 72,52389
114,5423 82,0797 72,88947
106,4044 81,92713 72,83064
118,6113 84,83263 75,62171
116,7802 85,84986 76,03337
122,8837 86,45066 77,58153
114,1354 85,99927 77,30653
115,763 86,89253 78,23162
115,763 87,46156 79,12171
121,2561 85,07421 76,94411
119,4251 86,6732 76,75819
123,0871 88,30077 79,79723
112,3044 86,74313 78,71004
129,5974 89,92516 79,32355
119,4251 89,76304 78,88646
120,4423 88,55192 79,67167
118,6113 88,79985 78,70683
110,4734 87,2422 78,62102
124,9181 92,49054 83,43869
115,9665 88,56462 79,07876
116,1699 88,07506 80,95437
122,4768 90,27486 81,65051
105,5907 89,36253 81,61557
117,1871 88,35481 79,79088
113,7285 89,67088 81,5901
121,2561 89,95699 82,00184
128,9871 91,25076 80,31223
123,6975 89,91247 81,15781
114,9492 90,31303 82,70595
118,2044 92,02961 82,45321
128,5802 92,90697 82,40392
124,7147 92,14407 83,74704
130,2078 94,24211 85,16326
121,8664 90,34797 80,9909
122,8837 93,3997 84,44797
112,7113 90,18266 82,00658
109,0492 90,84073 84,00614
107,8286 92,85609 83,84397
126,1388 93,93375 85,16801
116,7803 93,41241 85,82605
122,2733 94,28344 86,35694
124,1044 93,28845 85,60036
122,0699 95,0241 85,71634
119,4251 93,15812 85,20617
122,4768 93,10722 85,90076
122,8837 95,53589 86,49995
130,2078 95,93009 86,69703
123,9009 98,19975 89,44994
111,6941 94,71574 87,47428
117,1871 95,47228 87,69997
123,6975 97,29377 89,01441
130,2078 101,9858 90,89153
130,2078 99,61753 91,79753
130,2078 99,59528 89,48964
130,2078 102,7169 91,65922
126,7492 98,58123 89,97765
123,6975 98,24743 89,59771
128,7836 99,10892 91,0743
126,5457 100,0244 91,49866
128,1733 100,5458 91,30636
130,2078 102,3164 91,59243
128,1733 101,6934 93,0071
130,2078 102,4436 92,77657
126,9526 105,0089 95,28314
125,325 102,771 93,12943
130,2078 102,7933 92,87035
125,1216 103,251 92,73048
130,2078 102,1129 93,79702
130,2078 102,949 95,09082
130,2078 105,9371 96,11761
130,2078 102,3132 92,90372
129,394 106,7541 97,47657
130,2078 107,2881 97,97567
130,2078 107,2945 97,23497
130,2078 108,4739 97,1682
130,2078 109,0397 97,71651
130,2078 108,671 98,14414
130,2078 107,0211 97,03309
130,2078 105,8036 97,23656
125,5285 108,3626 99,27262
130,2078 112,6986 100,0403
130,2078 113,7889 102,1861
130,2078 110,5942 99,41407
