0,6103516 0,2415974 0,1398722
0,4069011 0,2574919 0,1541773
0,6103516 0,2352396 0,1223881
0,4069011 0,2574919 0,1605352
0,6103516 0,2415974 0,1509984
0,6103516 0,254313 0,1668931
0,4069011 0,2257028 0,1509984
0,6103516 0,2479552 0,1621247
0,4069011 0,2257028 0,1462301
0,6103516 0,254313 0,1891455
0,4069011 0,2511341 0,1637141
0,4069011 0,2638497 0,1748403
0,6103516 0,2670287 0,1653036
0,8138021 0,2415974 0,1541774
0,6103516 0,2638497 0,1605352
0,6103516 0,2574919 0,1748404
0,6103516 0,2447763 0,1541774
0,4069011 0,2320606 0,1430511
0,4069011 0,2670287 0,1684825
0,6103516 0,2415974 0,1621247
0,4069011 0,2447762 0,1478195
0,4069011 0,2606708 0,1716614
0,6103516 0,2574919 0,1764298
0,4069011 0,254313 0,1573563
0,8138021 0,2670287 0,1843771
0,4069011 0,2606708 0,1684825
0,4069011 0,2384184 0,149409
0,4069011 0,2257028 0,1557668
0,6103516 0,2352396 0,170072
0,4069011 0,2511341 0,1653036
0,6103516 0,2606708 0,1732509
0,6103516 0,2797444 0,1843771
0,4069011 0,2670287 0,1748403
0,6103516 0,2670287 0,1843771
0,4069011 0,2479552 0,1732509
0,6103516 0,2861023 0,190735
0,6103516 0,254313 0,1764298
0,4069011 0,2479552 0,170072
0,6103516 0,2797444 0,1939139
0,6103516 0,2479552 0,1748404
0,6103516 0,2511341 0,1509984
0,4069011 0,2447762 0,1605352
0,6103516 0,2606708 0,1796087
0,6103516 0,2606708 0,1716614
0,4069011 0,254313 0,1843771
0,6103516 0,2479552 0,1780193
0,4069011 0,2511341 0,1764298
0,4069011 0,254313 0,1780193
0,6103516 0,2638497 0,1796087
0,8138021 0,2702076 0,1811982
0,4069011 0,2288817 0,1732509
0,8138021 0,2861023 0,1923245
0,4069011 0,254313 0,1843771
0,4069011 0,2511341 0,1732509
0,4069011 0,2447762 0,1764298
0,4069011 0,2638497 0,1827877
0,6103516 0,2861023 0,1986823
0,6103516 0,2797444 0,190735
0,6103516 0,254313 0,1780193
0,6103516 0,2702076 0,190735
0,6103516 0,2606708 0,1573563
0,6103516 0,2765655 0,1875561
0,6103516 0,2765655 0,1891455
0,6103516 0,2733865 0,2002718
0,6103516 0,2797444 0,2034507
0,6103516 0,2733865 0,1970928
0,6103516 0,2574919 0,1843771
0,6103516 0,3083548 0,2241137
0,6103516 0,2861023 0,1986823
0,6103516 0,2702076 0,1986823
0,6103516 0,2797444 0,1939139
0,6103516 0,2702076 0,1939139
0,6103516 0,2574919 0,170072
0,6103516 0,2638497 0,1843771
0,6103516 0,254313 0,1732509
0,4069011 0,2606708 0,1939139
0,6103516 0,2733865 0,1939139
0,6103516 0,2829233 0,1923245
0,4069011 0,2479552 0,170072
0,6103516 0,2670287 0,190735
0,6103516 0,2765655 0,2002718
0,8138021 0,2892812 0,1939139
0,8138021 0,3019969 0,2082191
0,6103516 0,2892812 0,2002718
0,6103516 0,2797444 0,2129875
0,4069011 0,2670287 0,1843771
0,6103516 0,2670287 0,1827877
0,4069011 0,2606708 0,1986823
0,6103516 0,2797444 0,1986823
0,6103516 0,2638497 0,1796087
0,6103516 0,2670287 0,1811982
0,6103516 0,2892812 0,2161664
0,6103516 0,2765655 0,2002718
0,6103516 0,2574919 0,1811982
0,6103516 0,2829233 0,2066296
0,6103516 0,254313 0,190735
0,6103516 0,2733865 0,2145769
0,6103516 0,2638497 0,1780193
0,6103516 0,2829233 0,190735
0,6103516 0,2797444 0,2066296
0,6103516 0,2892812 0,2129875
0,6103516 0,3147127 0,2241138
0,6103516 0,2670287 0,190735
0,4069011 0,2479552 0,1891455
0,6103516 0,2574919 0,190735
0,6103516 0,2861023 0,2145769
0,6103516 0,2924601 0,1986823
0,6103516 0,254313 0,190735
0,6103516 0,2829233 0,2050402
0,6103516 0,2924602 0,2177559
0,8138021 0,3115337 0,2209348
0,8138021 0,2733865 0,2002717
0,6103516 0,2606708 0,1955034
0,6103516 0,3210706 0,2113981
0,6103516 0,2924601 0,2082191
0,8138021 0,298818 0,2129875
0,6103516 0,2861023 0,2018612
0,6103516 0,2956391 0,2050402
0,6103516 0,2829233 0,2098085
0,8138021 0,3051759 0,2288821
0,4069011 0,2765655 0,211398
0,6103516 0,2765655 0,1939139
0,6103516 0,2861023 0,211398
0,6103516 0,2892812 0,2034507
0,6103516 0,2733865 0,2018612
0,6103516 0,2892812 0,2177559
0,6103516 0,2670287 0,2082191
0,6103516 0,2797444 0,2098085
0,4069011 0,2638497 0,1748403
0,8138021 0,3210706 0,2384189
0,6103516 0,2733865 0,2129874
0,6103516 0,2956391 0,1970929
0,6103516 0,2765655 0,2018612
0,6103516 0,2861023 0,2161664
0,6103516 0,3147127 0,2288821
0,6103516 0,3115338 0,2257032
0,6103516 0,254313 0,1986823
0,6103516 0,2765655 0,2018612
0,6103516 0,2733865 0,2066296
0,6103516 0,298818 0,2225243
0,8138021 0,2924601 0,2304716
0,6103516 0,2638497 0,1955034
0,4069011 0,2765655 0,2066296
0,6103516 0,2606708 0,1939139
0,6103516 0,2733865 0,2034507
0,6103516 0,2733865 0,1939139
0,6103516 0,2861023 0,2145769
0,6103516 0,3306074 0,238419
0,6103516 0,2956391 0,2177559
0,6103516 0,301997 0,2272927
0,4069011 0,2511341 0,1875561
0,6103516 0,3083548 0,2225243
0,8138021 0,3115337 0,2368294
0,6103516 0,2924601 0,2225243
1,220703 0,3115337 0,2304716
0,6103516 0,2702076 0,1970928
0,6103516 0,2733865 0,2034507
0,6103516 0,2861023 0,2177559
0,6103516 0,2702076 0,211398
0,6103516 0,2861023 0,2050402
0,6103516 0,3051759 0,2177559
0,6103516 0,2861023 0,2098085
0,6103516 0,3083549 0,2241138
0,6103516 0,3083549 0,23524
0,6103516 0,2861023 0,2082191
0,6103516 0,301997 0,2193454
0,6103516 0,2988181 0,2193454
0,4069011 0,2670287 0,2050401
0,8138021 0,3083548 0,2241137
0,8138021 0,2829233 0,2193453
0,6103516 0,2956391 0,2098086
0,6103516 0,2924601 0,2177559
0,6103516 0,2829233 0,2145769
0,6103516 0,2765655 0,2018612
0,8138021 0,3083548 0,2225243
0,6103516 0,2670287 0,2018612
0,6103516 0,2956391 0,2193453
0,6103516 0,301997 0,2241137
0,6103516 0,2892812 0,2161664
1,017253 0,3019969 0,211398
0,6103516 0,2956391 0,2288821
0,8138021 0,2733865 0,2082191
0,6103516 0,3115337 0,2161664
0,6103516 0,2670287 0,2050401
0,8138021 0,3115338 0,2257032
0,4069011 0,2892812 0,2209348
0,6103516 0,3369653 0,2336506
0,6103516 0,3115338 0,2320611
0,6103516 0,2861023 0,2225242
0,8138021 0,3115337 0,2288821
0,6103516 0,3115338 0,23524
0,6103516 0,3083549 0,2368295
0,6103516 0,3115338 0,2384189
0,6103516 0,3051759 0,2320611
0,6103516 0,2861023 0,2018612
0,6103516 0,2829233 0,2177559
0,8138021 0,298818 0,232061
0,4069011 0,2829233 0,2082191
0,6103516 0,3147127 0,2257032
0,6103516 0,3401442 0,2574924
0,8138021 0,3083548 0,2272927
0,6103516 0,3019969 0,2257032
0,6103516 0,2924601 0,2304716
0,8138021 0,298818 0,2272927
0,6103516 0,3147127 0,2288822
0,6103516 0,3147127 0,2288822
0,6103516 0,3051759 0,2320611
0,8138021 0,3274284 0,2479557
0,6103516 0,2892812 0,2129875
0,6103516 0,2924601 0,2209348
0,8138021 0,3306074 0,2479557
0,8138021 0,3115338 0,2225243
0,6103516 0,298818 0,232061
0,6103516 0,3019969 0,2272927
0,6103516 0,3178917 0,2336506
0,6103516 0,3242495 0,2368295
0,8138021 0,3147127 0,2304716
0,6103516 0,2829233 0,2193453
0,6103516 0,3274285 0,2272927
0,8138021 0,2797444 0,2193453
0,6103516 0,3401441 0,2495452
0,6103516 0,3210706 0,2320611
0,6103516 0,3051759 0,2368294
0,6103516 0,3147127 0,2288822
0,6103516 0,3051759 0,2288821
0,6103516 0,3210706 0,2415979
0,6103516 0,2829233 0,2193453
0,6103516 0,2956391 0,232061
0,6103516 0,3210706 0,2320611
0,6103516 0,3115338 0,2336505
0,8138021 0,3178917 0,2415979
0,6103516 0,301997 0,2304716
0,6103516 0,3115338 0,2304716
0,8138021 0,3306074 0,2431873
1,017253 0,3147127 0,2400084
0,6103516 0,3306074 0,2447768
1,017253 0,2892812 0,2066296
0,6103516 0,3115338 0,2336505
0,8138021 0,3337863 0,2368295
0,8138021 0,3306074 0,2463663
0,8138021 0,3496809 0,2622607
0,6103516 0,2797444 0,2145769
0,6103516 0,2956391 0,214577
0,6103516 0,3083549 0,2320611
0,6103516 0,3210706 0,2400084
0,6103516 0,3369653 0,2479557
0,6103516 0,3178917 0,2479557
0,6103516 0,3147127 0,2368295
0,6103516 0,3178917 0,2336506
0,8138021 0,301997 0,2368294
0,6103516 0,2924602 0,2225243
0,6103516 0,3210706 0,2495452
0,6103516 0,298818 0,2304716
0,6103516 0,3274285 0,255903
0,6103516 0,3115338 0,2415978
0,6103516 0,298818 0,2257032
0,6103516 0,2924601 0,2193453
0,6103516 0,3369652 0,2511346
0,6103516 0,3083549 0,2304716
0,6103516 0,3178917 0,238419
0,6103516 0,3369653 0,2511347
0,6103516 0,3051759 0,23524
0,6103516 0,3115338 0,2384189
0,6103516 0,3496809 0,255903
0,6103516 0,2861023 0,2177559
0,6103516 0,3337863 0,2495452
0,6103516 0,3306074 0,2479557
0,6103516 0,3083548 0,2288821
0,6103516 0,3242495 0,2415979
0,8138021 0,301997 0,23524
0,6103516 0,3051759 0,2320611
0,6103516 0,343323 0,2463662
0,6103516 0,3369653 0,2511347
0,6103516 0,301997 0,23524
0,6103516 0,3306074 0,2463663
0,6103516 0,3560387 0,2638502
0,6103516 0,298818 0,23524
0,6103516 0,3306074 0,2400084
0,6103516 0,3210706 0,2288822
0,8138021 0,3115338 0,2384189
0,6103516 0,2988181 0,23524
0,6103516 0,3147127 0,2463662
0,8138021 0,3274285 0,2463663
0,8138021 0,3306074 0,2495452
0,6103516 0,3560386 0,2686185
0,6103516 0,2797444 0,2241137
1,017253 0,3560387 0,2590818
0,6103516 0,3274285 0,2463663
0,6103516 0,343323 0,2479557
0,6103516 0,3178916 0,2336505
0,6103516 0,3369653 0,2590819
0,6103516 0,3051759 0,2272927
0,6103516 0,3242495 0,2431873
0,8138021 0,3147127 0,2241138
0,6103516 0,3274285 0,2511346
0,6103516 0,3306074 0,2543135
0,6103516 0,3115337 0,2320611
0,6103516 0,3178917 0,2368295
0,6103516 0,3115338 0,2511346
0,6103516 0,298818 0,2336505
0,8138021 0,3623965 0,2574924
0,6103516 0,3083549 0,2320611
0,8138021 0,3306074 0,2479557
0,6103516 0,346502 0,2590819
0,6103516 0,301997 0,2304716
0,6103516 0,3178916 0,2368295
0,8138021 0,3496809 0,2622607
0,6103516 0,2797444 0,2225242
0,8138021 0,3210706 0,2431873
0,6103516 0,3178917 0,238419
0,6103516 0,3083548 0,2431873
0,6103516 0,3210706 0,2479557
0,6103516 0,3242495 0,2463663
0,8138021 0,3878277 0,2797445
0,8138021 0,3083548 0,2400084
0,6103516 0,3083549 0,2400084
0,6103516 0,3369653 0,2479557
0,8138021 0,3210706 0,2415978
0,8138021 0,3560387 0,2574924
0,6103516 0,3274285 0,2495452
0,6103516 0,3465019 0,2543135
0,8138021 0,3242495 0,2479557
0,6103516 0,2956391 0,2257032
0,6103516 0,3337863 0,2415979
0,8138021 0,3274285 0,2447768
0,6103516 0,3083549 0,23524
0,6103516 0,3115338 0,2400084
0,6103516 0,3369652 0,2527241
0,8138021 0,3401442 0,2527241
0,6103516 0,3115338 0,2336505
0,6103516 0,3115337 0,2320611
0,6103516 0,3210706 0,2415979
0,8138021 0,3210706 0,2431873
0,8138021 0,3083548 0,2272927
0,6103516 0,3147127 0,2400084
0,6103516 0,3369653 0,2543136
0,6103516 0,3306074 0,2415979
0,4069011 0,2829233 0,2193453
0,4069011 0,3115338 0,2241138
0,6103516 0,3337863 0,2479557
0,6103516 0,3433231 0,2606713
0,6103516 0,3147127 0,2368295
0,6103516 0,3306074 0,2527241
0,6103516 0,3274285 0,2447768
0,6103516 0,3051759 0,2272927
0,8138021 0,3242495 0,2447768
0,6103516 0,3274285 0,2527241
0,6103516 0,3051759 0,2320611
0,6103516 0,3433231 0,2527241
0,4069011 0,3115338 0,23524
0,6103516 0,3496808 0,2574924
0,6103516 0,2892812 0,2336505
0,8138021 0,3178917 0,2431873
0,6103516 0,3178917 0,2463662
0,8138021 0,3242495 0,2447768
0,8138021 0,3337863 0,2368295
0,6103516 0,3115338 0,2447768
0,8138021 0,3210706 0,2431873
0,6103516 0,3242495 0,2415979
0,6103516 0,3369653 0,2574925
0,6103516 0,3051759 0,2320611
0,6103516 0,3147127 0,2415979
0,6103516 0,3337863 0,2527241
0,6103516 0,3369653 0,255903
0,6103516 0,3687543 0,2622607
0,6103516 0,3115338 0,2384189
0,6103516 0,3242495 0,2447768
0,6103516 0,3083548 0,2415978
0,6103516 0,2956391 0,2272927
0,6103516 0,3178916 0,2447768
0,8138021 0,3401442 0,2463663
0,6103516 0,3242495 0,2447768
0,8138021 0,3433231 0,2511346
0,8138021 0,3083549 0,23524
0,6103516 0,298818 0,2257032
0,8138021 0,3242495 0,238419
0,8138021 0,3147127 0,2320611
0,6103516 0,3242495 0,2400084
0,6103516 0,3115337 0,2431873
0,6103516 0,3369653 0,2574925
0,4069011 0,2797444 0,2066296
0,6103516 0,301997 0,2415978
0,6103516 0,3337863 0,2495452
0,6103516 0,3210706 0,2320611
0,6103516 0,3306074 0,255903
0,8138021 0,3019969 0,2225243
0,6103516 0,3306074 0,238419
0,6103516 0,3051759 0,2257032
0,6103516 0,3115338 0,2320611
0,8138021 0,346502 0,2543135
0,8138021 0,3401442 0,2527241
0,8138021 0,2861023 0,2129875
0,6103516 0,3147127 0,2415979
0,6103516 0,3051759 0,2272927
0,8138021 0,3528598 0,2543135
0,6103516 0,2924602 0,2225243
0,6103516 0,3242495 0,2495452
0,6103516 0,3019969 0,232061
0,4069011 0,3115338 0,2336506
0,6103516 0,3083549 0,2304716
0,6103516 0,343323 0,2590818
0,6103516 0,3242495 0,2479557
0,8138021 0,3242495 0,2495452
0,6103516 0,3210706 0,2384189
0,6103516 0,3242495 0,2447768
0,6103516 0,3178917 0,2431873
0,6103516 0,3369653 0,2463663
0,8138021 0,3369653 0,2400084
0,6103516 0,2892812 0,2193453
0,8138021 0,3019969 0,232061
0,8138021 0,3051759 0,2368294
0,8138021 0,3306074 0,2400084
0,6103516 0,2956391 0,2225243
0,6103516 0,3083548 0,2384189
0,6103516 0,2606708 0,1955034
0,6103516 0,3242495 0,2463663
0,6103516 0,3051759 0,2257032
0,6103516 0,3083549 0,23524
0,6103516 0,2924601 0,2257032
0,6103516 0,3178916 0,2415978
0,8138021 0,3242495 0,2336506
0,6103516 0,3274285 0,2574925
0,6103516 0,3178917 0,2495452
0,8138021 0,3433231 0,2606713
0,6103516 0,3274285 0,2431873
0,6103516 0,3115337 0,2304716
0,6103516 0,3083549 0,2431873
0,6103516 0,3528597 0,2543135
0,8138021 0,3274285 0,2447768
0,6103516 0,3178916 0,2368295
0,8138021 0,3337863 0,2320611
0,6103516 0,3560387 0,2559029
0,8138021 0,3433231 0,2590819
0,8138021 0,3115338 0,2384189
0,8138021 0,3306074 0,2431873
0,6103516 0,3465019 0,2527241
0,6103516 0,3178916 0,2336505
0,6103516 0,3051759 0,2272927
0,6103516 0,3496808 0,2574924
1,017253 0,3337863 0,2590819
0,8138021 0,2861023 0,2304716
1,220703 0,3369652 0,2495452
1,017253 0,3719333 0,2654396
0,6103516 0,3083549 0,2336505
0,6103516 0,3274285 0,2415979
0,6103516 0,3210706 0,238419
0,6103516 0,3178917 0,2447768
0,8138021 0,3306074 0,2447768
0,6103516 0,2892812 0,23524
0,6103516 0,3306074 0,2543135
0,6103516 0,3369653 0,2479557
0,8138021 0,3178917 0,2463662
0,8138021 0,3433231 0,2479557
0,6103516 0,298818 0,232061
1,017253 0,3306074 0,2479557
0,8138021 0,3274285 0,2415979
0,8138021 0,3147127 0,2368295
0,6103516 0,3083549 0,2257032
0,6103516 0,3083549 0,2384189
0,8138021 0,346502 0,2606713
0,6103516 0,2924601 0,2272926
0,6103516 0,3306074 0,2368295
0,6103516 0,3274285 0,2495452
0,6103516 0,3465019 0,2574924
0,6103516 0,301997 0,2368294
0,8138021 0,3147127 0,2320611
0,6103516 0,3147127 0,23524
0,6103516 0,3401442 0,2495452
0,6103516 0,3178917 0,2431873
0,8138021 0,298818 0,232061
0,6103516 0,3719331 0,2781551
0,6103516 0,3051759 0,2288821
1,017253 0,3496809 0,255903
0,6103516 0,3242495 0,2463663
0,6103516 0,3306074 0,2447768
0,6103516 0,3178917 0,2527241
1,017253 0,3433231 0,2479557
0,6103516 0,3274285 0,2479557
0,6103516 0,3147127 0,2320611
0,8138021 0,3242495 0,2400084
0,6103516 0,3306074 0,2479557
0,8138021 0,3337863 0,2463663
0,6103516 0,3178917 0,2400084
0,6103516 0,3369653 0,2527241
0,6103516 0,3083548 0,2400084
0,6103516 0,3560387 0,2654396
0,6103516 0,346502 0,2527241
0,8138021 0,3401442 0,2479557
0,6103516 0,3496809 0,2638502
0,6103516 0,3655754 0,2654396
0,6103516 0,3147127 0,2447768
0,6103516 0,3687542 0,2717973
0,8138021 0,378291 0,2733867
0,4069011 0,3274285 0,2415979
0,6103516 0,343323 0,2670291
0,8138021 0,3115337 0,2447768
0,6103516 0,3147127 0,2320611
0,6103516 0,3242495 0,2463662
0,6103516 0,3528598 0,2590818
0,6103516 0,3528598 0,2638502
0,6103516 0,3655753 0,2749763
0,6103516 0,3751121 0,2797446
0,6103516 0,3242495 0,2495452
0,6103516 0,3496808 0,2622607
0,6103516 0,3560386 0,2702079
0,6103516 0,3274285 0,2511346
0,6103516 0,3306074 0,2495452
0,6103516 0,3433231 0,2479557
0,6103516 0,3655753 0,2717973
0,6103516 0,3465019 0,2543135
0,8138021 0,3496809 0,2590819
0,6103516 0,3528597 0,267029
0,6103516 0,3274285 0,2463663
0,6103516 0,3147127 0,2511346
0,6103516 0,3337863 0,2543136
0,8138021 0,3560387 0,2733868
0,6103516 0,3306074 0,2495452
0,8138021 0,3846487 0,2845128
0,6103516 0,3592175 0,2654396
1,017253 0,3655753 0,2749763
0,6103516 0,3751121 0,2749762
1,017253 0,3655754 0,2717974
0,6103516 0,346502 0,2543135
0,8138021 0,375112 0,2797445
0,8138021 0,3337863 0,2527241
0,8138021 0,3337863 0,255903
0,8138021 0,3751121 0,2765657
0,8138021 0,3878277 0,281334
0,8138021 0,3592176 0,2622607
0,6103516 0,3528598 0,2654396
0,8138021 0,3528598 0,2622607
0,8138021 0,3687542 0,2717973
0,8138021 0,375112 0,281334
0,8138021 0,3814698 0,2845129
0,8138021 0,3528598 0,270208
0,6103516 0,3592176 0,267029
1,017253 0,3592176 0,2733869
0,6103516 0,3433231 0,2574924
0,6103516 0,3433231 0,2638502
0,6103516 0,3878276 0,2845128
0,8138021 0,3592176 0,2638502
0,8138021 0,3973643 0,2924601
1,220703 0,3401442 0,2638502
0,6103516 0,3465019 0,2622607
1,017253 0,3592176 0,2606713
0,6103516 0,3465019 0,2638502
0,8138021 0,343323 0,2590818
0,8138021 0,3846487 0,2924601
0,8138021 0,3528598 0,2670291
0,6103516 0,3814698 0,2797445
0,8138021 0,3941854 0,2924601
0,8138021 0,3433231 0,2622608
0,6103516 0,3655753 0,2717973
0,6103516 0,3274285 0,2511347
0,8138021 0,3592175 0,2654396
0,6103516 0,375112 0,281334
0,8138021 0,3592176 0,2717974
0,6103516 0,3751121 0,2797446
1,017253 0,3751121 0,281334
0,6103516 0,3814698 0,2829234
1,017253 0,4291534 0,3083544
0,6103516 0,4132588 0,3051755
0,8138021 0,3655753 0,2717974
0,6103516 0,3655753 0,2702079
0,6103516 0,3878276 0,2845128
0,8138021 0,4005432 0,2940495
0,6103516 0,4164377 0,3035861
0,6103516 0,3910065 0,2876917
0,6103516 0,4100798 0,2956388
0,6103516 0,3560387 0,2622607
0,8138021 0,3878276 0,2908706
0,6103516 0,4005432 0,2988178
0,6103516 0,3846487 0,2813339
0,8138021 0,4355112 0,3115333
0,8138021 0,41008 0,2972284
0,8138021 0,4196167 0,3004072
0,8138021 0,3910066 0,2861023
0,6103516 0,3846488 0,2829234
0,6103516 0,4164377 0,3035861
0,6103516 0,4100799 0,2988178
0,6103516 0,3528597 0,2686185
0,8138021 0,4132589 0,3004073
0,8138021 0,3941854 0,29246
0,6103516 0,375112 0,2829234
0,8138021 0,3941854 0,2972284
0,8138021 0,3814698 0,2845128
0,8138021 0,3973644 0,2908706
0,8138021 0,4418689 0,3163016
0,8138021 0,4323323 0,3178911
0,8138021 0,406901 0,3004072
1,017253 0,4069011 0,2972284
0,6103516 0,3910065 0,29246
0,8138021 0,3719332 0,2765657
0,6103516 0,403722 0,2956389
0,8138021 0,3973643 0,2908706
0,8138021 0,43869 0,3147121
1,017253 0,3973643 0,2924601
0,6103516 0,3878276 0,2876917
0,8138021 0,4450479 0,3131227
0,8138021 0,41008 0,2988178
0,8138021 0,4100799 0,2956389
0,6103516 0,41008 0,3019967
0,8138021 0,4227955 0,306765
0,8138021 0,4323322 0,3163016
0,8138021 0,4100799 0,2988178
0,8138021 0,3878277 0,2861023
0,8138021 0,4132588 0,3019966
0,6103516 0,375112 0,281334
0,8138021 0,4037221 0,29246
0,6103516 0,3528597 0,2654396
0,8138021 0,3846488 0,2845129
1,017253 0,4227955 0,306765
0,8138021 0,3623964 0,2702079
0,6103516 0,4291533 0,3131227
0,6103516 0,441869 0,3210699
1,017253 0,4386901 0,3147122
0,8138021 0,4227955 0,3083544
0,6103516 0,3655753 0,2749762
0,8138021 0,4196166 0,3035861
0,6103516 0,3719331 0,2781551
0,6103516 0,4132589 0,3051756
0,8138021 0,3719331 0,281334
1,017253 0,3910066 0,2924601
0,8138021 0,3846487 0,2892812
0,8138021 0,3941855 0,2940495
0,8138021 0,406901 0,2988178
0,6103516 0,3941855 0,2956389
0,6103516 0,3623965 0,2797446
0,8138021 0,4418689 0,317891
1,017253 0,4514056 0,3258382
0,8138021 0,406901 0,3019966
1,017253 0,3878277 0,2861023
0,6103516 0,4005432 0,2988178
1,017253 0,3973644 0,2908706
0,8138021 0,4355111 0,3099438
0,6103516 0,3910066 0,2924601
0,6103516 0,3878276 0,2876917
0,6103516 0,3878276 0,2876917
1,017253 0,4418689 0,3147121
0,8138021 0,4164378 0,3035861
0,6103516 0,3814698 0,2845128
1,017253 0,4514056 0,3210699
0,8138021 0,406901 0,3019967
0,8138021 0,4164378 0,3035861
0,8138021 0,3878276 0,2845128
0,6103516 0,3973643 0,2988178
0,8138021 0,4355112 0,3131227
0,6103516 0,3687542 0,2797446
1,017253 0,3878277 0,2924601
1,017253 0,4514056 0,3274276
0,6103516 0,4100798 0,3035861
0,6103516 0,4132588 0,3004072
0,8138021 0,4132588 0,3035861
0,8138021 0,3878276 0,2861023
0,8138021 0,4132589 0,3019967
0,6103516 0,4164377 0,306765
1,017253 0,4259744 0,3115333
0,8138021 0,4514056 0,3210699
0,8138021 0,43869 0,3194805
0,8138021 0,4227955 0,3131227
0,8138021 0,4164377 0,306765
0,6103516 0,4164377 0,3051755
0,6103516 0,4196166 0,3115333
0,8138021 0,4069011 0,3019967
0,6103516 0,4227956 0,3083544
0,8138021 0,43869 0,3194804
0,8138021 0,4418689 0,3194804
0,6103516 0,4418689 0,3194804
0,8138021 0,4291534 0,3147122
0,8138021 0,4673001 0,3449115
1,017253 0,4609423 0,3337854
0,8138021 0,4514056 0,3274277
0,8138021 0,4323322 0,3147121
0,8138021 0,4545846 0,3242488
0,6103516 0,4609423 0,3433221
1,017253 0,4545845 0,3226593
0,6103516 0,4355111 0,3194804
0,6103516 0,4355111 0,3194804
0,6103516 0,43869 0,3194804
0,8138021 0,4577634 0,3369643
0,8138021 0,4418689 0,3226593
1,017253 0,4673001 0,3401431
0,8138021 0,4418689 0,3369643
0,8138021 0,4609423 0,3353748
0,8138021 0,4418689 0,3337854
0,8138021 0,4673001 0,3496799
0,8138021 0,4514056 0,3242488
0,8138021 0,4164377 0,3099439
0,8138021 0,4545845 0,3290171
1,017253 0,4577634 0,3480905
0,8138021 0,4577634 0,3544484
0,8138021 0,4768369 0,3592167
0,8138021 0,4609423 0,3433221
0,8138021 0,4768369 0,3544483
0,8138021 0,4577634 0,3337854
1,017253 0,4609424 0,3496799
0,8138021 0,4673001 0,3528589
0,8138021 0,4863735 0,3544483
0,8138021 0,4482267 0,3274276
0,8138021 0,4609423 0,3433221
0,8138021 0,4831947 0,3608062
1,017253 0,470479 0,3623957
0,8138021 0,4641213 0,3401431
1,017253 0,4800158 0,3560378
1,017253 0,4831946 0,3767009
0,8138021 0,4482267 0,3337854
0,6103516 0,4418689 0,3226593
0,8138021 0,4482267 0,3496801
1,017253 0,4895525 0,3639851
1,017253 0,4577634 0,3608063
0,8138021 0,470479 0,3576273
1,017253 0,4704791 0,3560379
0,8138021 0,4577634 0,3401431
1,017253 0,473658 0,3449115
0,8138021 0,4514056 0,3608063
0,8138021 0,4704791 0,3528589
0,8138021 0,4736579 0,3703431
0,8138021 0,4927314 0,3878272
1,017253 0,4927314 0,3655745
1,017253 0,470479 0,3592168
1,220703 0,4959103 0,3894167
0,8138021 0,4514056 0,3369643
0,8138021 0,4545845 0,3385537
1,017253 0,4831947 0,3480904
0,8138021 0,473658 0,3576273
0,8138021 0,4641213 0,352859
0,8138021 0,4609423 0,3480905
0,8138021 0,4736579 0,3623958
1,017253 0,4514056 0,3512695
1,017253 0,4609423 0,3608063
0,8138021 0,4990892 0,3989536
0,8138021 0,470479 0,3576273
1,017253 0,4736579 0,3608062
1,017253 0,5022681 0,3878272
1,017253 0,473658 0,3703431
0,6103516 0,4482267 0,352859
1,017253 0,4704791 0,3512694
0,6103516 0,4482267 0,3480906
1,017253 0,4863736 0,3830588
0,8138021 0,4895525 0,3782904
1,017253 0,470479 0,3751115
0,8138021 0,5022681 0,3957746
1,017253 0,4927314 0,3687535
1,220703 0,4895525 0,3687535
1,017253 0,5149838 0,3989535
1,017253 0,4959103 0,3814693
0,8138021 0,4609423 0,3528589
1,017253 0,505447 0,3878272
0,8138021 0,4768369 0,3687536
1,017253 0,4800158 0,3703431
1,017253 0,4831947 0,3814694
0,8138021 0,4768369 0,373522
0,8138021 0,4768369 0,3878273
0,8138021 0,505447 0,4132588
1,017253 0,4990892 0,3989535
1,220703 0,4927314 0,3846483
1,017253 0,4831946 0,3814694
0,8138021 0,4863736 0,3798799
0,8138021 0,4990892 0,3941851
0,8138021 0,4959103 0,3925956
0,8138021 0,4959103 0,3751114
1,017253 0,4895525 0,3767009
1,017253 0,5308785 0,3989534
0,8138021 0,4895525 0,3878273
1,220703 0,505447 0,4021325
0,8138021 0,5308785 0,3989535
0,8138021 0,4609423 0,3814695
0,8138021 0,4673001 0,3655747
1,017253 0,5149838 0,3957745
0,8138021 0,4800158 0,3751115
1,017253 0,5340574 0,4037218
0,8138021 0,508626 0,4037219
1,017253 0,5181627 0,397364
1,017253 0,4863735 0,3798799
0,8138021 0,4927314 0,3751114
0,8138021 0,4736579 0,376701
0,8138021 0,4545845 0,3782906
1,017253 0,4990892 0,3814693
0,8138021 0,4863736 0,3878272
1,017253 0,4990892 0,3989535
1,017253 0,4927314 0,3798798
1,017253 0,4959103 0,3846483
1,220703 0,4959103 0,3782904
0,8138021 0,4863736 0,3798799
0,8138021 0,4927314 0,373522
1,017253 0,4959103 0,3751115
1,017253 0,4927314 0,3751114
0,8138021 0,4800158 0,373522
1,017253 0,4831946 0,3894168
1,220703 0,4990892 0,3846482
0,8138021 0,5181628 0,4132588
0,8138021 0,4895525 0,4005431
0,8138021 0,4736579 0,3703431
1,017253 0,5181628 0,4069009
0,8138021 0,505447 0,3878272
0,8138021 0,4863735 0,3878272
0,8138021 0,4736579 0,373522
1,220703 0,5181628 0,4148482
1,017253 0,5276996 0,3846482
1,017253 0,5118049 0,4053114
0,8138021 0,505447 0,400543
0,8138021 0,4482267 0,3512695
0,8138021 0,5149839 0,3957745
1,017253 0,505447 0,3941851
0,8138021 0,5022681 0,3862377
0,8138021 0,505447 0,4116693
1,017253 0,5181627 0,4132587
0,8138021 0,5245206 0,3989534
0,8138021 0,5149839 0,4037219
1,017253 0,5022681 0,403722
0,8138021 0,5181628 0,3894166
1,017253 0,4990892 0,3830588
0,8138021 0,505447 0,3878272
1,017253 0,5181628 0,4180272
0,8138021 0,5340575 0,4196166
1,017253 0,5245206 0,4259745
1,220703 0,5340574 0,4180271
1,017253 0,5149838 0,4100798
0,8138021 0,505447 0,4069009
1,220703 0,5245206 0,4259745
1,017253 0,5404153 0,4196166
1,017253 0,5499521 0,4307429
1,017253 0,5276996 0,4212061
0,8138021 0,5213417 0,4212061
0,8138021 0,4895525 0,4053115
0,8138021 0,5276996 0,4116693
1,017253 0,505447 0,3989535
1,017253 0,5912783 0,4561744
1,017253 0,5276996 0,4212061
0,8138021 0,5181628 0,4164377
0,8138021 0,4990892 0,3910061
0,8138021 0,508626 0,403722
0,8138021 0,5499521 0,4339219
1,220703 0,559489 0,4275639
0,8138021 0,505447 0,4100798
1,017253 0,5467732 0,4259745
1,017253 0,5149838 0,4291535
1,220703 0,5372364 0,4307429
0,8138021 0,5149839 0,4164377
0,8138021 0,508626 0,3941851
1,017253 0,559489 0,4418692
1,017253 0,6008151 0,4609428
1,017253 0,4927314 0,3989536
1,017253 0,508626 0,4100799
0,8138021 0,5149839 0,4116693
1,017253 0,5372364 0,430743
0,8138021 0,5213417 0,4132588
1,017253 0,5118049 0,4148482
0,8138021 0,5467733 0,4307429
0,8138021 0,5308785 0,4069008
1,017253 0,5118049 0,4227957
1,017253 0,5245207 0,4037219
1,017253 0,5435943 0,4450482
1,017253 0,5944571 0,4593533
0,8138021 0,508626 0,4053114
1,017253 0,5118049 0,4132588
1,017253 0,559489 0,4450482
1,017253 0,5435942 0,4386903
1,017253 0,5149838 0,4100798
1,017253 0,5308785 0,4084903
0,8138021 0,5340575 0,4243851
1,424154 0,5658468 0,4450482
1,220703 0,5467733 0,424385
0,8138021 0,5404153 0,4339219
1,017253 0,5467733 0,4355114
1,017253 0,5531311 0,4307429
1,017253 0,5658468 0,4434587
1,220703 0,5690258 0,4673008
1,017253 0,5467733 0,4307429
1,017253 0,5340574 0,4227956
1,017253 0,5340575 0,4132587
1,017253 0,55631 0,4355114
0,8138021 0,5181628 0,4180272
0,8138021 0,5308785 0,4148482
0,8138021 0,5753837 0,454585
1,017253 0,5499521 0,4434587
1,017253 0,5404153 0,427564
0,8138021 0,5181628 0,4227956
1,017253 0,5817415 0,4688902
0,8138021 0,5531311 0,4434587
1,017253 0,5785626 0,4657113
1,220703 0,603994 0,481606
0,8138021 0,5753837 0,4625324
1,220703 0,6008151 0,4736587
1,017253 0,5785626 0,457764
1,017253 0,5753837 0,4657114
1,017253 0,6198885 0,4831954
1,220703 0,6675721 0,5181638
1,220703 0,635783 0,511806
1,424154 0,6961823 0,5372371
1,220703 0,6771088 0,5340582
1,017253 0,6930033 0,5451842
1,220703 0,6739298 0,5356475
1,220703 0,6993612 0,5563102
1,627604 0,7534028 0,5944568
1,220703 0,6961823 0,5515419
1,424154 0,7025401 0,5722045
1,220703 0,7565818 0,61353
1,220703 0,7597607 0,6071723
1,424154 0,7915498 0,6214772
1,220703 0,7820131 0,6262456
2,237956 0,8424122 0,6659819
1,424154 0,8455911 0,6580347
1,627604 0,9536735 0,7470441
1,220703 0,8742011 0,7120763
1,627604 1,007716 0,8424127
1,424154 1,020432 0,8360547
1,424154 0,9473158 0,7963178
2,237956 1,093547 0,883739
1,627604 1,052221 0,8455915
1,831055 1,071295 0,8694337
1,627604 1,071295 0,8980443
1,831055 1,080832 0,8980443
2,237956 1,265208 0,9775163
1,831055 1,214345 0,9870536
1,831055 1,284281 1,050632
2,237956 1,325607 1,077652
2,441406 1,389185 1,107851
1,831055 1,401901 1,158713
3,255208 1,535416 1,26044
2,237956 1,544953 1,262029
2,441406 1,633963 1,35263
3,255208 1,738867 1,403491
3,051758 1,90417 1,500448
4,06901 2,01861 1,54972
4,069011 2,10762 1,656214
3,662109 2,384186 1,854896
4,06901 2,590815 2,058347
4,679362 3,105799 2,504984
5,289713 3,315608 2,619427
5,696614 3,48409 2,772012
5,900065 3,614426 2,876918
5,900065 3,948212 3,231366
6,103516 4,253387 3,468195
6,103515 4,069012 3,380776
5,493164 3,954569 3,306071
5,696615 4,205704 3,431638
5,493164 4,100799 3,387133
6,306966 4,084905 3,39667
5,900065 4,1008 3,485681
6,103515 4,259745 3,468196
6,103516 4,253387 3,520647
5,493164 4,151662 3,444355
5,696614 4,037221 3,423692
5,900065 4,161198 3,477731
5,900065 4,208882 3,522238
5,900065 4,161198 3,493626
5,900065 4,466374 3,674825
5,900065 4,320144 3,568331
5,696614 4,339218 3,663698
6,103516 4,402798 3,716151
6,306966 4,577637 3,848077
6,713867 4,723866 3,914832
6,917317 4,920958 4,000663
7,120769 5,105338 4,27723
7,120769 5,350112 4,447301
7,527669 5,458196 4,628501
7,934571 5,594889 4,669825
7,93457 5,661648 4,785855
7,731121 5,801518 4,887579
8,138022 5,833307 4,844666
8,748373 5,922319 5,133945
8,341472 5,88099 5,043346
9,358724 6,252924 5,283356
8,544922 6,348294 5,388258
9,358725 6,694793 5,690258
9,562175 6,663005 5,776089
8,544923 6,659826 5,722048
8,748373 6,856917 5,73953
10,17253 6,993611 6,035169
9,562176 6,923675 5,939799
9,765624 6,847381 5,997023
9,358725 6,94275 6,155969
9,969075 7,108053 5,863509
9,358726 7,32104 6,237031
9,358725 7,222493 6,128949
10,37598 7,092157 6,121
8,951823 6,980895 5,869863
9,562174 7,162095 6,157558
10,37598 7,174811 6,168685
9,155274 7,219315 6,210009
9,358725 7,139844 6,140075
9,562174 7,4323 6,35465
10,57943 7,394154 6,383261
9,765626 7,228852 6,213188
10,78288 7,314683 6,141665
9,155273 7,381439 6,256104
10,78288 7,457733 6,405514
9,969076 7,775624 6,696382
9,969075 7,88053 6,798109
12,00358 7,90914 6,607373
11,18978 8,090337 6,937979
10,98633 8,106234 7,023812
10,57943 8,068084 6,963412
10,98633 8,11259 7,106462
11,39323 8,490881 7,238389
11,59668 8,401873 7,197065
12,00358 8,624393 7,43389
12,00358 8,684793 7,49429
11,39323 8,754731 7,437071
12,00358 9,08216 7,704099
