0,6103516 0,1263618 0,06318092
0,6103516 0,1478195 0,07390976
0,3051758 0,1263618 0,06318092
0,6103516 0,1335144 0,0667572
0,3051758 0,1215935 0,06079674
0,6103516 0,1263618 0,06318092
0,6103516 0,1049042 0,05245209
0,6103516 0,1311302 0,06556511
0,3051758 0,1358986 0,0679493
0,3051758 0,1478195 0,07390976
0,6103516 0,1597404 0,07987022
0,3051758 0,1215935 0,06079674
0,6103516 0,1311302 0,06556511
0,6103516 0,1168251 0,05841255
0,3051758 0,1335144 0,0667572
0,6103516 0,1573563 0,07867813
0,6103516 0,1382828 0,06914139
0,6103516 0,1788139 0,08940697
0,6103516 0,1597404 0,07987022
0,6103516 0,1573563 0,07867813
0,6103516 0,1645088 0,08225441
0,6103516 0,1311302 0,06556511
0,6103516 0,1478195 0,07390976
0,6103516 0,140667 0,07033348
0,6103516 0,1549721 0,07748604
0,6103516 0,1430511 0,07152557
0,6103516 0,1525879 0,07629395
0,3051758 0,1358986 0,0679493
0,6103516 0,1358986 0,0679493
0,6103516 0,1645088 0,08225441
0,6103516 0,1430511 0,07152557
0,3051758 0,1740456 0,08702278
0,6103516 0,1525879 0,07629395
0,6103516 0,1549721 0,07748604
0,6103516 0,1454353 0,07271767
0,6103516 0,166893 0,0834465
0,6103516 0,166893 0,0834465
0,6103516 0,1502037 0,07510185
0,6103516 0,1454353 0,07271767
0,3051758 0,1120567 0,05602837
0,6103516 0,1263618 0,06318092
0,6103516 0,1430511 0,07152557
0,6103516 0,1454353 0,07271767
0,3051758 0,1430511 0,07152557
0,3051758 0,1502037 0,07510185
0,6103516 0,140667 0,07033348
0,6103516 0,2098083 0,1049042
0,6103516 0,1573563 0,07867813
0,3051758 0,140667 0,07033348
0,3051758 0,1215935 0,06079674
0,3051758 0,1740456 0,08702278
0,6103516 0,1478195 0,07390976
0,6103516 0,2002716 0,1001358
0,6103516 0,1621246 0,08106232
0,6103516 0,1716614 0,08583069
0,6103516 0,1645088 0,08225441
0,6103516 0,1239777 0,06198883
0,6103516 0,1597404 0,07987022
0,3051758 0,1502037 0,07510185
0,6103516 0,1740456 0,08702278
0,3051758 0,1144409 0,05722046
0,6103516 0,1478195 0,07390976
0,3051758 0,1382828 0,06914139
0,6103516 0,1597404 0,07987022
0,3051758 0,128746 0,06437302
0,6103516 0,1573563 0,07867813
0,3051758 0,1597404 0,07987022
0,6103516 0,166893 0,0834465
0,6103516 0,1645088 0,08225441
0,3051758 0,1454353 0,07271767
0,3051758 0,1764297 0,08821487
0,6103516 0,1549721 0,07748604
0,6103516 0,1788139 0,08940697
0,3051758 0,1907349 0,09536743
0,6103516 0,140667 0,07033348
0,6103516 0,1716614 0,08583069
0,6103516 0,1764297 0,08821487
0,6103516 0,1335144 0,0667572
0,6103516 0,1573563 0,07867813
0,6103516 0,1478195 0,07390976
0,6103516 0,193119 0,09655952
0,6103516 0,2002716 0,1001358
0,6103516 0,1335144 0,0667572
0,6103516 0,2002716 0,1001358
0,3051758 0,1549721 0,07748604
0,6103516 0,1525879 0,07629395
0,6103516 0,1764297 0,08821487
0,6103516 0,2121925 0,1060963
0,6103516 0,1811981 0,09059906
0,3051758 0,1573563 0,07867813
0,3051758 0,1645088 0,08225441
0,6103516 0,1859665 0,09298325
0,6103516 0,1573563 0,07867813
0,6103516 0,1120567 0,05602837
0,6103516 0,1645088 0,08225441
0,3051758 0,1573563 0,07867813
0,6103516 0,1549721 0,07748604
0,6103516 0,1335144 0,0667572
0,6103516 0,1883507 0,09417534
0,6103516 0,193119 0,09655952
0,6103516 0,1740456 0,08702278
0,6103516 0,1692772 0,0846386
0,3051758 0,1573563 0,07867813
0,3051758 0,2002716 0,1001358
0,3051758 0,1263618 0,06318092
0,6103516 0,1788139 0,08940697
0,6103516 0,1454353 0,07271767
0,3051758 0,1549721 0,07748604
0,6103516 0,166893 0,0834465
0,6103516 0,1835823 0,09179115
0,3051758 0,1382828 0,06914139
0,6103516 0,166893 0,0834465
0,6103516 0,1525879 0,07629395
0,6103516 0,1573563 0,07867813
0,6103516 0,193119 0,09655952
0,6103516 0,1835823 0,09179115
0,6103516 0,1692772 0,0846386
0,6103516 0,1454353 0,07271767
0,6103516 0,1692772 0,0846386
0,6103516 0,2074242 0,1037121
0,6103516 0,1525879 0,07629395
0,6103516 0,1907349 0,09536743
0,6103516 0,1621246 0,08106232
0,6103516 0,1597404 0,07987022
0,3051758 0,1692772 0,0846386
0,6103516 0,1883507 0,09417534
0,6103516 0,1692772 0,0846386
0,6103516 0,1525879 0,07629395
0,6103516 0,1835823 0,09179115
0,6103516 0,20504 0,10252
0,3051758 0,1645088 0,08225441
0,6103516 0,1764297 0,08821487
0,6103516 0,1621246 0,08106232
0,6103516 0,1764297 0,08821487
0,6103516 0,1978874 0,09894371
0,6103516 0,1621246 0,08106232
0,6103516 0,1811981 0,09059906
0,6103516 0,1883507 0,09417534
0,6103516 0,1788139 0,08940697
0,6103516 0,1907349 0,09536743
0,3051758 0,1907349 0,09536743
0,6103516 0,20504 0,10252
0,3051758 0,1645088 0,08225441
0,6103516 0,1740456 0,08702278
0,6103516 0,1573563 0,07867813
0,6103516 0,2074242 0,1037121
0,3051758 0,1692772 0,0846386
0,6103516 0,166893 0,0834465
0,3051758 0,1788139 0,08940697
0,6103516 0,1740456 0,08702278
0,6103516 0,1239777 0,06198883
0,3051758 0,1621246 0,08106232
0,3051758 0,1716614 0,08583069
0,6103516 0,2193451 0,1096725
0,3051758 0,231266 0,115633
0,6103516 0,1835823 0,09179115
0,6103516 0,1978874 0,09894371
0,6103516 0,1788139 0,08940697
0,6103516 0,1835823 0,09179115
0,6103516 0,1907349 0,09536743
0,6103516 0,1811981 0,09059906
0,6103516 0,1835823 0,09179115
0,6103516 0,1788139 0,08940697
0,6103516 0,1978874 0,09894371
0,6103516 0,166893 0,0834465
0,6103516 0,20504 0,10252
0,6103516 0,1692772 0,0846386
0,6103516 0,1978874 0,09894371
0,6103516 0,1740456 0,08702278
0,6103516 0,2217293 0,1108646
0,6103516 0,1955032 0,09775162
1,220703 0,1645088 0,08225441
0,6103516 0,1740456 0,08702278
0,6103516 0,166893 0,0834465
0,6103516 0,2145767 0,1072884
0,6103516 0,1883507 0,09417534
0,6103516 0,2121925 0,1060963
0,6103516 0,2288818 0,1144409
0,6103516 0,1811981 0,09059906
0,3051758 0,2026558 0,1013279
0,6103516 0,1788139 0,08940697
0,6103516 0,1811981 0,09059906
0,6103516 0,2217293 0,1108646
0,6103516 0,2169609 0,1084805
0,6103516 0,2002716 0,1001358
0,6103516 0,1978874 0,09894371
0,3051758 0,1859665 0,09298325
0,6103516 0,2074242 0,1037121
0,6103516 0,2217293 0,1108646
0,3051758 0,1716614 0,08583069
0,6103516 0,2241135 0,1120567
0,6103516 0,1811981 0,09059906
0,3051758 0,2217293 0,1108646
0,6103516 0,2193451 0,1096725
0,6103516 0,1907349 0,09536743
0,6103516 0,2241135 0,1120567
0,6103516 0,2288818 0,1144409
0,6103516 0,1859665 0,09298325
0,6103516 0,2074242 0,1037121
0,6103516 0,1835823 0,09179115
0,6103516 0,2598763 0,1299381
0,3051758 0,2026558 0,1013279
0,6103516 0,20504 0,10252
0,6103516 0,1883507 0,09417534
0,6103516 0,2121925 0,1060963
0,6103516 0,2241135 0,1120567
0,6103516 0,1883507 0,09417534
0,6103516 0,1764297 0,08821487
0,3051758 0,2288818 0,1144409
0,6103516 0,2241135 0,1120567
0,6103516 0,1692772 0,0846386
0,6103516 0,2455711 0,1227856
0,6103516 0,20504 0,10252
