0,6103516 0,3115338 0,2304716
0,6103516 0,298818 0,2225243
0,4069011 0,2733865 0,1986823
0,6103516 0,2924601 0,2304716
0,4069011 0,2765655 0,2098085
0,6103516 0,2956391 0,2272927
0,6103516 0,3147127 0,2431873
0,6103516 0,2924601 0,2209348
0,6103516 0,3083549 0,23524
0,6103516 0,301997 0,2336505
0,8138021 0,3655754 0,2606713
0,8138021 0,298818 0,2400083
0,8138021 0,3083548 0,23524
0,6103516 0,2829233 0,2018612
0,6103516 0,3242495 0,2368295
0,4069011 0,2797444 0,2161664
0,6103516 0,3083549 0,2320611
0,6103516 0,2797444 0,211398
0,8138021 0,3433231 0,2431874
0,6103516 0,2956391 0,2098086
0,6103516 0,298818 0,2241137
0,6103516 0,2956391 0,2161664
0,6103516 0,2829233 0,2082191
0,6103516 0,3115338 0,2368295
0,6103516 0,254313 0,1939139
0,6103516 0,2861023 0,2257032
0,8138021 0,2733865 0,1986823
0,8138021 0,3051759 0,2272927
0,6103516 0,3147127 0,2336506
0,6103516 0,3115337 0,2320611
0,4069011 0,2829233 0,2145769
0,6103516 0,2861023 0,2225242
0,8138021 0,3083548 0,2320611
0,6103516 0,2892812 0,2209348
0,4069011 0,2924602 0,211398
0,6103516 0,3051759 0,2209348
0,6103516 0,2924602 0,2193453
0,6103516 0,3019969 0,2400084
0,6103516 0,3274285 0,2368295
0,6103516 0,2797444 0,2161664
0,6103516 0,2892812 0,2241137
0,6103516 0,3051759 0,2209348
0,8138021 0,2924601 0,2098086
0,6103516 0,2829233 0,2177559
0,6103516 0,2892812 0,2177559
0,6103516 0,298818 0,2272926
0,6103516 0,3083549 0,2272927
0,6103516 0,2861023 0,2177559
0,6103516 0,2829233 0,2225242
0,6103516 0,3210706 0,2272927
0,6103516 0,301997 0,2257032
0,8138021 0,3306074 0,255903
0,6103516 0,298818 0,23524
0,6103516 0,3178916 0,2400084
0,4069011 0,2924602 0,2241137
0,8138021 0,3210706 0,214577
0,6103516 0,298818 0,2288821
0,6103516 0,3115337 0,2384189
0,6103516 0,2415974 0,1939139
0,6103516 0,3147127 0,2368295
0,6103516 0,3115337 0,2304716
0,6103516 0,3178917 0,2288822
0,8138021 0,3210706 0,2288822
0,6103516 0,3083549 0,2272927
0,8138021 0,2892812 0,2145769
0,6103516 0,301997 0,2177559
0,6103516 0,2956391 0,2304716
0,6103516 0,2956391 0,2241137
0,6103516 0,2892812 0,2241137
0,6103516 0,2829233 0,2193453
0,6103516 0,3019969 0,2368294
0,6103516 0,2956391 0,2209348
0,6103516 0,2924601 0,2241137
0,6103516 0,3051759 0,2272927
0,6103516 0,3051759 0,2304716
0,8138021 0,3306074 0,2431874
0,8138021 0,3274285 0,238419
0,8138021 0,3274284 0,2463662
0,6103516 0,2956391 0,2288821
0,6103516 0,3178917 0,2415979
0,6103516 0,2861023 0,2209348
0,4069011 0,3051759 0,2288821
0,6103516 0,2924602 0,2225243
0,6103516 0,3083548 0,2415978
0,6103516 0,2988181 0,2368294
0,6103516 0,298818 0,2193453
0,6103516 0,2797444 0,2193453
0,6103516 0,3115338 0,2336505
0,6103516 0,298818 0,2209348
0,6103516 0,2638497 0,2082191
0,8138021 0,3337863 0,2511347
1,017253 0,2956391 0,2129875
0,6103516 0,2956391 0,232061
0,6103516 0,301997 0,2320611
0,6103516 0,2829233 0,2272926
0,6103516 0,2892812 0,2177559
0,6103516 0,2924601 0,2161664
0,6103516 0,2702076 0,2145769
0,6103516 0,3115338 0,2415978
0,6103516 0,3051759 0,2336505
0,6103516 0,2892812 0,2161664
0,6103516 0,2924602 0,2161664
0,8138021 0,2861023 0,2161664
0,6103516 0,3115338 0,23524
0,6103516 0,3083548 0,2336505
0,6103516 0,3083548 0,23524
0,6103516 0,2924601 0,2257032
1,017253 0,3401442 0,2543136
0,6103516 0,3274284 0,2447768
0,6103516 0,3147127 0,2368295
0,8138021 0,3433231 0,2511347
0,6103516 0,3210706 0,2320611
0,6103516 0,3242495 0,2431873
0,8138021 0,301997 0,2304716
0,6103516 0,298818 0,2193453
0,6103516 0,2861023 0,2177559
0,8138021 0,3210706 0,2415978
0,6103516 0,3178916 0,23524
0,6103516 0,2829233 0,2145769
0,8138021 0,3242495 0,2368295
0,6103516 0,2956391 0,23524
0,6103516 0,2956391 0,2272927
0,6103516 0,3337863 0,2415979
0,6103516 0,301997 0,2241137
0,8138021 0,3019969 0,23524
0,6103516 0,2924601 0,2225243
0,6103516 0,3306074 0,2431873
0,6103516 0,2924601 0,2304716
0,6103516 0,3401442 0,2431873
0,4069011 0,2606708 0,2018612
0,6103516 0,2924601 0,2304716
0,6103516 0,3083549 0,2320611
0,6103516 0,2956391 0,2257032
0,8138021 0,3306074 0,2463662
0,6103516 0,3051759 0,2225243
0,6103516 0,2924601 0,2209348
0,6103516 0,3083549 0,2257032
0,8138021 0,3274285 0,2463663
0,6103516 0,3592175 0,2702079
0,6103516 0,3147127 0,23524
0,6103516 0,298818 0,2193453
0,8138021 0,3147127 0,2463662
0,6103516 0,2829233 0,2225242
0,6103516 0,3369653 0,2590819
0,6103516 0,3083549 0,2272927
0,6103516 0,3147127 0,2320611
0,6103516 0,2797444 0,2145769
0,6103516 0,3115338 0,23524
0,4069011 0,3083549 0,2272927
0,4069011 0,2797444 0,2145769
0,8138021 0,3051759 0,2336505
0,8138021 0,3051759 0,2288821
0,8138021 0,3019969 0,2368294
0,8138021 0,3051759 0,2161664
0,6103516 0,3433231 0,2638502
0,6103516 0,3433231 0,2479557
0,6103516 0,3147127 0,2336505
0,6103516 0,301997 0,2193454
0,6103516 0,3083549 0,2336505
0,6103516 0,3083549 0,23524
0,6103516 0,2797444 0,211398
0,6103516 0,3242495 0,2400084
0,8138021 0,3147127 0,2320611
0,8138021 0,3274284 0,2479557
0,6103516 0,3115337 0,2415978
0,6103516 0,2670287 0,2082191
0,6103516 0,3178917 0,2495452
0,6103516 0,3242495 0,2400084
0,6103516 0,2765655 0,2225242
0,6103516 0,2892812 0,232061
0,8138021 0,3083549 0,2400084
0,6103516 0,301997 0,2304716
0,6103516 0,3210706 0,2288822
0,6103516 0,2861022 0,2225242
0,6103516 0,2892812 0,2225243
0,6103516 0,3210706 0,238419
0,6103516 0,2829233 0,2209348
0,8138021 0,298818 0,2368294
0,6103516 0,2829233 0,2241137
0,6103516 0,3337863 0,2447768
0,6103516 0,3083548 0,2193454
0,6103516 0,2861023 0,232061
0,8138021 0,3178917 0,2400084
0,6103516 0,3178917 0,2368295
0,4069011 0,2638497 0,2098085
0,6103516 0,3242496 0,2431874
0,8138021 0,3115337 0,2320611
0,6103516 0,3337863 0,2527241
0,4069011 0,2988181 0,2368294
0,6103516 0,3051759 0,2257032
0,6103516 0,2797444 0,2161664
0,6103516 0,298818 0,2257032
0,6103516 0,301997 0,2336505
0,8138021 0,3242495 0,2543135
0,6103516 0,3083548 0,23524
0,6103516 0,2924602 0,2225243
0,8138021 0,3178917 0,2447768
0,6103516 0,3019969 0,2272927
0,6103516 0,2829233 0,2161664
0,6103516 0,3369653 0,2463663
0,6103516 0,298818 0,232061
0,6103516 0,3178917 0,2447768
0,6103516 0,2956391 0,2241137
0,6103516 0,2956391 0,2304716
0,6103516 0,3433231 0,2622608
0,6103516 0,3306074 0,2400084
0,8138021 0,3306074 0,2495452
0,6103516 0,3369653 0,2511347
0,6103516 0,3178917 0,2463662
0,6103516 0,3178917 0,2368295
0,4069011 0,3115338 0,2336506
0,6103516 0,3274285 0,2447768
0,6103516 0,2988181 0,2304716
0,8138021 0,3242495 0,2463662
0,6103516 0,3147127 0,2447768
0,6103516 0,3210706 0,2463663
0,6103516 0,3115338 0,2415979
0,8138021 0,3401442 0,2543135
0,8138021 0,3115337 0,2272927
0,6103516 0,2988181 0,2272927
0,6103516 0,3433231 0,2590819
0,8138021 0,3369653 0,2543136
0,6103516 0,346502 0,2527241
0,6103516 0,343323 0,2527241
0,6103516 0,3115338 0,2304716
0,8138021 0,3274285 0,2495452
0,6103516 0,3337863 0,2543136
0,6103516 0,346502 0,255903
0,6103516 0,3242495 0,2431873
0,8138021 0,3306074 0,2495452
0,8138021 0,346502 0,2574924
1,017253 0,3306074 0,2447768
0,8138021 0,3528598 0,2622607
0,6103516 0,3178917 0,2400084
0,6103516 0,3369653 0,2622608
0,6103516 0,346502 0,2543135
0,6103516 0,3115338 0,2400084
1,017253 0,3337863 0,23524
1,017253 0,346502 0,2638502
0,6103516 0,3210706 0,2479557
0,6103516 0,3178917 0,238419
0,6103516 0,3274285 0,2495452
0,6103516 0,3274285 0,2463663
0,6103516 0,3306074 0,2511346
0,6103516 0,3433231 0,2527241
0,8138021 0,3178917 0,2415979
0,8138021 0,3592176 0,2749763
0,6103516 0,3687542 0,2781551
0,6103516 0,343323 0,2574924
0,8138021 0,3433231 0,2574924
0,6103516 0,3496809 0,2638502
0,6103516 0,375112 0,2797445
0,8138021 0,3751121 0,2781551
0,6103516 0,3782909 0,2861023
0,6103516 0,3592176 0,267029
0,6103516 0,3719332 0,2781551
0,8138021 0,3719331 0,2829235
0,6103516 0,3528598 0,2733869
0,8138021 0,4100799 0,3004072
0,8138021 0,3878277 0,2845129
0,6103516 0,3941854 0,2908706
0,6103516 0,3623964 0,2702079
0,6103516 0,3846487 0,2876917
1,017253 0,4227955 0,3035861
0,6103516 0,3528597 0,2686185
0,6103516 0,3846487 0,281334
0,8138021 0,406901 0,3004072
1,017253 0,4450478 0,3210699
0,8138021 0,4196166 0,306765
0,6103516 0,3910066 0,2876917
0,8138021 0,4227955 0,3051755
1,017253 0,4355112 0,3115333
0,8138021 0,4227955 0,3099439
0,8138021 0,441869 0,3163016
0,8138021 0,4577634 0,3258382
0,8138021 0,4673001 0,3242487
1,017253 0,5118049 0,3735218
0,8138021 0,5149839 0,4084904
1,220703 0,505447 0,3767008
1,017253 0,4990892 0,3894167
0,8138021 0,5626679 0,4323324
0,8138021 0,5467733 0,4402798
1,220703 0,6834667 0,5022687
1,017253 0,6198885 0,4911427
1,220703 0,638962 0,505448
1,220703 0,7088979 0,5451844
1,220703 0,7851921 0,6135302
2,237956 0,8233388 0,627835
1,424154 0,8646644 0,662803
2,441406 0,9632103 0,7263811
2,644857 0,9187059 0,7104867
2,237956 1,096726 0,8217493
2,644857 1,258851 0,9107593
3,255208 1,408259 1,020432
3,458659 1,618068 1,20004
3,255209 2,063115 1,517931
3,66211 2,326965 1,78655
4,475912 2,524057 1,970927
3,865561 2,708436 2,106031
3,86556 2,721152 2,110799
5,900066 2,965926 2,393722
4,882813 3,159841 2,462071
4,679363 3,36965 2,684593
5,289714 3,480911 2,835592
6,306966 3,649392 3,10103
5,493164 3,735224 3,050168
6,917317 4,151662 3,385544
6,510417 4,549026 3,705024
9,765621 4,688901 3,83695
12,61394 5,086264 4,197757
9,155271 5,143484 4,086496
10,98633 5,664824 4,703204
16,27605 6,53585 5,264283
12,20703 6,879169 5,569459
16,4795 8,19842 6,291072
20,1416 10,40459 7,540387
17,08985 11,36462 8,708637
21,15886 12,15299 9,352368
25,63476 13,55807 10,58738
23,80371 14,75652 11,34713
20,75196 15,16343 12,02265
19,93816 14,92819 12,01153
24,00716 15,84689 12,84281
19,3278 15,44635 12,81739
25,22787 15,76742 12,45817
25,63475 15,85325 12,7999
23,80371 15,85325 12,77129
25,83821 17,07395 13,9014
24,00715 16,22836 13,15276
25,22786 16,45725 13,31171
22,58301 17,13435 13,50721
25,22786 16,55897 13,44045
23,19336 16,71791 13,98882
24,82094 17,16614 13,99041
22,98991 16,7052 13,57079
24,6175 17,76696 14,534
27,0589 17,81464 14,45134
29,70375 18,20882 14,53877
25,83821 17,88776 14,98541
22,78646 17,59529 14,36711
24,41406 17,51582 14,48949
26,2451 17,93862 14,67546
25,22786 18,14843 14,92977
29,70375 18,74289 15,55285
27,87272 18,29784 14,97746
25,22786 18,36778 15,07919
31,33135 18,11028 15,18886
27,66926 18,60619 14,84394
25,22786 18,06259 15,20157
28,88995 18,50129 15,46542
30,11066 18,80964 15,16183
23,80371 18,13571 14,91388
30,11065 19,51536 16,4938
26,04166 19,6012 16,80693
30,92445 19,9477 16,70679
28,27961 19,69656 16,27287
28,68652 19,42953 15,8008
26,85546 19,66796 16,16956
29,70376 20,53897 16,70043
27,46581 19,96995 16,91024
27,26235 20,26876 16,87209
32,34861 20,76467 16,73857
26,44855 19,69338 16,48426
28,88996 20,61844 16,81964
29,50032 19,9477 17,06124
29,29687 21,71198 17,88934
30,72101 19,69656 16,06306
33,56929 20,84732 17,23926
25,83821 21,00627 17,28853
27,0589 21,02216 17,55238
28,48306 21,03806 17,8512
27,26236 20,53579 17,18839
35,19691 21,46404 17,98471
27,8727 21,58801 17,91318
27,26236 20,11618 16,67182
29,0934 21,26694 18,18498
29,70375 21,02216 17,49833
30,51756 21,48946 17,75265
33,16241 21,5594 18,44724
32,14516 21,01899 17,73993
28,2796 21,17157 17,6843
31,33135 20,97448 17,32508
33,36586 21,61661 18,06418
27,4658 21,16203 18,04034
26,85545 21,22244 17,62072
29,9072 22,37319 18,32961
29,0934 22,05213 18,51082
33,56929 22,47492 18,55691
29,9072 21,47039 17,99265
31,5348 22,36049 18,96541
34,58658 23,16475 18,57599
33,16242 22,02034 18,17226
30,31411 22,50989 18,39161
29,70376 22,57665 19,14184
30,92446 22,36048 18,50287
33,56931 23,03441 19,26899
32,75554 23,01534 18,25014
34,17965 22,29055 17,96881
27,87271 22,26512 18,83189
30,92445 22,17293 18,60142
35,19689 23,48582 19,27535
30,3141 22,88182 18,43453
33,36586 22,55758 18,78421
30,11065 22,72288 19,25627
28,07615 22,76738 19,13071
31,73825 22,93268 18,59188
31,1279 23,29826 19,29601
32,75552 23,60343 19,69337
36,82453 23,15839 18,84142
29,90721 23,72424 19,95564
33,1624 23,61933 19,81734
29,29685 23,20289 19,94451
35,80725 23,36819 19,15773
30,51756 23,65112 19,39773
32,75552 23,46674 19,79033
38,0452 24,80825 20,75513
32,7555 24,19154 20,40545
32,14519 23,45403 19,57098
33,16241 23,81007 19,94451
32,95897 24,4236 19,77444
35,1969 24,60798 20,7297
31,12792 24,18518 20,14636
32,55205 24,55711 20,83619
31,9417 23,96265 19,72516
32,14516 25,39634 21,37343
32,95896 24,64612 20,88229
35,19691 25,61251 21,01263
31,53481 25,8541 21,36707
31,94172 25,16428 21,4529
39,26593 25,92086 21,60072
40,48662 26,91903 22,82777
33,5693 25,71741 21,56576
37,84177 26,33094 21,8741
37,02795 27,57389 22,42247
34,99345 25,65383 21,81211
36,62106 25,66973 21,85345
38,24867 26,95082 22,62115
35,60381 25,99716 20,91566
32,95895 25,56165 21,30667
32,95894 25,63794 21,96788
33,5693 26,14974 21,95835
39,67281 27,01122 21,96788
33,77275 26,26101 22,21743
35,19691 27,8282 23,20766
38,85899 26,03212 21,64363
36,62105 26,73149 22,15227
32,14517 26,22603 22,14431
34,38313 27,58343 22,77851
37,43485 26,83956 22,4622
36,41759 27,65654 23,50647
33,1624 26,70605 23,07891
37,02797 27,65654 22,68314
35,19693 27,56753 23,24898
43,53839 26,66155 22,36208
37,43484 27,07798 22,70221
37,63831 27,52938 22,30485
34,38312 27,17971 22,82778
34,78998 27,42131 23,29508
36,82451 27,36091 22,59732
36,62104 26,85546 21,80099
32,7555 26,60751 22,24286
36,82449 27,84728 23,08845
42,72459 28,12067 23,58278
37,6383 27,17653 22,6593
37,23143 26,80778 22,23968
33,56933 26,83003 22,08709
41,09695 28,42584 23,43972
37,84177 26,60115 22,14272
38,24865 27,52939 22,09662
35,1969 26,98897 22,5385
38,24866 28,32412 23,12977
37,84174 27,46899 22,71493
36,01073 27,26553 23,11388
39,67279 28,01576 23,52238
41,50386 27,92675 23,5939
34,58657 26,88407 22,8103
40,28318 27,558 22,60208
34,38309 27,41177 23,45403
37,2314 27,80595 23,61932
36,01072 28,33365 24,2583
36,01069 27,41176 22,9454
37,84175 27,3323 23,38886
37,43484 28,17788 23,4572
38,45211 28,9599 23,67496
35,80727 27,21468 22,88659
35,19691 27,65973 23,76873
36,01072 28,24464 24,68427
38,45213 27,51349 22,86116
40,07972 28,46081 24,26782
35,19689 28,1302 22,47332
40,89354 28,36863 23,37933
37,02797 27,79642 23,35231
40,48662 26,97625 21,36706
38,24868 28,54028 23,84979
35,1969 27,48171 23,95789
37,23144 29,0044 23,89589
38,85902 28,8677 23,85614
34,79 27,99668 23,24104
37,23139 28,43856 23,88636
39,87627 28,1143 24,07073
34,58656 26,9413 23,00422
39,67283 28,51802 23,39838
39,26591 28,67379 23,93245
39,06244 29,01076 24,43313
38,24866 28,12384 23,80847
39,06247 27,73602 23,03918
38,85899 28,34001 23,73218
37,6383 27,66608 23,12182
46,59016 28,88996 23,66542
38,04524 27,30686 22,34935
35,80725 28,36226 23,54781
44,35215 27,81549 22,43517
40,89351 27,72966 22,09504
44,55569 28,7183 23,59389
37,63831 28,47035 23,44449
33,56932 27,66608 22,47174
35,80726 27,62476 23,01374
37,43487 28,20649 23,13613
41,30042 28,3559 23,63364
39,06247 28,78506 23,6527
41,91079 28,36861 24,05324
41,30043 29,27779 24,60002
36,21415 27,92675 23,36978
38,65559 27,95854 23,0344
36,8245 28,98533 23,76079
37,84175 28,67061 23,72423
