0,6103516 0,3178917 0,2304716
0,8138021 0,3019969 0,2177559
1,017253 0,2797444 0,211398
0,6103516 0,3083549 0,2320611
0,6103516 0,3369653 0,2511347
0,6103516 0,2892812 0,2241137
0,6103516 0,3115337 0,2288821
0,6103516 0,3242495 0,2400084
0,6103516 0,3242495 0,2368295
0,6103516 0,3051759 0,2288821
0,6103516 0,3337863 0,2511347
0,6103516 0,3242495 0,2479557
0,6103516 0,3178917 0,2479557
0,6103516 0,3147127 0,2336505
0,6103516 0,2892812 0,2161664
0,8138021 0,3401442 0,255903
0,8138021 0,3178916 0,2400084
0,8138021 0,3210706 0,2384189
0,6103516 0,3274285 0,2447768
0,6103516 0,301997 0,2257032
0,6103516 0,3210706 0,2431873
0,6103516 0,2765655 0,2161664
0,6103516 0,3306074 0,2479557
0,6103516 0,3115337 0,2447768
0,8138021 0,3210706 0,2400084
0,8138021 0,3242495 0,2368295
0,6103516 0,3051759 0,2368294
0,6103516 0,3687542 0,2733868
0,6103516 0,3242495 0,2495452
0,6103516 0,3528598 0,2654396
0,8138021 0,3433231 0,2670291
0,6103516 0,3465019 0,2638502
0,6103516 0,3751121 0,2765657
0,6103516 0,3782909 0,2876917
0,6103516 0,3274285 0,2543136
1,017253 0,3528598 0,2638502
0,6103516 0,3306074 0,2622608
1,017253 0,3973644 0,2765656
1,017253 0,4323323 0,3051755
1,017253 0,4164378 0,306765
0,8138021 0,4323323 0,306765
0,8138021 0,4641213 0,3353748
1,017253 0,4545846 0,3258382
0,8138021 0,4927314 0,3623956
1,017253 0,505447 0,397364
1,627604 0,5372363 0,4053113
1,017253 0,5849205 0,454585
2,034505 0,5785625 0,4450481
2,441406 0,7088984 0,5308797
3,051758 0,8074444 0,5658475
2,441406 0,9473159 0,6882342
5,900066 1,214346 0,8678436
8,951822 1,611709 1,158714
11,80013 2,123515 1,470248
12,20703 2,654393 1,800855
10,17252 3,169378 2,139409
15,46224 4,164379 2,730689
10,37598 5,585352 3,824234
20,75196 7,454554 5,280174
21,15886 8,786518 6,415047
63,06965 11,37416 8,246104
69,58012 12,98587 9,640058
57,77998 14,24789 10,39187
48,21776 14,72473 11,16435
50,65921 18,95587 13,98405
72,42842 23,82279 17,00401
71,61462 25,5235 18,00696
102,9458 37,10428 25,32164
109,2527 49,18416 33,679
161,3362 66,6396 45,60153
149,5357 80,85888 57,70686
157,4701 95,00181 69,90114
182,088 109,0875 85,71463
174,7639 121,107 96,32578
189,6162 122,7472 96,74699
190,4299 127,8652 104,2905
181,8847 127,2772 102,3641
194,4987 131,6482 108,8173
198,7711 143,4737 115,2276
189,4127 145,3302 117,704
182,4951 140,1931 116,7709
192,8713 144,618 118,648
187,3778 144,4305 121,2865
183,3086 144,4941 117,785
186,3608 145,1712 122,7266
182,2915 145,9404 123,1128
183,3091 149,3833 125,0806
186,9713 146,4873 126,3474
184,3261 151,7198 127,2629
184,3265 154,5077 131,448
188,1915 153,7956 128,1863
198,7711 151,8628 130,6882
174,3572 146,1026 124,6577
184,1225 155,8842 134,8335
189,2088 152,2092 129,14
192,8712 152,3301 127,789
190,6334 153,6367 129,2624
184,7334 154,5553 130,8916
189,8195 157,4672 136,2289
194,0915 156,7488 132,5097
186,5643 156,8951 131,1444
199,992 155,2166 129,7519
188,3952 157,3369 134,897
198,3643 156,8665 136,5389
188,599 157,1589 133,1311
184,9367 155,6902 135,172
192,2607 159,1012 134,7221
183,716 155,1498 134,4663
192,8709 159,5177 135,5884
185,7505 158,3573 135,5677
191,4468 158,5322 137,9122
192,2608 164,3941 143,043
196,9406 162,3787 139,3634
189,6161 160,5159 132,7465
193,2779 156,7488 135,1624
194,4989 169,4932 144,5991
192,4638 160,9354 139,4476
189,4127 158,2715 135,9142
197,7543 161,8319 137,7009
191,2437 161,1517 140,271
190,4299 160,5954 138,7991
191,8541 163,7647 138,6989
195,1094 164,9855 141,0928
187,9881 160,8654 137,119
192,6681 162,1752 141,0243
195,9231 159,6067 136,2178
193,8883 158,6371 136,7742
193,278 162,1689 140,813
192,2608 163,5231 139,0694
197,9574 166,8801 143,3672
192,6679 162,9 141,3438
190,8367 162,989 140,4537
196,9402 169,9001 140,5873
198,7713 164,3655 142,3007
193,6848 164,2289 138,9247
197,3472 165,6148 141,7921
201,0092 167,5222 141,4281
202,0269 161,746 138,6338
191,2433 159,5081 134,0498
192,8712 163,0145 140,2551
188,5984 160,3282 137,5958
194,092 163,9077 141,7507
194,2948 159,6385 131,3557
188,1922 158,5831 138,0267
195,3128 165,4973 144,0285
187,9883 162,9096 140,9942
190,8373 161,2502 137,3575
194,2951 162,4837 138,7658
196,1263 160,0708 138,4653
198,3642 161,5871 141,8127
195,923 164,8933 141,9225
191,4474 166,6162 143,8981
195,3125 160,5667 134,9383
194,7028 166,5908 142,2005
192,4644 162,1403 140,1757
193,6852 161,6349 130,6309
201,0097 162,9859 137,8614
187,3781 156,4722 134,2469
191,04 162,7411 139,7051
191,6507 164,0794 142,0781
192,2608 161,1644 141,1707
198,7712 166,5717 143,3132
197,1435 166,5082 137,801
189,8196 163,1512 140,1041
192,2608 164,1049 139,8608
193,4814 164,1016 140,5888
202,6367 162,2929 140,441
