0,8138021 0,4212063 0,3099447
0,8138021 0,4371012 0,3194818
0,8138021 0,4498168 0,3258398
0,8138021 0,4514063 0,3369663
1,017253 0,4466379 0,3258398
0,8138021 0,4625326 0,3441188
1,017253 0,4577641 0,346503
1,017253 0,4720694 0,3544502
1,017253 0,4704799 0,3655761
0,8138021 0,4784273 0,3679603
1,017253 0,487964 0,3846493
1,017253 0,4959114 0,3838547
0,8138021 0,4752483 0,3767021
0,8138021 0,4959114 0,3902124
1,017253 0,5118058 0,4045173
0,8138021 0,5022693 0,3910072
1,017253 0,5006798 0,3949807
0,8138021 0,5006798 0,4029278
1,220703 0,5102164 0,4100802
1,017253 0,5038587 0,4029278
0,8138021 0,5277002 0,4180274
1,017253 0,5261107 0,424385
0,8138021 0,5324684 0,4323322
1,017253 0,5531312 0,4442529
1,424154 0,5610783 0,4410741
1,017253 0,5404156 0,4363057
1,017253 0,5610783 0,4545842
1,017253 0,5594889 0,4522001
1,017253 0,567436 0,4609419
1,220703 0,5753832 0,4704784
1,220703 0,5642571 0,4665048
1,017253 0,5880987 0,4649155
1,220703 0,610351 0,4863729
1,017253 0,6278352 0,4887573
1,220703 0,6596245 0,5213406
1,017253 0,6326038 0,5046515
1,424154 0,6643931 0,5181617
1,627604 0,7534025 0,5920731
1,831055 0,7565814 0,5849203
3,255208 0,7963176 0,6286313
2,034505 0,8153914 0,6437311
1,831055 0,8869179 0,6993625
2,237956 0,9266549 0,7208203
1,831055 1,012485 0,7979082
2,644857 1,128514 0,8630746
5,493164 1,38124 1,039504
6,103515 1,660983 1,223884
14,03809 2,063115 1,478989
10,78288 2,516109 1,835028
13,22429 3,388722 2,417564
21,76921 4,814468 3,348987
58,18689 6,761551 4,591942
43,1315 9,609859 6,409483
45,97982 13,49449 8,837378
66,12145 17,81463 12,18477
78,93896 21,50376 14,49426
91,14582 25,60615 17,89569
69,78365 28,4942 20,23935
125,7323 32,69989 23,91496
97,24937 36,52095 26,54791
89,72171 38,98621 27,35694
109,6596 44,72257 31,29404
106,608 49,19374 34,98556
122,6806 55,79314 41,16218
96,02858 58,86556 43,72676
100,3011 64,31581 48,43953
121,2565 70,17299 54,5955
122,4772 75,54372 60,60044
134,2774 82,04142 66,20963
150,5526 87,06095 71,97456
145,4671 89,72961 74,79034
123,4944 94,58858 80,4981
144,2456 98,81336 84,79996
134,8871 105,1394 90,81448
147,0947 106,6128 93,57453
178,6293 109,0415 95,00826
140,3808 109,2084 95,60268
151,9775 110,6198 97,8756
146,4842 114,0897 100,9623
148,5188 113,0851 99,72891
155,4361 115,9445 103,2488
169,6777 119,7862 106,016
169,0674 119,7974 106,1868
164,388 119,9245 107,2359
158,2845 120,7701 106,9188
161,9466 124,0412 110,3679
170,0846 125,5655 111,3311
182,9021 125,9152 109,5993
193,8883 128,711 113,8599
162,5568 123,442 110,5634
186,971 127,5316 114,0506
181,071 128,0831 113,6111
178,6295 129,9174 115,4367
175,1704 131,003 115,3262
175,9846 130,9442 116,5143
191,6504 134,5253 119,9603
174,764 132,2619 116,833
185,5469 135,1245 120,1788
181,4778 136,6758 120,0015
178,833 137,3068 120,1589
190,8366 140,3443 123,3275
177,6122 138,7866 123,2957
189,616 141,1135 123,3037
186,5642 144 126,7846
189,6159 147,1042 129,5875
196,3296 145,2938 127,9115
179,0365 150,4516 132,0742
199,9918 150,4166 131,8208
201,0092 149,3501 129,7092
206,2989 153,1664 133,0891
206,7058 151,3973 132,0751
203,0436 155,5728 135,966
193,8885 152,9502 132,4406
198,1608 152,2509 132,4351
205,0782 158,1017 137,441
200,8057 158,2781 136,9174
201,823 155,2756 135,7174
211,7921 157,8378 136,2974
198,3644 157,9507 137,6024
195,7194 158,5388 139,4271
199,178 159,5624 136,8999
222,1681 161,3409 140,1153
216,8783 157,3117 136,6591
206,9092 157,256 137,2177
207,723 160,1616 138,0538
202,0263 162,6062 141,4759
201,823 161,8353 140,4006
205,892 161,4029 141,3138
211,1817 162,4854 140,7947
191,6504 157,6295 137,6508
202,8402 160,338 139,3103
193,0746 161,821 139,0535
201,6195 164,7408 141,5077
212,8093 163,0052 140,5016
207,1127 161,991 139,9349
199,7885 166,6244 144,1986
207,3161 164,3848 141,2701
205,0781 164,7568 142,846
213,623 163,3421 141,1247
218,5058 163,7649 142,54
210,3679 161,4061 139,164
209,961 163,3595 142,3533
217,4886 165,8026 143,8109
223,5921 165,0206 141,4409
206,7058 164,8839 142,3009
211,792 168,4872 145,7539
204,6713 166,6291 145,3176
211,792 167,0631 144,503
209,9611 167,6161 143,702
201,6196 167,7926 143,6821
230,5094 168,7558 145,7921
202,2299 168,4046 146,1338
215,8611 167,3015 143,2585
208,1299 169,7142 146,2363
221,9647 170,3294 146,888
218,0991 168,6477 144,4943
209,961 171,1765 148,9408
