0,8138021 0,2956391 0,2272926
0,4069011 0,2606708 0,1986823
0,8138021 0,3115337 0,2336505
0,6103516 0,3274285 0,2495452
0,6103516 0,3210706 0,2320611
0,6103516 0,3147127 0,2368295
0,6103516 0,3083548 0,23524
0,6103516 0,2829233 0,2129875
0,6103516 0,3147127 0,2336505
0,8138021 0,3433231 0,2431873
0,6103516 0,2861023 0,2161664
0,8138021 0,3019969 0,2257032
0,6103516 0,2829233 0,2098085
0,8138021 0,2829233 0,211398
0,6103516 0,2988181 0,2320611
0,8138021 0,2829233 0,2225242
0,6103516 0,2765655 0,2145769
0,8138021 0,3242495 0,238419
0,6103516 0,3083548 0,2272927
0,8138021 0,3115338 0,2304716
0,6103516 0,3083549 0,2400084
0,6103516 0,2829233 0,2177559
0,6103516 0,3147127 0,2336506
0,6103516 0,3178916 0,23524
0,6103516 0,3115337 0,2368294
0,6103516 0,3051759 0,23524
0,6103516 0,3210706 0,2368295
0,6103516 0,3178917 0,2368295
0,6103516 0,2956391 0,2209348
0,6103516 0,3051759 0,2288821
0,6103516 0,3210706 0,2368295
0,6103516 0,298818 0,2368294
0,6103516 0,3401442 0,2463663
0,8138021 0,3528598 0,2606713
0,8138021 0,3051759 0,2415978
0,6103516 0,298818 0,2193453
0,8138021 0,3115338 0,2400084
0,8138021 0,3147127 0,2368295
0,6103516 0,2956391 0,2209348
0,8138021 0,3401442 0,2527241
0,6103516 0,3115338 0,2272927
