0,6103516 0,2702076 0,1509984
0,6103516 0,2288817 0,1478195
0,4069011 0,2384184 0,1525879
0,4069011 0,2415974 0,1366933
0,6103516 0,254313 0,1653036
0,6103516 0,2733865 0,1780193
0,6103516 0,2574919 0,1573563
0,6103516 0,2415974 0,1605352
0,6103516 0,2829233 0,1827877
0,6103516 0,2415974 0,149409
0,4069011 0,2479552 0,1589457
0,4069011 0,254313 0,1732509
0,4069011 0,2479552 0,1557668
0,6103516 0,2574919 0,1398722
0,8138021 0,2415974 0,1430511
0,6103516 0,2479552 0,1605352
0,4069011 0,2447762 0,1668931
0,4069011 0,2352396 0,1573563
0,4069011 0,2447762 0,1446406
0,4069011 0,2320606 0,1446406
0,4069011 0,2384184 0,1525879
0,6103516 0,254313 0,1621247
0,6103516 0,2447763 0,1525879
0,6103516 0,2765655 0,1764298
0,4069011 0,2225239 0,1351038
0,6103516 0,2511341 0,1684825
0,6103516 0,2606708 0,1621246
0,4069011 0,2447762 0,149409
0,6103516 0,2606708 0,1732509
0,6103516 0,2733865 0,1827877
0,6103516 0,2574919 0,1668931
0,8138021 0,2638497 0,1891455
0,6103516 0,2606708 0,166893
0,4069011 0,2479552 0,1764298
0,6103516 0,2702076 0,1732509
0,6103516 0,2670287 0,1811982
0,6103516 0,2415974 0,1653036
0,4069011 0,2320606 0,1557668
0,6103516 0,2829233 0,1780193
0,4069011 0,2415974 0,1573563
0,4069011 0,2447762 0,1541774
0,6103516 0,2384185 0,1573563
0,6103516 0,2479552 0,1589457
0,6103516 0,2638497 0,1859666
0,6103516 0,2511341 0,1684825
0,6103516 0,2574919 0,1716614
0,6103516 0,2702076 0,1780193
0,4069011 0,2670287 0,166893
0,4069011 0,2415974 0,149409
0,6103516 0,2384185 0,1462301
0,6103516 0,2574919 0,1653036
0,6103516 0,2829233 0,1875561
0,6103516 0,2511341 0,1668931
0,6103516 0,2574919 0,1780193
0,4069011 0,2511341 0,1557668
0,6103516 0,2829233 0,190735
0,4069011 0,2702076 0,1716614
0,6103516 0,2638497 0,1780193
0,6103516 0,2511341 0,1637141
0,6103516 0,2638497 0,1748403
0,6103516 0,2638497 0,1796087
0,6103516 0,2702076 0,187556
0,6103516 0,2384185 0,1414617
0,6103516 0,2479552 0,1668931
0,4069011 0,2447762 0,1621247
0,4069011 0,2447762 0,1668931
0,6103516 0,254313 0,1716614
0,4069011 0,2638497 0,1796087
0,6103516 0,2638497 0,1748403
0,6103516 0,2702076 0,1827877
0,6103516 0,2861023 0,1923245
0,6103516 0,2670287 0,1859666
0,6103516 0,2479552 0,1653036
0,4069011 0,2511341 0,1732509
0,6103516 0,2479552 0,1732509
0,6103516 0,2702076 0,1780193
0,4069011 0,2447762 0,1716614
0,6103516 0,2702076 0,1827877
0,4069011 0,2352396 0,1430511
0,4069011 0,2733865 0,1891455
0,6103516 0,2574919 0,1891455
0,8138021 0,3019969 0,2129875
0,6103516 0,2384185 0,1684825
0,6103516 0,2829233 0,190735
0,6103516 0,2670287 0,187556
0,4069011 0,2479552 0,1605352
0,4069011 0,2574919 0,1811982
0,6103516 0,2447763 0,1716615
0,6103516 0,2861023 0,2050402
0,6103516 0,2447763 0,1843771
0,6103516 0,2670287 0,1843771
0,6103516 0,2765655 0,1939139
0,6103516 0,2733865 0,1716614
0,6103516 0,2670287 0,1843771
0,6103516 0,2765655 0,211398
0,6103516 0,2924601 0,2050402
0,6103516 0,3051759 0,2161664
0,8138021 0,3147127 0,2288821
0,6103516 0,2988181 0,2098086
0,6103516 0,2861023 0,2034507
0,6103516 0,2829233 0,2145769
0,6103516 0,2861023 0,2034507
0,6103516 0,2733865 0,190735
0,6103516 0,2765654 0,2018612
0,6103516 0,2797444 0,2018612
0,6103516 0,2765655 0,1986823
0,6103516 0,2861023 0,2098085
0,6103516 0,2670287 0,1939139
0,6103516 0,2606708 0,1827877
0,6103516 0,2829233 0,2034507
0,6103516 0,2670287 0,1955034
0,6103516 0,2765655 0,2018612
0,6103516 0,2670287 0,1955034
1,017253 0,2861022 0,2177558
0,8138021 0,2956391 0,2066296
0,8138021 0,2861023 0,1986823
0,6103516 0,298818 0,2161664
0,4069011 0,2733865 0,2098085
0,6103516 0,2829233 0,2098085
0,6103516 0,2924601 0,2209348
0,6103516 0,298818 0,2161664
0,4069011 0,2733865 0,1939139
0,8138021 0,301997 0,214577
0,6103516 0,3083548 0,2272927
0,8138021 0,3019969 0,2225243
0,8138021 0,2670287 0,2034507
0,6103516 0,2797444 0,2098085
0,6103516 0,3210706 0,2336506
0,6103516 0,2638497 0,1923244
0,6103516 0,2765655 0,2050401
0,8138021 0,298818 0,2129875
0,6103516 0,2702076 0,1970928
0,6103516 0,3051759 0,2241137
0,6103516 0,3051759 0,2241137
0,8138021 0,2765655 0,2034507
0,4069011 0,2765655 0,2002718
0,6103516 0,298818 0,2129875
0,4069011 0,2702076 0,2002717
0,6103516 0,2861023 0,2050402
0,8138021 0,2861023 0,2098085
0,6103516 0,2956391 0,2161664
0,6103516 0,2924601 0,2034507
0,6103516 0,2670287 0,190735
0,6103516 0,2924601 0,2066296
0,6103516 0,2892812 0,2082191
0,8138021 0,3051759 0,2129875
0,6103516 0,2797444 0,1986823
0,6103516 0,2892812 0,2018612
0,6103516 0,2733865 0,2082191
0,6103516 0,2670287 0,1939139
0,4069011 0,2606708 0,190735
0,6103516 0,2702076 0,1986823
0,4069011 0,2765655 0,2050401
0,6103516 0,2670287 0,2050401
0,4069011 0,2924602 0,2129875
0,6103516 0,2861023 0,2145769
0,6103516 0,2829233 0,211398
0,6103516 0,2765655 0,2082191
0,4069011 0,2765655 0,2082191
0,6103516 0,2861023 0,2177559
0,4069011 0,2829233 0,2034507
0,6103516 0,2765655 0,2018612
0,8138021 0,3051759 0,2209348
0,8138021 0,3210706 0,2415978
0,6103516 0,2892812 0,2177559
0,6103516 0,301997 0,2193454
0,8138021 0,2892812 0,2082191
0,6103516 0,2702076 0,1986823
0,6103516 0,3115337 0,2113981
0,6103516 0,2829233 0,2082191
0,6103516 0,3178917 0,2304716
0,6103516 0,2829233 0,2145769
0,6103516 0,2861023 0,2145769
0,6103516 0,2733865 0,2066296
0,6103516 0,3083549 0,2225243
0,6103516 0,2924602 0,2193453
0,6103516 0,3178917 0,2400084
0,6103516 0,2924601 0,2193453
0,6103516 0,3115337 0,2320611
0,6103516 0,2638497 0,2034507
0,6103516 0,2829233 0,2145769
0,4069011 0,2733865 0,2209348
0,6103516 0,2988181 0,2241137
0,6103516 0,3115337 0,2320611
0,6103516 0,2924601 0,2209348
0,8138021 0,2956391 0,2177559
0,6103516 0,2638497 0,2066296
0,6103516 0,2924601 0,2288821
0,6103516 0,3115338 0,2320611
0,6103516 0,3115338 0,2304716
0,6103516 0,3115337 0,2415978
0,6103516 0,301997 0,2320611
0,6103516 0,3210706 0,23524
0,8138021 0,3369653 0,2527241
0,6103516 0,2829233 0,2257032
0,6103516 0,3178916 0,2336505
0,6103516 0,301997 0,2288821
0,8138021 0,3242495 0,2304716
0,8138021 0,3210706 0,2368295
0,6103516 0,3178917 0,2400084
0,6103516 0,298818 0,232061
0,6103516 0,3083549 0,2320611
0,6103516 0,3560387 0,2717974
0,8138021 0,3337863 0,2527241
0,6103516 0,3019969 0,2304716
0,6103516 0,3115338 0,2368295
0,6103516 0,3115338 0,2415978
0,6103516 0,3210706 0,2415979
0,8138021 0,3369652 0,2463663
0,8138021 0,3306074 0,2479557
0,8138021 0,3306074 0,2431873
0,6103516 0,3496809 0,2574924
0,6103516 0,301997 0,2288821
0,6103516 0,3306074 0,2527241
0,6103516 0,298818 0,2336505
0,6103516 0,301997 0,2272927
0,6103516 0,3210706 0,2431873
0,8138021 0,3719332 0,2733868
0,8138021 0,3528597 0,2559029
0,8138021 0,3528597 0,2590818
0,6103516 0,3401441 0,2511346
0,6103516 0,3369653 0,2495452
0,6103516 0,3401441 0,2574924
0,8138021 0,346502 0,2670291
0,8138021 0,3337863 0,2511347
0,6103516 0,3369653 0,2495452
0,6103516 0,3210706 0,2463663
0,8138021 0,3337863 0,2479557
0,8138021 0,3369653 0,255903
0,6103516 0,298818 0,2384189
0,6103516 0,3687542 0,2749762
0,6103516 0,3465019 0,2622607
1,017253 0,3496809 0,2606713
0,6103516 0,3306074 0,2527241
0,6103516 0,3433231 0,2543135
0,6103516 0,3083548 0,2415978
0,8138021 0,3242495 0,2511346
1,017253 0,3496808 0,2638502
0,8138021 0,3337863 0,2527241
0,6103516 0,343323 0,2574924
0,8138021 0,3115338 0,2415978
0,6103516 0,3242495 0,2400084
0,6103516 0,3623964 0,267029
0,6103516 0,346502 0,2574924
0,8138021 0,3369652 0,255903
0,8138021 0,3401442 0,2606713
0,6103516 0,3178916 0,2431873
0,8138021 0,3369653 0,2527241
0,6103516 0,3306074 0,2511347
0,6103516 0,3560386 0,267029
1,017253 0,3910066 0,2829234
0,6103516 0,3274285 0,2463663
0,6103516 0,3210706 0,23524
0,8138021 0,3369653 0,2654397
0,6103516 0,298818 0,2304716
0,8138021 0,378291 0,2702079
0,8138021 0,3147127 0,2415978
0,8138021 0,3846488 0,281334
1,017253 0,3655754 0,2733868
0,6103516 0,3560387 0,2622607
0,6103516 0,3560387 0,2686185
0,6103516 0,3560386 0,2702079
0,8138021 0,3719332 0,2702079
0,8138021 0,3337863 0,2463663
0,6103516 0,3242495 0,2527241
0,6103516 0,3115338 0,23524
0,8138021 0,3369653 0,2495452
0,8138021 0,3496809 0,2511346
0,8138021 0,3592176 0,267029
0,8138021 0,3623964 0,2717974
0,6103516 0,3210706 0,2543135
0,8138021 0,3878277 0,2702078
0,6103516 0,3401442 0,2479557
0,8138021 0,3528598 0,2670291
0,6103516 0,3433231 0,2622608
0,6103516 0,3496809 0,2638502
0,8138021 0,3687542 0,2686184
0,8138021 0,3592176 0,2717974
0,8138021 0,3814698 0,2829234
0,8138021 0,3560387 0,2638502
0,8138021 0,3560387 0,270208
0,8138021 0,3719332 0,2638501
0,6103516 0,3687543 0,2733868
0,6103516 0,3623964 0,2733868
0,8138021 0,3814698 0,2765656
0,8138021 0,3846487 0,2845128
0,6103516 0,3910065 0,2861023
0,8138021 0,4164377 0,3004072
0,8138021 0,4037222 0,2924601
0,6103516 0,375112 0,2861023
0,8138021 0,3814698 0,2845128
0,8138021 0,3751121 0,2765657
0,8138021 0,3782909 0,2797445
0,8138021 0,3941855 0,2829234
0,8138021 0,4323322 0,3099438
0,8138021 0,4005432 0,2972283
0,8138021 0,4355112 0,3178911
0,8138021 0,4418689 0,3147121
1,017253 0,4482268 0,3194805
1,017253 0,4673001 0,3369642
0,8138021 0,4514056 0,3194804
0,6103516 0,4545845 0,3401432
1,017253 0,4704791 0,3290171
0,8138021 0,4609423 0,3433221
0,6103516 0,4514056 0,3274276
1,017253 0,4800158 0,3528589
0,6103516 0,4514056 0,34968
0,8138021 0,5022681 0,3862377
0,8138021 0,505447 0,3767008
1,017253 0,4800158 0,3671641
1,017253 0,4800158 0,3719325
1,017253 0,5435942 0,4116692
0,8138021 0,5340575 0,3878271
1,017253 0,4959103 0,4053115
1,017253 0,5467733 0,4323324
0,8138021 0,5753836 0,451406
1,220703 0,5690257 0,4498166
1,220703 0,6262465 0,4720691
1,017253 0,5785626 0,4625324
1,424154 0,6357832 0,4975006
1,017253 0,6484987 0,5006794
1,017253 0,7120768 0,5451843
1,424154 0,6834668 0,5229323
1,220703 0,7216136 0,5451844
1,424154 0,8138021 0,6262456
1,627604 0,8455911 0,6484978
1,424154 0,8138021 0,6564452
1,424154 0,8583066 0,6850554
1,627604 0,9282423 0,7247917
1,627604 0,9218846 0,7327391
1,831055 1,014073 0,8058545
2,237956 1,029968 0,8281072
1,627604 1,077653 0,8598968
2,237956 1,182557 0,9330122
2,441406 1,312891 0,9981792
6,510417 1,506805 1,138051
6,713866 1,799266 1,354218
6,306965 2,120335 1,567205
6,306966 2,514522 1,839002
6,713867 3,108979 2,258619
12,20703 4,138946 2,959569
16,27605 5,18163 3,582636
17,2933 6,29743 4,426639
18,92091 8,08398 5,586941
20,75196 9,714762 6,899832
22,58301 12,62347 8,870763
24,82096 13,78059 9,959537
26,04166 16,01855 11,79219
33,1624 17,66205 13,31648
28,48305 18,00219 13,63914
33,5693 19,36913 14,83599
33,5693 20,67884 15,74199
33,9762 23,12977 17,47449
35,80724 26,50259 19,96517
36,41759 26,44219 20,48969
41,50386 28,14609 21,72787
41,91077 29,24282 23,02646
50,86266 29,93263 23,32528
48,42123 32,37403 25,54256
55,3386 33,03524 26,80777
43,13148 32,36131 25,7937
52,28682 33,41989 27,31321
51,87992 34,95213 28,04277
51,26957 35,6483 29,20625
49,23504 36,35403 30,33318
54,11789 38,31542 31,73827
54,32135 37,2346 30,3777
52,49028 39,02431 32,76663
59,00074 38,91941 32,5012
52,89718 40,58199 33,57726
54,5248 42,31131 35,11744
51,67647 42,16507 35,51957
64,49395 41,98389 35,6356
60,62836 42,41303 35,15559
56,55932 42,72458 37,10902
73,85275 43,34764 36,05045
56,35587 43,25227 35,97097
59,81455 43,74183 36,95486
63,27324 44,43484 37,35063
58,39038 44,48569 37,74796
64,2905 45,63013 39,55679
64,08704 45,8908 38,93053
59,6111 45,50614 38,66033
63,88359 47,42942 40,39763
68,56299 46,01477 38,71915
67,34228 48,67555 41,47212
63,06978 47,04793 39,54727
67,34228 47,05747 40,79499
60,018 48,03976 41,16376
66,52847 47,54703 40,50254
63,27324 45,33448 39,82224
61,03526 49,48936 42,68488
63,88359 46,80635 38,61744
64,08704 47,41669 39,24369
60,22145 48,44031 41,87108
61,64562 47,60743 40,89036
61,84907 48,26547 42,38287
62,66288 48,45303 41,72485
62,66288 48,37673 42,37651
69,3768 48,31951 40,87288
63,88359 49,08881 42,25095
63,88359 49,20962 41,74869
66,52847 49,5752 42,12063
63,27324 48,88855 41,87266
79,54936 50,11879 41,37992
62,86633 49,68328 42,20964
70,19061 49,40034 42,70078
68,96989 48,28454 41,29727
68,35954 50,41127 41,65014
67,34228 48,58018 40,92218
57,57658 48,25594 43,11245
67,34228 48,85676 42,48937
62,25598 50,40172 44,38402
65,51121 49,06975 42,31295
63,88359 49,72461 43,65445
68,15608 51,63514 44,60655
71,41132 50,36038 43,5575
62,86633 50,60834 43,83247
69,17335 50,35721 42,90105
68,35954 51,91806 44,82113
75,27691 49,4385 42,96781
65,91811 50,38264 42,25892
67,54573 51,05975 44,37605
70,39406 50,86266 43,72438
69,98715 49,76593 41,62788
76,70107 51,20279 43,8754
69,58025 52,03251 43,5305
65,91811 50,41443 43,61154
68,76644 51,0661 44,75913
60,83181 52,23914 44,60495
67,54573 51,13286 44,14402
64,6974 51,12016 44,63515
63,06978 50,9771 43,94852
71,00442 51,46984 45,27412
70,39406 51,76867 45,112
64,08704 52,70961 45,63969
63,06978 51,1583 44,96734
76,49762 52,21053 45,11359
78,73557 51,7337 44,27117
69,17335 52,99889 45,31225
72,02168 51,8227 43,24438
73,64929 53,32314 46,26117
68,56299 54,15603 46,3343
65,30775 52,07066 44,64151
71,00442 52,76367 46,1515
68,56299 52,12151 44,69239
70,59751 52,2296 45,55863
73,44584 54,96667 46,31046
73,85275 52,35993 44,55569
63,68014 52,08655 45,47596
68,56299 52,78909 46,38673
73,64929 52,35358 44,7178
73,44584 51,68918 45,25981
72,63203 53,79681 46,09745
