0 0 0
0 0 0
0 0 0
0 0 0
0,1424154 0,00222524 0,00111262
0 0 0
0 0 0
0 0 0
0 0 0
0 0 0
0 0 0
0 0 0
0 0 0
0 0 0
0 0 0
0 0 0
0 0 0
0 0 0
0 0 0
0 0 0
0,1424154 0,00222524 0,00111262
0 0 0
0 0 0
0,1424154 0,00222524 0,00111262
0,1424154 0,00222524 0,00111262
0 0 0
0 0 0
0 0 0
0 0 0
0 0 0
0 0 0
0,1424154 0,00222524 0,00111262
0 0 0
0 0 0
0,1424154 0,00222524 0,00111262
0,1424154 0,00445048 0,00222524
0 0 0
0 0 0
0 0 0
0 0 0
0 0 0
0 0 0
0 0 0
0 0 0
0 0 0
0 0 0
0 0 0
0 0 0
0 0 0
0,1424154 0,00222524 0,00111262
0 0 0
0 0 0
0 0 0
0 0 0
0 0 0
0,1424154 0,00445048 0,00222524
0 0 0
0,1424154 0,00222524 0,00111262
0 0 0
0 0 0
0,1424154 0,00222524 0,00111262
0,1424154 0,00222524 0,00111262
0,1424154 0,00445048 0,00222524
0 0 0
0 0 0
0 0 0
0 0 0
0,1424154 0,00222524 0,00111262
0,1424154 0,00222524 0,00111262
0 0 0
0,1424154 0,00222524 0,00111262
0 0 0
0,1424154 0,00222524 0,00111262
0,1424154 0,00222524 0,00111262
0 0 0
0 0 0
0,1424154 0,00222524 0,00111262
0,2848307 0,00445048 0,00222524
0 0 0
0,1424154 0,00222524 0,00111262
0 0 0
0 0 0
0,1424154 0,00222524 0,00111262
0 0 0
0 0 0
0 0 0
0 0 0
0,1424154 0,00222524 0,00111262
0 0 0
0 0 0
0,1424154 0,00445048 0,00222524
0 0 0
0 0 0
0,1424154 0,00222524 0,00111262
0,2848307 0,00445048 0,00222524
0 0 0
0,1424154 0,00445048 0,00222524
0,1424154 0,00445048 0,00222524
0,2848307 0,006675721 0,00333786
0,2848307 0,006675721 0,00333786
0,1424154 0,00445048 0,00222524
0,2848307 0,008900961 0,00445048
0,1424154 0,006675721 0,00333786
0,2848307 0,0111262 0,005563101
0,5696615 0,01780192 0,008900962
0,4272461 0,01780192 0,008900961
0,2848307 0,01780192 0,008900961
0,4272461 0,01557668 0,007788341
0,2848307 0,008900961 0,00445048
0,5696615 0,01780192 0,008900961
0,5696615 0,02892813 0,01446406
0,9969075 0,04005432 0,02002716
0,7120768 0,03782908 0,01891454
1,139323 0,03782908 0,01891454
0,7120768 0,055631 0,0278155
0,7120768 0,05118052 0,02559026
0,7120768 0,09791058 0,04895529
1,708984 0,1535415 0,07677076
1,281738 0,2024968 0,1012484
0,9969076 0,3115339 0,1557669
1,281738 0,4962283 0,2814925
1,8514 0,6786983 0,4127819
2,421061 0,7588065 0,4873275
2,13623 0,9390513 0,6408689
2,278646 1,148224 0,7588065
2,136231 1,208305 0,822226
2,705892 1,372973 0,9301504
2,563476 1,495361 1,045863
4,984537 1,584371 1,113733
3,417969 1,724561 1,232783
3,133138 1,842499 1,334031
4,272461 1,911481 1,382987
3,417969 1,873652 1,337369
3,560384 1,989364 1,426379
4,699708 2,365431 1,696746
6,123861 2,474467 1,727898
4,272461 2,625783 1,957098
5,269368 2,7771 2,095064
5,554199 2,975146 2,142906
5,696615 3,124237 2,339839
6,693521 3,484726 2,592404
6,978353 3,751754 2,712567
7,548015 3,97873 3,00185
6,408691 4,085541 3,059705
6,266276 4,227955 3,324508
7,832844 4,790942 3,523667
6,978354 4,657429 3,509205
9,684244 5,031268 3,787359
8,117676 4,94671 3,701687
9,256998 5,04462 3,914197
9,54183 5,589804 4,282475
8,972168 5,547523 4,318078
11,67806 5,620957 4,378162
11,96289 5,970319 4,655202
11,96289 6,072679 4,731973
15,66569 6,377538 5,003451
11,96289 6,882668 5,251566
13,81429 7,761636 5,932487
20,22299 8,914311 6,810347
17,37468 10,2272 7,619222
22,64405 12,5014 9,658654
19,65332 13,74531 10,74457
21,50472 13,54726 10,75014
27,77101 14,6176 11,73146
23,78337 15,817 13,12224
24,9227 16,08181 13,25242
22,64405 15,78363 13,23907
22,35921 16,27986 13,41264
22,78647 16,52464 13,89997
23,64096 17,31904 14,22262
22,64405 16,89624 14,30718
22,2168 17,77299 14,95918
23,07129 17,26564 14,61315
23,64096 17,62835 14,99144
27,05892 17,31014 14,62539
22,35921 17,94656 15,17947
24,63786 17,61501 15,09603
23,35612 18,40273 15,41869
21,50472 18,0556 15,54219
23,78337 18,28925 15,58447
24,78027 18,70537 15,78919
24,92269 18,66309 15,93717
25,63477 18,40273 15,92604
21,64714 18,14461 15,54553
22,2168 18,08675 15,54664
23,92579 17,98662 15,28851
22,64404 18,52067 15,50436
22,64404 18,12235 15,6223
23,78337 18,62526 16,1074
26,77409 19,05918 16,17193
22,07439 18,08008 15,25068
23,78337 18,9813 16,55245
24,35303 19,10369 16,1163
24,63786 18,53848 15,85817
24,49545 18,27145 16,16859
31,33138 18,19802 15,37753
25,77719 18,65864 15,98724
26,48927 19,03693 16,61809
24,78028 18,75654 16,04398
25,06511 18,21359 15,64789
24,0682 18,9902 16,40002
23,64095 18,28702 15,63898
22,50163 18,02222 15,65123
26,06202 19,17713 15,78475
26,20443 19,15264 16,19307
23,07129 18,62971 15,78474
26,77409 18,7877 15,54553
23,07129 18,50065 15,76694
25,20752 18,14684 15,34859
22,78646 18,99242 16,28876
22,50163 18,58298 16,04954
23,35612 18,5229 15,95275
25,63477 18,88561 16,17638
24,92269 18,56518 15,63565
24,78028 18,3026 15,51215
24,35303 18,51622 15,67014
23,35612 18,70759 16,28653
24,49545 18,3649 15,61896
22,2168 18,0912 15,33969
25,06511 18,2848 15,40423
23,92578 18,64529 16,00726
24,0682 19,06141 16,36887
22,92888 17,80637 15,36417
24,63786 19,17267 16,60919
23,07129 18,29147 15,78585
24,0682 18,40051 15,98835
24,49545 18,91455 16,11185
26,77409 18,83221 16,13967
24,63785 18,91009 16,40892
22,50163 18,30037 16,0985
24,63787 18,77435 15,70352
26,06202 19,008 15,76805
27,91342 18,36046 15,77139
24,49545 18,15351 15,54553
23,07129 18,76768 16,09183
22,92888 18,85669 16,27986
23,92578 18,51622 15,89601
27,34376 18,96795 16,16859
24,49545 18,76767 16,45565
23,21371 18,18688 15,70463
25,49235 18,48507 16,06957
22,78646 18,96795 16,51907
24,35303 19,07921 16,20643
26,63168 18,9457 15,70686
26,34685 18,84334 16,1597
24,78028 18,56963 15,67348
23,35612 18,91232 16,26984
25,20752 18,92122 15,94273
25,06511 19,27948 16,25426
25,06511 18,47394 16,13299
26,06202 18,82776 15,80032
23,64096 18,58076 16,04843
23,92579 19,09701 16,45676
26,06202 19,09701 16,58694
25,06512 18,94124 16,54577
24,0682 19,30173 16,39223
26,91651 18,91677 16,0985
26,63168 18,09343 15,6846
24,0682 18,56517 15,79141
25,06511 18,87893 16,33549
25,06511 18,83443 15,96054
24,78028 18,54293 16,0462
27,20135 18,01777 15,52439
22,92887 18,31595 15,65901
29,33757 19,38852 16,47012
24,92269 18,98353 16,31769
24,0682 18,54738 16,00059
24,9227 18,60968 16,1252
23,35612 18,19579 15,34748
25,49236 19,008 16,35107
27,771 19,00577 16,36887
25,34994 18,83666 16,2298
28,19825 19,30841 16,40558
23,35613 18,84111 15,83815
26,91651 19,13929 16,09628
24,63787 19,4664 16,48013
24,21062 18,78102 16,32547
24,21061 19,40409 16,70487
27,62858 19,33956 16,14856
27,48617 20,06944 16,88067
23,2137 18,77213 16,11297
26,63168 19,55319 16,33883
23,92579 19,96486 17,24339
25,20753 19,4308 16,70043
25,20752 19,45527 16,89291
26,48925 18,93234 16,03508
25,91961 20,09836 17,35242
27,20134 19,96263 17,02198
24,49545 19,4308 16,94409
27,771 20,48111 17,62724
27,34375 20,93283 18,13237
26,06202 20,39655 17,91429
25,49236 20,28752 17,44366
25,9196 20,1006 17,15104
25,63477 20,57458 17,67842
25,77719 20,51004 17,89983
25,34994 20,85495 18,30928
25,63477 20,52339 17,8264
25,77719 19,89364 17,3769
26,91651 20,44996 17,32683
28,34066 21,07302 18,2581
27,20134 21,36453 18,31373
30,47688 21,0174 18,24251
24,78027 20,53674 18,04113
28,48307 20,97066 17,8353
25,34993 20,32312 17,64059
26,06202 20,64578 17,68733
28,05583 21,08638 18,43723
27,91342 21,52029 18,81329
26,77409 21,00404 18,47951
28,76791 20,96399 18,55738
25,77718 21,35118 18,3471
27,20134 21,00182 18,12458
29,47998 21,61153 18,6286
29,33757 20,90391 18,35044
26,20443 20,68139 17,85978
26,63168 21,41571 18,84445
28,76791 21,61821 18,71427
31,04655 20,96176 18,37825
28,05583 21,21766 18,95348
28,6255 22,17452 19,35736
28,62549 21,19763 18,81886
27,48617 21,30445 18,60857
26,63168 21,68052 18,66531
26,34684 21,0619 17,99997
29,05273 21,9698 18,94125
28,62549 21,46689 18,79104
29,76482 21,77175 18,77657
27,20134 21,98092 18,98241
27,20134 21,0619 18,2848
27,20134 21,35563 18,75877
29,6224 21,90082 19,39631
30,33448 21,00182 18,3816
26,34684 21,27329 18,31484
26,06202 22,04545 19,17934
27,62859 22,08551 19,18045
25,20752 21,40459 18,30927
26,77409 21,38011 18,80439
27,91342 21,53365 18,3994
26,34684 21,54477 19,03804
26,34684 21,15759 18,2136
31,61621 21,78065 18,36268
29,05274 22,15449 19,28504
34,17969 21,38456 18,38827
26,7741 21,76508 19,22163
28,7679 21,5737 18,5229
29,6224 22,1723 18,78881
30,19207 22,08774 19,39853
26,63167 21,98537 19,23721
27,48616 21,47802 19,08256
28,48309 21,89414 18,96795
28,62549 21,56258 18,33709
28,48308 21,48025 18,40385
27,91342 22,57062 19,78572
26,77409 22,11666 19,07587
29,19515 22,03878 19,22051
26,48927 21,70944 18,99799
27,91342 21,67384 19,19381
27,20134 21,41571 18,82441
29,19516 21,7406 19,24387
27,20133 22,54836 19,88251
28,19825 21,92752 19,63886
26,7741 22,11889 19,52872
29,05274 22,06326 18,97128
26,91651 21,48692 19,10479
28,34066 21,41126 18,67422
26,7741 21,64491 18,89674
28,34066 22,67965 19,82467
26,48925 22,32361 19,42412
29,05274 22,0143 19,19047
27,05893 22,04991 18,92011
26,34685 21,5559 18,97128
26,63168 21,64269 19,24944
28,05584 21,98982 19,17824
29,05274 21,76507 18,95349
29,05275 21,54032 18,81997
27,91342 21,87188 19,06697
27,62859 22,16117 18,99576
30,90414 21,43796 18,82553
29,6224 21,68941 18,96127
26,9165 22,53278 19,68559
30,04965 22,50608 19,52871
30,61931 22,14114 19,087
28,34067 21,45799 18,80662
27,20134 21,68052 18,83443
28,19824 22,11666 19,27948
28,91032 21,74282 19,2984
24,63787 21,3534 19,20271
28,34066 22,67742 19,49867
30,04964 22,35921 19,4475
29,62239 22,67075 19,6255
26,48927 21,47579 18,72762
27,91342 21,99205 19,2283
28,19825 21,8029 19,22941
28,91031 22,04546 19,13261
26,20444 21,53588 19,11481
29,62239 22,24795 19,60325
31,33139 22,50163 19,87251
30,04965 21,69164 19,37739
26,48927 22,02321 18,97574
29,33757 22,07438 18,82665
29,6224 21,90081 19,27614
27,91341 22,09886 19,67446
26,91652 21,5114 18,92679
29,76482 21,91862 19,3429
27,48618 21,85186 19,2984
28,7679 21,83851 18,78103
27,91342 22,23237 19,35736
27,48618 22,26353 19,70562
29,33757 22,38815 18,81775
25,77719 21,52475 18,82553
31,47379 21,98537 19,14485
28,62549 21,7762 19,09033
29,62239 21,88746 18,5318
27,05892 21,69165 18,95126
28,91032 22,4994 19,67224
28,19823 21,76507 19,41076
28,76791 22,52166 19,37183
28,34067 22,12779 19,35291
26,48927 22,18787 19,02246
27,62858 22,4549 19,72453
27,05892 22,15671 18,83555
28,91032 21,94087 19,54318
28,19824 21,91194 18,95905
25,20751 21,84295 19,54428
30,6193 22,45713 19,80019
28,76791 22,16562 19,14151
30,6193 22,35254 19,40632
27,91342 21,88746 18,68534
30,90413 22,52388 19,81353
27,20134 22,15449 19,50423
28,91032 22,30803 19,4753
31,75863 21,90527 18,97574
26,34685 21,90304 19,08255
28,91032 21,86299 19,18269
27,48617 22,59731 19,88697
28,91033 22,4638 19,33178
28,7679 21,8029 19,413
28,48307 22,2168 19,46863
28,19825 22,77534 19,59435
26,63168 22,04768 19,22719
25,9196 21,91194 19,06919
28,34067 22,06771 19,05361
30,6193 22,17674 18,99353
28,62549 23,26266 19,94817
26,20444 22,28133 19,43524
28,62549 22,50163 19,49533
28,05584 22,08106 19,09812
26,48926 21,82516 19,50423
27,91342 22,36811 19,5988
27,48618 22,08774 19,29283
29,19515 22,58841 19,94149
28,34067 22,10554 19,48977
29,6224 22,91775 20,08279
31,61622 22,56616 19,83134
28,19825 22,55281 19,84023
28,34067 22,39037 19,47196
25,34993 22,10109 19,72341
31,04655 23,30494 20,51561
27,91342 22,34364 19,76681
27,91342 21,87857 19,61327
28,48307 22,47048 19,20716
30,19206 22,35031 19,55986
29,05274 22,94445 20,075
28,91032 22,30359 19,52982
26,77409 22,2435 19,94149
27,34376 22,288 19,56542
28,34066 22,40372 19,56319
26,48926 22,37034 19,6166
27,62859 23,1425 20,21742
32,18587 22,38814 19,49199
32,61312 22,57952 19,27838
29,90723 22,60176 19,80686
27,62859 22,68855 19,93703
29,62241 22,79091 19,91701
27,91341 22,1901 19,22829
34,60692 21,9431 19,1048
29,6224 23,46961 20,47333
31,75863 22,77311 20,30199
29,47999 22,56616 19,79128
32,18587 22,65072 19,90144
31,04656 22,57952 19,51758
26,91651 22,65072 19,80686
28,19825 22,98673 19,69337
27,771 22,61957 19,68781
29,76481 22,9578 20,19072
31,61621 22,64849 19,97153
29,47998 22,79091 19,82021
28,34066 22,43265 19,59991
30,33447 22,78646 19,4664
27,62859 22,6129 19,58879
29,90723 22,94222 20,52672
27,62859 22,51943 19,44081
28,76791 22,61289 19,73455
27,62858 22,21012 19,21272
28,48309 22,57951 19,92035
30,76172 22,97115 20,39877
29,76481 22,79981 20,34426
28,19825 22,92443 20,0127
29,33755 22,94 19,49643
29,76482 22,67965 20,09725
31,47379 23,59645 20,39322
30,04966 22,79313 20,1451
27,20134 22,74862 19,56876
31,33138 22,59286 20,01047
36,31591 23,70993 20,51671
28,48309 23,34722 20,18182
30,6193 23,63205 20,64578
29,6224 23,38282 20,5512
29,05273 23,47183 20,38097
30,19206 23,72329 20,54675
28,19825 22,79537 19,8625
28,76791 23,45403 20,15956
29,19515 23,32051 20,44105
29,47998 23,01788 20,02827
29,90723 22,85989 19,86472
28,05583 23,08019 20,07278
29,90723 23,24264 20,19962
28,34067 22,77311 19,57544
32,61312 23,83678 20,53229
31,47379 23,52747 20,27639
27,771 22,87102 20,35204
28,91032 22,67075 19,49755
28,05584 22,6752 19,78127
30,04964 23,28492 20,47333
29,90723 23,53415 19,99268
30,76171 23,55417 20,62464
31,75864 23,45181 20,1095
29,76481 24,0593 20,83158
27,91342 23,1336 20,15623
31,47379 23,74109 20,15956
28,05584 23,55862 20,52673
31,18896 23,91911 20,1362
30,90413 23,27824 20,05943
28,05583 22,77533 19,63107
27,34376 22,95558 20,01269
30,76172 23,43623 20,30532
29,90723 22,95335 19,82244
27,77101 23,37615 20,7181
28,34067 23,11357 20,45997
30,61932 22,7286 19,48309
27,62858 23,35612 20,52895
28,62548 23,24931 20,33536
30,61932 23,32497 20,08946
32,4707 23,70993 20,62242
28,05583 23,19368 20,01047
30,47689 23,62537 20,53563
31,75863 23,78337 20,53898
29,76482 22,87102 20,14732
31,04656 23,12469 20,05609
34,32209 23,58087 20,54454
30,19206 23,45403 20,65245
29,90722 23,27379 20,57679
30,47688 24,05708 21,13533
28,05582 23,15807 20,43772
34,46452 24,00366 21,11196
31,04655 24,32188 20,9829
29,19516 23,18923 19,82133
30,90415 23,36057 20,75593
29,33756 23,46515 20,56789
29,05274 23,1959 20,61463
29,90723 23,24262 20,19071
29,76481 22,7909 20,07611
28,6255 23,35167 20,4622
29,33757 23,32942 20,37764
30,19207 23,96806 20,7971
28,48308 23,19368 20,65245
28,34066 23,73886 20,6736
30,33448 23,60312 20,68917
27,91341 22,64404 19,94149
30,47689 23,78559 20,4366
32,4707 23,50521 20,74146
31,33138 23,96807 21,02296
28,48307 23,96806 20,86719
29,76482 23,05349 20,3565
30,76172 23,97029 21,1331
29,33757 23,92133 20,57123
29,90723 23,53637 20,3209
28,76791 23,57642 20,16179
31,61622 24,23064 21,11308
31,04656 23,66543 20,48445
30,19207 23,62983 21,03186
30,33448 24,03259 21,18206
30,90414 23,86347 20,7537
30,76172 22,76866 20,10504
29,05273 23,56085 20,7882
29,90724 23,65875 20,57235
28,62548 24,08822 21,16203
31,61621 23,91911 20,90835
29,90723 23,69881 20,90947
32,18587 24,20839 21,29332
29,19515 23,43178 20,54008
28,6255 23,37169 20,19517
32,4707 23,65208 20,26971
30,19205 23,54527 20,83492
29,90724 23,85235 20,79265
28,76791 24,43314 21,22879
29,19516 23,6187 20,62464
32,32829 23,75889 20,6213
31,90105 24,55998 20,78485
34,60693 23,36503 20,39656
29,19515 23,80117 20,88499
29,6224 24,00144 20,73701
29,19515 23,76779 21,05856
31,04655 23,45625 20,61351
29,47998 23,66543 20,71921
30,61931 23,72996 20,71699
31,47379 23,50076 20,35316
31,04655 23,50744 20,64244
32,32829 23,3806 20,68138
30,61931 23,70993 21,00293
30,33448 23,27601 20,37096
33,75244 24,0504 21,03631
36,31592 23,63873 20,70587
31,18896 24,09935 21,06079
28,19825 23,39172 20,48111
34,89177 24,0949 21,34005
34,03727 23,28491 20,14621
32,4707 23,36724 20,17626
31,18898 23,59199 20,57791
30,76171 24,00589 21,50806
29,62241 24,37973 21,03742
28,76791 23,53859 20,60127
29,19516 23,75444 20,95508
27,91342 23,62982 20,68694
32,61312 24,47764 20,6558
29,90724 23,6009 21,20876
31,75863 24,33078 20,5423
31,90105 23,98141 21,16314
31,18896 23,97474 20,6569
32,61312 23,79004 21,01962
30,61931 23,91021 20,72032
31,18897 24,21507 20,9551
30,04965 24,79363 21,40458
29,62241 24,33968 21,74838
34,32211 24,03037 20,93172
31,90104 24,41756 21,10084
30,19206 24,16166 20,83826
32,75555 24,00367 21,28777
31,61622 24,24844 21,3178
30,76171 24,491 21,18874
31,18897 23,85458 21,04299
32,04346 23,91911 20,96399
31,33138 24,45539 20,55455
30,76172 24,05262 21,07748
31,33139 23,39172 20,3042
31,33139 24,33968 20,82936
29,05274 24,23731 21,29444
33,18278 24,06375 21,00071
31,04655 23,72328 20,71921
30,6193 23,89241 21,09417
29,76481 23,99253 21,1064
28,6255 24,07932 21,66605
28,62549 23,68101 20,68917
34,17968 23,85902 20,91281
31,18896 23,86348 20,36985
31,18898 24,26847 20,59905
31,04655 24,18391 21,10195
30,6193 23,4696 20,35427
30,47689 24,13273 20,72478
30,47688 24,20839 21,39235
29,76481 23,58978 20,65913
30,04965 24,43314 21,05523
28,62548 23,5831 20,19072
29,33758 23,92356 20,90502
28,05584 24,20172 21,0975
27,62859 23,6543 21,08526
28,05583 24,00367 21,41571
32,04346 23,99699 20,89278
29,33758 23,97029 20,78041
29,76482 23,37837 20,04718
30,19206 24,29517 21,11531
29,76482 23,81897 20,45663
27,20134 23,68768 20,68805
32,32829 24,38864 21,34228
30,90413 24,68904 21,67606
29,90723 23,71661 21,12977
31,04655 24,57555 21,49249
27,771 24,04817 21,03186
29,05274 23,79672 20,9473
32,75554 23,60535 20,46553
31,4738 23,62315 20,19406
30,76172 23,63205 20,559
28,76791 23,36279 20,73256
28,34067 23,84345 21,01963
30,04964 24,46652 21,1064
30,76172 24,17056 20,9384
29,47999 24,25735 20,77039
32,32829 24,69571 21,54032
30,90414 24,08155 21,23435
31,04656 23,56084 20,79932
28,34066 23,47629 20,56011
30,90413 24,38864 21,25882
30,6193 23,98141 20,86385
30,47689 24,09712 21,1064
29,90723 24,11048 20,82046
30,19207 23,89463 21,02073
29,47998 24,11493 21,33226
32,61312 24,13495 20,95175
34,32209 24,03481 20,57122
32,75553 24,60671 21,44131
30,19206 23,84344 20,77373
30,33447 23,3361 20,51227
30,61932 24,07932 20,97178
31,4738 24,30407 21,28554
29,90724 24,16833 20,57457
29,90723 23,80785 20,81379
30,4769 24,47542 21,2032
31,18898 24,65566 21,74838
33,46762 24,46206 21,41905
30,19205 24,50879 21,19652
30,19206 23,90131 21,21321
32,18587 25,1964 21,73503
31,90104 24,19504 21,10084
31,18897 23,95249 21,07414
32,32829 24,17056 21,07525
30,33448 23,91466 21,16982
30,76172 24,74912 21,56926
30,90414 24,0949 21,4413
34,03727 24,37528 21,43018
30,61929 23,88351 21,39569
30,61931 24,55997 21,50249
32,04346 24,15944 21,00071
30,6193 24,07042 21,17761
30,61931 24,13496 20,81824
29,62239 24,33968 21,60263
34,46451 23,97919 20,56789
36,88557 24,07488 20,90836
31,75862 24,46206 21,17872
31,18897 24,34413 21,41015
33,18279 24,47319 21,62377
29,47998 23,90798 20,65468
31,90105 24,19949 21,45243
29,33757 24,60893 21,45576
30,76172 24,47764 21,55034
30,76172 24,46429 21,47468
30,19205 23,93468 21,34562
31,61621 24,086 20,15845
31,33138 23,67655 21,06412
27,48617 23,99698 21,28887
30,90414 24,35303 20,77373
30,19207 25,07846 22,18342
30,76172 24,09489 21,21655
32,18587 25,22087 22,0488
36,1735 24,60449 21,42684
31,33138 24,70017 21,81069
30,19206 23,81229 21,11196
30,33447 24,27069 21,24548
30,6193 24,94049 22,01986
29,19515 24,38863 21,13422
31,18897 24,62673 21,75728
30,19206 24,42869 21,54366
31,61621 24,39308 20,9829
28,48308 23,83232 20,73812
30,76173 24,48209 21,55479
29,05274 24,09268 21,10529
31,04655 24,53105 21,71501
31,61621 23,8301 20,44884
33,61002 24,3597 20,88388
33,18278 24,80253 22,04323
34,60693 24,13273 20,73145
33,04037 24,37751 21,61598
29,76482 24,86038 21,5904
32,18587 24,89598 21,56591
34,17968 24,39753 20,96732
31,75863 24,86261 21,52809
28,19824 24,32633 21,34229
29,90722 25,05175 21,2388
33,04036 24,49767 21,34561
32,04346 24,76915 21,39903
35,60384 24,59558 21,62266
36,1735 24,12383 21,08749
29,05274 24,50657 21,55479
32,3283 24,62674 21,6171
32,32829 25,04062 21,37454
29,90724 24,23064 21,07636
30,61931 24,48654 21,50138
31,75863 24,41088 21,31557
29,19515 24,53772 21,76395
29,90723 24,24844 21,20209
29,76482 23,8835 21,10641
31,18897 24,69571 21,72836
32,89795 24,97164 21,89525
30,19206 24,2796 21,34339
30,33448 24,15053 21,34785
31,33138 24,79585 21,17983
30,61931 25,0117 22,1545
31,04655 25,24758 22,27355
36,60075 25,12296 21,83628
32,32829 24,63564 21,69721
30,6193 24,27069 21,37788
31,04655 25,03841 22,29467
33,3252 24,35081 21,15648
30,33448 24,54439 21,15647
32,04345 24,47319 21,1943
30,33448 25,33659 22,33697
30,33448 24,32633 21,54478
31,90104 24,66901 21,91862
32,18588 24,56888 21,48136
32,32831 24,57556 21,68497
30,90413 23,94581 20,57123
30,76172 24,74022 21,44019
31,75863 24,81365 21,7673
31,61622 24,70685 21,78622
32,75554 24,75357 21,56925
29,47999 24,54663 21,62155
29,6224 24,90934 21,62266
30,90413 24,52883 21,7584
29,47998 24,2974 21,28554
30,47689 24,43981 21,21098
34,17968 24,8537 21,99539
36,31591 24,2796 21,05523
32,75552 24,64676 21,57926
31,33138 25,17191 21,70499
30,90413 25,17192 21,794
31,75863 23,89686 21,03297
32,89795 24,54885 21,32003
35,17659 24,78695 21,10083
30,90414 24,86706 21,76953
29,47999 23,77447 20,58681
30,19206 24,95384 22,09441
32,04346 24,68236 21,74059
32,61312 25,07178 22,31359
30,19206 25,06288 22,19454
31,33139 24,79585 21,66715
32,04346 25,04508 21,30779
32,47071 24,96497 22,09107
31,90104 25,26315 22,26019
33,32519 25,321 22,08328
30,33448 24,69571 21,87634
32,18587 25,09404 22,07327
29,48 24,63564 21,36231
30,61931 25,19417 21,48803
28,76792 24,51102 21,56591
30,47689 24,8092 21,36008
31,4738 25,06956 21,59595
31,04655 24,5533 21,81849
32,4707 24,67124 21,35452
34,32211 24,87151 21,65938
31,61621 25,14522 22,05992
34,89176 25,81946 22,83986
31,33138 25,15634 22,13892
28,91033 24,94717 22,25241
32,75554 25,18527 21,5203
30,61931 24,62896 21,77286
32,18588 24,81588 21,93308
37,1704 24,64676 21,96646
29,47999 25,08736 22,42819
30,90414 25,36997 22,29579
30,76171 24,5266 21,56703
29,19515 24,85148 22,0933
30,04965 24,71351 21,55923
29,33757 24,43314 21,22212
31,04655 25,01393 21,88635
30,04964 24,96497 21,86966
30,90414 24,43759 21,78843
32,89795 24,81365 22,28133
31,4738 25,18972 22,33585
32,18587 24,79585 21,87523
33,18279 25,09848 21,50361
33,89486 24,98499 21,91972
30,04964 24,74245 21,93641
32,18587 24,9761 21,48024
31,61621 24,66902 22,10332
33,18278 25,67928 22,65072
32,32829 25,0473 21,91973
34,74935 25,82169 22,29913
31,75863 24,89598 21,79734
30,33447 25,17859 22,06994
31,18896 25,25647 22,03322
34,03727 25,08958 21,6883
32,18587 24,60225 20,85384
31,4738 26,48481 23,35723
30,76171 25,18972 22,18119
31,18897 25,26538 22,32584
29,33757 24,93382 21,93196
31,75863 25,85062 22,46602
34,89177 25,53018 22,10888
31,75863 24,91824 21,86409
32,18589 25,88622 22,41818
31,04656 25,2231 22,52611
32,04347 25,80611 22,40817
30,76173 25,23868 22,48383
31,90105 25,08958 21,68608
30,33448 25,08068 21,79066
29,90722 24,95384 21,91305
35,88868 25,25425 22,01319
30,61931 25,39889 22,08106
32,32829 25,38777 21,85298
32,04347 25,15189 21,93085
31,04655 24,96052 22,39371
32,4707 25,62809 22,64849
31,61621 25,22087 21,88969
31,75863 25,67927 22,55392
30,33448 25,2142 21,13422
30,47689 24,86483 22,18119
33,89486 25,37664 22,18787
33,3252 25,96633 22,74085
31,47381 25,50125 22,1723
31,04655 24,63786 21,45354
30,19206 24,94717 21,99316
30,47689 24,68682 21,38678
33,4676 24,88709 21,50361
31,04655 24,36192 21,45019
33,04037 25,45453 22,18787
35,46143 26,0687 22,81984
31,18897 24,38863 21,39458
34,1797 25,56579 22,54947
30,33447 25,16747 22,26909
30,19206 25,27873 22,35587
30,90413 25,45898 22,03989
29,47999 25,05176 21,9609
32,75554 24,72686 21,63712
30,04965 24,5622 21,12754
30,47689 23,83677 20,66247
31,90105 24,94717 21,38345
31,90104 25,23422 21,46132
32,04346 25,49903 22,19344
32,47071 25,13186 21,78955
33,61003 25,28318 22,0321
32,18587 25,10962 21,42461
31,4738 25,52128 21,94309
32,04346 25,10961 22,0844
32,61312 25,13187 22,29469
31,61622 25,21643 21,97981
32,04346 25,27873 22,62401
32,18588 25,57024 22,3225
30,04964 24,91601 21,43797
30,04965 25,17191 22,09107
32,75553 25,22755 22,15561
31,75864 25,37886 22,43598
32,18587 25,87732 22,55392
31,04655 25,27428 21,9887
31,47379 25,2409 22,13224
31,61621 25,34548 22,29468
30,76172 25,13631 21,87411
31,75863 25,09181 21,16538
33,46761 24,97165 21,93531
31,04656 25,23422 22,10665
31,18897 24,70684 21,37343
30,76172 24,78695 21,97981
32,18588 25,51906 21,83851
33,32521 25,56356 22,40261
30,90414 25,15857 22,23904
31,90105 24,80698 21,91193
32,32829 25,25203 21,94755
32,32829 25,0028 22,14559
31,33138 24,99389 21,21321
31,90105 25,52128 21,78065
36,03108 26,31569 22,60065
32,75553 24,83813 21,82849
35,60383 26,06646 23,0012
31,33138 25,57691 22,56505
31,75863 25,45897 22,44489
31,18897 24,82478 21,83406
31,75863 25,07623 21,29221
32,89796 24,5889 21,41459
30,04965 25,43227 22,0588
33,46761 25,94408 23,01565
31,18897 24,53104 21,53475
30,76171 24,85371 21,77509
32,04346 25,20529 21,73726
33,61003 25,53463 22,18564
31,4738 24,78918 22,13113
32,18587 24,93604 21,96534
32,04346 25,2676 21,84518
