0,3051758 0,04768372 0,02384186
0,3051758 0,05722046 0,02861023
0,3051758 0,01907349 0,009536743
0,3051758 0,0333786 0,0166893
0,3051758 0,03814697 0,01907349
0,3051758 0,01907349 0,009536743
0,3051758 0,05245209 0,02622604
0,3051758 0,02861023 0,01430511
0,6103516 0,04291534 0,02145767
0,3051758 0,02384186 0,01192093
0,3051758 0,02384186 0,01192093
0,6103516 0,07629395 0,03814697
0,3051758 0,03814697 0,01907349
0,3051758 0,07152557 0,03576279
0,3051758 0,05245209 0,02622604
0,3051758 0,04291534 0,02145767
0,6103516 0,04291534 0,02145767
0,3051758 0,04768372 0,02384186
0,3051758 0,0333786 0,0166893
0,6103516 0,04291534 0,02145767
0,3051758 0,0667572 0,0333786
0,6103516 0,04768372 0,02384186
0,3051758 0,04768372 0,02384186
0,6103516 0,07629395 0,03814697
0,6103516 0,05245209 0,02622604
0,6103516 0,0667572 0,0333786
0,6103516 0,03814697 0,01907349
0,6103516 0,09059906 0,04529953
0,3051758 0,08583069 0,04291534
0,6103516 0,04768372 0,02384186
0,3051758 0,0333786 0,0166893
0,3051758 0,05245209 0,02622604
0,6103516 0,09536743 0,04768372
0,3051758 0,04768372 0,02384186
0,3051758 0,05245209 0,02622604
0,3051758 0,0333786 0,0166893
0,3051758 0,04768372 0,02384186
0,6103516 0,06198883 0,03099442
0,6103516 0,03814697 0,01907349
0,6103516 0,08106232 0,04053116
0,6103516 0,07152557 0,03576279
0,6103516 0,07629395 0,03814697
0,3051758 0,03814697 0,01907349
0,6103516 0,0667572 0,0333786
0,3051758 0,0667572 0,0333786
0,3051758 0,0333786 0,0166893
0,3051758 0,06198883 0,03099442
0,6103516 0,05722046 0,02861023
0,3051758 0,06198883 0,03099442
0,3051758 0,08106232 0,04053116
0,6103516 0,05245209 0,02622604
0,6103516 0,04291534 0,02145767
0,3051758 0,05722046 0,02861023
0,3051758 0,0667572 0,0333786
0,3051758 0,05245209 0,02622604
0,3051758 0,02384186 0,01192093
0,6103516 0,0667572 0,0333786
0,3051758 0,02384186 0,01192093
0,3051758 0,02384186 0,01192093
0,3051758 0,06198883 0,03099442
0,3051758 0,04768372 0,02384186
0,3051758 0,03814697 0,01907349
0,3051758 0,04291534 0,02145767
0,3051758 0,0333786 0,0166893
0,3051758 0,03814697 0,01907349
0,3051758 0,05245209 0,02622604
0,3051758 0,06198883 0,03099442
0,6103516 0,05722046 0,02861023
0,3051758 0,02861023 0,01430511
0,3051758 0,05722046 0,02861023
0,6103516 0,0333786 0,0166893
0,6103516 0,05722046 0,02861023
0,3051758 0,04291534 0,02145767
0,6103516 0,04291534 0,02145767
0,6103516 0,03814697 0,01907349
0,3051758 0,04768372 0,02384186
0,3051758 0,0333786 0,0166893
0,6103516 0,05722046 0,02861023
0,3051758 0,05245209 0,02622604
0,3051758 0,04768372 0,02384186
0,3051758 0,02384186 0,01192093
0,3051758 0,06198883 0,03099442
0,6103516 0,07629395 0,03814697
0,3051758 0,03814697 0,01907349
0,3051758 0,0333786 0,0166893
0,3051758 0,05245209 0,02622604
0,3051758 0,05245209 0,02622604
0,3051758 0,03814697 0,01907349
0,3051758 0,0333786 0,0166893
0,3051758 0,0333786 0,0166893
0,3051758 0,04291534 0,02145767
0,3051758 0,0333786 0,0166893
0,3051758 0,04768372 0,02384186
0,3051758 0,03814697 0,01907349
0,6103516 0,09059906 0,04529953
0,3051758 0,05722046 0,02861023
0,3051758 0,0333786 0,0166893
0,3051758 0,01430511 0,007152557
0,6103516 0,05722046 0,02861023
0,3051758 0,03814697 0,01907349
0,3051758 0,02861023 0,01430511
0,3051758 0,02861023 0,01430511
0,6103516 0,04291534 0,02145767
0,3051758 0,02861023 0,01430511
0,3051758 0,01907349 0,009536743
0,3051758 0,06198883 0,03099442
0,6103516 0,04768372 0,02384186
0,3051758 0,02861023 0,01430511
0,3051758 0,03814697 0,01907349
0,3051758 0,05245209 0,02622604
0,3051758 0,04768372 0,02384186
0,3051758 0,04768372 0,02384186
0,3051758 0,02861023 0,01430511
0,3051758 0,02384186 0,01192093
0,3051758 0,05245209 0,02622604
0,6103516 0,02384186 0,01192093
0,3051758 0,04291534 0,02145767
0,3051758 0,03814697 0,01907349
0,3051758 0,04291534 0,02145767
0,6103516 0,05722046 0,02861023
0,3051758 0,0333786 0,0166893
0,3051758 0,02384186 0,01192093
0,3051758 0,0333786 0,0166893
0,3051758 0,02861023 0,01430511
0,3051758 0,02861023 0,01430511
0,3051758 0,04291534 0,02145767
0,3051758 0,04291534 0,02145767
0,3051758 0,05722046 0,02861023
0,3051758 0,03814697 0,01907349
0,3051758 0,03814697 0,01907349
0,3051758 0,01907349 0,009536743
0,3051758 0,03814697 0,01907349
0,3051758 0,04768372 0,02384186
0,3051758 0,05722046 0,02861023
0,6103516 0,07152557 0,03576279
0,6103516 0,06198883 0,03099442
0,3051758 0,03814697 0,01907349
0,6103516 0,02861023 0,01430511
0,6103516 0,0333786 0,0166893
0,3051758 0,03814697 0,01907349
0,6103516 0,0333786 0,0166893
0,3051758 0,03814697 0,01907349
0,3051758 0,02861023 0,01430511
0,3051758 0,02861023 0,01430511
0,3051758 0,04768372 0,02384186
0,3051758 0,06198883 0,03099442
0,3051758 0,04291534 0,02145767
0,3051758 0,01907349 0,009536743
0,6103516 0,05245209 0,02622604
0,3051758 0,03814697 0,01907349
0,6103516 0,05245209 0,02622604
0,6103516 0,0333786 0,0166893
0,6103516 0,05722046 0,02861023
0,6103516 0,05245209 0,02622604
0,6103516 0,05245209 0,02622604
0,3051758 0,01907349 0,009536743
0,3051758 0,04768372 0,02384186
0,3051758 0,03814697 0,01907349
0,3051758 0,02861023 0,01430511
0,6103516 0,07152557 0,03576279
0,6103516 0,05245209 0,02622604
0,3051758 0,02861023 0,01430511
0,3051758 0,01907349 0,009536743
0,3051758 0,03814697 0,01907349
0,3051758 0,0333786 0,0166893
0,3051758 0,04768372 0,02384186
0,3051758 0,04291534 0,02145767
0,6103516 0,07629395 0,03814697
0,3051758 0,03814697 0,01907349
0,6103516 0,04768372 0,02384186
0,3051758 0,05245209 0,02622604
0,3051758 0,03814697 0,01907349
0,3051758 0,06198883 0,03099442
0,3051758 0,06198883 0,03099442
0,3051758 0,06198883 0,03099442
0,6103516 0,05245209 0,02622604
0,3051758 0,05245209 0,02622604
0,3051758 0,04291534 0,02145767
0,3051758 0,05722046 0,02861023
0,3051758 0,07152557 0,03576279
0,3051758 0,03814697 0,01907349
0,3051758 0,05245209 0,02622604
0,3051758 0,04768372 0,02384186
0,3051758 0,05245209 0,02622604
0,3051758 0,04291534 0,02145767
0,3051758 0,05722046 0,02861023
0,3051758 0,04768372 0,02384186
0,6103516 0,06198883 0,03099442
0,3051758 0,04768372 0,02384186
0,3051758 0,04291534 0,02145767
0,3051758 0,02861023 0,01430511
0,3051758 0,02861023 0,01430511
0,6103516 0,0667572 0,0333786
0,3051758 0,05245209 0,02622604
0,3051758 0,05722046 0,02861023
0,3051758 0,04291534 0,02145767
0,3051758 0,07152557 0,03576279
0,3051758 0,04768372 0,02384186
0,3051758 0,04291534 0,02145767
0,6103516 0,04291534 0,02145767
0,6103516 0,04291534 0,02145767
0,3051758 0,0333786 0,0166893
0,3051758 0,04768372 0,02384186
0,6103516 0,05722046 0,02861023
0,3051758 0,0333786 0,0166893
0,6103516 0,04768372 0,02384186
0,6103516 0,05245209 0,02622604
0,3051758 0,0333786 0,0166893
0,3051758 0,05722046 0,02861023
0,3051758 0,0333786 0,0166893
0,3051758 0,02861023 0,01430511
0,3051758 0,05245209 0,02622604
0,3051758 0,03814697 0,01907349
0,3051758 0,03814697 0,01907349
0,6103516 0,03814697 0,01907349
0,3051758 0,03814697 0,01907349
0,6103516 0,05722046 0,02861023
0,3051758 0,05722046 0,02861023
0,3051758 0,05245209 0,02622604
0,3051758 0,04768372 0,02384186
0,6103516 0,0333786 0,0166893
0,3051758 0,03814697 0,01907349
0,6103516 0,08106232 0,04053116
0,3051758 0,009536743 0,004768372
0,3051758 0,02861023 0,01430511
0,3051758 0,04768372 0,02384186
0,6103516 0,07152557 0,03576279
0,3051758 0,06198883 0,03099442
0,3051758 0,04768372 0,02384186
0,3051758 0,04291534 0,02145767
0,6103516 0,07152557 0,03576279
0,6103516 0,05722046 0,02861023
0,3051758 0,04768372 0,02384186
0,3051758 0,05722046 0,02861023
0,3051758 0,05722046 0,02861023
0,6103516 0,04768372 0,02384186
0,3051758 0,02861023 0,01430511
0,3051758 0,01907349 0,009536743
0,6103516 0,04768372 0,02384186
0,3051758 0,02861023 0,01430511
0,3051758 0,02861023 0,01430511
0,6103516 0,0333786 0,0166893
0,3051758 0,0333786 0,0166893
0,3051758 0,07152557 0,03576279
0,3051758 0,03814697 0,01907349
0,3051758 0,04768372 0,02384186
0,3051758 0,04291534 0,02145767
0,3051758 0,05245209 0,02622604
0,3051758 0,02861023 0,01430511
0,3051758 0,04768372 0,02384186
0,6103516 0,05245209 0,02622604
0,6103516 0,05245209 0,02622604
0,6103516 0,07152557 0,03576279
0,6103516 0,05722046 0,02861023
0,3051758 0,04291534 0,02145767
0,3051758 0,05245209 0,02622604
0,3051758 0,03814697 0,01907349
0,3051758 0,05722046 0,02861023
0,3051758 0,03814697 0,01907349
0,6103516 0,05245209 0,02622604
0,3051758 0,03814697 0,01907349
0,3051758 0,0333786 0,0166893
0,3051758 0,05245209 0,02622604
0,3051758 0,05722046 0,02861023
0,6103516 0,08583069 0,04291534
0,3051758 0,02384186 0,01192093
0,3051758 0,01907349 0,009536743
0,6103516 0,05722046 0,02861023
0,6103516 0,03814697 0,01907349
0,6103516 0,07152557 0,03576279
0,6103516 0,06198883 0,03099442
0,3051758 0,05245209 0,02622604
0,3051758 0,0333786 0,0166893
0,3051758 0,0333786 0,0166893
0,3051758 0,02384186 0,01192093
0,6103516 0,05245209 0,02622604
0,3051758 0,04768372 0,02384186
0,3051758 0,0333786 0,0166893
0,6103516 0,04768372 0,02384186
0,6103516 0,04768372 0,02384186
0,6103516 0,05245209 0,02622604
0,6103516 0,04291534 0,02145767
0,3051758 0,05245209 0,02622604
0,3051758 0,0333786 0,0166893
0,3051758 0,02861023 0,01430511
0,3051758 0,01907349 0,009536743
0,3051758 0,07629395 0,03814697
0,3051758 0,05245209 0,02622604
0,3051758 0,02384186 0,01192093
0,3051758 0,01907349 0,009536743
0,6103516 0,06198883 0,03099442
0,3051758 0,04291534 0,02145767
0,3051758 0,04768372 0,02384186
0,3051758 0,0333786 0,0166893
0,6103516 0,02861023 0,01430511
0,6103516 0,09059906 0,04529953
0,3051758 0,02861023 0,01430511
0,3051758 0,03814697 0,01907349
0,3051758 0,02861023 0,01430511
0,3051758 0,03814697 0,01907349
0,3051758 0,01907349 0,009536743
0,3051758 0,04291534 0,02145767
0,3051758 0,04768372 0,02384186
0,3051758 0,02861023 0,01430511
0,6103516 0,0333786 0,0166893
0,3051758 0,0333786 0,0166893
0,3051758 0,04291534 0,02145767
0,6103516 0,0667572 0,0333786
0,6103516 0,05722046 0,02861023
0,3051758 0,05245209 0,02622604
0,3051758 0,04768372 0,02384186
0,3051758 0,04291534 0,02145767
0,6103516 0,0333786 0,0166893
0,3051758 0,04768372 0,02384186
0,3051758 0,0333786 0,0166893
0,3051758 0,0667572 0,0333786
0,6103516 0,07629395 0,03814697
0,6103516 0,05245209 0,02622604
0,3051758 0,0667572 0,0333786
0,3051758 0,02861023 0,01430511
0,3051758 0,05245209 0,02622604
0,6103516 0,04768372 0,02384186
0,3051758 0,06198883 0,03099442
0,6103516 0,02861023 0,01430511
0,3051758 0,03814697 0,01907349
0,3051758 0,01907349 0,009536743
0,3051758 0,04291534 0,02145767
0,3051758 0,03814697 0,01907349
0,3051758 0,04768372 0,02384186
0,3051758 0,02861023 0,01430511
0,3051758 0,04291534 0,02145767
0,3051758 0,05245209 0,02622604
0,3051758 0,04768372 0,02384186
0,3051758 0,04768372 0,02384186
0,3051758 0,04768372 0,02384186
0,6103516 0,07152557 0,03576279
0,3051758 0,0333786 0,0166893
0,6103516 0,05722046 0,02861023
0,3051758 0,04291534 0,02145767
0,3051758 0,05245209 0,02622604
0,3051758 0,03814697 0,01907349
0,3051758 0,03814697 0,01907349
0,6103516 0,04291534 0,02145767
0,3051758 0,05245209 0,02622604
0,3051758 0,02861023 0,01430511
0,3051758 0,03814697 0,01907349
0,3051758 0,04291534 0,02145767
0,6103516 0,05245209 0,02622604
0,3051758 0,03814697 0,01907349
0,6103516 0,05722046 0,02861023
0,3051758 0,04291534 0,02145767
0,3051758 0,05245209 0,02622604
0,3051758 0,07629395 0,03814697
0,6103516 0,05245209 0,02622604
0,3051758 0,04291534 0,02145767
0,3051758 0,04768372 0,02384186
0,3051758 0,0333786 0,0166893
0,6103516 0,06198883 0,03099442
0,6103516 0,07629395 0,03814697
0,3051758 0,07152557 0,03576279
0,6103516 0,02384186 0,01192093
0,3051758 0,05722046 0,02861023
0,3051758 0,0333786 0,0166893
0,6103516 0,05245209 0,02622604
0,6103516 0,02861023 0,01430511
0,6103516 0,05722046 0,02861023
0,3051758 0,03814697 0,01907349
0,6103516 0,0333786 0,0166893
0,6103516 0,08106232 0,04053116
0,6103516 0,0333786 0,0166893
0,3051758 0,02861023 0,01430511
0,3051758 0,03814697 0,01907349
0,3051758 0,0333786 0,0166893
0,6103516 0,08583069 0,04291534
0,3051758 0,02861023 0,01430511
0,6103516 0,0667572 0,0333786
0,3051758 0,0667572 0,0333786
0,3051758 0,02384186 0,01192093
0,6103516 0,07152557 0,03576279
0,6103516 0,04291534 0,02145767
0,6103516 0,03814697 0,01907349
0,6103516 0,04291534 0,02145767
0,3051758 0,05722046 0,02861023
0,6103516 0,07152557 0,03576279
0,6103516 0,0333786 0,0166893
0,3051758 0,07152557 0,03576279
0,3051758 0,04291534 0,02145767
0,3051758 0,02861023 0,01430511
0,3051758 0,07629395 0,03814697
0,3051758 0,04768372 0,02384186
0,6103516 0,0667572 0,0333786
0,3051758 0,03814697 0,01907349
0,6103516 0,05245209 0,02622604
0,6103516 0,05245209 0,02622604
0,3051758 0,02384186 0,01192093
0,3051758 0,05722046 0,02861023
0,3051758 0,05245209 0,02622604
0,3051758 0,03814697 0,01907349
0,6103516 0,07152557 0,03576279
0,3051758 0,0667572 0,0333786
0,3051758 0,04291534 0,02145767
0,6103516 0,06198883 0,03099442
0,6103516 0,0333786 0,0166893
0,3051758 0,04768372 0,02384186
0,3051758 0,03814697 0,01907349
0,3051758 0,01430511 0,007152557
0,3051758 0,05245209 0,02622604
0,3051758 0,07629395 0,03814697
0,6103516 0,07629395 0,03814697
0,3051758 0,06198883 0,03099442
0,3051758 0,04291534 0,02145767
0,6103516 0,05245209 0,02622604
0,6103516 0,0667572 0,0333786
0,6103516 0,0667572 0,0333786
0,6103516 0,05722046 0,02861023
0,6103516 0,07152557 0,03576279
0,3051758 0,02384186 0,01192093
0,3051758 0,03814697 0,01907349
0,3051758 0,06198883 0,03099442
0,3051758 0,02384186 0,01192093
0,6103516 0,08583069 0,04291534
0,6103516 0,1049042 0,05245209
0,6103516 0,04291534 0,02145767
0,6103516 0,07152557 0,03576279
0,6103516 0,08583069 0,04291534
0,3051758 0,05245209 0,02622604
0,3051758 0,04768372 0,02384186
0,3051758 0,05722046 0,02861023
0,6103516 0,06198883 0,03099442
0,3051758 0,07152557 0,03576279
0,3051758 0,05722046 0,02861023
0,3051758 0,05245209 0,02622604
0,6103516 0,07152557 0,03576279
0,6103516 0,06198883 0,03099442
0,3051758 0,05245209 0,02622604
0,6103516 0,0667572 0,0333786
0,3051758 0,03814697 0,01907349
0,6103516 0,07629395 0,03814697
0,3051758 0,03814697 0,01907349
0,6103516 0,05245209 0,02622604
0,6103516 0,03814697 0,01907349
0,6103516 0,07629395 0,03814697
0,6103516 0,05722046 0,02861023
0,3051758 0,03814697 0,01907349
0,6103516 0,03814697 0,01907349
0,6103516 0,0667572 0,0333786
0,3051758 0,07152557 0,03576279
0,3051758 0,0333786 0,0166893
0,3051758 0,02861023 0,01430511
0,3051758 0,04291534 0,02145767
0,6103516 0,06198883 0,03099442
0,3051758 0,02384186 0,01192093
0,6103516 0,05245209 0,02622604
0,3051758 0,0667572 0,0333786
0,3051758 0,05722046 0,02861023
0,6103516 0,04768372 0,02384186
0,6103516 0,04768372 0,02384186
0,3051758 0,05722046 0,02861023
0,6103516 0,05722046 0,02861023
0,3051758 0,05245209 0,02622604
0,3051758 0,05245209 0,02622604
0,3051758 0,04291534 0,02145767
0,3051758 0,05245209 0,02622604
0,3051758 0,06198883 0,03099442
0,3051758 0,04291534 0,02145767
0,3051758 0,03814697 0,01907349
0,3051758 0,05245209 0,02622604
0,6103516 0,04291534 0,02145767
0,6103516 0,07152557 0,03576279
0,6103516 0,07152557 0,03576279
0,3051758 0,03814697 0,01907349
0,6103516 0,08583069 0,04291534
0,6103516 0,04291534 0,02145767
0,3051758 0,0667572 0,0333786
0,6103516 0,06198883 0,03099442
0,6103516 0,04291534 0,02145767
0,6103516 0,04291534 0,02145767
0,3051758 0,0667572 0,0333786
0,6103516 0,0667572 0,0333786
0,6103516 0,04768372 0,02384186
0,6103516 0,07152557 0,03576279
0,3051758 0,02384186 0,01192093
0,6103516 0,07152557 0,03576279
0,3051758 0,0333786 0,0166893
0,3051758 0,08106232 0,04053116
0,3051758 0,0667572 0,0333786
0,3051758 0,05722046 0,02861023
0,3051758 0,05722046 0,02861023
0,3051758 0,03814697 0,01907349
0,3051758 0,02861023 0,01430511
0,6103516 0,06198883 0,03099442
0,6103516 0,09059906 0,04529953
0,3051758 0,05245209 0,02622604
0,3051758 0,04768372 0,02384186
0,3051758 0,04768372 0,02384186
0,6103516 0,05245209 0,02622604
0,3051758 0,0333786 0,0166893
0,3051758 0,09059906 0,04529953
0,3051758 0,06198883 0,03099442
0,6103516 0,08106232 0,04053116
0,6103516 0,0667572 0,0333786
0,3051758 0,04291534 0,02145767
0,3051758 0,06198883 0,03099442
0,3051758 0,07152557 0,03576279
0,3051758 0,04768372 0,02384186
0,3051758 0,03814697 0,01907349
0,3051758 0,04291534 0,02145767
0,3051758 0,05722046 0,02861023
0,6103516 0,0667572 0,0333786
0,6103516 0,0667572 0,0333786
0,6103516 0,05245209 0,02622604
0,6103516 0,04768372 0,02384186
0,6103516 0,05722046 0,02861023
0,3051758 0,05245209 0,02622604
0,3051758 0,07152557 0,03576279
0,3051758 0,04768372 0,02384186
0,6103516 0,08106232 0,04053116
0,3051758 0,0667572 0,0333786
0,3051758 0,06198883 0,03099442
0,6103516 0,07629395 0,03814697
0,3051758 0,04291534 0,02145767
0,6103516 0,05722046 0,02861023
0,3051758 0,05245209 0,02622604
0,3051758 0,0333786 0,0166893
0,3051758 0,04768372 0,02384186
0,3051758 0,02861023 0,01430511
0,3051758 0,02861023 0,01430511
0,6103516 0,04291534 0,02145767
0,6103516 0,06198883 0,03099442
0,6103516 0,09536743 0,04768372
0,6103516 0,08583069 0,04291534
0,3051758 0,04291534 0,02145767
0,3051758 0,04291534 0,02145767
0,3051758 0,07629395 0,03814697
0,6103516 0,07152557 0,03576279
0,6103516 0,04768372 0,02384186
0,6103516 0,06198883 0,03099442
0,3051758 0,03814697 0,01907349
0,3051758 0,04768372 0,02384186
0,6103516 0,04768372 0,02384186
0,3051758 0,0667572 0,0333786
0,6103516 0,05722046 0,02861023
0,3051758 0,05722046 0,02861023
0,3051758 0,0333786 0,0166893
0,3051758 0,04768372 0,02384186
0,3051758 0,05245209 0,02622604
0,3051758 0,05722046 0,02861023
0,3051758 0,0667572 0,0333786
0,3051758 0,08106232 0,04053116
0,6103516 0,06198883 0,03099442
0,3051758 0,03814697 0,01907349
0,3051758 0,05722046 0,02861023
0,6103516 0,07152557 0,03576279
0,6103516 0,05722046 0,02861023
0,6103516 0,07152557 0,03576279
0,6103516 0,1001358 0,0500679
0,6103516 0,07152557 0,03576279
0,3051758 0,06198883 0,03099442
0,6103516 0,07629395 0,03814697
0,3051758 0,06198883 0,03099442
0,3051758 0,05245209 0,02622604
0,6103516 0,0667572 0,0333786
0,6103516 0,04291534 0,02145767
0,6103516 0,08106232 0,04053116
0,3051758 0,06198883 0,03099442
0,3051758 0,03814697 0,01907349
0,3051758 0,0333786 0,0166893
0,6103516 0,08106232 0,04053116
0,6103516 0,09059906 0,04529953
0,3051758 0,01430511 0,007152557
0,3051758 0,07152557 0,03576279
0,3051758 0,05722046 0,02861023
0,6103516 0,0667572 0,0333786
0,3051758 0,06198883 0,03099442
0,6103516 0,03814697 0,01907349
0,3051758 0,0667572 0,0333786
0,3051758 0,04291534 0,02145767
0,3051758 0,04768372 0,02384186
0,3051758 0,07629395 0,03814697
0,3051758 0,05722046 0,02861023
0,3051758 0,07152557 0,03576279
0,3051758 0,07152557 0,03576279
0,6103516 0,07152557 0,03576279
0,3051758 0,0667572 0,0333786
0,3051758 0,0333786 0,0166893
0,3051758 0,0667572 0,0333786
0,3051758 0,08106232 0,04053116
0,6103516 0,05722046 0,02861023
0,6103516 0,09536743 0,04768372
0,6103516 0,05722046 0,02861023
0,3051758 0,05722046 0,02861023
0,3051758 0,0667572 0,0333786
0,3051758 0,04768372 0,02384186
0,6103516 0,08106232 0,04053116
0,3051758 0,07152557 0,03576279
0,3051758 0,0333786 0,0166893
0,3051758 0,05245209 0,02622604
0,3051758 0,03814697 0,01907349
0,6103516 0,06198883 0,03099442
0,3051758 0,03814697 0,01907349
0,6103516 0,05722046 0,02861023
0,3051758 0,05722046 0,02861023
0,3051758 0,04291534 0,02145767
0,3051758 0,05245209 0,02622604
0,3051758 0,04291534 0,02145767
0,3051758 0,04768372 0,02384186
0,6103516 0,0667572 0,0333786
0,6103516 0,08106232 0,04053116
0,3051758 0,0333786 0,0166893
0,3051758 0,04768372 0,02384186
0,6103516 0,05245209 0,02622604
0,6103516 0,05245209 0,02622604
0,6103516 0,05245209 0,02622604
0,6103516 0,07152557 0,03576279
0,6103516 0,08106232 0,04053116
0,6103516 0,04768372 0,02384186
0,3051758 0,05245209 0,02622604
0,6103516 0,06198883 0,03099442
0,6103516 0,05722046 0,02861023
0,3051758 0,03814697 0,01907349
0,6103516 0,1001358 0,0500679
0,6103516 0,1001358 0,0500679
0,6103516 0,1049042 0,05245209
0,6103516 0,07152557 0,03576279
0,6103516 0,0667572 0,0333786
0,3051758 0,07152557 0,03576279
0,6103516 0,05245209 0,02622604
0,6103516 0,07152557 0,03576279
0,6103516 0,04291534 0,02145767
0,3051758 0,07629395 0,03814697
0,3051758 0,06198883 0,03099442
0,3051758 0,0333786 0,0166893
0,6103516 0,05722046 0,02861023
0,6103516 0,0667572 0,0333786
0,3051758 0,04768372 0,02384186
0,3051758 0,06198883 0,03099442
0,6103516 0,05722046 0,02861023
0,6103516 0,09059906 0,04529953
0,3051758 0,03814697 0,01907349
0,6103516 0,0667572 0,0333786
0,3051758 0,07152557 0,03576279
0,6103516 0,05722046 0,02861023
0,3051758 0,03814697 0,01907349
0,6103516 0,0667572 0,0333786
0,3051758 0,0667572 0,0333786
0,3051758 0,05245209 0,02622604
0,3051758 0,03814697 0,01907349
0,3051758 0,04768372 0,02384186
0,3051758 0,05245209 0,02622604
0,3051758 0,04291534 0,02145767
0,3051758 0,05722046 0,02861023
0,3051758 0,07152557 0,03576279
0,3051758 0,04768372 0,02384186
0,6103516 0,1001358 0,0500679
0,6103516 0,05245209 0,02622604
0,3051758 0,05722046 0,02861023
0,6103516 0,08106232 0,04053116
0,6103516 0,05245209 0,02622604
0,3051758 0,05245209 0,02622604
0,3051758 0,07152557 0,03576279
0,6103516 0,05245209 0,02622604
0,3051758 0,06198883 0,03099442
0,6103516 0,05245209 0,02622604
0,3051758 0,07152557 0,03576279
0,6103516 0,05245209 0,02622604
0,3051758 0,04768372 0,02384186
0,3051758 0,01430511 0,007152557
0,3051758 0,04291534 0,02145767
0,3051758 0,05722046 0,02861023
0,3051758 0,07629395 0,03814697
0,3051758 0,06198883 0,03099442
0,3051758 0,05722046 0,02861023
0,3051758 0,03814697 0,01907349
0,3051758 0,02861023 0,01430511
0,3051758 0,05722046 0,02861023
0,6103516 0,05722046 0,02861023
0,3051758 0,03814697 0,01907349
0,3051758 0,02384186 0,01192093
0,3051758 0,04291534 0,02145767
0,6103516 0,03814697 0,01907349
0,3051758 0,04291534 0,02145767
0,3051758 0,05245209 0,02622604
0,6103516 0,0667572 0,0333786
0,3051758 0,04768372 0,02384186
0,6103516 0,07152557 0,03576279
0,3051758 0,05722046 0,02861023
0,3051758 0,04291534 0,02145767
0,6103516 0,04291534 0,02145767
0,3051758 0,04768372 0,02384186
0,3051758 0,0333786 0,0166893
0,3051758 0,05245209 0,02622604
0,6103516 0,03814697 0,01907349
0,6103516 0,07629395 0,03814697
0,6103516 0,0667572 0,0333786
0,3051758 0,03814697 0,01907349
0,3051758 0,07152557 0,03576279
0,3051758 0,0333786 0,0166893
0,6103516 0,06198883 0,03099442
0,3051758 0,08106232 0,04053116
0,3051758 0,02861023 0,01430511
0,3051758 0,04291534 0,02145767
0,3051758 0,05245209 0,02622604
0,6103516 0,05245209 0,02622604
0,6103516 0,0667572 0,0333786
0,3051758 0,02384186 0,01192093
0,3051758 0,05245209 0,02622604
0,3051758 0,05245209 0,02622604
0,3051758 0,02384186 0,01192093
0,6103516 0,0667572 0,0333786
0,6103516 0,0667572 0,0333786
0,3051758 0,05245209 0,02622604
0,3051758 0,0667572 0,0333786
0,3051758 0,07152557 0,03576279
0,6103516 0,0667572 0,0333786
0,6103516 0,07152557 0,03576279
0,6103516 0,06198883 0,03099442
0,3051758 0,03814697 0,01907349
0,3051758 0,04768372 0,02384186
0,6103516 0,04291534 0,02145767
0,3051758 0,07152557 0,03576279
0,3051758 0,07629395 0,03814697
0,3051758 0,07152557 0,03576279
0,6103516 0,0667572 0,0333786
0,3051758 0,04291534 0,02145767
0,3051758 0,04291534 0,02145767
0,3051758 0,04291534 0,02145767
0,3051758 0,03814697 0,01907349
0,3051758 0,04768372 0,02384186
0,6103516 0,08106232 0,04053116
0,3051758 0,07152557 0,03576279
0,3051758 0,06198883 0,03099442
0,6103516 0,04768372 0,02384186
0,3051758 0,04291534 0,02145767
0,6103516 0,07152557 0,03576279
0,6103516 0,05722046 0,02861023
0,3051758 0,04768372 0,02384186
0,3051758 0,04768372 0,02384186
0,3051758 0,0667572 0,0333786
0,3051758 0,04768372 0,02384186
0,3051758 0,03814697 0,01907349
0,3051758 0,05722046 0,02861023
0,3051758 0,05245209 0,02622604
0,3051758 0,03814697 0,01907349
0,6103516 0,0667572 0,0333786
0,3051758 0,05245209 0,02622604
0,3051758 0,05245209 0,02622604
0,6103516 0,04768372 0,02384186
0,6103516 0,0667572 0,0333786
0,6103516 0,07152557 0,03576279
0,6103516 0,08106232 0,04053116
0,6103516 0,05722046 0,02861023
0,3051758 0,0667572 0,0333786
0,3051758 0,05722046 0,02861023
0,3051758 0,06198883 0,03099442
0,3051758 0,01430511 0,007152557
0,3051758 0,07152557 0,03576279
0,3051758 0,05245209 0,02622604
0,6103516 0,06198883 0,03099442
0,3051758 0,0333786 0,0166893
0,6103516 0,04768372 0,02384186
0,3051758 0,04768372 0,02384186
0,3051758 0,04291534 0,02145767
0,3051758 0,0333786 0,0166893
0,3051758 0,02861023 0,01430511
0,3051758 0,04291534 0,02145767
0,6103516 0,05722046 0,02861023
0,6103516 0,04768372 0,02384186
0,3051758 0,05245209 0,02622604
0,3051758 0,0333786 0,0166893
0,3051758 0,07152557 0,03576279
0,3051758 0,0667572 0,0333786
0,3051758 0,05722046 0,02861023
0,6103516 0,05245209 0,02622604
0,3051758 0,05722046 0,02861023
0,3051758 0,04291534 0,02145767
0,6103516 0,05722046 0,02861023
0,6103516 0,04768372 0,02384186
0,3051758 0,04768372 0,02384186
0,6103516 0,05245209 0,02622604
0,6103516 0,07152557 0,03576279
0,3051758 0,04291534 0,02145767
0,6103516 0,06198883 0,03099442
0,6103516 0,07152557 0,03576279
0,3051758 0,06198883 0,03099442
0,6103516 0,05245209 0,02622604
0,6103516 0,08583069 0,04291534
0,3051758 0,0333786 0,0166893
0,3051758 0,03814697 0,01907349
0,3051758 0,04768372 0,02384186
0,3051758 0,05245209 0,02622604
0,3051758 0,04291534 0,02145767
0,6103516 0,07152557 0,03576279
0,6103516 0,04768372 0,02384186
0,3051758 0,04291534 0,02145767
0,3051758 0,02861023 0,01430511
0,3051758 0,06198883 0,03099442
0,3051758 0,04291534 0,02145767
0,3051758 0,04291534 0,02145767
0,6103516 0,09059906 0,04529953
0,3051758 0,06198883 0,03099442
0,6103516 0,07629395 0,03814697
0,6103516 0,05245209 0,02622604
0,6103516 0,05722046 0,02861023
0,3051758 0,0333786 0,0166893
0,3051758 0,0667572 0,0333786
0,3051758 0,05722046 0,02861023
0,3051758 0,04291534 0,02145767
0,3051758 0,04768372 0,02384186
0,3051758 0,05722046 0,02861023
0,6103516 0,05722046 0,02861023
0,6103516 0,04768372 0,02384186
0,3051758 0,02861023 0,01430511
0,6103516 0,04768372 0,02384186
0,3051758 0,05722046 0,02861023
0,6103516 0,04291534 0,02145767
0,3051758 0,01907349 0,009536743
0,3051758 0,02861023 0,01430511
0,6103516 0,07152557 0,03576279
0,3051758 0,0333786 0,0166893
0,3051758 0,03814697 0,01907349
0,3051758 0,05245209 0,02622604
0,3051758 0,04291534 0,02145767
0,3051758 0,04291534 0,02145767
0,3051758 0,0667572 0,0333786
0,6103516 0,04291534 0,02145767
0,6103516 0,08583069 0,04291534
0,3051758 0,06198883 0,03099442
0,3051758 0,04291534 0,02145767
0,6103516 0,07152557 0,03576279
0,3051758 0,05722046 0,02861023
0,3051758 0,0333786 0,0166893
0,3051758 0,05722046 0,02861023
0,3051758 0,05245209 0,02622604
0,3051758 0,04291534 0,02145767
0,3051758 0,06198883 0,03099442
0,3051758 0,04768372 0,02384186
0,3051758 0,05722046 0,02861023
0,3051758 0,07629395 0,03814697
0,6103516 0,05245209 0,02622604
0,3051758 0,04768372 0,02384186
0,3051758 0,06198883 0,03099442
0,3051758 0,05722046 0,02861023
0,3051758 0,05245209 0,02622604
0,3051758 0,04291534 0,02145767
0,3051758 0,06198883 0,03099442
0,6103516 0,05245209 0,02622604
0,6103516 0,04291534 0,02145767
0,6103516 0,0333786 0,0166893
0,3051758 0,0333786 0,0166893
0,3051758 0,03814697 0,01907349
0,3051758 0,05245209 0,02622604
0,6103516 0,04768372 0,02384186
0,3051758 0,03814697 0,01907349
0,3051758 0,0667572 0,0333786
0,3051758 0,03814697 0,01907349
0,6103516 0,05245209 0,02622604
0,6103516 0,0667572 0,0333786
0,6103516 0,02384186 0,01192093
0,6103516 0,0667572 0,0333786
0,3051758 0,04768372 0,02384186
0,6103516 0,05722046 0,02861023
0,6103516 0,04768372 0,02384186
0,6103516 0,05245209 0,02622604
0,6103516 0,05245209 0,02622604
0,3051758 0,07629395 0,03814697
0,6103516 0,0333786 0,0166893
0,3051758 0,03814697 0,01907349
0,6103516 0,0667572 0,0333786
0,3051758 0,02861023 0,01430511
0,6103516 0,05245209 0,02622604
0,3051758 0,0333786 0,0166893
0,3051758 0,05722046 0,02861023
0,3051758 0,05245209 0,02622604
0,3051758 0,06198883 0,03099442
0,6103516 0,0667572 0,0333786
0,3051758 0,06198883 0,03099442
0,3051758 0,05245209 0,02622604
0,3051758 0,0333786 0,0166893
0,3051758 0,02861023 0,01430511
0,6103516 0,04291534 0,02145767
0,3051758 0,03814697 0,01907349
0,3051758 0,0333786 0,0166893
0,3051758 0,04768372 0,02384186
0,3051758 0,06198883 0,03099442
0,3051758 0,05245209 0,02622604
0,3051758 0,07629395 0,03814697
0,6103516 0,05245209 0,02622604
0,3051758 0,0333786 0,0166893
0,3051758 0,04768372 0,02384186
0,6103516 0,08106232 0,04053116
0,6103516 0,04768372 0,02384186
0,3051758 0,05245209 0,02622604
0,3051758 0,07629395 0,03814697
0,6103516 0,08106232 0,04053116
0,3051758 0,04291534 0,02145767
0,3051758 0,0333786 0,0166893
0,3051758 0,02861023 0,01430511
0,3051758 0,03814697 0,01907349
0,3051758 0,0667572 0,0333786
0,3051758 0,05245209 0,02622604
0,3051758 0,07152557 0,03576279
0,6103516 0,06198883 0,03099442
0,6103516 0,0333786 0,0166893
0,3051758 0,08106232 0,04053116
0,6103516 0,06198883 0,03099442
0,3051758 0,05722046 0,02861023
0,3051758 0,04291534 0,02145767
0,3051758 0,05245209 0,02622604
0,3051758 0,05245209 0,02622604
0,3051758 0,04768372 0,02384186
0,3051758 0,04291534 0,02145767
0,6103516 0,05245209 0,02622604
0,3051758 0,04291534 0,02145767
0,3051758 0,04291534 0,02145767
0,3051758 0,03814697 0,01907349
0,6103516 0,04768372 0,02384186
0,3051758 0,04768372 0,02384186
0,3051758 0,06198883 0,03099442
0,3051758 0,04768372 0,02384186
0,6103516 0,0667572 0,0333786
0,6103516 0,04768372 0,02384186
0,6103516 0,0667572 0,0333786
0,3051758 0,07629395 0,03814697
0,3051758 0,04768372 0,02384186
0,3051758 0,04291534 0,02145767
0,3051758 0,03814697 0,01907349
0,3051758 0,04291534 0,02145767
0,3051758 0,05722046 0,02861023
0,3051758 0,05722046 0,02861023
0,3051758 0,0667572 0,0333786
0,6103516 0,0667572 0,0333786
0,6103516 0,05722046 0,02861023
0,6103516 0,05245209 0,02622604
0,3051758 0,04291534 0,02145767
0,3051758 0,06198883 0,03099442
0,3051758 0,07152557 0,03576279
0,3051758 0,06198883 0,03099442
0,3051758 0,02861023 0,01430511
0,6103516 0,02384186 0,01192093
0,3051758 0,0333786 0,0166893
0,3051758 0,04291534 0,02145767
0,3051758 0,05722046 0,02861023
0,6103516 0,0667572 0,0333786
0,6103516 0,04291534 0,02145767
0,3051758 0,03814697 0,01907349
0,3051758 0,0667572 0,0333786
0,3051758 0,04768372 0,02384186
0,3051758 0,01907349 0,009536743
0,6103516 0,0667572 0,0333786
0,3051758 0,08583069 0,04291534
0,6103516 0,02861023 0,01430511
0,3051758 0,04768372 0,02384186
0,6103516 0,07629395 0,03814697
0,3051758 0,03814697 0,01907349
0,6103516 0,06198883 0,03099442
0,3051758 0,04768372 0,02384186
0,3051758 0,04768372 0,02384186
0,3051758 0,04291534 0,02145767
0,3051758 0,04768372 0,02384186
0,6103516 0,06198883 0,03099442
0,6103516 0,07152557 0,03576279
0,6103516 0,05245209 0,02622604
0,6103516 0,05245209 0,02622604
0,3051758 0,04768372 0,02384186
0,3051758 0,07152557 0,03576279
0,3051758 0,06198883 0,03099442
0,6103516 0,06198883 0,03099442
0,6103516 0,05245209 0,02622604
0,3051758 0,02861023 0,01430511
0,6103516 0,06198883 0,03099442
0,3051758 0,07629395 0,03814697
0,3051758 0,04768372 0,02384186
0,3051758 0,07152557 0,03576279
0,3051758 0,04768372 0,02384186
0,3051758 0,04291534 0,02145767
0,6103516 0,07152557 0,03576279
0,6103516 0,1049042 0,05245209
0,3051758 0,06198883 0,03099442
0,3051758 0,05245209 0,02622604
0,3051758 0,05245209 0,02622604
0,6103516 0,07152557 0,03576279
0,6103516 0,0667572 0,0333786
0,3051758 0,09059906 0,04529953
0,3051758 0,07152557 0,03576279
0,6103516 0,04768372 0,02384186
0,3051758 0,0667572 0,0333786
0,3051758 0,08106232 0,04053116
0,3051758 0,04291534 0,02145767
0,3051758 0,03814697 0,01907349
0,6103516 0,05245209 0,02622604
0,3051758 0,04291534 0,02145767
0,3051758 0,05722046 0,02861023
0,6103516 0,04768372 0,02384186
0,3051758 0,09059906 0,04529953
0,6103516 0,03814697 0,01907349
0,3051758 0,06198883 0,03099442
0,3051758 0,01907349 0,009536743
0,3051758 0,04291534 0,02145767
0,3051758 0,03814697 0,01907349
0,3051758 0,03814697 0,01907349
0,3051758 0,04768372 0,02384186
