0,8138021 0,419617 0,3075606
0,8138021 0,4593536 0,331403
0,8138021 0,443459 0,3385556
0,8138021 0,464122 0,3584237
0,8138021 0,4879641 0,3782916
0,8138021 0,4688904 0,3679602
1,017253 0,4752483 0,3782915
1,017253 0,5054481 0,3933913
1,220703 0,5229319 0,4132591
1,017253 0,5277002 0,4243851
0,8138021 0,5690254 0,4522001
1,220703 0,5849199 0,4760415
1,424154 0,6484981 0,5030622
1,424154 0,6945928 0,5308776
2,848307 0,7390975 0,5555147
1,424154 0,7740653 0,6000206
2,034505 0,8630757 0,6635996
2,237956 0,8360546 0,6445261
1,831055 0,9202969 0,6977732
2,034505 0,979107 0,7462512
1,831055 1,042684 0,7987023
2,848307 1,133282 0,8535374
3,458659 1,204807 0,8988368
5,900065 1,268388 0,9433421
7,324217 1,325609 0,9886423
4,679363 1,386009 1,01328
5,289714 1,436871 1,020431
5,289714 1,562436 1,118183
9,15527 1,718201 1,234213
5,900065 1,924832 1,360574
5,900064 2,086958 1,482169
6,103515 2,185503 1,541775
6,917317 2,466836 1,760322
6,510417 2,613069 1,87556
6,917318 2,729099 1,966954
7,120767 3,029506 2,168816
6,713866 3,19322 2,346039
10,37598 3,474555 2,523263
8,748372 3,789265 2,753735
9,358721 4,199347 3,067653
7,93457 4,544258 3,337065
9,155275 4,784267 3,418923
9,765625 5,079905 3,639858
10,78288 5,297659 3,817874
12,61393 5,526544 3,936291
14,85189 5,957287 4,347167
15,6657 6,303787 4,527569
13,83464 6,682076 4,884403
14,44499 6,866453 5,039374
13,22429 7,125536 5,335808
11,59668 7,239977 5,172096
17,08985 7,659593 5,676746
15,6657 7,972717 5,911193
17,2933 8,670486 6,324449
18,10711 9,078978 6,716249
18,92091 10,15504 7,615091
19,73471 10,98633 7,957616
20,54851 12,48995 8,938315
24,00716 14,36234 10,85758
22,78646 16,40479 13,3268
31,33135 17,52855 14,89083
29,29685 18,31532 15,61483
32,14515 19,11164 16,29512
33,5693 20,12094 17,16455
44,55564 21,78033 18,32247
35,60379 23,50965 19,65203
40,28315 26,64087 21,53077
39,46935 29,64813 23,99763
45,36945 32,76346 28,08252
43,74183 31,91152 27,89257
49,23504 33,95078 29,40256
51,06611 34,63743 29,92549
49,23504 34,95373 30,42775
45,57291 35,20644 30,58193
47,60743 36,21892 31,40368
52,08337 36,8245 32,63234
52,28682 36,93734 32,07602
51,67647 37,98001 32,70701
52,28682 37,47617 32,72928
49,64195 38,29951 33,61143
53,50754 38,96391 34,22893
53,10063 38,87332 33,75608
54,32134 39,42326 35,31773
52,49028 39,12285 34,76301
56,35587 39,44711 34,90288
54,11789 40,5184 36,05285
50,2523 40,43416 35,87719
49,64195 40,22752 35,57362
54,72824 39,83971 35,72224
48,62469 39,59333 35,40195
51,47301 39,51545 35,88674
52,69373 40,67894 36,05364
54,11789 40,16872 36,17841
50,86266 40,74569 36,55113
52,89718 40,57087 35,58556
57,78003 41,41645 36,26426
58,18694 40,86649 36,21021
57,57658 40,88557 36,509
52,89718 40,24978 36,05603
55,54206 41,21141 36,45658
56,76277 41,56427 36,62902
59,6111 41,4387 36,47405
56,96622 41,73434 36,6473
54,72825 41,47208 36,53922
54,72825 40,79656 36,62664
51,87992 41,64534 36,80227
58,79729 42,44961 37,1305
56,96622 41,83926 37,49687
58,18694 41,63262 37,63674
53,71099 41,32108 36,91115
59,6111 41,42598 36,86506
52,28682 41,13828 36,84914
54,5248 40,96186 36,07428
51,26957 41,31155 37,09315
55,3386 41,34333 36,93577
62,05252 41,7105 37,08043
50,86266 41,03498 36,8293
52,08337 41,55632 37,00653
51,47301 41,4403 37,37367
52,69373 41,77407 36,90083
58,59384 42,00138 36,86664
53,30408 42,07607 37,31249
55,94896 42,11423 37,18932
53,30408 41,35447 36,76094
57,98348 42,31928 37,12017
51,26957 41,96005 37,27911
53,91444 42,46232 37,74083
57,98348 43,09176 37,60814
52,69373 41,65965 37,71701
58,18694 42,22073 37,47461
56,76277 42,92168 37,77106
53,71099 41,75659 37,13763
56,15241 42,71822 37,65582
57,16967 42,30338 37,27435
55,13515 42,37173 37,53582
57,16967 41,36241 37,37766
55,13515 42,87877 37,87834
57,78003 42,68327 38,01662
52,69373 42,18416 37,20282
55,13515 42,42259 37,17422
62,66288 43,40807 38,47361
54,5248 42,30656 37,73212
56,76277 42,84063 37,72496
59,81455 42,18258 37,45238
53,30408 42,94236 37,30534
52,69373 41,83129 36,87141
55,94896 41,85038 37,41185
63,06978 42,89783 37,32044
56,76277 43,30951 38,70089
52,69373 42,45915 37,76231
52,49028 42,37489 37,75516
51,67647 41,96481 37,37369
59,6111 43,49231 38,60633
62,66288 42,54655 37,07567
59,00074 42,83426 37,4492
53,71099 41,69619 37,29261
57,57658 42,24617 37,6439
63,06978 43,22527 38,43466
59,40765 43,42713 38,22166
55,3386 42,35106 37,6574
55,74551 42,63241 38,28047
56,35587 42,45756 38,01583
59,81455 43,11876 38,00232
51,67647 42,48775 37,59224
51,87992 42,47982 37,77423
56,15241 42,98844 38,25823
56,55932 42,93758 38,30908
52,69373 42,33678 37,33874
55,54206 42,99639 38,51094
56,35587 43,36992 39,32951
53,71098 42,39875 37,85768
55,13515 43,50343 38,40368
60,83181 42,92645 37,82828
54,5248 43,03931 37,58112
