0,8138021 0,3989538 0,2972288
0,8138021 0,4021327 0,3004078
1,017253 0,4323328 0,3170975
1,017253 0,4434589 0,3226607
0,6103516 0,4005432 0,3012025
0,8138021 0,3941852 0,2988182
0,8138021 0,4259749 0,3139185
0,8138021 0,4339221 0,3170975
1,017253 0,4418695 0,3298135
0,8138021 0,4227959 0,3115343
0,8138021 0,4307433 0,3266346
0,8138021 0,4371012 0,3266346
0,8138021 0,4466378 0,3234555
0,8138021 0,4482274 0,3306083
0,6103516 0,4323328 0,3194818
1,017253 0,4355117 0,3242503
0,8138021 0,4355116 0,3194817
1,017253 0,4561747 0,3496818
0,8138021 0,4561747 0,337761
1,017253 0,4418695 0,3226607
0,8138021 0,4498168 0,3496817
1,017253 0,4704799 0,3520661
1,017253 0,4466379 0,3321978
1,017253 0,4561747 0,3393505
0,8138021 0,4577642 0,3401453
1,017253 0,4498168 0,3449134
0,8138021 0,4545852 0,3465029
0,8138021 0,4450485 0,3353768
1,017253 0,4482274 0,3401452
1,017253 0,4593536 0,3631919
0,8138021 0,4593536 0,3520659
1,017253 0,4609431 0,3528607
0,8138021 0,4545852 0,3520659
0,8138021 0,4577642 0,3592183
0,8138021 0,4466379 0,3600129
0,8138021 0,4561747 0,3608077
0,8138021 0,4561747 0,3552448
0,8138021 0,4625326 0,3671655
1,017253 0,464122 0,365576
1,017253 0,4816062 0,3751128
0,8138021 0,4688904 0,3623973
0,8138021 0,4736589 0,3751127
0,8138021 0,4609431 0,3584237
0,8138021 0,491143 0,3830599
0,8138021 0,4784273 0,3727286
1,017253 0,4863746 0,3822652
0,8138021 0,4768378 0,3870333
0,8138021 0,4927325 0,3878282
0,8138021 0,4657115 0,3735232
1,017253 0,4863746 0,3838546
1,017253 0,4975009 0,4005436
0,8138021 0,4863746 0,3957753
1,017253 0,4895535 0,3790864
1,017253 0,5181636 0,4124644
0,8138021 0,5277002 0,4235904
1,017253 0,5118058 0,4172326
0,8138021 0,5054481 0,4069013
1,017253 0,5229319 0,4235903
1,017253 0,5229318 0,4196168
1,017253 0,545184 0,441074
1,220703 0,5626677 0,4466371
1,017253 0,567436 0,4625313
1,424154 0,5737938 0,4641207
1,424154 0,5801515 0,4609419
1,017253 0,5976354 0,4823992
1,220703 0,6453193 0,5133931
1,017253 0,6564457 0,514188
1,627604 0,6802877 0,5316724
1,627604 0,688235 0,5300827
1,424154 0,7168452 0,5578991
1,424154 0,7518131 0,6063787
1,220703 0,7581708 0,6230685
1,220703 0,8074442 0,6564469
1,424154 0,8153915 0,6564468
1,627604 0,8678442 0,691415
2,237956 0,9409602 0,7383045
1,831055 1,031558 0,8289018
2,441406 1,104671 0,882942
1,831055 1,20163 0,9489049
3,66211 1,347862 1,052221
3,66211 1,530647 1,190506
4,882813 1,746812 1,358984
4,272461 2,061527 1,603764
6,103516 2,439815 1,84218
9,35872 3,023147 2,255438
8,341469 3,66211 2,702872
12,20703 4,417103 3,313225
12,41048 5,172093 3,915627
13,63119 6,1512 4,638038
21,56576 7,131893 5,290507
22,37956 8,365312 6,333988
25,43131 9,026527 6,790159
26,24511 10,7797 7,967952
28,68651 11,32489 8,53777
36,62105 13,14481 9,992916
43,5384 14,10643 10,99586
37,02794 15,59099 12,01153
36,62105 17,63185 13,54536
44,96255 20,15273 15,347
42,11422 23,92768 18,57916
42,52113 27,68833 22,43994
49,43849 31,49984 26,11795
50,25229 32,49166 27,73999
49,84539 35,75801 30,50963
50,86266 37,27433 32,05696
53,91444 38,90351 33,69488
49,03159 40,38488 35,24219
52,49028 42,0284 37,08361
58,79727 43,70054 38,64051
55,54206 44,21393 39,44715
56,55931 45,17714 40,16717
58,18692 45,53637 40,92535
61,64562 46,98436 42,12142
61,84907 47,63445 43,03455
57,16968 47,63605 43,18396
61,03525 48,5182 44,37925
64,6974 48,46257 44,27435
60,22146 49,48776 45,21688
65,91811 50,13784 45,88762
63,88356 50,38422 45,712
65,91811 49,75799 45,42431
67,13881 50,6449 46,39308
69,58024 51,60016 47,16317
64,29048 51,60651 47,35707
62,05253 52,37422 47,78466
66,73191 51,98958 47,60744
65,71465 53,06726 48,56271
67,95264 53,57904 49,2859
74,05618 54,00504 49,85732
67,13882 53,8747 49,79057
65,71465 53,63786 49,36536
70,5975 53,85402 49,36457
69,98714 54,82996 50,29601
64,6974 54,68851 50,21892
71,41131 55,47845 50,90714
67,13881 54,89036 50,68703
67,74918 56,06496 51,3665
69,17334 56,6642 51,9292
74,05619 57,76729 53,05374
78,32867 57,28728 52,47358
70,1906 57,9278 53,48205
71,00442 58,50004 53,34221
71,61475 57,96438 53,74754
72,83547 59,28205 54,49218
73,44583 58,61129 54,05271
71,61477 59,94644 55,2909
73,03893 60,71734 55,93222
75,88726 61,01298 56,45597
74,66656 61,47235 56,47028
74,66654 61,09087 56,17863
76,90453 61,1608 56,24774
72,83546 60,9017 55,69065
75,2769 62,17173 57,14104
74,25964 62,48011 57,7077
76,9045 62,9315 57,61631
77,31142 63,00145 58,16863
82,39763 62,99189 57,93018
81,38039 63,32411 57,80943
75,88726 64,19833 59,12234
76,09071 62,95695 58,05657
83,82176 63,86453 58,56919
75,2769 63,69922 57,9787
76,70107 63,77077 58,63994
79,14247 64,43039 59,02615
79,54936 64,23647 58,84815
85,04246 65,72739 60,26911
77,51486 64,68471 59,24311
77,31142 65,14725 59,14379
77,92178 64,99625 59,95122
76,70108 64,68154 59,63095
76,29417 64,87862 59,21133
75,88727 64,79118 58,99594
77,71833 63,7024 58,75754
73,85275 64,99467 59,52687
78,12524 65,46832 59,5817
75,48036 65,06142 59,8972
79,95625 65,64474 60,07917
76,29417 66,3282 60,93191
82,80451 66,2392 60,07523
80,77005 65,9229 60,09347
79,7528 66,09932 60,36528
79,54935 67,15155 61,44453
83,00797 65,89746 59,79068
79,95627 65,54302 59,71996
76,0907 63,5848 58,3395
78,73557 65,8148 60,69427
80,36315 65,32845 60,07125
78,32868 65,83389 60,53218
80,15971 66,50781 61,00184
77,10798 67,00373 61,34438
85,44934 65,78302 60,40102
84,63555 65,80052 60,21984
79,95626 64,99464 60,10698
86,05967 66,3886 60,60765
79,34592 65,59071 60,29215
79,7528 65,83389 60,21983
81,99073 67,04665 61,39285
77,71832 66,13429 60,80318
80,77006 66,02145 60,78409
79,75282 67,15154 61,57803
76,09071 66,98784 61,48664
