0,6103516 0,2924601 0,2225243
0,8138021 0,3274285 0,2320611
0,6103516 0,3051759 0,2241137
0,6103516 0,2924601 0,2304716
0,6103516 0,301997 0,2257032
0,6103516 0,298818 0,2288821
0,8138021 0,3051759 0,2336505
0,6103516 0,3369653 0,2447768
0,8138021 0,298818 0,2336505
0,6103516 0,2797444 0,2161664
0,6103516 0,298818 0,2209348
0,8138021 0,2956391 0,2272926
0,6103516 0,3242495 0,2368295
0,6103516 0,3083549 0,2415978
0,6103516 0,2956391 0,2272927
1,017253 0,3337863 0,2431873
0,6103516 0,298818 0,2257032
0,6103516 0,3178916 0,2511346
0,6103516 0,3051759 0,2320611
0,8138021 0,3178917 0,2320611
0,6103516 0,2924601 0,2225243
0,6103516 0,2861023 0,2225243
0,6103516 0,3147127 0,2272927
0,6103516 0,3337863 0,2527241
0,6103516 0,298818 0,2288821
0,6103516 0,3369653 0,2511347
0,6103516 0,3242495 0,23524
0,8138021 0,3178916 0,2415978
0,6103516 0,2797444 0,2161664
0,6103516 0,2892812 0,23524
0,8138021 0,3178916 0,2431873
0,8138021 0,3115338 0,2447768
0,8138021 0,346502 0,2606713
0,6103516 0,3178917 0,2384189
0,6103516 0,3242495 0,2304716
0,8138021 0,3083548 0,23524
0,8138021 0,3401442 0,2527241
0,6103516 0,3274285 0,2447768
0,6103516 0,3083549 0,2415978
0,6103516 0,3369653 0,2606713
0,8138021 0,3814698 0,2765656
0,8138021 0,3401442 0,2590819
0,6103516 0,3210706 0,2400084
0,8138021 0,3274284 0,2511346
0,6103516 0,3210706 0,2400084
0,6103516 0,3306074 0,2527241
0,6103516 0,3115338 0,23524
0,6103516 0,3369653 0,2606713
0,6103516 0,3051759 0,2336505
0,8138021 0,346502 0,2638502
0,6103516 0,2956391 0,2384189
0,6103516 0,298818 0,2336505
0,8138021 0,3623965 0,2654396
0,6103516 0,3083549 0,23524
0,6103516 0,3115338 0,2257032
0,6103516 0,346502 0,2638502
0,6103516 0,2956391 0,2288821
0,6103516 0,3178916 0,2431873
0,8138021 0,3623965 0,2702079
0,6103516 0,3147127 0,2463662
0,6103516 0,3083548 0,2415978
0,6103516 0,3147127 0,2368295
0,6103516 0,3465019 0,270208
0,6103516 0,3528597 0,2622607
0,6103516 0,3655753 0,2717974
0,6103516 0,2956391 0,2415978
0,6103516 0,3306074 0,255903
0,8138021 0,3496809 0,270208
0,8138021 0,3560387 0,2638502
0,8138021 0,3433231 0,2654397
0,8138021 0,3814698 0,281334
0,6103516 0,3337863 0,2606713
0,6103516 0,3369653 0,255903
0,8138021 0,3592176 0,2638502
0,8138021 0,3528598 0,2717974
0,8138021 0,3433231 0,2543135
0,6103516 0,3719331 0,2765656
0,6103516 0,3782909 0,2876918
0,8138021 0,346502 0,2622608
0,6103516 0,3465019 0,2654396
0,6103516 0,3465019 0,270208
0,8138021 0,375112 0,281334
0,6103516 0,3147127 0,2431873
0,6103516 0,3242495 0,2495452
0,8138021 0,3592176 0,267029
0,8138021 0,3496809 0,2717974
0,8138021 0,3846487 0,2797445
0,6103516 0,41008 0,2940495
0,6103516 0,375112 0,2797445
0,6103516 0,3496808 0,2654396
0,8138021 0,4196166 0,3004072
0,8138021 0,3655753 0,2749763
0,6103516 0,3687542 0,2781551
0,6103516 0,3687542 0,2781551
0,8138021 0,3496809 0,2622607
0,6103516 0,4005432 0,2956389
0,8138021 0,3846488 0,2829234
0,8138021 0,3751121 0,281334
0,6103516 0,3973643 0,2892811
0,6103516 0,3496809 0,2638502
0,8138021 0,3846487 0,2845128
0,8138021 0,3592176 0,2717974
0,8138021 0,4196166 0,3051755
0,8138021 0,4037221 0,3019967
0,6103516 0,3941855 0,2956389
0,8138021 0,4005432 0,29246
0,8138021 0,3687543 0,2797446
0,8138021 0,3655753 0,2781551
0,6103516 0,3655753 0,2781551
0,6103516 0,3973643 0,2956389
0,6103516 0,3973643 0,2908706
0,8138021 0,3910065 0,2940495
0,8138021 0,3941854 0,2892811
0,8138021 0,3973643 0,2940495
0,6103516 0,4164377 0,306765
0,8138021 0,3941855 0,2876917
0,8138021 0,3496809 0,2670291
0,8138021 0,4514056 0,3258382
0,6103516 0,4005432 0,2940494
0,8138021 0,4164377 0,3083544
0,6103516 0,4227955 0,3035861
0,8138021 0,406901 0,3019967
0,8138021 0,4164378 0,3019967
0,8138021 0,4355111 0,3163016
0,8138021 0,4005432 0,3004073
0,8138021 0,4482267 0,3226593
1,017253 0,4259744 0,3115333
0,8138021 0,3973644 0,3004073
0,8138021 0,4736579 0,343322
0,6103516 0,4196166 0,306765
0,6103516 0,4227954 0,3083544
0,6103516 0,4164377 0,3051755
0,8138021 0,4164377 0,306765
0,8138021 0,4577634 0,3369642
0,8138021 0,4482267 0,3306065
0,6103516 0,4196166 0,3083544
0,8138021 0,4482267 0,3226593
0,8138021 0,4482267 0,3353748
0,8138021 0,43869 0,329017
0,8138021 0,43869 0,3258382
0,8138021 0,4450478 0,3258382
0,8138021 0,4291534 0,3163016
1,017253 0,4577635 0,3290171
0,8138021 0,4355111 0,3099438
0,8138021 0,4831946 0,3608062
1,017253 0,4673001 0,3496799
0,8138021 0,4450478 0,3321959
0,8138021 0,4418689 0,3258382
0,6103516 0,4482267 0,3369642
0,8138021 0,4609423 0,3385537
0,6103516 0,4418689 0,3258382
0,8138021 0,4482267 0,3274277
0,8138021 0,4641213 0,3592169
1,017253 0,4768369 0,3576273
0,8138021 0,470479 0,3544483
0,8138021 0,4609423 0,346501
0,8138021 0,4577634 0,3512695
0,8138021 0,4800158 0,3576272
0,6103516 0,4545845 0,3465011
1,017253 0,4641213 0,3465011
0,8138021 0,4609423 0,3337854
0,8138021 0,473658 0,3608063
0,8138021 0,4736579 0,3687536
0,8138021 0,4482267 0,3321959
0,8138021 0,470479 0,3623958
0,8138021 0,4768369 0,3576272
1,017253 0,4768369 0,373522
0,8138021 0,4418689 0,3337854
0,8138021 0,4768369 0,3608062
0,8138021 0,4736579 0,3782905
0,8138021 0,4736579 0,3512694
0,6103516 0,4673001 0,3894168
0,8138021 0,4673001 0,3655747
1,017253 0,4990892 0,3767009
0,8138021 0,4768369 0,3655747
1,220703 0,5245206 0,3957745
0,8138021 0,4800158 0,3623957
0,8138021 0,4863736 0,3830588
0,8138021 0,4895525 0,3830588
1,017253 0,4831947 0,3910062
1,017253 0,5435942 0,4164376
0,8138021 0,5022681 0,3878272
1,017253 0,4959103 0,3894167
1,017253 0,508626 0,3957746
1,017253 0,4959103 0,3862377
1,017253 0,505447 0,3925956
1,220703 0,505447 0,400543
0,8138021 0,4990892 0,4021325
0,8138021 0,4800158 0,376701
1,017253 0,4990892 0,3925956
1,017253 0,5149838 0,397364
1,017253 0,5213417 0,4100798
1,017253 0,5245206 0,4037219
1,017253 0,5340575 0,4212061
0,8138021 0,5181628 0,4069009
0,8138021 0,4831946 0,3878273
0,8138021 0,4927314 0,3925956
1,220703 0,5435942 0,4164376
0,8138021 0,505447 0,400543
0,8138021 0,5213417 0,4084903
1,017253 0,5181628 0,4148482
1,220703 0,5245206 0,4323325
1,017253 0,5181628 0,4100798
0,8138021 0,5340575 0,4116693
0,8138021 0,5531311 0,4291534
1,017253 0,5467732 0,4227955
1,017253 0,5531312 0,4307429
0,8138021 0,5245207 0,4259746
1,017253 0,5658469 0,4450482
0,8138021 0,5054471 0,4227957
0,8138021 0,4863735 0,4148484
1,220703 0,5499521 0,4514061
1,017253 0,5435943 0,4482272
1,017253 0,5245206 0,4291535
1,424154 0,5467732 0,4355114
0,8138021 0,5118049 0,4069009
1,017253 0,5944572 0,4577639
0,8138021 0,5372364 0,427564
0,8138021 0,5785626 0,4688903
0,8138021 0,5435943 0,4355114
1,017253 0,5531311 0,4418693
1,424154 0,5912783 0,4752482
1,017253 0,5944573 0,4657113
0,8138021 0,6008151 0,4688902
1,220703 0,6262465 0,4847848
1,017253 0,6039941 0,4768376
1,627604 0,5944572 0,4800166
1,220703 0,603994 0,4768376
1,220703 0,5849205 0,4704798
1,220703 0,6357831 0,502269
1,220703 0,6484987 0,5070374
1,220703 0,638962 0,49909
1,017253 0,6326042 0,5006796
1,017253 0,638962 0,5102165
1,017253 0,6675722 0,5118058
0,8138021 0,6643931 0,5181638
1,220703 0,6866455 0,537237
1,424154 0,6675721 0,5245215
1,220703 0,6612144 0,5213427
1,017253 0,6993612 0,5547208
1,424154 0,7375082 0,5515422
1,017253 0,6739298 0,5420052
1,424154 0,7247925 0,5706152
1,424154 0,7279714 0,5912778
1,424154 0,7343293 0,5849202
1,017253 0,705719 0,5626678
1,220703 0,7438661 0,6071721
1,220703 0,7375083 0,599225
1,220703 0,747045 0,599225
1,424154 0,7216136 0,5912778
1,220703 0,7311504 0,5912778
1,424154 0,7534028 0,6055828
1,220703 0,747045 0,6246561
1,220703 0,8074443 0,6357821
1,424154 0,8042654 0,6548558
1,424154 0,7947287 0,648498
1,627604 0,8424122 0,6771083
1,627604 0,8710222 0,7104868
1,424154 0,8678433 0,6914132
1,424154 0,8646644 0,7136658
1,424154 0,9218845 0,7438652
1,627604 0,9600314 0,7549914
1,627604 0,9568525 0,777244
1,627604 0,9949997 0,810623
1,627604 1,02361 0,8360547
1,831055 1,010894 0,8328757
1,627604 1,064937 0,8662547
1,627604 1,1158 0,9139388
1,627604 1,163483 0,950496
1,831055 1,157125 0,9346017
2,034505 1,227061 1,023611
2,237956 1,290639 1,05381
2,034505 1,319249 1,093546
2,848307 1,417795 1,13964
4,272461 1,529058 1,242955
2,441406 1,573563 1,303356
2,848307 1,710257 1,381239
3,458659 1,850128 1,495679
2,644857 1,846949 1,524289
3,458659 1,916884 1,540184
3,662109 2,1108 1,734098
4,069011 2,218883 1,789729
3,662109 2,279282 1,866024
4,882813 2,562204 2,032915
4,06901 2,663931 2,136231
3,86556 2,648037 2,134641
3,86556 2,806982 2,272924
4,06901 2,791088 2,319017
5,289713 2,978641 2,400079
5,086263 3,223419 2,614658
4,679362 3,166199 2,544722
4,679362 3,36647 2,730687
4,679362 3,271103 2,668698
5,289713 3,614425 2,908706
5,900065 3,592173 2,90394
6,306966 3,89417 3,04381
5,493164 4,027685 3,239313
8,341472 4,173913 3,461836
6,306966 4,323323 3,523826
7,527669 4,466374 3,566742
6,306966 4,523596 3,798803
6,713868 4,679364 3,827414
6,306966 4,558565 3,801982
6,713867 4,698437 3,811519
7,324218 4,990895 4,151662
7,324219 4,965463 3,967285
8,341472 5,353293 4,250208
8,748373 5,388261 4,456838
7,93457 5,334218 4,439353
8,138022 6,0304 4,876455
8,748373 5,890529 4,933676
8,951822 6,024042 4,949569
9,358724 6,26882 5,276998
9,562174 6,030399 5,059241
10,98633 6,434122 5,176861
10,37598 6,786983 5,567868
10,37598 6,930033 5,691846
10,17252 7,108051 6,019273
10,17253 7,114409 6,068546
11,18978 7,330575 6,140071
10,78288 7,632574 6,295841
9,969076 7,607142 6,50406
10,98633 7,743836 6,575584
9,765625 7,858275 6,678898
10,98633 7,937747 6,759961
11,18978 8,157093 6,899832
10,57943 7,870993 6,747247
10,17253 8,150737 6,891885
10,78288 8,271535 7,114408
11,39323 8,354187 7,084209
10,78288 8,497238 7,292428
10,37598 7,870991 6,888705
11,39323 8,522669 7,31786
10,78288 8,471807 7,239977
11,39323 8,417767 7,225671
11,18978 8,60214 7,398922
10,57943 8,541739 7,351238
10,98633 8,742016 7,546743
12,00358 8,484523 7,208188
12,81738 9,034474 7,556281
10,78288 8,742015 7,603963
12,20703 9,094872 7,890066
13,42773 8,913675 7,505417
12,61393 9,180705 7,743835
11,39323 9,002687 7,775626
11,80013 9,361902 8,091928
12,81738 9,81331 8,327168
13,63118 9,365081 7,898012
12,20703 9,333293 8,093516
12,00358 9,574893 8,317631
12,00358 9,759267 8,265178
13,02084 9,581247 8,220672
13,02084 9,918213 8,316041
12,41048 9,613033 8,381204
13,02083 9,915032 8,451144
12,41048 9,49542 8,281074
12,41048 10,01994 8,645058
14,03809 9,816485 8,567171
14,03808 10,15027 8,538566
13,42773 10,04855 8,675258
12,81738 10,14073 8,660951
13,63118 10,05809 8,522674
12,81738 10,2361 8,776983
12,81738 10,51585 9,024939
13,02083 10,10895 8,651421
14,03809 10,4777 9,142557
14,03809 10,34737 8,940698
15,46224 10,49995 9,034472
14,85189 10,68751 9,314219
14,03809 10,55082 9,045603
12,81738 10,61757 9,290377
14,03809 11,09123 9,528798
13,63118 10,76062 9,311041
14,85188 11,14845 9,374617
15,25879 11,45681 9,562172
14,64843 11,03402 9,586018
16,07259 11,85735 10,18683
16,88639 11,52992 9,953183
15,46224 11,7747 10,09464
16,07259 11,51085 9,873708
18,92089 12,07669 10,29809
18,10709 12,42638 10,66208
19,12434 12,20068 10,64142
18,1071 11,97179 10,1916
17,08984 12,68387 11,0515
18,31055 12,60758 10,66526
19,12435 12,49631 10,63824
17,49674 12,50585 10,79083
18,92089 13,07805 11,16276
16,47949 12,42955 10,73678
16,88639 12,9509 11,16594
18,10709 13,01447 11,23587
16,88639 13,03673 11,19137
17,90364 13,50721 11,52992
17,2933 13,51992 11,32806
18,1071 13,25607 11,36939
18,9209 13,24336 11,45998
19,53124 12,99858 11,01653
18,71745 13,98405 11,8351
18,10709 14,10802 12,0306
18,71744 13,7043 11,66979
22,9899 13,79648 11,789
21,15885 14,57532 12,18319
21,76921 14,41002 12,19114
17,70019 13,92047 11,96543
19,7347 13,68205 11,58714
19,32779 14,87414 12,60917
19,3278 14,03809 11,89391
18,71745 14,34008 12,47565
17,70019 13,628 11,91933
17,90364 14,37823 12,31671
24,21062 15,00765 12,75222
18,92089 14,89321 12,70771
17,70019 14,19703 12,02424
18,10709 14,29558 12,29604
18,31054 14,21611 11,81285
21,15885 14,41955 12,39617
19,3278 14,57532 12,28332
22,1761 14,62936 12,2722
22,1761 14,32101 12,12597
22,37956 15,05534 12,66002
22,78646 14,31465 12,2118
22,1761 15,02355 12,85394
22,58301 14,1557 12,09259
18,71744 14,07623 12,05285
19,12435 14,77559 12,75699
19,53125 15,14753 12,91275
18,71744 14,25107 12,01312
21,7692 15,28104 13,14639
24,41406 14,85824 12,65208
20,34505 14,92182 12,69499
21,97265 15,28104 12,82374
21,76921 14,78195 12,92864
23,39681 16,05987 13,41502
19,3278 14,9854 12,91593
20,1416 14,68341 12,53287
21,56575 15,18885 13,05739
23,19336 15,84689 13,33078
22,17611 16,50492 14,0063
21,56575 16,13299 13,68364
21,7692 15,55125 13,08441
21,97265 15,95497 13,51356
24,00716 16,4032 13,86166
22,17611 15,8151 13,39435
26,65202 16,96587 14,41638
20,34505 16,11392 13,77424
20,1416 15,7992 13,55171
29,50033 16,21882 13,54058
25,22786 16,2665 13,85053
28,27963 16,24425 13,77901
21,76921 16,27287 13,94749
25,22787 16,74335 14,00948
21,56575 16,53989 14,31624
25,22786 17,29965 14,50538
24,41406 16,61936 14,32418
23,60026 16,64479 13,99676
32,34864 17,60165 14,78831
26,24513 17,42999 14,68976
25,63477 17,78284 15,05534
23,60026 18,01808 15,15388
25,83822 18,15478 15,09666
24,41406 17,84642 15,3621
27,05892 18,09438 15,36846
26,24512 17,83053 15,16183
26,85547 17,79874 15,16342
26,04167 17,54443 14,88526
26,04167 17,72881 14,96156
24,61751 18,26286 15,44475
24,21061 18,32962 15,60529
25,22787 18,14842 15,54966
24,61751 18,75877 16,03444
25,02442 18,13253 15,38118
24,21061 18,84143 16,02173
24,21061 18,43452 15,73245
27,46582 18,97811 16,05033
26,24512 19,25468 16,84825
24,21061 18,92725 16,27127
26,85548 19,40092 16,2522
25,43132 19,24833 16,43181
28,07618 19,72834 16,75606
30,11069 19,74424 16,63049
26,24512 19,46449 16,72109
25,43132 18,72063 16,12027
31,94175 20,38955 17,51582
26,85548 19,92225 16,84824
28,48308 19,94769 16,95474
27,26238 20,12252 16,91341
25,63477 19,57257 16,7497
28,27963 20,23697 17,58893
26,65202 19,98583 17,11368
31,33139 19,83007 17,22017
30,72104 20,51989 17,76219
29,09343 20,43088 17,49515
31,53484 20,30055 17,57145
30,51759 21,34323 17,75583
26,85547 20,86957 17,73993
26,24512 21,51807 18,4377
26,65202 20,9109 18,34234
29,70379 21,86776 18,9368
33,3659 22,20154 19,07825
31,53484 22,71652 19,26581
