0,6103516 0,3083549 0,2304716
0,8138021 0,3019969 0,2272927
0,8138021 0,3147127 0,2241138
0,6103516 0,2956391 0,2193453
0,8138021 0,2765655 0,2129875
0,6103516 0,2797444 0,2145769
0,8138021 0,3147127 0,23524
0,6103516 0,2956391 0,2241137
1,017253 0,2924601 0,2193453
0,8138021 0,3051759 0,2241137
1,017253 0,3115337 0,2415978
0,6103516 0,301997 0,2241137
0,6103516 0,3083548 0,2368294
0,6103516 0,2797444 0,2098085
0,6103516 0,3051759 0,2257032
0,8138021 0,2733865 0,2098085
0,6103516 0,2861023 0,2145769
0,6103516 0,3210706 0,2368295
0,6103516 0,3083548 0,2272927
0,6103516 0,2702076 0,2050401
0,6103516 0,3019969 0,2336505
0,4069011 0,2892812 0,2225243
0,6103516 0,298818 0,2257032
0,8138021 0,2956391 0,2177559
0,6103516 0,2670287 0,211398
0,6103516 0,3115338 0,23524
0,6103516 0,301997 0,2272927
0,6103516 0,301997 0,2288821
0,6103516 0,2797444 0,2066296
0,6103516 0,3178917 0,2400084
0,6103516 0,3147127 0,2209348
0,8138021 0,3306074 0,2447768
0,6103516 0,298818 0,2241137
0,6103516 0,3115338 0,2304716
0,8138021 0,3115338 0,2336505
0,6103516 0,3051759 0,2272927
1,017253 0,3528598 0,2622608
0,6103516 0,3083549 0,2209348
0,6103516 0,3210706 0,2400084
0,4069011 0,2861023 0,2241137
0,6103516 0,2956391 0,2272927
0,6103516 0,3210706 0,23524
0,6103516 0,2924601 0,2272926
0,6103516 0,298818 0,2193453
0,6103516 0,3147127 0,2368295
0,6103516 0,3465019 0,2574924
0,6103516 0,3147127 0,2368295
0,6103516 0,2861023 0,2304716
0,6103516 0,3115338 0,2415978
0,8138021 0,3306074 0,2495452
0,6103516 0,3051759 0,23524
0,8138021 0,3306074 0,2543136
0,6103516 0,3178917 0,2304716
0,6103516 0,3115338 0,2320611
0,6103516 0,3178916 0,2495452
0,6103516 0,3369652 0,2590819
0,6103516 0,3401442 0,2447768
0,6103516 0,3560386 0,2622607
0,8138021 0,3147127 0,2288821
0,6103516 0,3178917 0,2400084
0,8138021 0,3337863 0,2527241
0,6103516 0,3242495 0,2447768
0,4069011 0,2861023 0,2193453
0,6103516 0,3528597 0,267029
0,8138021 0,3687543 0,2717974
0,6103516 0,3528598 0,2606713
0,8138021 0,3719332 0,2686184
0,6103516 0,3496808 0,2638502
0,6103516 0,3560387 0,2670291
0,6103516 0,3147127 0,2320611
0,6103516 0,3401442 0,2622608
0,8138021 0,3051759 0,2384189
0,8138021 0,3210706 0,2431873
0,6103516 0,3623964 0,2749763
1,017253 0,3496809 0,2590819
0,8138021 0,378291 0,281334
0,6103516 0,3719331 0,2861024
0,6103516 0,3210706 0,238419
0,6103516 0,3496809 0,2654396
0,6103516 0,3083548 0,2463662
0,6103516 0,3210706 0,2415979
0,6103516 0,3401441 0,2622608
0,6103516 0,3623964 0,2765657
0,6103516 0,3401441 0,2638502
1,017253 0,3337863 0,2606713
0,6103516 0,3814698 0,2797445
0,8138021 0,3814698 0,2876918
0,6103516 0,3655754 0,2749763
0,8138021 0,346502 0,270208
0,8138021 0,4037222 0,2956389
0,6103516 0,4005432 0,2956389
0,8138021 0,4259745 0,306765
0,6103516 0,4037221 0,2908705
1,424154 0,3941855 0,2924601
1,017253 0,4164378 0,3035861
0,6103516 0,4323322 0,3163016
0,8138021 0,4577635 0,3401431
0,8138021 0,4609423 0,3401431
0,8138021 0,470479 0,3417326
0,8138021 0,4450478 0,3242488
0,8138021 0,4641213 0,3576273
0,8138021 0,4800158 0,373522
1,017253 0,4990892 0,3910061
1,017253 0,5404153 0,4180272
1,017253 0,5245206 0,4164377
1,017253 0,5722048 0,4450482
1,220703 0,6103519 0,4641217
1,220703 0,6643933 0,5006793
1,424154 0,7915498 0,5944571
2,034505 0,9187059 0,6675711
1,831055 1,045863 0,7820124
2,237956 1,236598 0,9234751
2,644857 1,430511 1,099904
2,237956 1,548132 1,241366
3,458659 1,662573 1,308124
2,644857 1,764297 1,43687
3,66211 1,904169 1,500448
4,679363 1,993179 1,594225
4,069011 2,037684 1,578331
4,069011 2,101263 1,676877
5,086263 2,336502 1,821519
6,103515 2,784729 2,083778
6,103515 2,946854 2,185504
6,103515 3,468195 2,582868
6,103515 3,805161 2,908707
8,341471 4,170735 3,166198
9,358723 4,669824 3,636678
11,39323 4,892349 3,679593
9,562174 5,289713 4,076959
14,03809 5,289713 3,98318
9,969072 5,455017 4,200936
10,57942 6,167094 4,668235
12,20703 6,793336 5,0656
11,80013 7,524489 5,695024
15,25879 8,182525 6,349881
12,81738 9,047189 7,170042
14,03809 9,498594 7,58171
15,25879 10,0263 8,23657
14,03809 10,44273 8,711816
16,27605 10,75745 8,745193
15,86914 11,89868 9,619398
18,514 12,43909 10,32193
20,34506 13,0717 11,01494
24,21061 13,37687 11,09282
20,75196 14,06988 11,67615
25,02442 14,74063 12,52333
25,83821 16,51446 13,51357
26,44856 17,64615 14,19862
31,33136 20,96812 16,70838
33,16243 22,83732 18,98924
31,94171 25,02759 21,259
31,73827 25,15475 21,34164
30,92447 25,24058 21,58483
35,80728 26,12432 22,58142
46,38671 26,74103 22,78805
61,03518 27,44357 23,42383
44,3522 27,60251 24,09617
36,82453 28,84546 24,6334
53,71095 29,35727 25,06256
46,18328 29,94219 25,47741
42,3177 30,15835 25,88113
52,49025 31,72238 27,32117
49,64194 33,90947 28,30505
65,10421 35,39402 29,44309
50,86264 37,20919 30,38565
53,5075 38,48393 30,7846
71,81808 45,28682 36,23008
69,37666 46,63467 39,20872
67,13873 48,09699 40,57249
70,80083 50,57018 42,8025
68,35941 51,32358 43,01071
68,15601 51,51432 44,1138
73,03879 53,08471 46,28659
72,63193 52,93848 45,26935
69,58012 54,11152 46,6347
66,93528 54,71867 47,57882
76,49745 54,00977 48,20029
72,8354 55,56425 46,44394
72,83535 55,84401 49,85493
71,20775 55,49432 48,89966
80,15957 57,94527 51,45393
69,98703 56,32403 50,91829
82,80439 57,48752 50,12991
74,86988 58,07243 51,40624
69,17323 57,50658 51,40305
80,76992 58,80994 51,43484
72,63189 59,40121 52,69687
80,15957 59,99886 52,15648
68,56289 59,48385 53,32152
71,20773 59,23273 53,99545
71,4112 58,80994 53,91758
77,71817 59,77316 52,80338
76,29396 62,07151 55,31312
83,6182 62,79313 55,97275
84,83892 62,10331 55,0159
79,34572 62,58015 55,92983
91,14587 63,75953 56,41463
84,83891 63,66414 56,74841
77,10781 63,92165 57,06472
77,10779 63,67369 57,71479
80,56645 63,98203 57,62897
82,39751 63,68006 56,85332
81,99065 64,80856 57,95162
81,17679 64,83716 58,40461
94,40106 65,07558 58,43165
85,65273 64,04563 57,23318
90,33208 66,91618 59,57763
83,41477 66,61738 58,95617
86,26304 68,95069 61,48022
83,61821 67,22773 60,05924
83,41473 67,66005 60,34058
87,89064 69,36078 62,38462
86,87334 70,0061 60,5663
93,99417 68,16869 61,49135
85,85612 67,41528 60,54562
90,94243 71,86893 63,90574
86,05962 68,69955 61,71068
86,26306 69,90437 63,09511
100,301 70,70546 63,72931
90,33206 70,03471 62,91072
88,50101 69,84715 62,36397
87,28027 71,76086 63,74044
89,1113 69,18594 61,46909
118,4079 73,96065 66,80966
99,08034 74,11326 65,28222
107,4218 73,89389 66,56329
103,1492 71,07739 63,98203
115,9665 75,24176 66,44729
136,9215 76,1541 67,60123
155,4353 80,2644 70,2429
156,0456 81,84431 69,38776
146,687 78,75441 68,56918
185,3434 85,45232 70,2174
165,608 91,56215 74,04797
192,0574 101,6424 79,70165
192,0574 115,5596 87,14979
191,6505 137,2204 109,6627
192,2609 148,9632 127,3707
192,0574 153,49 131,2823
191,4471 155,8997 136,6785
192,2609 158,0899 141,4165
192,0574 161,0018 141,0145
192,2609 164,4574 144,4621
192,0574 162,1875 140,3819
192,0574 165,8751 143,9152
192,2609 163,6435 143,0888
192,4643 162,4515 142,6579
192,4643 164,0408 144,1552
192,4643 160,3215 140,8348
192,0574 165,3474 146,4599
192,4643 163,7516 143,556
