0,6103516 0,1192093 0,05960464
0,3051758 0,140667 0,07033348
0,3051758 0,1215935 0,06079674
0,3051758 0,10252 0,05125999
0,6103516 0,128746 0,06437302
0,3051758 0,140667 0,07033348
0,3051758 0,1096725 0,05483627
0,6103516 0,1430511 0,07152557
0,3051758 0,1478195 0,07390976
0,3051758 0,1358986 0,0679493
0,6103516 0,1740456 0,08702278
0,6103516 0,1502037 0,07510185
0,6103516 0,1716614 0,08583069
0,3051758 0,1621246 0,08106232
0,3051758 0,140667 0,07033348
0,3051758 0,140667 0,07033348
0,6103516 0,1358986 0,0679493
0,6103516 0,1645088 0,08225441
0,6103516 0,1692772 0,0846386
0,6103516 0,1811981 0,09059906
0,6103516 0,1311302 0,06556511
0,6103516 0,1716614 0,08583069
0,3051758 0,1454353 0,07271767
0,6103516 0,1525879 0,07629395
0,6103516 0,1645088 0,08225441
0,6103516 0,1311302 0,06556511
0,6103516 0,1835823 0,09179115
0,3051758 0,1478195 0,07390976
0,6103516 0,1740456 0,08702278
0,6103516 0,1621246 0,08106232
0,6103516 0,1716614 0,08583069
0,3051758 0,1335144 0,0667572
0,3051758 0,1597404 0,07987022
0,6103516 0,1549721 0,07748604
0,6103516 0,1454353 0,07271767
0,3051758 0,1621246 0,08106232
0,6103516 0,1740456 0,08702278
0,3051758 0,1478195 0,07390976
0,6103516 0,1907349 0,09536743
0,6103516 0,193119 0,09655952
0,6103516 0,1597404 0,07987022
0,3051758 0,140667 0,07033348
0,6103516 0,140667 0,07033348
0,6103516 0,1454353 0,07271767
0,6103516 0,1525879 0,07629395
0,3051758 0,1692772 0,0846386
0,6103516 0,1907349 0,09536743
0,6103516 0,1716614 0,08583069
0,6103516 0,1764297 0,08821487
0,6103516 0,1645088 0,08225441
0,6103516 0,1525879 0,07629395
0,3051758 0,1740456 0,08702278
0,3051758 0,1382828 0,06914139
0,6103516 0,1835823 0,09179115
0,6103516 0,1716614 0,08583069
0,6103516 0,1740456 0,08702278
0,6103516 0,1788139 0,08940697
0,6103516 0,1811981 0,09059906
0,6103516 0,1525879 0,07629395
0,3051758 0,1597404 0,07987022
0,3051758 0,1502037 0,07510185
0,6103516 0,1645088 0,08225441
0,6103516 0,1883507 0,09417534
0,6103516 0,1859665 0,09298325
0,6103516 0,1525879 0,07629395
0,6103516 0,1907349 0,09536743
0,6103516 0,1502037 0,07510185
0,6103516 0,1692772 0,0846386
0,6103516 0,1692772 0,0846386
0,6103516 0,1525879 0,07629395
0,6103516 0,1549721 0,07748604
0,6103516 0,1502037 0,07510185
0,6103516 0,1549721 0,07748604
0,6103516 0,1621246 0,08106232
0,6103516 0,1239777 0,06198883
0,6103516 0,1573563 0,07867813
0,6103516 0,1883507 0,09417534
0,6103516 0,1883507 0,09417534
0,6103516 0,1573563 0,07867813
0,6103516 0,1382828 0,06914139
0,6103516 0,1382828 0,06914139
0,6103516 0,166893 0,0834465
0,6103516 0,1907349 0,09536743
0,6103516 0,166893 0,0834465
0,6103516 0,1859665 0,09298325
0,6103516 0,1883507 0,09417534
0,6103516 0,1573563 0,07867813
0,6103516 0,1883507 0,09417534
0,6103516 0,1788139 0,08940697
0,3051758 0,1597404 0,07987022
0,9155273 0,1859665 0,09298325
0,6103516 0,1740456 0,08702278
0,3051758 0,1835823 0,09179115
0,6103516 0,1835823 0,09179115
0,6103516 0,1692772 0,0846386
0,6103516 0,1382828 0,06914139
0,6103516 0,1716614 0,08583069
0,6103516 0,1621246 0,08106232
0,3051758 0,1955032 0,09775162
0,6103516 0,1883507 0,09417534
0,6103516 0,1764297 0,08821487
0,6103516 0,1835823 0,09179115
0,6103516 0,1692772 0,0846386
0,6103516 0,1764297 0,08821487
0,6103516 0,193119 0,09655952
0,3051758 0,1645088 0,08225441
0,3051758 0,166893 0,0834465
0,6103516 0,2336502 0,1168251
0,3051758 0,166893 0,0834465
0,6103516 0,1692772 0,0846386
0,6103516 0,166893 0,0834465
0,6103516 0,2026558 0,1013279
0,3051758 0,1764297 0,08821487
0,6103516 0,1907349 0,09536743
0,6103516 0,1573563 0,07867813
0,6103516 0,1811981 0,09059906
0,6103516 0,1859665 0,09298325
0,6103516 0,193119 0,09655952
0,6103516 0,1955032 0,09775162
0,6103516 0,1883507 0,09417534
0,9155273 0,1788139 0,08940697
0,6103516 0,1835823 0,09179115
0,6103516 0,1454353 0,07271767
0,6103516 0,1811981 0,09059906
0,6103516 0,1764297 0,08821487
0,6103516 0,1907349 0,09536743
0,6103516 0,2098083 0,1049042
0,6103516 0,1835823 0,09179115
0,6103516 0,1859665 0,09298325
0,6103516 0,2384186 0,1192093
0,6103516 0,2026558 0,1013279
0,6103516 0,20504 0,10252
0,6103516 0,1764297 0,08821487
0,6103516 0,1573563 0,07867813
0,6103516 0,1716614 0,08583069
0,6103516 0,2121925 0,1060963
0,6103516 0,1597404 0,07987022
0,6103516 0,20504 0,10252
0,6103516 0,1692772 0,0846386
0,6103516 0,193119 0,09655952
0,3051758 0,2002716 0,1001358
0,6103516 0,1883507 0,09417534
0,6103516 0,1692772 0,0846386
0,3051758 0,1859665 0,09298325
0,6103516 0,193119 0,09655952
0,6103516 0,1645088 0,08225441
0,6103516 0,1788139 0,08940697
0,6103516 0,2145767 0,1072884
0,6103516 0,2169609 0,1084805
0,3051758 0,1549721 0,07748604
0,6103516 0,1811981 0,09059906
0,6103516 0,2002716 0,1001358
0,9155273 0,2026558 0,1013279
0,6103516 0,1859665 0,09298325
0,6103516 0,1859665 0,09298325
0,6103516 0,2169609 0,1084805
0,6103516 0,1955032 0,09775162
0,6103516 0,1716614 0,08583069
0,6103516 0,1883507 0,09417534
0,6103516 0,1978874 0,09894371
0,6103516 0,2002716 0,1001358
0,6103516 0,2336502 0,1168251
0,6103516 0,1955032 0,09775162
0,6103516 0,243187 0,1215935
0,6103516 0,2002716 0,1001358
0,6103516 0,1835823 0,09179115
0,6103516 0,166893 0,0834465
0,6103516 0,1692772 0,0846386
0,6103516 0,1764297 0,08821487
0,6103516 0,1883507 0,09417534
0,6103516 0,2121925 0,1060963
0,6103516 0,2408028 0,1204014
0,6103516 0,2217293 0,1108646
0,6103516 0,2264977 0,1132488
0,6103516 0,2288818 0,1144409
0,6103516 0,193119 0,09655952
0,6103516 0,2145767 0,1072884
0,6103516 0,231266 0,115633
0,6103516 0,2264977 0,1132488
0,6103516 0,2574921 0,128746
0,6103516 0,2169609 0,1084805
0,6103516 0,2145767 0,1072884
0,3051758 0,1859665 0,09298325
0,6103516 0,231266 0,115633
0,6103516 0,2241135 0,1120567
0,6103516 0,2527237 0,1263618
0,6103516 0,2455711 0,1227856
0,6103516 0,243187 0,1215935
0,6103516 0,2408028 0,1204014
0,6103516 0,2384186 0,1192093
0,6103516 0,20504 0,10252
0,6103516 0,2241135 0,1120567
0,6103516 0,2408028 0,1204014
0,6103516 0,2455711 0,1227856
0,6103516 0,2169609 0,1084805
0,6103516 0,2384186 0,1192093
0,6103516 0,2121925 0,1060963
0,6103516 0,2288818 0,1144409
0,3051758 0,2360344 0,1180172
0,6103516 0,2264977 0,1132488
0,6103516 0,2264977 0,1132488
0,6103516 0,2765656 0,1382828
0,3051758 0,2479553 0,1239777
0,6103516 0,243187 0,1215935
0,6103516 0,2527237 0,1263618
0,9155273 0,2384186 0,1192093
0,6103516 0,2479553 0,1239777
0,6103516 0,2384186 0,1192093
0,6103516 0,2241135 0,1120567
0,6103516 0,2527237 0,1263618
0,6103516 0,2527237 0,1263618
0,6103516 0,231266 0,115633
0,6103516 0,2360344 0,1180172
0,6103516 0,2574921 0,128746
0,6103516 0,2527237 0,1263618
0,6103516 0,2360344 0,1180172
0,6103516 0,269413 0,1347065
0,6103516 0,2479553 0,1239777
0,6103516 0,2551079 0,1275539
0,6103516 0,269413 0,1347065
0,6103516 0,2765656 0,1382828
0,6103516 0,2479553 0,1239777
0,6103516 0,243187 0,1215935
0,6103516 0,2837181 0,1418591
0,6103516 0,2527237 0,1263618
0,6103516 0,2646446 0,1323223
0,6103516 0,3027916 0,1513958
0,6103516 0,2551079 0,1275539
0,6103516 0,2884865 0,1442432
0,6103516 0,2622604 0,1311302
0,6103516 0,2551079 0,1275539
0,6103516 0,2765656 0,1382828
0,6103516 0,2717972 0,1358986
0,6103516 0,2527237 0,1263618
0,6103516 0,2884865 0,1442432
0,6103516 0,2551079 0,1275539
0,6103516 0,2551079 0,1275539
0,6103516 0,2384186 0,1192093
0,6103516 0,3099442 0,1633167
0,6103516 0,269413 0,1347065
0,6103516 0,295639 0,1478195
0,6103516 0,2622604 0,1311302
0,6103516 0,2789497 0,1394749
0,6103516 0,2813339 0,140667
0,6103516 0,3170967 0,1704693
0,6103516 0,2765656 0,1382828
0,6103516 0,2861023 0,1430511
0,6103516 0,2789497 0,1394749
0,6103516 0,2884865 0,1442432
0,6103516 0,3147125 0,1573563
0,6103516 0,3004074 0,1502037
0,6103516 0,2980232 0,1490116
0,6103516 0,3051758 0,1525879
0,6103516 0,3242493 0,1704693
0,6103516 0,30756 0,15378
0,6103516 0,2932549 0,1466274
0,6103516 0,3290176 0,1680851
0,6103516 0,2908707 0,1454353
0,6103516 0,3242493 0,1728535
0,6103516 0,3170967 0,1835823
0,6103516 0,3194809 0,1704693
0,6103516 0,3218651 0,1740456
0,6103516 0,3051758 0,1525879
0,9155273 0,333786 0,1895428
0,6103516 0,3194809 0,1728535
0,6103516 0,3194809 0,1680851
0,6103516 0,3123283 0,1621246
0,6103516 0,3266335 0,1895428
0,6103516 0,3123283 0,1728535
0,6103516 0,3242493 0,166893
0,6103516 0,3194809 0,1859665
0,6103516 0,3123283 0,1907349
0,6103516 0,3266335 0,1966953
0,6103516 0,3218651 0,1657009
0,6103516 0,3147125 0,1704693
0,6103516 0,3194809 0,1752377
0,6103516 0,3147125 0,1883507
0,6103516 0,3194809 0,1955032
0,6103516 0,3170967 0,1871586
0,6103516 0,3290176 0,180006
0,6103516 0,3314018 0,1728535
0,6103516 0,3290176 0,1883507
0,6103516 0,3170967 0,1835823
0,6103516 0,3218651 0,191927
0,6103516 0,3170967 0,180006
0,6103516 0,3147125 0,180006
0,6103516 0,3290176 0,20504
0,6103516 0,3170967 0,1907349
0,6103516 0,3194809 0,2062321
0,6103516 0,3290176 0,2026558
0,6103516 0,3314018 0,2145767
0,6103516 0,3266335 0,2157688
0,9155273 0,3361702 0,2264977
0,6103516 0,3194809 0,2002716
0,6103516 0,3361702 0,2133846
0,6103516 0,3314018 0,2229214
0,9155273 0,3433228 0,2169609
0,6103516 0,3242493 0,2121925
0,6103516 0,3361702 0,20504
0,9155273 0,3266335 0,2276897
0,6103516 0,3266335 0,1966953
0,6103516 0,3170967 0,231266
0,6103516 0,3242493 0,2205372
0,6103516 0,3314018 0,2253056
0,6103516 0,3480911 0,2217293
0,9155273 0,3457069 0,2360344
0,9155273 0,3361702 0,2229214
0,6103516 0,3218651 0,2217293
0,6103516 0,3266335 0,2098083
0,6103516 0,3314018 0,2217293
0,9155273 0,3385544 0,2419949
0,9155273 0,3361702 0,244379
0,6103516 0,3290176 0,2336502
0,6103516 0,3409386 0,2396107
0,6103516 0,3290176 0,2348423
0,9155273 0,3433228 0,2455711
0,6103516 0,3218651 0,2384186
0,9155273 0,3314018 0,2348423
0,9155273 0,3314018 0,2408028
0,9155273 0,3600121 0,2658367
0,9155273 0,3409386 0,2598763
0,6103516 0,3385544 0,2467632
0,6103516 0,3314018 0,2515316
0,6103516 0,3433228 0,2634525
0,9155273 0,3314018 0,2467632
0,9155273 0,3480911 0,2539158
0,9155273 0,3504753 0,2539158
0,6103516 0,3242493 0,2515316
0,6103516 0,3409386 0,2670288
0,9155273 0,3647804 0,2813339
0,9155273 0,3385544 0,2503395
0,9155273 0,3695488 0,2753735
0,9155273 0,3480911 0,2574921
0,6103516 0,3576279 0,2741814
0,9155273 0,3790855 0,2944469
0,6103516 0,3647804 0,2706051
0,9155273 0,3600121 0,2813339
0,9155273 0,3576279 0,2777576
0,9155273 0,3480911 0,2801418
0,9155273 0,3767014 0,2872944
0,6103516 0,3862381 0,3015995
0,9155273 0,3814697 0,3027916
1,220703 0,3814697 0,3099442
0,9155273 0,4053116 0,320673
1,220703 0,41008 0,3349781
0,9155273 0,3933907 0,3182888
0,9155273 0,4291534 0,3349781
0,9155273 0,3862381 0,3015995
0,9155273 0,436306 0,3492832
1,220703 0,4315376 0,3528595
0,9155273 0,4649162 0,3540516
0,9155273 0,462532 0,3671646
0,9155273 0,4649162 0,3731251
1,525879 0,5149841 0,3969669
0,9155273 0,5364418 0,4160404
1,220703 0,629425 0,4553795
1,220703 0,667572 0,4827976
1,220703 0,7104874 0,5280972
1,525879 0,705719 0,5376339
1,220703 0,6961823 0,5483627
1,525879 0,7414818 0,5984306
1,220703 0,7510185 0,5960464
1,220703 0,7629395 0,6115437
1,525879 0,7796288 0,6377697
1,220703 0,770092 0,6186962
1,220703 0,8058548 0,6520748
1,831055 0,8416176 0,6723404
1,831055 0,8296967 0,6699562
1,525879 0,8392334 0,6830692
1,525879 0,8416176 0,6890297
1,525879 0,8487701 0,6890297
1,525879 0,9059906 0,7128716
1,831055 0,9202957 0,7343292
1,525879 0,9155273 0,7295609
1,831055 0,9155273 0,7212162
1,525879 0,9584427 0,7534027
2,13623 1,049042 0,8070469
1,831055 1,018047 0,8010864
1,831055 1,070499 0,8428097
1,831055 1,089573 0,8797646
2,13623 1,111031 0,8940697
2,13623 1,134872 0,9047985
2,13623 1,161098 0,9405613
2,13623 1,142025 0,9346008
2,13623 1,282692 1,032352
2,441406 1,308918 1,049042
2,441406 1,380444 1,089573
3,051758 1,416206 1,120567
2,441406 1,478195 1,193285
2,746582 1,618862 1,295805
2,746582 1,716614 1,386404
2,746582 1,797676 1,473427
3,051758 1,883507 1,540184
3,051758 1,893044 1,575947
3,662109 1,940727 1,623631
3,662109 2,069473 1,69158
3,051758 2,095699 1,753569
3,051758 2,13623 1,804829
3,356934 2,150536 1,811981
3,356934 2,176762 1,826286
3,662109 2,267361 1,914501
3,356934 2,362728 1,955032
4,272461 2,498627 2,049208
3,662109 2,5177 2,093315
3,967285 2,622604 2,229214
4,272461 2,634525 2,242327
4,272461 2,729893 2,307892
3,967285 2,775192 2,387762
4,272461 2,875328 2,44379
4,272461 2,913475 2,493858
4,272461 2,839565 2,422333
4,272461 2,942085 2,51174
3,967285 2,920628 2,498627
4,272461 2,880096 2,46644
4,577637 2,987385 2,572536
4,272461 3,018379 2,573729
4,272461 3,018379 2,592802
4,577637 2,951622 2,537966
3,967285 3,032684 2,573729
4,577637 3,182888 2,72274
4,882813 3,194809 2,727509
4,882813 3,159046 2,721548
4,882813 3,321171 2,835989
6,408691 3,490448 2,951622
5,493164 3,407001 2,886057
4,577637 3,483295 2,983809
5,493164 3,638268 3,113747
5,493164 3,61681 3,112555
5,187988 3,669262 3,149509
5,187988 3,774166 3,242493
5,493164 3,871918 3,298521
5,493164 3,890991 3,356934
5,79834 4,198551 3,601313
5,493164 4,141331 3,589392
6,408691 4,134178 3,610849
6,103516 4,277229 3,730059
6,103516 4,308224 3,771782
6,713867 4,358292 3,786087
6,408691 4,520416 3,960133
10,98633 4,639626 3,987551
10,0708 4,858971 4,183054
10,98633 4,925728 4,246235
11,59668 5,407333 4,535913
10,37598 6,00338 4,897118
13,73291 7,462502 5,767345
15,56396 8,811951 7,040501
15,25879 9,384155 7,884502
13,73291 9,465218 8,143187
17,39502 10,01596 8,56638
13,73291 10,14471 8,538961
16,17432 10,36406 8,772612
17,39502 10,05888 8,546114
16,47949 10,8099 8,993149
18,61572 10,85043 9,188652
18,00537 10,99825 9,329319
16,47949 11,63006 9,738207
15,25879 12,03299 10,16378
20,1416 12,02822 10,23412
16,78467 12,38108 10,60486
17,08984 12,64334 10,99706
19,53125 12,52413 10,84924
16,78467 12,74586 10,87308
20,44678 12,87937 11,096
20,75195 12,79593 10,99706
18,9209 12,59804 10,84089
19,53125 13,27038 11,46674
21,66748 12,66718 10,89573
18,61572 13,18932 11,32131
19,53125 13,0558 11,22475
20,1416 12,94613 11,0364
18,61572 13,00573 11,25216
21,97266 13,35859 11,49535
20,1416 13,36813 11,52158
19,22607 13,47065 11,55734
20,75195 13,44919 11,64079
23,49854 13,34429 11,54184
18,9209 13,99994 12,21299
19,83643 13,66377 11,8053
20,44678 13,70907 11,90186
18,9209 14,13345 12,23445
18,9209 14,35995 12,41565
21,97266 14,40763 12,44426
19,83643 14,48631 12,51698
20,44678 14,4124 12,4824
21,3623 14,14299 12,20703
19,53125 14,50062 12,4824
21,3623 14,38618 12,38108
18,61572 14,24551 12,31432
20,75195 14,07146 12,17604
20,75195 14,51969 12,65168
20,75195 14,48154 12,47406
20,75195 14,35995 12,39777
20,75195 14,82725 12,81619
21,05713 14,6246 12,7244
21,05713 14,86778 12,83646
22,27783 14,59837 12,61234
23,49854 14,70327 12,65526
21,05713 15,16342 13,12494
24,10889 14,83679 12,77685
19,22607 14,40048 12,59208
20,1416 14,96553 12,96759
21,66748 15,30886 13,15951
21,66748 15,39707 13,30733
19,53125 15,20872 13,11302
24,71924 15,53059 13,4635
21,05713 15,48767 13,42297
20,44678 15,65695 13,56006
21,97266 16,1767 13,93199
21,3623 15,69033 13,67688
21,97266 16,02888 13,75556
22,58301 16,31021 14,07981
28,68652 16,36267 14,08458
20,75195 15,99789 13,94987
23,49854 15,98597 13,95226
24,10889 16,93487 14,67943
22,27783 16,66307 14,39095
22,58301 16,6893 14,51015
25,32959 16,59632 14,47558
21,05713 16,60585 14,503
26,24512 16,41512 14,32776
25,32959 16,9158 14,6246
26,24512 16,67261 14,6234
22,58301 17,08508 14,69731
25,93994 17,21144 14,94408
23,49854 17,26151 15,05613
24,71924 17,27343 15,05494
24,41406 17,25674 15,00726
22,27783 17,06362 14,90116
27,16064 17,80987 15,27309
22,88818 17,39025 15,21707
25,63477 17,88378 15,4388
27,771 17,55714 15,19918
27,16064 18,20564 15,70106
25,63477 17,98153 15,59854
26,55029 17,57622 15,52105
23,19336 18,11504 15,69033
25,32959 17,73119 15,4376
25,02441 18,41068 15,90371
25,93994 18,25571 15,93113
27,16064 18,16511 15,74278
25,93994 18,91375 16,4187
26,24512 18,69678 16,09445
27,46582 18,50605 15,86199
25,02441 18,76116 16,37101
25,32959 19,06633 16,62493
24,71924 18,71109 16,1767
25,32959 18,7397 16,22319
25,93994 19,15932 16,64519
28,9917 18,37015 16,15286
25,93994 18,71347 16,50572
30,51758 18,90421 16,59989
25,32959 19,47165 16,93726
29,60205 19,80543 17,04693
28,9917 19,39535 16,93368
25,32959 19,91034 17,1411
27,771 19,83166 17,22693
28,9917 19,78159 17,28415
31,12793 20,32995 17,58218
28,07617 20,10345 17,44866
28,9917 20,55407 17,75265
28,9917 20,28227 17,63463
28,07617 19,84835 17,23886
35,70557 21,29078 18,30459
29,60205 20,82348 18,0614
29,29688 20,96653 18,31651
28,07617 20,53499 18,05902
32,04346 21,17157 18,46194
31,12793 21,19303 18,42976
34,79004 22,0871 19,23561
28,68652 21,39091 18,21399
30,82275 22,03465 19,1164
31,73828 22,09902 18,97454
27,46582 22,02988 19,16766
29,29688 22,11332 19,34052
29,60205 21,42668 18,69202
28,9917 22,60685 19,64092
30,51758 22,75229 19,7053
33,87451 22,67599 19,76728
32,34863 22,59016 19,72556
30,2124 22,62592 19,92822
32,04346 22,36843 19,41204
33,26416 22,48764 19,75417
32,34863 22,10617 19,36793
33,87451 23,26727 20,05458
30,2124 22,51863 19,63139
33,56934 22,96686 20,08319
31,73828 22,95732 19,88173
31,43311 22,70699 19,83881
33,56934 22,69983 19,92106
31,73828 23,39363 20,293
34,17969 23,911 20,52546
33,26416 23,51999 20,29419
32,65381 22,9454 19,86623
31,43311 23,05984 19,82093
33,56934 23,32687 20,30969
31,12793 23,66543 20,73884
36,62109 24,02782 20,7901
35,70557 23,78941 20,66851
39,97803 23,84663 20,73884
39,97803 24,14942 20,77222
36,92627 23,8657 20,84613
37,8418 24,19949 20,90693
36,01074 23,82755 20,66374
33,26416 23,85855 20,78176
30,51758 23,97299 20,81752
32,04346 24,55473 21,33965
36,62109 24,5285 21,10004
34,17969 24,68586 21,33369
32,95898 24,22094 20,88308
34,48486 24,62864 21,35277
32,34863 24,30439 21,31939
36,01074 24,50228 21,34085
35,40039 24,53566 21,30389
35,40039 24,4379 21,26217
36,31592 24,67155 21,23952
41,50391 25,13885 21,54231
35,09521 24,84083 21,36827
35,70557 24,63579 21,3325
33,56934 24,29008 21,12985
35,70557 25,11263 21,72232
36,31592 24,83368 21,37065
35,40039 25,57039 21,94166
33,56934 25,48933 22,06683
35,40039 24,80984 21,50655
34,48486 24,5142 21,22164
37,53662 25,00534 21,52443
33,26416 25,05064 21,71278
36,31592 24,9815 21,78192
32,65381 24,87898 21,80099
35,70557 25,34151 21,94285
33,87451 24,94812 21,41356
34,48486 25,5847 22,11571
34,79004 25,34628 21,91782
36,01074 25,86842 22,25041
39,0625 25,2676 21,81888
31,73828 25,33674 21,81411
33,87451 25,03872 21,69967
35,70557 24,93143 21,80219
36,01074 25,24614 21,97742
36,62109 25,49171 21,94405
34,48486 25,30098 21,91424
33,87451 25,1627 21,8451
40,58838 25,55609 21,95477
36,92627 25,4035 21,51608
33,26416 25,25568 21,91186
31,43311 24,58334 21,24071
36,92627 26,00431 22,57705
33,87451 25,45834 21,99292
33,56934 25,59662 22,12286
36,92627 25,64669 22,1324
36,92627 25,71821 22,14193
36,01074 25,49171 21,96312
36,62109 24,96719 21,48747
36,01074 25,38919 22,1169
36,01074 25,13647 21,84987
35,70557 25,79689 22,23492
35,40039 25,31528 22,10617
35,09521 25,52271 21,92974
36,92627 25,34866 21,97742
32,95898 25,61331 22,22776
33,87451 25,1174 22,21227
38,14697 25,93994 22,45426
36,62109 25,68483 21,82484
38,75732 25,35582 21,74258
33,56934 25,86126 22,40181
38,14697 26,26657 22,41135
38,14697 25,61331 22,09663
34,48486 25,87318 22,15862
40,58838 25,89703 22,46976
35,40039 26,22604 22,62592
38,45215 26,50976 22,5997
33,87451 25,24137 21,94285
33,56934 25,3129 22,06206
44,55566 26,53837 22,73202
36,31592 26,77441 23,12541
33,26416 25,72298 22,28022
36,01074 26,23558 22,62592
39,0625 25,6443 22,28618
37,53662 25,68483 22,35055
34,48486 25,59423 22,00246
37,23145 26,31903 22,63665
39,36768 26,09968 22,60447
37,23145 26,03054 22,43996
38,75732 26,90554 23,1111
37,23145 25,97809 22,51267
36,92627 26,12829 22,73321
36,62109 26,01624 22,79282
36,92627 25,86842 22,44711
37,53662 26,13306 22,56751
36,62109 26,95799 23,25296
36,31592 25,16508 22,15147
41,80908 26,00431 22,67003
36,62109 26,34048 22,83216
36,92627 26,97229 22,98832
36,62109 26,76249 23,18501
38,14697 25,98047 22,14432
37,8418 26,13068 22,75467
40,2832 26,28326 22,74156
32,65381 26,10922 22,48645
36,01074 26,11876 22,6891
36,92627 25,7659 22,05968
39,97803 25,95425 22,39347
35,40039 26,14975 22,61281
34,17969 25,74682 22,54605
36,01074 25,66099 22,31717
37,53662 26,1116 22,54128
39,36768 26,44062 22,85957
36,92627 25,98763 22,54128
37,23145 26,00431 22,59135
37,53662 25,84696 22,48645
38,45215 26,34764 22,57466
35,40039 26,1569 22,72725
38,75732 26,05677 22,60923
36,62109 25,82788 22,51625
38,45215 26,34525 23,02289
38,45215 26,62659 22,86673
44,25049 26,45254 22,82619
37,23145 25,89464 22,61043
36,01074 26,73626 23,01812
36,92627 26,06392 22,38274
32,34863 26,03531 22,49002
36,92627 26,35956 23,04077
34,48486 26,59798 22,83692
35,70557 26,2928 22,51506
35,70557 26,55268 22,75109
36,01074 25,73967 22,16458
42,72461 26,81255 23,17667
35,09521 26,58606 23,01693
38,45215 26,82209 22,97163
39,67285 27,01283 23,18859
42,72461 26,30472 22,66884
37,8418 27,18925 23,51522
37,23145 26,67427 22,89772
37,53662 26,79348 23,19336
37,53662 26,6242 23,0968
35,09521 26,2785 22,63069
36,62109 26,38578 22,95613
37,8418 26,76964 23,00262
39,36768 26,86262 23,08488
43,94531 27,16303 23,55933
34,48486 26,02816 22,50552
36,31592 26,7148 22,69149
35,40039 26,69811 22,82619
37,8418 26,58129 22,94064
36,62109 26,78871 23,13733
37,8418 26,50738 23,21839
39,67285 26,89123 23,08011
40,89355 26,73626 23,13256
35,70557 26,33572 22,85123
40,58838 26,13068 22,45665
38,14697 25,87795 22,48049
39,36768 26,24989 22,71056
45,77637 27,37045 23,41866
37,53662 26,17121 22,57705
39,0625 26,73864 23,18025
36,31592 26,92938 23,41986
37,53662 26,62182 22,89891
37,8418 26,83401 23,22674
40,2832 26,59798 23,22793
37,53662 26,69573 22,9466
35,09521 26,93653 23,11826
36,01074 26,52884 23,1564
42,41943 27,15349 23,37098
39,67285 27,36568 23,40555
35,40039 26,31426 22,79639
38,75732 26,36909 22,61639
37,8418 27,48013 23,49854
38,14697 26,73149 22,98474
36,62109 27,14872 23,13018
40,58838 26,64089 23,15164
38,75732 26,79825 22,96448
38,75732 26,68381 22,88103
37,23145 26,47161 22,90964
39,97803 26,73864 23,35906
38,45215 26,78871 23,0217
36,62109 27,26316 23,60344
34,48486 26,55506 23,01574
38,45215 27,16541 23,42343
