0,6103516 0,1072884 0,05364418
0,3051758 0,1335144 0,0667572
0,3051758 0,128746 0,06437302
0,6103516 0,1239777 0,06198883
0,6103516 0,140667 0,07033348
0,6103516 0,1263618 0,06318092
0,6103516 0,128746 0,06437302
0,3051758 0,1263618 0,06318092
0,6103516 0,140667 0,07033348
0,6103516 0,1502037 0,07510185
0,6103516 0,1525879 0,07629395
0,3051758 0,1430511 0,07152557
0,6103516 0,1478195 0,07390976
0,3051758 0,1525879 0,07629395
0,6103516 0,1478195 0,07390976
0,6103516 0,1549721 0,07748604
0,3051758 0,1358986 0,0679493
0,6103516 0,1478195 0,07390976
0,3051758 0,1358986 0,0679493
0,6103516 0,1573563 0,07867813
0,3051758 0,1454353 0,07271767
0,6103516 0,140667 0,07033348
0,6103516 0,1430511 0,07152557
0,6103516 0,1454353 0,07271767
0,6103516 0,1382828 0,06914139
0,6103516 0,140667 0,07033348
0,6103516 0,1358986 0,0679493
0,3051758 0,140667 0,07033348
0,6103516 0,1645088 0,08225441
0,6103516 0,1716614 0,08583069
0,3051758 0,1502037 0,07510185
0,6103516 0,1907349 0,09536743
0,6103516 0,1573563 0,07867813
0,6103516 0,166893 0,0834465
0,6103516 0,140667 0,07033348
0,6103516 0,1621246 0,08106232
0,6103516 0,1335144 0,0667572
0,3051758 0,1311302 0,06556511
0,3051758 0,1692772 0,0846386
0,3051758 0,1740456 0,08702278
0,3051758 0,1502037 0,07510185
0,6103516 0,1430511 0,07152557
0,6103516 0,1597404 0,07987022
0,9155273 0,1358986 0,0679493
0,6103516 0,1764297 0,08821487
0,6103516 0,1788139 0,08940697
0,6103516 0,1525879 0,07629395
0,3051758 0,1311302 0,06556511
0,6103516 0,140667 0,07033348
0,3051758 0,166893 0,0834465
0,3051758 0,1430511 0,07152557
0,3051758 0,1525879 0,07629395
0,9155273 0,1859665 0,09298325
0,6103516 0,1692772 0,0846386
0,6103516 0,1645088 0,08225441
0,3051758 0,1454353 0,07271767
0,6103516 0,1597404 0,07987022
0,3051758 0,1740456 0,08702278
0,3051758 0,1645088 0,08225441
0,6103516 0,1621246 0,08106232
0,6103516 0,1549721 0,07748604
0,6103516 0,1692772 0,0846386
0,6103516 0,1978874 0,09894371
0,6103516 0,1692772 0,0846386
0,6103516 0,193119 0,09655952
0,6103516 0,1573563 0,07867813
0,6103516 0,1597404 0,07987022
0,6103516 0,1764297 0,08821487
0,9155273 0,1740456 0,08702278
0,6103516 0,193119 0,09655952
0,6103516 0,2169609 0,1084805
0,3051758 0,1382828 0,06914139
0,6103516 0,1621246 0,08106232
0,6103516 0,1645088 0,08225441
0,6103516 0,1788139 0,08940697
0,6103516 0,1811981 0,09059906
0,6103516 0,1955032 0,09775162
0,3051758 0,1764297 0,08821487
0,6103516 0,1811981 0,09059906
0,6103516 0,1764297 0,08821487
0,3051758 0,193119 0,09655952
0,9155273 0,1811981 0,09059906
0,6103516 0,1740456 0,08702278
0,3051758 0,2002716 0,1001358
0,6103516 0,1859665 0,09298325
0,6103516 0,166893 0,0834465
0,6103516 0,1788139 0,08940697
0,6103516 0,2074242 0,1037121
0,6103516 0,166893 0,0834465
0,3051758 0,1716614 0,08583069
0,6103516 0,1478195 0,07390976
0,6103516 0,1835823 0,09179115
0,6103516 0,1716614 0,08583069
0,6103516 0,1978874 0,09894371
0,3051758 0,1883507 0,09417534
0,6103516 0,1907349 0,09536743
0,3051758 0,1549721 0,07748604
0,6103516 0,1859665 0,09298325
0,3051758 0,1549721 0,07748604
0,6103516 0,1835823 0,09179115
0,9155273 0,1716614 0,08583069
0,6103516 0,193119 0,09655952
0,6103516 0,1788139 0,08940697
0,6103516 0,20504 0,10252
0,6103516 0,1740456 0,08702278
0,3051758 0,1788139 0,08940697
0,6103516 0,1955032 0,09775162
0,6103516 0,1811981 0,09059906
0,6103516 0,20504 0,10252
0,6103516 0,1907349 0,09536743
0,3051758 0,1621246 0,08106232
0,6103516 0,1859665 0,09298325
0,6103516 0,1740456 0,08702278
0,6103516 0,1645088 0,08225441
0,3051758 0,1811981 0,09059906
0,3051758 0,2074242 0,1037121
0,3051758 0,1907349 0,09536743
0,6103516 0,20504 0,10252
0,6103516 0,1788139 0,08940697
0,3051758 0,1859665 0,09298325
0,6103516 0,1811981 0,09059906
0,6103516 0,1978874 0,09894371
0,3051758 0,166893 0,0834465
0,6103516 0,1525879 0,07629395
0,6103516 0,2026558 0,1013279
0,6103516 0,1645088 0,08225441
0,6103516 0,2026558 0,1013279
0,3051758 0,1835823 0,09179115
0,6103516 0,1978874 0,09894371
0,6103516 0,2026558 0,1013279
0,6103516 0,1716614 0,08583069
0,3051758 0,1978874 0,09894371
0,3051758 0,1645088 0,08225441
0,6103516 0,1955032 0,09775162
0,6103516 0,1740456 0,08702278
0,6103516 0,193119 0,09655952
0,3051758 0,1764297 0,08821487
0,6103516 0,2217293 0,1108646
0,6103516 0,1716614 0,08583069
0,6103516 0,2026558 0,1013279
0,6103516 0,1716614 0,08583069
0,6103516 0,2074242 0,1037121
0,6103516 0,2098083 0,1049042
0,6103516 0,1955032 0,09775162
0,6103516 0,2121925 0,1060963
0,6103516 0,2026558 0,1013279
0,6103516 0,1645088 0,08225441
0,6103516 0,1978874 0,09894371
0,6103516 0,1907349 0,09536743
0,6103516 0,1955032 0,09775162
0,3051758 0,1859665 0,09298325
0,6103516 0,2002716 0,1001358
0,6103516 0,2145767 0,1072884
0,6103516 0,2145767 0,1072884
0,6103516 0,1525879 0,07629395
0,6103516 0,1811981 0,09059906
0,6103516 0,20504 0,10252
0,6103516 0,1764297 0,08821487
0,6103516 0,1978874 0,09894371
0,6103516 0,2241135 0,1120567
0,6103516 0,2169609 0,1084805
0,6103516 0,166893 0,0834465
0,3051758 0,193119 0,09655952
0,6103516 0,1740456 0,08702278
0,6103516 0,1788139 0,08940697
0,6103516 0,2217293 0,1108646
0,6103516 0,1811981 0,09059906
0,6103516 0,193119 0,09655952
0,6103516 0,1978874 0,09894371
0,6103516 0,2241135 0,1120567
0,6103516 0,1859665 0,09298325
0,6103516 0,243187 0,1215935
0,6103516 0,20504 0,10252
0,6103516 0,1978874 0,09894371
0,6103516 0,2408028 0,1204014
0,6103516 0,20504 0,10252
0,6103516 0,2026558 0,1013279
0,6103516 0,2169609 0,1084805
0,6103516 0,2336502 0,1168251
0,6103516 0,1955032 0,09775162
0,6103516 0,2002716 0,1001358
0,6103516 0,2741814 0,1370907
0,6103516 0,231266 0,115633
0,6103516 0,2217293 0,1108646
0,9155273 0,2074242 0,1037121
0,6103516 0,2336502 0,1168251
0,6103516 0,2217293 0,1108646
0,6103516 0,1955032 0,09775162
0,6103516 0,2217293 0,1108646
0,6103516 0,2193451 0,1096725
0,6103516 0,2145767 0,1072884
0,6103516 0,2193451 0,1096725
0,6103516 0,2408028 0,1204014
0,6103516 0,2288818 0,1144409
0,6103516 0,243187 0,1215935
0,6103516 0,2121925 0,1060963
0,6103516 0,2098083 0,1049042
0,6103516 0,231266 0,115633
0,6103516 0,2479553 0,1239777
0,6103516 0,20504 0,10252
0,6103516 0,2288818 0,1144409
0,6103516 0,2527237 0,1263618
0,6103516 0,2574921 0,128746
0,6103516 0,2264977 0,1132488
0,6103516 0,2193451 0,1096725
0,6103516 0,2241135 0,1120567
0,6103516 0,2217293 0,1108646
0,6103516 0,2241135 0,1120567
0,6103516 0,2813339 0,140667
0,6103516 0,2527237 0,1263618
0,6103516 0,2717972 0,1358986
0,6103516 0,2408028 0,1204014
0,6103516 0,2503395 0,1251698
0,6103516 0,231266 0,115633
0,6103516 0,2717972 0,1358986
0,6103516 0,2884865 0,1442432
0,6103516 0,2622604 0,1311302
0,6103516 0,2717972 0,1358986
0,6103516 0,2551079 0,1275539
0,6103516 0,2646446 0,1323223
0,6103516 0,2551079 0,1275539
0,6103516 0,2646446 0,1323223
0,6103516 0,2646446 0,1323223
0,6103516 0,2646446 0,1323223
0,6103516 0,2717972 0,1358986
0,6103516 0,2598763 0,1299381
0,6103516 0,2503395 0,1251698
0,6103516 0,2646446 0,1323223
0,9155273 0,2622604 0,1311302
0,6103516 0,243187 0,1215935
0,6103516 0,2980232 0,1490116
0,6103516 0,2551079 0,1275539
0,6103516 0,269413 0,1347065
0,6103516 0,2813339 0,140667
0,6103516 0,2574921 0,128746
0,6103516 0,2837181 0,1418591
0,9155273 0,295639 0,1478195
0,6103516 0,30756 0,15378
0,6103516 0,2503395 0,1251698
0,6103516 0,2336502 0,1168251
0,6103516 0,2479553 0,1239777
0,6103516 0,2670288 0,1335144
0,6103516 0,2503395 0,1251698
0,6103516 0,2670288 0,1335144
0,6103516 0,2789497 0,1394749
0,3051758 0,2717972 0,1358986
0,6103516 0,2646446 0,1323223
0,6103516 0,2813339 0,140667
0,6103516 0,3170967 0,1609325
0,6103516 0,2813339 0,140667
0,9155273 0,3004074 0,1502037
0,6103516 0,2813339 0,140667
0,6103516 0,2670288 0,1335144
0,6103516 0,3099442 0,1549721
0,6103516 0,2884865 0,1442432
0,6103516 0,2908707 0,1454353
0,6103516 0,3170967 0,166893
0,6103516 0,3027916 0,1513958
0,6103516 0,3004074 0,1502037
0,9155273 0,3147125 0,1573563
0,6103516 0,3123283 0,1764297
0,6103516 0,3099442 0,1549721
0,6103516 0,3194809 0,1621246
0,6103516 0,3170967 0,1585484
0,6103516 0,3218651 0,1680851
0,6103516 0,3123283 0,1692772
0,6103516 0,3170967 0,1585484
0,6103516 0,3170967 0,1764297
0,6103516 0,3242493 0,1692772
0,6103516 0,3147125 0,1704693
0,6103516 0,3266335 0,193119
0,6103516 0,333786 0,1752377
0,6103516 0,3266335 0,1943111
0,9155273 0,3266335 0,1740456
0,9155273 0,3194809 0,1859665
0,6103516 0,3147125 0,1597404
0,6103516 0,3242493 0,191927
0,6103516 0,3170967 0,1740456
0,6103516 0,3218651 0,1704693
0,6103516 0,3147125 0,1788139
0,6103516 0,3266335 0,2026558
0,6103516 0,3170967 0,1704693
0,6103516 0,3266335 0,1978874
0,6103516 0,3218651 0,2062321
0,6103516 0,3218651 0,1740456
0,6103516 0,3266335 0,1943111
0,6103516 0,3218651 0,2098083
0,6103516 0,3170967 0,1943111
0,6103516 0,333786 0,1966953
0,6103516 0,3266335 0,2014637
0,9155273 0,3290176 0,2038479
0,6103516 0,3242493 0,2086163
0,6103516 0,3170967 0,1990795
0,6103516 0,3218651 0,2014637
0,6103516 0,3170967 0,2026558
0,6103516 0,3266335 0,2086163
0,6103516 0,3242493 0,1978874
0,6103516 0,3194809 0,2002716
0,6103516 0,3266335 0,2074242
0,9155273 0,3385544 0,2300739
0,6103516 0,333786 0,2110004
0,6103516 0,3218651 0,191927
0,6103516 0,3218651 0,2062321
0,6103516 0,333786 0,2288818
0,6103516 0,3242493 0,2002716
0,9155273 0,3314018 0,2038479
0,6103516 0,3433228 0,2288818
0,9155273 0,3290176 0,2241135
0,9155273 0,333786 0,2276897
1,220703 0,3480911 0,2264977
0,9155273 0,3409386 0,2276897
0,6103516 0,3385544 0,2253056
0,6103516 0,3409386 0,2467632
0,6103516 0,3433228 0,2372265
0,9155273 0,3600121 0,2515316
0,6103516 0,3385544 0,2264977
0,9155273 0,3480911 0,2408028
0,6103516 0,3504753 0,2348423
0,6103516 0,3385544 0,2241135
0,6103516 0,3409386 0,2527237
0,9155273 0,3576279 0,2586842
0,9155273 0,3504753 0,2527237
0,6103516 0,3433228 0,2348423
0,6103516 0,3433228 0,2288818
0,9155273 0,3314018 0,2408028
0,6103516 0,3409386 0,2372265
0,6103516 0,3480911 0,2419949
0,6103516 0,3600121 0,2574921
0,9155273 0,3480911 0,2503395
0,6103516 0,3576279 0,2574921
0,9155273 0,3480911 0,2634525
0,6103516 0,3457069 0,2586842
0,9155273 0,3528595 0,2586842
0,6103516 0,3433228 0,2539158
0,6103516 0,3457069 0,2539158
0,6103516 0,3361702 0,2396107
0,6103516 0,3552437 0,2598763
0,6103516 0,3647804 0,269413
0,9155273 0,3647804 0,269413
0,9155273 0,3504753 0,2455711
0,9155273 0,3528595 0,2610683
0,9155273 0,3528595 0,2646446
0,9155273 0,3552437 0,2729893
1,220703 0,3528595 0,2717972
1,220703 0,3743172 0,2670288
0,9155273 0,3671646 0,2741814
0,6103516 0,3552437 0,2586842
0,6103516 0,3671646 0,2813339
0,9155273 0,3671646 0,2813339
0,6103516 0,371933 0,2896786
0,6103516 0,3623962 0,2717972
0,6103516 0,3433228 0,2706051
0,9155273 0,3695488 0,2813339
0,9155273 0,3743172 0,2920628
0,6103516 0,3552437 0,2753735
0,6103516 0,3814697 0,2968311
0,6103516 0,371933 0,2849102
0,9155273 0,3933907 0,2932549
1,220703 0,3910065 0,3039837
1,220703 0,3933907 0,2992153
0,6103516 0,3814697 0,2908707
0,9155273 0,3790855 0,3063679
0,9155273 0,4076958 0,3099442
0,6103516 0,3838539 0,3004074
1,220703 0,41008 0,3242493
0,6103516 0,3862381 0,3123283
0,9155273 0,436306 0,3409386
0,9155273 0,4220009 0,3325939
0,9155273 0,4196167 0,3373623
0,9155273 0,4339218 0,3397465
0,9155273 0,4220009 0,3314018
0,9155273 0,4458427 0,346899
1,220703 0,4386902 0,3516674
0,9155273 0,4267693 0,3492832
0,9155273 0,4410744 0,3504753
0,9155273 0,4267693 0,3385544
0,9155273 0,41008 0,3254414
0,9155273 0,4124641 0,3242493
0,9155273 0,398159 0,3278255
0,9155273 0,4124641 0,3421307
0,9155273 0,4601479 0,3671646
0,9155273 0,4434586 0,3480911
1,525879 0,4339218 0,3480911
0,9155273 0,4267693 0,3516674
0,9155273 0,474453 0,371933
0,9155273 0,4315376 0,3540516
0,6103516 0,4315376 0,346899
1,220703 0,4816055 0,3755093
0,9155273 0,4768372 0,3778934
0,9155273 0,462532 0,371933
0,9155273 0,4768372 0,371933
0,9155273 0,4863739 0,3898144
0,9155273 0,4887581 0,3802776
1,525879 0,5125999 0,3933907
1,220703 0,4982948 0,3910065
1,525879 0,5125999 0,398159
0,9155273 0,538826 0,4124641
1,220703 0,5459785 0,4243851
0,9155273 0,500679 0,3957748
1,220703 0,5483627 0,4220009
1,220703 0,5865097 0,4386902
0,9155273 0,5936623 0,4446507
0,9155273 0,5793571 0,4339218
1,220703 0,5960464 0,4482269
0,9155273 0,5888939 0,4458427
1,220703 0,6127357 0,4541874
1,220703 0,6318092 0,4661083
1,220703 0,6890297 0,5102158
1,220703 0,629425 0,4673004
1,525879 0,6532669 0,4935265
1,220703 0,6890297 0,5197525
0,9155273 0,679493 0,5280972
1,220703 0,6866455 0,5054474
1,525879 0,7295609 0,5686283
1,525879 0,7414818 0,5853176
1,525879 0,7891655 0,6234646
1,220703 0,8058548 0,6365776
1,525879 0,8416176 0,6711483
1,831055 0,9131432 0,718832
1,831055 1,032352 0,7891655
1,831055 1,118183 0,8642673
2,13623 1,220703 0,9763241
2,13623 1,349449 1,063347
2,13623 1,428127 1,152754
2,13623 1,428127 1,189709
2,13623 1,56641 1,28746
2,441406 1,630783 1,353025
3,051758 1,711845 1,410246
2,441406 1,74284 1,473427
2,746582 1,778603 1,494884
3,356934 1,84536 1,541376
2,746582 1,81675 1,547337
2,746582 1,840591 1,587868
3,051758 1,933575 1,634359
3,662109 2,019405 1,703501
3,967285 2,069473 1,722574
3,967285 2,260208 1,82271
3,662109 2,350807 1,950264
4,577637 2,589226 2,114773
4,882813 2,937317 2,377033
4,882813 3,163815 2,616644
5,187988 3,342628 2,822876
6,408691 3,44038 2,887249
5,493164 3,64542 3,118515
6,408691 3,771782 3,188848
6,103516 4,08411 3,423691
7,629395 4,243851 3,538132
8,239746 4,606247 3,77059
7,324219 5,064011 4,172325
8,850098 5,478859 4,577637
8,239746 5,49078 4,656315
7,93457 5,910397 5,009174
9,460449 5,817413 4,938841
9,460449 6,055832 5,146265
9,765625 6,115437 5,232096
9,765625 6,518364 5,497932
11,59668 6,828308 5,66721
10,68115 6,945133 5,853176
10,37598 7,195473 6,138086
10,68115 7,369518 6,244183
12,51221 7,445812 6,31094
10,98633 7,469654 6,366968
10,68115 7,314682 6,272793
10,98633 7,355213 6,244183
15,25879 7,72953 6,505251
11,59668 7,550716 6,414652
12,20703 7,584095 6,554127
11,90186 7,858276 6,736517
12,20703 7,922649 6,730556
12,51221 7,896423 6,729364
11,90186 8,027554 6,898642
12,51221 7,970333 6,724596
11,90186 8,223057 7,009506
11,90186 8,113384 7,026196
14,03809 8,392334 7,117987
11,90186 8,335114 7,16567
11,2915 8,561611 7,343292
14,03809 8,618832 7,31945
14,64844 9,009838 7,739067
12,81738 8,869171 7,635355
13,12256 9,028912 7,770061
12,51221 9,083748 7,83205
14,34326 8,921623 7,728338
13,73291 9,138584 7,874966
13,42773 8,95977 7,758141
14,03809 9,095669 7,922649
13,73291 9,305477 8,038282
13,12256 9,0909 7,884502
14,34326 9,422302 8,023977
14,34326 9,374619 8,102655
13,42773 9,503365 8,136034
14,34326 9,436607 8,101463
13,73291 9,50098 8,250475
15,56396 9,407997 8,261204
12,81738 9,331703 8,121729
13,73291 9,696484 8,332729
17,08984 9,684563 8,336306
13,73291 9,441376 8,19087
13,73291 9,803772 8,4126
14,64844 9,624958 8,352995
14,64844 9,703636 8,440018
14,95361 9,534359 8,18491
15,25879 9,658337 8,394718
14,03809 9,539127 8,275509
13,12256 9,479523 8,249283
13,12256 9,555817 8,391142
14,34326 9,710789 8,431673
14,95361 9,710789 8,296967
13,42773 9,491444 8,255243
14,95361 9,667873 8,454323
17,39502 9,760857 8,434057
14,64844 9,591579 8,37326
19,83643 9,696484 8,454323
13,12256 9,720325 8,331537
13,73291 9,682178 8,350611
13,42773 9,689331 8,420944
13,12256 9,77993 8,468628
14,95361 9,894371 8,555651
14,95361 9,646416 8,381605
13,12256 9,636879 8,430481
13,12256 9,865761 8,516312
14,34326 9,863377 8,575916
14,64844 10,07795 8,691549
14,95361 9,758472 8,375645
13,42773 9,95636 8,608103
14,64844 9,813309 8,591413
14,34326 9,899139 8,611679
15,25879 9,851456 8,622408
13,42773 10,02789 8,724928
14,64844 9,596348 8,403063
13,42773 9,827614 8,598566
14,03809 9,858608 8,62956
14,64844 10,04934 8,645058
14,03809 10,03981 8,740425
14,64844 9,839535 8,530617
14,64844 9,932518 8,59499
14,03809 10,15902 8,810759
13,12256 9,903908 8,630753
15,25879 10,35929 8,870363
13,73291 10,30684 9,00507
13,73291 10,27346 8,95977
16,78467 10,38074 8,912086
13,42773 10,19001 8,842945
16,17432 10,58102 9,121895
16,47949 10,39505 9,003878
15,56396 10,78844 9,16481
16,17432 10,5238 9,021759
15,25879 10,54049 9,115934
16,78467 10,53572 9,099245
18,61572 10,58102 9,256601
15,56396 10,81944 9,331703
16,78467 10,78606 9,413958
14,64844 10,85758 9,3925
14,03809 10,63824 9,279251
16,78467 10,75268 9,342432
17,39502 10,93864 9,579659
16,17432 10,76937 9,405613
17,39502 10,90765 9,467602
16,17432 10,93864 9,427071
14,95361 10,97441 9,51767
16,47949 11,17945 9,670258
16,47949 11,06501 9,622574
17,39502 11,24382 9,653568
15,86914 11,15799 9,571314
16,17432 10,88858 9,462833
18,00537 11,11984 9,652376
15,25879 10,83612 9,375811
19,53125 11,18422 9,623766
17,39502 11,19375 9,669065
15,25879 11,0817 9,548664
16,47949 10,90765 9,576082
16,47949 11,59668 9,973049
14,95361 11,09123 9,642839
15,56396 11,32965 9,748936
15,25879 11,14607 9,672642
17,08984 11,13892 9,719133
18,61572 11,16514 9,659529
20,1416 11,7898 10,06722
19,83643 11,60145 9,969473
16,78467 11,64198 10,11133
18,9209 11,64675 10,01954
17,7002 11,56807 9,945631
18,00537 11,77073 10,16259
17,39502 11,90662 10,12683
17,7002 12,22849 10,35094
16,17432 12,07829 10,34617
16,78467 12,35485 10,62036
17,7002 12,23326 10,5226
16,47949 12,04014 10,29611
18,31055 12,28809 10,52141
18,31055 12,33339 10,58817
22,27783 12,62903 10,72168
18,00537 12,63142 10,69665
17,08984 12,28094 10,55837
20,1416 12,59565 10,77294
21,3623 12,46452 10,69784
17,39502 12,4383 10,65493
18,00537 12,60519 10,79202
19,22607 12,784 10,99467
17,08984 12,77208 10,97322
21,05713 12,86983 11,01613
18,31055 12,66718 10,88858
19,53125 12,97951 10,94699
19,53125 13,15832 11,21759
25,93994 13,20601 11,30581
18,61572 13,06057 11,33204
22,58301 13,237 11,15561
18,31055 13,26084 11,21283
21,05713 13,46588 11,48462
23,49854 13,57794 11,57522
18,61572 13,23462 11,55257
18,9209 13,08441 11,25813
19,22607 13,36575 11,44767
20,44678 13,18455 11,34396
20,1416 13,5684 11,62887
19,53125 13,24892 11,40952
24,10889 13,51833 11,44528
21,97266 13,96656 11,77192
21,05713 13,11779 11,34157
20,75195 13,48972 11,6086
23,19336 13,63993 11,60741
16,78467 13,16547 11,42383
19,83643 13,79967 11,91139
18,9209 13,69715 11,69562
20,75195 13,84258 11,90901
19,53125 13,36575 11,43456
19,53125 13,51118 11,81602
20,75195 13,53264 11,72304
20,44678 13,1917 11,41071
20,44678 13,50641 11,63721
22,58301 13,45158 11,45363
21,05713 13,57317 11,71112
22,27783 13,97133 11,94358
19,83643 13,74722 11,79576
23,19336 13,58747 11,69205
20,1416 13,94272 11,90901
19,83643 13,87119 11,95073
18,31055 13,79251 11,92093
21,66748 13,5231 11,53469
21,66748 13,45634 11,57999
22,27783 14,03093 12,05325
21,3623 13,82589 11,92212
20,75195 13,9761 11,94358
20,1416 14,04762 12,08305
20,44678 13,81636 11,96265
21,05713 14,11438 12,06994
22,58301 14,05716 12,03179
18,9209 13,70192 11,90901
22,58301 13,87119 11,87325
26,24512 14,00948 12,10809
20,1416 13,85927 11,93762
23,19336 14,53161 12,42399
21,05713 13,94987 12,02464
19,53125 13,88788 12,04133
23,80371 14,3528 12,31909
23,19336 14,38618 12,22968
23,80371 13,88311 11,89113
22,88818 13,85212 11,91139
22,88818 14,33849 12,19869
20,1416 13,94987 12,00914
21,3623 14,45532 12,19392
22,27783 14,1716 12,23564
20,1416 14,04524 12,21061
20,44678 14,17637 12,19273
19,83643 14,11438 12,10332
21,05713 13,78536 12,02345
19,53125 13,92603 11,83987
22,27783 14,14776 12,23445
24,41406 14,29319 12,34531
21,97266 14,2169 12,22134
21,3623 14,23597 12,25233
22,27783 14,04047 12,19511
20,75195 14,37902 12,31432
18,61572 13,81636 12,02822
25,02441 14,53876 12,50148
25,93994 14,15491 12,08663
22,58301 14,112 12,21299
20,44678 14,03332 12,04371
20,75195 14,37187 12,30717
20,75195 14,09531 12,1665
21,05713 14,38379 12,52294
21,66748 14,87732 12,62426
23,80371 14,39333 12,36677
21,05713 14,47678 12,53247
21,3623 14,77957 12,59446
21,66748 14,63175 12,50505
24,41406 14,7295 12,75778
23,19336 14,36234 12,33101
23,80371 14,28843 12,43234
23,49854 14,5936 12,65287
22,88818 14,70804 12,58254
23,80371 14,84632 12,67433
28,07617 14,8797 12,72082
22,58301 14,79149 12,73155
24,71924 15,09905 12,77447
26,24512 14,90355 12,71605
21,97266 14,83679 12,91275
22,88818 15,26356 13,09991
21,66748 15,01083 13,06534
24,10889 14,88209 12,815
22,27783 15,08236 12,93302
24,41406 15,12289 13,00097
22,58301 15,23256 13,08918
18,9209 14,8654 12,74943
21,66748 15,17773 12,96401
22,58301 14,83679 12,58969
23,80371 15,26594 13,11898
24,10889 15,24687 13,1166
21,3623 15,20634 13,19647
22,88818 15,19442 13,23342
21,3623 15,16819 12,96282
24,10889 15,80238 13,57198
22,58301 15,1825 13,02242
21,66748 15,50913 13,27991
23,80371 15,83815 13,37171
30,2124 15,36846 13,02481
22,27783 15,49959 13,37171
21,97266 15,25402 12,94255
27,16064 15,67364 13,53145
21,97266 15,13004 12,92706
22,58301 15,4233 13,32879
20,75195 15,35892 13,19885
24,10889 15,47098 13,35382
24,41406 15,36131 13,24534
24,10889 15,64026 13,24654
21,05713 15,44714 13,4325
21,05713 15,33747 13,37409
22,58301 16,39605 13,88669
22,58301 15,6498 13,47542
22,58301 15,52343 13,29064
25,02441 15,23495 13,18574
21,66748 15,32316 13,27395
21,3623 15,13243 13,04507
23,19336 15,42568 13,28111
24,10889 15,65695 13,47423
23,80371 15,88106 13,69357
25,32959 15,53535 13,6137
23,49854 15,61403 13,53741
21,97266 15,42091 13,42297
22,88818 15,53297 13,3574
22,88818 16,0265 13,79251
24,41406 15,76185 13,47899
21,3623 15,75708 13,54218
24,41406 16,15763 13,659
26,24512 15,47575 13,37767
22,88818 15,66648 13,35025
21,97266 15,39469 13,30614
23,80371 15,66887 13,52191
22,27783 15,59019 13,41701
22,58301 16,08133 13,79132
23,80371 15,9049 13,65423
26,85547 15,74516 13,56006
26,24512 15,90252 13,69953
21,97266 15,71655 13,56006
22,27783 15,66172 13,56959
20,75195 15,30647 13,27634
27,46582 15,71417 13,62801
22,58301 15,49959 13,45515
23,80371 15,71417 13,56959
25,93994 15,69033 13,53383
21,3623 15,78569 13,69357
22,27783 15,54728 13,55171
21,97266 15,86437 13,68046
21,3623 15,72371 13,66615
22,58301 15,36608 13,26084
20,75195 15,44476 13,47184
22,88818 15,69271 13,61251
25,02441 15,61165 13,36455
20,75195 15,55204 13,54694
20,75195 15,72847 13,54933
20,75195 15,56396 13,52072
23,49854 15,38038 13,32402
25,63477 15,53297 13,45515
22,88818 15,67602 13,61609
24,41406 15,79046 13,47661
24,71924 16,25299 14,04762
22,58301 15,44714 13,23104
22,88818 16,23869 14,05835
29,29688 15,79523 13,59344
21,66748 15,86676 13,69715
23,49854 15,77377 13,60893
21,97266 15,54251 13,5684
24,10889 15,78569 13,39316
23,49854 15,76424 13,64708
24,10889 15,88821 13,85808
21,05713 15,72132 13,56244
22,27783 15,97881 13,78655
22,58301 15,85722 13,56602
23,49854 15,81192 13,72814
27,771 15,17057 13,16905
25,93994 15,72609 13,71026
21,3623 15,71894 13,39197
23,49854 15,74278 13,55648
24,10889 15,61642 13,57675
24,71924 15,6951 13,46469
24,71924 16,0718 13,76867
24,41406 15,8143 13,77702
23,80371 15,90252 13,69834
23,19336 15,90252 13,48138
23,19336 15,79285 13,62324
20,75195 15,74516 13,46827
22,27783 15,71655 13,66258
25,93994 16,25299 13,67569
21,66748 15,96451 13,77702
21,05713 15,9359 13,59344
23,49854 16,23631 13,98563
24,10889 15,58542 13,64589
25,32959 15,84291 13,48615
25,32959 15,9812 13,5684
22,88818 15,74278 13,44442
22,88818 15,90729 13,65781
21,66748 15,95259 13,63158
23,49854 15,87391 13,86881
25,32959 16,10756 13,78655
21,97266 16,19577 13,8998
23,19336 15,94305 13,78179
24,10889 15,91682 13,74364
25,02441 15,87391 13,78536
26,55029 15,71894 13,54456
23,19336 15,69748 13,5231
24,10889 16,20293 14,03213
24,71924 15,89537 13,70907
25,02441 15,95259 13,62443
21,05713 15,81192 13,76271
22,27783 16,02173 13,96418
22,58301 16,05988 14,00948
25,32959 15,80238 13,71145
24,41406 15,60926 13,5839
26,24512 16,14332 13,96418
21,97266 15,85484 13,70788
23,49854 15,91206 13,71026
26,55029 15,77377 13,60059
22,27783 15,52105 13,35144
21,3623 15,85245 13,8247
21,66748 15,97643 13,92722
28,68652 16,17432 14,02855
23,49854 16,0408 13,8247
26,85547 16,03365 13,79371
22,27783 15,86914 13,84258
24,10889 15,78331 13,65185
24,41406 16,2077 14,09173
22,88818 16,21485 13,71264
26,55029 16,00742 13,78179
28,9917 16,0718 13,86881
23,80371 15,65933 13,63516
28,38135 16,01219 13,52787
23,49854 16,00504 13,8545
23,19336 15,42091 13,45754
22,27783 16,02411 13,91649
23,80371 15,81669 13,79251
22,58301 15,70702 13,51714
24,10889 15,8 13,69953
21,97266 15,98358 13,89384
23,80371 16,09564 13,91053
26,24512 16,09564 13,80682
23,80371 16,15286 13,93557
24,10889 15,63549 13,56363
26,55029 16,07656 13,82113
22,27783 16,11948 13,79967
24,71924 16,44135 13,96894
23,80371 16,05272 13,68284
24,10889 16,26492 13,98683
24,41406 16,27445 13,67331
25,63477 16,44135 14,09888
24,10889 15,91682 13,75675
25,63477 15,93828 13,78536
30,2124 16,45088 14,14299
23,49854 16,33883 14,09173
24,10889 15,97404 14,02736
24,41406 15,8453 13,70668
24,41406 15,53059 13,54456
27,16064 16,25061 14,00471
20,1416 15,81669 13,77821
21,97266 16,2077 13,88431
25,32959 16,22438 14,03332
24,10889 15,94305 13,63277
28,68652 16,1624 13,80086
22,27783 15,86199 13,69953
24,10889 16,55817 14,10961
23,19336 15,96689 13,66496
24,71924 16,29353 14,02378
23,80371 15,96451 13,77702
22,27783 16,48664 14,06193
24,10889 15,99312 13,86762
23,80371 16,44373 14,07385
24,41406 16,1767 14,04405
23,80371 16,46042 14,25624
28,07617 16,42227 14,12749
22,58301 16,41512 14,06312
23,19336 16,00504 13,90457
24,71924 16,222 13,93557
22,88818 16,65354 14,21332
22,58301 15,98358 13,94987
24,71924 15,99789 13,77821
24,10889 16,57009 14,13703
26,55029 15,81669 13,71384
23,49854 15,77377 13,56483
23,19336 16,29829 14,10365
28,9917 16,62493 14,45889
23,19336 16,05749 13,91768
24,71924 16,0861 13,82232
22,58301 16,01696 13,75794
25,02441 15,9955 13,89027
20,1416 15,9812 13,94868
25,32959 16,56532 14,16683
23,80371 16,37936 14,23717
23,49854 16,27207 13,92007
24,71924 16,70599 14,19544
25,32959 16,5391 14,20379
24,41406 16,21962 14,08696
23,49854 16,74652 14,53161
22,27783 15,61403 13,75794
22,88818 16,10279 13,92484
23,80371 16,30783 14,17398
24,71924 16,1171 13,88431
27,16064 15,90014 13,69715
26,85547 16,29353 14,00709
22,88818 16,30545 13,96298
25,32959 16,52241 14,15968
24,10889 15,93113 13,8557
22,88818 16,13855 13,99994
24,10889 16,26492 14,13107
23,80371 16,26492 14,12272
23,49854 16,1314 13,8402
24,10889 16,41512 14,20379
25,63477 15,97881 13,88907
23,19336 15,8906 13,90219
22,27783 16,58678 14,29439
24,10889 16,34121 14,15133
21,3623 16,01458 14,03213
27,46582 16,07895 13,93437
25,02441 16,2077 13,94629
23,49854 16,6297 14,28962
27,771 16,43896 14,0214
24,10889 16,54863 13,95464
24,10889 16,41989 14,31942
23,19336 16,24823 14,16087
22,88818 16,4485 14,12749
22,88818 16,20054 14,081
22,27783 16,41273 13,87358
23,49854 16,09802 14,18591
20,75195 16,18862 14,08458
25,02441 16,42704 13,89861
24,10889 16,33883 14,11319
24,41406 16,03365 13,9153
24,41406 16,75844 14,3528
22,88818 15,8906 13,70788
30,51758 16,24584 14,12988
22,58301 16,30068 14,04285
23,80371 16,23631 14,0655
25,02441 16,57724 14,25147
25,93994 16,43896 14,22048
21,97266 16,59632 14,30988
23,49854 16,31498 14,02855
21,05713 15,9955 13,82709
25,32959 16,65115 14,16326
26,85547 16,78228 14,48154
23,19336 16,27922 13,87239
26,85547 16,56771 14,32657
24,10889 16,67023 14,25862
26,55029 16,38651 14,19306
24,71924 16,54863 14,22405
22,58301 16,14809 14,10604
23,80371 16,36744 14,1561
25,93994 16,66784 14,48989
26,24512 16,24107 14,02497
23,19336 16,67261 14,39452
28,68652 16,55579 14,27174
31,43311 16,62731 14,17398
27,16064 16,70599 14,33492
25,02441 16,52718 14,44221
22,88818 16,53671 14,29319
24,41406 16,91341 14,56022
22,27783 16,55579 14,24432
23,80371 16,3269 14,0965
23,80371 16,72268 14,51135
23,19336 16,61777 14,39929
26,55029 16,9301 14,72354
28,9917 17,20428 14,85944
23,80371 16,82281 14,52565
24,10889 16,29829 14,1561
25,02441 16,81328 14,53876
23,49854 16,41035 14,34326
28,07617 16,85858 14,61864
22,58301 16,50333 14,23717
25,32959 16,84666 14,59479
24,10889 16,6893 14,17518
24,10889 16,89672 14,71877
23,49854 16,87527 14,56738
24,41406 16,5534 14,5328
24,71924 16,99686 14,63056
26,24512 17,09461 14,84394
26,55029 16,9754 14,48989
22,88818 16,74891 14,41956
25,32959 17,05885 14,71877
27,16064 17,04693 14,59956
28,38135 16,90388 14,46009
23,19336 16,9301 14,43624
26,55029 17,02309 14,56499
26,85547 16,97302 14,55188
27,46582 16,90626 14,5638
24,10889 17,02547 14,69612
28,38135 16,81089 14,60314
27,46582 17,10653 14,74261
25,93994 16,72506 14,40287
29,29688 17,17567 14,51135
24,41406 16,88719 14,56022
24,41406 16,81089 14,46605
28,07617 17,10176 14,91785
25,02441 17,25674 14,78553
25,63477 17,43078 15,03229
25,63477 17,33541 14,90593
23,49854 16,8705 14,63532
30,82275 17,02547 14,70089
24,71924 16,91341 14,53161
23,19336 16,79182 14,44697
24,10889 16,85619 14,35637
25,02441 17,22097 14,92381
27,771 17,15899 14,85467
28,07617 17,26389 14,87136
24,41406 17,16137 14,82964
24,10889 17,24005 14,80579
25,02441 16,83712 14,50539
23,49854 17,26866 14,84275
23,49854 17,0064 14,49466
25,02441 17,02309 14,60433
23,80371 16,77275 14,4279
25,02441 16,77275 14,61029
27,16064 17,1566 14,80579
23,19336 17,16614 14,64367
27,771 16,98494 14,61267
25,93994 17,21621 14,9703
25,32959 17,19236 14,74738
29,60205 17,43078 14,78314
24,41406 17,17806 14,93692
25,02441 17,67397 15,27071
25,63477 16,97779 14,8344
23,80371 17,03262 14,59956
23,49854 16,92533 14,61506
26,55029 17,40217 14,85705
25,63477 17,65966 15,23256
24,10889 17,28535 14,97984
25,32959 17,38071 14,92858
27,771 17,3831 14,85229
25,32959 17,4284 14,84871
25,02441 17,31634 14,89162
24,10889 17,50469 15,00249
27,46582 17,24005 14,98103
23,49854 16,93487 14,79387
24,41406 17,44986 14,95838
24,10889 17,11369 14,88566
32,65381 17,19952 14,9262
27,16064 17,17091 14,79268
29,90723 17,53807 15,27667
24,71924 16,92772 14,65917
24,41406 17,65013 15,23376
24,41406 17,097 14,77003
25,32959 16,69407 14,56022
23,19336 17,20905 14,78553
25,02441 17,34734 14,86182
22,88818 17,03978 14,72831
28,68652 17,0207 14,63652
28,38135 17,33541 14,99653
26,85547 16,94679 14,53757
24,10889 17,31396 14,8356
31,73828 17,31873 15,2421
27,771 16,80136 14,46128
23,80371 17,59768 15,20514
24,71924 17,20667 14,82368
24,10889 17,26389 15,0311
24,41406 17,30442 14,96315
28,68652 16,93726 14,58049
24,10889 17,33303 15,02037
26,24512 17,45701 15,09547
25,93994 17,07315 14,81056
24,10889 16,79897 14,50896
25,02441 17,20428 14,58406
27,16064 17,40932 14,83202
23,19336 17,02547 14,83202
22,27783 16,61539 14,38141
24,71924 16,85858 14,72473
26,55029 17,51423 15,04183
24,41406 17,67397 15,21587
24,71924 17,23051 14,89997
27,771 17,6549 14,82844
24,71924 17,47608 14,98938
27,16064 17,66682 15,167
25,63477 17,21382 14,79983
27,771 16,78228 14,4136
23,80371 16,96587 14,69612
27,46582 16,81805 14,37664
25,93994 17,39264 14,92381
28,68652 17,18998 14,88209
24,41406 17,49992 15,00249
24,41406 17,39025 15,10859
24,41406 16,96348 14,64128
24,41406 16,97779 14,5328
27,16064 16,94918 14,64128
25,93994 17,01117 14,87136
23,49854 16,94918 14,69016
26,24512 17,24958 14,83083
24,10889 16,90865 14,56022
23,80371 17,13753 14,78076
27,16064 17,32588 14,91785
27,771 17,04216 14,88924
23,19336 17,31157 14,7748
27,771 17,38548 15,04779
23,19336 17,04931 14,71639
26,85547 17,44032 14,84275
26,85547 16,90149 14,47797
23,49854 17,60244 15,1968
26,24512 17,26866 14,91427
25,63477 16,74175 14,50062
22,88818 16,98494 14,77718
29,60205 17,91239 15,33508
25,63477 17,56668 14,99176
26,24512 16,84427 14,48393
22,88818 17,08508 14,86301
28,68652 17,78603 15,23495
24,10889 16,97302 14,7891
24,41406 17,37356 14,99891
28,68652 17,38787 15,00607
24,71924 16,93726 14,70089
28,38135 17,49039 15,11216
24,10889 17,55714 14,98699
24,71924 16,91341 14,67586
22,58301 17,20905 14,8201
27,16064 17,37833 14,79983
25,63477 17,04216 14,66393
23,19336 16,84427 14,76407
25,32959 17,44747 14,95123
25,32959 17,5333 14,96792
25,02441 17,39502 14,82725
23,49854 17,23528 15,11097
24,10889 17,19713 14,73188
28,38135 17,24005 14,83679
25,32959 17,22574 14,72116
28,68652 17,06123 14,86301
23,80371 17,01355 14,61148
22,27783 17,03739 14,66155
26,55029 17,28535 14,74261
22,27783 16,98256 14,65559
22,27783 16,89196 14,52565
25,93994 17,00878 14,6234
23,19336 17,49516 15,26594
25,93994 17,41409 14,91547
22,27783 16,89672 14,534
25,93994 17,18998 14,8356
25,63477 16,93487 14,7891
26,55029 17,066 14,71639
24,41406 17,37833 15,14316
24,41406 16,87527 14,60433
27,46582 17,41409 14,89401
25,63477 17,15899 14,73784
28,07617 17,4284 15,13362
25,63477 17,06839 14,84871
23,49854 16,85619 14,56738
23,49854 16,90388 14,59599
24,71924 16,82043 14,56499
26,85547 17,23528 14,86778
26,24512 17,38787 14,99414
22,58301 16,8395 14,65797
24,41406 17,14468 14,6389
24,10889 17,23289 14,80937
26,24512 17,16614 14,66036
26,55029 17,64774 15,31243
26,55029 17,32588 15,06925
28,07617 17,26389 14,47558
26,85547 17,27819 14,92023
24,71924 17,05408 14,72592
25,93994 17,54761 14,99295
26,55029 17,67874 14,80579
24,71924 17,41171 14,98818
27,771 17,39025 15,06209
26,85547 17,62867 15,07998
25,02441 17,77887 15,26356
29,29688 17,63105 14,96553
25,63477 17,36164 14,89878
24,71924 17,23528 14,88924
26,55029 16,89196 14,59122
24,41406 17,45224 15,11931
28,38135 17,5333 15,11097
23,80371 16,97302 14,72116
25,93994 17,15422 14,83202
28,68652 17,44986 15,14912
28,68652 17,69066 15,37681
28,07617 17,40694 14,82964
25,32959 17,23766 14,95957
23,80371 17,20428 14,90116
25,02441 17,24482 14,92739
23,19336 17,47608 15,07759
26,85547 17,488 15,00249
26,85547 17,93146 15,41495
23,49854 17,1113 14,81056
23,19336 17,19952 14,93096
25,02441 17,29488 14,85944
23,80371 16,98732 14,96792
26,24512 17,62867 15,0764
30,82275 17,68351 15,24687
26,85547 17,71212 15,16342
24,41406 17,27819 14,96196
24,10889 17,31873 15,02872
29,60205 17,5643 15,20634
24,41406 17,09461 14,76407
22,88818 17,10892 14,85586
26,55029 17,59291 14,84394
24,10889 17,45224 15,05017
29,29688 17,33065 14,8499
26,55029 17,43793 15,0609
24,10889 17,40932 14,9262
23,80371 17,05408 14,87613
25,02441 17,23766 14,99057
26,55029 17,03501 14,93454
24,41406 17,04454 14,94408
24,10889 16,9158 14,61267
25,93994 17,37356 14,89878
24,10889 17,0207 14,8797
25,93994 17,23528 14,8046
25,02441 17,8194 15,19203
26,24512 17,80987 15,34462
23,19336 17,10176 14,80699
28,38135 17,3378 14,93454
27,46582 17,22574 14,89282
25,32959 17,1566 14,81652
25,02441 16,80851 14,38379
26,55029 17,39025 15,05613
24,41406 17,69781 15,14435
25,63477 17,3521 14,84156
28,38135 17,56907 15,09309
27,46582 17,64297 15,33985
24,41406 17,38071 15,11216
25,32959 17,84563 15,34104
25,32959 17,58337 15,08832
25,02441 17,74549 15,24091
25,32959 18,11504 15,38277
27,16064 17,76934 15,3017
23,49854 17,52138 15,10859
25,02441 17,54761 14,82844
26,85547 17,73357 15,35177
25,93994 17,23766 14,86659
23,80371 17,21621 14,8797
24,10889 17,63582 15,16581
23,49854 17,44509 15,08236
24,71924 17,30204 15,0454
23,19336 17,80033 15,27667
25,63477 17,26389 14,87851
24,71924 17,53092 15,24925
23,49854 17,32111 15,07759
30,82275 17,81464 15,24329
25,63477 17,02309 14,79626
25,32959 17,13276 14,95838
27,46582 17,39025 15,10501
25,02441 17,61198 15,2564
25,93994 17,49039 15,04183
24,71924 17,77411 15,33747
28,07617 17,67874 15,19084
25,02441 17,70496 15,23376
24,10889 17,13991 14,72235
25,02441 17,26866 14,8344
25,32959 17,11607 15,02037
24,71924 17,37833 14,91427
24,10889 16,90626 14,89878
26,24512 17,32111 14,93812
22,88818 16,86335 14,60433
24,41406 17,23766 14,91189
24,41406 17,38548 14,87851
24,71924 17,2019 14,93931
22,58301 17,04216 14,8499
25,32959 17,29727 15,15627
26,85547 17,12084 14,58526
29,90723 17,74073 15,17057
25,02441 17,39025 14,99891
25,32959 17,85994 15,37681
25,63477 17,52615 15,30409
27,16064 17,80033 15,05613
26,85547 17,69781 15,25998
24,71924 17,1113 14,95719
25,63477 17,42363 15,0156
24,71924 17,54761 15,24091
26,24512 17,93146 15,378
26,85547 17,38548 15,1372
26,24512 17,54999 15,16581
25,63477 17,79318 15,3017
25,93994 17,54522 15,20872
28,38135 17,64059 15,24925
26,85547 17,22574 14,89401
24,10889 17,18283 14,69374
25,02441 17,64536 15,39707
24,10889 17,61675 15,34581
25,63477 17,8051 15,3327
24,71924 17,51423 15,02037
22,58301 17,38071 15,17653
25,93994 17,42125 14,97388
26,55029 17,81225 15,19203
25,63477 17,89808 15,51151
27,771 17,3974 14,99772
27,16064 17,68827 15,33151
27,16064 17,43317 15,04421
27,771 18,12696 15,57469
28,07617 17,76218 15,41138
25,93994 17,24482 15,06209
26,55029 17,61198 15,14554
29,29688 17,488 15,14435
29,60205 17,43078 15,07044
25,32959 17,97676 15,63191
24,10889 17,88139 15,28025
25,02441 17,98868 15,50078
24,10889 17,30919 14,90474
28,38135 17,84325 15,23972
25,93994 17,6549 15,10143
23,80371 17,31873 15,06686
27,16064 17,51184 15,10262
25,63477 16,76083 14,64248
24,71924 17,39979 14,8344
26,55029 17,68351 15,21587
23,19336 17,71927 15,20634
25,32959 17,11845 14,86897
25,32959 17,45701 15,08474
23,19336 17,68112 15,17534
25,63477 17,34018 14,93692
25,02441 17,25197 15,0466
23,49854 17,39025 14,82248
23,49854 17,60483 15,04421
25,93994 17,82417 15,37442
28,9917 17,36879 15,04064
23,49854 17,31634 14,74142
23,49854 17,62152 15,16581
24,10889 17,61913 15,30886
23,19336 17,52853 15,24448
26,24512 17,87186 15,38157
25,93994 17,49992 15,08713
27,16064 17,49277 15,02991
23,49854 17,24243 15,00964
26,24512 17,26151 14,93216
28,07617 17,66443 15,167
25,02441 17,58575 15,22303
24,41406 17,44986 14,90116
24,10889 17,32588 15,01441
25,93994 17,25912 14,87017
26,55029 17,85517 15,20634
28,68652 17,61198 15,02991
28,68652 17,40932 15,00249
28,38135 18,21995 15,41018
25,63477 17,96484 15,57469
24,71924 17,59291 15,10024
26,24512 17,5786 15,13481
23,49854 17,39502 15,10978
26,55029 17,7002 15,11455
27,46582 17,21621 14,78076
32,04346 17,72642 15,47933
26,85547 17,67635 15,25879
27,46582 17,60244 15,18965
26,85547 17,76695 15,35296
23,49854 17,63582 15,21587
25,93994 17,13514 14,94765
24,41406 17,66682 15,31005
26,24512 17,37356 15,10501
29,29688 18,17942 15,51509
30,82275 17,55476 15,03468
23,49854 17,30204 15,18726
29,29688 17,70496 15,12885
28,68652 17,80748 15,27905
25,93994 17,54284 15,30051
24,41406 17,52138 15,14077
26,24512 17,47131 15,17534
25,02441 17,74788 15,30886
24,41406 17,76218 15,3017
25,02441 17,46893 15,10262
26,24512 17,66682 15,2576
29,90723 17,74311 15,25998
25,32959 17,519 15,0466
27,16064 17,77172 15,58661
25,63477 17,75026 15,28978
25,63477 17,5643 15,17653
23,49854 17,43078 15,17534
25,63477 17,63821 15,37323
25,93994 17,76695 15,24806
24,41406 17,23051 15,16461
26,55029 17,53807 15,16104
24,41406 17,52615 15,11455
27,771 17,6692 15,26356
25,63477 17,76934 15,20395
28,07617 17,74788 15,21587
26,55029 17,50231 15,33866
26,24512 17,44747 15,1515
27,46582 17,3378 14,97149
25,32959 17,26151 15,24448
27,46582 18,12935 15,63549
24,71924 17,75503 15,30409
24,10889 17,78841 15,32674
25,63477 17,24958 14,94646
26,85547 17,54045 15,11812
24,10889 17,73357 15,25283
24,41406 17,96484 15,54728
25,93994 18,03398 15,44714
28,38135 17,55953 15,24091
24,41406 17,32588 15,17892
23,80371 17,25197 15,03944
24,10889 17,50708 15,136
26,24512 17,33303 15,04898
26,85547 17,2925 15,0013
25,93994 17,50708 15,08474
27,46582 17,49277 15,15865
27,16064 17,61675 15,05852
28,68652 17,51423 14,98461
25,02441 17,44747 15,05971
22,88818 17,51184 15,07401
26,24512 17,67635 15,23495
29,60205 17,50469 15,27548
24,10889 17,07077 14,96673
23,80371 17,54045 15,28502
25,93994 17,3521 15,05256
25,63477 17,87901 15,37085
28,68652 17,55476 15,378
25,93994 17,88378 15,30886
25,02441 17,83371 15,32793
24,10889 17,45701 15,11097
23,80371 17,59052 15,27667
25,63477 17,67159 15,2719
25,63477 17,56191 15,14316
23,19336 17,44509 14,95838
25,32959 17,50231 15,20157
27,46582 17,6096 15,33508
26,24512 17,63821 15,28621
24,10889 17,88616 15,62476
29,29688 17,71688 15,38992
25,02441 17,78841 15,1968
32,34863 17,71688 15,136
27,16064 18,36777 15,58185
26,85547 18,01014 15,38634
25,63477 17,8647 15,47456
26,24512 17,88378 15,50674
24,71924 17,46416 15,14316
25,93994 17,5786 15,22303
26,55029 18,11266 15,52463
23,80371 18,03637 15,44595
24,71924 17,27581 15,0609
23,80371 17,77887 15,41734
27,46582 17,62629 15,22899
23,80371 17,33541 15,08594
28,07617 17,53807 15,39707
24,71924 17,54045 14,90831
24,10889 17,26866 14,89401
22,27783 17,41886 15,13839
28,68652 17,2472 15,02275
26,55029 17,80748 15,36608
23,19336 17,49516 15,18965
26,55029 17,65966 15,35773
24,41406 17,39264 15,01918
26,24512 17,53569 15,08594
28,07617 17,91477 15,43283
27,771 17,5786 15,11812
23,80371 17,53569 15,34224
22,88818 16,90865 14,71877
26,55029 17,37118 15,02991
24,10889 17,32111 14,82368
30,82275 18,03875 15,38992
25,02441 17,7145 15,31839
25,63477 17,63105 15,12647
26,24512 17,51661 15,19799
25,63477 18,12696 15,44833
28,07617 17,80033 15,43045
24,71924 17,29965 15,04302
21,3623 16,97302 14,90235
32,65381 17,72881 15,25164
24,71924 17,87186 15,39469
27,16064 17,57145 15,20276
24,41406 17,75742 15,38277
28,9917 17,88616 15,42449
27,771 17,0517 14,8809
23,19336 17,45224 14,95838
24,71924 17,92192 15,35892
29,60205 17,88855 15,45429
26,55029 17,1876 14,99772
30,51758 18,05544 15,55085
24,10889 17,62152 15,24687
26,85547 17,33065 15,03468
27,46582 17,70735 15,35416
24,41406 17,45224 14,88209
25,63477 17,69304 15,26833
26,85547 17,80748 15,39588
29,60205 17,49992 15,17296
27,46582 17,13753 14,86778
24,71924 18,15557 15,34462
29,90723 17,77649 15,23495
28,07617 18,0459 15,57827
25,32959 17,83848 15,47813
27,16064 17,82656 15,48052
31,43311 17,8194 15,05613
22,88818 16,95871 14,76169
23,19336 17,41886 15,13362
25,93994 17,2472 15,01203
30,82275 17,75026 15,2564
25,93994 17,54522 15,20634
25,32959 17,941 15,36369
28,9917 17,55953 15,10501
25,93994 17,61675 15,35654
28,68652 17,1113 14,92977
27,771 18,02206 15,42091
24,10889 17,70973 15,18607
26,24512 17,519 15,05256
22,27783 17,33541 14,9107
28,68652 17,74073 15,40899
27,46582 17,61675 15,25879
23,80371 17,84801 15,17892
27,46582 17,08984 14,88209
24,71924 17,64536 15,1813
25,32959 17,38071 15,07878
29,60205 18,31293 15,61165
26,24512 17,80748 15,32197
24,10889 17,60721 15,10262
27,16064 17,3378 15,14912
24,41406 17,64297 15,23376
29,90723 17,87186 15,45548
25,63477 17,74311 15,2576
25,32959 17,71688 15,1515
28,07617 17,488 15,0764
28,07617 18,1222 15,68079
28,68652 18,0316 15,50913
26,55029 17,63582 15,27786
24,41406 17,63821 15,25164
25,02441 18,08643 15,62357
27,46582 17,91477 15,50317
23,80371 17,46178 15,00607
28,38135 17,80748 15,17296
25,63477 17,42601 14,87374
25,93994 18,17942 15,60092
25,93994 17,76457 15,50555
31,43311 17,91 15,47575
22,27783 17,37356 14,99891
25,02441 17,98391 15,39946
26,24512 17,40217 15,06805
25,93994 18,00299 15,57827
30,82275 17,58814 15,04779
28,07617 17,56907 15,09905
28,38135 17,96961 15,35892
25,63477 17,65251 15,20634
24,10889 17,68112 15,28859
23,49854 17,79079 15,44118
24,10889 17,68351 15,07282
24,71924 17,78841 15,59496
24,10889 17,41171 15,0156
29,60205 17,90762 15,54489
25,93994 17,58337 15,31005
23,19336 17,61436 15,38277
24,10889 17,30204 15,10739
25,32959 17,519 15,09905
24,10889 17,23051 15,05971
29,29688 17,67874 15,22064
25,93994 17,21621 14,90593
27,46582 17,42601 15,12647
26,55029 17,79318 15,38873
24,71924 17,38548 15,08355
25,63477 17,87663 15,45787
25,02441 17,72404 15,41018
25,93994 18,19849 15,79523
22,88818 17,34972 15,02395
26,24512 17,92669 15,39826
34,48486 17,85994 15,37919
26,55029 18,1365 15,80238
26,24512 17,94338 15,5592
28,07617 18,0912 15,56754
26,55029 17,8647 15,52701
23,19336 17,32826 15,11812
28,07617 17,68589 15,28502
26,55029 17,45462 15,25879
25,63477 18,06021 15,50794
25,32959 17,64059 15,24448
27,16064 17,25435 14,93931
30,51758 18,18419 15,48171
23,19336 17,50231 15,14554
27,16064 17,76695 15,54608
27,16064 17,9863 15,55681
24,71924 17,69543 15,3017
26,24512 17,58575 15,26952
26,24512 18,17465 15,77377
25,63477 17,99107 15,63072
27,16064 17,82894 15,30409
24,41406 17,61913 15,31243
23,49854 17,84325 15,36489
24,71924 17,57383 15,2421
26,24512 17,59529 15,1372
26,85547 17,8051 15,29217
26,24512 17,92431 15,50078
26,85547 18,24141 15,75351
24,10889 17,5643 15,13481
26,55029 17,77172 15,20276
25,32959 17,69781 15,25998
30,2124 17,69543 15,34462
25,32959 18,17226 15,48529
25,32959 17,41886 15,31601
23,49854 17,90047 15,33628
26,85547 17,58814 15,1813
25,02441 17,93861 15,36727
24,41406 17,7145 15,40899
25,02441 17,81702 15,43403
30,82275 17,94577 15,32555
30,2124 17,67159 15,25879
25,32959 17,98153 15,53655
25,63477 17,33541 15,05733
25,63477 17,83609 15,54847
23,19336 17,87186 15,5592
26,24512 17,27819 15,00964
28,68652 18,38446 15,77854
27,16064 17,57383 15,23018
29,60205 18,06498 15,56993
25,63477 17,46178 15,29694
25,32959 17,98868 15,4531
28,9917 18,26763 15,72609
25,63477 17,95769 15,61284
25,02441 17,60244 15,14792
26,85547 17,67874 15,27309
25,93994 17,45939 15,1968
25,63477 18,12935 15,66052
25,02441 17,65966 15,25402
28,38135 17,49277 15,21587
29,90723 17,95292 15,45191
26,85547 18,20326 15,55085
23,80371 17,63582 15,31839
25,32959 17,9863 15,48886
25,32959 17,49754 15,07044
26,85547 17,54761 15,21945
25,32959 18,37969 16,0706
26,85547 17,65251 15,35177
25,32959 17,84086 15,31959
28,68652 17,75742 15,14673
29,29688 17,56907 15,30409
28,38135 17,96246 15,42568
28,07617 17,66205 15,18726
25,02441 17,59529 15,18726
27,16064 17,65966 15,28144
24,71924 17,92908 15,42926
26,85547 17,90285 15,48648
26,24512 18,08405 15,56635
28,07617 18,10551 15,4388
32,34863 17,74073 15,4376
26,85547 17,66205 15,33031
26,24512 17,68827 15,15388
26,24512 17,96484 15,4686
23,49854 17,69066 15,25164
28,68652 18,12696 15,56396
25,63477 17,67635 15,26356
30,2124 17,97676 15,61284
23,80371 17,51423 14,94408
25,93994 17,75503 15,27548
25,02441 17,65013 15,28025
27,16064 17,78364 15,36369
25,02441 17,83371 15,39707
25,63477 17,78841 15,36846
26,24512 17,66443 15,13124
25,02441 17,67159 15,19442
26,85547 17,69066 15,25164
25,32959 17,58099 15,06805
28,9917 17,73119 15,34224
25,02441 17,5786 15,0919
26,24512 17,78364 15,35773
27,46582 18,05782 15,68079
24,71924 17,74311 15,50794
26,55029 17,75503 15,25283
24,10889 18,02444 15,66648
24,41406 17,41886 15,22064
25,02441 17,98868 15,57469
26,24512 17,47608 15,16819
24,10889 17,68351 15,11455
25,93994 18,17465 15,62476
24,10889 17,83848 15,44833
24,71924 17,72165 15,33508
28,68652 18,03398 15,53655
25,63477 18,01968 15,61642
28,68652 17,51184 15,28859
24,41406 17,75026 15,1813
25,63477 17,73357 15,23614
28,07617 17,86232 15,58542
24,71924 17,42601 15,30409
27,771 17,89331 15,4376
27,771 17,73596 15,3327
31,12793 17,56191 15,22183
27,771 18,5895 15,94782
28,38135 17,70973 15,31839
25,32959 17,68589 15,42211
23,49854 17,88855 15,48529
26,85547 17,83848 15,29574
27,46582 17,34495 15,21945
25,63477 18,06736 15,56039
24,41406 17,96484 15,38396
24,10889 17,95769 15,45906
26,85547 17,96961 15,43999
23,49854 17,35687 15,05733
27,16064 17,16137 14,99414
26,55029 17,29488 15,04779
27,771 18,23902 15,42687
27,771 17,77172 15,37323
23,49854 17,92431 15,50078
28,07617 17,8504 15,36846
29,90723 18,23664 15,52582
30,2124 17,84086 15,41615
25,63477 17,39979 15,17653
23,80371 18,13173 15,65099
28,38135 17,9863 15,53655
31,12793 18,15557 15,52939
27,771 17,80987 15,32435
24,71924 18,0006 15,47694
28,38135 17,84563 15,12885
24,71924 18,10551 15,63549
28,68652 18,00299 15,56635
31,43311 18,12935 15,5735
28,38135 18,27002 15,82265
27,771 17,76695 15,35654
24,10889 17,8504 15,41972
29,60205 18,17226 15,69033
23,49854 17,97199 15,64384
25,02441 17,76695 15,46025
27,46582 18,37969 15,79881
26,85547 18,1222 15,61999
26,85547 18,10551 15,70106
24,71924 18,1818 15,7249
28,9917 18,24617 15,80358
26,85547 18,05544 15,44118
30,82275 17,97676 15,55324
25,02441 17,65966 15,40661
29,29688 17,97676 15,51509
28,07617 18,08167 15,41495
25,02441 18,1222 15,57231
28,9917 18,54181 16,04557
26,85547 18,03875 15,59854
26,55029 17,941 15,39469
24,71924 17,3974 15,20395
28,07617 18,34631 15,70344
25,32959 17,85755 15,39826
25,02441 18,08882 15,57946
25,93994 18,01252 15,57589
25,32959 18,04113 15,42568
30,82275 17,79079 15,17892
30,2124 17,76218 15,35058
25,93994 18,06259 15,38515
26,85547 17,79318 15,35892
25,02441 17,96007 15,50198
29,29688 17,68827 15,28144
24,10889 18,07213 15,67364
23,49854 17,71927 15,57469
25,63477 18,0316 15,45429
28,68652 17,61913 15,08594
25,32959 17,95053 15,73801
28,07617 17,78603 15,3625
24,41406 17,99345 15,43999
25,02441 17,9553 15,50436
25,02441 17,75503 15,33985
25,93994 17,38787 15,37204
25,02441 17,58337 15,24568
25,02441 18,36538 15,73682
25,02441 17,73596 15,29813
25,93994 17,94338 15,54251
25,32959 18,07213 15,52105
24,10889 17,64774 15,49363
28,68652 18,13889 15,54489
28,9917 18,09359 15,58185
26,85547 17,97438 15,61642
25,93994 18,22948 15,78093
36,01074 18,39399 15,69986
27,46582 18,22948 15,73324
32,95898 17,71688 15,27786
25,93994 18,1365 15,6045
27,16064 17,47131 15,16223
25,63477 18,00537 15,63549
25,63477 17,85517 15,38277
24,41406 17,36879 15,13004
27,771 18,12458 15,49006
28,07617 17,65728 15,41376
26,55029 18,02206 15,60807
23,49854 17,56668 15,25164
23,19336 17,62629 15,36489
29,90723 17,61675 15,3172
25,02441 17,62867 15,27429
25,32959 17,92192 15,23852
31,43311 17,65013 15,48767
26,24512 17,81225 15,43522
25,02441 17,93385 15,64384
24,41406 18,16511 15,74755
26,85547 17,7145 15,43999
30,51758 17,95053 15,52463
28,07617 18,10312 15,72251
29,60205 17,68589 15,3482
26,55029 18,33916 15,7547
29,90723 18,39161 15,79523
27,16064 18,29147 15,6951
25,63477 18,11981 15,53416
28,68652 17,58099 15,18726
24,71924 17,88139 15,53655
25,93994 18,21995 15,62238
30,51758 17,99107 15,41734
27,46582 17,82179 15,47575
25,93994 17,9553 15,5139
24,41406 17,89331 15,32316
25,02441 17,46416 15,21707
25,93994 18,0769 15,72609
25,02441 17,74311 15,34462
27,46582 17,54761 15,47456
31,12793 17,83133 15,33389
24,71924 17,88378 15,48409
24,10889 17,86709 15,66768
23,80371 17,42125 15,12051
28,38135 18,05305 15,65337
25,63477 18,45598 15,99193
26,24512 17,71927 15,33628
28,38135 17,92192 15,34343
26,55029 18,32008 15,65814
29,29688 17,70496 15,4388
28,68652 17,941 15,50198
25,93994 18,32962 15,92994
25,32959 18,2128 15,75589
26,55029 18,03398 15,58304
32,65381 18,13412 15,48529
31,73828 18,13173 15,60926
28,68652 17,95292 15,6033
25,93994 17,89093 15,65218
26,85547 18,11504 15,81669
25,93994 17,97199 15,63072
25,93994 18,44883 15,82742
24,10889 17,58814 15,21707
25,93994 17,9863 15,55085
26,85547 18,28432 16,00504
27,16064 17,90762 15,41734
27,46582 17,85994 15,56396
25,32959 18,6348 15,84768
28,38135 18,41784 15,97285
24,10889 18,04352 15,66887
25,32959 18,61095 15,85722
23,49854 17,98153 15,57708
24,41406 18,02921 15,64384
26,24512 18,20803 15,87391
24,71924 18,27002 15,65218
24,71924 18,16273 15,47575
25,02441 18,00537 15,51628
24,41406 18,17226 15,71298
28,9917 17,51661 15,31243
25,02441 17,57622 15,14673
26,24512 18,06021 15,61165
35,40039 18,32008 15,70821
28,38135 17,86232 15,52701
26,24512 18,15796 15,80954
28,9917 18,31293 15,77616
27,16064 18,29386 15,78093
27,771 18,29863 15,74516
25,93994 17,51184 15,15627
24,71924 17,69781 15,35535
27,46582 17,8647 15,4233
27,46582 17,85994 15,5127
25,32959 17,75265 15,5592
27,46582 17,71927 15,40065
24,71924 18,28671 15,67125
29,90723 18,31293 15,8143
25,02441 17,80748 15,59138
28,68652 18,35346 15,97404
26,24512 18,33677 15,70702
29,90723 18,38684 15,75589
24,71924 17,73357 15,42807
30,2124 18,59426 15,88464
30,2124 18,32485 15,86795
25,93994 18,08405 15,64741
26,55029 17,83371 15,5592
27,46582 18,03875 15,5139
28,07617 17,82179 15,46502
27,16064 17,82656 15,48648
26,85547 18,31293 15,75708
26,55029 17,87186 15,49602
24,10889 17,87901 15,54251
25,63477 18,07451 15,77735
24,10889 17,96246 15,76185
24,10889 17,87186 15,53655
25,93994 18,19372 15,62357
25,02441 18,08643 15,58661
27,16064 18,62764 15,93947
25,63477 17,96722 15,49244
24,71924 18,33439 15,93471
27,771 17,79795 15,36965
27,771 18,52274 15,84649
22,58301 18,08167 15,8155
29,60205 18,41307 15,82026
23,19336 17,92908 15,60092
28,07617 18,11981 15,72728
28,9917 18,62288 15,94067
24,10889 18,29863 15,83815
25,32959 18,11981 15,62715
26,24512 18,43452 15,98597
26,55029 18,08882 15,59734
26,55029 17,99107 15,83457
26,55029 18,0006 15,56516
26,85547 17,84563 15,33031
24,71924 17,91239 15,46144
26,55029 18,24379 15,75947
24,71924 18,00299 15,56635
26,55029 18,19372 15,50198
25,02441 17,97199 15,63072
26,85547 18,04829 15,49125
23,49854 17,96484 15,59019
25,02441 18,19611 15,80238
26,24512 17,90285 15,68198
27,16064 17,95769 15,35416
25,02441 18,50843 15,88225
25,63477 18,1818 15,68198
24,71924 18,15319 15,79881
29,90723 18,28432 15,70582
24,71924 18,04352 15,70225
27,16064 17,97438 15,56993
28,68652 18,6038 15,90014
26,85547 18,88275 16,28518
28,68652 18,1818 15,87749
25,63477 18,11266 15,92278
28,38135 18,10551 15,74755
27,16064 17,92192 15,57946
25,93994 17,75503 15,48529
28,07617 18,29863 15,67006
27,16064 18,4536 16,10398
27,46582 18,05544 15,62357
30,51758 18,32485 15,84768
27,16064 18,39876 15,72251
26,55029 17,7145 15,44118
29,60205 18,18895 15,69629
28,07617 18,51082 15,79165
27,46582 18,53704 15,9955
25,02441 17,82179 15,32674
27,771 18,30339 15,77497
24,71924 18,24141 15,86437
26,85547 18,17942 15,54847
28,68652 18,19134 15,57589
21,05713 14,58645 12,67314
22,27783 16,31498 14,18352
28,38135 17,49277 15,01083
27,771 18,26286 15,72013
26,24512 18,09597 15,67006
27,771 18,24379 15,86556
28,38135 18,65864 15,98597
25,93994 18,20803 15,82861
25,63477 17,90524 15,4686
25,02441 17,85517 15,29694
29,29688 17,82179 15,45668
27,46582 17,97915 15,41376
26,85547 18,23664 15,80596
25,93994 18,14604 15,55085
26,24512 17,75503 15,43283
27,16064 18,03637 15,66172
26,55029 17,75265 15,57231
28,07617 18,02683 15,47933
27,16064 18,02444 15,64503
25,93994 18,0459 15,81192
27,16064 17,54045 15,15269
29,90723 18,16034 15,62953
23,80371 17,47847 15,27548
25,02441 17,49039 15,19322
25,32959 17,91 15,4531
23,49854 18,04352 15,56158
24,71924 18,10312 15,66529
28,68652 17,66205 15,43403
23,49854 17,83133 15,62834
24,71924 17,38548 15,22899
27,46582 17,62867 15,1372
24,71924 17,27104 15,00249
23,49854 17,64297 15,21587
24,41406 17,98868 15,63311
27,46582 17,63821 15,17057
27,771 17,54761 15,12289
24,10889 17,45701 15,19084
26,24512 17,74549 15,20753
23,19336 17,54045 15,25998
25,63477 17,38548 15,23137
25,32959 17,74073 15,29813
30,82275 17,79318 15,39707
29,29688 17,92192 15,59734
25,32959 17,59052 15,18369
30,82275 18,08167 15,6045
25,32959 18,07451 15,51986
25,63477 17,74073 15,33508
26,85547 17,69304 15,3327
26,55029 17,91 15,51628
27,46582 18,03637 15,53535
28,9917 17,79318 15,38515
25,63477 18,26763 15,74039
28,07617 18,20326 15,76543
27,16064 17,8647 15,38157
25,93994 17,52853 15,16461
24,41406 17,96246 15,54728
26,85547 17,84325 15,54728
25,93994 17,84325 15,43283
26,55029 17,99583 15,49363
25,63477 18,08643 15,67721
24,10889 17,488 15,36608
25,32959 17,74788 15,51986
23,49854 17,86709 15,68913
25,32959 18,08405 15,57827
25,02441 17,57383 15,29932
25,93994 17,93861 15,55085
25,93994 17,52377 15,40542
26,85547 17,69781 15,43999
25,63477 17,67635 15,51986
32,65381 18,48698 15,87629
28,07617 17,80987 15,47694
24,10889 17,79795 15,55681
25,63477 18,07451 15,42568
25,02441 17,79795 15,4233
25,63477 17,79556 15,3017
24,10889 17,81702 15,4078
27,46582 17,67159 15,25402
25,32959 17,5786 15,35416
26,85547 18,02921 15,66887
25,32959 17,56668 15,21349
28,07617 18,04352 15,62119
26,55029 18,08167 15,62953
24,71924 17,80033 15,56039
31,43311 18,42499 15,85484
33,56934 17,80987 15,38515
24,10889 18,0006 15,65218
23,80371 17,72642 15,37442
24,41406 17,38548 15,07163
25,02441 17,55238 15,37085
23,19336 17,85994 15,59258
24,10889 17,84086 15,42211
26,24512 17,91477 15,49363
26,24512 18,49174 15,83576
29,29688 17,81702 15,36131
26,24512 18,24856 15,80596
23,80371 17,64297 15,42687
25,02441 18,03398 15,60092
31,73828 18,27717 15,71059
24,41406 17,97676 15,56039
27,16064 18,28909 15,64026
26,85547 18,14842 15,65933
24,41406 17,60006 15,35296
24,41406 17,65966 15,41495
26,24512 17,63821 15,15031
22,27783 17,40217 15,04064
26,24512 18,05782 15,5437
27,46582 18,0769 15,88106
24,71924 17,87901 15,40422
23,19336 17,42363 15,15627
32,04346 17,941 15,46144
25,93994 17,99583 15,68437
26,55029 17,80272 15,35892
23,19336 18,02683 15,71536
25,63477 18,25094 15,77139
28,9917 18,0912 15,60092
25,63477 18,07928 15,61999
25,02441 18,01252 15,71059
27,16064 18,14604 15,59496
25,02441 17,70496 15,54132
25,32959 17,63821 15,3625
25,02441 17,62629 15,3017
25,32959 17,85278 15,33866
25,63477 18,25094 15,6033
28,68652 18,17703 15,57589
25,63477 17,69781 15,36965
29,29688 18,16511 15,79404
28,07617 18,01729 15,75947
28,68652 18,16034 15,90133
25,32959 17,96484 15,69629
23,49854 18,29386 15,87868
25,93994 17,85517 15,48648
23,80371 17,84325 15,59973
26,24512 18,34393 15,73205
26,55029 17,72404 15,24806
24,41406 17,85994 15,47694
25,93994 17,98868 15,42687
27,771 18,03637 15,48886
27,771 17,85755 15,38157
26,24512 17,92669 15,59854
27,16064 18,34869 15,85603
34,17969 18,04829 15,44833
25,02441 17,8504 15,47337
28,07617 18,0912 15,46621
27,46582 18,11028 15,70463
27,46582 18,51082 16,04557
23,80371 17,84325 15,51986
25,63477 17,73834 15,48409
23,80371 17,91716 15,35892
26,85547 17,80272 15,46502
26,55029 18,36777 15,88702
28,38135 17,69304 15,45906
24,10889 18,28194 15,78331
27,771 17,92431 15,43164
24,10889 17,55238 14,92381
25,93994 17,84086 15,46979
27,46582 17,92908 15,38873
28,38135 17,98391 15,69629
25,63477 17,88855 15,57589
24,10889 17,98153 15,5282
26,55029 17,94577 15,57112
25,32959 17,61675 15,29217
24,10889 17,51184 15,17892
27,16064 18,38684 15,72251
26,85547 17,90762 15,54132
30,82275 17,99345 15,57946
25,32959 17,77649 15,25998
25,32959 17,84563 15,49959
28,07617 18,05544 15,70702
26,85547 17,47131 15,21826
27,46582 17,90762 15,54608
24,41406 17,81464 15,55204
27,46582 18,07451 15,67602
24,71924 17,84325 15,34462
26,55029 18,24141 15,70702
25,93994 18,20087 15,62834
24,41406 18,21518 15,68079
25,93994 17,82656 15,23733
25,93994 18,24379 15,67721
27,771 17,89331 15,59615
24,41406 17,39979 15,38038
26,85547 17,79079 15,42687
26,85547 17,66682 15,41853
24,41406 18,37015 15,81073
24,41406 17,82894 15,52939
29,29688 17,93861 15,5437
27,16064 18,65387 16,03723
25,63477 18,16511 15,73205
25,63477 18,02444 15,54847
27,771 18,23664 15,9359
25,63477 17,78364 15,43403
27,771 18,05782 15,7249
27,46582 18,27002 15,56277
22,58301 17,58337 15,23733
27,771 18,35823 15,79046
24,41406 17,70258 15,33508
25,32959 18,0006 15,6641
27,46582 18,35108 15,73443
27,16064 17,76218 15,27905
25,32959 17,74311 15,41018
27,771 17,93861 15,35058
26,24512 18,12935 15,79881
26,55029 18,28671 15,80477
29,29688 17,8957 15,65933
25,02441 17,48323 15,09547
24,10889 17,52377 15,20872
23,49854 17,74311 15,4531
27,46582 18,02206 15,56158
24,41406 17,66682 15,53655
24,71924 17,93146 15,56635
26,55029 17,74073 15,45429
26,55029 17,92669 15,57827
25,02441 17,95292 15,6045
24,41406 18,30816 15,72132
26,85547 18,1818 15,66768
25,63477 18,03398 15,68317
25,93994 17,91477 15,45906
29,29688 18,08167 15,65337
28,38135 17,78603 15,3482
31,12793 18,28909 15,73324
25,02441 17,65728 15,5139
27,16064 18,52751 15,87272
25,32959 17,80748 15,4376
25,93994 18,10312 15,68913
29,29688 18,41307 15,85126
30,51758 18,0912 15,51032
27,16064 17,78364 15,39826
27,46582 18,12935 15,57827
32,95898 17,91716 15,47098
28,9917 17,91477 15,5127
26,85547 17,8504 15,59258
25,02441 18,18895 15,72728
29,29688 18,46075 16,00981
24,41406 17,93385 15,44237
25,63477 18,31293 15,82861
25,63477 17,53569 15,22422
24,41406 17,74788 15,43164
27,46582 18,25094 15,96093
26,85547 18,33677 15,71894
25,02441 18,15796 15,64384
28,38135 18,1365 15,73205
28,38135 18,21756 15,47813
25,02441 17,82417 15,44118
25,63477 17,63821 15,56993
26,85547 17,88855 15,44237
25,32959 18,65149 16,01934
28,38135 18,11981 15,51509
28,38135 18,26763 15,74636
25,93994 17,36641 15,23137
28,68652 18,32724 16,01934
25,93994 17,61675 15,35535
23,49854 17,69066 15,56039
26,85547 18,15081 15,64026
27,16064 18,03637 15,62119
24,71924 17,90762 15,4233
24,41406 17,58099 15,34224
24,10889 17,75503 15,42807
27,771 18,37969 15,85126
25,32959 17,84325 15,66887
27,16064 18,16034 15,63549
24,10889 17,74788 15,3935
24,71924 17,90524 15,47217
25,93994 17,46893 15,23852
25,32959 18,22948 15,69271
25,63477 18,31532 15,80834
29,90723 17,73357 15,38038
24,71924 18,0769 15,56635
25,02441 18,04113 15,65456
26,55029 17,70973 15,43641
22,88818 17,93146 15,61165
24,10889 18,09835 15,9204
26,85547 18,19372 15,68794
26,24512 17,83609 15,53535
24,41406 18,23187 15,56158
28,9917 18,06736 15,55204
27,16064 17,67874 15,18369
27,46582 18,00299 15,79523
24,41406 17,47847 15,31363
25,02441 17,97199 15,5437
31,12793 18,46313 16,06345
27,771 18,15319 15,58185
25,02441 17,84325 15,40899
23,49854 17,61913 15,47813
27,46582 18,11743 15,62834
26,55029 18,00299 15,67245
25,93994 18,25571 15,74755
25,63477 18,19611 15,66172
29,29688 18,68963 15,95855
30,82275 18,32008 15,84768
27,771 17,87424 15,50436
30,82275 17,96007 15,73086
24,10889 18,12458 15,82623
25,02441 18,26525 15,77616
25,63477 18,12935 15,65456
25,32959 18,15319 15,74159
27,771 18,27002 15,68079
24,41406 18,37492 16,08491
23,80371 18,30816 15,5139
24,71924 17,37356 14,98818
27,771 18,02444 15,80596
25,02441 17,62152 15,36012
25,63477 18,1818 15,56873
28,68652 18,14127 15,70463
26,24512 17,9553 15,41853
31,43311 17,90047 15,378
30,82275 17,29012 15,14912
25,02441 17,59529 15,25283
24,71924 17,34018 15,0764
26,24512 17,65966 15,25879
24,41406 17,93385 15,58542
25,02441 17,64774 15,41495
25,93994 17,93385 15,65695
24,10889 17,62629 15,29098
28,9917 17,69543 15,32674
25,93994 18,11743 15,73563
24,41406 17,91477 15,38277
26,85547 18,17942 15,71774
25,63477 17,42601 15,10859
22,88818 17,54045 15,18488
31,43311 18,12935 15,79404
27,16064 18,21041 15,62834
23,19336 17,55714 15,35773
25,63477 18,09835 15,73682
27,46582 17,94815 15,41853
27,16064 17,99822 15,43403
27,16064 17,87901 15,59854
25,93994 18,44645 15,89179
25,32959 18,11743 15,64145
26,55029 17,82656 15,67841
25,02441 17,93385 15,48648
24,10889 18,33677 15,77854
25,63477 18,10789 15,72728
28,9917 18,34631 15,80358
28,07617 17,68827 15,40303
26,55029 18,07451 15,63549
24,41406 18,29147 15,75708
28,07617 17,74549 15,52343
25,63477 17,83371 15,49482
25,93994 18,27717 15,71774
24,10889 18,06259 15,75351
26,85547 17,92192 15,40542
26,85547 18,42737 15,81073
24,71924 17,34257 15,2564
26,24512 17,71927 15,56635
25,63477 18,26286 15,73682
27,16064 17,51661 15,21587
26,24512 18,17465 15,59258
24,41406 18,02444 15,52701
25,63477 17,83133 15,49125
26,85547 18,16034 15,86199
25,02441 17,98868 15,55562
25,63477 17,87424 15,38038
28,38135 17,68351 15,167
28,07617 18,19134 15,7249
25,02441 18,28432 15,81311
26,55029 18,24856 15,79285
25,93994 18,42022 15,93947
28,07617 17,88855 15,3327
26,55029 18,18419 15,65695
28,07617 17,7002 15,36369
28,38135 18,20326 15,83219
31,12793 18,16273 15,68794
25,02441 17,70496 15,54728
26,85547 17,63821 15,32555
27,771 17,72881 15,55681
30,82275 18,08167 15,42926
27,16064 17,72642 15,41495
25,63477 17,95292 15,46741
26,55029 17,74549 15,25044
27,16064 17,97915 15,55324
25,93994 18,22472 15,6951
23,49854 18,23187 15,63311
27,16064 17,45701 15,24806
28,07617 18,363 15,78331
25,32959 17,79318 15,48886
26,24512 17,82417 15,62953
26,85547 17,8194 15,42687
28,9917 17,96246 15,4531
26,85547 17,93623 15,44714
25,32959 18,15796 15,62357
31,12793 17,77649 15,44237
24,41406 17,96246 15,5139
24,71924 18,15557 15,72847
25,32959 18,02921 15,47217
26,85547 17,90285 15,64384
25,32959 17,60483 15,3935
25,32959 18,43929 15,56993
23,49854 17,88616 15,558
29,29688 17,92908 15,61999
24,71924 17,87186 15,51867
24,10889 18,15319 15,8
26,24512 18,13173 15,82265
25,63477 17,941 15,40661
23,80371 17,75503 15,38634
25,93994 17,8051 15,48529
24,41406 17,30919 15,07878
25,32959 17,90524 15,49959
23,80371 18,00537 15,56516
26,24512 17,68589 15,42449
24,10889 17,41886 15,28859
24,41406 17,6096 15,50078
26,55029 18,05782 15,75947
25,93994 17,86232 15,3625
25,93994 18,01014 15,63787
29,90723 17,73596 15,57946
25,32959 18,08643 15,62953
26,24512 18,44883 15,89298
23,49854 17,50708 15,23376
27,46582 17,39264 15,18011
25,63477 17,70258 15,37085
28,07617 17,85278 15,5282
27,46582 17,79795 15,41138
25,32959 17,88139 15,52463
26,85547 17,93385 15,57708
27,16064 17,58575 15,19799
23,49854 17,22097 14,92858
25,63477 17,60721 15,25879
26,24512 17,34734 14,94527
25,93994 17,49039 15,23018
23,49854 17,78126 15,38754
25,32959 18,02683 15,63907
29,60205 18,19611 15,58542
24,10889 17,90524 15,6796
25,02441 17,97199 15,7845
27,46582 18,11266 15,68913
28,07617 18,17942 15,64384
27,46582 17,99822 15,68317
22,88818 17,4737 15,16461
25,63477 17,94338 15,45548
26,24512 18,76116 16,29114
25,63477 17,79795 15,51867
23,49854 17,48085 15,31124
24,41406 17,47608 15,37681
25,32959 17,51661 15,30051
25,93994 17,76457 15,50436
25,32959 17,54999 15,30886
24,71924 16,29353 14,24193
21,05713 15,13004 13,23342
23,19336 16,79659 14,53757
21,05713 15,73324 13,90219
26,24512 17,39502 15,16581
24,10889 16,77036 14,55069
23,80371 16,50572 14,49108
24,41406 17,78603 15,47813
25,93994 17,68827 15,38634
23,80371 16,79897 14,82725
26,55029 17,71688 15,40422
24,41406 18,00537 15,63072
24,71924 17,59291 15,2576
25,93994 18,15081 15,74039
26,85547 18,06736 15,82384
25,32959 18,00776 15,66648
25,63477 18,06259 15,52224
28,68652 17,74788 15,50436
22,88818 18,0316 15,69867
24,41406 18,39399 15,84172
25,32959 18,27002 15,99789
22,88818 17,4427 15,41972
24,10889 17,75026 15,45787
27,16064 17,53807 15,27667
23,80371 17,17091 14,94765
26,85547 18,35585 16,03127
24,41406 17,69304 15,4531
26,55029 18,29147 15,79523
23,19336 17,55476 15,35416
25,32959 17,65251 15,38277
25,32959 17,66682 15,36846
27,16064 17,93385 15,73682
28,38135 18,22233 15,81788
23,80371 17,66443 15,25521
25,93994 18,11028 15,78808
32,34863 17,77172 15,33985
27,46582 17,82179 15,5592
25,93994 18,12935 15,65933
26,55029 18,02683 15,70821
25,02441 17,90524 15,31005
24,71924 18,29624 15,93709
26,85547 17,93385 15,40899
28,9917 18,13173 15,52701
28,07617 17,77649 15,44595
26,85547 17,8647 15,41495
32,34863 18,2128 15,52463
29,60205 18,21518 15,90133
29,60205 18,21518 15,75828
24,10889 17,92669 15,56516
25,63477 17,57622 15,3017
26,85547 17,74311 15,43164
27,16064 18,34154 15,80358
22,88818 17,42601 15,32197
28,07617 17,83371 15,49959
23,19336 17,74788 15,30528
26,24512 18,16511 15,7094
29,60205 17,88378 15,45906
24,10889 18,17465 15,74397
25,93994 18,11981 15,60926
24,71924 18,20326 15,8298
28,38135 17,60244 15,46502
29,90723 17,88616 15,45548
26,55029 18,13412 15,67483
28,38135 18,23425 15,77616
25,93994 17,95292 15,66172
25,93994 17,93623 15,55681
28,38135 18,0316 15,59734
24,71924 18,05782 15,71536
24,71924 17,82894 15,47575
25,63477 17,97915 15,59258
23,49854 17,49039 15,04183
29,60205 18,1365 15,77616
31,12793 18,25571 15,77497
25,02441 17,76695 15,38038
28,68652 18,32485 15,87391
26,24512 17,74549 15,61284
24,41406 17,80748 15,61642
27,46582 18,24141 15,78808
26,24512 17,78364 15,66768
29,90723 18,08882 15,80954
24,71924 17,63821 15,35535
25,63477 17,86709 15,54251
23,80371 17,78603 15,40303
25,32959 17,17329 15,15627
25,63477 17,96007 15,59973
31,43311 17,59768 15,44595
24,71924 17,85994 15,42807
24,41406 17,66205 15,70225
24,10889 17,50946 15,21111
27,16064 17,73357 15,32793
26,24512 17,88139 15,54847
26,85547 18,05067 15,62238
22,88818 17,29965 15,27309
24,41406 17,91716 15,6796
26,24512 18,09835 15,66291
25,02441 17,7002 15,49959
25,63477 17,32349 15,21468
26,24512 17,97199 15,61165
22,27783 17,33541 15,1515
25,02441 18,16273 15,67483
28,38135 18,0006 15,68913
25,32959 17,92192 15,65576
24,10889 17,89093 15,65576
24,71924 17,75503 15,51509
28,68652 17,1423 15,19918
24,10889 17,24958 15,21111
23,19336 17,75503 15,58304
23,80371 18,02444 15,64145
25,32959 17,74549 15,42926
24,10889 18,32485 15,77139
25,32959 17,7598 15,35892
27,16064 17,88855 15,51032
26,24512 18,32724 15,94305
25,93994 17,98391 15,79881
25,63477 17,63105 15,16819
26,85547 18,46552 16,10875
27,16064 17,80748 15,50436
24,10889 17,43078 15,20157
23,80371 17,71688 15,43283
26,24512 17,13037 14,95004
28,07617 17,73596 15,26713
30,51758 17,48562 15,31363
25,93994 17,84563 15,67006
25,02441 17,3831 15,14554
28,38135 17,40694 15,00249
27,771 17,96246 15,65814
23,80371 17,60483 15,32912
25,63477 17,97915 15,68079
25,32959 17,50469 15,35177
25,32959 17,04693 14,76049
23,80371 17,38548 15,0609
25,63477 17,8194 15,4078
25,32959 17,93861 15,53774
27,16064 17,90762 15,60211
26,55029 17,96007 15,46741
25,02441 17,64297 15,29336
32,65381 18,37492 15,95378
30,82275 17,36641 15,19918
24,41406 17,82894 15,39826
29,29688 17,31873 15,13481
28,9917 17,9863 15,71298
27,16064 18,38207 15,86199
25,32959 17,74311 15,49006
27,46582 17,7598 15,52105
24,71924 17,73119 15,53893
23,19336 17,8504 15,34104
25,02441 17,90047 15,68317
25,63477 17,92669 15,56993
28,07617 17,94577 15,49721
25,02441 17,65966 15,40184
31,12793 18,32962 15,74039
25,02441 17,56907 15,3029
25,32959 17,84801 15,48648
27,16064 17,89093 15,44595
24,71924 17,64774 15,33866
27,46582 17,86232 15,59138
26,24512 17,58099 15,13839
27,16064 17,63821 15,5735
25,63477 17,96722 15,55085
24,10889 18,0316 15,69986
25,63477 17,6096 15,50794
26,85547 17,73357 15,54012
25,63477 17,88616 15,66529
25,02441 17,13991 15,10501
25,63477 17,92192 15,47813
26,55029 18,19849 15,65814
25,93994 17,78364 15,46144
25,02441 17,63344 15,37085
26,85547 17,99345 15,61403
26,24512 17,97915 15,62953
26,55029 17,69304 15,46025
24,41406 17,81225 15,37085
28,38135 17,77649 15,60211
24,71924 17,92908 15,54489
25,93994 17,72881 15,54608
28,68652 17,93623 15,54251
24,41406 17,91239 15,61403
25,02441 18,13889 15,6343
28,07617 18,01491 15,86556
31,12793 18,05067 15,73563
24,10889 17,98391 15,43999
24,71924 17,84801 15,53416
26,24512 18,39399 15,98477
23,49854 17,92192 15,50794
25,02441 18,04352 15,76781
24,41406 17,8957 15,67602
25,32959 17,91716 15,62476
24,41406 17,67874 15,49482
25,02441 18,24379 15,83099
27,771 17,99107 15,59615
26,85547 17,58814 15,52463
27,46582 17,82179 15,48052
25,02441 17,72642 15,50436
25,32959 18,24856 15,64741
27,16064 18,20564 15,69867
25,93994 18,03875 15,81192
25,02441 18,15796 15,88702
28,9917 17,73596 15,54608
27,46582 18,09597 15,80834
26,85547 18,06974 15,63787
26,55029 17,83609 15,56993
22,27783 17,59052 15,35892
26,55029 18,33916 15,94543
25,93994 17,99583 15,71536
25,32959 18,08405 15,73205
27,771 17,68351 15,49482
24,71924 18,0006 15,45072
25,32959 17,69066 15,62953
27,16064 18,03398 15,58423
26,24512 18,26286 15,9049
27,16064 18,17465 15,79285
28,9917 18,04829 15,6951
27,16064 17,63344 15,44237
28,9917 17,7002 15,33151
22,88818 17,39025 15,11455
25,93994 17,99345 15,74755
25,63477 18,17226 15,57827
27,46582 17,87186 15,56516
28,9917 17,73596 15,33508
25,32959 17,91477 15,73443
27,16064 17,87186 15,38754
25,32959 18,28194 15,76066
29,29688 18,33677 16,13379
27,16064 18,44406 15,90729
23,80371 17,47608 15,18726
24,41406 17,39025 15,08832
25,32959 17,79318 15,46144
26,24512 18,49413 16,01338
27,16064 18,06021 15,8596
25,63477 18,02206 15,78331
27,16064 18,12696 15,79523
25,32959 18,12935 15,71655
25,93994 18,16273 15,70582
30,2124 17,97438 15,65814
30,51758 18,00776 15,6033
28,68652 18,4226 15,92755
30,2124 17,96961 15,4531
28,38135 18,74447 16,16478
25,02441 18,16511 15,82503
25,32959 18,16988 15,9502
27,771 18,30816 15,89298
25,02441 17,88855 15,71298
28,9917 18,17226 15,72847
25,02441 18,30339 15,97166
23,80371 18,14842 15,72251
28,07617 18,32485 15,86199
28,07617 17,76695 15,44118
25,93994 18,36538 16,09683
29,60205 18,31532 16,08253
26,24512 17,89331 15,75947
26,55029 18,08405 15,87272
25,02441 17,96484 15,48648
23,80371 17,96007 15,61046
22,88818 18,02683 15,85245
28,9917 18,48459 15,90371
25,63477 18,44168 16,0861
26,85547 17,67635 15,46979
25,63477 17,74788 15,58661
26,24512 17,83848 15,72609
26,55029 17,41886 15,32912
25,93994 17,87901 15,73086
28,07617 17,78126 15,52224
23,19336 17,47608 15,27667
27,16064 17,8957 15,74039
24,41406 17,86232 15,6486
25,63477 18,46313 16,05392
25,02441 18,02683 15,73443
23,80371 18,38684 15,89775
25,93994 18,05305 15,9204
26,55029 17,78126 15,62238
26,85547 18,21756 15,83695
26,55029 18,21756 15,6486
25,63477 17,80272 15,54132
23,19336 17,38787 15,21826
31,73828 17,96722 15,79762
25,02441 17,91716 15,45072
26,24512 17,91716 15,57946
26,55029 17,91477 15,69629
26,55029 18,24141 15,86795
25,93994 17,84563 15,71298
28,38135 18,2271 15,87629
23,80371 17,24482 14,93216
23,80371 17,16137 14,98818
24,71924 17,35687 15,43522
24,41406 18,0769 15,75351
25,63477 18,08405 15,80358
29,29688 17,50946 15,44476
25,63477 17,94577 15,56873
25,32959 17,68589 15,58781
27,46582 18,04113 15,7249
23,80371 17,72881 15,60688
28,07617 17,75742 15,558
26,24512 18,04829 15,83576
26,55029 17,74311 15,61522
26,55029 17,85994 15,56754
24,71924 17,62152 15,59138
28,07617 17,85994 15,57827
23,80371 17,75026 15,45787
26,24512 17,7598 15,5592
25,32959 17,72165 15,53416
30,2124 17,77172 15,44714
24,71924 17,79318 15,378
23,80371 17,88378 15,61761
25,02441 17,22574 15,25521
24,71924 17,81225 15,61522
27,16064 18,17703 15,81788
26,24512 17,79318 15,558
24,71924 17,91716 15,58661
26,24512 18,06736 15,69152
26,85547 17,90762 15,67125
24,41406 17,51661 15,42568
24,41406 17,46655 15,17057
23,49854 17,73119 15,51032
25,02441 18,21518 15,72132
29,60205 16,94441 14,89878
28,68652 18,27955 15,89179
23,80371 17,73834 15,54251
24,71924 18,14365 15,75112
24,41406 17,98391 15,72371
24,10889 18,0769 15,72967
30,2124 17,9553 15,78331
28,9917 17,91239 15,51628
26,24512 18,19611 15,82026
28,07617 18,12935 15,83219
24,41406 18,15081 15,87987
24,71924 18,38923 16,09802
28,68652 18,59903 16,0265
27,46582 18,12935 15,74993
24,71924 17,67397 15,41853
24,71924 17,5643 15,41615
23,80371 18,32485 15,88345
27,771 17,99583 15,79762
28,68652 18,0316 15,64145
24,71924 18,21995 15,94186
26,85547 18,08643 15,67125
26,55029 17,96961 15,769
27,16064 18,33916 16,12663
28,07617 18,11743 15,82026
25,02441 18,06974 15,7094
26,55029 18,50605 16,1314
23,80371 17,97199 15,80119
24,71924 17,91716 15,65576
26,55029 18,40591 16,03723
23,49854 18,06021 15,81907
25,63477 18,15796 15,80477
26,55029 18,10551 15,85484
31,73828 17,81702 15,39469
31,73828 18,05782 15,67721
24,10889 17,67874 15,51151
26,24512 18,00776 15,58185
28,9917 18,11028 15,94901
24,10889 17,53569 15,40065
28,68652 18,74924 16,30425
26,55029 18,09359 15,84291
27,771 17,99345 15,78808
25,93994 17,42125 15,26356
24,71924 18,16034 15,95497
26,55029 18,02444 15,67602
29,29688 18,74447 16,30545
25,63477 17,97199 15,67006
25,93994 17,63821 15,48886
24,41406 18,36777 15,88225
25,32959 18,1365 15,84411
23,49854 18,05067 15,78808
24,41406 18,02921 15,78808
18,31055 12,70771 11,15203
20,1416 13,94987 12,29763
20,1416 14,18829 12,39061
19,53125 14,42432 12,5277
20,1416 14,51731 12,64095
19,53125 13,87358 12,16531
18,61572 13,65185 11,99365
18,61572 13,63277 11,90782
19,53125 12,81023 11,14011
18,9209 13,08441 11,58237
20,44678 13,90219 12,22134
19,22607 13,85212 12,08067
20,44678 13,22985 11,54423
25,63477 17,44509 15,21587
28,38135 18,47982 16,05511
25,63477 17,96484 15,58185
25,63477 18,47506 16,04438
23,19336 17,56668 15,54489
24,71924 18,07928 15,84888
25,63477 17,28535 15,10262
29,29688 18,24856 15,9657
29,90723 18,24617 15,83457
25,93994 18,2128 15,9514
25,63477 18,01729 15,89537
24,41406 17,95053 15,6939
26,85547 17,78603 15,32674
24,41406 17,70735 15,44476
23,19336 17,72165 15,55204
25,32959 18,59188 16,21604
26,55029 18,11266 15,76304
24,41406 18,60857 16,13498
21,97266 16,99209 14,78434
25,63477 16,35075 14,35399
22,27783 16,14571 14,11557
23,80371 16,675 14,71043
21,66748 16,70122 14,61506
23,49854 16,85858 14,77957
23,19336 16,98256 14,98222
26,55029 16,69645 14,79506
25,02441 16,54625 14,42552
25,02441 16,58916 14,42313
25,02441 18,19849 16,03842
24,41406 18,06259 15,75708
29,29688 18,14842 15,9061
27,16064 18,10789 15,75351
24,71924 18,35585 16,04795
27,16064 18,47744 16,13021
28,07617 17,87663 15,53178
23,49854 17,69066 15,68794
27,16064 18,37015 15,89894
24,10889 17,74073 15,53655
29,90723 18,1675 15,67483
26,85547 17,8647 15,44952
25,93994 18,40353 16,07656
26,55029 18,20803 15,87152
25,63477 18,08643 15,64026
29,90723 18,26286 15,92517
24,10889 17,8051 15,62595
26,24512 17,85517 15,67483
26,85547 17,92669 15,7249
25,93994 17,78126 15,62834
25,93994 18,39638 15,82146
26,24512 18,37254 16,00981
26,55029 17,73357 15,43164
28,07617 18,64195 16,06822
29,29688 18,21518 15,93232
28,9917 17,98868 15,71178
24,71924 18,40353 16,10279
26,85547 18,25809 15,95497
26,85547 18,05782 15,65337
25,63477 18,29147 15,98716
25,02441 18,49413 16,0563
24,10889 17,75742 15,6939
23,49854 18,15796 15,79762
24,41406 18,01729 15,75232
25,63477 17,65013 15,57231
26,55029 18,33439 15,88583
25,02441 17,8647 15,72609
24,10889 17,98153 15,92278
27,46582 18,51797 16,30068
26,85547 18,28671 15,8608
25,02441 18,3773 15,85245
25,93994 18,06736 15,68317
25,63477 17,68827 15,558
25,63477 18,37015 16,03127
26,24512 18,26763 15,86914
24,10889 17,58337 15,65337
24,41406 17,92669 15,8
24,41406 17,70973 15,54251
26,85547 17,91477 15,68198
24,41406 18,05782 15,68198
23,80371 18,2271 15,78808
25,93994 18,29624 16,03603
25,63477 17,8051 15,50317
24,71924 18,1818 15,92755
26,55029 18,60857 16,09564
25,93994 18,18419 15,72013
25,63477 18,37015 15,98835
25,63477 18,04829 15,71894
27,771 18,51559 16,1767
27,16064 18,28432 16,0265
23,80371 18,04829 15,86914
27,16064 18,38684 16,13259
25,63477 18,05544 15,6045
26,85547 18,48221 16,20293
25,02441 18,01252 15,81192
30,2124 18,37969 15,97762
24,10889 17,92431 15,68794
27,771 18,46313 16,21723
26,55029 18,02683 15,8143
27,16064 18,15796 15,73682
25,32959 18,24617 15,86437
27,46582 18,04113 15,78093
26,85547 18,85891 16,38293
30,82275 18,0769 15,65576
27,16064 17,81464 15,70463
26,85547 17,71927 15,59854
25,63477 18,39161 16,16478
28,38135 18,73016 16,2828
28,9917 18,18419 15,8453
26,85547 18,14604 15,80596
24,71924 18,36061 16,05153
25,32959 18,13173 15,82861
27,771 17,70496 15,32435
28,9917 18,28909 15,94901
24,10889 17,92431 15,70106
26,55029 18,19372 15,96928
27,46582 18,25571 15,73563
26,55029 18,18419 15,96689
25,93994 18,01729 15,96332
30,82275 18,363 15,90967
23,19336 17,76218 15,62238
25,63477 18,0006 15,60211
25,93994 17,87186 15,64384
26,24512 18,49651 16,03484
25,02441 18,08643 15,7702
27,771 18,08405 15,72847
26,24512 17,75742 15,57708
26,24512 17,93623 15,69033
25,32959 18,53704 16,26492
25,02441 18,0316 15,8906
26,85547 18,41784 16,0408
24,71924 17,81702 15,53416
27,771 18,79692 16,29233
26,24512 18,05782 15,81907
28,38135 18,84222 16,25299
26,85547 18,47744 15,92994
24,10889 18,16511 15,94186
25,63477 18,09835 15,87391
27,46582 18,06259 15,80715
27,46582 18,36061 15,86199
27,16064 17,80033 15,58185
27,771 18,08882 15,77377
26,55029 18,41545 15,98239
26,85547 18,19611 15,90371
28,38135 18,70155 16,1624
23,49854 18,12458 15,96093
25,32959 18,39876 16,12663
26,55029 18,48459 16,15882
24,71924 17,65013 15,49244
30,82275 18,17226 15,8906
27,771 18,04352 15,83338
26,24512 18,0912 15,67245
20,44678 15,21349 13,26919
22,27783 15,33508 13,36098
25,63477 16,32929 14,40287
21,66748 15,97166 14,03213
23,49854 16,56532 14,4577
25,02441 16,66307 14,53042
23,80371 16,48426 14,55188
23,19336 16,36982 14,3218
23,49854 16,99209 14,73308
25,32959 17,07792 14,82725
29,29688 16,47472 14,29081
26,24512 16,70599 14,55307
19,22607 15,11812 13,24534
21,05713 15,64741 13,84258
24,10889 17,04454 14,67466
26,85547 16,43419 14,32061
23,19336 15,9049 14,1573
26,55029 18,30339 16,01458
26,55029 18,14842 15,97285
25,32959 18,15081 15,88702
28,9917 18,1818 15,87272
30,2124 18,5442 16,03365
25,32959 18,10789 15,8453
25,32959 18,82792 16,42704
25,93994 18,76593 16,51406
27,771 18,4989 16,17789
25,63477 18,28194 15,98716
28,07617 18,48698 16,17312
22,88818 18,30816 16,03961
27,46582 18,11266 16,03007
27,16064 18,11504 15,60092
26,24512 18,18895 15,96212
28,07617 18,55612 16,24703
27,771 18,62764 16,16478
25,93994 18,67771 16,3424
25,63477 18,29624 15,86437
25,02441 18,07928 15,58185
26,24512 18,05544 15,77258
24,41406 18,21518 15,90371
36,92627 18,83984 16,26968
27,771 17,97438 15,73205
28,07617 18,42737 15,97524
25,93994 18,30101 15,94782
21,97266 17,83848 15,5127
25,63477 18,59426 16,21962
27,16064 18,02683 15,73086
25,63477 18,23187 15,97047
24,10889 18,10074 15,9049
27,46582 18,64672 15,98239
28,68652 17,76695 15,68079
23,80371 18,16034 15,94782
25,02441 18,47029 16,00027
25,02441 18,17703 15,81311
26,24512 17,90047 15,44833
25,93994 17,48085 15,35416
27,771 18,1365 15,68198
26,85547 17,88616 15,65099
28,68652 18,22233 15,54966
25,63477 18,45598 16,01577
31,73828 18,363 16,00742
27,16064 17,87901 15,63191
28,68652 18,31293 15,79404
26,24512 17,78841 15,49482
26,85547 18,83745 16,35671
28,38135 18,40353 15,98358
24,71924 18,24141 15,81669
26,24512 18,96858 16,37459
24,10889 18,29386 15,98239
22,58301 18,17465 15,97524
28,9917 18,27002 15,89417
27,16064 18,42499 16,11352
29,29688 18,2724 15,81788
28,38135 18,23664 15,98716
25,32959 18,32247 15,92278
27,46582 18,47982 16,18505
26,85547 18,6038 16,3722
24,71924 18,1365 15,94305
25,63477 18,24617 15,93709
28,07617 18,26763 15,78212
30,51758 18,61811 16,20531
22,58301 17,92431 15,77258
25,32959 18,71347 16,15644
28,38135 18,30816 16,00862
26,24512 18,52989 15,96332
27,46582 18,18895 15,92875
26,85547 18,41307 16,00742
28,9917 18,31055 15,73324
26,55029 18,12458 15,86676
25,63477 17,91239 15,70344
28,07617 18,16988 15,66768
24,71924 18,42499 15,77973
25,02441 18,2724 16,03723
24,10889 18,37015 15,97643
26,24512 18,91375 16,50214
26,85547 18,74685 16,22081
26,85547 18,56565 16,11471
30,82275 18,35108 15,91086
28,9917 17,90762 15,56993
27,16064 18,55135 15,98239
28,68652 18,52036 16,04438
25,32959 18,56804 15,88702
27,16064 18,17226 15,8608
32,95898 18,6038 16,12782
24,41406 18,40115 15,89537
25,63477 18,21041 15,80715
25,32959 18,7397 16,10875
24,71924 18,08405 15,49125
28,68652 18,62526 16,00027
25,32959 18,06498 15,70821
29,90723 18,14365 15,98597
26,55029 18,40115 15,86437
27,46582 18,30816 15,8751
27,16064 18,43691 16,02769
