0,6103516 0,298818 0,2257032
0,8138021 0,2829233 0,2066296
0,6103516 0,2892812 0,2129875
0,6103516 0,2861023 0,211398
0,6103516 0,2956391 0,2241137
0,8138021 0,2924601 0,2241137
0,6103516 0,301997 0,2257032
0,6103516 0,3051759 0,2304716
0,6103516 0,298818 0,2336505
0,6103516 0,3051759 0,2304716
0,6103516 0,3019969 0,2257032
0,6103516 0,3147127 0,2241138
0,8138021 0,3433231 0,2511346
0,8138021 0,3306074 0,2431874
0,6103516 0,2574919 0,2098085
0,6103516 0,3051759 0,2368294
0,6103516 0,2861023 0,2257032
0,6103516 0,3019969 0,232061
0,4069011 0,2988181 0,2193454
0,6103516 0,3210706 0,2415979
0,6103516 0,298818 0,2288821
0,6103516 0,301997 0,2257032
0,6103516 0,3178916 0,2384189
0,6103516 0,3147127 0,2336506
0,8138021 0,3242495 0,2447768
0,6103516 0,3210706 0,238419
0,4069011 0,2797444 0,2193453
0,8138021 0,3115338 0,2384189
0,6103516 0,3306074 0,2415979
0,6103516 0,3242495 0,2511346
0,6103516 0,3178916 0,2384189
0,6103516 0,3433231 0,2527241
0,6103516 0,3560387 0,2590818
0,4069011 0,2861023 0,2209348
0,6103516 0,3306074 0,238419
0,8138021 0,3051759 0,2336505
0,6103516 0,3147127 0,2320611
0,6103516 0,3083549 0,2415978
0,8138021 0,2892812 0,2145769
0,8138021 0,346502 0,2574925
0,8138021 0,3560387 0,2638502
0,6103516 0,3337863 0,2463663
0,6103516 0,3147127 0,2384189
0,6103516 0,3115338 0,23524
0,8138021 0,3306074 0,2447768
0,6103516 0,3369652 0,2574924
0,6103516 0,298818 0,2336505
0,6103516 0,3337863 0,2511347
0,6103516 0,3178917 0,2320611
0,6103516 0,2861023 0,2241137
0,6103516 0,3083548 0,2400084
0,8138021 0,3210706 0,23524
0,6103516 0,3528598 0,2622607
0,6103516 0,3147127 0,2415978
0,6103516 0,3719331 0,2749762
0,6103516 0,3147127 0,2400084
0,8138021 0,3178916 0,2415978
0,8138021 0,3178917 0,2479557
0,6103516 0,3210706 0,2400084
0,6103516 0,3337863 0,2495452
0,6103516 0,3242496 0,2479557
0,6103516 0,3337863 0,2606713
0,6103516 0,3210706 0,2288822
0,6103516 0,3274284 0,2527241
0,8138021 0,3528597 0,2717974
0,6103516 0,3051759 0,2368295
0,8138021 0,3528597 0,2717974
0,8138021 0,3210706 0,2415979
0,6103516 0,3274285 0,2463663
0,6103516 0,3306074 0,2606713
0,6103516 0,3306074 0,2495452
0,6103516 0,3210706 0,2527241
0,8138021 0,3973643 0,2908706
0,8138021 0,3369653 0,2574925
0,6103516 0,3337863 0,2574925
0,6103516 0,343323 0,270208
1,017253 0,3465019 0,2543135
0,8138021 0,4132588 0,2972283
1,017253 0,3846487 0,2845128
0,8138021 0,3401442 0,2590819
0,6103516 0,3337863 0,2638502
0,6103516 0,4132588 0,2908705
0,6103516 0,3560386 0,2686185
0,8138021 0,3655753 0,2749763
1,220703 0,3910066 0,2861023
1,424154 0,3751121 0,2861024
0,8138021 0,3941855 0,2924601
0,8138021 0,4164377 0,2956389
0,6103516 0,3846487 0,2829234
0,6103516 0,3973643 0,2940494
0,8138021 0,3751121 0,281334
0,8138021 0,3910065 0,2940495
0,8138021 0,4291532 0,3194804
0,8138021 0,4450479 0,3210699
0,8138021 0,4418689 0,317891
0,8138021 0,4577634 0,3401431
1,424154 0,4927314 0,3623956
1,220703 0,5276996 0,3687535
1,017253 0,5245206 0,3910061
1,017253 0,5499521 0,4005429
1,017253 0,5276996 0,4148482
1,627604 0,6326043 0,4657111
1,220703 0,67393 0,5038583
1,627604 0,7724764 0,5515425
2,441406 0,8360545 0,6341928
2,848307 1,029968 0,7549917
2,034505 1,138052 0,8471808
3,255208 1,395542 1,0252
3,458659 1,624425 1,192093
8,951821 2,19663 1,567205
9,765625 3,102621 2,118747
14,44499 4,043579 2,795856
10,57942 5,044936 3,461837
15,66569 6,783803 4,59512
14,24154 7,807412 5,747475
23,39681 9,485878 7,112821
32,34863 11,31058 8,920033
25,83821 11,79695 9,568535
50,25229 14,10167 10,70499
33,36587 16,53989 12,82533
41,09699 19,75377 15,06011
45,57292 23,83232 17,45541
46,38672 27,19878 20,35141
48,42122 30,70195 23,74013
58,59377 34,43081 27,17494
51,26957 35,84224 28,82162
53,10061 37,74642 30,68606
56,96615 39,58066 33,24032
51,47299 38,90989 32,94785
56,96619 40,27366 35,08091
72,02158 41,08111 34,58659
64,4939 41,99028 36,12042
59,61105 43,4335 36,62267
59,81453 44,99118 37,96736
73,24235 45,26775 39,09429
70,39391 43,7673 37,03594
64,2904 46,54885 41,07635
66,52837 46,09426 40,31341
60,6283 46,04022 39,57431
73,44576 47,973 42,003
72,22502 48,56428 41,82815
63,88348 48,54838 41,74073
66,93524 48,96483 42,62766
76,49747 51,98161 43,88651
63,68006 50,90079 44,35381
71,81812 51,45075 44,08202
81,38029 52,30905 45,58246
74,46299 53,29133 46,85721
74,25953 55,13511 47,69326
94,40108 55,33537 48,6501
79,95611 56,4798 49,6785
78,73543 57,50659 49,70235
82,39748 61,14011 52,32972
83,61819 64,0043 56,26839
89,92516 65,20912 56,69119
90,33205 65,69866 57,95003
91,95965 67,44389 59,09605
88,50103 68,96025 61,0034
89,11137 71,95796 63,07128
85,44925 70,47659 62,46729
97,04594 75,34031 66,50133
103,7597 76,97747 67,50429
103,7597 80,7572 69,21931
108,2356 79,43476 69,34329
107,2184 81,86027 73,48064
115,3564 85,44607 74,80145
143,2291 87,90971 77,48924
117,1875 86,54279 75,70113
124,1047 86,04371 74,32939
111,8978 89,36567 78,31099
121,0529 89,66447 78,07733
121,8668 91,06 78,22195
130,4117 95,97143 84,46537
144,4498 93,33929 82,90928
162,3535 98,26659 85,91016
135,905 96,604 84,97235
136,7188 101,2421 87,46622
143,636 99,77657 85,08842
126,5462 101,2007 89,59135
136,1084 102,0622 87,66651
128,9876 100,8892 90,1365
128,9875 100,619 86,7351
130,8185 102,2593 88,86652
133,2599 101,6044 88,22282
136,1082 102,4818 88,11634
137,3291 104,7134 91,59087
135,2945 105,3269 92,13448
135,2945 102,6694 91,17921
140,1773 102,1671 89,75822
138,1429 105,8642 93,20415
133,667 106,7638 92,67329
148,5188 105,772 91,84518
144,0428 105,3746 89,92033
136,5152 104,8819 91,19031
138,9567 107,2883 93,00867
147,9082 106,9704 93,57293
139,974 106,767 94,04182
154,2155 106,9609 94,85086
142,2121 111,2302 96,77407
146,4843 109,0463 94,76026
137,7361 108,5726 92,99753
154,6224 106,891 92,18693
143,0258 108,0067 94,06881
148,112 107,6984 93,34561
160,9285 106,7129 93,80341
141,1946 106,2329 92,6685
134,6842 104,1031 90,13654
170,6951 106,8337 92,9864
144,0422 108,2483 93,12469
147,5014 111,4463 96,25115
145,4669 107,8351 93,18826
140,1772 110,8996 95,71073
140,5843 109,024 94,21503
140,3809 107,7588 93,04838
169,6778 108,8873 93,74138
148,7215 110,2256 93,70487
135,9048 109,2561 96,0191
151,774 112,7783 97,04908
150,5533 109,4945 95,24818
164,388 117,5403 100,2153
145,874 110,6803 94,98913
145,0602 111,459 95,82992
137,9394 111,5195 97,16826
