0,6103516 0,416438 0,3083552
0,8138021 0,4371012 0,3186871
0,8138021 0,4323328 0,3170975
1,017253 0,4450485 0,3266345
0,8138021 0,4529957 0,3353768
0,8138021 0,4704799 0,3616026
0,8138021 0,4641221 0,3639867
1,017253 0,4863746 0,3822652
0,8138021 0,4752483 0,3790862
0,8138021 0,5038586 0,4013384
1,220703 0,5261108 0,416438
1,017253 0,5420052 0,4243852
1,424154 0,5245214 0,4188221
1,017253 0,5467734 0,4394847
1,017253 0,5865093 0,4601473
1,017253 0,6182983 0,48081
1,220703 0,6707509 0,5316725
1,627604 0,699361 0,5412092
1,424154 0,7692969 0,6000205
1,424154 0,8058547 0,620684
1,627604 0,8598968 0,6866465
1,831055 0,8996338 0,7057204
1,424154 0,9123496 0,7120782
1,627604 0,9663913 0,7637351
2,644857 1,02679 0,8122124
2,644857 1,029968 0,8225436
2,034505 1,142819 0,9099627
2,237956 1,128513 0,909962
3,86556 1,217525 0,9592361
3,66211 1,258851 1,003742
3,66211 1,29064 1,029968
3,458659 1,311303 1,050632
3,458659 1,443228 1,138054
3,255208 1,430513 1,153949
3,051758 1,552899 1,221498
2,644857 1,564025 1,254876
3,051758 1,645086 1,327194
2,848307 1,743634 1,398721
3,66211 1,870793 1,493295
3,66211 1,999538 1,587075
3,66211 2,044042 1,664162
4,069011 2,174375 1,757938
4,272461 2,373061 1,888276
4,679363 2,484325 1,990001
4,475912 2,590815 2,069474
5,086263 2,824463 2,264977
5,086263 2,903939 2,319813
5,493164 3,089905 2,471605
8,748369 3,291767 2,608299
7,324217 3,430049 2,714795
8,951819 3,566742 2,792677
8,341469 3,827413 3,032685
9,15527 4,105566 3,274279
7,324217 4,30902 3,4523
9,15527 4,878046 3,899734
8,544919 5,036992 4,052322
9,35872 5,37872 4,241467
8,951819 5,418459 4,26054
10,17252 5,8794 4,722277
10,57942 6,111464 4,666649
9,562171 6,281535 4,77314
10,57942 6,578762 4,978976
9,765623 6,78539 5,115666
10,37597 7,063549 5,214214
10,57942 7,416405 5,521774
10,57942 7,594427 5,733968
10,37597 7,851923 5,770529
11,59668 8,381207 6,361804
11,39323 8,813541 7,014274
14,24154 9,209323 7,680262
12,20703 9,560591 8,204781
12,61393 9,888011 8,483723
12,20703 9,930926 8,711814
12,41048 10,25042 9,215672
12,61393 10,44432 9,235535
13,63119 10,78288 9,651978
13,02083 11,03083 9,846684
14,85189 11,18342 10,0096
13,63119 11,21839 10,21305
14,03809 11,43456 10,29253
13,63119 11,74768 10,70261
14,85189 11,62211 10,55002
14,24154 11,89868 10,36723
14,64844 12,1657 11,01573
15,25879 12,09577 10,99745
14,64844 12,45499 11,33998
15,6657 12,7395 11,61416
14,85189 12,78083 11,61417
15,86915 12,77129 11,70318
15,46225 12,9795 11,69205
16,4795 13,28628 12,12199
15,6657 13,29899 12,14425
16,27605 13,44363 12,17763
16,27605 13,60734 12,51698
16,4795 13,64708 12,54717
15,46225 13,63119 12,63221
16,8864 13,93795 12,83011
16,27605 13,92523 12,83646
15,6657 13,95067 12,7864
16,0726 13,99517 12,98189
17,08985 14,15412 12,95567
16,27605 14,2018 13,02957
16,8864 14,17637 13,23619
17,08985 14,34009 13,31886
16,68295 14,38459 13,38482
17,2933 14,36234 13,15356
17,08985 14,47042 13,29741
17,08985 14,39413 13,20363
16,4795 14,48949 13,45237
17,49676 14,50857 13,14085
17,2933 14,58327 13,43966
17,49676 14,67864 13,59145
16,4795 14,71361 13,55806
16,68295 14,63891 13,57317
16,68295 14,64208 13,60257
17,08985 14,82964 13,72655
16,68295 14,72155 13,57476
16,4795 14,71361 13,55966
16,8864 14,72473 13,52866
17,7002 14,84871 13,4786
17,7002 14,90116 13,84338
17,2933 15,01719 13,81238
17,2933 14,96474 13,78695
18,92091 14,97269 13,7647
17,90366 15,08713 13,9006
16,68295 14,96474 14,0373
17,2933 15,06329 14,17638
16,68295 15,03308 14,17716
17,49676 15,00606 13,9594
16,68295 15,11574 14,08656
17,49676 15,17296 13,96179
18,10711 15,31442 14,21452
17,2933 15,22064 14,08974
17,2933 15,28581 14,14935
17,08985 15,27468 14,24789
17,7002 15,40343 14,31545
17,7002 15,41933 14,2026
17,7002 15,22859 14,15491
17,08985 15,30489 14,31942
17,7002 15,30489 14,28208
17,7002 15,44158 14,39095
17,90366 15,4543 14,22167
17,2933 15,29217 14,0071
17,7002 15,49403 14,30273
17,2933 15,31124 14,31783
17,7002 15,53854 14,38539
17,7002 15,43204 14,48155
17,49676 15,47496 14,61109
17,90366 15,39707 14,30114
17,7002 15,60688 14,54671
18,10711 15,53059 14,37744
17,49676 15,4384 14,5801
18,51401 15,46383 14,33453
17,49676 15,53377 14,06034
17,7002 15,43204 14,29638
17,49676 15,39866 14,12948
17,2933 15,4686 14,30035
17,08985 15,378 14,18193
18,10711 15,33191 14,07226
18,10711 15,5592 14,48552
17,90366 15,6053 14,27492
18,51401 15,55443 14,4593
17,7002 15,49244 14,20498
18,71746 15,56238 14,59042
17,7002 15,48926 14,25744
17,90366 15,51629 14,45612
17,2933 15,47813 14,36393
17,7002 15,47972 14,2026
16,8864 15,51946 14,15809
18,10711 15,53854 14,31863
18,71746 15,52105 14,42194
17,7002 15,47337 14,23438
19,53126 15,57033 14,15889
18,31056 15,55125 14,57136
18,31056 15,53059 14,32658
17,90366 15,61642 14,59122
17,49676 15,58781 14,565
17,2933 15,59894 14,4903
17,7002 15,47655 14,40048
18,10711 15,62278 14,34406
18,31056 15,52741 14,52605
18,10711 15,71019 14,59598
17,90366 15,67682 14,70407
17,08985 15,50992 14,4291
17,08985 15,48449 14,43546
17,7002 15,66251 14,6691
17,49676 15,54967 14,17717
17,90366 15,52105 14,25346
17,7002 15,57192 14,4291
19,12436 15,52264 14,44102
17,49676 15,62278 14,46804
17,2933 15,48926 14,44579
17,7002 15,55285 14,38698
18,31056 15,59258 14,41002
17,7002 15,57191 14,38062
17,90366 15,48926 14,4442
18,10711 15,64821 14,52049
17,90366 15,59735 14,47281
18,31056 15,66251 14,5181
18,51401 15,57192 14,35042
17,08985 15,46224 14,36075
17,90366 15,66251 14,52844
17,90366 15,47337 14,38538
18,31056 15,68159 14,64447
17,49676 15,49562 14,25902
17,49676 15,39231 14,24472
18,10711 15,66728 14,44578
17,49676 15,47814 14,29955
17,7002 15,58622 14,49109
19,12436 15,67364 14,40127
17,49676 15,50198 14,52606
17,7002 15,62118 14,25425
17,49676 15,58305 14,37426
18,31056 15,52423 14,36711
17,49676 15,66252 14,34883
17,90366 15,5894 14,32976
17,08985 15,60847 14,49585
17,7002 15,6498 14,48393
18,51401 15,61325 14,30433
17,49676 15,59575 14,75731
17,7002 15,44953 14,24552
17,49676 15,64026 14,58168
17,08985 15,62278 14,41399
18,51401 15,66092 14,52684
18,31056 15,62119 14,48154
18,51401 15,69431 14,37426
17,7002 15,62914 14,58963
18,31056 15,58304 14,66115
17,7002 15,60688 14,57691
17,49676 15,63867 14,55863
18,10711 15,5894 14,53242
18,71746 15,66888 14,37188
18,51401 15,67841 14,73825
18,31056 15,60371 14,38459
17,2933 15,5894 14,43545
17,90366 15,52582 14,42671
17,7002 15,58304 14,78513
17,90366 15,68477 14,61903
17,49676 15,67364 14,75334
18,10711 15,79762 14,68022
17,90366 15,63072 14,64764
17,49676 15,59099 14,48313
18,51401 15,67682 14,51811
18,10711 15,55602 14,41082
17,90366 15,68 14,54035
18,10711 15,70066 14,58883
17,7002 15,53535 14,46724
17,7002 15,68795 14,22326
17,2933 15,58145 14,29479
17,49676 15,52423 14,34883
17,90366 15,52105 14,31307
17,2933 15,63391 14,48552
17,7002 15,69271 14,33849
17,90366 15,59098 14,49744
17,49676 15,65616 14,48949
17,7002 15,6196 14,35678
17,49676 15,6943 14,66274
17,7002 15,7102 14,48314
17,08985 15,71179 14,6079
17,2933 15,6339 14,55148
17,08985 15,73562 14,79388
17,49676 15,71496 14,40206
17,49676 15,65298 14,51492
17,08985 15,53377 14,50778
18,10711 15,68159 14,56182
17,2933 15,5131 14,23041
18,10711 15,51469 14,56817
17,90366 15,68794 14,69851
18,31056 15,68795 14,55307
17,7002 15,59576 14,46565
18,31056 15,62437 14,49585
18,10711 15,73722 14,71202
17,2933 15,75152 14,76844
17,7002 15,75152 14,83758
17,90366 15,68636 14,61903
18,71746 15,67205 14,57929
17,90366 15,69112 14,61586
18,10711 15,83894 14,72473
18,31056 15,69907 14,67148
18,31056 15,60688 14,59837
18,51401 15,72928 14,51175
17,90366 15,70066 14,49347
17,49676 15,77854 14,54194
17,49676 15,62278 14,3838
17,90366 15,60848 14,3687
17,08985 15,63232 14,35598
18,31056 15,58145 14,48552
17,7002 15,75788 14,44419
17,08985 15,61642 14,4283
18,51401 15,79126 14,60472
18,10711 15,64662 14,70248
18,51401 15,86755 14,75017
18,51401 15,6943 14,22723
17,49676 15,65298 14,59122
17,90366 15,71814 14,70486
19,32781 15,55602 14,47201
17,49676 15,68477 14,37823
18,10711 15,69112 14,73665
17,7002 15,76424 14,58646
18,71746 15,65298 14,46565
17,7002 15,74039 14,74539
17,49676 15,72927 14,70327
18,10711 15,71019 14,53876
17,7002 15,64344 14,54512
16,8864 15,72927 14,56896
17,7002 15,70066 14,51413
17,49676 15,61642 14,46724
17,49676 15,64821 14,41718
18,31056 15,75947 14,5332
17,49676 15,63867 14,70566
18,51401 15,65933 14,47678
17,7002 15,83099 14,70724
17,7002 15,64662 14,47995
17,7002 15,71656 14,53797
17,49676 15,74994 14,67228
17,90366 15,61959 14,54989
17,49676 15,75471 14,81613
18,51401 15,78172 14,61108
18,51401 15,68636 14,54591
18,10711 15,76742 14,73666
17,90366 15,62596 14,31863
17,7002 15,63708 14,54115
17,49676 15,73404 14,61506
17,7002 15,69907 14,27412
17,2933 15,60688 14,31783
19,12436 15,73722 14,64922
18,51401 15,75629 14,71678
17,2933 15,52582 14,3973
18,10711 15,69748 14,61585
18,10711 15,64821 14,383
17,49676 15,64662 14,72711
17,7002 15,7547 14,67227
17,2933 15,66887 14,40525
17,2933 15,55284 14,18909
17,90366 15,63867 14,30511
18,10711 15,74835 14,54512
18,31056 15,65456 14,37426
17,90366 15,59734 14,37505
18,10711 15,71496 14,69691
18,51401 15,67364 14,69612
17,49676 15,68795 14,47201
17,2933 15,73403 14,50379
17,49676 15,57509 14,39572
18,31056 15,79921 14,62141
17,2933 15,60848 14,6246
18,10711 15,79443 14,58168
17,90366 15,73245 14,53241
19,12436 15,69748 14,63652
17,2933 15,65774 14,50618
17,7002 15,74198 14,51889
17,90366 15,70225 14,48711
17,90366 15,73722 14,59599
17,49676 15,5894 14,4577
17,7002 15,79284 14,75572
17,90366 15,62277 14,45294
17,90366 15,80238 14,69771
18,51401 15,70543 14,42591
17,7002 15,80397 14,66512
17,90366 15,72291 14,58406
17,7002 15,65138 14,52684
17,90366 15,74835 14,70168
17,49676 15,75629 14,79148
18,10711 15,73722 14,75652
18,31056 15,64344 14,68817
18,31056 15,62754 14,56897
18,31056 15,62277 14,56499
17,90366 15,74993 14,43147
17,7002 15,69749 14,80341
17,49676 15,71337 14,623
18,31056 15,68 14,58566
17,7002 15,7102 14,72075
17,90366 15,74199 14,63492
17,49676 15,71338 14,57691
17,7002 15,69589 14,55148
17,49676 15,73722 14,66751
18,31056 15,82146 14,6691
18,51401 15,81192 14,6532
18,51401 15,78967 14,5475
17,90366 15,74834 14,45611
18,51401 15,78172 14,37187
17,7002 15,7102 14,49505
18,10711 15,68159 14,29082
17,7002 15,70543 14,54433
17,7002 15,6498 14,67228
18,10711 15,82782 14,57691
18,10711 15,7388 14,49187
18,31056 15,69907 14,52684
17,2933 15,65934 14,49983
17,08985 15,53058 14,40207
18,31056 15,83417 14,59995
17,2933 15,67523 14,65559
17,2933 15,64344 14,79308
18,10711 15,79285 14,38061
17,49676 15,66092 14,44897
17,49676 15,68477 14,58486
17,90366 15,70543 14,57691
17,49676 15,79603 14,52446
18,31056 15,78014 14,66354
17,49676 15,69748 14,57214
17,7002 15,66569 14,73347
17,7002 15,63867 14,4418
18,31056 15,87232 14,64446
18,51401 15,73562 14,67466
17,90366 15,77855 14,46803
17,2933 15,77218 14,76526
17,90366 15,79602 14,71917
17,49676 15,79443 14,66433
18,51401 15,87232 14,55147
18,10711 15,70702 14,37665
18,31056 15,70384 14,62618
18,10711 15,74516 14,89003
17,7002 15,73086 14,41796
18,10711 15,67841 14,60552
17,2933 15,68 14,53717
17,7002 15,618 14,58247
17,49676 15,69907 14,40366
17,90366 15,75629 14,66592
17,90366 15,65139 14,25425
17,08985 15,66887 14,3369
18,31056 15,63549 14,50221
17,7002 15,67682 14,40605
18,10711 15,68318 14,48632
18,71746 15,70543 14,62857
18,51401 15,62278 14,49585
17,49676 15,80238 14,77241
17,90366 15,5433 14,31941
17,90366 15,73404 14,68976
17,2933 15,72291 14,43703
18,10711 15,69907 14,6095
17,08985 15,68 14,67307
18,31056 15,78807 14,66671
18,92091 15,71179 14,55625
18,92091 15,67841 14,38299
18,31056 15,64026 14,49902
17,90366 15,69271 14,58962
18,31056 15,63391 14,37267
17,7002 15,63708 14,62618
17,2933 15,55285 14,55228
17,7002 15,64185 14,58009
18,31056 15,83735 14,34405
17,49676 15,67841 14,32101
17,7002 15,64503 14,75811
17,7002 15,73245 14,45691
17,2933 15,75311 14,64525
17,7002 15,55125 14,41638
17,7002 15,71656 14,56817
19,12436 15,76742 14,69374
18,10711 15,68 14,67625
18,71746 15,68954 14,49267
17,7002 15,73722 14,57453
17,90366 15,85325 14,8336
18,10711 15,71179 14,6095
18,71746 15,61165 14,60871
17,7002 15,71656 14,54036
18,10711 15,7245 14,6389
18,51401 15,70861 14,26935
18,31056 15,68953 14,38856
17,90366 15,8437 14,79545
17,7002 15,65298 14,42988
18,31056 15,84372 14,84077
18,92091 15,80874 14,67863
18,31056 15,73881 14,61108
18,10711 15,85483 14,65797
17,49676 15,78331 14,72791
17,90366 15,7547 14,74459
17,7002 15,75788 14,4585
17,90366 15,64344 14,3226
17,90366 15,7992 14,76605
18,51401 15,7086 14,53399
18,10711 15,83894 14,67148
18,10711 15,67205 14,62062
17,7002 15,72768 14,16047
17,90366 15,77059 14,57771
17,7002 15,74834 14,69215
17,2933 15,61483 14,37107
17,90366 15,62913 14,60155
18,71746 15,70066 14,79705
18,10711 15,75788 14,7287
17,90366 15,75629 14,51889
18,31056 15,71497 14,59042
18,10711 15,68477 14,41717
17,2933 15,77059 14,54353
17,49676 15,71655 14,37981
17,7002 15,83259 14,61664
18,10711 15,74835 14,66751
17,7002 15,82463 14,67863
18,31056 15,80715 14,94408
17,7002 15,73881 14,53081
18,10711 15,7245 14,67387
18,10711 15,61165 14,55863
18,10711 15,72768 14,56657
18,10711 15,68636 14,71996
18,51401 15,79603 14,70963
17,7002 15,79444 14,64129
18,10711 15,66569 14,83996
18,51401 15,64821 14,60314
17,49676 15,56396 14,56817
17,90366 15,71496 14,63413
17,90366 15,82146 14,59996
18,10711 15,74675 14,70724
18,10711 15,7404 14,33453
