0,8138021 0,3306074 0,2479557
0,6103516 0,2861023 0,2288821
0,6103516 0,3083549 0,23524
0,8138021 0,3147127 0,2320611
0,6103516 0,3083548 0,2384189
0,6103516 0,2861023 0,2161664
0,8138021 0,3242495 0,2511346
0,6103516 0,2956391 0,2225243
0,8138021 0,2924601 0,2257032
0,8138021 0,3115338 0,2193454
0,6103516 0,2956391 0,2304716
0,6103516 0,2924601 0,2193453
0,6103516 0,298818 0,2161664
0,6103516 0,2892812 0,2145769
0,6103516 0,301997 0,2257032
0,6103516 0,301997 0,2225243
0,8138021 0,3242495 0,2431873
0,6103516 0,2765655 0,2225242
0,6103516 0,2861023 0,2177559
0,6103516 0,2956391 0,2241137
0,8138021 0,2797444 0,2018612
0,6103516 0,2829233 0,2161664
0,6103516 0,298818 0,2257032
0,6103516 0,2670287 0,2161664
0,6103516 0,2733865 0,2050401
0,6103516 0,2924601 0,2209348
0,6103516 0,2892812 0,2209348
0,6103516 0,3083549 0,2320611
0,6103516 0,3083549 0,2368295
0,6103516 0,3051759 0,2288821
0,6103516 0,3178917 0,2400084
0,6103516 0,2924601 0,2161664
0,6103516 0,301997 0,23524
0,6103516 0,3210706 0,2368295
0,6103516 0,3115338 0,2241138
0,6103516 0,2797444 0,2145769
0,6103516 0,3242495 0,2431873
0,8138021 0,3401442 0,255903
0,6103516 0,3210706 0,2400084
0,6103516 0,3083549 0,2320611
0,6103516 0,2924602 0,2304716
0,6103516 0,3210706 0,2431873
0,6103516 0,3083549 0,2304716
0,6103516 0,3210706 0,2400084
0,6103516 0,3242495 0,2447768
0,6103516 0,2924601 0,2161664
0,8138021 0,3369653 0,2511347
0,6103516 0,2829233 0,2193453
0,6103516 0,3369652 0,2543135
0,6103516 0,3115338 0,2400084
0,6103516 0,3433231 0,2574924
0,8138021 0,346502 0,2574924
0,6103516 0,3274285 0,2527241
0,6103516 0,3178917 0,2415979
0,6103516 0,3083549 0,2400084
0,8138021 0,3528598 0,2543135
0,6103516 0,3337863 0,2543136
0,6103516 0,3465019 0,2574924
0,8138021 0,3560386 0,2686185
0,6103516 0,3655753 0,2749762
0,8138021 0,3401442 0,2654397
0,8138021 0,3465019 0,2622607
0,6103516 0,3592175 0,267029
0,6103516 0,3465019 0,2670291
1,017253 0,3496809 0,2638502
0,6103516 0,3496808 0,2622607
0,6103516 0,375112 0,2845129
0,6103516 0,3878276 0,2861023
0,6103516 0,406901 0,2988178
0,8138021 0,4259745 0,306765
0,8138021 0,3369653 0,2590819
0,8138021 0,3973643 0,29246
0,6103516 0,4037221 0,2972284
1,017253 0,4291534 0,3115333
0,6103516 0,3751121 0,2829235
1,017253 0,4069011 0,2972284
0,8138021 0,4164377 0,3051755
0,8138021 0,4005432 0,2956389
0,8138021 0,3941855 0,2956389
0,8138021 0,4069011 0,3035862
0,8138021 0,4514056 0,332196
1,017253 0,4259744 0,3083544
1,017253 0,4514056 0,3290171
0,8138021 0,4673001 0,3369642
1,017253 0,4959103 0,3592167
1,017253 0,4704791 0,3560379
0,8138021 0,4800158 0,3623957
1,017253 0,5308785 0,4037219
1,017253 0,5022681 0,3830588
1,017253 0,5372364 0,4037219
1,017253 0,5626678 0,4371008
1,220703 0,5658467 0,4418692
1,627604 0,5690257 0,4418692
1,831055 0,5817414 0,4498165
1,017253 0,6198887 0,4847849
1,220703 0,6771089 0,5197533
1,424154 0,7311504 0,5420055
2,034505 0,8106233 0,608762
2,441406 1,020431 0,7549915
2,644857 1,153947 0,8710229
6,510417 1,630783 1,166662
14,03809 2,358754 1,613298
19,7347 3,350575 2,237956
50,65918 7,047655 4,243852
53,91442 14,16842 8,31286
59,20414 22,10617 13,48336
70,19047 33,43264 21,75967
59,20412 41,3386 30,46036
66,32492 47,56292 37,45873
76,49743 53,79997 41,90764
80,97336 59,59831 49,29543
81,78714 63,17459 52,59517
99,89422 65,40301 56,53382
81,1768 68,65504 58,97841
89,72164 70,81671 62,26382
90,73896 71,80853 62,47523
94,19757 75,69317 66,04991
91,9596 73,12461 65,45704
90,33205 73,85258 65,53812
99,08035 76,8344 67,99539
95,82527 77,31123 68,71703
125,122 78,84982 69,51015
103,1493 79,09778 69,66116
105,3874 79,71132 71,23631
105,7943 80,89069 70,70863
110,4736 79,11687 71,01537
118,815 81,21494 72,81783
108,846 83,43699 73,33759
111,8978 85,98331 75,4595
111,4908 90,02051 79,37273
106,8115 88,28798 78,84184
118,8151 89,33068 79,09775
129,8013 92,89423 80,88749
133,0565 94,12447 82,13043
123,2909 95,87604 84,50031
131,2254 96,21938 83,5975
121,4599 94,76024 85,10112
126,953 97,42734 87,20079
149,1291 99,85286 88,1354
133,0566 99,45864 87,48373
122,6806 97,00774 85,36657
124,5117 93,23757 83,74848
116,7805 97,64671 87,51073
127,9703 96,70891 86,83203
127,36 99,41418 88,88404
139,567 99,09946 87,47737
126,1392 100,8765 89,90607
143,636 101,4074 88,75532
139,567 100,9528 88,07657
147,2981 103,6993 91,3588
125,3254 102,4119 90,3638
142,0083 102,6853 87,97641
123,2909 100,8193 90,6515
150,1464 103,7248 93,08974
154,8257 102,8188 91,5718
141,8049 103,9187 93,05791
134,4807 104,9391 94,401
124,7151 104,5291 93,54272
137,7359 104,3701 93,67462
153,8085 107,2979 96,35131
138,1428 109,1957 97,38284
122,2737 103,5309 94,13084
134,6842 106,7034 96,66919
144,8568 112,6512 100,4585
148,7222 110,9727 99,48093
140,5842 110,9918 100,8415
159,0982 113,8464 101,7173
145,0601 112,311 101,1372
139,9738 111,4305 100,7843
151,5705 116,113 103,4498
145,467 118,7006 106,0152
138,3462 111,6562 101,4741
133,2601 111,9582 100,6651
141,3979 113,8909 102,1846
153,605 114,8414 103,2225
156,6567 118,6116 107,2581
147,0946 115,3278 103,9362
147,298 119,3078 106,5699
162,5568 119,4318 107,0738
148,9256 116,539 104,3828
158,081 120,3568 108,0894
146,6878 121,2406 108,1037
150,3498 122,5121 109,1909
155,6396 117,909 105,4414
159,912 121,7333 109,2577
145,0601 118,8151 107,3964
151,774 120,1565 108,2261
141,398 118,8023 106,5334
140,3807 119,9181 108,997
159,3017 121,7174 109,504
150,7567 121,7047 108,7904
146,0774 119,4318 107,344
148,3154 125,211 110,9854
153,8084 121,5616 109,1289
152,1808 114,7905 101,6521
160,9292 118,9517 107,22
141,6015 116,3895 105,9993
152,7912 118,8755 106,8639
150,1464 117,3432 106,2774
142,6186 115,9445 105,5145
143,229 119,3142 107,4663
154,0119 119,1902 108,1228
151,774 121,0053 108,8063
153,4015 121,4917 107,0166
144,2462 118,3986 106,8465
142,4154 117,7279 106,5461
144,8567 119,6734 107,3662
