0,6103516 0,2479552 0,14623
0,6103516 0,2447763 0,1382827
0,4069011 0,2511341 0,1478195
0,6103516 0,2415974 0,1335144
0,6103516 0,2415974 0,1398722
0,4069011 0,2479552 0,1478195
0,6103516 0,2638497 0,1637141
0,4069011 0,2415974 0,1478195
0,4069011 0,2447762 0,1557668
0,4069011 0,2606708 0,1637141
0,6103516 0,254313 0,1589457
0,4069011 0,2479552 0,1509984
0,4069011 0,2511341 0,1732509
0,4069011 0,2257028 0,1430511
0,4069011 0,2447762 0,1557668
0,6103516 0,2511341 0,1605352
0,4069011 0,2384184 0,1382827
0,4069011 0,2415974 0,1589458
0,6103516 0,2447763 0,1366933
0,6103516 0,254313 0,1653036
0,4069011 0,2606708 0,1509984
0,6103516 0,2606708 0,1668931
0,6103516 0,2574919 0,1716614
0,4069011 0,2511341 0,1653036
0,4069011 0,2511341 0,1509984
0,4069011 0,2638497 0,1684825
0,4069011 0,2320606 0,1382827
0,4069011 0,2479552 0,1668931
0,4069011 0,2574919 0,1621246
0,4069011 0,2511341 0,1605352
0,6103516 0,2479552 0,1430511
0,4069011 0,2320606 0,1573563
0,6103516 0,2829233 0,170072
0,4069011 0,2320606 0,1637141
0,4069011 0,2511341 0,1621247
0,6103516 0,2320606 0,1462301
0,4069011 0,2765655 0,1827877
0,6103516 0,2384185 0,1541774
0,6103516 0,2511341 0,1764298
0,4069011 0,2288817 0,1525879
0,6103516 0,2670287 0,1780193
0,6103516 0,2447763 0,1573563
0,6103516 0,2733865 0,1716614
0,6103516 0,2606708 0,1780193
0,8138021 0,2670287 0,170072
0,6103516 0,2447763 0,1573563
0,6103516 0,2733865 0,1716614
0,4069011 0,2415974 0,1621247
0,8138021 0,2670287 0,1859666
0,6103516 0,2606708 0,1732509
0,4069011 0,254313 0,1637141
0,6103516 0,254313 0,1875561
0,4069011 0,2638497 0,1684825
0,4069011 0,2511341 0,1541774
0,4069011 0,2479552 0,1573563
0,4069011 0,2511341 0,1621247
0,4069011 0,2638497 0,1764298
0,6103516 0,2447763 0,1637141
0,8138021 0,2574919 0,1716614
0,4069011 0,254313 0,1732509
0,4069011 0,2320606 0,1637141
0,6103516 0,2479552 0,1541774
0,6103516 0,2892812 0,1843772
0,6103516 0,2606708 0,1748403
0,4069011 0,2638497 0,1621246
0,6103516 0,2702076 0,1939139
0,6103516 0,2511341 0,1557668
0,4069011 0,2352396 0,1478195
0,4069011 0,2511341 0,1748404
0,6103516 0,2606708 0,1796087
0,4069011 0,2606708 0,1637141
0,4069011 0,2447762 0,1668931
0,8138021 0,2670287 0,1732509
0,4069011 0,2352396 0,1589458
0,6103516 0,2606708 0,170072
0,6103516 0,2670287 0,1811982
0,6103516 0,2352396 0,1557668
0,6103516 0,2447763 0,1605352
0,6103516 0,254313 0,1716614
0,4069011 0,2447762 0,1621247
0,6103516 0,2638497 0,1796087
0,6103516 0,2861023 0,2002718
0,6103516 0,254313 0,1796087
0,6103516 0,2702076 0,1827877
0,4069011 0,2511341 0,1684825
0,8138021 0,2702076 0,1859666
0,6103516 0,2702076 0,1796087
0,8138021 0,2797444 0,2050401
0,4069011 0,2352396 0,1637141
0,6103516 0,2352396 0,1796088
0,8138021 0,2765654 0,1891455
0,6103516 0,2638497 0,1732509
0,8138021 0,3019969 0,1923245
0,8138021 0,2670287 0,1748403
0,6103516 0,254313 0,1780193
0,8138021 0,2797444 0,2018612
0,6103516 0,2415974 0,1684825
0,6103516 0,2574919 0,1668931
0,6103516 0,2765655 0,1923244
0,6103516 0,2638497 0,1780193
0,6103516 0,2702076 0,1939139
0,6103516 0,2956391 0,2018613
0,6103516 0,2479552 0,1811982
0,6103516 0,2574919 0,1716614
0,6103516 0,2670287 0,1859666
0,6103516 0,2606708 0,1796087
0,4069011 0,2638497 0,1891455
0,6103516 0,2320606 0,1509984
0,8138021 0,2797444 0,1875561
0,6103516 0,2511341 0,1780193
0,6103516 0,2702076 0,1859666
0,6103516 0,2702076 0,1923244
1,017253 0,2956391 0,2161664
0,6103516 0,254313 0,1764298
0,4069011 0,2638497 0,1923244
0,6103516 0,2829233 0,190735
0,6103516 0,2670287 0,1843771
0,6103516 0,2829233 0,2018612
0,4069011 0,2447762 0,1716614
0,6103516 0,2479552 0,1811982
0,8138021 0,2829233 0,2034507
0,4069011 0,2574919 0,1843771
0,4069011 0,2574919 0,1780193
0,6103516 0,2670287 0,1859666
0,6103516 0,2702076 0,1843771
0,6103516 0,2670287 0,1764298
0,8138021 0,2670287 0,2018612
0,6103516 0,2829233 0,1970928
0,6103516 0,254313 0,1764298
0,4069011 0,2574919 0,1796087
0,6103516 0,2511341 0,1716614
0,8138021 0,2574919 0,1748404
0,6103516 0,2702076 0,1970928
0,6103516 0,2606708 0,1732509
0,6103516 0,2606708 0,1748404
0,6103516 0,2797444 0,1939139
0,6103516 0,2511341 0,1748404
0,6103516 0,2702076 0,1939139
0,6103516 0,2861023 0,2066296
0,6103516 0,2638497 0,187556
0,8138021 0,2670287 0,187556
0,6103516 0,2765655 0,2034507
0,6103516 0,2574919 0,1923244
0,8138021 0,3051759 0,2050402
0,8138021 0,2606708 0,1764298
0,4069011 0,2415974 0,170072
0,6103516 0,2702076 0,1843771
1,017253 0,2861023 0,2050402
0,6103516 0,2606708 0,1764298
0,6103516 0,2829233 0,1970928
1,017253 0,2924601 0,1955034
0,6103516 0,2797444 0,1843771
0,6103516 0,2670287 0,1811982
0,6103516 0,2702076 0,2018612
0,4069011 0,2765655 0,1939139
0,6103516 0,2670287 0,1986823
0,6103516 0,2797444 0,1939139
0,6103516 0,2956391 0,2129875
0,6103516 0,3083548 0,2129875
0,6103516 0,2606708 0,190735
0,4069011 0,254313 0,1811982
0,6103516 0,2829233 0,2082191
0,6103516 0,2702076 0,2002717
0,6103516 0,2892812 0,2002718
0,6103516 0,2797444 0,2050402
0,6103516 0,2638497 0,187556
0,4069011 0,2733865 0,1955034
0,6103516 0,2924601 0,2129875
0,6103516 0,2861023 0,2145769
0,6103516 0,2892812 0,2098086
0,6103516 0,2670287 0,1955034
0,8138021 0,2702076 0,2034507
0,8138021 0,2702076 0,2034507
0,4069011 0,2733865 0,2082191
0,6103516 0,2765655 0,2082191
0,8138021 0,3623965 0,2574924
0,6103516 0,2606708 0,190735
0,6103516 0,2924601 0,2225243
0,6103516 0,301997 0,23524
0,6103516 0,2733865 0,2066296
0,6103516 0,2733865 0,2002717
0,4069011 0,254313 0,1796087
0,6103516 0,2956391 0,2177559
0,6103516 0,3083548 0,2288821
0,6103516 0,2861023 0,2034507
0,4069011 0,2765655 0,2129875
0,6103516 0,3306074 0,2304716
0,6103516 0,2829233 0,2018612
0,8138021 0,2765655 0,2066296
0,6103516 0,2606708 0,187556
0,6103516 0,2924601 0,2209348
0,6103516 0,2733865 0,2018612
0,6103516 0,2733865 0,211398
0,6103516 0,298818 0,2241137
0,6103516 0,2892812 0,1986823
0,8138021 0,3210706 0,2336506
0,6103516 0,2797444 0,2018612
0,6103516 0,2892812 0,2050402
0,6103516 0,2702076 0,1986823
0,4069011 0,2670287 0,1891455
0,6103516 0,3083548 0,2257032
0,6103516 0,2765655 0,2129875
0,8138021 0,2924601 0,2161664
0,6103516 0,3115338 0,2225243
0,4069011 0,2797444 0,2066296
0,6103516 0,2892812 0,2145769
0,6103516 0,2892812 0,2193453
0,4069011 0,2765655 0,2066296
0,6103516 0,3083549 0,2304716
0,8138021 0,3369653 0,2447768
0,6103516 0,3210706 0,2304716
0,6103516 0,301997 0,214577
0,6103516 0,3242495 0,2320611
0,6103516 0,2797444 0,2193453
0,4069011 0,2956391 0,2177559
0,6103516 0,3083549 0,2209348
0,8138021 0,3115338 0,2257032
0,6103516 0,2924601 0,2272926
0,6103516 0,301997 0,2320611
0,6103516 0,3083548 0,2225243
0,6103516 0,3401442 0,2543136
0,6103516 0,301997 0,2225243
0,6103516 0,3051759 0,2257032
0,6103516 0,301997 0,2320611
0,6103516 0,301997 0,2257032
0,8138021 0,3083548 0,2304716
0,6103516 0,3178917 0,2400084
0,8138021 0,3242495 0,2447768
0,6103516 0,298818 0,2384189
0,6103516 0,3592175 0,2638501
0,8138021 0,3528598 0,2590818
0,4069011 0,3147127 0,2368295
0,6103516 0,3306074 0,2511347
0,6103516 0,3337863 0,2511347
0,6103516 0,3369653 0,2543136
0,6103516 0,3560386 0,2638502
0,6103516 0,3210706 0,2368295
0,6103516 0,3178917 0,2400084
0,6103516 0,3592175 0,2606712
0,8138021 0,3623965 0,2654396
0,6103516 0,3369653 0,2574925
0,6103516 0,3337863 0,2463663
0,6103516 0,3337863 0,2511347
0,6103516 0,3178917 0,2431873
0,6103516 0,3242495 0,2495452
0,8138021 0,375112 0,2749762
0,6103516 0,3496808 0,2638502
1,017253 0,3814698 0,2829234
0,6103516 0,3655753 0,2749762
0,8138021 0,4037221 0,2892811
0,8138021 0,406901 0,2972283
0,6103516 0,3751121 0,2781551
0,6103516 0,3814698 0,281334
0,8138021 0,4037222 0,2924601
0,6103516 0,4132588 0,2988178
0,8138021 0,4418689 0,3131227
0,8138021 0,4450478 0,3210699
1,017253 0,4831947 0,3496799
1,017253 0,4800158 0,3639852
1,220703 0,4990892 0,3782904
0,8138021 0,5213417 0,3846482
1,220703 0,5404153 0,4069008
1,220703 0,5308785 0,394185
1,220703 0,5626679 0,4291534
1,017253 0,5404153 0,4259746
1,220703 0,6167097 0,4545848
1,424154 0,6516776 0,4831952
1,424154 0,6580355 0,5038584
1,424154 0,7406873 0,5435951
1,424154 0,8837378 0,6628028
2,034505 0,9155267 0,6818764
2,848307 0,9568527 0,7073076
1,627604 1,026789 0,7836022
2,237956 1,169841 0,8916862
3,255209 1,268387 0,940959
3,051758 1,43369 1,074473
4,475912 1,630783 1,209576
5,493164 1,939138 1,417796
8,138021 2,444585 1,713435
9,562176 3,026326 2,128283
14,64844 3,534953 2,392134
19,32781 4,514059 2,977053
17,7002 5,664824 3,776549
21,76921 7,766088 5,172092
33,77279 11,3519 7,430713
37,23139 15,16978 10,47135
59,20418 17,85278 12,97951
76,09071 22,68474 15,1523
58,18692 26,35956 18,52354
63,68012 30,28869 21,59595
61,44217 35,39403 26,69652
70,80096 39,89538 29,11886
61,64562 42,66739 32,23736
95,01136 45,48391 34,01597
72,63197 45,82406 35,14132
73,85268 50,49709 40,31977
81,38039 55,11289 43,21737
82,60102 58,88947 46,04821
111,6941 61,56612 47,39288
106,8113 66,26775 51,57793
97,6562 67,68237 54,15762
101,5217 67,86674 54,87765
97,04585 70,32089 56,88833
90,94243 72,73054 61,55977
105,3872 75,31499 63,32408
109,4561 78,31587 67,39787
100,7079 77,20963 62,77732
97,45276 76,99347 62,92355
105,9975 79,34903 64,25707
108,032 82,62328 69,70575
98,67344 82,43575 66,03728
107,2182 83,44979 68,16398
102,3355 83,26543 69,86471
108,2355 85,19818 71,12831
108,4389 83,54833 71,13308
109,2527 83,92982 72,15512
106,8113 87,77945 76,1907
114,9492 88,10687 74,99545
109,4561 85,84985 72,54926
106,6079 87,90659 74,54401
109,6596 89,53099 74,99223
111,4906 88,12274 76,75179
116,3733 89,43246 75,99522
116,5768 89,00013 74,2166
110,6768 87,31216 74,6855
117,1871 89,62637 75,25928
110,2699 90,17949 78,05993
121,0526 92,47466 80,04671
108,4389 91,00282 77,39709
114,9492 91,02191 76,83443
122,8837 94,35334 81,32783
115,9665 91,8802 79,05649
108,032 90,69128 74,5742
115,3561 89,79802 77,20477
115,5596 93,65719 78,38095
120,2388 92,60497 79,56512
122,2733 94,83015 83,31149
118,4078 95,45007 79,60168
120,0354 94,69983 82,07327
115,5596 95,07494 81,73315
116,7803 95,28794 81,75539
117,1871 94,83973 80,76038
117,1872 97,59898 83,55782
119,2216 96,5118 82,75357
117,1871 96,86467 82,84576
120,4423 95,79019 82,79964
115,3561 97,2048 82,11936
115,5596 97,37963 85,66544
116,3733 96,85193 83,95677
123,6975 98,84191 84,7499
120,6457 98,52719 86,58575
116,7803 95,67893 81,54557
122,8837 96,6167 83,3178
123,2906 99,58258 82,48806
119,6285 96,95683 84,01554
115,9665 98,67976 83,55935
122,8837 99,36641 83,39885
123,6975 95,09723 82,78699
117,1871 98,97223 85,07417
116,1699 98,17117 85,27923
119,6285 99,11211 86,52531
116,9837 99,20112 84,41292
115,5596 97,91048 86,12481
115,3561 96,13668 81,42155
116,7803 97,43049 83,37183
117,1871 98,59714 80,54256
115,3561 96,3592 80,55214
119,2216 100,5426 86,47286
119,4251 97,88824 83,68179
115,9665 98,01539 87,07371
118,4078 97,351 82,85683
116,3733 98,346 83,68179
119,832 95,77747 82,35937
116,7803 100,5648 84,50351
117,3906 99,90364 83,17631
117,1871 98,60032 83,91702
118,2044 98,80374 84,97241
115,5596 96,48637 82,95381
123,6975 98,29832 83,61343
117,1871 97,6562 82,84412
122,8837 97,73567 82,87277
117,1871 99,7892 84,96925
119,2216 99,49355 84,19035
116,3733 99,77964 85,70831
117,1871 98,6448 84,62272
122,0699 99,53491 83,78511
117,1871 98,10756 84,05054
116,7802 99,63981 84,83573
119,832 98,46998 83,91701
