0,6103516 0,2892812 0,2161664
0,4069011 0,2797444 0,2193453
0,6103516 0,3147127 0,2384189
0,6103516 0,2765655 0,2050401
1,017253 0,3210706 0,2336506
0,6103516 0,2797444 0,2066296
0,6103516 0,298818 0,2161664
0,6103516 0,2733865 0,1939139
0,4069011 0,301997 0,2225243
0,4069011 0,2670287 0,2066296
0,6103516 0,2861022 0,2066296
0,4069011 0,2733865 0,2050401
0,6103516 0,2638497 0,2129874
0,6103516 0,2829233 0,2066296
0,4069011 0,2829233 0,2288821
0,4069011 0,2861023 0,2129875
0,6103516 0,2670287 0,2066296
0,6103516 0,3115337 0,2257032
0,6103516 0,2765655 0,2177558
0,6103516 0,2956391 0,2241137
0,6103516 0,2606708 0,2034507
0,4069011 0,2797444 0,2193453
0,6103516 0,3083549 0,2225243
0,6103516 0,2956391 0,2225243
0,4069011 0,2829233 0,2129875
0,6103516 0,2861023 0,2145769
0,4069011 0,2892812 0,2129875
0,6103516 0,301997 0,2241137
0,6103516 0,2797444 0,2161664
0,6103516 0,2765655 0,2129875
0,4069011 0,2606708 0,1923244
0,6103516 0,2956391 0,2241137
0,6103516 0,2861023 0,211398
0,8138021 0,2956391 0,2209348
0,6103516 0,3115338 0,2320611
0,6103516 0,2924601 0,2225243
0,6103516 0,3115338 0,2368295
0,8138021 0,3178917 0,2400084
0,6103516 0,2892812 0,211398
0,6103516 0,2702076 0,2129874
0,6103516 0,2574919 0,1923244
0,8138021 0,2733865 0,2018612
0,6103516 0,2765655 0,2098085
0,6103516 0,2956391 0,2161664
0,6103516 0,2670287 0,2018612
0,6103516 0,3147127 0,23524
0,6103516 0,2924601 0,2288821
0,6103516 0,3178917 0,2288822
0,8138021 0,2956391 0,2177559
0,6103516 0,2892812 0,2193453
0,6103516 0,298818 0,2257032
0,6103516 0,2829233 0,2129875
0,8138021 0,2892812 0,2272926
0,6103516 0,3147127 0,2384189
0,6103516 0,2733865 0,2145769
0,8138021 0,3083548 0,2241137
0,4069011 0,2797444 0,2225242
0,6103516 0,3083549 0,2257032
0,4069011 0,2861023 0,2177559
0,6103516 0,298818 0,2225243
0,6103516 0,2924601 0,2209348
0,6103516 0,2924602 0,2304716
0,6103516 0,2956391 0,2209348
0,6103516 0,2861023 0,2209348
0,6103516 0,298818 0,2368294
0,6103516 0,2797444 0,1986823
0,4069011 0,2733865 0,2066296
0,6103516 0,2924601 0,2098086
0,6103516 0,2861023 0,2193453
0,6103516 0,298818 0,2384189
0,6103516 0,3147127 0,2336506
0,6103516 0,3115338 0,2336505
0,6103516 0,3051759 0,2288821
0,6103516 0,301997 0,2272927
0,6103516 0,2861023 0,2098086
0,6103516 0,3115338 0,2384189
0,8138021 0,2733865 0,2098085
0,6103516 0,2892812 0,2129875
0,6103516 0,2956391 0,2304716
0,4069011 0,3083549 0,2336505
0,6103516 0,2892812 0,2082191
0,6103516 0,2956391 0,2272926
0,8138021 0,2765655 0,2177558
0,6103516 0,2924601 0,2257032
0,8138021 0,3274284 0,2384189
0,6103516 0,3178917 0,2479557
0,6103516 0,3115337 0,2384189
0,6103516 0,3115338 0,23524
0,6103516 0,3210706 0,2368295
0,8138021 0,3115337 0,2400084
0,8138021 0,3115338 0,2177559
0,6103516 0,2892812 0,2304716
0,8138021 0,3083548 0,2304716
0,6103516 0,301997 0,2272927
0,6103516 0,2797444 0,2129875
0,6103516 0,2797444 0,2018612
0,6103516 0,301997 0,2129875
0,6103516 0,3019969 0,2336505
0,8138021 0,3242495 0,2447768
0,6103516 0,2924601 0,2177559
0,6103516 0,3210706 0,2384189
0,6103516 0,3178917 0,23524
0,8138021 0,2861023 0,2161664
0,4069011 0,2988181 0,2241137
0,6103516 0,3083549 0,2304716
0,6103516 0,2733865 0,2018612
0,6103516 0,2924601 0,211398
0,6103516 0,3083548 0,2225243
0,6103516 0,3147127 0,2463662
0,6103516 0,3337863 0,2543136
0,6103516 0,3019969 0,2257032
0,6103516 0,2829233 0,2129875
0,8138021 0,3115337 0,2320611
0,6103516 0,298818 0,2288821
0,6103516 0,3083549 0,2336505
0,6103516 0,2829233 0,211398
0,8138021 0,2861023 0,2272926
0,6103516 0,2797444 0,2193453
0,4069011 0,2988181 0,2257032
0,8138021 0,3115338 0,2241138
0,6103516 0,2924601 0,2193453
0,6103516 0,301997 0,2368294
0,6103516 0,2765655 0,2161664
0,6103516 0,3242495 0,2431873
0,4069011 0,3051759 0,2209348
0,8138021 0,2892812 0,2272926
0,6103516 0,2765655 0,211398
0,6103516 0,2765654 0,2241137
0,6103516 0,2924601 0,2241137
1,017253 0,3051759 0,2272927
0,8138021 0,3019969 0,2272927
0,6103516 0,3051759 0,2257032
0,6103516 0,301997 0,2336505
0,6103516 0,2574919 0,2098085
0,6103516 0,3115338 0,2288821
0,6103516 0,2924602 0,2161664
0,6103516 0,3051759 0,2431873
0,6103516 0,2861023 0,211398
0,6103516 0,3051759 0,2400084
0,4069011 0,2797444 0,2177559
0,6103516 0,2892812 0,2066296
0,6103516 0,3083548 0,2257032
0,8138021 0,2892812 0,2145769
0,6103516 0,2606708 0,1827877
0,6103516 0,3051759 0,2320611
0,6103516 0,2988181 0,2257032
0,6103516 0,2924601 0,2272926
0,6103516 0,2956391 0,2272927
0,8138021 0,2924601 0,2082191
0,4069011 0,2765655 0,2018612
0,6103516 0,3083549 0,2447768
0,8138021 0,301997 0,2368294
0,4069011 0,2861023 0,2257032
0,6103516 0,3178917 0,23524
0,6103516 0,3210706 0,2400084
0,6103516 0,298818 0,2336505
0,6103516 0,298818 0,2193453
0,6103516 0,2797444 0,211398
0,6103516 0,2988181 0,2241137
0,8138021 0,2829233 0,2272926
0,8138021 0,2892812 0,232061
0,8138021 0,3115338 0,23524
0,8138021 0,3019969 0,2241137
0,6103516 0,2956391 0,2129875
0,8138021 0,3147127 0,2272927
0,6103516 0,3242495 0,23524
0,8138021 0,2797444 0,2098085
0,6103516 0,298818 0,2288821
0,6103516 0,301997 0,2304716
0,6103516 0,2797444 0,2177558
0,6103516 0,2765655 0,2098085
0,4069011 0,2638497 0,1970928
0,6103516 0,2733865 0,2161664
0,6103516 0,3051759 0,2336505
0,6103516 0,301997 0,2193454
0,6103516 0,2797444 0,2129875
0,6103516 0,2861023 0,2193453
0,8138021 0,2829233 0,2050402
0,8138021 0,3147127 0,2368295
0,8138021 0,3051759 0,2336505
0,6103516 0,298818 0,211398
0,6103516 0,2892812 0,2209348
0,6103516 0,3147127 0,2288822
0,6103516 0,3274285 0,23524
0,8138021 0,3274285 0,2447768
0,6103516 0,2924602 0,2241137
0,6103516 0,2702076 0,2018612
0,6103516 0,3115337 0,2320611
0,6103516 0,2765655 0,2050401
0,6103516 0,2892812 0,2193453
0,8138021 0,2892812 0,2161664
0,6103516 0,3019969 0,2018613
0,6103516 0,298818 0,2161664
0,6103516 0,3337863 0,255903
0,6103516 0,2797444 0,2193453
0,6103516 0,2797444 0,211398
0,4069011 0,2702076 0,2082191
0,4069011 0,2956391 0,2288821
0,6103516 0,2861023 0,2066296
0,6103516 0,2892812 0,2161664
0,4069011 0,2924602 0,2257032
0,6103516 0,3083549 0,2304716
0,6103516 0,3178917 0,2431873
0,6103516 0,2670287 0,2002717
0,6103516 0,2861023 0,2257032
0,6103516 0,3083549 0,2320611
0,6103516 0,2924601 0,2193453
1,017253 0,3083548 0,2272927
0,6103516 0,3178917 0,2336506
0,6103516 0,2956391 0,2177559
0,6103516 0,3496808 0,2495451
0,6103516 0,301997 0,2320611
0,8138021 0,2765654 0,211398
0,6103516 0,2988181 0,2161664
0,6103516 0,2797444 0,2209348
0,8138021 0,3242495 0,2479557
0,6103516 0,3242495 0,2431873
0,6103516 0,3242495 0,2400084
0,6103516 0,3369653 0,2495452
0,6103516 0,3210706 0,2431873
0,8138021 0,3019969 0,23524
0,6103516 0,298818 0,2161664
0,4069011 0,2956391 0,232061
0,6103516 0,3401442 0,2527241
0,6103516 0,2892812 0,2288821
0,8138021 0,3210706 0,2463662
0,6103516 0,2892812 0,232061
0,6103516 0,2892812 0,2082191
0,6103516 0,3178916 0,2368295
0,6103516 0,3115338 0,23524
0,6103516 0,3242495 0,2368295
0,6103516 0,3528598 0,2622607
0,6103516 0,3178916 0,2431873
0,6103516 0,3178916 0,2400084
0,6103516 0,2829233 0,2177558
0,8138021 0,298818 0,2225243
0,8138021 0,2829233 0,2225242
0,6103516 0,2733865 0,2145769
0,6103516 0,3051759 0,2336505
0,8138021 0,346502 0,2415979
0,6103516 0,3083548 0,2463662
0,6103516 0,301997 0,2272927
0,6103516 0,3210706 0,2447768
0,6103516 0,301997 0,2272927
0,8138021 0,3369653 0,2463663
0,8138021 0,2892812 0,2225243
0,8138021 0,3147127 0,2431873
0,6103516 0,2765655 0,2193453
0,6103516 0,3051759 0,2384189
0,6103516 0,3210706 0,2431873
0,6103516 0,301997 0,2400084
0,6103516 0,3401441 0,2574924
0,6103516 0,2956391 0,2193453
0,6103516 0,3147127 0,2495452
0,6103516 0,3178917 0,2304716
0,6103516 0,3051759 0,2431873
0,6103516 0,301997 0,2257032
0,6103516 0,298818 0,2241137
0,8138021 0,298818 0,2272927
0,6103516 0,298818 0,2257032
0,6103516 0,2797444 0,2257032
0,8138021 0,301997 0,2225243
0,6103516 0,3242495 0,2527241
0,6103516 0,3051759 0,2384189
0,6103516 0,2956391 0,2288821
0,6103516 0,3592175 0,2606712
0,6103516 0,3083548 0,2320611
0,6103516 0,3083548 0,2336505
0,6103516 0,2956391 0,2288821
0,6103516 0,2829233 0,2129875
0,6103516 0,301997 0,23524
0,4069011 0,2670287 0,2129874
0,6103516 0,3051759 0,2225243
0,6103516 0,3178917 0,2272927
0,8138021 0,3274285 0,2479557
0,6103516 0,3210706 0,2479557
0,6103516 0,2861023 0,2177559
0,8138021 0,3210706 0,2479557
0,6103516 0,2924601 0,2145769
0,6103516 0,3083548 0,2288821
0,6103516 0,3083548 0,2320611
0,6103516 0,3051759 0,2336505
0,6103516 0,3083549 0,2304716
0,4069011 0,2988181 0,2241137
0,6103516 0,301997 0,2304716
0,8138021 0,3083548 0,2336505
0,6103516 0,3147127 0,2384189
0,6103516 0,3147127 0,2336506
0,8138021 0,3210706 0,2431873
0,6103516 0,3178917 0,2447768
0,6103516 0,3178916 0,2288821
0,8138021 0,3115338 0,23524
0,6103516 0,3242495 0,2431873
0,6103516 0,3147127 0,2320611
0,6103516 0,2861023 0,2304716
0,6103516 0,3147127 0,2431873
0,6103516 0,2797444 0,2177558
0,6103516 0,3274285 0,2495452
0,6103516 0,2892812 0,2225243
0,6103516 0,2956391 0,2161664
0,8138021 0,3115338 0,2400084
0,6103516 0,3369653 0,255903
0,6103516 0,301997 0,2257032
0,8138021 0,3528597 0,2559029
0,6103516 0,3210706 0,2400084
1,017253 0,3147127 0,2415978
0,6103516 0,2829233 0,2257032
0,8138021 0,3178917 0,2463662
0,6103516 0,3496809 0,2543135
0,6103516 0,3274285 0,2431873
0,6103516 0,3210706 0,2479557
0,6103516 0,3274285 0,2447768
0,6103516 0,3115338 0,2336505
0,6103516 0,2924601 0,2129875
0,6103516 0,3242495 0,255903
0,6103516 0,3210706 0,2400084
0,6103516 0,3147127 0,23524
0,6103516 0,2956391 0,2304716
0,6103516 0,3178917 0,2463663
0,6103516 0,3210706 0,2447768
0,6103516 0,2956391 0,2225243
0,6103516 0,3242495 0,2479557
0,6103516 0,3242495 0,2479557
0,6103516 0,3115338 0,2431873
0,6103516 0,3274285 0,2447768
0,6103516 0,3242495 0,2543135
0,8138021 0,3369653 0,2543136
0,6103516 0,3242495 0,2479557
0,8138021 0,3496809 0,2590818
0,6103516 0,3210706 0,2447768
0,6103516 0,3115338 0,2415978
0,8138021 0,3083548 0,2431873
0,8138021 0,3401442 0,2590819
0,6103516 0,3433231 0,2543135
0,4069011 0,2765655 0,2288821
0,6103516 0,301997 0,2304716
0,6103516 0,3242495 0,2574924
0,6103516 0,3178916 0,2431873
0,6103516 0,3242495 0,2463663
0,6103516 0,3242495 0,2495452
0,8138021 0,3242495 0,2447768
0,6103516 0,3115338 0,2384189
0,6103516 0,2956391 0,2225243
0,8138021 0,3178917 0,2415979
0,6103516 0,2892812 0,2257032
0,6103516 0,3306074 0,2527241
0,6103516 0,3337863 0,2543136
0,8138021 0,3147127 0,2415978
0,6103516 0,3337863 0,2511347
0,6103516 0,3210706 0,2511346
0,8138021 0,3242495 0,2447768
0,6103516 0,3306074 0,2543136
0,8138021 0,3306074 0,2590819
0,6103516 0,3496809 0,2654396
0,8138021 0,3274284 0,2574924
0,6103516 0,3337863 0,255903
1,017253 0,3083548 0,2384189
0,6103516 0,3401442 0,2622608
0,6103516 0,3274285 0,2527241
0,6103516 0,3051759 0,23524
0,6103516 0,3433231 0,2590819
0,8138021 0,3147127 0,2400084
0,6103516 0,3115338 0,2479557
0,6103516 0,3274285 0,2415979
0,6103516 0,3178917 0,2368295
0,8138021 0,3623965 0,2702079
0,6103516 0,3528597 0,2574924
0,6103516 0,3147127 0,2479557
0,6103516 0,2892812 0,2336505
0,6103516 0,3274284 0,2463662
1,017253 0,3401442 0,2574925
0,6103516 0,2956391 0,2368294
0,8138021 0,3178916 0,2400084
0,6103516 0,301997 0,2304716
0,6103516 0,3306074 0,2590819
0,8138021 0,3306074 0,2511346
0,8138021 0,3401442 0,2590819
0,8138021 0,3242495 0,2527241
0,6103516 0,3496808 0,2511346
0,6103516 0,3337863 0,2606713
0,6103516 0,3496808 0,2622607
0,8138021 0,3433231 0,2574924
0,6103516 0,2924601 0,2304716
0,8138021 0,3623965 0,2654396
0,6103516 0,3306074 0,255903
0,8138021 0,4037222 0,2892812
0,8138021 0,3337863 0,2590819
0,6103516 0,3496809 0,2654396
0,6103516 0,3528597 0,2686185
0,8138021 0,3401442 0,2574925
0,6103516 0,3433231 0,2543135
0,6103516 0,3210706 0,2447768
0,8138021 0,3496808 0,2622607
0,8138021 0,3274285 0,2574924
0,8138021 0,3401442 0,255903
0,6103516 0,3846487 0,281334
0,8138021 0,3719331 0,2733867
0,8138021 0,3751121 0,2829235
1,220703 0,3814699 0,2829234
0,6103516 0,3655753 0,2781551
0,6103516 0,3910064 0,2845128
1,017253 0,3878276 0,2908706
0,8138021 0,3941854 0,2940495
1,017253 0,4132589 0,3004073
0,8138021 0,3973643 0,2924601
0,8138021 0,3973643 0,2956389
0,6103516 0,4355111 0,3115333
0,8138021 0,4450478 0,3353749
0,6103516 0,4227955 0,3115333
0,8138021 0,4482267 0,3306065
0,6103516 0,4609423 0,3512695
0,8138021 0,4768369 0,3528588
0,8138021 0,4673001 0,3417326
1,220703 0,5181627 0,3814692
1,627604 0,5499521 0,4005429
1,220703 0,5880994 0,4386902
2,237956 0,6294254 0,4736585
4,882813 0,7502244 0,5292901
6,917316 0,956853 0,6437298
4,882813 0,988642 0,694592
4,272461 1,198451 0,8455909
7,120767 1,443228 0,9711584
11,39323 1,996358 1,252493
11,18978 2,695719 1,680056
13,22429 3,983179 2,504984
14,24154 4,930496 3,205935
29,70375 7,254281 4,54108
53,30409 11,02448 6,645522
55,74551 15,84053 9,821259
66,73192 20,5485 13,20203
76,70107 27,90132 17,9704
61,44217 36,89446 25,3725
80,77006 44,56205 29,66247
78,93903 50,87537 34,61045
85,65279 59,72553 44,14086
89,31484 63,09202 49,20807
107,0148 69,78049 56,94715
84,43211 71,10614 57,83251
95,82516 71,17923 56,60227
95,82516 74,36451 62,36088
121,2561 76,61516 60,99234
108,032 79,75593 65,96736
124,1044 82,29907 70,79137
104,3699 81,17691 70,02366
120,6457 85,8117 70,79292
126,7492 91,03141 75,8903
126,5457 90,75804 76,73745
123,2906 89,97285 73,67934
123,6975 89,24809 73,68412
126,7492 94,21985 78,57648
126,9526 93,09135 76,99336
128,5802 97,19207 80,8271
129,8009 100,9908 85,53352
130,2078 102,3291 86,69061
129,394 100,2597 84,12524
128,5802 98,53992 83,09212
128,9871 100,9654 86,32028
130,2078 102,9744 86,53637
129,8009 109,4434 91,71482
130,2078 106,468 84,91193
130,2078 104,6465 89,426
130,2078 110,804 92,75426
129,8009 110,3081 92,64143
130,2078 110,7404 93,46633
130,2078 113,8493 97,47494
130,2078 115,0001 98,33164
130,2078 113,9987 90,87236
130,2078 117,664 99,36631
130,2078 118,3824 101,1052
130,2078 117,6258 98,70033
130,2078 117,1935 98,98331
130,2078 119,317 97,7737
130,2078 119,7684 98,28547
130,2078 117,985 95,86636
130,2078 117,4129 94,80939
130,2078 119,1612 100,3677
130,2078 121,9396 103,297
130,2078 121,7901 101,6694
130,2078 118,6144 98,98803
130,2078 121,0272 104,4907
130,2078 119,2216 101,8332
130,2078 119,7938 97,63542
130,2078 120,9255 103,9503
130,2078 120,6712 98,37285
130,2078 122,7947 99,71278
130,2078 122,0635 102,1653
130,2078 123,316 100,7555
130,2078 121,0781 104,9294
130,2078 123,2175 103,3812
130,2078 122,5086 102,7772
130,2078 121,0908 99,97349
130,2078 121,6439 99,76366
130,2078 121,8633 101,9523
130,2078 122,9981 104,3079
130,2078 124,9309 112,4395
130,2078 124,1044 106,4012
130,2078 125,2837 110,1793
130,2078 123,8024 107,2913
130,2078 121,9618 102,205
130,2078 124,1965 106,7222
130,2078 122,9282 100,0641
130,2078 123,7738 106,4902
130,2078 122,8709 105,2107
130,2078 122,375 101,8061
130,2078 123,5258 105,3966
130,2078 124,7115 108,9602
130,2078 122,8773 107,1974
130,2078 122,0826 105,2203
130,2078 122,3274 102,6692
130,2078 122,8773 102,8249
130,2078 123,7451 101,1862
130,2078 122,4736 102,5134
130,2078 123,1507 103,4321
130,2078 123,2747 105,9117
130,2078 123,4114 104,2761
130,2078 123,4241 103,5497
130,2078 124,9626 108,485
130,2078 123,9422 104,7688
130,2078 124,1806 101,3801
130,2078 122,6739 102,0588
130,2078 124,8101 107,0369
130,2078 124,6193 106,8764
130,2078 122,5944 102,1685
130,2078 123,5353 105,4825
130,2078 123,5894 105,821
130,2078 124,2601 105,0629
130,2078 123,6085 102,337
130,2078 122,8423 106,3901
130,2078 123,5067 101,7425
130,2078 124,7147 106,1532
130,2078 125,1057 109,1414
