0,3051758 0,1072884 0,05364418
0,6103516 0,1502037 0,07510185
0,6103516 0,1120567 0,05602837
0,3051758 0,1192093 0,05960464
0,6103516 0,1549721 0,07748604
0,6103516 0,1430511 0,07152557
0,6103516 0,1168251 0,05841255
0,6103516 0,140667 0,07033348
0,3051758 0,1454353 0,07271767
0,6103516 0,1311302 0,06556511
0,6103516 0,1454353 0,07271767
0,3051758 0,1382828 0,06914139
0,6103516 0,1478195 0,07390976
0,6103516 0,1168251 0,05841255
0,6103516 0,1525879 0,07629395
0,6103516 0,1311302 0,06556511
0,3051758 0,1311302 0,06556511
0,6103516 0,1597404 0,07987022
0,3051758 0,1239777 0,06198883
0,6103516 0,09775162 0,04887581
0,6103516 0,1311302 0,06556511
0,6103516 0,1358986 0,0679493
0,6103516 0,1478195 0,07390976
0,6103516 0,1573563 0,07867813
0,6103516 0,1502037 0,07510185
0,3051758 0,1335144 0,0667572
0,6103516 0,1740456 0,08702278
0,3051758 0,1716614 0,08583069
0,6103516 0,1645088 0,08225441
0,6103516 0,1692772 0,0846386
0,9155273 0,1597404 0,07987022
0,3051758 0,1239777 0,06198883
0,6103516 0,1502037 0,07510185
0,6103516 0,1311302 0,06556511
0,3051758 0,140667 0,07033348
0,6103516 0,1692772 0,0846386
0,6103516 0,1788139 0,08940697
0,3051758 0,1692772 0,0846386
0,3051758 0,1573563 0,07867813
0,6103516 0,1335144 0,0667572
0,6103516 0,1597404 0,07987022
0,6103516 0,1502037 0,07510185
0,3051758 0,1525879 0,07629395
0,3051758 0,1692772 0,0846386
0,6103516 0,1430511 0,07152557
0,6103516 0,1597404 0,07987022
0,6103516 0,1907349 0,09536743
0,6103516 0,1525879 0,07629395
0,6103516 0,166893 0,0834465
0,6103516 0,1573563 0,07867813
0,3051758 0,1597404 0,07987022
0,6103516 0,1835823 0,09179115
0,6103516 0,1502037 0,07510185
0,6103516 0,1811981 0,09059906
0,6103516 0,1811981 0,09059906
0,6103516 0,1907349 0,09536743
0,3051758 0,1502037 0,07510185
0,6103516 0,1955032 0,09775162
0,3051758 0,166893 0,0834465
0,6103516 0,166893 0,0834465
0,6103516 0,2002716 0,1001358
0,6103516 0,1692772 0,0846386
0,6103516 0,1859665 0,09298325
0,6103516 0,1978874 0,09894371
0,9155273 0,1955032 0,09775162
0,6103516 0,1573563 0,07867813
0,6103516 0,1692772 0,0846386
0,6103516 0,2098083 0,1049042
0,3051758 0,1764297 0,08821487
0,6103516 0,1358986 0,0679493
0,3051758 0,1549721 0,07748604
0,6103516 0,1811981 0,09059906
0,9155273 0,1907349 0,09536743
0,6103516 0,1955032 0,09775162
0,6103516 0,1621246 0,08106232
0,6103516 0,2217293 0,1108646
0,6103516 0,2074242 0,1037121
0,6103516 0,2098083 0,1049042
0,6103516 0,1859665 0,09298325
0,6103516 0,2217293 0,1108646
0,6103516 0,2169609 0,1084805
0,6103516 0,2241135 0,1120567
0,3051758 0,2360344 0,1180172
0,6103516 0,2551079 0,1275539
0,6103516 0,2646446 0,1323223
0,9155273 0,2646446 0,1323223
0,6103516 0,2598763 0,1299381
0,6103516 0,2360344 0,1180172
0,6103516 0,2789497 0,1394749
0,6103516 0,2455711 0,1227856
0,6103516 0,2527237 0,1263618
0,6103516 0,2622604 0,1311302
0,6103516 0,2598763 0,1299381
0,6103516 0,2264977 0,1132488
0,6103516 0,2789497 0,1394749
0,6103516 0,2837181 0,1418591
0,6103516 0,2670288 0,1335144
0,6103516 0,3170967 0,1704693
0,6103516 0,3147125 0,1585484
0,6103516 0,3170967 0,1597404
0,9155273 0,3290176 0,1811981
0,6103516 0,3361702 0,2098083
0,6103516 0,3242493 0,1883507
0,6103516 0,3314018 0,2121925
0,6103516 0,3480911 0,243187
0,6103516 0,3528595 0,2276897
0,6103516 0,3552437 0,2682209
0,6103516 0,3695488 0,2610683
0,9155273 0,3695488 0,2646446
0,9155273 0,3933907 0,2861023
0,9155273 0,3743172 0,2920628
0,6103516 0,3743172 0,2861023
0,9155273 0,3647804 0,2789497
0,9155273 0,4076958 0,320673
1,220703 0,41008 0,3314018
0,9155273 0,4506111 0,3504753
0,9155273 0,4506111 0,3373623
0,9155273 0,4482269 0,3421307
1,220703 0,4649162 0,3540516
1,525879 0,4935265 0,3683567
1,220703 0,5173683 0,3957748
1,831055 0,5316734 0,4029274
1,525879 0,5626678 0,41008
1,525879 0,6151199 0,4470348
1,220703 0,6985664 0,4780293
2,13623 0,7963181 0,5424023
1,831055 0,8559227 0,6127357
2,441406 0,9512901 0,6961823
1,831055 1,09911 0,7808208
2,441406 1,218319 0,9036064
2,746582 1,399517 1,035929
3,967285 1,478195 1,107454
4,272461 1,597404 1,211166
3,967285 1,785755 1,356602
4,272461 1,971722 1,467466
4,272461 2,293587 1,72019
4,272461 2,570152 1,958609
4,882813 3,020763 2,313852
6,103516 3,316402 2,646446
5,79834 3,764629 3,079176
6,713867 3,902912 3,242493
6,713867 4,220009 3,525019
6,408691 4,274845 3,564358
6,408691 4,365444 3,731251
6,713867 4,489422 3,824234
6,713867 4,589558 3,933907
7,019043 4,67062 3,992319
7,93457 4,906654 4,15802
7,019043 4,866123 4,156828
7,324219 4,987717 4,293919
7,019043 5,102158 4,402399
7,324219 5,145073 4,426241
7,324219 5,185604 4,456043
7,019043 5,261898 4,550219
7,324219 5,216599 4,529953
10,0708 5,393028 4,636049
7,629395 5,507469 4,69923
7,93457 5,609989 4,845858
8,544922 5,588531 4,756451
7,93457 5,881786 5,060434
8,544922 5,977154 5,140305
8,544922 6,020069 5,209446
8,544922 6,012917 5,196333
9,765625 6,167889 5,391836
9,155273 6,227493 5,41687
9,155273 6,399155 5,568266
9,765625 6,449223 5,592108
10,68115 6,742477 5,779266
12,20703 7,104874 5,968809
12,81738 7,698536 6,465912
14,64844 8,25882 6,848574
12,51221 8,854866 7,534027
14,64844 9,284019 8,071661
13,42773 9,171963 8,019209
17,08984 9,403229 8,260012
12,81738 9,591579 8,348227
14,03809 9,827614 8,428097
15,25879 9,865761 8,678436
16,47949 10,00166 8,620024
12,81738 10,06365 8,751154
16,17432 10,27107 8,916855
13,12256 10,10656 8,764267
14,34326 10,31637 8,996725
15,56396 10,2067 8,996725
14,64844 10,2663 8,935928
15,86914 10,58578 9,241104
14,34326 10,65731 9,311438
14,64844 10,60963 9,266138
13,73291 10,42843 9,14216
14,34326 10,5381 9,384155
16,17432 10,59055 9,3472
14,64844 10,83612 9,485483
13,73291 10,63585 9,469986
14,64844 10,54287 9,316206
14,64844 10,7336 9,326935
15,56396 10,88858 9,528399
15,56396 10,83136 9,514093
16,17432 10,87427 9,614229
16,17432 10,87427 9,55224
15,25879 11,00302 9,797812
17,39502 11,04355 9,618998
14,03809 10,8242 9,613037
16,17432 10,96964 9,645224
14,34326 10,9911 9,733438
14,95361 11,20806 9,869337
15,56396 11,40594 9,909868
17,39502 11,3368 9,961128
15,56396 11,36541 9,897947
14,34326 11,2009 9,871721
15,86914 11,26766 10,01716
14,95361 11,21521 9,909868
16,47949 11,31058 9,937286
17,08984 11,50608 10,11133
16,78467 11,42502 10,12325
17,7002 11,49893 10,15544
15,56396 11,46555 10,19239
15,56396 11,31773 9,97901
14,95361 11,73019 10,33187
16,17432 11,78026 10,37478
15,56396 11,49654 10,14113
14,64844 11,30342 10,01239
16,17432 11,53469 10,1912
14,64844 11,6086 10,3116
16,17432 11,92331 10,39028
16,17432 11,76834 10,46419
18,00537 12,04491 10,57506
16,47949 11,7135 10,41412
15,56396 12,06875 10,76221
18,31055 12,03299 10,43081
17,39502 12,1069 10,72407
17,39502 12,29525 10,82897
16,78467 12,5432 10,97798
17,08984 12,31909 10,9446
17,08984 12,24279 10,92672
18,00537 12,40492 10,95414
15,86914 12,16888 10,81228
17,08984 12,23803 10,9303
16,47949 12,32624 10,93388
15,86914 12,49552 10,96368
17,7002 12,72202 11,25574
17,08984 12,49552 11,16633
15,25879 12,4383 11,14011
16,47949 12,80069 11,40118
16,78467 12,5289 11,2617
17,39502 12,81977 11,338
16,78467 12,79354 11,32727
17,7002 12,70771 11,27362
18,61572 12,98428 11,51681
16,47949 12,89368 11,3833
16,78467 12,86745 11,43694
18,31055 13,02719 11,63483
17,39502 13,04865 11,66463
17,7002 13,18216 11,6241
20,75195 13,24415 11,68489
17,7002 13,37528 11,82318
18,00537 13,35859 11,77669
16,47949 13,09395 11,69324
18,31055 13,1917 11,72304
17,08984 13,01289 11,70397
16,47949 13,33952 11,77669
17,39502 13,17739 11,67893
19,22607 13,48257 11,98173
18,61572 13,16786 11,75284
17,08984 13,12256 11,80649
16,47949 13,22031 11,87563
18,9209 13,48257 12,11166
19,53125 13,51833 12,07829
20,44678 13,3729 12,07471
17,7002 13,6447 12,14027
17,7002 13,40628 11,95073
18,61572 13,48495 12,02941
17,39502 13,6447 12,13789
19,22607 13,43012 11,89709
17,08984 13,66377 12,19869
17,08984 13,4182 12,01153
17,08984 13,55171 12,17842
17,08984 13,54456 12,09378
18,61572 13,63039 12,22491
18,00537 13,76629 12,3179
18,00537 13,75437 12,35843
16,78467 13,62085 12,26902
18,00537 13,77583 12,29048
17,39502 13,54933 12,23445
17,7002 13,5231 12,18319
17,39502 13,84735 12,47764
20,44678 13,81636 12,31909
18,31055 13,63754 12,28213
18,9209 13,86642 12,31432
17,7002 14,08815 12,55035
19,53125 14,30273 12,6791
18,61572 14,07385 12,54678
18,31055 14,32419 12,8305
17,39502 14,26697 12,8305
19,22607 14,25266 12,77328
20,44678 14,32657 12,58731
19,53125 14,41479 12,88652
18,61572 14,37664 12,69579
18,61572 14,27889 12,70533
19,22607 14,1716 12,85911
19,22607 14,28366 12,8603
19,22607 14,43863 12,95686
18,31055 14,43863 12,80427
19,22607 14,75096 13,1464
18,9209 14,93692 13,19647
18,00537 14,41717 12,97832
20,75195 14,67705 12,98547
20,1416 14,80341 13,32164
19,53125 14,91785 13,41224
19,53125 15,1372 13,5076
18,9209 15,0156 13,43489
19,83643 14,98461 13,32283
19,22607 15,04421 13,31329
21,3623 15,20157 13,63516
20,75195 14,96553 13,36455
20,44678 15,05613 13,49092
19,83643 15,15865 13,57913
19,22607 15,40899 13,77702
18,31055 15,12289 13,63039
20,44678 15,56873 13,91292
19,22607 15,31363 13,79251
19,53125 15,60211 13,92841
20,44678 15,37323 13,6745
21,66748 15,77616 14,15491
19,83643 15,6951 14,02617
21,3623 15,89537 14,01544
18,9209 15,60926 14,0512
20,1416 15,60926 13,93557
21,97266 15,63787 14,05597
23,80371 16,22915 14,33372
23,19336 15,9955 14,27889
21,3623 16,16716 14,40048
22,58301 15,67841 13,97848
21,97266 16,29114 14,56261
23,80371 16,46042 14,66751
21,3623 16,54387 14,81891
21,3623 16,31498 14,48035
22,27783 16,75129 14,86063
20,75195 16,63685 14,91427
20,1416 16,11233 14,40883
21,05713 16,29114 14,58883
20,44678 16,68215 15,03706
23,49854 16,88719 15,18488
20,44678 16,4175 14,72831
21,66748 16,5534 14,85944
21,3623 16,63923 14,92023
20,44678 16,84904 15,1062
22,27783 17,22336 15,41734
20,75195 16,99924 15,2123
23,49854 16,99209 15,19084
21,3623 16,80136 15,0466
21,3623 16,99686 15,27667
21,97266 16,89434 15,23972
21,66748 17,18044 15,38396
21,97266 17,29965 15,30528
21,05713 17,07315 15,32435
23,19336 17,26627 15,50674
21,66748 17,01593 15,30051
22,58301 17,66443 15,68437
23,19336 17,24958 15,4233
22,58301 17,48085 15,74397
22,88818 17,41648 15,49959
24,10889 17,17567 15,45787
23,19336 17,39264 15,47694
24,71924 17,46178 15,70225
22,88818 17,21621 15,50078
22,58301 17,46416 15,67602
22,88818 17,72881 15,72728
22,58301 17,42125 15,7392
23,49854 17,44747 15,69033
23,80371 17,5786 15,77973
23,80371 17,50946 15,68437
25,02441 17,46655 15,59854
22,27783 17,63105 15,80596
21,3623 17,41886 15,6939
23,19336 17,29727 15,50198
22,27783 17,34018 15,53535
22,88818 17,66205 15,79404
22,58301 17,65251 15,84649
21,66748 17,83133 15,93232
23,80371 17,81464 15,83815
25,63477 17,76218 15,8453
22,27783 17,61675 15,81192
21,66748 17,34257 15,53178
23,80371 17,93623 16,15286
23,80371 17,60721 15,87987
24,10889 17,95053 15,99908
24,41406 17,72642 15,72371
22,27783 17,79795 15,94901
27,46582 17,78364 15,73801
22,58301 17,79079 15,97643
21,66748 17,52377 15,78689
22,58301 17,88616 15,8143
24,10889 17,90285 16,09325
21,3623 17,45701 15,65933
25,02441 17,70496 15,76066
23,19336 17,87186 15,98954
24,71924 17,72165 15,84053
23,49854 18,23664 16,16597
23,80371 17,92192 15,94424
23,49854 17,8647 15,89179
21,66748 17,66443 15,79881
23,49854 17,82656 15,96332
21,66748 17,72642 15,78689
23,80371 18,1365 16,25061
22,58301 18,0006 16,21723
24,71924 17,78364 15,91682
23,80371 17,82179 16,13498
23,80371 18,23425 16,22558
24,10889 17,89331 15,99193
23,19336 17,95769 16,24823
25,02441 17,9553 16,10875
26,24512 17,87901 15,9514
24,71924 17,89808 16,01696
21,97266 17,78603 16,1171
24,71924 18,00776 16,2077
23,49854 17,92192 16,14094
24,10889 17,97676 16,14451
23,80371 18,03875 16,24823
25,02441 18,43452 16,42466
24,71924 18,1365 16,24227
23,49854 17,89331 16,0563
23,19336 18,19611 16,31498
24,71924 18,06974 16,01934
24,41406 18,39638 16,5081
25,02441 18,15796 16,35194
24,41406 18,00776 15,9955
22,58301 17,941 16,21962
23,19336 17,91954 15,97524
24,41406 18,14365 16,16359
24,10889 18,332 16,42942
22,58301 18,34154 16,24823
23,19336 18,07451 16,10279
23,49854 18,11981 16,12544
23,49854 18,13412 16,16716
22,88818 17,91239 16,26968
23,80371 18,4226 16,34598
23,49854 17,73834 16,01338
22,58301 17,77649 16,04557
23,49854 17,8504 15,9812
24,41406 18,15319 16,15763
24,41406 18,29624 16,37578
25,32959 18,45837 16,22438
23,80371 18,19849 16,31618
25,32959 18,79692 16,78467
25,32959 18,44168 16,47115
22,58301 18,0912 16,26015
22,58301 18,47506 16,58201
24,41406 18,39876 16,34717
24,41406 18,35108 16,51168
25,32959 18,38923 16,40558
23,19336 18,64672 16,60466
25,93994 18,75401 16,77752
26,24512 18,64195 16,77632
24,71924 18,2724 16,36982
24,71924 18,59426 16,82639
23,80371 18,25094 16,43658
23,80371 18,6944 16,62135
25,32959 18,44883 16,49618
23,80371 18,81599 16,80255
23,49854 18,38207 16,46638
23,49854 17,90524 16,24584
24,71924 18,84699 16,61539
26,55029 18,44645 16,53194
25,02441 18,35585 16,53194
23,80371 18,51797 16,5534
23,19336 18,91613 16,98732
27,46582 18,49174 16,54029
24,71924 18,44645 16,56413
23,19336 18,35823 16,42108
23,80371 18,94474 16,83593
22,27783 18,32247 16,43658
25,02441 18,35346 16,47234
25,32959 18,74685 16,88242
23,49854 18,50128 16,66188
25,32959 18,58234 16,46519
23,19336 18,58234 16,67261
23,49854 18,38923 16,48426
24,41406 18,6038 16,60347
24,41406 18,70155 16,76559
23,49854 18,52989 16,53433
22,88818 18,38923 16,4938
26,24512 18,88275 16,73698
25,02441 18,78023 16,79897
25,32959 18,92567 16,83712
25,63477 18,83268 16,87288
26,55029 18,52512 16,43896
24,41406 18,84699 16,8097
25,93994 18,67294 16,88004
22,88818 18,59903 16,73341
25,02441 18,8899 16,96587
22,88818 18,41545 16,31975
23,19336 18,70871 16,56771
28,07617 18,80646 16,80374
26,55029 19,16409 17,07673
25,02441 19,05441 16,97183
26,24512 18,88752 16,90984
25,63477 18,91851 16,75725
25,63477 18,4536 16,46996
26,85547 18,56565 16,80017
26,55029 18,95189 16,93964
23,19336 18,49651 16,60109
24,10889 18,89467 16,85858
24,10889 18,60857 16,66665
25,32959 18,95666 17,17329
25,63477 18,45598 16,60824
25,32959 19,13548 16,85023
25,93994 18,83984 16,57367
27,16064 19,09256 17,07673
26,24512 18,95905 16,9301
23,49854 18,83507 16,86215
26,24512 18,44168 16,44135
25,93994 18,99958 17,00759
23,80371 18,61572 16,57009
25,63477 19,15216 16,94202
24,71924 18,95189 16,84904
22,27783 18,44645 16,45446
27,16064 18,8756 16,80613
24,71924 18,85891 16,95275
28,07617 19,14501 17,00401
24,41406 19,12355 17,15302
25,63477 19,09733 17,06719
24,10889 18,66102 16,5534
25,02441 19,0568 17,08388
24,41406 19,10686 17,03858
23,80371 18,91613 16,93726
25,93994 18,89229 16,81209
24,10889 18,63241 16,71195
23,49854 18,78023 16,82639
24,71924 19,18554 16,96944
25,63477 19,29283 17,14826
23,49854 18,81123 16,87527
25,63477 19,13071 16,98136
23,19336 19,19031 17,24839
22,88818 18,67533 16,85858
25,63477 18,9662 16,90507
24,41406 19,11163 16,88957
28,07617 19,46211 17,17448
24,41406 19,47403 17,35091
26,85547 19,24992 16,93964
25,63477 19,1021 16,88957
27,16064 19,48595 17,17925
24,41406 18,91375 16,88242
26,24512 18,96858 16,94679
25,63477 19,34767 17,3068
24,41406 19,37151 17,22813
24,71924 18,89944 16,93606
25,93994 19,30475 17,19713
25,32959 19,35005 17,21382
25,63477 18,83745 16,7191
25,02441 19,24992 17,13395
25,32959 19,48357 17,33661
26,85547 19,28329 17,2019
24,71924 19,10448 16,97063
25,32959 19,09971 16,86931
26,24512 19,4335 17,08865
24,10889 19,31667 17,35687
27,46582 19,12832 17,10892
24,10889 19,09971 17,12322
23,80371 18,97812 16,95395
26,85547 18,93282 16,85619
24,10889 19,22607 17,00759
24,71924 19,25707 17,10296
24,71924 19,0258 16,86811
25,63477 19,39297 17,22693
25,63477 19,57893 17,41052
29,29688 19,30475 17,16495
24,71924 19,15216 17,13753
26,55029 19,41442 17,29488
24,41406 19,08779 17,06719
25,02441 19,26661 17,14706
25,32959 18,7993 16,86096
26,55029 19,34767 17,19475
27,16064 19,38581 17,25793
25,63477 19,41442 17,08865
26,24512 19,58132 17,38667
22,88818 18,42022 16,60705
28,9917 19,238 17,27343
25,02441 19,07349 16,99686
23,80371 19,34528 17,26747
24,41406 19,09018 16,9301
23,80371 19,25707 17,22336
28,68652 19,17362 16,93845
27,16064 18,88752 16,72029
29,29688 19,08064 16,94202
25,02441 19,19508 17,10057
24,41406 18,85176 16,89434
26,24512 19,59801 17,51304
24,10889 19,16647 17,03858
24,10889 18,96143 17,07911
24,41406 19,41681 17,18163
26,24512 19,31906 17,17448
25,32959 19,43111 17,26866
25,93994 19,50264 17,3986
25,32959 19,62185 17,46893
25,02441 19,36436 17,31157
24,41406 19,00911 16,93606
26,55029 19,77682 17,53092
28,68652 19,1617 17,04454
26,85547 18,90659 16,88004
28,9917 19,26661 16,9611
26,55029 18,91136 16,99805
24,41406 19,06633 16,94679
25,02441 19,27137 17,13157
25,02441 19,37151 16,98971
24,10889 19,28329 17,25554
26,24512 19,65046 17,36164
23,49854 19,11163 17,13872
25,93994 19,15932 17,02428
24,10889 19,07587 17,1268
23,80371 19,40966 17,23647
27,16064 19,20223 16,97183
25,93994 19,16409 17,2472
26,85547 19,13071 17,05766
25,02441 19,16409 17,10653
26,85547 19,1164 17,03262
25,02441 19,16409 16,84904
24,71924 19,45257 17,42005
26,24512 19,52171 17,38191
25,63477 19,26422 17,27462
26,24512 19,40489 17,22336
27,16064 19,2976 17,06123
26,85547 19,30714 17,25435
29,60205 19,77921 17,30919
24,10889 19,10925 17,07673
23,80371 19,28091 17,29846
24,71924 18,89944 16,85619
24,71924 19,22131 17,1876
25,93994 19,25707 17,26985
28,68652 19,32859 17,30084
27,16064 19,07349 17,12441
25,63477 19,50741 17,45939
25,93994 19,35005 17,31634
24,41406 19,57893 17,50231
25,32959 19,2976 17,14706
24,41406 19,35005 17,24124
27,46582 19,32621 17,32588
24,41406 18,89467 17,02785
24,10889 19,23084 17,20548
24,71924 19,23084 17,1423
27,46582 19,57417 17,47251
25,32959 19,31667 17,22336
27,16064 19,44304 17,24601
24,41406 19,33813 17,16256
25,93994 19,51933 17,39502
23,80371 19,33098 17,28415
23,19336 19,30237 17,17091
25,32959 19,41919 17,18402
26,85547 19,18554 17,23647
25,32959 18,98766 16,83593
24,41406 19,22369 17,07315
31,43311 19,14978 17,10415
24,71924 19,11879 17,20786
24,41406 19,32144 17,22693
24,10889 19,38105 17,18879
28,9917 19,44065 17,08865
26,24512 19,2976 17,23051
25,93994 19,24276 17,20905
25,63477 19,44065 17,21144
28,38135 19,45257 17,23409
25,32959 19,45972 17,33899
25,32959 19,59085 17,4129
26,55029 19,39535 17,26151
25,93994 19,4788 17,46655
24,41406 19,23084 17,29012
27,16064 19,65761 17,31157
25,93994 19,53602 17,40336
22,88818 18,92567 17,08865
25,93994 19,42873 17,4129
24,71924 19,47403 17,30442
27,46582 19,32144 17,24601
28,9917 19,31667 17,15422
25,02441 19,4025 17,25435
25,02441 19,36436 17,22217
25,02441 19,40012 17,21501
26,85547 19,09971 17,10415
24,41406 19,40489 17,31753
25,93994 19,74821 17,56787
26,55029 19,32621 17,38548
26,85547 19,29045 17,11726
24,41406 18,92328 16,92533
23,80371 19,46449 17,33541
25,93994 19,42635 17,31992
25,02441 19,37866 17,27462
24,71924 19,00196 16,92891
28,38135 19,49787 17,34853
26,24512 19,25707 17,20428
26,55029 19,53125 17,519
23,80371 19,19031 17,12441
26,55029 19,41681 17,16256
24,10889 19,238 17,12441
26,85547 19,50741 17,43436
28,9917 19,20223 16,92057
23,49854 19,41204 17,18998
24,41406 19,44304 17,43793
26,85547 19,05441 16,886
24,71924 19,37866 17,308
25,32959 19,28568 17,19236
25,02441 19,45734 17,39383
25,02441 19,51218 17,5941
25,93994 19,30475 17,17806
26,85547 19,47403 17,38429
23,80371 19,49787 17,21501
27,16064 19,63377 17,32111
26,55029 19,84119 17,48681
24,71924 19,23084 17,19117
27,46582 19,48833 17,51661
24,10889 19,75298 17,5786
25,32959 19,69576 17,61317
25,32959 19,39058 17,05766
25,02441 19,41919 17,37475
26,55029 19,58609 17,51781
27,771 19,41442 17,2019
27,46582 19,52887 17,46655
27,16064 19,29522 17,20071
25,93994 19,30714 17,32826
27,16064 19,45734 17,34972
23,80371 19,41442 17,32349
26,55029 19,61946 17,46655
23,80371 19,52648 17,61317
25,32959 19,89365 17,37356
24,41406 19,51933 17,42005
25,02441 19,44065 17,51542
27,16064 19,31667 17,22693
24,41406 19,68861 17,53807
25,63477 19,95564 17,82656
26,24512 19,28329 17,20428
27,16064 19,48595 17,20667
25,63477 19,62185 17,48085
24,41406 19,18793 17,18998
25,32959 19,49787 17,38429
28,38135 19,35244 17,23766
27,16064 19,1164 17,10415
25,32959 19,49549 17,52257
22,88818 19,48118 17,40694
28,68652 19,64092 17,58575
25,32959 19,57178 17,32469
25,32959 19,69337 17,55118
26,55029 19,81974 17,60244
25,93994 19,32144 17,46774
28,68652 19,78636 17,57622
25,93994 19,46688 17,31634
25,63477 19,51694 17,40456
27,16064 19,66715 17,49158
24,71924 19,36436 17,1113
26,55029 19,45496 17,42125
28,38135 19,45496 17,21621
25,02441 19,64331 17,48919
31,12793 19,5384 17,49158
24,10889 19,18077 17,11011
25,02441 19,51933 17,36999
29,60205 19,75298 17,44986
25,93994 19,29283 17,12561
25,02441 19,70053 17,38548
24,41406 19,09494 17,04693
26,24512 19,28568 17,066
26,55029 19,629 17,44628
24,41406 19,45496 17,51661
25,63477 19,55509 17,33422
25,93994 19,35482 17,17091
25,02441 19,42635 17,41409
26,55029 19,92226 17,81225
27,771 19,80782 17,70854
29,60205 20,00809 17,70735
26,85547 19,84119 17,44866
24,71924 19,76013 17,488
27,46582 19,69337 17,59768
25,02441 19,61708 17,49039
25,63477 19,61231 17,56668
28,07617 19,60039 17,39621
26,85547 19,7506 17,76934
26,55029 19,29283 17,22574
28,07617 19,86504 17,66682
25,63477 19,92941 17,65847
24,10889 19,78636 17,57026
25,02441 19,80305 17,67874
25,02441 19,66715 17,52734
24,41406 19,49549 17,39383
24,71924 19,69576 17,40694
25,32959 19,29522 17,12561
26,24512 19,37389 17,28296
25,63477 19,94133 17,76218
26,24512 19,25468 17,27223
25,93994 19,44542 17,31277
24,71924 19,7053 17,63821
25,93994 19,58847 17,42005
26,85547 19,39297 17,26508
25,32959 19,81497 17,68947
27,771 19,9604 17,86709
25,32959 19,50741 17,277
26,55029 19,89126 17,52496
26,24512 19,76252 17,40932
24,71924 19,77205 17,66443
25,63477 19,54794 17,47489
26,85547 19,64331 17,62509
27,16064 19,40727 17,38548
25,93994 19,89126 17,74311
26,55029 20,10822 17,82537
27,46582 19,40966 17,34853
26,55029 19,49549 17,40932
25,63477 19,74106 17,40932
24,10889 19,35482 17,55595
23,49854 19,7506 17,6537
27,46582 20,05577 17,8206
26,85547 20,43009 18,06021
25,32959 19,83643 17,74907
27,16064 19,72914 17,48443
26,24512 19,55271 17,49039
24,41406 19,87457 17,70616
27,16064 19,69576 17,56191
26,85547 20,34187 17,92908
25,63477 19,87934 17,56191
25,02441 19,28806 17,18521
24,10889 19,32859 17,44866
27,16064 19,89603 17,74669
26,24512 19,75298 17,58099
26,55029 19,70291 17,56787
26,85547 20,04623 17,93265
26,55029 19,84358 17,67159
25,32959 19,54794 17,42482
25,02441 19,83166 17,70377
26,85547 19,91272 17,83252
25,93994 18,94236 16,855
26,24512 19,51218 17,5941
24,10889 19,60516 17,48085
28,07617 19,85788 17,89689
27,16064 19,98425 17,64417
25,32959 19,80543 17,57622
24,71924 19,83881 17,81464
25,93994 19,58847 17,49277
26,85547 19,60993 17,42005
26,85547 19,64092 17,52496
26,24512 19,32621 17,4582
23,49854 19,60993 17,57264
26,85547 19,53125 17,36522
27,16064 20,04147 17,93742
24,41406 19,49072 17,63821
29,29688 19,60754 17,65728
24,41406 19,7506 17,5488
28,9917 19,8555 17,68351
26,55029 19,96279 17,65132
26,24512 20,02001 17,67874
26,55029 19,82689 17,80033
26,24512 19,89603 17,80629
25,93994 20,10107 17,83848
24,10889 19,60516 17,73119
27,16064 20,02478 17,81464
25,93994 20,051 17,94219
26,24512 19,74106 17,57383
25,63477 20,04385 17,87305
28,68652 20,13445 17,99583
25,32959 19,88888 17,6537
24,71924 19,59085 17,55476
28,9917 20,1869 17,93146
26,85547 19,72198 17,67755
25,63477 19,97471 17,89451
28,68652 20,07484 17,94577
25,02441 19,97471 17,57383
28,68652 19,75298 17,52853
26,24512 19,93895 17,84682
28,9917 20,30849 17,8647
24,41406 19,84358 17,84682
24,71924 20,38479 18,07451
27,16064 19,52887 17,61675
26,55029 20,06054 17,91954
25,93994 20,13922 17,9255
29,90723 20,11538 17,84444
26,55029 20,17975 17,79675
24,71924 20,04623 17,83013
26,85547 20,27035 18,12696
27,16064 19,96279 17,76934
25,63477 20,2322 17,99941
27,16064 19,97709 17,89093
25,32959 20,08677 17,90047
25,32959 20,01047 17,81225
26,85547 20,02239 17,66682
27,16064 20,22743 18,0614
25,93994 20,03908 17,70139
28,38135 20,32995 18,06021
25,93994 19,99617 17,79199
26,24512 20,39909 18,11624
27,771 20,48016 18,27478
24,71924 20,07246 17,91835
26,55029 20,5183 18,10908
25,63477 20,40625 18,18299
27,46582 20,17736 18,01491
27,16064 20,23697 17,9553
31,12793 20,473 18,15557
27,771 20,17021 17,96722
27,46582 20,4134 17,99107
26,24512 20,53022 18,20207
25,02441 20,21074 17,83609
27,46582 20,08915 17,98511
29,29688 20,13206 17,99345
26,24512 20,33234 18,12696
26,85547 20,06292 17,90524
24,71924 20,25127 18,08405
26,55029 20,74003 18,45241
27,16064 20,25127 17,88378
26,55029 20,29657 18,1222
26,55029 19,9914 17,85636
26,85547 20,46108 18,38803
26,24512 20,32518 18,11266
27,16064 20,60652 18,21399
27,46582 20,15591 18,11624
26,55029 20,71142 18,36658
26,55029 20,5636 18,32366
25,32959 20,73765 18,44764
28,07617 20,42055 18,05782
25,02441 20,42532 18,19968
26,55029 20,24651 18,06736
27,46582 20,10107 18,01729
30,51758 20,67089 18,41545
27,16064 20,56837 18,35346
26,55029 20,82586 18,50963
27,16064 20,9713 18,60738
26,85547 20,24889 18,06259
25,93994 20,34187 18,21876
25,93994 20,57552 18,03279
29,90723 21,10958 18,66221
27,46582 20,27273 17,9112
27,16064 20,43247 18,23306
25,02441 20,48254 18,24975
26,24512 20,43962 18,28909
26,24512 20,56599 18,3022
26,55029 20,66135 18,43095
29,29688 20,71142 18,51916
27,771 20,76864 18,45837
25,63477 20,40625 18,18776
25,32959 20,33234 18,2879
26,55029 20,55168 18,34035
27,46582 20,39433 18,11028
26,85547 20,66851 18,36419
26,85547 20,48731 18,33797
28,9917 20,75911 18,52512
28,07617 20,48254 18,15438
26,55029 20,35618 18,06021
28,68652 20,98322 18,6348
25,02441 20,18929 17,95053
28,07617 20,46347 18,03279
26,24512 20,34664 17,91716
28,38135 20,55407 18,39042
25,63477 20,22743 18,03875
25,93994 20,21313 17,8957
27,771 20,43486 17,9565
28,68652 20,55407 18,29386
26,55029 20,56599 18,39995
25,63477 20,30611 18,25094
27,16064 20,66135 18,332
25,32959 19,70053 17,63701
27,771 20,51115 18,38684
28,07617 20,40863 18,09597
27,771 20,44678 18,121
27,771 20,84017 18,5287
27,16064 20,69473 18,29863
28,07617 20,34426 18,11743
26,24512 20,34903 17,98034
26,85547 20,84494 18,41187
28,68652 20,39909 18,15557
25,02441 20,53976 18,28194
24,41406 20,03193 17,9255
28,68652 20,31326 18,20683
28,68652 20,42532 18,10312
28,07617 20,63036 18,31651
25,32959 20,2775 18,0459
28,07617 20,28465 17,91835
26,24512 20,75911 18,28194
25,32959 20,17736 17,87543
32,65381 20,55883 18,24141
26,24512 20,56122 18,41426
28,07617 20,55645 18,34512
29,90723 20,75195 18,61572
27,46582 20,52307 18,20087
26,55029 20,35856 18,19611
26,24512 20,82825 18,27121
29,90723 20,61844 18,36777
26,55029 20,67566 18,23902
27,771 20,72573 18,37611
24,41406 20,47777 18,24379
28,07617 20,19882 18,16511
25,63477 20,68758 18,27598
28,07617 20,58744 18,37373
29,29688 20,36572 18,05663
26,55029 20,96653 18,26048
27,46582 20,43724 18,2879
25,93994 20,10345 17,87305
28,68652 20,4277 18,3177
29,29688 20,6542 18,43095
25,02441 20,43962 18,17226
28,07617 20,67566 18,2724
27,46582 20,89024 18,4381
26,85547 20,43724 18,22352
25,63477 20,63036 18,39042
26,85547 20,6399 18,29743
24,71924 20,11299 17,93504
28,9917 20,66374 18,38088
25,93994 20,51115 18,22829
27,771 20,44916 18,17703
24,71924 20,42055 18,14961
27,16064 20,53976 17,98391
25,63477 20,45155 18,05902
25,63477 20,5493 18,24975
26,55029 20,48969 18,07451
26,24512 20,72811 18,49651
26,24512 20,51115 18,17346
29,90723 20,72811 18,40949
29,60205 20,72811 18,35465
26,55029 20,54453 18,35227
26,24512 20,7305 18,37134
25,32959 20,70189 18,50367
27,771 20,54214 18,2426
28,07617 20,68996 18,37611
29,29688 20,62798 18,28313
25,32959 20,43724 18,24141
25,93994 20,53499 18,39042
25,93994 20,2775 18,17584
24,10889 20,55407 18,28313
26,55029 20,86401 18,48459
25,63477 20,31088 18,00418
28,9917 21,12627 18,65864
28,07617 20,44201 18,15557
26,85547 20,37764 18,20803
25,93994 20,48731 18,34869
26,24512 20,64466 18,4238
26,24512 20,74242 18,30816
29,60205 20,48731 18,25809
27,46582 20,73526 18,35227
27,16064 20,74957 18,47863
27,46582 20,96891 18,42737
27,16064 20,54214 18,2879
25,63477 20,58029 18,11624
28,9917 20,53976 18,22948
28,9917 20,49208 17,96126
26,24512 20,5183 18,20564
29,60205 20,70427 18,41307
25,32959 20,8354 18,56327
26,24512 20,71142 18,39876
27,46582 20,95699 18,54181
28,07617 20,74242 18,40115
25,63477 20,41817 18,15677
25,63477 20,53976 18,32247
31,43311 20,64228 18,44287
28,9917 20,73288 18,54539
27,771 20,75672 18,56565
25,93994 20,81156 18,55612
30,82275 20,63513 18,38446
27,16064 20,86401 18,49532
27,46582 21,16442 18,77666
27,46582 20,66612 18,42499
26,85547 20,60413 18,38923
27,771 20,71857 18,42976
26,85547 20,52784 18,2271
27,771 20,88308 18,42499
27,771 20,58506 18,21876
26,24512 20,84255 18,06259
27,16064 20,8497 18,53228
27,771 20,95938 18,44168
29,60205 21,01421 18,50486
27,16064 20,6089 18,26763
29,90723 20,57552 18,35704
25,93994 20,47062 18,43691
27,46582 20,75434 18,50367
28,9917 20,84494 18,50128
29,90723 20,73526 18,37492
28,07617 20,95461 18,47625
27,771 20,92361 18,51678
29,29688 20,82348 18,55016
28,38135 20,87116 18,41307
26,85547 20,50161 18,30101
28,07617 20,83778 18,58354
28,38135 20,87116 18,32724
27,771 20,84732 18,62049
29,29688 20,60652 18,2116
29,60205 20,57314 18,31174
27,46582 20,91885 18,45479
25,02441 20,53022 18,3332
26,24512 20,6542 18,31412
26,85547 21,27171 18,79096
26,55029 20,82825 18,59546
26,55029 20,59937 18,17107
30,2124 20,86639 18,52274
28,68652 20,96653 18,62526
28,68652 20,92123 18,66937
25,93994 20,72334 18,43691
26,55029 20,61605 18,2271
28,07617 20,68758 18,65506
28,68652 20,70665 18,38446
28,9917 20,71381 18,35465
27,46582 20,43486 18,23068
26,85547 20,62082 18,34393
29,60205 20,76626 18,50486
28,07617 20,43962 18,27121
27,16064 20,86878 18,4536
27,16064 20,96653 18,6801
27,771 20,56122 18,27717
28,38135 20,49208 18,3785
28,38135 20,69473 18,55493
28,68652 20,91169 18,63599
28,07617 20,90931 18,45717
27,46582 20,90693 18,62764
26,24512 20,69235 18,61095
27,46582 20,8807 18,55016
25,32959 20,35379 18,08643
25,93994 20,69712 18,50367
28,9917 20,68043 18,36181
25,93994 20,48016 18,23783
26,85547 20,63751 18,40949
30,2124 21,05713 18,81599
27,771 20,83063 18,62764
27,16064 21,11912 18,78262
25,93994 21,22641 18,74685
26,55029 20,97368 18,65625
29,90723 20,74242 18,63003
28,9917 20,38002 18,24617
26,24512 20,33949 18,12816
25,32959 20,77103 18,38446
26,24512 20,77579 18,38684
28,68652 20,58983 18,20445
28,38135 20,96891 18,61095
28,07617 20,99514 18,68129
27,771 21,07143 18,80646
27,46582 20,98799 18,62884
26,24512 21,23594 18,92567
25,93994 20,76149 18,49294
28,07617 20,87593 18,62526
26,24512 20,85209 18,5442
26,24512 20,99514 18,49771
28,38135 20,8497 18,44049
28,07617 20,9403 18,58711
26,55029 20,61129 18,46671
27,16064 20,926 18,6348
28,68652 20,79487 18,45956
27,16064 20,50161 18,35465
27,46582 20,82586 18,33439
28,07617 21,17872 18,67533
27,16064 21,21449 18,74566
32,04346 21,14296 18,66221
29,29688 20,85447 18,44525
28,07617 20,83063 18,39042
26,55029 20,77341 18,48102
29,90723 20,82348 18,47506
29,29688 21,26694 18,53824
27,771 21,34562 18,93282
25,93994 20,97368 18,71109
28,9917 21,05951 18,65745
29,29688 21,38615 18,76473
26,55029 20,88308 18,55493
28,68652 20,97368 18,69202
28,68652 20,52069 18,2569
26,55029 20,91408 18,70036
31,43311 21,17395 18,77427
27,46582 20,43486 18,29147
27,16064 21,23833 18,78977
26,85547 21,09766 18,72301
26,55029 20,50877 18,27955
26,55029 20,82109 18,53943
28,38135 21,2121 18,85056
28,9917 21,01183 18,47863
27,16064 20,87116 18,53704
25,93994 20,83063 18,49771
26,55029 21,06667 18,83388
28,07617 21,19303 18,85891
26,24512 21,00706 18,31651
27,16064 20,84255 18,44764
27,16064 20,86878 18,62049
25,63477 20,95222 18,47386
26,85547 21,11197 18,79215
30,2124 20,9403 18,60023
29,90723 21,25978 18,80765
26,55029 20,75195 18,39519
26,55029 20,82348 18,36658
27,771 21,08574 18,74566
27,46582 20,58268 18,57519
26,24512 20,90216 18,50486
27,771 20,77341 18,61691
25,93994 20,7448 18,66817
25,93994 20,926 18,6193
27,16064 20,91646 18,64672
27,16064 20,78056 18,4691
26,55029 20,78772 18,36658
28,38135 20,96891 18,66817
27,16064 21,41476 18,94951
28,38135 20,89977 18,51797
27,771 20,54214 18,37015
25,93994 21,00706 18,63122
27,16064 20,92361 18,64552
26,55029 20,97607 18,59307
26,55029 20,69235 18,44406
28,07617 21,35515 18,91255
28,07617 21,28363 18,75043
26,55029 20,67566 18,65268
28,9917 21,18349 18,88633
27,771 21,03329 18,67771
26,85547 20,35141 18,19849
29,29688 21,17395 18,80169
28,68652 21,23356 18,96977
26,24512 21,20495 18,66698
28,68652 21,10243 18,87679
26,85547 20,9713 18,65387
25,93994 20,99991 18,57877
28,9917 21,22402 18,7397
25,02441 20,5636 18,33081
26,55029 20,66135 18,55493
26,85547 21,20733 18,83268
27,771 21,10958 18,79811
28,68652 20,77341 18,44406
28,07617 21,2574 18,81003
29,29688 21,17395 18,86964
29,60205 21,04044 18,7254
29,90723 21,13104 18,63956
27,46582 20,84017 18,61811
28,07617 21,39807 18,92567
26,85547 21,25025 18,78262
28,38135 20,97607 18,78858
29,29688 21,23117 18,77427
27,771 20,926 18,60142
29,90723 20,75911 18,56804
27,16064 21,15726 18,78262
27,46582 21,31224 18,93997
27,46582 21,22402 18,7993
27,16064 21,11435 18,69321
26,85547 21,13581 18,86129
26,85547 21,17157 18,85056
27,46582 20,83778 18,54181
29,60205 21,03806 18,55969
27,771 21,05236 18,82792
29,60205 20,86639 18,58473
25,32959 20,71619 18,53466
29,90723 20,98799 18,68725
26,55029 20,83302 18,48459
26,85547 21,11673 18,79096
26,24512 21,15965 18,80884
27,771 21,20733 19,02342
27,46582 20,95461 18,83745
26,55029 20,81394 18,35227
27,46582 20,86163 18,76354
26,24512 20,95938 18,72897
30,82275 20,59221 18,31651
26,85547 20,90216 18,74208
26,55029 20,98083 18,77427
27,46582 21,17872 18,59426
27,771 21,25502 18,89229
28,07617 21,26217 18,91971
28,07617 21,36946 18,90898
26,55029 20,80917 18,38684
28,9917 21,16442 18,68248
27,16064 20,91885 18,62764
24,71924 21,1978 18,83864
27,46582 21,73901 19,18554
29,90723 21,04998 18,49532
30,51758 21,27647 18,87798
29,29688 21,40522 18,93163
29,29688 20,63036 18,24498
28,9917 20,99037 18,56923
28,38135 20,69712 18,30935
28,38135 21,41237 18,91732
26,24512 20,97607 18,6789
29,29688 20,895 18,54539
27,16064 21,3027 18,79096
27,46582 20,84732 18,4989
29,29688 21,23117 18,87918
25,93994 20,82348 18,77308
30,82275 21,13104 18,7695
26,85547 21,29555 18,80169
27,16064 20,926 18,57996
26,55029 21,16919 18,70632
25,93994 21,17634 18,90302
28,9917 21,23594 18,76593
28,38135 21,25502 18,78023
28,38135 21,22164 18,79692
27,771 21,56258 18,90898
27,16064 20,85686 18,42499
26,24512 21,0309 18,70513
31,43311 21,39807 18,91851
28,07617 21,22402 18,90659
27,16064 21,31939 18,87679
27,16064 20,89977 18,59426
27,46582 21,1525 18,70751
26,24512 20,94269 18,60619
26,24512 21,02137 18,70871
26,24512 20,77103 18,72063
27,771 21,13581 18,70394
28,38135 21,38138 19,04488
26,55029 21,00229 18,83864
29,60205 21,39807 19,10806
30,82275 21,33846 18,95428
26,85547 20,97845 18,55135
28,38135 21,05474 18,65268
25,93994 21,16442 18,81719
29,60205 21,47198 18,97931
26,85547 20,78295 18,53108
28,07617 20,85209 18,48102
29,60205 21,32893 18,76473
30,2124 20,89739 18,4989
26,85547 21,10958 18,6038
34,79004 21,17395 18,88633
29,60205 20,91169 18,51797
25,63477 20,85209 18,65268
27,46582 21,18826 18,81003
29,60205 21,31224 18,95666
30,82275 20,81156 18,50367
28,07617 21,06905 18,66221
28,9917 20,90216 18,56804
28,07617 21,26455 18,80527
28,38135 20,81156 18,45002
28,07617 20,84255 18,59188
28,68652 21,06905 18,72897
27,46582 21,1668 18,89944
26,24512 20,88308 18,54897
27,16064 20,83063 18,61334
31,12793 20,80679 18,55254
25,93994 21,04521 18,63003
27,46582 21,00229 18,62407
26,85547 21,06905 18,91494
27,771 21,0309 18,49055
27,16064 20,99514 18,40711
29,29688 21,29316 19,01627
25,63477 20,76626 18,76831
26,55029 20,76149 18,50367
26,85547 21,46482 18,98885
28,9917 21,08574 18,69678
25,32959 20,78056 18,70155
27,771 21,53873 19,18554
27,16064 21,02852 18,69559
28,07617 20,75911 18,54539
28,68652 20,8807 18,43333
25,63477 20,80441 18,56089
28,38135 21,35038 18,68486
25,93994 21,08574 18,75162
28,38135 20,95699 18,47148
27,771 21,20972 18,80169
27,46582 20,78295 18,40949
28,38135 20,9403 18,41903
28,38135 20,75434 18,52036
28,07617 20,81394 18,37254
29,90723 20,504 18,34393
27,16064 20,85924 18,68367
27,16064 20,93077 18,85653
27,771 21,46721 19,00673
27,16064 21,49343 19,1474
28,38135 21,10243 18,72063
25,93994 20,62082 18,4238
29,60205 20,91646 18,6491
26,85547 21,17395 18,9352
26,55029 20,99276 18,67175
27,46582 20,65182 18,34869
28,07617 20,97607 18,62764
25,63477 21,23117 18,86606
27,771 21,13581 18,75281
28,07617 20,94269 18,74447
28,07617 20,57076 18,37969
29,90723 21,51489 19,00673
28,9917 21,41714 18,93163
30,51758 21,48628 19,06157
28,07617 21,348 18,97812
30,2124 20,95222 18,59307
26,24512 21,2574 18,97693
26,55029 20,93554 18,68367
28,9917 21,04521 18,69321
30,2124 21,08812 18,67294
28,07617 21,25978 18,83507
28,07617 21,1072 18,60976
28,38135 21,20018 18,84341
27,771 20,9713 18,53585
28,07617 21,09051 18,88156
29,60205 21,83676 19,45019
28,07617 21,17872 18,83745
30,2124 21,29078 18,88514
26,55029 20,95699 18,79215
26,55029 20,55883 18,33677
25,93994 20,79248 18,56804
26,24512 20,8354 18,7397
26,24512 20,85686 18,52751
29,60205 21,08574 18,85056
27,771 21,11673 18,64672
26,85547 21,2431 18,8005
27,46582 21,20733 18,77069
26,55029 20,72334 18,4083
27,771 20,95461 18,58115
35,09521 21,10004 18,996
25,93994 20,89024 18,75997
26,85547 20,93077 18,53824
27,771 21,05474 18,85653
27,16064 20,5946 18,44883
30,2124 21,02137 18,73016
26,55029 20,93554 18,78858
28,68652 21,09289 18,90779
27,46582 21,07382 18,61811
28,68652 21,48628 18,97573
25,93994 21,06667 18,91613
27,16064 21,1215 18,9662
27,46582 21,06428 18,95785
27,771 21,47436 19,38701
26,85547 20,99276 18,64195
27,16064 20,86401 18,84818
28,38135 21,46244 18,99123
25,02441 21,08335 18,90898
28,68652 21,02613 18,79215
28,07617 21,38376 19,08422
28,38135 21,15726 18,8911
27,46582 21,32416 19,09971
27,46582 21,47198 19,15932
28,07617 21,24071 18,9054
26,55029 21,12627 18,76473
26,24512 20,97607 18,75281
28,38135 21,49582 19,02223
28,07617 21,42668 19,11283
27,771 21,70801 19,24396
26,55029 20,97368 18,89825
28,07617 21,13581 18,85414
27,46582 21,35277 18,97931
28,68652 21,7104 19,21654
26,55029 20,91169 18,77904
28,68652 21,36707 19,01984
27,16064 20,9403 18,93878
28,38135 21,16442 18,95785
27,46582 21,37661 18,96262
26,24512 21,24071 18,9209
28,9917 21,35038 19,09852
28,07617 21,46482 19,21773
25,32959 20,78056 18,58592
28,38135 21,37423 18,96143
27,46582 21,24071 19,04011
26,85547 21,34562 19,27376
28,68652 21,14534 18,92209
26,55029 21,09051 18,96739
28,07617 21,07143 18,86129
26,85547 21,00468 18,73374
29,29688 21,48628 19,29045
26,85547 21,26455 18,92328
28,38135 21,44575 19,12236
28,38135 21,44337 19,03892
28,9917 21,0166 18,69082
28,07617 20,98083 18,7254
26,55029 21,11197 18,73374
26,55029 21,28124 19,14024
29,90723 21,33846 18,97812
27,46582 21,45767 19,18674
28,68652 21,02137 18,79454
28,38135 21,04998 18,74566
26,24512 21,10481 18,74208
26,24512 21,27409 18,93401
27,16064 21,47913 19,24396
27,46582 21,22641 19,00792
27,46582 20,94269 18,77189
28,38135 20,92123 18,50963
28,9917 21,44337 19,12117
27,16064 21,34562 19,238
27,16064 20,95461 18,71943
27,46582 21,15011 18,87679
28,68652 21,30985 19,11044
29,90723 21,02137 18,76116
28,07617 21,26694 18,96501
26,24512 21,5292 19,28449
32,04346 21,23594 18,96739
26,55029 21,24548 18,8899
29,29688 21,28363 19,12594
31,12793 21,35277 18,98408
29,90723 21,27647 18,8899
28,9917 21,69847 19,12832
28,9917 21,13581 18,785
32,34863 21,55066 19,14382
30,51758 21,50774 19,14501
30,2124 21,82484 19,43111
28,38135 21,30747 19,12117
30,51758 21,29078 18,91017
26,55029 20,67089 18,29982
26,85547 21,20018 18,87798
25,63477 21,38376 19,09852
27,46582 21,16919 19,01984
27,16064 21,31224 18,93997
27,16064 21,44337 19,10925
28,38135 21,40045 19,00434
29,29688 21,1215 18,79692
27,46582 21,0166 18,85176
25,93994 21,1215 18,7695
29,29688 20,86878 18,61811
30,82275 21,27171 19,06991
26,85547 21,0619 18,74566
28,9917 20,66612 18,40591
28,38135 20,84017 18,74924
29,90723 21,2431 18,86129
26,24512 20,8354 18,73612
26,24512 20,98083 18,87679
28,38135 21,41237 19,10329
28,07617 21,31939 19,03534
26,85547 21,10958 18,84103
27,16064 20,96891 18,97454
26,55029 21,17634 18,97573
26,55029 21,03567 18,77069
28,9917 21,34562 18,89825
30,51758 21,39091 18,91494
27,46582 21,45767 19,29045
28,38135 21,1215 18,85414
28,07617 20,94269 18,82076
27,16064 21,19541 18,82911
29,29688 21,20972 18,8005
25,02441 20,94984 18,90898
26,85547 20,9403 18,85056
25,32959 21,09289 18,85295
28,07617 21,06428 18,8756
27,46582 21,28839 18,90421
26,24512 20,6089 18,363
26,55029 21,50297 18,92447
27,771 21,23833 18,90779
26,55029 21,13819 18,78738
27,771 21,08574 19,00077
30,82275 20,73288 18,57281
28,9917 21,10958 19,03057
26,55029 20,94269 18,62526
26,85547 21,13581 18,96858
26,24512 20,95699 18,79096
26,24512 21,33369 19,0258
27,46582 21,04998 18,86368
27,16064 21,46721 19,03296
25,63477 21,04759 18,85176
26,85547 21,11435 18,90182
30,2124 21,10958 18,85414
27,771 21,18111 18,87321
26,85547 21,03567 18,83268
28,38135 21,15965 18,90182
27,16064 21,35277 19,0115
31,43311 21,48628 19,08422
26,24512 20,94507 18,68367
26,85547 21,59834 19,31667
27,46582 21,37899 18,98766
27,771 20,95938 18,76712
26,85547 20,68996 18,52751
26,55029 21,07859 18,91732
28,68652 20,82825 18,66817
27,46582 21,55066 19,23084
27,46582 20,86878 18,72301
31,12793 21,05474 18,785
26,85547 21,1668 18,79454
27,46582 21,52443 19,04964
26,85547 21,19541 19,02103
26,55029 21,02137 18,84818
28,38135 21,50536 19,15336
28,9917 21,36469 19,04368
29,29688 21,32416 18,97454
27,46582 21,64364 19,39535
28,07617 21,37899 19,2225
27,46582 21,16442 18,82315
28,9917 21,30032 18,95547
26,24512 21,22164 19,04607
26,55029 21,24071 18,78142
28,68652 21,41476 18,99838
27,771 21,53397 19,0711
29,29688 21,53873 19,12951
29,60205 21,52443 19,3584
28,07617 21,39568 19,21773
28,07617 21,50536 19,38701
28,68652 21,74377 19,33455
31,12793 21,30032 18,99719
28,38135 21,46959 19,26661
31,43311 20,90931 18,88275
27,46582 21,50774 19,2523
28,38135 21,32893 19,05799
27,46582 21,51251 19,17005
26,24512 21,16919 18,96501
27,16064 21,22402 18,76831
26,55029 21,37184 18,99242
29,29688 21,47198 19,25111
28,38135 21,32893 19,13667
28,07617 21,62695 19,29164
29,29688 21,40522 19,22488
27,771 21,18587 18,93163
26,24512 21,40284 19,35601
28,38135 21,92736 19,64569
29,29688 22,00365 19,84715
28,68652 22,07518 19,96994
27,46582 22,04895 19,92822
26,55029 22,23969 19,85788
29,29688 22,26114 19,89484
29,60205 22,49479 20,37764
28,07617 21,95358 19,75298
30,2124 22,5544 20,21551
27,771 22,25637 20,08796
28,07617 22,39466 20,21313
28,9917 22,55917 20,49088
29,60205 22,50433 20,12134
28,38135 22,95017 20,8497
28,9917 22,54725 20,32876
29,29688 22,70699 20,38956
29,29688 22,74752 20,40863
28,9917 22,90726 20,6244
31,43311 22,87388 20,71261
29,29688 22,92156 20,66135
29,90723 22,81189 20,60652
29,29688 22,86196 20,86282
28,07617 23,16236 20,72811
27,771 22,49479 20,2477
28,07617 22,55917 20,41817
31,12793 23,18859 21,02494
29,90723 22,54009 20,47658
30,51758 23,37694 21,15607
28,9917 23,14329 20,74122
27,16064 22,74752 20,5183
28,07617 23,01693 20,76268
28,9917 22,45665 20,34545
30,2124 22,99309 20,82229
29,29688 22,77613 20,56122
29,90723 22,82619 20,68639
29,90723 22,75944 20,68639
30,51758 22,82381 20,70785
27,771 22,90726 20,64705
30,51758 23,34356 21,03925
29,90723 23,489 21,35158
29,90723 23,24581 20,70904
29,29688 23,42939 21,09289
27,16064 23,07892 20,84017
29,60205 23,29588 21,25502
28,38135 23,2625 20,7901
28,68652 23,04316 20,9403
29,90723 23,44847 21,29436
32,34863 22,52817 20,50757
30,51758 23,31018 21,01183
29,29688 23,16713 21,05474
28,07617 23,1719 20,95699
30,2124 23,3078 21,19899
28,9917 23,06938 20,8354
29,29688 23,42224 21,19899
30,2124 23,49615 21,43264
31,43311 23,71073 21,46602
31,73828 23,61298 21,39091
27,771 23,67973 21,3027
27,771 23,24104 21,20733
28,68652 23,42463 21,31343
29,29688 23,93246 21,58403
29,90723 23,19813 20,96534
29,29688 23,48185 21,25144
29,90723 23,28634 20,97607
30,51758 23,87047 21,56258
28,9917 23,81563 21,49105
32,34863 23,88239 21,55185
29,60205 23,92054 21,64602
28,68652 23,69165 21,32297
29,60205 23,84424 21,61741
28,9917 23,68689 21,41953
29,90723 23,91815 21,70444
30,51758 23,58913 21,38615
28,38135 23,56291 21,33608
30,2124 23,88477 21,32893
32,04346 23,68689 21,41595
30,82275 23,83709 21,60907
29,90723 23,72265 21,27528
29,60205 24,09697 21,69847
30,2124 24,09697 21,86298
30,51758 23,74411 21,41953
28,9917 23,97299 21,84987
29,60205 23,82278 21,58165
29,60205 23,74172 21,62457
28,9917 23,55814 21,30032
32,34863 23,93961 21,69251
28,9917 23,77987 21,6043
29,60205 23,68927 21,46602
30,51758 24,13988 21,75331
29,29688 23,7155 21,35634
30,51758 24,02306 21,76642
29,60205 23,78941 21,61264
30,82275 24,37592 21,89636
30,51758 23,82278 21,70205
29,29688 23,76556 21,61384
30,2124 24,02067 21,74973
28,68652 23,46992 21,38853
29,90723 24,25432 21,9965
30,2124 24,14942 21,63649
28,68652 23,80133 21,32297
29,60205 24,0922 21,84272
31,73828 24,29247 21,99292
29,60205 24,31393 22,00127
29,60205 24,25909 21,93093
29,60205 23,7298 21,57092
28,9917 24,1971 22,0716
31,12793 24,50228 21,95358
30,51758 24,24002 21,84749
32,65381 24,35684 21,97504
29,29688 24,2877 22,09067
31,73828 24,43552 22,20392
30,82275 23,94676 21,66152
30,82275 24,34015 22,12048
27,771 24,21856 22,06326
28,9917 23,78225 21,70086
28,68652 24,02782 22,00007
29,60205 24,27816 21,62814
30,51758 24,34969 22,18127
30,82275 24,32823 21,99054
32,65381 24,31154 22,10975
29,29688 24,15657 21,96312
31,73828 24,93143 22,36247
30,51758 24,65248 22,44711
31,73828 24,34731 21,85822
30,82275 24,5142 22,30287
30,82275 24,35923 22,07756
32,04346 24,3187 21,97623
30,82275 24,32585 22,08114
31,12793 24,65963 22,24207
31,73828 24,39976 22,02749
35,40039 24,70732 22,65453
29,60205 24,58572 22,19439
31,43311 24,48559 22,20869
30,2124 24,6644 22,36366
30,82275 24,84083 22,27187
31,43311 24,35446 22,00961
30,51758 24,65963 22,39347
30,51758 24,75023 22,51387
30,51758 24,51897 22,21107
30,51758 24,64771 22,58182
29,29688 24,41645 22,13478
32,95898 25,07448 22,51983
30,2124 24,53327 22,30167
33,56934 25,31052 22,81427
30,82275 24,62626 22,23492
32,34863 24,66917 22,32909
31,73828 24,93143 22,41492
32,65381 25,4178 22,7356
31,12793 24,9505 22,42804
32,04346 24,60718 22,33982
31,43311 24,76692 22,22061
31,43311 25,09594 22,53056
31,43311 24,49989 22,25876
30,82275 25,0864 22,68791
34,79004 25,10309 22,45188
33,56934 25,30336 22,98474
36,92627 25,06733 22,4781
29,90723 25,49648 23,0062
29,60205 25,03633 22,62712
31,43311 25,10548 22,72606
32,04346 25,2676 22,93587
32,34863 25,24137 22,68434
30,51758 25,4178 22,58182
31,12793 25,18415 22,92275
32,65381 25,49171 23,03243
32,34863 24,94574 22,53175
32,65381 25,72775 22,83692
32,04346 25,15554 22,62354
36,31592 25,99239 23,2017
32,65381 25,71583 23,22555
34,17969 25,41065 23,00262
33,87451 26,24273 23,49854
32,65381 26,01147 23,55337
32,04346 25,52509 23,14925
33,56934 25,90418 23,43059
32,95898 25,33197 23,02647
35,09521 25,5394 23,20766
30,82275 25,36774 23,00024
31,73828 25,75397 23,27681
32,95898 25,92564 23,3531
31,73828 25,7659 23,04077
35,70557 25,51079 23,08011
31,43311 25,41065 22,90487
32,34863 25,68722 22,89057
31,43311 26,08061 23,42343
34,48486 26,1879 23,58079
32,65381 25,6896 23,15283
33,56934 25,38204 22,86911
32,04346 25,3129 22,95613
34,79004 25,31052 22,94064
31,12793 25,84219 23,32926
32,04346 25,98763 23,47827
31,43311 25,71106 23,02051
32,34863 25,79212 23,15879
36,01074 25,86126 23,19574
33,56934 25,51079 23,28515
32,04346 25,99955 23,49496
30,51758 25,15316 22,64619
33,26416 26,12591 23,53787
30,51758 25,92564 23,41747
35,70557 25,77066 23,06104
37,53662 26,21174 23,71788
35,40039 26,22366 23,70477
31,73828 26,00193 23,46992
33,87451 26,04246 23,59867
33,87451 26,48115 23,83232
32,65381 26,21174 23,52953
33,56934 26,09253 23,39959
33,87451 25,89226 23,29826
31,43311 25,69914 23,08965
33,56934 25,78497 23,28873
32,04346 25,88987 23,61059
34,48486 25,65384 23,21839
32,04346 26,29042 23,66304
33,26416 26,21889 23,60821
32,34863 26,052 23,38886
31,43311 26,25227 23,52476
32,95898 25,92087 23,68093
32,34863 26,11876 23,37813
34,17969 25,68483 23,21482
34,48486 25,68722 23,31018
33,56934 26,07346 23,14091
32,34863 26,13068 23,63324
32,95898 26,30472 23,78464
32,04346 25,80643 23,35191
32,95898 26,06153 23,36025
32,95898 26,2475 23,90862
31,43311 26,46208 23,62847
32,04346 26,1879 23,22912
34,48486 26,33095 23,68093
36,62109 26,40247 23,7155
32,04346 25,84457 23,3078
34,48486 25,73729 23,26488
31,73828 25,87318 23,16236
33,26416 26,24989 23,76914
31,12793 25,74444 23,01931
32,34863 26,29757 23,81325
34,79004 25,97332 23,21005
33,26416 26,26181 23,58794
33,26416 26,12591 23,25654
32,34863 26,23796 23,57006
32,65381 26,40009 23,63205
32,65381 26,20935 23,69523
33,56934 26,24035 23,64159
30,82275 26,08299 23,4735
30,82275 25,64192 23,15998
35,09521 26,31664 23,76914
32,34863 26,41201 23,86332
32,04346 26,35479 23,7906
32,65381 26,021 23,65232
32,65381 26,16882 23,69881
33,26416 25,83742 23,38052
32,95898 26,22843 23,77868
31,43311 26,29042 23,72146
32,95898 26,65281 23,96584
32,95898 26,07584 23,28753
32,04346 26,34287 23,55933
32,95898 26,10445 23,75007
33,56934 26,71242 24,18876
30,82275 26,021 23,43416
35,09521 26,35479 23,74172
33,56934 26,44539 23,83709
32,65381 26,76725 23,9563
32,04346 26,40486 23,88477
33,56934 26,6242 24,122
31,43311 26,26896 23,78464
33,26416 26,54791 23,94319
31,73828 26,26419 23,75126
30,51758 26,17836 23,70596
32,95898 26,69334 24,07312
31,43311 26,07822 23,87643
37,8418 26,80063 24,4236
32,34863 26,40963 23,60463
31,73828 26,45493 23,83947
33,26416 26,08061 23,77391
31,43311 26,19743 23,74291
32,65381 26,20459 23,56529
32,65381 26,02339 23,47827
35,70557 26,46208 23,95272
32,34863 26,30234 23,88
33,26416 26,30234 23,69165
33,87451 26,35479 23,85736
33,56934 27,33946 24,61314
33,26416 26,08776 23,62609
32,34863 26,75295 23,9718
32,95898 26,96037 24,14107
34,48486 26,5193 24,122
34,17969 26,73626 24,23048
32,34863 26,40247 24,06597
31,73828 26,43108 23,86928
32,34863 25,89703 23,48065
31,73828 26,53599 23,82636
31,12793 26,76964 24,08981
34,17969 26,6099 24,04094
33,56934 26,4287 24,21618
34,79004 26,67427 24,02306
34,17969 26,896 24,25313
32,95898 26,61943 24,03498
34,17969 26,49546 23,88477
34,48486 26,53122 24,07432
35,40039 26,44062 23,90623
