0,3051758 0,1215935 0,06079674
0,6103516 0,1192093 0,05960464
0,3051758 0,1239777 0,06198883
0,6103516 0,140667 0,07033348
0,3051758 0,1239777 0,06198883
0,6103516 0,1335144 0,0667572
0,6103516 0,1478195 0,07390976
0,6103516 0,1549721 0,07748604
0,6103516 0,1525879 0,07629395
0,3051758 0,1072884 0,05364418
0,3051758 0,1335144 0,0667572
0,3051758 0,1430511 0,07152557
0,6103516 0,1454353 0,07271767
0,6103516 0,1454353 0,07271767
0,6103516 0,1382828 0,06914139
0,6103516 0,1192093 0,05960464
0,3051758 0,140667 0,07033348
0,6103516 0,1263618 0,06318092
0,6103516 0,1549721 0,07748604
0,3051758 0,1263618 0,06318092
0,6103516 0,1502037 0,07510185
0,6103516 0,128746 0,06437302
0,6103516 0,1263618 0,06318092
0,6103516 0,1263618 0,06318092
0,6103516 0,128746 0,06437302
0,6103516 0,1215935 0,06079674
0,6103516 0,1358986 0,0679493
0,3051758 0,1239777 0,06198883
0,6103516 0,1192093 0,05960464
0,3051758 0,1168251 0,05841255
0,6103516 0,1525879 0,07629395
0,3051758 0,128746 0,06437302
0,6103516 0,1335144 0,0667572
0,6103516 0,1430511 0,07152557
0,6103516 0,1215935 0,06079674
0,6103516 0,1382828 0,06914139
0,3051758 0,1335144 0,0667572
0,6103516 0,1740456 0,08702278
0,6103516 0,1525879 0,07629395
0,3051758 0,1215935 0,06079674
0,6103516 0,1311302 0,06556511
0,6103516 0,1358986 0,0679493
0,6103516 0,1263618 0,06318092
0,3051758 0,1192093 0,05960464
0,3051758 0,1597404 0,07987022
0,6103516 0,1430511 0,07152557
0,3051758 0,1335144 0,0667572
0,3051758 0,1263618 0,06318092
0,6103516 0,1454353 0,07271767
0,3051758 0,1430511 0,07152557
0,3051758 0,1430511 0,07152557
0,3051758 0,140667 0,07033348
0,3051758 0,1382828 0,06914139
0,6103516 0,1573563 0,07867813
0,6103516 0,1597404 0,07987022
0,6103516 0,140667 0,07033348
0,6103516 0,1573563 0,07867813
0,3051758 0,1597404 0,07987022
0,6103516 0,1072884 0,05364418
0,6103516 0,128746 0,06437302
0,6103516 0,1525879 0,07629395
0,6103516 0,140667 0,07033348
0,3051758 0,1597404 0,07987022
0,3051758 0,1239777 0,06198883
0,3051758 0,1525879 0,07629395
0,6103516 0,1215935 0,06079674
0,6103516 0,1454353 0,07271767
0,6103516 0,1454353 0,07271767
0,6103516 0,166893 0,0834465
0,6103516 0,1525879 0,07629395
0,6103516 0,1502037 0,07510185
0,3051758 0,1573563 0,07867813
0,6103516 0,1645088 0,08225441
0,3051758 0,1716614 0,08583069
0,6103516 0,1716614 0,08583069
0,3051758 0,1549721 0,07748604
0,6103516 0,1692772 0,0846386
0,3051758 0,1525879 0,07629395
0,6103516 0,1621246 0,08106232
0,3051758 0,1573563 0,07867813
0,6103516 0,1549721 0,07748604
0,6103516 0,1430511 0,07152557
0,6103516 0,1811981 0,09059906
0,3051758 0,1573563 0,07867813
0,6103516 0,1811981 0,09059906
0,6103516 0,1502037 0,07510185
0,3051758 0,1573563 0,07867813
0,6103516 0,1382828 0,06914139
0,6103516 0,1502037 0,07510185
0,6103516 0,1597404 0,07987022
0,6103516 0,1454353 0,07271767
0,6103516 0,140667 0,07033348
0,6103516 0,1811981 0,09059906
0,6103516 0,1788139 0,08940697
0,3051758 0,1502037 0,07510185
0,6103516 0,1549721 0,07748604
0,3051758 0,193119 0,09655952
0,6103516 0,166893 0,0834465
0,6103516 0,1621246 0,08106232
0,6103516 0,1907349 0,09536743
0,6103516 0,166893 0,0834465
0,6103516 0,2002716 0,1001358
0,6103516 0,1645088 0,08225441
0,6103516 0,1859665 0,09298325
0,3051758 0,1478195 0,07390976
0,6103516 0,1692772 0,0846386
0,6103516 0,1573563 0,07867813
0,6103516 0,1430511 0,07152557
0,6103516 0,1549721 0,07748604
0,6103516 0,1835823 0,09179115
0,3051758 0,1549721 0,07748604
0,6103516 0,1788139 0,08940697
0,6103516 0,1740456 0,08702278
0,3051758 0,1788139 0,08940697
0,6103516 0,1645088 0,08225441
0,6103516 0,1645088 0,08225441
0,6103516 0,20504 0,10252
0,6103516 0,1549721 0,07748604
0,6103516 0,1835823 0,09179115
0,6103516 0,1645088 0,08225441
0,6103516 0,1835823 0,09179115
0,6103516 0,1692772 0,0846386
0,6103516 0,193119 0,09655952
0,3051758 0,1597404 0,07987022
0,6103516 0,1692772 0,0846386
0,6103516 0,1835823 0,09179115
0,6103516 0,1978874 0,09894371
0,6103516 0,1788139 0,08940697
0,3051758 0,1645088 0,08225441
0,3051758 0,1525879 0,07629395
0,6103516 0,1978874 0,09894371
0,6103516 0,1978874 0,09894371
0,3051758 0,1311302 0,06556511
0,6103516 0,1525879 0,07629395
0,6103516 0,1764297 0,08821487
0,6103516 0,1883507 0,09417534
0,6103516 0,1859665 0,09298325
0,6103516 0,1645088 0,08225441
0,6103516 0,2098083 0,1049042
0,6103516 0,1811981 0,09059906
0,3051758 0,1716614 0,08583069
0,6103516 0,1740456 0,08702278
0,6103516 0,1907349 0,09536743
0,6103516 0,1740456 0,08702278
0,3051758 0,1573563 0,07867813
0,6103516 0,1764297 0,08821487
0,3051758 0,1764297 0,08821487
0,6103516 0,193119 0,09655952
0,6103516 0,2145767 0,1072884
0,6103516 0,1907349 0,09536743
0,6103516 0,1645088 0,08225441
0,3051758 0,1645088 0,08225441
0,6103516 0,193119 0,09655952
0,6103516 0,1716614 0,08583069
0,6103516 0,1811981 0,09059906
0,6103516 0,20504 0,10252
0,3051758 0,1740456 0,08702278
0,6103516 0,2169609 0,1084805
0,6103516 0,1859665 0,09298325
0,6103516 0,2169609 0,1084805
0,9155273 0,1978874 0,09894371
0,6103516 0,1859665 0,09298325
0,6103516 0,1883507 0,09417534
0,6103516 0,1716614 0,08583069
0,6103516 0,1907349 0,09536743
0,6103516 0,2074242 0,1037121
0,6103516 0,2217293 0,1108646
0,6103516 0,1883507 0,09417534
0,6103516 0,193119 0,09655952
0,6103516 0,2026558 0,1013279
0,6103516 0,1811981 0,09059906
0,6103516 0,2121925 0,1060963
0,6103516 0,2074242 0,1037121
0,6103516 0,2193451 0,1096725
0,6103516 0,1835823 0,09179115
0,6103516 0,1978874 0,09894371
0,6103516 0,1978874 0,09894371
0,6103516 0,2288818 0,1144409
0,9155273 0,2145767 0,1072884
0,6103516 0,2145767 0,1072884
0,6103516 0,2074242 0,1037121
0,3051758 0,1811981 0,09059906
0,6103516 0,1645088 0,08225441
0,6103516 0,1740456 0,08702278
0,6103516 0,1716614 0,08583069
0,6103516 0,1859665 0,09298325
0,6103516 0,2074242 0,1037121
0,3051758 0,1716614 0,08583069
0,6103516 0,2145767 0,1072884
0,6103516 0,166893 0,0834465
0,3051758 0,1811981 0,09059906
0,6103516 0,1788139 0,08940697
0,6103516 0,1764297 0,08821487
0,6103516 0,1883507 0,09417534
0,6103516 0,1835823 0,09179115
0,6103516 0,2002716 0,1001358
0,6103516 0,20504 0,10252
0,3051758 0,1978874 0,09894371
0,6103516 0,2264977 0,1132488
0,6103516 0,2121925 0,1060963
0,6103516 0,2121925 0,1060963
0,6103516 0,1859665 0,09298325
0,6103516 0,1978874 0,09894371
0,6103516 0,2121925 0,1060963
0,6103516 0,20504 0,10252
0,6103516 0,1955032 0,09775162
0,6103516 0,193119 0,09655952
0,3051758 0,1740456 0,08702278
0,6103516 0,2193451 0,1096725
0,6103516 0,2074242 0,1037121
0,6103516 0,1764297 0,08821487
0,6103516 0,20504 0,10252
0,3051758 0,231266 0,115633
0,6103516 0,166893 0,0834465
0,6103516 0,193119 0,09655952
0,6103516 0,2336502 0,1168251
0,6103516 0,2098083 0,1049042
0,6103516 0,2074242 0,1037121
0,6103516 0,2264977 0,1132488
0,6103516 0,1978874 0,09894371
0,6103516 0,2288818 0,1144409
0,6103516 0,2193451 0,1096725
0,6103516 0,2264977 0,1132488
0,6103516 0,2217293 0,1108646
0,6103516 0,2622604 0,1311302
0,6103516 0,2145767 0,1072884
0,3051758 0,1835823 0,09179115
0,6103516 0,1716614 0,08583069
0,6103516 0,2264977 0,1132488
0,6103516 0,2384186 0,1192093
0,9155273 0,2384186 0,1192093
0,6103516 0,2574921 0,128746
0,6103516 0,2026558 0,1013279
0,6103516 0,2527237 0,1263618
0,6103516 0,2193451 0,1096725
0,6103516 0,2360344 0,1180172
0,3051758 0,2360344 0,1180172
0,6103516 0,2026558 0,1013279
0,3051758 0,1907349 0,09536743
0,6103516 0,2002716 0,1001358
0,3051758 0,2121925 0,1060963
0,6103516 0,2193451 0,1096725
0,6103516 0,2527237 0,1263618
0,6103516 0,1883507 0,09417534
0,6103516 0,2217293 0,1108646
0,3051758 0,1788139 0,08940697
0,6103516 0,2121925 0,1060963
0,6103516 0,2217293 0,1108646
0,6103516 0,2646446 0,1323223
0,6103516 0,2098083 0,1049042
0,3051758 0,2193451 0,1096725
0,6103516 0,2074242 0,1037121
0,6103516 0,231266 0,115633
0,6103516 0,2169609 0,1084805
0,6103516 0,2121925 0,1060963
0,6103516 0,2026558 0,1013279
0,6103516 0,2479553 0,1239777
0,3051758 0,1978874 0,09894371
0,6103516 0,2217293 0,1108646
0,6103516 0,2193451 0,1096725
0,6103516 0,2408028 0,1204014
0,6103516 0,2026558 0,1013279
0,6103516 0,2360344 0,1180172
0,6103516 0,2264977 0,1132488
0,6103516 0,243187 0,1215935
0,6103516 0,2264977 0,1132488
0,6103516 0,2288818 0,1144409
0,6103516 0,2765656 0,1382828
0,6103516 0,2336502 0,1168251
0,3051758 0,2098083 0,1049042
0,6103516 0,2264977 0,1132488
0,6103516 0,2551079 0,1275539
0,6103516 0,2384186 0,1192093
0,6103516 0,2646446 0,1323223
0,6103516 0,2551079 0,1275539
0,6103516 0,2408028 0,1204014
0,6103516 0,243187 0,1215935
0,6103516 0,2336502 0,1168251
0,6103516 0,2455711 0,1227856
0,6103516 0,2336502 0,1168251
0,6103516 0,2193451 0,1096725
0,6103516 0,2455711 0,1227856
0,6103516 0,2455711 0,1227856
0,6103516 0,2574921 0,128746
0,6103516 0,2002716 0,1001358
0,9155273 0,2408028 0,1204014
0,6103516 0,243187 0,1215935
0,6103516 0,2360344 0,1180172
0,6103516 0,243187 0,1215935
0,6103516 0,2622604 0,1311302
0,6103516 0,2551079 0,1275539
0,6103516 0,2551079 0,1275539
0,6103516 0,2336502 0,1168251
0,6103516 0,2574921 0,128746
0,6103516 0,2574921 0,128746
0,6103516 0,2813339 0,140667
0,6103516 0,2622604 0,1311302
0,6103516 0,231266 0,115633
0,6103516 0,2479553 0,1239777
0,6103516 0,243187 0,1215935
0,6103516 0,2193451 0,1096725
0,6103516 0,2408028 0,1204014
0,6103516 0,2217293 0,1108646
0,6103516 0,243187 0,1215935
1,220703 0,231266 0,115633
0,3051758 0,2264977 0,1132488
0,6103516 0,2670288 0,1335144
0,6103516 0,2646446 0,1323223
0,6103516 0,2288818 0,1144409
0,6103516 0,2741814 0,1370907
0,6103516 0,2670288 0,1335144
0,6103516 0,2813339 0,140667
0,6103516 0,243187 0,1215935
0,6103516 0,2288818 0,1144409
0,6103516 0,243187 0,1215935
0,6103516 0,231266 0,115633
0,6103516 0,2765656 0,1382828
0,6103516 0,2479553 0,1239777
0,6103516 0,2455711 0,1227856
0,6103516 0,2264977 0,1132488
0,3051758 0,2408028 0,1204014
0,6103516 0,231266 0,115633
0,6103516 0,2455711 0,1227856
0,6103516 0,2741814 0,1370907
0,6103516 0,3027916 0,1513958
0,6103516 0,2837181 0,1418591
0,6103516 0,2646446 0,1323223
0,6103516 0,2479553 0,1239777
0,6103516 0,2574921 0,128746
0,6103516 0,269413 0,1347065
0,6103516 0,2551079 0,1275539
0,6103516 0,2598763 0,1299381
0,6103516 0,2574921 0,128746
0,6103516 0,243187 0,1215935
0,6103516 0,2789497 0,1394749
0,6103516 0,2646446 0,1323223
0,6103516 0,2741814 0,1370907
0,6103516 0,2765656 0,1382828
0,6103516 0,2813339 0,140667
0,6103516 0,2670288 0,1335144
0,6103516 0,2717972 0,1358986
0,6103516 0,2908707 0,1454353
0,6103516 0,2574921 0,128746
0,6103516 0,2551079 0,1275539
0,3051758 0,2932549 0,1466274
0,6103516 0,3099442 0,1549721
0,6103516 0,2765656 0,1382828
0,6103516 0,2598763 0,1299381
0,6103516 0,295639 0,1478195
0,6103516 0,2789497 0,1394749
0,6103516 0,3004074 0,1502037
0,6103516 0,3123283 0,1597404
0,6103516 0,30756 0,15378
0,6103516 0,3147125 0,1573563
0,9155273 0,3242493 0,1680851
0,6103516 0,3194809 0,1633167
0,9155273 0,3147125 0,1573563
0,6103516 0,30756 0,1549721
0,6103516 0,3027916 0,1513958
0,6103516 0,2837181 0,1418591
0,6103516 0,3170967 0,1680851
0,6103516 0,3099442 0,1573563
0,6103516 0,3266335 0,1752377
0,6103516 0,3194809 0,1788139
0,6103516 0,3242493 0,1788139
0,6103516 0,2932549 0,1466274
0,6103516 0,3147125 0,166893
0,6103516 0,3147125 0,1633167
0,6103516 0,3123283 0,1716614
0,6103516 0,3218651 0,1823902
0,9155273 0,3194809 0,1788139
0,6103516 0,3147125 0,191927
0,6103516 0,3170967 0,1823902
0,6103516 0,3123283 0,1811981
0,6103516 0,3123283 0,193119
0,6103516 0,3218651 0,1966953
0,6103516 0,3218651 0,20504
0,6103516 0,3123283 0,2062321
0,6103516 0,3242493 0,2193451
0,6103516 0,3290176 0,2074242
0,6103516 0,3147125 0,2098083
0,6103516 0,3170967 0,2169609
0,6103516 0,3290176 0,2157688
0,9155273 0,3290176 0,2479553
0,6103516 0,3266335 0,2396107
0,6103516 0,3361702 0,2503395
0,6103516 0,3266335 0,2324581
0,6103516 0,3409386 0,2479553
0,6103516 0,3266335 0,2527237
0,6103516 0,3528595 0,2706051
0,9155273 0,3409386 0,2539158
0,9155273 0,3600121 0,2706051
0,6103516 0,3671646 0,2920628
0,9155273 0,3743172 0,2920628
0,9155273 0,3790855 0,2980232
0,6103516 0,371933 0,3004074
0,9155273 0,4053116 0,3278255
0,9155273 0,4076958 0,3302097
0,9155273 0,3886223 0,3123283
0,9155273 0,4220009 0,3421307
0,9155273 0,398159 0,3242493
0,9155273 0,4458427 0,3528595
0,9155273 0,4148483 0,3397465
0,9155273 0,4053116 0,3314018
1,220703 0,4315376 0,3480911
0,9155273 0,4172325 0,3361702
0,9155273 0,4506111 0,3647804
0,9155273 0,4339218 0,3504753
0,9155273 0,4458427 0,3540516
0,9155273 0,4291534 0,3528595
0,9155273 0,4410744 0,35882
0,9155273 0,4792213 0,3778934
0,6103516 0,4220009 0,3492832
1,220703 0,4410744 0,35882
0,9155273 0,4220009 0,3373623
0,9155273 0,4291534 0,3504753
0,9155273 0,4529953 0,35882
0,9155273 0,436306 0,3540516
0,9155273 0,4339218 0,3528595
0,9155273 0,4291534 0,3504753
0,9155273 0,4720688 0,3778934
0,9155273 0,4792213 0,3790855
0,6103516 0,436306 0,3576279
0,9155273 0,4553795 0,3635883
0,9155273 0,4601479 0,3683567
0,9155273 0,4553795 0,3635883
0,9155273 0,4696846 0,3683567
0,9155273 0,4410744 0,3564358
0,9155273 0,4458427 0,3635883
0,9155273 0,4553795 0,3695488
0,9155273 0,4410744 0,35882
0,9155273 0,4720688 0,3731251
1,220703 0,4649162 0,3743172
0,9155273 0,462532 0,3743172
1,220703 0,4529953 0,3659725
0,9155273 0,5102158 0,3969669
0,9155273 0,4768372 0,3778934
1,525879 0,4959106 0,3862381
1,220703 0,4601479 0,3743172
0,9155273 0,4959106 0,3898144
0,9155273 0,4887581 0,3874302
1,220703 0,4482269 0,3683567
0,9155273 0,4839897 0,3814697
0,9155273 0,4935265 0,3886223
0,9155273 0,5125999 0,3993511
0,9155273 0,5435944 0,4196167
1,220703 0,538826 0,4088879
1,220703 0,5745888 0,4351139
1,525879 0,5912781 0,4446507
1,220703 0,5960464 0,4446507
1,220703 0,6842613 0,4923344
1,220703 0,6461143 0,4792213
1,220703 0,6771088 0,5018711
1,220703 0,6818771 0,5197525
1,220703 0,7224083 0,5567074
1,525879 0,7724762 0,5924702
1,525879 0,7796288 0,603199
1,831055 0,8010864 0,629425
1,525879 0,8416176 0,6628036
1,831055 0,8583069 0,6961823
1,525879 0,9655952 0,7605553
1,831055 1,044273 0,8034706
1,831055 1,049042 0,8320808
2,13623 1,072884 0,8666515
1,525879 1,072884 0,885725
2,13623 1,161098 0,9548664
1,831055 1,142025 0,9429455
1,831055 1,199245 0,9930134
2,13623 1,208782 0,9870529
1,831055 1,211166 0,9930134
2,441406 1,330376 1,068115
1,831055 1,323223 1,07646
2,13623 1,399517 1,13368
2,746582 1,397133 1,120567
2,441406 1,449585 1,174212
2,13623 1,425743 1,169443
2,441406 1,461506 1,188517
3,356934 1,573563 1,240969
2,441406 1,518726 1,232624
2,746582 1,642704 1,323223
3,051758 1,692772 1,378059
2,746582 1,685619 1,379251
3,356934 1,847744 1,498461
3,356934 1,871586 1,51515
3,051758 1,933575 1,579523
3,356934 1,904964 1,567602
3,662109 2,043247 1,676083
4,577637 2,012253 1,671314
3,051758 1,955032 1,631975
3,051758 2,071857 1,710653
3,356934 2,038479 1,685619
3,967285 2,100468 1,727343
3,662109 2,145767 1,764297
3,967285 2,155304 1,801252
3,356934 2,150536 1,777411
3,356934 2,18153 1,798868
4,272461 2,274513 1,860857
3,051758 2,217293 1,839399
3,967285 2,317429 1,900196
3,662109 2,300739 1,890659
3,662109 2,498627 2,0504
3,967285 2,481937 2,048016
3,967285 2,510548 2,051592
3,967285 2,527237 2,092123
4,272461 2,570152 2,138615
4,577637 2,589226 2,149343
4,272461 2,813339 2,303123
5,187988 2,784729 2,303123
5,187988 2,734661 2,267361
4,272461 2,861023 2,388954
4,882813 2,968311 2,440214
4,577637 3,004074 2,499819
4,272461 3,00169 2,521276
4,577637 3,113747 2,599955
4,882813 3,190041 2,677441
5,493164 3,204346 2,679825
4,882813 3,240108 2,678633
5,187988 3,392696 2,820492
4,577637 3,247261 2,759695
5,493164 3,354549 2,874136
4,882813 3,430843 2,865791
5,493164 3,504753 2,931356
5,493164 3,561974 2,954006
5,493164 3,592968 2,981424
5,79834 3,614426 3,051758
5,79834 3,798008 3,124475
5,79834 3,964901 3,304482
6,103516 3,919601 3,266335
5,187988 3,824234 3,244877
6,103516 3,936291 3,321171
6,408691 4,162788 3,457069
7,019043 3,950596 3,322363
6,103516 4,069805 3,398657
7,324219 4,281998 3,541708
6,103516 4,484653 3,768206
6,713867 4,489422 3,713369
7,324219 4,656315 3,861189
7,019043 4,954338 4,076958
7,629395 5,159378 4,298687
7,324219 5,25713 4,470348
8,544922 5,528927 4,639626
8,239746 5,438328 4,632473
8,850098 5,664825 4,849434
7,629395 5,698204 4,897118
9,460449 5,903244 4,976988
8,239746 5,886555 5,055666
9,460449 5,912781 5,028248
8,239746 5,919933 5,087852
8,850098 6,113052 5,187988
7,93457 5,884171 4,980564
10,37598 6,091595 5,161762
7,324219 5,967617 5,104542
8,850098 5,991459 5,176067
8,850098 6,053448 5,168915
8,239746 6,115437 5,21183
8,544922 6,151199 5,23448
9,155273 6,346703 5,451441
8,544922 6,403923 5,480051
8,544922 6,434917 5,480051
9,460449 6,520748 5,528927
10,37598 6,873608 5,832911
10,0708 6,849766 5,832911
10,37598 6,928444 5,913973
10,37598 7,100105 6,127357
12,20703 7,202625 6,092787
11,59668 7,338524 6,219149
9,765625 7,412434 6,314516
11,59668 7,619858 6,519556
12,81738 7,522106 6,383657
11,2915 7,696152 6,639957
12,51221 7,827282 6,799698
10,68115 7,712841 6,682873
10,37598 7,948875 6,887913
11,2915 8,049011 6,884336
11,59668 8,006096 6,911755
10,68115 8,263588 7,151365
11,2915 8,137226 6,971359
12,51221 8,597374 7,414818
12,20703 8,387566 7,343292
10,98633 8,480549 7,430315
10,98633 8,516312 7,396936
12,51221 8,704662 7,582903
12,20703 8,711815 7,591248
12,51221 8,583069 7,528067
11,90186 8,78334 7,601976
12,51221 8,654594 7,532835
13,12256 8,831024 7,709265
12,20703 9,031296 7,841587
12,20703 8,893013 7,846355
12,51221 9,000301 7,784367
13,42773 9,028912 7,829666
13,73291 8,928776 7,75218
13,12256 9,150505 7,911921
16,78467 9,346008 8,141994
13,42773 9,245872 7,925034
14,64844 9,744167 8,335114
17,7002 10,30684 8,666515
16,78467 10,87666 9,014606
17,08984 11,2009 9,21011
18,31055 12,32862 10,25438
18,61572 12,81738 10,71692
20,1416 12,37869 10,54645
16,47949 12,8603 10,86116
17,08984 12,62426 10,59175
18,9209 13,05819 11,16991
18,61572 13,05103 11,09838
18,00537 12,95328 10,99586
19,83643 13,04388 11,12103
18,00537 13,42773 11,52277
18,61572 13,36813 11,37137
20,75195 13,31568 11,40237
19,53125 13,6447 11,75761
21,3623 14,15968 11,96861
18,31055 14,08577 12,05564
19,53125 13,80205 11,89232
20,75195 13,95464 11,87444
18,9209 14,07623 11,88397
19,53125 14,64605 12,52294
19,22607 14,44817 12,39657
21,05713 14,69851 12,44903
21,66748 14,78195 12,72082
19,22607 14,43148 12,37631
21,66748 15,01799 12,8305
22,27783 14,77957 12,63499
20,75195 15,1515 12,89725
18,9209 15,0466 12,93302
19,83643 15,32316 13,05461
19,53125 15,01322 12,83884
20,75195 14,98461 12,79116
21,3623 15,14673 13,06057
20,44678 15,25402 13,17143
23,80371 15,45429 13,31329
23,19336 15,45668 13,36932
20,75195 15,17534 12,97235
20,44678 15,75708 13,47303
22,88818 15,50198 13,39912
21,05713 15,71178 13,5231
22,88818 15,67125 13,50999
21,3623 15,58781 13,1762
21,66748 15,31601 13,29303
21,66748 15,69748 13,67569
21,3623 15,68079 13,55886
19,83643 15,69748 13,62801
22,88818 15,72609 13,75675
20,44678 15,78093 13,54933
24,41406 15,94067 13,66854
21,66748 16,1767 13,77702
21,05713 15,78093 13,47423
20,1416 15,88583 13,8247
21,05713 16,0718 13,80086
21,3623 16,04795 13,91649
21,3623 16,22438 14,02736
22,58301 16,27684 13,98563
23,19336 16,09802 13,79371
21,97266 16,02173 13,8104
24,71924 16,30306 14,14061
21,3623 16,18624 14,11438
22,58301 16,36744 13,96656
21,3623 15,87868 13,73053
21,97266 16,17193 14,13345
21,05713 16,2816 14,10246
22,58301 16,41512 14,07623
22,27783 16,47711 14,41717
21,97266 16,73222 14,29796
22,27783 16,33644 14,07504
22,58301 16,29591 14,11676
20,44678 16,15763 13,86642
24,41406 16,30783 14,17637
25,02441 16,47949 14,23478
22,27783 16,42704 14,13584
21,97266 16,25776 13,98921
22,27783 16,74414 14,51731
21,97266 16,43181 14,16445
23,80371 16,60347 14,52565
21,97266 16,78228 14,4887
22,58301 16,62254 14,34803
23,49854 16,82281 14,51731
22,88818 16,84189 14,54473
23,49854 16,94918 14,64605
22,27783 16,70361 14,4279
23,49854 16,94918 14,70447
23,19336 17,25912 14,62936
23,19336 17,15899 15,06567
23,49854 17,17567 15,00726
23,49854 17,21144 14,95481
22,88818 17,02309 14,79268
22,58301 16,85143 14,69612
24,41406 17,15183 14,93812
24,10889 17,1566 14,8201
21,97266 17,29727 15,12408
23,19336 17,36641 15,27786
22,58301 17,01117 14,84632
23,49854 17,59291 15,31363
23,49854 17,64297 15,70463
23,49854 17,52853 15,17773
23,19336 17,32826 15,02991
22,58301 17,33541 15,08236
21,3623 17,48323 15,17534
26,85547 17,44747 15,20157
23,80371 17,44509 15,09905
25,02441 17,73119 15,38515
25,02441 17,61198 15,20753
24,10889 17,42125 15,22183
23,19336 17,55714 15,27667
24,71924 17,59291 15,03706
23,80371 18,00776 15,46025
23,80371 17,35687 15,07759
24,71924 17,28058 14,99295
21,66748 17,72642 15,38157
23,19336 17,55476 15,25044
25,63477 17,91477 15,45787
25,63477 17,55476 15,39588
24,41406 17,66205 15,37442
24,10889 17,50946 15,29574
25,32959 17,80987 15,36727
23,80371 17,56907 15,47813
25,93994 17,56907 15,3172
22,88818 18,02683 15,68794
24,71924 17,65251 15,29574
26,85547 18,05067 15,83099
23,19336 17,81225 15,56635
24,41406 17,9863 15,67721
24,10889 18,01252 15,56039
24,41406 17,78364 15,33031
23,49854 17,70496 15,50198
24,41406 17,93385 15,76304
23,49854 18,0912 15,76543
23,80371 17,79795 15,38157
25,93994 18,17226 15,72728
22,88818 17,93623 15,69033
24,10889 17,81702 15,62357
24,10889 18,05305 15,64741
23,80371 18,21041 15,90967
24,41406 18,23425 15,78689
24,10889 17,88378 15,52105
23,80371 17,76934 15,51986
23,19336 17,99345 15,59377
22,58301 17,63105 15,26594
24,41406 17,55953 15,22064
23,19336 17,57622 15,20157
25,02441 18,25094 15,8453
21,97266 17,82179 15,38396
25,32959 17,90285 15,28025
24,10889 17,71688 15,37919
25,02441 18,11504 15,73801
25,32959 18,16511 15,87391
22,88818 17,97438 15,69271
23,49854 18,12458 15,80834
23,49854 17,75742 15,39826
22,27783 17,79318 15,78927
24,41406 17,7145 15,59138
24,41406 18,21756 15,64503
22,88818 17,99107 15,43164
23,80371 18,10074 15,72847
25,32959 17,75265 15,4531
22,58301 17,78603 15,54489
26,24512 18,06259 15,7392
25,63477 17,90285 15,47575
24,10889 18,22233 15,95259
25,02441 17,79318 15,6498
24,10889 18,19849 15,67364
25,93994 18,08405 15,74755
23,49854 18,14127 15,85484
24,41406 18,15557 15,7094
24,41406 18,26048 15,97643
25,32959 17,52615 15,4078
26,85547 17,90047 15,70106
25,02441 18,21756 15,8608
27,46582 18,05305 15,77854
25,32959 17,96484 15,58065
26,24512 17,89808 15,71417
23,19336 18,0769 15,71774
25,32959 18,03398 15,67245
23,19336 18,08643 15,82503
23,49854 18,04113 15,64384
23,80371 17,66205 15,49602
23,19336 17,80272 15,56039
23,19336 18,10551 15,96451
26,24512 18,02206 15,59138
24,71924 18,20326 15,79285
22,88818 18,0006 15,62476
23,19336 17,82894 15,70344
23,49854 17,80272 15,7094
25,93994 18,32724 15,93471
24,10889 18,04352 15,75589
22,58301 17,8957 15,90014
24,41406 18,04352 15,79881
23,80371 18,70155 16,27088
23,80371 17,90285 15,39588
25,02441 18,27002 15,83695
25,93994 18,54897 16,21008
23,80371 17,94338 15,59973
25,02441 18,10551 15,58423
23,80371 17,72642 15,45668
24,41406 18,52751 15,86795
24,71924 18,22948 15,92278
24,10889 18,34393 16,13379
22,27783 17,78126 15,58781
24,41406 18,12696 15,96689
24,71924 18,5585 16,04795
22,58301 17,88616 15,73086
22,58301 18,18895 15,82265
23,80371 18,34869 16,05153
23,49854 17,97676 15,78689
25,63477 18,19611 16,01815
23,49854 18,20087 15,9359
22,58301 17,91954 15,62953
24,41406 18,2724 15,93947
23,49854 18,09835 15,65337
24,41406 18,41307 16,02769
23,80371 18,55612 16,00266
25,93994 18,59188 15,82623
23,19336 18,1675 15,97643
22,58301 18,32485 15,83815
24,41406 17,91716 15,62953
24,41406 18,61334 16,2077
23,49854 18,02206 15,82026
23,19336 18,43929 16,2065
24,71924 17,9553 15,60688
25,93994 18,37254 15,88225
23,19336 17,96246 15,61522
23,49854 18,28194 15,99908
22,27783 18,3177 16,02411
23,49854 18,43214 15,96808
23,19336 18,65387 16,33525
24,41406 18,47744 16,19458
26,55029 18,64195 16,15167
23,80371 18,67771 16,30783
24,71924 18,16988 16,03007
25,93994 18,55373 16,08133
25,02441 18,88037 16,25299
23,49854 18,4536 16,22677
25,93994 18,62049 16,22438
25,93994 18,91851 16,57963
24,41406 18,76116 16,54267
25,32959 18,98766 16,51883
24,71924 18,85653 16,51525
23,80371 18,93759 16,433
25,02441 18,90659 16,31737
24,10889 18,63956 16,36505
25,63477 18,74685 16,39128
24,10889 18,68486 16,29353
26,85547 18,73016 16,33048
24,71924 18,70871 16,42466
28,07617 18,77308 16,5236
24,10889 18,96381 16,26015
25,93994 18,89706 16,46161
25,93994 18,68248 16,47711
25,32959 18,56089 16,28757
23,19336 18,65864 16,26849
24,41406 18,87798 16,41035
27,46582 18,92328 16,40201
25,93994 19,23323 16,78348
25,32959 18,72778 16,26253
24,41406 18,66102 16,37936
26,55029 18,68725 16,47234
26,24512 18,80169 16,57605
25,63477 18,8446 16,38532
24,41406 19,40489 17,02428
25,93994 18,94712 16,61777
26,55029 19,46211 16,96706
25,93994 19,28568 16,88004
27,46582 19,17839 16,92057
24,71924 19,48357 16,90149
25,32959 19,26184 16,6738
26,85547 19,08541 16,57963
26,55029 19,11879 16,70241
27,16064 19,23323 17,13276
25,02441 19,08302 16,76679
27,16064 19,12117 16,6595
22,88818 18,90421 16,82758
25,32959 19,1164 16,84308
25,02441 19,06157 16,94918
32,95898 19,30237 16,99924
26,85547 19,12117 16,83712
24,71924 19,33336 16,95633
25,93994 19,16885 16,80851
28,38135 19,74106 17,19952
25,63477 19,65523 17,29846
27,771 19,47165 17,18402
24,71924 19,55271 17,31634
24,41406 19,29283 16,78348
24,71924 19,62185 17,20667
27,771 20,07961 17,82775
25,63477 20,07484 17,68589
25,32959 20,02716 17,36999
27,16064 20,44678 17,96246
25,63477 20,53022 18,15438
26,55029 20,87831 18,44883
27,46582 20,97845 18,24737
26,55029 20,94507 18,74566
28,68652 21,48151 19,20581
30,82275 21,44814 18,86606
28,38135 21,42668 19,22488
26,55029 21,82007 19,35959
33,87451 21,41714 19,00554
28,07617 21,54112 19,12236
28,38135 21,46482 19,06991
27,16064 21,76285 19,47641
28,38135 22,00365 19,55271
28,07617 21,78907 19,54675
27,16064 21,92974 19,65642
28,9917 21,56734 19,23442
27,16064 21,4076 19,15693
28,68652 22,07994 19,68145
27,16064 21,57688 19,30118
31,12793 21,9965 19,6743
28,07617 21,3027 19,35005
29,29688 22,46618 19,87934
28,9917 22,46857 20,00928
30,2124 22,36843 19,63139
28,9917 22,7356 20,17021
29,29688 22,4781 19,77444
30,51758 22,42804 19,80305
28,38135 22,46618 20,18332
30,51758 22,95971 20,29657
28,07617 22,78805 20,36214
28,38135 22,47334 20,13326
27,16064 22,49241 19,95683
29,60205 22,59731 20,2775
28,68652 22,8405 20,36572
28,07617 23,12422 20,79964
29,90723 23,32926 20,68162
28,68652 23,23389 20,73407
29,60205 23,15998 20,51353
28,38135 23,24104 20,85686
30,51758 23,45562 20,86639
29,60205 23,41509 20,87474
31,43311 23,37933 21,09885
34,17969 23,5486 20,66493
28,9917 23,68212 21,20256
29,90723 23,73219 21,28124
28,9917 23,75603 21,34562
32,65381 23,91815 21,45529
28,9917 23,61059 21,17753
29,90723 23,7608 21,19899
29,60205 23,94438 21,29197
28,38135 23,83471 21,48747
28,38135 23,40794 21,05474
30,51758 23,49377 21,137
28,9917 23,58198 21,11673
30,82275 24,13988 21,62576
28,68652 23,33403 20,83063
28,9917 23,81086 21,20852
30,2124 24,14703 21,56377
31,43311 23,76795 21,42668
28,68652 24,14942 21,76881
29,90723 24,27578 21,80219
30,2124 23,8061 21,28482
29,29688 23,8657 21,41118
30,82275 24,10173 21,44098
29,29688 24,00637 21,23833
31,73828 24,17326 21,73185
29,60205 24,03975 21,65318
30,51758 23,93484 21,33369
29,60205 24,24479 21,80934
30,2124 24,05405 21,66152
34,48486 24,09697 21,22998
31,43311 24,06359 21,70801
32,34863 23,91338 21,56258
28,9917 24,34969 21,97385
30,82275 23,87762 21,27647
29,90723 24,47367 21,79623
30,2124 24,17564 21,64125
32,95898 24,18756 21,92616
29,90723 23,84663 21,40164
32,34863 24,43075 21,82245
30,2124 24,56665 21,96074
32,34863 24,47605 21,96312
29,90723 24,28055 21,83914
30,82275 24,38545 21,85225
32,95898 24,62387 21,84153
32,65381 24,786 22,00961
30,82275 24,51658 21,91544
31,73828 24,63341 22,18843
32,65381 24,81461 22,08114
30,82275 24,03498 21,74735
33,87451 25,09594 22,35174
30,51758 24,27578 21,69847
30,82275 24,65963 21,80099
30,2124 24,56665 21,94166
31,12793 25,06971 22,18246
31,12793 24,85991 21,85941
31,12793 24,73116 22,25757
30,51758 24,2877 21,63649
30,82275 24,84798 22,27306
29,29688 24,46175 21,94881
32,65381 24,9815 22,28975
31,73828 24,58334 22,06802
31,73828 24,75023 22,20154
31,73828 24,66202 21,95716
32,65381 24,96958 22,19439
30,82275 24,58572 21,72351
30,2124 24,59288 21,97504
28,9917 24,76692 22,16101
30,51758 24,84322 22,15505
32,34863 24,59049 21,73662
37,53662 24,53566 21,9655
32,34863 24,58096 21,82722
30,82275 24,38307 21,99173
32,65381 24,45936 21,9655
32,95898 24,81461 22,1765
30,2124 24,34254 21,7557
33,87451 24,79553 22,03584
29,90723 24,87898 22,43876
31,73828 24,78123 22,15624
30,2124 24,67155 22,08829
33,26416 24,73593 22,26472
31,43311 24,75739 21,95716
33,56934 25,06495 22,6903
33,26416 24,96004 22,26353
35,40039 24,82176 22,11094
32,65381 25,13409 22,21704
35,09521 24,90997 22,24445
31,12793 24,8313 22,10975
29,60205 25,25568 22,81785
30,2124 24,55473 22,10498
34,79004 24,63579 22,10975
31,43311 24,80268 21,99173
31,73828 24,57857 22,12167
33,87451 24,72401 22,24207
32,04346 24,21856 21,81649
33,56934 24,80507 22,09306
29,90723 24,21379 21,6341
32,04346 25,2676 22,72129
32,34863 24,79792 22,09544
34,48486 25,24376 22,3732
28,68652 24,09935 21,80815
32,65381 24,90282 21,9059
30,82275 24,53327 21,89994
32,04346 24,83606 22,37439
30,82275 24,74546 22,07756
31,12793 25,03395 22,61043
32,34863 24,66202 22,19796
31,12793 24,64533 22,02272
29,90723 24,98865 22,38989
30,51758 24,60241 21,96908
36,01074 25,12693 22,35055
30,51758 25,21753 22,39466
36,01074 24,62626 22,01796
32,65381 25,29383 22,54725
34,17969 24,6954 21,93928
31,12793 24,85752 22,28498
30,2124 24,34254 21,88206
32,95898 24,4689 21,81768
32,04346 25,06495 22,40896
31,73828 25,37012 22,65096
32,65381 24,60718 21,98577
31,73828 24,85752 22,10498
34,79004 25,10548 22,09306
32,65381 25,1174 22,42684
30,2124 24,76692 22,1014
32,95898 25,1317 22,56393
31,12793 24,73593 22,22419
29,90723 24,34492 21,68298
32,95898 24,50228 22,09783
31,12793 24,9958 22,23015
32,95898 24,48082 21,9512
28,9917 24,58334 22,05968
32,95898 24,87421 22,19915
30,2124 24,79315 22,32432
30,82275 24,82653 22,09544
32,34863 24,51897 22,13836
32,04346 24,75023 22,25876
30,82275 25,16508 22,54248
31,43311 25,32244 22,48406
32,95898 24,89328 22,58301
34,17969 24,90997 22,31359
30,51758 24,69063 22,27426
32,65381 25,04587 22,37678
31,43311 24,74785 22,19796
34,48486 24,76692 22,15266
30,82275 25,03157 22,25041
30,82275 24,4379 21,93809
29,90723 24,61195 22,33982
31,43311 25,06018 22,40539
30,82275 24,72162 22,28618
30,51758 24,90282 22,21465
30,82275 24,71209 22,22538
30,51758 25,00772 22,38989
35,40039 24,64771 22,15147
34,79004 25,39873 22,6438
30,82275 24,82176 22,06922
32,95898 24,83606 22,25876
35,40039 24,70255 22,28022
30,2124 24,87898 22,3875
30,51758 25,208 22,49122
31,12793 25,03633 22,48406
31,73828 24,64533 22,38989
30,2124 24,60718 22,05014
30,82275 24,41645 21,97385
35,40039 24,4689 22,03703
30,82275 24,72878 21,87967
34,17969 25,21515 22,31359
31,43311 24,83606 22,33744
30,51758 24,67394 22,10021
31,12793 25,05541 22,42088
33,56934 24,88136 22,51148
32,65381 25,08879 22,59851
31,43311 24,80268 22,48287
32,95898 24,82414 22,13478
31,43311 25,19369 22,5091
29,90723 24,4379 21,97981
32,95898 25,36535 22,55917
31,73828 25,20323 22,68553
31,12793 24,83606 22,13836
32,04346 24,87898 22,27068
31,73828 24,40453 21,9512
33,26416 24,87898 22,3577
33,87451 25,2223 22,62473
31,73828 24,8313 22,31717
33,87451 25,1627 22,42923
29,60205 24,4379 21,87133
32,34863 25,0864 22,48526
29,60205 24,48797 22,04895
29,90723 24,67394 22,18366
31,43311 24,786 22,24445
31,73828 24,80268 22,04657
31,12793 24,90997 22,15862
34,48486 24,65487 22,04537
31,12793 24,84322 22,26233
32,65381 24,95289 22,21107
31,73828 24,84798 22,24922
29,60205 24,5285 21,8761
30,82275 24,73354 22,23015
31,43311 24,93858 22,22657
32,65381 24,99104 22,35532
30,51758 24,9362 22,42565
31,43311 24,58811 21,87014
30,82275 24,79553 22,38035
30,2124 25,01011 22,35532
30,51758 25,10071 22,44115
32,65381 25,09117 22,41969
30,51758 24,74785 22,21704
30,51758 24,79315 22,29214
32,34863 24,80268 22,20392
30,2124 25,11501 22,33744
30,51758 25,2676 22,58658
29,60205 24,90044 22,21107
30,51758 24,79792 22,06922
31,12793 24,72878 22,07041
32,04346 25,08402 22,37558
31,12793 24,61672 22,11928
30,51758 24,83368 22,1324
31,43311 25,10071 22,45069
34,48486 25,14362 22,67122
30,2124 24,77169 22,22061
31,43311 24,92189 22,50552
31,73828 25,17939 22,50314
33,87451 25,02918 22,1622
33,26416 25,04826 22,48764
33,26416 25,05064 22,37916
31,12793 24,67871 21,99411
28,9917 24,55235 21,91305
31,43311 24,76692 22,03345
30,82275 24,70016 22,0263
31,12793 24,96004 22,07518
32,34863 24,62626 21,97981
31,12793 24,68348 22,09187
32,65381 25,32244 22,40539
30,51758 24,78361 22,2373
31,12793 24,59764 22,15385
30,51758 25,0411 22,62235
30,2124 24,70493 22,36366
29,60205 24,74546 22,00484
31,73828 24,80984 22,3887
31,43311 24,73354 22,1777
32,34863 24,71209 22,29929
32,34863 25,12932 22,59135
33,26416 24,85752 22,2528
31,12793 24,60957 22,22419
33,87451 24,90759 22,56036
29,60205 24,65487 22,16697
29,90723 24,73116 22,012
32,95898 24,8909 22,38154
32,95898 24,81461 22,33744
32,04346 24,45698 21,99769
33,56934 24,47367 21,88802
33,26416 24,85037 22,36009
29,90723 24,37115 21,77477
32,65381 24,5285 22,01557
31,73828 24,33062 22,08829
32,34863 24,94335 22,33624
31,43311 24,71924 22,23611
29,90723 24,35923 21,8904
33,56934 24,77407 22,11094
32,34863 24,71924 22,10259
29,29688 24,69778 22,32432
32,65381 24,94097 22,25995
31,43311 24,71685 22,15266
33,87451 25,02203 22,14313
31,73828 24,77884 22,37201
31,43311 24,52374 22,13359
35,09521 25,11024 22,37201
30,51758 24,62626 21,99054
35,40039 24,97911 22,3124
33,26416 25,27714 22,63188
30,82275 24,75739 22,12763
31,12793 25,09356 22,17531
30,51758 24,68348 22,25995
33,26416 24,78361 22,00127
33,26416 24,81937 22,16101
31,12793 24,50466 22,0418
31,73828 25,19608 22,58658
32,34863 24,82414 22,12167
29,29688 24,58096 21,99769
31,43311 25,05779 22,57228
33,56934 25,02203 22,33982
31,12793 24,72639 21,97027
31,73828 24,69778 22,19677
31,73828 25,27714 22,56632
36,01074 25,06971 22,37916
32,95898 24,72162 22,19319
32,34863 25,14601 22,63546
30,51758 25,06495 22,31359
31,43311 24,76215 22,25876
29,60205 24,5595 21,93928
31,12793 25,05064 22,48168
30,2124 24,60241 22,25995
32,34863 25,32959 22,83335
32,65381 25,23422 22,36247
31,12793 24,68824 22,11809
32,34863 25,08402 22,5234
31,43311 25,01249 22,29333
29,60205 24,60241 22,15862
33,87451 25,24137 22,4781
32,04346 24,58334 21,9357
34,79004 25,07448 22,27187
32,04346 24,72162 22,12048
32,34863 25,42973 22,3887
32,04346 25,06733 22,39823
31,43311 25,05064 22,35889
36,31592 25,0721 22,20035
30,82275 24,71924 22,08233
31,43311 24,97196 22,2528
32,34863 25,28667 22,52102
34,17969 24,90759 22,24207
28,07617 24,45459 22,2683
33,26416 24,68824 22,08591
32,34863 25,06733 22,49479
34,79004 24,60241 22,20869
32,95898 25,2986 22,41135
37,8418 25,29383 22,66407
33,56934 25,11263 22,41254
30,82275 25,33674 22,70579
32,34863 25,39873 22,66526
29,90723 24,91236 22,12405
32,65381 24,61195 22,27306
32,95898 25,208 22,403
31,43311 24,66202 22,2981
31,43311 24,65725 21,57331
32,65381 25,28191 22,64142
36,62109 25,01249 22,42684
32,65381 24,73354 22,39108
30,82275 25,26522 22,52579
30,82275 24,42122 21,97027
31,43311 24,8456 22,46261
32,04346 25,4178 22,71414
30,2124 24,83845 22,43757
31,12793 25,18654 22,33148
33,26416 25,20561 22,52698
30,51758 25,03157 22,12524
33,56934 25,38919 22,71175
29,90723 24,59049 21,9965
32,34863 25,51556 22,77613
31,43311 25,51079 23,02408
33,26416 25,43926 22,71056
35,70557 25,39873 22,67003
30,51758 25,01488 22,40777
32,34863 25,26045 22,45903
30,51758 24,93382 22,45069
34,48486 25,65145 23,1111
30,82275 25,03395 22,64977
33,56934 25,42496 22,77613
32,04346 25,26522 22,61639
36,31592 24,90282 22,21465
31,12793 25,23661 22,34459
29,90723 24,99819 22,49002
32,95898 25,64669 22,78447
33,26416 24,97673 22,16816
31,43311 25,09117 22,48287
31,73828 25,47026 22,52698
30,82275 24,64533 22,07875
31,73828 25,71821 22,95017
31,43311 24,82891 21,95954
32,65381 25,67053 22,68434
30,2124 25,19846 22,75705
33,26416 25,06018 22,35889
31,12793 25,21515 22,69149
31,12793 25,31528 22,58301
32,95898 25,21753 22,42446
31,73828 25,23422 22,62235
33,26416 25,16985 22,42804
32,65381 25,03395 22,50552
32,04346 25,19846 22,70818
33,26416 25,31767 22,44592
30,2124 24,64533 22,27187
31,43311 25,41542 22,73679
32,34863 25,21038 22,73083
32,34863 25,1627 22,36962
33,26416 25,21276 22,52698
34,79004 24,75977 22,20869
31,12793 25,00534 22,25518
33,26416 25,22945 22,77613
32,34863 25,20323 22,58182
29,90723 24,87898 22,20392
35,70557 24,84083 22,18127
33,26416 25,27475 22,66645
31,12793 25,27237 22,45903
32,95898 25,34628 22,53294
33,56934 25,26999 22,47691
35,40039 25,25091 22,46141
32,34863 25,10786 22,46618
30,82275 24,86944 22,29571
30,82275 24,70493 22,31598
33,56934 25,06733 22,37082
31,73828 25,18415 22,57943
29,90723 24,86706 22,2075
32,34863 25,41304 22,49479
36,62109 25,3582 22,58897
32,65381 24,69063 22,16101
31,43311 25,36058 22,42565
35,40039 25,2533 22,58897
32,65381 25,17462 22,47095
32,04346 25,20084 22,41254
30,2124 24,73116 22,03822
31,73828 24,94812 22,31121
29,90723 25,10309 22,76659
32,04346 25,34866 22,64619
32,04346 25,42496 22,69626
32,95898 25,28906 22,6748
32,34863 25,26283 22,56274
31,73828 25,16508 22,73202
32,34863 24,97673 22,37439
34,48486 25,90179 23,12422
34,48486 25,57516 22,90368
30,82275 25,70868 23,05865
32,65381 25,38443 22,93706
32,04346 25,43211 22,79282
34,79004 25,53701 22,51387
31,43311 25,4631 22,79043
39,36768 26,03769 23,34595
31,12793 25,37251 22,74156
30,51758 25,38919 22,67718
31,73828 24,91951 22,18366
34,17969 24,89328 22,37439
32,04346 25,84219 23,30184
