0,6103516 0,3242495 0,2447768
0,6103516 0,2892812 0,2082191
0,6103516 0,3147127 0,2368294
0,6103516 0,2702076 0,2098085
0,6103516 0,3242495 0,238419
1,017253 0,2924601 0,2161664
0,6103516 0,2956391 0,2225243
0,6103516 0,2956391 0,211398
0,4069011 0,2574919 0,2066296
0,6103516 0,298818 0,2225243
0,6103516 0,2670287 0,2018612
0,6103516 0,2861023 0,2177559
0,8138021 0,3210706 0,2272927
0,6103516 0,2861023 0,2225243
0,6103516 0,3051759 0,2368294
0,6103516 0,2670287 0,2018612
0,6103516 0,2924601 0,211398
0,6103516 0,2702076 0,2082191
0,6103516 0,3083549 0,2193454
0,8138021 0,3083548 0,2161664
0,8138021 0,346502 0,2479557
0,6103516 0,2924602 0,2272927
0,8138021 0,3719332 0,2654395
0,6103516 0,3242496 0,2479557
0,6103516 0,3433231 0,2400084
0,6103516 0,2733865 0,211398
0,6103516 0,2733865 0,2257031
0,6103516 0,3051759 0,2241137
0,8138021 0,3178916 0,2368295
0,6103516 0,3433231 0,2543135
0,6103516 0,3210706 0,2431873
0,4069011 0,2606708 0,1891455
0,6103516 0,3496808 0,2622607
0,4069011 0,2988181 0,2113981
0,6103516 0,3210706 0,2447768
0,6103516 0,2988181 0,2161664
0,6103516 0,3337863 0,2415979
1,017253 0,2861023 0,2257032
0,6103516 0,2733865 0,2177558
0,6103516 0,3083548 0,2225243
0,8138021 0,2924601 0,2129875
0,6103516 0,3115338 0,2320611
0,8138021 0,298818 0,2209348
0,6103516 0,2765655 0,2082191
0,6103516 0,3210706 0,2463663
0,6103516 0,2829233 0,2241137
0,6103516 0,2892812 0,2241137
0,6103516 0,2829233 0,2209348
0,6103516 0,2924601 0,2225243
0,6103516 0,3115338 0,2241138
0,6103516 0,3147127 0,2304716
0,6103516 0,2956391 0,2257032
0,6103516 0,254313 0,2002718
0,6103516 0,301997 0,2320611
0,8138021 0,2892812 0,2177559
0,6103516 0,2892812 0,2193453
0,6103516 0,3019969 0,232061
0,8138021 0,2861023 0,2082191
0,8138021 0,298818 0,2384189
0,4069011 0,3210706 0,2415979
0,4069011 0,2765655 0,2034507
0,6103516 0,3051759 0,2304716
0,6103516 0,2797444 0,2193453
0,8138021 0,2861023 0,2225242
0,8138021 0,2956391 0,2209348
0,6103516 0,3051759 0,2304716
0,4069011 0,2733865 0,2129875
0,6103516 0,3083549 0,2241138
0,6103516 0,3115338 0,23524
0,6103516 0,2733865 0,2034507
0,6103516 0,2765655 0,211398
0,6103516 0,2956391 0,2257032
0,6103516 0,3147127 0,2320611
0,6103516 0,2861023 0,2193453
0,8138021 0,3178917 0,2257032
0,6103516 0,3051759 0,2304716
0,6103516 0,2765655 0,2098085
0,6103516 0,3083548 0,2225243
0,6103516 0,2861023 0,2193453
0,6103516 0,3115338 0,2272927
0,6103516 0,2829233 0,2050402
0,6103516 0,2956391 0,2225243
0,6103516 0,2892812 0,2257032
0,6103516 0,2702076 0,2098085
0,6103516 0,2733865 0,2193453
0,6103516 0,2988181 0,2257032
0,6103516 0,3306074 0,2511347
0,6103516 0,3083549 0,2320611
0,6103516 0,3178917 0,2368295
0,6103516 0,3051759 0,2368294
0,6103516 0,3210706 0,2495452
0,6103516 0,3274284 0,2415979
0,8138021 0,3051759 0,2241137
0,4069011 0,2829233 0,2098085
0,6103516 0,2924601 0,2177559
0,6103516 0,2797444 0,2209348
0,6103516 0,3178917 0,2400084
0,6103516 0,3051759 0,2304716
0,6103516 0,2924601 0,2193453
0,6103516 0,3083549 0,2336505
0,6103516 0,2924601 0,2193453
0,6103516 0,2988181 0,2193454
0,6103516 0,2702076 0,2129874
0,8138021 0,3306074 0,2447768
0,6103516 0,3051759 0,23524
0,6103516 0,3051759 0,2304716
0,6103516 0,3210706 0,2368295
0,8138021 0,3115338 0,2415978
0,6103516 0,3051759 0,2336505
0,6103516 0,3115337 0,2384189
0,6103516 0,3083549 0,2320611
0,8138021 0,3274285 0,2431873
0,6103516 0,3306074 0,2447768
0,6103516 0,2702076 0,211398
0,6103516 0,3147127 0,2431873
0,6103516 0,298818 0,2193453
0,6103516 0,2702076 0,2066296
0,6103516 0,3115338 0,2384189
0,6103516 0,3051759 0,2384189
0,8138021 0,3019969 0,2304716
0,6103516 0,3083549 0,23524
0,8138021 0,3147127 0,2368295
0,8138021 0,3210706 0,2320611
0,6103516 0,3401442 0,2495452
0,6103516 0,3274285 0,2400084
0,6103516 0,3433231 0,2368295
0,6103516 0,2956391 0,2288821
0,8138021 0,298818 0,2257032
0,6103516 0,2829233 0,2209348
0,6103516 0,3147127 0,2272927
0,8138021 0,301997 0,2257032
0,6103516 0,3115338 0,2304716
0,6103516 0,3210706 0,2463662
0,6103516 0,3115338 0,2336505
0,8138021 0,3115338 0,2320611
0,6103516 0,3083549 0,2320611
0,8138021 0,2956391 0,2241137
0,8138021 0,3306074 0,2415979
0,8138021 0,3147127 0,2384189
1,017253 0,3178916 0,2368295
0,4069011 0,2861023 0,2241137
0,8138021 0,3178917 0,2368295
0,6103516 0,2924601 0,2272926
0,6103516 0,2829233 0,2177559
0,6103516 0,3178917 0,23524
0,6103516 0,346502 0,2590819
0,8138021 0,3083548 0,2257032
0,6103516 0,3115338 0,2320611
1,017253 0,298818 0,2241137
0,6103516 0,2797444 0,2034507
0,6103516 0,2956391 0,2241137
0,6103516 0,3115338 0,2272927
0,6103516 0,3083549 0,2431873
0,6103516 0,3274285 0,2415979
0,6103516 0,2733865 0,211398
0,6103516 0,298818 0,2336505
0,6103516 0,3655754 0,2606712
0,6103516 0,3306074 0,2431874
0,6103516 0,2924601 0,2272926
0,8138021 0,3274284 0,2415979
0,6103516 0,3274285 0,2479557
0,6103516 0,3147127 0,2415979
0,6103516 0,3178916 0,2431873
0,8138021 0,3210706 0,2400084
0,6103516 0,298818 0,2257032
0,6103516 0,3242495 0,2463662
0,6103516 0,301997 0,2225243
0,6103516 0,3306074 0,2495452
0,6103516 0,3242496 0,2479557
0,8138021 0,3242495 0,2368295
0,6103516 0,3083549 0,2368295
0,6103516 0,3178917 0,2304716
0,6103516 0,3210706 0,2495452
0,6103516 0,2892812 0,2209348
0,8138021 0,3115338 0,2336505
1,017253 0,3083549 0,2304716
0,6103516 0,3210706 0,2415979
0,8138021 0,3337863 0,2511347
0,6103516 0,3115338 0,2400084
0,6103516 0,301997 0,23524
0,6103516 0,3051759 0,2193454
0,6103516 0,3242495 0,238419
0,8138021 0,3242495 0,2447768
0,6103516 0,2956391 0,2272927
0,6103516 0,3083548 0,2415978
0,6103516 0,3242495 0,2400084
0,6103516 0,3337863 0,2495452
0,6103516 0,3051759 0,23524
0,8138021 0,3242495 0,2368295
0,6103516 0,2861023 0,2257032
0,6103516 0,3401442 0,2495452
0,6103516 0,3178917 0,2463662
0,8138021 0,3051759 0,2225243
0,6103516 0,3178917 0,2384189
0,6103516 0,3306074 0,255903
0,6103516 0,3051759 0,2368294
0,8138021 0,3369653 0,2463663
0,6103516 0,3306074 0,255903
0,6103516 0,3337863 0,2527241
0,6103516 0,3496808 0,2590818
1,017253 0,3369653 0,2574925
0,6103516 0,3115338 0,2479557
0,6103516 0,2956391 0,23524
0,6103516 0,3337863 0,2511347
0,6103516 0,3051759 0,2384189
0,6103516 0,301997 0,2400084
0,8138021 0,3401442 0,2638502
0,8138021 0,3623965 0,2733868
0,8138021 0,3433231 0,255903
0,6103516 0,3178917 0,23524
0,6103516 0,3496809 0,2590818
0,8138021 0,3433231 0,2606713
0,8138021 0,346502 0,2447768
0,4069011 0,3083549 0,2415978
0,6103516 0,346502 0,2606713
0,8138021 0,3592176 0,2686185
0,6103516 0,343323 0,2559029
0,8138021 0,3941855 0,2876917
0,8138021 0,3655754 0,2733868
1,017253 0,346502 0,2622608
1,017253 0,3655754 0,2686185
0,6103516 0,3210706 0,2431873
0,8138021 0,3655753 0,2765657
0,6103516 0,3655753 0,2686185
0,6103516 0,3528597 0,2638502
0,6103516 0,301997 0,2368294
0,6103516 0,3242495 0,2543135
0,8138021 0,3369653 0,2590819
1,017253 0,3687543 0,2686185
0,8138021 0,3337863 0,2606713
0,8138021 0,298818 0,2400084
0,6103516 0,3496808 0,2622607
0,6103516 0,346502 0,2670291
0,6103516 0,3401442 0,2606713
0,8138021 0,3528598 0,2686185
0,8138021 0,3687543 0,2781552
0,6103516 0,3274285 0,2574925
0,6103516 0,3274285 0,2511346
0,8138021 0,3973644 0,2924601
0,6103516 0,3210706 0,2463662
0,8138021 0,3560387 0,2717974
1,017253 0,3814698 0,2781551
0,8138021 0,3178916 0,2368295
0,6103516 0,3878276 0,2908706
0,6103516 0,3592175 0,2590818
0,8138021 0,4164377 0,3004072
0,6103516 0,3401441 0,2511346
0,8138021 0,3433231 0,2654397
0,8138021 0,3369653 0,2590819
0,6103516 0,3592175 0,2638501
0,8138021 0,3496809 0,2733869
0,6103516 0,3337863 0,2638502
0,6103516 0,3465019 0,2654396
0,8138021 0,3465019 0,2590818
1,017253 0,4037222 0,2988178
0,6103516 0,3465019 0,2654396
0,6103516 0,3592175 0,2702079
0,6103516 0,3592176 0,2654396
1,017253 0,3433231 0,2606713
1,017253 0,3910066 0,2908706
0,6103516 0,343323 0,2622607
0,8138021 0,3433231 0,2638502
0,6103516 0,3369653 0,2638502
0,6103516 0,3592176 0,2749763
0,6103516 0,3465019 0,2559029
0,6103516 0,3655753 0,2781551
1,017253 0,3687543 0,2781551
0,6103516 0,3910066 0,2829234
0,6103516 0,3369652 0,2606713
0,6103516 0,3687542 0,2797446
0,6103516 0,3782909 0,281334
0,6103516 0,343323 0,2606713
0,6103516 0,3623964 0,2749763
0,6103516 0,3846487 0,2876917
0,6103516 0,3496808 0,2590818
1,017253 0,3655754 0,2765657
1,017253 0,3687542 0,2749762
0,6103516 0,3973643 0,2956389
0,6103516 0,3592176 0,2749763
0,8138021 0,3878276 0,2829234
0,6103516 0,4196166 0,3004072
0,8138021 0,4196166 0,3019966
0,6103516 0,3910065 0,2876917
0,8138021 0,3910065 0,2956389
0,8138021 0,3910066 0,2908707
0,8138021 0,4291533 0,3115333
0,8138021 0,3560387 0,2686185
0,6103516 0,3655753 0,2829235
0,6103516 0,4005432 0,2988178
0,8138021 0,406901 0,2988178
0,6103516 0,3973643 0,2956389
0,8138021 0,3910066 0,2892812
0,6103516 0,3910065 0,2876917
0,8138021 0,3751121 0,2797446
0,8138021 0,4037221 0,2956389
1,017253 0,4227955 0,3099439
0,6103516 0,4037221 0,3019967
0,6103516 0,43869 0,3147121
0,8138021 0,3782909 0,2829234
0,6103516 0,406901 0,3004072
0,8138021 0,4482267 0,3369642
1,017253 0,4386901 0,3178911
0,6103516 0,4037221 0,2972283
0,6103516 0,406901 0,3019967
0,8138021 0,4323322 0,317891
0,8138021 0,4323322 0,3226593
0,6103516 0,4132589 0,3035861
0,8138021 0,4641213 0,3433221
0,8138021 0,4514056 0,3258382
0,6103516 0,4386901 0,3178911
0,8138021 0,4768369 0,3465009
0,8138021 0,4609424 0,3306065
0,8138021 0,4609423 0,3496799
0,8138021 0,470479 0,3544484
0,8138021 0,4800158 0,3639852
0,8138021 0,470479 0,3592167
1,017253 0,5118049 0,3846482
0,8138021 0,4895525 0,3814694
0,6103516 0,4641212 0,3671643
1,017253 0,5213417 0,3910061
1,017253 0,5149838 0,394185
1,220703 0,5213417 0,403722
1,017253 0,553131 0,4180271
1,017253 0,5658469 0,4450482
1,017253 0,5181628 0,3957746
0,8138021 0,5340575 0,4132588
0,8138021 0,4959103 0,3973641
1,017253 0,5372364 0,4212061
1,017253 0,5531311 0,427564
1,017253 0,5435942 0,424385
1,220703 0,5912783 0,4593534
1,017253 0,5690258 0,4434587
1,220703 0,5944572 0,4561744
1,220703 0,6008151 0,4625323
1,017253 0,6612144 0,4959109
1,627604 0,6802878 0,4990898
1,017253 0,6834667 0,5165743
1,627604 0,7692975 0,5674365
1,831055 0,7851921 0,5912781
1,627604 0,8614855 0,6373717
1,831055 0,940958 0,7200234
2,237956 0,9504949 0,6930025
2,441406 1,090368 0,8169811
2,237956 1,198452 0,8996332
2,441406 1,452763 1,087189
2,441406 1,516342 1,155535
2,848307 1,748403 1,355807
2,644857 1,834233 1,484553
3,458658 1,955031 1,540184
3,458659 2,126695 1,719793
3,86556 2,19981 1,738866
3,255208 2,320607 1,837413
3,458659 2,358753 1,878738
3,255208 2,387363 1,945495
3,66211 2,517699 2,023378
4,475912 2,571742 2,058347
4,272461 2,692542 2,098084
4,475912 2,857844 2,319017
4,069011 2,92778 2,326965
4,882813 2,994536 2,468427
4,27246 3,159842 2,5479
4,679363 3,290177 2,624193
4,882813 3,455479 2,913476
5,900065 3,525415 2,943675
5,086263 3,550846 3,007253
4,882813 3,674826 3,050169
4,679363 3,636678 3,021557
5,289714 3,805161 3,183682
5,493164 3,871919 3,267925
5,493164 3,884634 3,244082
5,696614 4,024506 3,409386
5,696614 4,291535 3,6033
4,882813 3,938675 3,374418
6,510416 4,27246 3,552436
5,696615 4,396438 3,627141
6,306965 4,409156 3,763835
6,713866 4,536312 3,817876
6,306965 4,45684 3,886223
6,103515 4,612603 3,914833
6,306966 4,571277 3,908474
6,510416 4,701612 3,898939
7,73112 5,076726 4,178684
7,934568 5,334217 4,42028
7,120767 5,404152 4,499752
8,138019 5,617141 4,568099
9,765622 5,925495 4,849431
10,78288 6,059011 4,95275
12,81739 6,434123 5,219778
14,44499 6,885529 5,485218
12,00358 6,930033 5,469322
14,64844 7,708866 6,176631
16,8864 8,776982 6,914139
15,6657 9,984968 7,564226
16,68295 10,44909 8,093515
19,7347 12,30558 9,837152
18,71745 13,37051 11,16435
18,51401 13,93636 11,61258
21,15886 13,61211 11,19137
20,75196 14,5181 12,15299
27,05891 15,17932 12,54559
27,26236 15,92319 13,42455
24,00716 16,26015 13,27038
37,23141 16,49857 13,81397
37,63831 17,28058 14,32578
33,1624 18,62526 15,529
36,82451 19,02262 15,2127
41,70734 19,11481 15,35734
29,50031 19,40728 15,30647
46,3867 21,59754 17,02786
37,23141 22,55758 17,96723
46,38672 23,89271 19,02421
56,15239 25,33276 19,79669
50,6592 26,30233 20,55645
57,98349 27,56437 20,64864
59,81453 29,65291 22,30644
57,3731 30,91175 23,37455
46,18326 32,08794 24,77803
58,39037 35,97576 26,60909
65,10429 40,07975 29,52417
70,39402 43,59561 34,79956
63,47665 47,35629 37,75437
64,29048 47,75366 38,30908
68,56297 48,82178 40,36903
71,00439 52,61106 43,15853
75,2769 55,3068 45,56341
68,96988 56,14287 47,61858
71,20784 57,0584 47,24348
87,8907 58,06612 49,154
74,66651 58,7941 52,47279
76,9045 59,39492 52,22644
88,70449 59,61427 50,50982
80,56658 60,42807 51,61131
78,32868 62,83135 52,4601
80,36314 63,39721 53,74916
79,14245 64,37948 53,84291
93,38378 64,3604 54,46279
85,44931 65,69238 55,4435
97,45272 65,82271 55,72007
83,6183 65,80047 54,72349
79,95624 67,20239 58,19963
76,70103 65,53025 57,06475
85,65279 68,55025 58,80684
94,40101 68,16879 59,53003
89,11137 66,76685 57,29045
88,29761 71,01074 60,37403
89,5183 71,80866 64,25073
96,02859 71,89449 61,89516
95,82514 74,59341 60,23896
99,48723 74,32954 65,23144
90,73899 75,08611 66,54434
91,34931 75,43897 64,71008
107,2182 80,45211 70,81205
99,89413 78,54477 68,75688
105,5907 80,95438 68,72508
107,0148 81,6283 71,48914
103,3527 80,7382 71,85788
96,43555 75,39764 65,02165
104,9803 78,30952 69,53092
99,8941 81,68237 72,70667
113,7286 83,96796 73,255
90,53551 77,18104 68,90309
100,9114 82,34991 72,1122
108,4389 88,24993 76,20185
108,8458 86,60962 74,58377
113,5251 89,20678 78,00112
105,5907 89,99512 79,04539
114,3389 93,10403 81,52176
111,6941 89,9824 77,98045
115,9665 92,35704 80,4457
112,5079 94,62991 84,62595
114,7458 96,11126 85,22198
114,1355 98,59078 86,6954
116,5768 95,8347 84,86913
125,1216 101,4931 87,3121
117,1872 99,71928 89,13834
122,6802 101,2197 88,82519
117,7975 100,0403 88,07022
119,6286 99,23293 89,49917
118,2044 100,3678 86,80182
123,2906 99,61121 88,52481
128,1734 102,38 87,88425
122,4768 101,8491 90,30815
118,4078 101,8809 90,13488
116,7803 101,8491 90,70549
126,5458 103,2701 92,34744
130,0043 102,0939 90,42102
123,6975 105,7528 95,31809
125,9354 104,6561 90,92961
120,4423 104,4939 93,05946
118,2044 105,33 93,57761
127,1561 106,0675 93,38211
126,5458 104,2428 92,39829
117,3906 104,1983 94,89211
119,0182 106,1851 96,26698
119,6285 102,2465 90,87401
129,394 105,7846 94,19275
117,7975 105,2823 94,81103
122,6803 106,0198 94,47884
125,1216 105,9944 97,43841
121,8665 107,6728 96,9139
121,663 106,8145 93,91297
121,2561 107,6696 94,96043
118,4079 107,7968 97,97084
125,5285 107,9684 95,59937
126,5457 106,1978 94,97156
126,3423 107,6601 96,97904
122,6802 109,0492 97,8008
130,4113 107,9493 93,95428
121,2561 107,2468 96,33372
131,0216 108,3181 98,50652
126,1388 109,2686 98,81169
123,2907 108,8776 97,77695
