0,1220703 0,01144409 0,005722046
0 0 0
0,2441406 0,005722046 0,002861023
0,1220703 0,005722046 0,002861023
0,1220703 0,005722046 0,002861023
0,1220703 0,005722046 0,002861023
0,1220703 0,01144409 0,005722046
0,4882813 0,01525879 0,007629395
0,1220703 0,003814697 0,001907349
0,2441406 0,007629395 0,003814697
0,1220703 0,005722046 0,002861023
0,1220703 0,007629395 0,003814697
0,2441406 0,01144409 0,005722046
0,1220703 0,007629395 0,003814697
0,2441406 0,01144409 0,005722046
0,4882813 0,01335144 0,006675721
0,1220703 0,003814697 0,001907349
0,3662109 0,01144409 0,005722046
0,2441406 0,01144409 0,005722046
0,3662109 0,01716614 0,008583069
0,3662109 0,01525879 0,007629395
0,1220703 0,001907349 0,0009536744
0,2441406 0,02861023 0,01430512
0,2441406 0,005722046 0,002861023
0,1220703 0,005722046 0,002861023
0,2441406 0,01144409 0,005722046
0,1220703 0,009536744 0,004768372
0,2441406 0,009536744 0,004768372
0,1220703 0,005722046 0,002861023
0,2441406 0,01716614 0,00858307
0,1220703 0,009536744 0,004768372
0,2441406 0,005722046 0,002861023
0,2441406 0,02861023 0,01430512
0,1220703 0,007629395 0,003814697
0,2441406 0,01335144 0,006675721
0,2441406 0,009536744 0,004768372
0,2441406 0,01335144 0,006675721
0,3662109 0,01144409 0,005722046
0,1220703 0,009536744 0,004768372
0,1220703 0,007629395 0,003814697
0,2441406 0,01907349 0,009536744
0,1220703 0,007629395 0,003814697
0,2441406 0,009536744 0,004768372
0,3662109 0,01525879 0,007629395
0,2441406 0,01525879 0,007629395
0,2441406 0,01335144 0,006675721
0,1220703 0,005722046 0,002861023
0,3662109 0,01716614 0,008583069
0,2441406 0,01716614 0,00858307
0,2441406 0,009536744 0,004768372
0,2441406 0,01335144 0,006675721
0,2441406 0,009536744 0,004768372
0,2441406 0,01716614 0,00858307
0,1220703 0,01335144 0,006675721
0,2441406 0,01144409 0,005722046
0,1220703 0,009536744 0,004768372
0,2441406 0,01716614 0,00858307
0,3662109 0,01525879 0,007629395
0,4882813 0,02098084 0,01049042
0,3662109 0,02098083 0,01049042
0,2441406 0,01716614 0,00858307
0,2441406 0,009536744 0,004768372
0,1220703 0,01907349 0,009536744
0,1220703 0,005722046 0,002861023
0,1220703 0,001907349 0,0009536744
0,1220703 0,007629395 0,003814697
0,2441406 0,01335144 0,006675721
0,2441406 0,01144409 0,005722046
0,2441406 0,01716614 0,00858307
0,2441406 0,01907349 0,009536744
0,2441406 0,007629395 0,003814697
0,1220703 0,009536744 0,004768372
0,2441406 0,01907349 0,009536744
0,2441406 0,01907349 0,009536744
0,2441406 0,01716614 0,00858307
0,2441406 0,007629395 0,003814697
0,1220703 0,003814697 0,001907349
0,1220703 0,001907349 0,0009536744
0,2441406 0,01525879 0,007629395
0,1220703 0,007629395 0,003814697
0,1220703 0,003814697 0,001907349
0,2441406 0,009536744 0,004768372
0,2441406 0,01525879 0,007629395
0,1220703 0,009536744 0,004768372
0,1220703 0,005722046 0,002861023
0,2441406 0,009536744 0,004768372
0,1220703 0,009536744 0,004768372
0,2441406 0,01525879 0,007629395
0,2441406 0,007629395 0,003814697
0,2441406 0,01335144 0,006675721
0,2441406 0,01144409 0,005722046
0,2441406 0,02861023 0,01430512
0,2441406 0,01525879 0,007629395
0,2441406 0,01716614 0,00858307
0,2441406 0,01716614 0,00858307
0,2441406 0,01144409 0,005722046
0,2441406 0,01144409 0,005722046
0,2441406 0,01144409 0,005722046
0,2441406 0,01335144 0,006675721
0,2441406 0,02288819 0,01144409
0,2441406 0,01335144 0,006675721
0,1220703 0,001907349 0,0009536744
0,1220703 0,007629395 0,003814697
0,2441406 0,01144409 0,005722046
0,1220703 0,005722046 0,002861023
0,2441406 0,005722046 0,002861023
0,2441406 0,007629395 0,003814697
0,2441406 0,01716614 0,00858307
0,1220703 0,01335144 0,006675721
0,2441406 0,005722046 0,002861023
0,2441406 0,01525879 0,007629395
0,1220703 0,005722046 0,002861023
0,1220703 0,007629395 0,003814697
0,1220703 0,007629395 0,003814697
0,1220703 0,003814697 0,001907349
0,1220703 0,003814697 0,001907349
0,3662109 0,009536743 0,004768372
0,2441406 0,005722046 0,002861023
0,1220703 0,009536744 0,004768372
0,1220703 0,001907349 0,0009536744
0,1220703 0,01335144 0,006675721
0,3662109 0,01716614 0,008583069
0,3662109 0,01525879 0,007629395
0,2441406 0,007629395 0,003814697
0,2441406 0,01144409 0,005722046
0,1220703 0,01144409 0,005722046
0,1220703 0,01335144 0,006675721
0,2441406 0,01525879 0,007629395
0,1220703 0,01335144 0,006675721
0,2441406 0,01144409 0,005722046
0,1220703 0,007629395 0,003814697
0,2441406 0,007629395 0,003814697
0,1220703 0,007629395 0,003814697
0,2441406 0,01716614 0,00858307
0,1220703 0,007629395 0,003814697
0,3662109 0,01907349 0,009536743
0,3662109 0,01144409 0,005722046
0,1220703 0,009536744 0,004768372
0,2441406 0,009536744 0,004768372
0,1220703 0,01144409 0,005722046
0,1220703 0,01335144 0,006675721
0,1220703 0,001907349 0,0009536744
0,1220703 0,009536744 0,004768372
0,1220703 0,003814697 0,001907349
0,1220703 0,007629395 0,003814697
0,1220703 0,01335144 0,006675721
0,2441406 0,01144409 0,005722046
0,1220703 0,005722046 0,002861023
0,1220703 0,005722046 0,002861023
0,1220703 0,01525879 0,007629395
0,1220703 0,005722046 0,002861023
0,1220703 0,003814697 0,001907349
0,1220703 0,005722046 0,002861023
0,1220703 0,01144409 0,005722046
0,3662109 0,007629395 0,003814697
0,3662109 0,009536743 0,004768372
0,3662109 0,01335144 0,00667572
0,2441406 0,01716614 0,00858307
0,1220703 0,005722046 0,002861023
0,1220703 0,01335144 0,006675721
0,2441406 0,01525879 0,007629395
0,2441406 0,02098084 0,01049042
0,1220703 0,003814697 0,001907349
0,3662109 0,01335144 0,00667572
0,4882813 0,01525879 0,007629395
0,2441406 0,02288819 0,01144409
0,2441406 0,01144409 0,005722046
0,2441406 0,01335144 0,006675721
0,1220703 0,005722046 0,002861023
0,1220703 0,009536744 0,004768372
0,2441406 0,01525879 0,007629395
0,2441406 0,01335144 0,006675721
0,1220703 0,007629395 0,003814697
0,2441406 0,01144409 0,005722046
0,2441406 0,01335144 0,006675721
0,1220703 0,005722046 0,002861023
0,2441406 0,01144409 0,005722046
0,2441406 0,009536744 0,004768372
0,1220703 0,007629395 0,003814697
0,1220703 0,007629395 0,003814697
0,1220703 0,005722046 0,002861023
0,3662109 0,02288818 0,01144409
0,1220703 0,01144409 0,005722046
0,1220703 0,005722046 0,002861023
0,1220703 0,005722046 0,002861023
0,1220703 0,007629395 0,003814697
0,2441406 0,01716614 0,00858307
0,2441406 0,01144409 0,005722046
0,2441406 0,01144409 0,005722046
0,1220703 0,003814697 0,001907349
0,2441406 0,01525879 0,007629395
0,1220703 0,005722046 0,002861023
0,1220703 0,01144409 0,005722046
0,2441406 0,01716614 0,00858307
0,1220703 0,007629395 0,003814697
0,3662109 0,01335144 0,00667572
0,2441406 0,009536744 0,004768372
0,2441406 0,01525879 0,007629395
0,1220703 0,01716614 0,00858307
0,2441406 0,01716614 0,00858307
0,1220703 0,007629395 0,003814697
0,1220703 0,005722046 0,002861023
0,2441406 0,01716614 0,00858307
0,2441406 0,02861023 0,01430512
0,1220703 0,009536744 0,004768372
0,2441406 0,01525879 0,007629395
0,2441406 0,01907349 0,009536744
0,2441406 0,03242493 0,01621247
0,2441406 0,009536744 0,004768372
0,3662109 0,01335144 0,00667572
0,1220703 0,01144409 0,005722046
0,2441406 0,01335144 0,006675721
0,2441406 0,01144409 0,005722046
0,3662109 0,02098083 0,01049042
0,3662109 0,02288818 0,01144409
0,2441406 0,01335144 0,006675721
0,2441406 0,02288819 0,01144409
0,2441406 0,02861023 0,01430512
0,1220703 0,01144409 0,005722046
0,2441406 0,01907349 0,009536744
0,2441406 0,01716614 0,00858307
0,1220703 0,01335144 0,006675721
0,2441406 0,02288819 0,01144409
0,3662109 0,01525879 0,007629395
0,3662109 0,01907349 0,009536743
0,3662109 0,02670288 0,01335144
0,2441406 0,02098084 0,01049042
0,1220703 0,009536744 0,004768372
0,3662109 0,02098083 0,01049042
0,2441406 0,02098084 0,01049042
0,1220703 0,003814697 0,001907349
0,2441406 0,01907349 0,009536744
0,3662109 0,02288818 0,01144409
0,3662109 0,02670288 0,01335144
0,3662109 0,01907349 0,009536743
0,2441406 0,02098084 0,01049042
0,1220703 0,01144409 0,005722046
0,2441406 0,009536744 0,004768372
0,1220703 0,01716614 0,00858307
0,3662109 0,03814697 0,01907349
0,2441406 0,02098084 0,01049042
0,2441406 0,03433228 0,01716614
0,2441406 0,02861023 0,01430512
0,3662109 0,02479553 0,01239777
0,1220703 0,01907349 0,009536744
0,2441406 0,02288819 0,01144409
0,2441406 0,03433228 0,01716614
0,2441406 0,02670288 0,01335144
0,2441406 0,02670288 0,01335144
0,2441406 0,02288819 0,01144409
0,3662109 0,02861023 0,01430511
0,2441406 0,01525879 0,007629395
0,2441406 0,01907349 0,009536744
0,3662109 0,03433228 0,01716614
0,1220703 0,02479553 0,01239777
0,2441406 0,03433228 0,01716614
0,2441406 0,04196167 0,02098084
0,2441406 0,02098084 0,01049042
0,2441406 0,02670288 0,01335144
0,2441406 0,04768372 0,02384186
0,2441406 0,03814698 0,01907349
0,2441406 0,02861023 0,01430512
0,2441406 0,01144409 0,005722046
0,2441406 0,01716614 0,00858307
0,3662109 0,03242493 0,01621246
0,2441406 0,02670288 0,01335144
0,2441406 0,04196167 0,02098084
0,2441406 0,02861023 0,01430512
0,3662109 0,03623962 0,01811981
0,2441406 0,03623963 0,01811981
0,2441406 0,03051758 0,01525879
0,4882813 0,0629425 0,03147125
0,3662109 0,07247925 0,03623962
0,6103516 0,06103516 0,03051758
0,7324219 0,06484985 0,03242493
0,3662109 0,06103516 0,03051758
0,9765626 0,08583069 0,04291534
0,3662109 0,08201599 0,041008
0,6103516 0,06866455 0,03433228
0,4882813 0,08392334 0,04196167
0,3662109 0,08392334 0,04196167
0,6103516 0,1163483 0,05817413
0,3662109 0,08583069 0,04291534
0,6103516 0,1220703 0,06103516
0,7324219 0,1907349 0,09536743
0,7324219 0,1792908 0,08964539
0,7324219 0,2212524 0,1106262
0,6103516 0,2326965 0,125885
0,8544922 0,2708435 0,1487732
0,6103516 0,2536774 0,1316071
0,7324219 0,2689362 0,1554489
0,8544922 0,2746582 0,1516342
0,6103516 0,2193451 0,1192093
0,6103516 0,2250671 0,1249313
0,4882813 0,2155304 0,1211166
0,6103516 0,2326965 0,1306534
0,6103516 0,2441406 0,1344681
0,6103516 0,246048 0,1392365
0,4882813 0,2536774 0,1459122
0,7324219 0,2765656 0,1544952
0,6103516 0,2346039 0,1173019
0,6103516 0,2613068 0,1535416
0,6103516 0,2727509 0,1516342
0,6103516 0,3166199 0,1802444
0,8544922 0,2861023 0,164032
0,8544922 0,2918243 0,1630783
0,7324219 0,2918243 0,161171
0,6103516 0,3261566 0,1878738
0,7324219 0,3051758 0,1811981
0,7324219 0,328064 0,1907349
0,8544922 0,3128052 0,1745224
0,7324219 0,2975464 0,1735687
0,7324219 0,289917 0,1773834
1,098633 0,3299713 0,1955032
0,8544922 0,3490448 0,202179
0,7324219 0,3490448 0,2031326
0,8544922 0,3662109 0,2279282
0,8544922 0,3528595 0,2126694
0,8544922 0,3814697 0,2355576
0,9765626 0,3948212 0,2498627
1,098633 0,4005432 0,2527237
0,9765626 0,4310608 0,2717972
1,220703 0,4425049 0,2775192
1,220703 0,4673004 0,2965927
1,342774 0,4653931 0,2937317
1,831055 0,4863739 0,3175735
1,464844 0,5340576 0,3423691
1,586914 0,5264282 0,3395081
1,831055 0,5950928 0,3833771
1,220703 0,5741119 0,3833771
1,586914 0,6694794 0,4310608
1,342774 0,6408691 0,4310608
2,075196 0,7667542 0,5044937
2,563477 0,9918213 0,6475449
2,563477 1,081467 0,7171631
4,15039 1,415253 0,9155273
3,051758 1,434326 0,9832383
3,90625 1,922607 1,286507
4,882812 2,145767 1,475334
7,934571 2,290726 1,544952
7,202147 2,695084 1,835823
8,789061 3,143311 2,104759
7,446289 3,650665 2,521515
8,178711 4,28009 3,016472
8,666993 4,306793 3,036499
8,666993 4,962921 3,551483
10,37598 5,540848 3,941536
10,37598 6,416321 4,589081
10,37598 6,128311 4,69017
10,49805 6,725311 5,171776
11,23047 6,858826 5,178452
12,20704 6,822586 4,83036
12,69532 7,566453 5,456924
11,9629 7,137299 5,27668
12,20704 7,558823 5,797386
10,98633 7,802964 5,887985
11,35255 7,480621 5,682945
13,06153 7,835389 5,496025
12,57325 8,214951 6,288528
16,23536 8,541107 6,561279
13,1836 8,909225 6,964684
14,16016 9,513856 7,271767
17,57813 10,29396 7,685661
13,42774 9,954453 7,472039
15,13673 9,592057 7,478714
15,99121 10,62393 7,659913
21,60645 10,78987 7,827759
21,60644 11,21521 8,443832
16,60156 10,93483 8,051872
21,85059 11,51466 8,343697
20,62988 11,73782 9,034157
18,67676 11,85036 9,087563
19,53125 12,6152 9,706498
19,04297 11,41739 8,316994
16,84571 11,87134 8,915901
18,43262 12,21466 9,150505
21,24024 13,17978 10,11562
21,48438 13,30567 9,853364
21,72854 14,534 11,48224
20,38575 13,30185 10,149
20,1416 14,20403 10,47039
20,9961 14,44054 11,3821
28,3203 15,42091 12,13551
23,19337 15,32364 11,78455
28,56445 16,19911 11,9524
22,33887 16,08277 12,70962
21,60645 16,10375 12,07924
21,85059 15,96832 12,2509
21,48438 16,31355 12,22229
26,36719 16,90865 12,99954
22,09473 16,40701 12,79354
26,7334 16,44135 12,61234
25,02442 16,27922 12,9137
24,16992 16,70647 12,74109
22,58301 17,14134 12,85076
25,63477 17,39693 13,45921
31,00585 17,70401 14,25171
25,8789 17,27867 12,94994
25,26855 16,7675 12,96711
27,22168 17,34734 13,26275
27,83203 17,73453 13,93986
25,5127 18,49365 14,14967
22,82715 16,91246 12,68005
26,24512 17,53998 13,82828
24,78028 18,35823 14,08959
31,00585 18,31436 13,99422
28,32031 17,88521 13,35049
25,87891 18,15415 14,13727
29,66308 18,20946 14,43005
28,80859 18,38684 14,05907
27,46582 18,73779 14,47296
30,63963 18,91899 14,36806
26,00098 17,99774 13,34572
26,85547 19,28902 15,5344
27,9541 20,02525 16,17241
24,16993 19,01054 15,4047
25,63477 18,73207 14,67037
27,83203 19,61327 15,61928
27,09961 19,39011 15,44476
28,19824 19,52362 15,30457
26,61133 19,60373 15,09571
31,37206 20,7901 16,26492
26,7334 19,69528 15,1453
28,68652 20,44678 15,86056
27,83203 20,92552 16,31069
27,34375 19,89937 15,79571
35,27829 21,64459 16,30306
27,09962 20,56122 16,49952
33,08103 20,69283 16,35075
28,07617 20,75386 15,33031
38,33004 21,03996 16,32214
30,76171 21,46149 17,02881
28,44238 20,20454 16,13426
28,56444 21,61026 16,96396
31,9824 20,55359 16,15143
30,02929 20,92361 16,40606
28,32031 21,58737 16,40987
29,29687 21,34514 16,25824
29,29687 20,38574 15,53631
27,34375 20,5822 16,10756
28,93066 21,35658 16,41655
27,34375 21,64459 17,16709
30,88378 20,68138 16,21628
30,88378 22,15004 16,96968
28,56445 21,86775 17,15946
29,1748 21,31081 16,48235
34,4238 22,33124 18,22281
33,2031 20,83015 16,325
33,93552 21,76285 17,27486
29,78514 21,91162 16,7532
32,10447 21,14296 16,52145
31,49412 22,35985 17,13848
30,7617 21,48819 16,61205
31,12791 21,89827 17,98439
31,61619 22,64595 18,09216
31,24998 22,29309 17,64774
37,96383 22,33315 17,78221
32,10448 22,52579 18,10265
31,37205 21,89445 17,1175
30,02928 21,595 17,2987
32,10447 23,38791 19,00387
30,76171 21,71898 17,40742
29,41894 22,06612 18,0521
31,37206 23,51189 18,3115
30,51757 23,04459 17,98916
33,2031 21,97838 17,8318
28,32031 23,03886 18,61286
31,61619 22,66121 18,33439
32,47068 22,97974 18,21327
27,83203 22,07947 17,22527
31,9824 23,03696 18,27145
32,59275 23,63586 18,23616
28,32031 22,2702 17,19952
35,40036 22,36176 17,38739
29,78515 23,06747 18,18752
33,93552 22,64214 17,18998
31,61619 23,00262 18,54229
28,80858 23,37456 18,98766
34,91208 22,39036 17,6115
32,71482 23,50426 19,13738
29,29687 22,96448 18,44406
33,2031 24,09935 19,12689
34,54587 22,93777 18,52989
34,17966 23,10753 18,31055
33,08103 22,71271 17,87853
33,69138 22,86339 18,06355
29,54101 22,87102 17,30537
30,63963 22,8405 17,59338
37,59761 22,08519 17,23289
28,44238 22,50862 18,26763
32,34861 23,42987 18,15319
31,37206 22,90726 17,47131
30,39549 22,60017 17,519
30,3955 22,57729 17,97295
31,86033 23,06557 18,52322
31,24998 22,5544 18,02349
27,34376 21,75713 17,94147
31,00585 22,56966 17,07077
32,22654 22,48001 18,2848
29,29686 22,03941 17,23671
36,25485 23,13232 18,59856
