0,6103516 0,301997 0,2272927
0,6103516 0,3306074 0,2257033
0,6103516 0,298818 0,2209348
0,6103516 0,3210706 0,2384189
0,6103516 0,3560387 0,2479557
0,6103516 0,3019969 0,2209348
0,6103516 0,2861023 0,2209348
0,6103516 0,2829233 0,2241137
0,6103516 0,3242495 0,2415979
0,4069011 0,2861023 0,2241137
1,017253 0,3401442 0,2527241
0,4069011 0,2797444 0,2209348
0,6103516 0,3178917 0,2447768
0,6103516 0,2892812 0,2225243
0,6103516 0,2956391 0,2193453
0,6103516 0,3115337 0,2384189
0,8138021 0,301997 0,2257032
0,6103516 0,2892812 0,2209348
0,6103516 0,298818 0,2241137
0,8138021 0,3306074 0,2336506
0,6103516 0,3433231 0,2543135
0,6103516 0,301997 0,2257032
0,6103516 0,3242495 0,2368295
0,6103516 0,3147127 0,2320611
0,6103516 0,2733865 0,2272926
0,8138021 0,3210706 0,2463662
0,8138021 0,3401442 0,2447768
0,6103516 0,3242495 0,2431873
0,6103516 0,3337863 0,2543136
0,6103516 0,301997 0,23524
0,6103516 0,3465019 0,2622607
0,6103516 0,3051759 0,23524
0,6103516 0,3719332 0,2733868
0,8138021 0,3655753 0,267029
0,6103516 0,3814698 0,2781551
0,8138021 0,4132588 0,3004072
0,8138021 0,3496809 0,2574924
0,6103516 0,375112 0,2749762
0,8138021 0,3528598 0,2670291
0,8138021 0,378291 0,2845129
1,017253 0,3687543 0,2765657
0,8138021 0,3751121 0,2797446
0,8138021 0,4037222 0,2940495
0,6103516 0,3751121 0,2829235
1,017253 0,3910066 0,2972284
0,8138021 0,4005433 0,2972284
0,8138021 0,4386901 0,3131227
0,8138021 0,4641213 0,3306065
1,017253 0,473658 0,3480905
1,220703 0,4673002 0,3306065
1,017253 0,5372364 0,3878271
1,424154 0,5626678 0,421206
1,424154 0,5817414 0,4402796
1,424154 0,6898248 0,5197533
2,441406 0,8138021 0,583331
4,475912 1,033147 0,7454547
4,679362 1,389186 0,9441375
9,358722 2,002716 1,312891
8,748371 2,559026 1,651447
53,50748 3,964106 2,446174
29,50031 4,5077 2,916654
27,87272 5,369184 3,561972
49,23504 7,244745 4,56333
48,82813 10,03583 6,136894
58,79722 13,80285 8,681614
64,29039 16,32691 10,23452
66,12145 20,13206 12,33895
71,2077 23,88 14,66433
71,81805 31,65881 18,84619
99,08038 40,76322 25,40429
70,80083 47,44848 34,7201
93,38378 54,30859 41,82179
71,61462 54,33084 42,99641
77,51468 58,54291 47,17828
87,28033 62,30038 52,11354
115,3564 66,74768 53,81427
94,60448 68,27357 56,7039
98,26659 72,75582 59,3535
121,2565 75,01287 63,25405
108,846 79,41884 66,10397
135,2946 82,33706 68,91728
117,1875 86,27256 70,45111
128,7842 92,96737 77,46539
116,5772 96,36559 82,6136
135,9049 95,91737 81,55662
137,1257 102,7298 87,01324
155,2327 104,7961 88,6488
149,7395 103,0159 90,13335
133,26 104,7548 89,55161
133,0565 105,8229 90,98688
131,8359 106,411 92,98961
126,7497 105,9564 94,02432
143,636 108,3279 94,32635
136,3118 110,7978 97,24296
152,9947 108,0513 94,52025
165,4053 110,7057 95,26093
142,8222 110,5944 96,57224
135,905 111,1571 96,50865
144,2464 113,6557 98,83879
151,5705 112,9595 99,52228
161,1328 111,0617 97,5609
162,1499 115,5408 100,5062
140,7877 112,7879 99,40941
146,8911 112,1902 98,66237
157,4706 116,0685 103,5468
156,8603 116,6566 102,1338
156,0464 116,3832 103,5786
171,3053 115,776 99,52541
154,8258 115,1911 102,1751
144,4498 117,9027 104,0617
174,5605 119,6448 105,7704
166,219 121,8669 109,1798
163,3706 121,1452 105,7243
160,3189 122,1148 107,3567
167,0328 123,558 107,8526
160,9293 124,9822 109,5772
180,2571 122,5948 108,6982
176,1881 123,3228 106,9196
165,2017 121,6761 108,5313
149,7395 123,5707 109,4421
153,1982 123,7042 108,4407
156,8603 123,3195 110,8773
162,5568 124,8232 108,9207
165,6086 123,6502 110,7486
170,2881 129,4581 111,8755
164,3879 126,7496 110,7772
157,8775 125,9358 112,6448
172,5261 129,4835 115,2706
165,8121 129,3722 113,91
168,2535 127,3727 111,8199
171,9156 131,9471 116,4102
190,4298 127,414 110,6198
163,1673 131,7278 116,9348
165,6087 132,5416 117,6357
182,2916 135,4725 118,8501
164,1846 133,0248 117,3925
185,3434 133,6892 119,6368
193,4814 138,2445 120,0278
177,0018 139,9897 121,2548
178,4261 138,0347 117,3543
177,4088 143,7949 123,3339
182,0882 141,541 125,7227
177,6121 143,353 126,6002
178,833 143,8361 123,2829
181,2748 147,3235 128,587
189,0055 147,0214 130,1748
182,4948 150,9601 134,7667
190,4297 154,3584 135,7093
187,9884 154,1644 134,7604
190,0229 156,5359 135,2976
191,8539 159,219 140,2059
186,1572 158,2303 140,9418
180,2568 157,3339 134,3631
194,7022 159,4319 141,4552
200,6024 161,2629 141,4392
198,9747 167,3506 147,8702
201,4159 162,1626 144,1477
186,564 160,9101 142,3342
197,7539 164,9569 146,4811
196,9403 167,8656 143,1988
201,6195 166,2603 144,2097
197,7541 162,4201 143,0256
190,0227 166,4891 146,2029
198,161 168,3108 148,1707
208,7402 173,1522 152,5496
196,3298 170,9206 147,0692
209,3505 169,6109 148,9956
204,4675 170,1609 150,9666
204,6715 175,0469 151,0842
