0,1220703 0,003814697 0,001907349
0,1220703 0,005722046 0,002861023
0,1220703 0,001907349 0,0009536744
0,1220703 0,003814697 0,001907349
0,3662109 0,02288818 0,01144409
0,2441406 0,007629395 0,003814697
0 0 0
0,1220703 0,003814697 0,001907349
0,2441406 0,01335144 0,006675721
0,1220703 0,009536744 0,004768372
0,2441406 0,009536744 0,004768372
0,2441406 0,009536744 0,004768372
0,2441406 0,009536744 0,004768372
0,1220703 0,009536744 0,004768372
0,1220703 0,01335144 0,006675721
0,1220703 0,001907349 0,0009536744
0,1220703 0,01144409 0,005722046
0,1220703 0,003814697 0,001907349
0,2441406 0,007629395 0,003814697
0,1220703 0,01144409 0,005722046
0,2441406 0,01716614 0,00858307
0,1220703 0,007629395 0,003814697
0,2441406 0,009536744 0,004768372
0 0 0
0,2441406 0,009536744 0,004768372
0,2441406 0,02098084 0,01049042
0,2441406 0,01144409 0,005722046
0,2441406 0,005722046 0,002861023
0,1220703 0,007629395 0,003814697
0,2441406 0,009536744 0,004768372
0,1220703 0,001907349 0,0009536744
0,2441406 0,01335144 0,006675721
0,1220703 0,003814697 0,001907349
0,2441406 0,01144409 0,005722046
0,2441406 0,009536744 0,004768372
0,3662109 0,009536743 0,004768372
0,2441406 0,01144409 0,005722046
0,2441406 0,01525879 0,007629395
0,2441406 0,01335144 0,006675721
0,3662109 0,01907349 0,009536743
0,1220703 0,01716614 0,00858307
0,2441406 0,007629395 0,003814697
0,1220703 0,009536744 0,004768372
0,2441406 0,02098084 0,01049042
0,1220703 0,005722046 0,002861023
0,3662109 0,01907349 0,009536743
0,2441406 0,009536744 0,004768372
0,1220703 0,007629395 0,003814697
0,2441406 0,009536744 0,004768372
0,2441406 0,01144409 0,005722046
0,1220703 0,01716614 0,00858307
0,2441406 0,01335144 0,006675721
0,2441406 0,01907349 0,009536744
0,2441406 0,007629395 0,003814697
0,1220703 0,007629395 0,003814697
0,2441406 0,01335144 0,006675721
0,1220703 0,005722046 0,002861023
0,1220703 0,01335144 0,006675721
0,1220703 0,01144409 0,005722046
0,3662109 0,02098083 0,01049042
0,2441406 0,01144409 0,005722046
0,2441406 0,01525879 0,007629395
0,2441406 0,007629395 0,003814697
0,1220703 0,005722046 0,002861023
0,1220703 0,01525879 0,007629395
0,2441406 0,009536744 0,004768372
0,2441406 0,01525879 0,007629395
0,2441406 0,01525879 0,007629395
0,2441406 0,02288819 0,01144409
0,2441406 0,01335144 0,006675721
0,2441406 0,02098084 0,01049042
0,3662109 0,02098083 0,01049042
0,1220703 0,009536744 0,004768372
0,1220703 0,01525879 0,007629395
0,2441406 0,02479553 0,01239777
0,2441406 0,01525879 0,007629395
0,1220703 0,009536744 0,004768372
0,2441406 0,02288819 0,01144409
0,2441406 0,01907349 0,009536744
0,2441406 0,01907349 0,009536744
0,2441406 0,01335144 0,006675721
0,1220703 0,02098084 0,01049042
0,3662109 0,01716614 0,008583069
0,2441406 0,01716614 0,00858307
0,1220703 0,02670288 0,01335144
0,2441406 0,01716614 0,00858307
0,2441406 0,01525879 0,007629395
0,2441406 0,03051758 0,01525879
0,4882813 0,03242493 0,01621247
0,3662109 0,02670288 0,01335144
0,2441406 0,01907349 0,009536744
0,1220703 0,009536744 0,004768372
0,3662109 0,03051758 0,01525879
0,2441406 0,02861023 0,01430512
0,1220703 0,01525879 0,007629395
0,1220703 0,01716614 0,00858307
0,1220703 0,01144409 0,005722046
0,3662109 0,01335144 0,00667572
0,3662109 0,02861023 0,01430511
0,1220703 0,01716614 0,00858307
0,2441406 0,01907349 0,009536744
0,2441406 0,01335144 0,006675721
0,2441406 0,01716614 0,00858307
0,2441406 0,01716614 0,00858307
0,1220703 0,01144409 0,005722046
0,1220703 0,009536744 0,004768372
0,1220703 0,01335144 0,006675721
0,3662109 0,01144409 0,005722046
0,1220703 0,007629395 0,003814697
0,2441406 0,01716614 0,00858307
0,2441406 0,02288819 0,01144409
0,2441406 0,02098084 0,01049042
0,2441406 0,01335144 0,006675721
0,1220703 0,01144409 0,005722046
0,2441406 0,02098084 0,01049042
0,2441406 0,01144409 0,005722046
0,2441406 0,01144409 0,005722046
0,1220703 0,007629395 0,003814697
0,1220703 0,01144409 0,005722046
0,1220703 0,01907349 0,009536744
0,2441406 0,02479553 0,01239777
0,1220703 0,007629395 0,003814697
0,1220703 0,01716614 0,00858307
0,1220703 0,01525879 0,007629395
0,2441406 0,01525879 0,007629395
0,1220703 0,009536744 0,004768372
0,3662109 0,02670288 0,01335144
0,2441406 0,005722046 0,002861023
0,2441406 0,02098084 0,01049042
0,2441406 0,01335144 0,006675721
0,2441406 0,01525879 0,007629395
0,2441406 0,03242493 0,01621247
0,2441406 0,01525879 0,007629395
0,2441406 0,01907349 0,009536744
0,1220703 0,01525879 0,007629395
0,1220703 0,01525879 0,007629395
0,3662109 0,02288818 0,01144409
0,2441406 0,01525879 0,007629395
0,1220703 0,02288819 0,01144409
0,2441406 0,04386902 0,02193451
0,2441406 0,02479553 0,01239777
0,1220703 0,01907349 0,009536744
0,2441406 0,02479553 0,01239777
0,3662109 0,02861023 0,01430511
0,2441406 0,02670288 0,01335144
0,2441406 0,02670288 0,01335144
0,2441406 0,01907349 0,009536744
0,3662109 0,01716614 0,008583069
0,1220703 0,01907349 0,009536744
0,2441406 0,02288819 0,01144409
0,3662109 0,03433228 0,01716614
0,2441406 0,02479553 0,01239777
0,2441406 0,03051758 0,01525879
0,2441406 0,03242493 0,01621247
0,2441406 0,02288819 0,01144409
0,2441406 0,03814698 0,01907349
0,3662109 0,04196167 0,02098083
0,3662109 0,03242493 0,01621246
0,3662109 0,04386902 0,02193451
0,3662109 0,04386902 0,02193451
0,3662109 0,04959106 0,02479553
0,3662109 0,06484985 0,03242493
0,3662109 0,05531311 0,02765656
0,4882813 0,08773804 0,04386902
0,2441406 0,1010895 0,05054474
0,3662109 0,1335144 0,0667572
0,3662109 0,169754 0,08487701
0,4882813 0,1831055 0,09155273
0,3662109 0,1926422 0,1106262
0,6103516 0,2307892 0,1392365
0,4882813 0,207901 0,123024
0,6103516 0,25177 0,1592636
0,4882813 0,2384186 0,1430511
0,3662109 0,207901 0,1192093
0,4882813 0,2479553 0,1525879
0,4882813 0,2479553 0,1459122
0,6103516 0,2651215 0,1630783
0,7324219 0,2670288 0,1678467
0,7324219 0,2574921 0,1592636
0,6103516 0,2994537 0,1878738
0,6103516 0,2403259 0,1449585
0,4882813 0,25177 0,1564026
0,4882813 0,2346039 0,1516342
0,6103516 0,2670288 0,161171
0,8544922 0,2784729 0,1764297
0,6103516 0,2708435 0,1678467
0,7324219 0,2708435 0,1707077
0,6103516 0,2689362 0,164032
0,4882813 0,2670288 0,1688004
0,4882813 0,2937317 0,1850128
0,7324219 0,3242493 0,2088547
0,6103516 0,2861023 0,1859665
0,6103516 0,3108978 0,1945496
0,7324219 0,2937317 0,1840591
0,7324219 0,3223419 0,2031326
0,6103516 0,2975464 0,1869202
0,6103516 0,3128052 0,1935959
0,7324219 0,3242493 0,2059937
0,6103516 0,3013611 0,1926422
0,6103516 0,3299713 0,2098083
0,7324219 0,3185272 0,2012253
0,7324219 0,3566742 0,2145767
0,7324219 0,3242493 0,202179
0,8544922 0,3414154 0,213623
0,6103516 0,3528595 0,2374649
0,6103516 0,3509521 0,2317429
0,7324219 0,3299713 0,2117157
0,8544922 0,3376007 0,210762
0,6103516 0,3051758 0,1935959
0,7324219 0,3261566 0,1964569
0,7324219 0,3051758 0,1897812
0,6103516 0,3242493 0,2002716
0,6103516 0,3604889 0,2384186
0,7324219 0,3108978 0,1955032
0,6103516 0,3471375 0,2183914
0,6103516 0,3433228 0,2298355
0,7324219 0,3318787 0,2098083
0,6103516 0,3490448 0,2212524
1,098633 0,3395081 0,2241135
0,7324219 0,3566742 0,2260208
0,6103516 0,3509521 0,2365112
0,7324219 0,3395081 0,2088547
0,7324219 0,3738403 0,2441406
0,7324219 0,3509521 0,2450943
0,9765626 0,4024506 0,254631
0,7324219 0,3471375 0,2307892
0,8544922 0,3623962 0,2279282
0,7324219 0,3452301 0,2298355
0,8544922 0,3414154 0,2145767
0,9765626 0,3604889 0,2288818
0,7324219 0,3452301 0,2250671
0,9765626 0,4062653 0,25177
0,7324219 0,3662109 0,2212524
0,9765626 0,328064 0,202179
0,9765626 0,3490448 0,2193451
0,7324219 0,3643036 0,2231598
0,7324219 0,3585815 0,2231598
0,8544922 0,3890991 0,2555847
0,8544922 0,3757477 0,2470016
0,8544922 0,3681183 0,2298355
0,8544922 0,3528595 0,2183914
0,7324219 0,3509521 0,2241135
0,8544922 0,371933 0,2393723
0,8544922 0,3452301 0,2250671
0,8544922 0,3738403 0,2470016
1,098633 0,3929138 0,2336502
0,7324219 0,41008 0,2593994
0,8544922 0,3852844 0,2660751
0,8544922 0,3910065 0,2412796
0,8544922 0,3738403 0,2441406
0,8544922 0,3948212 0,248909
0,7324219 0,371933 0,2336502
0,8544922 0,3871918 0,25177
0,7324219 0,3452301 0,2317429
0,7324219 0,377655 0,246048
0,7324219 0,3929138 0,2593994
0,8544922 0,3566742 0,2298355
0,8544922 0,3833771 0,2441406
0,9765626 0,3509521 0,2298355
0,8544922 0,3929138 0,2536774
0,6103516 0,3490448 0,2279282
0,7324219 0,4081726 0,2756119
0,7324219 0,4005432 0,2698898
0,9765626 0,4234314 0,2746582
0,9765626 0,4196167 0,2679825
0,9765626 0,4692078 0,2946854
0,6103516 0,3452301 0,2393723
0,9765626 0,453949 0,2946854
0,7324219 0,41008 0,2698898
1,220703 0,4196167 0,2794266
0,9765626 0,4310608 0,287056
0,7324219 0,4253387 0,2803802
0,7324219 0,453949 0,295639
1,098633 0,415802 0,2775192
0,9765626 0,4272461 0,2851486
0,8544922 0,4520416 0,2880096
0,9765626 0,3738403 0,2536774
0,8544922 0,4634857 0,292778
0,7324219 0,4177094 0,2698898
0,8544922 0,4291534 0,289917
0,8544922 0,4673004 0,3108978
0,9765626 0,4386902 0,3013611
1,098633 0,4444122 0,3042221
1,586914 0,5283356 0,3395081
0,8544922 0,4692078 0,3108978
0,8544922 0,4272461 0,2803802
0,8544922 0,4634857 0,3137589
0,9765626 0,497818 0,3290176
0,9765626 0,4730225 0,3156662
1,220703 0,4482269 0,3032684
0,8544922 0,4920959 0,3213882
0,9765626 0,4959106 0,3376007
0,9765626 0,4653931 0,3118515
1,464844 0,5397797 0,3547668
1,098633 0,4806519 0,3175735
0,9765626 0,5016327 0,336647
1,098633 0,4844666 0,3261566
1,220703 0,5226135 0,3604889
0,9765626 0,4501343 0,3080368
0,9765626 0,4405975 0,2946854
1,098633 0,4997253 0,3271103
0,9765626 0,4787445 0,3175735
0,9765626 0,4711151 0,3080368
0,9765626 0,4806519 0,3194809
1,098633 0,5073547 0,3385544
0,7324219 0,4520416 0,2994537
1,098633 0,5130768 0,336647
1,220703 0,4959106 0,3290176
0,9765626 0,5207062 0,336647
0,9765626 0,4730225 0,3042221
1,098633 0,5187988 0,336647
0,8544922 0,4692078 0,2994537
1,098633 0,5054474 0,3480911
0,9765626 0,4901886 0,328064
0,9765626 0,5340576 0,3824234
0,9765626 0,5149841 0,3538132
1,464844 0,5645752 0,3681183
1,220703 0,5569458 0,374794
0,8544922 0,5111694 0,3538132
0,9765626 0,5779266 0,3976822
1,098633 0,5340576 0,3604889
0,9765626 0,5702972 0,3862381
1,831055 0,6103516 0,4081726
1,098633 0,5531311 0,3595352
1,464844 0,5970001 0,4224777
1,342774 0,6198883 0,4339218
1,098633 0,6027222 0,4110336
1,098633 0,5702972 0,3967285
1,098633 0,5607605 0,3709793
1,220703 0,5950928 0,4034042
1,098633 0,6065369 0,4148483
1,342774 0,6484985 0,4444122
1,342774 0,6160736 0,4262924
1,220703 0,7209778 0,4959106
1,342774 0,6389618 0,4091263
1,342774 0,667572 0,4501343
1,342774 0,6694794 0,4434586
1,586914 0,7381439 0,4854202
1,831055 0,6580353 0,4386902
1,098633 0,6961823 0,4644394
1,220703 0,6942749 0,4711151
1,342774 0,7209778 0,4892349
1,586914 0,7190704 0,4777908
1,098633 0,7228851 0,4816055
1,342774 0,7266998 0,4892349
1,464844 0,7152557 0,4901886
2,197266 0,8468628 0,5683899
1,464844 0,7991791 0,5550385
1,342774 0,7667542 0,5130768
1,586914 0,749588 0,5245209
1,586914 0,7915497 0,541687
2,319336 0,9078979 0,6122589
2,197266 0,9441376 0,6532669
1,953125 0,957489 0,6217957
2,075196 0,9078979 0,6122589
1,708985 0,8850098 0,6074905
1,708984 0,9098053 0,6198883
2,319336 1,10054 0,7400513
1,831055 1,04332 0,7171631
1,953125 1,113892 0,7772446
2,441406 1,131058 0,8220673
2,441406 1,317978 0,8859634
2,441406 1,270294 0,8916855
2,685547 1,264572 0,8983612
2,685547 1,207352 0,8850098
2,197266 1,329422 0,9155273
4,760742 1,281738 0,875473
3,417969 1,344681 0,9508133
3,662109 1,485825 0,9889603
2,685547 1,531601 1,072884
3,051758 1,523972 1,081467
3,295899 1,64032 1,133919
3,295899 1,714706 1,162529
2,807617 1,63269 1,174927
4,272461 1,844406 1,335144
3,90625 1,617432 1,156807
3,417969 1,771927 1,199722
4,760742 2,010345 1,424789
4,27246 2,040863 1,397133
3,540039 1,880646 1,28746
4,638671 1,987457 1,342773
3,051758 1,922607 1,367569
4,394531 2,094269 1,436234
3,90625 2,105713 1,416206
4,02832 2,29454 1,625061
3,90625 2,338409 1,653671
4,882812 2,393723 1,65081
4,638671 2,351761 1,695633
3,417969 2,342224 1,664162
4,882812 2,403259 1,740456
3,90625 2,325058 1,678467
5,126952 2,441406 1,646042
4,638671 2,573013 1,807213
4,882812 2,565384 1,777649
4,15039 2,624512 1,795769
4,882812 2,441406 1,704216
4,272461 2,651215 1,877785
4,638671 2,693176 1,941681
4,882812 2,754211 1,888275
6,225585 2,864838 2,020836
4,760742 2,742767 1,927376
5,493164 2,729416 1,97506
5,859374 3,044128 2,173424
5,371093 2,843857 2,026558
4,516601 2,635956 1,900673
4,760742 2,99263 2,067566
5,004883 2,944946 2,064705
5,981444 3,227234 2,257347
5,249023 3,051758 2,148628
5,371093 3,185272 2,223969
6,469726 2,901077 2,134323
5,004882 3,303528 2,337456
5,126953 3,154755 2,364159
5,126952 3,131866 2,275467
5,859374 3,368378 2,447128
5,859374 3,303528 2,404213
5,493164 3,343582 2,410889
6,591796 3,486633 2,457619
5,371093 3,267288 2,36702
6,225585 3,261566 2,30217
6,103514 3,45993 2,355576
5,737304 3,494263 2,468109
7,93457 3,646851 2,664566
5,737304 3,627777 2,561569
6,469726 3,786087 2,737999
7,568358 3,885269 2,873421
7,812499 4,003525 2,902031
5,981444 3,833771 2,749443
6,469726 3,917694 2,800941
6,347655 3,717422 2,799988
7,8125 4,259109 3,119469
6,713866 3,908157 2,863884
7,324218 4,018784 2,966881
6,713866 3,908157 2,88868
6,835936 3,961563 2,838135
7,202148 3,940582 2,850533
7,324219 4,148483 2,981186
7,324217 4,104614 2,830505
7,568357 4,38118 3,224373
6,958006 4,44603 3,322601
7,568358 4,369736 3,241539
7,446288 4,463196 3,293037
8,789064 4,776001 3,39222
9,521484 4,516602 3,289223
6,835936 4,659653 3,470421
7,690427 4,671097 3,456116
7,080077 4,585266 3,395081
7,690428 4,512787 3,098488
7,446289 4,884719 3,539085
7,93457 4,756927 3,379822
7,202147 5,084991 3,710747
11,1084 5,302429 3,796577
11,84082 5,155563 3,715515
11,71875 5,752563 3,976822
9,155272 5,096435 3,699302
11,71875 6,063461 4,338264
12,81738 5,85556 4,140854
14,64844 6,151199 4,281998
12,81738 6,696701 4,558563
12,20703 6,793976 4,752159
12,69531 7,333755 5,084991
12,69531 6,6185 4,612923
12,08496 7,104874 4,953384
16,35743 7,911682 5,348206
12,45117 7,677078 5,189896
11,1084 7,570267 5,537987
13,30566 7,604599 5,527496
15,25879 7,642746 5,38826
15,38086 8,655548 5,839348
15,99121 8,182526 5,600929
12,93945 7,286072 4,987717
14,64844 7,453918 5,238533
13,5498 7,953644 5,617142
22,09474 9,069443 6,173134
14,16016 7,463455 5,187988
15,74707 8,518219 6,0606
21,36232 8,489609 5,656242
13,91602 9,380341 6,639481
15,74707 8,377075 5,800247
19,53126 9,763718 6,778717
16,11329 9,363174 6,873131
17,82227 9,944916 7,184982
17,57813 10,5629 7,435799
15,50293 9,807587 7,050514
17,45606 11,05118 8,221626
20,14161 10,66399 7,826805
16,72364 10,46753 7,601738
16,84571 9,653091 6,842613
17,94434 10,12993 7,341385
17,33399 10,55336 7,507325
16,11329 10,27298 7,335663
17,82227 11,05881 7,996559
19,40918 11,24573 8,093834
16,11329 10,04028 6,921768
16,84571 10,37788 7,431984
16,84571 11,42502 8,363724
16,35743 10,54382 7,528306
15,01465 10,25963 7,218361
21,24025 10,8223 7,779121
16,23536 11,28197 8,402824
20,38574 11,71303 8,419037
