0,6103516 0,298818 0,214577
0,6103516 0,3051759 0,2257032
0,6103516 0,2924601 0,2304716
0,6103516 0,3337863 0,2463663
0,6103516 0,2765655 0,2161664
0,6103516 0,3051759 0,23524
0,6103516 0,2924601 0,2161664
0,6103516 0,3019969 0,2257032
0,8138021 0,3242495 0,238419
0,6103516 0,298818 0,2193453
0,6103516 0,3274285 0,23524
0,6103516 0,2892812 0,2161664
0,6103516 0,2702076 0,2161664
0,6103516 0,2702076 0,2050401
0,6103516 0,3115338 0,2272927
0,6103516 0,298818 0,2225243
0,4069011 0,2924602 0,2257032
0,4069011 0,2797444 0,2225242
0,6103516 0,2924601 0,2288821
0,4069011 0,2829233 0,2161664
0,6103516 0,3147127 0,2304716
0,8138021 0,3115338 0,2288821
0,4069011 0,2733865 0,211398
0,6103516 0,2861023 0,2241137
0,8138021 0,2892812 0,2225242
0,6103516 0,2765655 0,1986823
0,6103516 0,2924602 0,2272927
0,6103516 0,3560387 0,2559029
0,6103516 0,2670287 0,211398
0,6103516 0,2606708 0,2050401
0,6103516 0,2892812 0,2209348
0,6103516 0,2797444 0,2193453
0,6103516 0,2765654 0,2098085
0,6103516 0,2924601 0,2225243
0,6103516 0,3242495 0,2463663
0,6103516 0,2892812 0,2288821
0,6103516 0,3337863 0,2431874
0,6103516 0,3083549 0,2384189
0,6103516 0,301997 0,2400084
0,6103516 0,3083548 0,2368294
0,6103516 0,3306074 0,2511347
0,6103516 0,3051759 0,2320611
0,6103516 0,298818 0,2257032
0,6103516 0,3369652 0,2543135
0,6103516 0,3178917 0,2384189
0,8138021 0,3337863 0,2511347
0,6103516 0,3147127 0,2368295
0,4069011 0,2892812 0,2193453
1,017253 0,3337863 0,2543135
0,8138021 0,3210706 0,238419
0,8138021 0,3369653 0,2622608
0,6103516 0,2765655 0,2225242
0,6103516 0,3083549 0,2400084
0,6103516 0,3274285 0,2511346
0,6103516 0,3147127 0,2368295
0,6103516 0,3051759 0,2447768
0,6103516 0,3274285 0,2479557
0,6103516 0,3274285 0,2415979
0,8138021 0,3178916 0,2495452
0,8138021 0,3019969 0,2336505
0,6103516 0,3369653 0,2543136
0,4069011 0,2861023 0,2241137
0,8138021 0,3051759 0,2384189
0,6103516 0,3019969 0,2336505
0,8138021 0,3115337 0,2415978
0,6103516 0,3083549 0,2415978
0,6103516 0,3051759 0,2415978
0,6103516 0,3369653 0,2574925
0,8138021 0,3147127 0,2447768
0,6103516 0,3274285 0,2495452
0,6103516 0,301997 0,23524
0,6103516 0,3115338 0,2415978
0,6103516 0,3147127 0,23524
0,4069011 0,2892812 0,2209348
0,8138021 0,3401442 0,2479557
0,6103516 0,3242495 0,2511346
0,6103516 0,3337863 0,2495452
0,6103516 0,2892812 0,2193453
0,6103516 0,3147127 0,2447768
0,6103516 0,3051759 0,2400084
0,6103516 0,3306074 0,2447768
0,6103516 0,3083548 0,2384189
0,6103516 0,3369653 0,2622608
0,8138021 0,3496809 0,2622607
0,6103516 0,3401442 0,2495452
0,6103516 0,3528598 0,2670291
0,6103516 0,3178917 0,2527241
0,6103516 0,343323 0,2511346
0,6103516 0,3274285 0,23524
0,6103516 0,3210706 0,2527241
0,6103516 0,3465019 0,2606713
0,6103516 0,3306074 0,2543136
0,6103516 0,3178917 0,2400084
0,8138021 0,3623965 0,2622607
0,6103516 0,3623964 0,2733868
0,6103516 0,3369652 0,2622608
0,6103516 0,3306074 0,2543136
0,8138021 0,3719332 0,2749762
0,8138021 0,3846488 0,2924601
0,6103516 0,3655753 0,2749763
0,8138021 0,3369653 0,2622608
0,8138021 0,4164378 0,2988178
0,6103516 0,3592175 0,2733868
0,6103516 0,3719331 0,2829235
0,6103516 0,3878275 0,2940495
0,6103516 0,3941855 0,2876917
0,8138021 0,378291 0,2845129
0,6103516 0,3846487 0,2892812
0,8138021 0,4132589 0,3035862
0,6103516 0,3878276 0,2892812
0,8138021 0,3623964 0,2717974
0,6103516 0,41008 0,3035861
0,8138021 0,3973644 0,2845128
0,8138021 0,4196166 0,3035861
0,6103516 0,4227955 0,3067649
1,017253 0,41008 0,3019967
1,017253 0,4037222 0,2988178
0,6103516 0,4132588 0,3051755
0,6103516 0,3878276 0,2924601
0,8138021 0,4355111 0,3147122
0,6103516 0,43869 0,3163016
0,8138021 0,4514056 0,3258382
1,017253 0,4482267 0,3369642
0,8138021 0,4545846 0,3258382
0,8138021 0,4831947 0,3592167
1,017253 0,4641213 0,3449115
1,220703 0,4959103 0,3767009
0,6103516 0,4863735 0,3719325
1,017253 0,4768369 0,3608062
0,8138021 0,4990892 0,3878272
0,8138021 0,5213417 0,397364
0,8138021 0,5435943 0,4180272
1,017253 0,5626678 0,421206
1,017253 0,5849205 0,4561745
1,017253 0,5912783 0,4561744
0,8138021 0,6167096 0,4768375
2,034505 0,7311504 0,5563104
2,848307 0,8583068 0,6389611
3,051758 0,9695686 0,7041289
2,644857 1,106262 0,785191
3,255208 1,459122 0,9902318
3,255208 1,789728 1,233419
4,272461 2,463659 1,767477
5,289714 2,845129 2,204577
4,882813 3,169378 2,541543
5,289714 3,293356 2,752939
5,289714 3,773372 3,13282
6,510416 3,973643 3,304482
6,510416 4,234314 3,581046
9,15527 4,628501 3,822644
15,05534 4,990895 4,169146
12,61393 5,331039 4,444123
12,41048 5,94139 4,704795
12,20703 7,562636 5,718866
19,93816 10,08987 7,672309
12,61393 10,11212 8,471804
17,2933 10,3887 8,896194
16,68295 11,03083 9,093284
18,71746 11,1707 9,497006
14,64844 11,24064 9,514493
16,68295 11,08805 9,757675
19,32781 11,78423 9,997682
17,90366 12,05126 10,45227
15,86915 12,04809 10,41095
19,93816 12,14028 10,61917
18,71746 12,30558 10,68751
17,90366 12,37233 10,53969
16,4795 12,3628 10,64777
19,73471 12,58215 10,87189
26,04166 13,91729 11,70953
35,60379 14,52446 11,97656
29,29685 15,93272 12,84122
42,72458 17,40456 13,73926
57,78003 22,29373 17,23766
66,93537 24,60161 19,7935
96,63895 27,27826 21,38455
57,78003 30,26643 23,27283
67,54573 36,43036 26,90792
62,66288 43,49707 31,65562
102,132 51,25367 41,3418
73,44584 52,56022 44,63198
92,1631 56,74687 46,98121
81,17694 56,394 47,39763
88,29761 56,48302 46,78253
86,46658 57,34451 49,17783
91,55276 58,39357 49,00618
103,9631 59,53162 51,01367
102,3355 60,90808 50,77684
91,75621 61,64878 51,07884
95,41827 65,8418 55,75346
110,4734 69,03662 58,39832
119,6285 68,07975 57,62582
104,9803 70,82634 61,10199
104,5734 69,18604 59,77798
108,4389 70,92173 59,59838
116,3733 72,90855 62,02231
105,1837 73,15015 62,13355
113,5251 75,01615 63,69918
118,4078 74,84769 64,42875
110,6768 78,08699 66,88605
106,4044 79,77819 67,67604
130,2078 85,38257 72,8068
120,6457 89,69945 78,5256
128,7836 86,97836 76,61193
124,5112 90,45284 80,52676
117,3906 91,64496 81,50905
125,9354 89,85527 80,49026
129,5974 92,90063 82,89191
129,5974 90,08729 78,78788
122,6802 93,79705 83,00632
129,5974 96,1653 84,26356
129,5974 100,2279 88,1847
122,8837 94,96685 85,37779
129,5974 98,21249 87,46471
129,5974 102,1225 89,71538
129,5974 100,9717 87,77628
130,2078 102,9586 88,77917
128,7836 101,5535 88,95245
128,7836 103,4958 91,00282
129,5974 108,9062 93,75092
128,7836 106,503 92,80048
130,2078 106,7446 93,6079
129,5974 109,4784 95,31331
129,5974 110,6196 94,88579
129,5974 114,9238 98,30783
128,9871 113,3534 97,47013
130,2078 115,3815 97,69109
130,2078 117,1013 101,0274
130,2078 120,7793 103,3924
129,5974 120,4582 103,3082
130,2078 121,0177 106,406
129,5974 122,4196 104,079
129,5974 121,5676 106,4871
130,2078 123,1284 107,5488
130,2078 122,6452 108,3689
130,2078 122,7184 107,0878
130,2078 122,2479 106,0261
129,5974 122,1907 108,1035
129,5974 121,6662 106,9352
129,5974 122,5149 107,126
130,2078 123,3541 109,1223
130,2078 122,5499 106,0595
130,2078 122,3941 107,7697
130,2078 123,5067 110,1666
129,5974 122,5912 107,9604
129,5974 122,4132 106,5172
129,5974 121,5931 106,05
129,5974 122,7406 106,3265
130,2078 124,1902 110,014
129,5974 122,1367 101,9762
129,5974 123,2143 105,3887
130,2078 122,1112 107,2897
130,2078 122,5944 107,2356
129,5974 122,6293 106,8208
130,2078 123,1126 105,5016
129,5974 121,8569 102,5706
129,5974 122,5181 107,9573
129,5974 121,7965 106,274
129,5974 121,911 103,6435
130,2078 122,9663 109,1223
130,2078 123,9454 104,5749
129,5974 123,7356 108,0637
130,2078 122,302 106,5554
130,2078 122,7247 106,7206
130,2078 122,6008 105,4793
130,2078 123,0839 105,7972
130,2078 123,281 109,1922
129,5974 121,3483 103,0904
130,2078 124,187 110,0442
130,2078 122,5849 105,1073
130,2078 123,1825 107,2198
130,2078 122,1494 101,5629
130,2078 122,569 106,7175
130,2078 123,2334 108,4086
130,2078 121,3419 102,2877
130,2078 123,0903 107,1959
