0,6103516 0,3051759 0,2336505
0,6103516 0,2733865 0,2098085
0,6103516 0,2797444 0,2129875
0,6103516 0,3115338 0,2209348
0,6103516 0,2924601 0,2272926
0,6103516 0,2797444 0,2161664
0,6103516 0,3051759 0,2288821
0,6103516 0,3178917 0,2288822
0,6103516 0,2829233 0,2129875
0,6103516 0,3178917 0,2431873
0,6103516 0,2861023 0,2225242
0,6103516 0,3051759 0,2384189
0,6103516 0,3083548 0,2336505
0,8138021 0,3083548 0,2272927
0,6103516 0,2797444 0,2098085
0,6103516 0,2892812 0,2098086
0,8138021 0,3019969 0,2288821
0,6103516 0,3019969 0,2241137
0,6103516 0,2797444 0,2209348
0,4069011 0,301997 0,2193454
0,6103516 0,2988181 0,2241137
0,6103516 0,2924601 0,2145769
0,6103516 0,3051759 0,2368295
0,6103516 0,2924601 0,2193453
0,8138021 0,2956391 0,2225243
0,6103516 0,3274285 0,2431874
1,017253 0,3242495 0,2320611
0,8138021 0,298818 0,2288821
0,6103516 0,3083549 0,23524
0,6103516 0,298818 0,2161664
0,6103516 0,3051759 0,2288821
0,6103516 0,2797444 0,2145769
0,6103516 0,2892812 0,2193453
0,6103516 0,3242495 0,2384189
0,6103516 0,2924601 0,232061
0,6103516 0,2829233 0,2161664
0,8138021 0,3178916 0,2368295
0,6103516 0,3083549 0,2384189
0,4069011 0,3306074 0,2495452
0,6103516 0,346502 0,2495452
0,6103516 0,3083548 0,2304716
0,8138021 0,3115337 0,2384189
0,6103516 0,2956391 0,232061
0,6103516 0,3051759 0,2272927
0,6103516 0,3210706 0,2447768
0,6103516 0,2861023 0,2225242
0,6103516 0,3147127 0,2431873
0,6103516 0,3115338 0,2304716
0,6103516 0,301997 0,2225243
0,6103516 0,2924601 0,2368294
0,6103516 0,2765654 0,2225242
0,6103516 0,3242495 0,2415979
0,8138021 0,3306074 0,2479557
0,6103516 0,3147127 0,2272927
0,6103516 0,3274285 0,2543136
0,6103516 0,3115337 0,2415978
0,6103516 0,3306074 0,255903
0,6103516 0,3115338 0,23524
0,6103516 0,298818 0,2336505
0,6103516 0,3051759 0,2384189
0,6103516 0,3210706 0,2431873
0,6103516 0,298818 0,2336505
0,6103516 0,2765655 0,2098085
0,6103516 0,3337863 0,2511346
0,6103516 0,2924602 0,2336505
0,6103516 0,3115338 0,2447768
0,6103516 0,3274285 0,2479557
0,4069011 0,3083549 0,2320611
0,6103516 0,3433231 0,2574924
0,8138021 0,3433231 0,2590819
0,8138021 0,3719332 0,2765657
0,8138021 0,3751121 0,2765657
0,8138021 0,4037221 0,29246
0,6103516 0,3147127 0,2495452
0,8138021 0,3592176 0,2702079
0,6103516 0,3369652 0,2574924
0,8138021 0,3655754 0,2686185
0,8138021 0,3687543 0,2749763
0,6103516 0,3465019 0,2574924
0,6103516 0,3306074 0,2479557
0,6103516 0,3337863 0,255903
0,8138021 0,3623965 0,2797446
0,6103516 0,3306074 0,2431874
0,6103516 0,3560386 0,2749763
0,6103516 0,3814698 0,2829234
0,8138021 0,3973643 0,2972284
1,220703 0,3560387 0,2670291
0,6103516 0,3401442 0,2606713
0,6103516 0,3655753 0,2781551
0,8138021 0,3878276 0,2876917
0,8138021 0,3592176 0,2765658
0,8138021 0,3719332 0,2733868
0,8138021 0,4355112 0,3099438
0,6103516 0,3878276 0,2829234
0,8138021 0,3878276 0,2845128
0,6103516 0,3719331 0,281334
0,8138021 0,4100799 0,3019967
0,8138021 0,4418689 0,317891
1,017253 0,4005432 0,2940495
0,8138021 0,441869 0,317891
0,6103516 0,3846487 0,2861023
0,8138021 0,4291534 0,3147122
0,6103516 0,3782909 0,281334
0,8138021 0,4545845 0,3337854
1,017253 0,4800158 0,3369643
1,220703 0,4545846 0,3226593
0,8138021 0,4768369 0,343322
1,220703 0,5118049 0,3894166
1,220703 0,5308785 0,3830587
1,424154 0,5722046 0,4196165
1,424154 0,6389621 0,4657111
1,424154 0,6548567 0,4975005
1,627604 0,8265178 0,5992253
2,034505 1,007715 0,7327392
1,831055 1,071294 0,8090336
2,034505 1,182556 0,9314224
2,644857 1,312891 1,036326
2,848307 1,497268 1,142819
2,848307 1,5831 1,187324
3,255208 1,853307 1,447996
3,255208 1,824697 1,419385
3,458659 1,90417 1,495679
3,051758 1,980463 1,552899
3,662109 2,164841 1,660983
3,662109 2,266566 1,770656
4,272461 2,355575 1,813571
4,475912 2,466837 1,889865
4,679362 2,571742 1,978874
5,696615 2,648036 2,07901
3,86556 2,683004 2,120336
5,086263 2,889634 2,319017
4,882812 2,991358 2,346037
4,272461 3,124873 2,500217
5,493164 3,172557 2,58128
5,493164 3,086725 2,473195
4,679362 3,086725 2,441406
5,493164 3,31243 2,66393
5,289714 3,531774 2,861023
5,493164 3,509521 2,853076
5,900065 3,569921 2,834002
5,493164 3,611247 2,90076
6,713867 4,043579 3,151893
6,713867 4,202526 3,283819
7,934571 4,256567 3,527006
6,103516 4,288355 3,433227
7,120768 4,580815 3,639856
7,120769 4,685719 3,856024
7,120769 4,777908 3,856024
7,324219 4,695257 3,768604
7,527669 4,898706 4,000665
8,341472 4,882811 4,005432
7,73112 4,860559 3,886223
7,120769 5,149842 4,262923
7,73112 5,327861 4,294714
7,527669 5,315144 4,345575
7,527669 5,381901 4,453657
9,155272 5,397795 4,472732
8,138021 5,5631 4,53472
8,748372 5,83331 4,820824
8,341472 5,747478 4,692079
7,93457 5,706153 4,843077
8,138021 5,931854 4,876454
8,544923 5,85556 4,812874
9,358725 6,259282 5,195934
11,18978 6,237031 5,202291
8,138021 5,836487 4,922548
9,562174 6,1512 5,06878
8,544923 6,192527 5,195936
8,748372 6,469091 5,437534
9,358724 6,523132 5,534489
8,748372 6,160737 5,153021
8,544922 6,551743 5,467733
10,17253 6,545383 5,435943
9,562175 6,605786 5,582174
10,57943 7,251107 5,950927
11,18978 7,629393 6,229083
10,37598 7,356008 6,122589
11,39323 7,435481 6,051066
10,57943 7,801055 6,448428
11,18978 7,683436 6,338755
11,18978 7,743834 6,451607
11,39323 7,909139 6,628037
12,81738 8,08398 6,793342
11,39323 8,087159 6,810826
11,18978 7,915498 6,691616
11,59668 8,061728 6,817183
11,59668 8,246104 6,804466
12,20703 8,22385 6,974537
12,41048 8,49406 7,034938
11,39323 8,589425 7,135073
12,20703 8,532207 7,236797
12,00358 8,89778 7,430713
13,63118 8,786519 7,122357
12,20703 8,869174 7,508596
12,81738 9,002684 7,300375
11,80013 8,63393 7,185936
16,47949 9,314221 7,734298
12,61393 9,183882 7,511773
11,80013 9,050368 7,478395
13,22428 9,301501 7,747013
14,24154 9,253819 7,831256
11,80013 9,098054 7,688203
11,80013 9,314219 8,018813
14,64844 9,740193 8,118946
13,42773 9,6035 8,088747
13,42773 9,921391 8,430483
16,27604 9,826024 8,34942
13,63118 9,851455 8,320808
14,24154 9,994506 8,578301
14,24154 9,965898 8,538567
15,46224 10,52221 8,948642
12,61393 9,787879 8,158685
13,42773 9,908674 8,31445
12,81738 9,908677 8,465449
12,81738 9,84192 8,405049
13,63119 9,965895 8,579886
14,64844 10,24564 8,784926
13,42773 10,20114 8,831023
12,61393 10,30604 8,837381
13,02083 10,17889 8,602142
14,64844 10,77016 8,959772
14,85189 10,3728 8,697512
14,03808 10,82102 9,131433
13,63119 10,71294 8,920032
13,63119 10,84327 9,104411
13,22428 10,41094 8,845332
14,64844 10,49042 8,902551
14,24154 10,32193 8,921622
14,03809 10,90685 9,411176
15,05534 10,90685 9,360314
15,05534 10,99269 9,403228
12,81738 10,44909 8,802415
13,83464 10,53492 9,024934
14,44499 10,41412 8,5179
14,64844 10,78923 9,175932
14,44499 10,91639 9,27607
13,42774 10,84327 9,231565
14,44499 11,07852 9,471575
15,66569 11,07534 9,407996
14,64844 10,81785 9,077391
15,46224 11,51403 9,450912
14,64844 11,39959 9,649593
14,64844 11,25654 9,444554
15,46224 11,4886 9,690923
15,46224 11,6094 9,727481
15,86914 11,2629 9,460454
15,66569 11,39959 9,690921
15,25879 11,39958 9,60191
17,7002 11,64118 9,646414
15,66569 11,52356 9,576478
15,05534 11,43138 9,60509
15,66569 11,62529 9,876884
17,7002 11,25336 9,333293
17,49674 11,85735 9,946822
15,66569 11,59668 9,837152
18,514 12,11166 10,10577
16,47949 11,71748 9,903909
16,68294 11,65708 9,903909
16,47949 12,37869 10,30286
15,86914 12,62347 10,69387
17,7002 12,40731 10,08352
16,07259 11,91775 10,1614
17,29329 12,65526 10,68115
15,66569 12,10531 10,20114
15,86914 12,39459 10,33624
16,88639 12,16571 9,895963
16,88639 12,47724 10,36485
16,47949 12,34054 10,16299
18,514 13,08123 10,79242
18,514 12,5281 10,34895
18,9209 12,7093 10,39982
18,514 12,45499 10,51744
15,86914 12,47724 10,29968
18,71745 13,37052 10,98792
17,49674 13,14163 10,65572
16,88639 13,15117 10,91003
18,71745 13,12574 11,02448
22,98991 13,13527 10,57148
19,93815 13,69794 11,29945
20,34505 14,15571 11,87166
18,9209 13,9459 11,55058
20,9554 13,83781 11,29786
21,76921 13,97451 11,64436
21,15885 14,14299 11,52356
21,15885 14,18431 11,35826
21,15885 14,84553 11,96861
20,9554 14,97586 12,3167
21,3623 15,2874 12,51857
19,7347 14,85189 12,1673
20,34505 14,75016 12,2118
25,63477 15,58622 12,78877
22,98991 16,2983 13,08123
24,82096 15,5894 12,75539
26,44857 17,19475 13,78695
25,43132 17,27104 13,47701
26,65202 17,57622 14,27174
25,22787 17,46178 14,04444
27,26237 17,91636 14,61188
24,00716 18,28512 15,27628
25,02441 18,30101 14,91547
30,72103 19,16567 15,32396
28,88997 19,41681 15,62914
36,6211 20,93315 16,22041
29,09343 19,83007 15,92477
29,09342 19,69656 15,71815
35,80729 19,55032 15,58621
27,05892 19,77285 15,94544
28,68653 19,35005 15,73563
25,63477 19,60436 16,06464
31,33138 19,78874 15,93431
30,72103 19,86186 15,55602
27,87272 20,30054 16,22994
28,68653 19,33416 15,59417
35,19694 20,29419 16,18386
31,33138 21,09528 17,00561
35,19694 20,15749 16,29034
33,36588 19,1466 15,05057
33,16244 20,99037 16,21087
34,58659 22,17929 17,83054
31,73828 21,10164 16,83871
31,12793 21,51171 17,11209
30,51758 20,97766 16,33167
32,75554 21,66748 17,95769
32,14518 21,74378 17,21223
29,09343 21,197 16,74334
33,97624 22,07438 18,55056
33,56934 22,2524 17,82735
33,97624 23,38091 18,74288
29,50033 23,26966 18,63798
30,72103 22,74831 18,18339
35,80729 23,41589 19,27217
34,58659 23,63523 19,00514
37,63835 23,58436 18,82871
35,19694 23,47946 19,29601
35,80729 24,02306 19,65681
36,82455 25,0276 20,43247
39,0625 24,69381 19,97153
37,8418 24,30915 18,75559
37,43489 25,91451 20,44042
40,69011 26,07345 20,9109
35,40039 25,01805 20,05417
40,2832 26,50578 21,2431
37,4349 26,42949 21,15886
38,04525 25,26919 19,86027
41,30046 26,84911 21,32892
36,2142 26,44539 20,90136
35,60384 27,11296 22,10935
42,31771 26,3977 21,9806
38,04525 27,32913 21,70245
38,45215 27,22741 21,58802
38,2487 28,2383 22,81347
38,85905 28,68017 22,67202
41,30046 28,47036 23,36025
43,13151 29,42721 23,95312
48,21777 28,51486 22,80871
40,6901 28,61341 23,43177
44,55567 29,61795 23,55735
45,57291 29,85319 23,29509
44,96257 30,47308 24,53804
42,11425 29,71331 23,84186
48,42122 29,65292 23,89907
45,77637 29,89133 23,93405
43,53841 30,38725 24,92111
42,92806 29,73556 24,31393
42,31771 29,28416 23,55576
41,70736 29,79279 24,09459
48,21777 30,75918 25,36615
40,89355 31,45536 25,5696
38,85905 29,47807 23,90703
44,55566 32,25326 25,81755
43,13151 31,72874 25,82867
53,30404 32,3995 26,01147
42,11426 32,12611 26,49943
44,14876 32,52983 26,19426
51,67643 33,39449 26,5042
46,99707 31,5698 26,47876
45,97982 32,3391 25,98763
45,36946 32,87315 26,72672
45,36947 32,0371 25,97014
45,57291 31,94174 26,25942
47,81087 33,65517 27,64861
46,99707 32,80322 26,89044
52,69369 33,05436 27,6057
43,13151 32,5203 26,3691
44,75912 33,78868 27,8155
45,36946 33,51848 27,7265
48,62467 33,17197 26,62341
48,62468 33,93173 27,318
44,14875 32,66653 26,94448
47,40396 33,87451 28,19379
47,40397 33,2133 27,27032
44,35221 32,91449 27,23376
45,16602 33,41993 28,00147
46,79362 33,20694 27,51509
48,01433 33,98577 27,9967
43,13151 33,45808 28,0269
46,38671 34,9617 29,06958
46,59017 34,48168 27,71696
48,21777 33,61383 26,86341
51,06608 34,46579 27,91881
49,03158 33,57251 28,2685
40,69011 32,82865 27,65656
48,82813 34,08114 27,43403
46,79362 33,38814 26,83163
50,65918 34,48804 28,75169
48,01431 34,57387 29,00441
45,36946 32,68242 26,07822
46,59017 33,5598 27,4992
44,96256 34,71375 28,4958
46,99707 34,45944 28,63408
55,33854 35,05389 29,09183
46,38672 34,64063 28,42267
46,99707 34,32273 28,84864
45,16602 34,29412 28,72626
52,49024 34,76142 28,67858
47,20052 34,21147 28,06663
46,18327 33,439 28,10954
50,86263 34,17969 28,3432
52,49024 36,21419 29,74986
49,43848 35,81365 29,16972
46,99707 34,65334 27,59774
47,40397 35,22237 28,8264
53,91439 36,32545 30,07571
42,72461 34,77096 29,13952
48,01432 34,65652 29,22217
51,67643 36,75778 31,0564
56,96614 35,52755 29,55437
51,47298 35,13018 29,83729
57,5765 35,80729 28,67381
52,49024 35,88994 29,73875
45,57291 36,73553 30,59227
45,16602 35,3845 29,23012
48,01432 35,61655 29,21421
46,18327 36,11882 29,47489
45,97982 34,93627 29,16654
50,04883 36,88176 30,49215
51,26953 35,70556 29,68789
46,38672 36,50982 30,33638
