0,6103516 0,2892812 0,2257032
0,8138021 0,2861023 0,211398
0,6103516 0,2829233 0,2225242
1,017253 0,3019969 0,2225243
0,6103516 0,2924601 0,2177559
0,6103516 0,254313 0,1923244
0,6103516 0,3083549 0,2257032
0,6103516 0,2861023 0,2098085
0,6103516 0,2861023 0,2209348
0,6103516 0,2861023 0,2209348
0,6103516 0,2733865 0,2018612
0,8138021 0,2797444 0,2177558
0,4069011 0,2861023 0,2129875
0,6103516 0,2829233 0,2177559
0,6103516 0,3019969 0,214577
0,6103516 0,2765655 0,2177558
0,6103516 0,2797444 0,2082191
0,6103516 0,3051759 0,2177559
0,4069011 0,3051759 0,2257032
0,6103516 0,2765655 0,2066296
0,8138021 0,2797444 0,2082191
0,6103516 0,2924602 0,2225243
0,6103516 0,2892812 0,2018612
0,6103516 0,3051759 0,2320611
0,6103516 0,2924602 0,214577
0,6103516 0,3115338 0,2304716
0,8138021 0,301997 0,2241137
0,8138021 0,2861023 0,2193453
0,6103516 0,2829233 0,2145769
0,6103516 0,2924601 0,2177559
0,6103516 0,3083549 0,2336505
0,6103516 0,301997 0,2304716
0,6103516 0,2956391 0,2098086
0,6103516 0,2892812 0,2161664
0,6103516 0,2765655 0,2161664
0,6103516 0,3083549 0,2209348
0,6103516 0,2924602 0,2193453
0,6103516 0,3147127 0,2272927
0,6103516 0,3115338 0,2336505
0,8138021 0,3083548 0,2320611
0,6103516 0,2956391 0,2161664
0,8138021 0,3147127 0,2272927
0,6103516 0,3051759 0,2209348
0,6103516 0,2861023 0,2193453
0,6103516 0,2892812 0,211398
0,6103516 0,2956391 0,2129875
0,6103516 0,2988181 0,2225243
0,6103516 0,2861023 0,2082191
0,6103516 0,2574919 0,2066296
0,6103516 0,2670287 0,2050401
0,6103516 0,2924601 0,2336505
0,8138021 0,2892812 0,2225243
0,6103516 0,298818 0,2288821
0,6103516 0,3178917 0,2368295
0,6103516 0,3083549 0,2288821
0,4069011 0,2797444 0,2209348
0,6103516 0,2702076 0,2066296
0,6103516 0,2924602 0,2225243
0,4069011 0,254313 0,1923244
0,6103516 0,2924601 0,2257032
0,6103516 0,2829233 0,2129875
0,6103516 0,3178917 0,2384189
0,6103516 0,2861023 0,2082191
0,8138021 0,2829233 0,2098085
0,6103516 0,2829233 0,2161664
0,6103516 0,2861023 0,2129875
0,6103516 0,2892812 0,2161664
0,6103516 0,3242495 0,23524
0,6103516 0,2733865 0,2082191
0,6103516 0,2861023 0,2145769
0,6103516 0,3178917 0,2415979
0,6103516 0,2988181 0,2320611
0,6103516 0,2956391 0,211398
0,6103516 0,298818 0,2193453
0,6103516 0,3210706 0,2304716
0,6103516 0,3051759 0,2336505
0,8138021 0,2924601 0,211398
0,6103516 0,298818 0,2034507
0,6103516 0,2892812 0,2082191
0,6103516 0,2765655 0,2066296
0,4069011 0,2702076 0,2066296
0,8138021 0,2924601 0,2257032
0,8138021 0,2861023 0,2098085
0,8138021 0,3083548 0,23524
0,6103516 0,298818 0,211398
0,6103516 0,3147127 0,2320611
0,6103516 0,2829233 0,211398
0,8138021 0,3274285 0,238419
0,6103516 0,301997 0,2193454
0,6103516 0,2861023 0,2082191
0,6103516 0,2924601 0,211398
0,6103516 0,3115338 0,2288822
0,6103516 0,2861023 0,2177559
0,6103516 0,2479552 0,2034507
0,6103516 0,2797444 0,2082191
0,6103516 0,2861023 0,2177559
0,6103516 0,2797444 0,2288821
0,6103516 0,2829233 0,2145769
0,6103516 0,3242495 0,2415979
0,6103516 0,2765655 0,2018612
0,8138021 0,2892812 0,2177559
0,6103516 0,2765655 0,2161664
0,6103516 0,2670287 0,2002717
0,6103516 0,2892812 0,2018612
0,6103516 0,2956391 0,2193453
0,6103516 0,3115338 0,2415978
0,6103516 0,2702076 0,2002717
0,6103516 0,301997 0,2320611
0,6103516 0,2733865 0,2018612
0,6103516 0,2956391 0,2161664
0,6103516 0,3051759 0,2320611
0,6103516 0,2861023 0,2098085
0,6103516 0,2829233 0,2129875
0,6103516 0,3178916 0,2368295
0,6103516 0,301997 0,2336505
0,6103516 0,2861023 0,2098086
0,6103516 0,2670287 0,211398
0,6103516 0,3051759 0,232061
0,6103516 0,2861023 0,211398
0,6103516 0,301997 0,2257032
0,6103516 0,2924601 0,211398
0,6103516 0,301997 0,2241137
0,6103516 0,3051759 0,2336505
0,6103516 0,298818 0,2400084
0,6103516 0,2924602 0,2225243
0,8138021 0,3242495 0,2415979
0,6103516 0,3083549 0,2241138
0,8138021 0,2924601 0,2145769
0,6103516 0,3051759 0,2225243
0,6103516 0,2924601 0,232061
0,6103516 0,2924601 0,2193453
0,6103516 0,3274285 0,2463663
0,6103516 0,3019969 0,2225243
0,6103516 0,2892812 0,2193453
0,6103516 0,2797444 0,2082191
0,8138021 0,3274285 0,2463663
0,6103516 0,3019969 0,2288821
0,6103516 0,2892812 0,2098086
0,6103516 0,2829233 0,2082191
0,6103516 0,3083549 0,2209348
0,6103516 0,301997 0,2193454
0,6103516 0,3337863 0,2447768
0,8138021 0,3369653 0,2527241
0,6103516 0,2765655 0,2145769
0,6103516 0,2956391 0,2193453
0,6103516 0,3019969 0,2241137
0,6103516 0,2892812 0,2257032
0,8138021 0,3242495 0,2400084
0,4069011 0,2861023 0,211398
0,8138021 0,3147127 0,2320611
0,6103516 0,2956391 0,2384189
0,6103516 0,2797444 0,2161664
0,8138021 0,3178917 0,2320611
0,6103516 0,301997 0,2336505
0,6103516 0,3210706 0,2400084
0,6103516 0,3083548 0,23524
0,6103516 0,3051759 0,2288821
0,6103516 0,2956391 0,2209348
0,6103516 0,2956391 0,2257032
0,8138021 0,2956391 0,2241137
0,6103516 0,3147127 0,2368295
0,6103516 0,3051759 0,2336505
1,017253 0,3051759 0,2368294
0,6103516 0,3210706 0,23524
0,6103516 0,2924601 0,2241137
0,8138021 0,3465019 0,2495452
0,6103516 0,2797444 0,2272926
0,6103516 0,2702076 0,2098085
0,6103516 0,2892812 0,2272926
0,6103516 0,3274285 0,2527241
0,6103516 0,3274285 0,2447768
0,6103516 0,2829233 0,2272926
0,6103516 0,2924601 0,232061
0,4069011 0,2861023 0,2225243
0,4069011 0,2861023 0,2193453
0,6103516 0,2924601 0,2145769
0,6103516 0,3115338 0,23524
0,6103516 0,3083549 0,2400084
0,8138021 0,3433231 0,2479557
0,6103516 0,298818 0,2257032
0,8138021 0,3496809 0,2590819
0,6103516 0,298818 0,2241137
0,8138021 0,3274285 0,2447768
0,6103516 0,2861023 0,2161664
0,8138021 0,346502 0,2447768
0,4069011 0,2924602 0,232061
0,6103516 0,301997 0,2288821
0,8138021 0,3592176 0,2622607
0,6103516 0,3083548 0,2320611
0,6103516 0,2892812 0,2241137
0,6103516 0,2829233 0,2145769
0,6103516 0,3306074 0,2527241
0,8138021 0,346502 0,2638502
0,8138021 0,3528598 0,2670291
0,6103516 0,3306074 0,255903
0,8138021 0,3369653 0,2527241
0,6103516 0,2797444 0,2177559
0,6103516 0,3051759 0,2384189
0,6103516 0,3147127 0,23524
0,6103516 0,3178917 0,2495452
0,6103516 0,3051759 0,2431873
0,6103516 0,3083548 0,2336505
0,6103516 0,3274285 0,2479557
0,6103516 0,2924601 0,2209348
0,6103516 0,3115338 0,2336505
0,8138021 0,3083548 0,23524
1,017253 0,3051759 0,2431873
0,6103516 0,3210706 0,2463663
0,6103516 0,2924602 0,23524
0,6103516 0,3083548 0,2415978
0,6103516 0,3306074 0,2543135
0,6103516 0,3528597 0,2559029
0,6103516 0,3242495 0,2431873
0,6103516 0,3051759 0,23524
0,8138021 0,3433231 0,2574925
0,8138021 0,3433231 0,2543135
0,6103516 0,3465019 0,2606713
0,6103516 0,3592176 0,2686185
0,6103516 0,3178917 0,2400084
0,8138021 0,3147127 0,2368295
0,6103516 0,3178917 0,2463662
0,6103516 0,3083549 0,2431873
0,8138021 0,346502 0,2511346
0,6103516 0,3623964 0,2702079
0,6103516 0,3274285 0,2511346
0,8138021 0,298818 0,2257032
0,8138021 0,3051759 0,2336505
0,8138021 0,3242495 0,2336506
0,6103516 0,2988181 0,2320611
0,8138021 0,3401442 0,255903
0,8138021 0,3496809 0,2606713
0,6103516 0,3592175 0,2717974
0,6103516 0,3337863 0,2479557
0,8138021 0,346502 0,255903
0,8138021 0,3210706 0,2511346
0,6103516 0,3242495 0,238419
0,6103516 0,3051759 0,2415978
0,6103516 0,3178917 0,2479557
0,6103516 0,301997 0,2368294
0,6103516 0,3433231 0,2638502
0,6103516 0,3051759 0,2384189
0,6103516 0,3401441 0,2511346
0,8138021 0,3115338 0,2463662
0,6103516 0,3210706 0,2447768
0,8138021 0,3242495 0,23524
0,6103516 0,3401442 0,2590819
0,4069011 0,3051759 0,23524
0,6103516 0,2829233 0,2272926
0,6103516 0,3242495 0,2431873
0,8138021 0,2892812 0,2193453
0,6103516 0,3051759 0,2304716
0,6103516 0,3178917 0,2431873
0,6103516 0,3210706 0,2415979
1,220703 0,3178916 0,2336505
0,6103516 0,3337863 0,2590819
0,8138021 0,3433231 0,2638502
0,6103516 0,3337863 0,2511347
0,6103516 0,3306074 0,2400084
0,6103516 0,3178916 0,2511346
0,6103516 0,3655753 0,2717973
0,6103516 0,3337863 0,2590819
0,6103516 0,3369652 0,2638502
0,6103516 0,3306074 0,2574925
0,6103516 0,3369653 0,2574925
0,6103516 0,3337863 0,2479557
0,6103516 0,3115338 0,23524
0,6103516 0,3115338 0,2431873
0,6103516 0,3306074 0,2527241
0,8138021 0,3147127 0,2400084
0,6103516 0,3178917 0,2400084
0,6103516 0,3210706 0,2511346
0,8138021 0,3433231 0,2590819
0,6103516 0,3115338 0,2415978
0,8138021 0,3369653 0,255903
0,8138021 0,3560386 0,2749763
0,6103516 0,3433231 0,2543135
0,8138021 0,3178916 0,2447768
0,8138021 0,3623965 0,2733869
0,6103516 0,301997 0,2304716
0,6103516 0,343323 0,2543135
0,6103516 0,3178917 0,2336506
0,8138021 0,3401442 0,2606713
0,6103516 0,3115338 0,2368295
0,6103516 0,3051759 0,2336505
0,6103516 0,3210706 0,2368295
0,6103516 0,3210706 0,2463662
0,6103516 0,3115338 0,2336505
0,6103516 0,3337863 0,2479557
0,6103516 0,3401442 0,2511347
0,6103516 0,3401442 0,2431873
0,6103516 0,3210706 0,2368295
0,6103516 0,3147127 0,2431873
0,6103516 0,3528597 0,267029
0,6103516 0,301997 0,2384189
0,6103516 0,3242495 0,2431873
0,6103516 0,3306074 0,2479557
0,6103516 0,3337863 0,2479557
0,6103516 0,3147127 0,2272927
0,6103516 0,3369652 0,255903
0,4069011 0,2988181 0,23524
0,6103516 0,2861023 0,2209348
0,6103516 0,3083549 0,23524
0,6103516 0,3210706 0,2447768
0,6103516 0,3496809 0,2622607
0,6103516 0,3210706 0,2447768
0,6103516 0,3306074 0,2447768
0,6103516 0,3147127 0,2479557
0,6103516 0,3496808 0,2574924
0,6103516 0,3147127 0,2400084
1,017253 0,3496809 0,2606713
0,6103516 0,3528598 0,2559029
0,8138021 0,3178916 0,23524
0,6103516 0,3242495 0,2447768
0,6103516 0,3147127 0,2431873
0,6103516 0,3210706 0,2447768
0,6103516 0,2892812 0,2288821
0,6103516 0,3274285 0,2527241
0,8138021 0,3115338 0,2384189
0,8138021 0,346502 0,255903
0,8138021 0,3178916 0,2400084
0,6103516 0,301997 0,2288821
1,017253 0,3210706 0,2543135
0,8138021 0,3369653 0,2511347
0,6103516 0,3083549 0,2400084
1,017253 0,2892812 0,2272926
0,6103516 0,3496809 0,2654396
0,6103516 0,3369652 0,255903
0,6103516 0,3147127 0,2431873
0,8138021 0,3782909 0,2765656
0,6103516 0,3306074 0,2463663
0,6103516 0,3147127 0,2384189
0,6103516 0,3623964 0,2765657
0,8138021 0,2956391 0,2288821
1,017253 0,3369652 0,2479557
0,8138021 0,3242495 0,2463663
0,6103516 0,3560386 0,2559029
0,6103516 0,3083549 0,2431873
0,6103516 0,3274285 0,255903
0,6103516 0,2956391 0,2257032
0,8138021 0,298818 0,2336505
0,8138021 0,3210706 0,2431873
0,6103516 0,2956391 0,2209348
0,6103516 0,3401442 0,2590819
0,6103516 0,298818 0,2272927
0,6103516 0,2924601 0,2336505
0,6103516 0,3401442 0,2511346
1,017253 0,346502 0,2606713
0,6103516 0,3496809 0,2686186
0,6103516 0,3178917 0,2479557
0,8138021 0,2892812 0,232061
0,8138021 0,3401442 0,2543136
1,017253 0,3274285 0,2511346
0,6103516 0,3306074 0,2463663
0,8138021 0,2892812 0,2257032
0,6103516 0,3147127 0,2415978
0,6103516 0,3147127 0,2368295
0,6103516 0,3178917 0,2384189
0,8138021 0,3496809 0,270208
0,6103516 0,3242495 0,2336506
0,6103516 0,2861023 0,2304716
0,6103516 0,3274285 0,2447768
0,6103516 0,3178917 0,2431873
0,8138021 0,3369653 0,2574925
0,6103516 0,2956391 0,2336505
0,8138021 0,3369653 0,2527241
0,6103516 0,3337863 0,2463663
0,8138021 0,3687542 0,2702079
0,6103516 0,3210706 0,2511346
0,6103516 0,3337863 0,2495452
0,6103516 0,3147127 0,2431873
0,6103516 0,3496808 0,2574924
0,8138021 0,3560387 0,2638502
0,6103516 0,3655753 0,267029
0,6103516 0,298818 0,2304716
0,8138021 0,3814699 0,281334
0,6103516 0,3306074 0,2590819
0,6103516 0,3369652 0,255903
0,6103516 0,3496808 0,2670291
0,8138021 0,3751121 0,2749762
0,6103516 0,3210706 0,255903
0,6103516 0,3210706 0,2479557
0,8138021 0,3401442 0,2606713
0,6103516 0,3147127 0,2384189
0,8138021 0,3337863 0,2574925
0,6103516 0,3115338 0,2447768
0,6103516 0,3274285 0,2527241
0,6103516 0,3496808 0,267029
0,6103516 0,2924602 0,2257032
0,6103516 0,298818 0,2241137
0,6103516 0,3465019 0,2559029
0,6103516 0,3401441 0,2638502
0,6103516 0,3178917 0,2479557
0,6103516 0,3306074 0,2527241
0,6103516 0,298818 0,2336505
0,6103516 0,3623964 0,2654396
0,6103516 0,3051759 0,2336505
0,6103516 0,3083549 0,2431873
0,6103516 0,3306074 0,2511347
0,8138021 0,378291 0,281334
0,8138021 0,3623964 0,2733868
0,6103516 0,3592175 0,2733868
0,6103516 0,3274285 0,2543136
0,8138021 0,3496809 0,2622607
0,6103516 0,3465019 0,2622607
0,8138021 0,3147127 0,2447768
0,8138021 0,3496809 0,2670291
0,8138021 0,3369653 0,255903
0,6103516 0,3560386 0,267029
0,8138021 0,3623964 0,2733868
0,8138021 0,3433231 0,2654397
0,8138021 0,3465019 0,2670291
0,8138021 0,3814698 0,2781551
0,8138021 0,3751121 0,2749762
0,4069011 0,301997 0,2384189
0,6103516 0,375112 0,2797445
0,8138021 0,3814698 0,281334
0,6103516 0,3528597 0,2622607
0,8138021 0,346502 0,2670291
0,6103516 0,3623964 0,2654396
0,6103516 0,3687543 0,2749763
0,8138021 0,3306074 0,2590819
0,6103516 0,3687542 0,2765657
0,6103516 0,4164377 0,3035861
0,8138021 0,4069011 0,2956389
0,6103516 0,3369652 0,2622608
0,8138021 0,3687543 0,2861024
0,6103516 0,3655753 0,2781551
1,017253 0,4164377 0,3004072
0,6103516 0,3941854 0,2908706
0,6103516 0,3910065 0,2876917
0,8138021 0,4355112 0,3147122
1,220703 0,3973644 0,2940495
0,8138021 0,4259745 0,3131228
0,6103516 0,4164377 0,306765
0,8138021 0,3846487 0,2924601
0,8138021 0,4227955 0,3083544
0,8138021 0,4037222 0,3019967
0,6103516 0,3941854 0,2940495
0,8138021 0,4005432 0,2988178
0,8138021 0,4450478 0,3385537
0,6103516 0,3878276 0,2924601
0,8138021 0,4545845 0,3353748
0,8138021 0,473658 0,3496799
0,8138021 0,4355111 0,3163016
0,6103516 0,4418689 0,3417327
0,8138021 0,4673001 0,3512694
0,8138021 0,4768369 0,3671641
1,220703 0,5181627 0,4037219
1,017253 0,4927314 0,3894167
0,8138021 0,4990892 0,3830588
0,8138021 0,5785626 0,4434587
1,017253 0,55631 0,4450482
1,017253 0,5785626 0,4561745
1,220703 0,5944572 0,448227
1,424154 0,6230675 0,4927322
1,424154 0,6834667 0,5102162
1,424154 0,7279714 0,5547209
1,627604 0,8233389 0,6357822
2,848307 0,9155269 0,6945919
2,644857 1,147588 0,8567175
3,051758 1,211167 0,8900964
3,86556 1,535415 1,130104
6,917317 1,939138 1,370113
11,18978 2,374648 1,675287
18,31056 3,36647 2,293586
12,20703 4,123053 2,800624
26,44855 5,671183 3,700257
17,90366 7,095338 4,768373
29,5003 10,01358 6,570818
31,1279 11,92093 8,268357
37,63831 15,43045 10,58578
54,52478 19,79828 14,35598
36,4176 22,48446 16,82441
41,70731 24,38227 17,72562
43,53838 27,23374 20,60412
59,40764 31,11201 22,83254
58,39038 32,51073 24,99102
52,28682 33,43262 26,09569
54,5248 36,25867 28,19854
61,84907 39,93032 31,72078
62,86633 41,23368 33,04957
69,78369 44,93394 35,44648
65,71466 46,59969 36,82135
61,64561 44,99433 35,83907
60,83181 46,52341 37,09315
72,42857 49,21916 38,4903
72,83548 48,85358 39,12765
73,44583 52,9258 42,45283
72,63202 51,11699 42,13175
69,3768 52,44896 42,46873
69,98715 52,49664 43,04251
72,83547 52,20417 43,30794
82,80452 53,89536 44,35541
74,87 55,67239 47,01618
78,32867 56,37811 45,77957
72,02168 56,08249 47,35316
77,71833 57,47165 48,02388
74,66655 56,91537 46,12132
86,05968 57,88811 48,03026
75,27692 58,6002 48,69783
72,02167 58,4031 49,34156
72,83549 57,89447 49,54977
78,93903 61,76959 52,17399
92,57 63,9567 52,88924
85,2459 62,09385 51,82747
79,54936 60,03389 50,90241
81,78728 61,36588 52,03093
87,07692 62,14154 51,35384
89,31483 63,56888 53,85246
86,87347 62,95852 53,49642
84,63556 63,07296 52,81931
87,89071 63,22874 53,61722
83,82177 64,98032 54,21644
85,85622 65,46669 54,56136
81,58385 63,81047 54,44374
88,29761 67,13563 55,27185
88,7045 68,57887 57,90877
88,50106 69,67243 58,12336
86,26312 66,0993 56,41308
90,12864 67,82228 57,24597
90,12864 69,09386 59,35518
89,51829 67,87313 56,54342
91,75621 69,15424 58,03433
87,68726 69,67559 58,24414
87,07692 69,1193 59,5507
95,82515 68,17516 57,7403
86,87347 69,83454 58,57954
101,9286 70,52435 59,66192
87,07692 72,21874 60,58068
91,75621 69,49123 60,26915
88,50105 69,07796 59,39333
86,67001 71,96127 62,74713
94,80791 74,3073 62,69785
96,63895 74,11655 62,96009
96,4355 73,04525 62,80432
109,4561 76,97121 65,14243
102,5389 77,95348 65,19168
110,2699 76,57065 65,69556
98,87688 77,0062 65,49371
94,40102 77,38766 66,8813
107,0148 81,5202 69,75502
103,9631 81,4662 70,18578
112,3044 83,94252 71,72276
104,1665 83,18279 71,37468
105,5906 83,55151 71,28726
99,69066 84,82943 72,53658
101,1148 85,64323 73,25024
114,5423 86,2949 73,9146
104,5734 87,12459 75,37692
111,8975 88,99059 76,56741
111,6941 89,51827 76,41957
115,9665 92,144 79,5953
114,5423 86,55877 75,65668
104,1665 89,87115 78,32376
109,863 88,10686 74,38988
114,3389 90,92334 77,94707
109,4561 93,21531 81,47246
108,8458 88,65681 76,98385
114,5423 92,03914 77,79447
108,6424 92,97054 78,73222
116,1699 92,22669 81,17366
115,763 91,88337 80,12778
118,4078 95,6567 83,61505
110,6768 93,49506 81,30241
117,1871 97,69749 83,94085
117,1871 93,7144 78,15685
114,7458 92,5573 80,16595
110,6768 94,85875 82,02874
115,9665 95,4119 81,83803
123,6975 94,63625 81,38343
116,3733 96,52449 86,28056
113,932 93,63177 82,81082
113,7285 96,67074 82,63116
110,0665 95,53589 83,26537
120,4423 95,5136 83,8964
