0,8138021 0,4291536 0,3115342
0,8138021 0,4243854 0,312329
0,8138021 0,443459 0,3210713
0,8138021 0,4720694 0,3512713
1,220703 0,4800167 0,3647815
0,8138021 0,4545852 0,3417346
1,017253 0,4736588 0,3727286
1,017253 0,4736588 0,3703444
0,8138021 0,5181636 0,4124644
1,017253 0,519753 0,4076961
1,017253 0,5245214 0,4235904
1,017253 0,5388262 0,4315375
1,017253 0,5706149 0,4482265
1,220703 0,61353 0,4768364
1,017253 0,6055826 0,4911411
1,017253 0,6643931 0,5141881
1,220703 0,7184346 0,5602833
1,424154 0,7247924 0,574589
2,034505 0,7804232 0,6198893
1,424154 0,8106231 0,6262472
1,831055 0,8757917 0,6707521
2,034505 0,9202969 0,7001573
1,627604 0,99818 0,7534034
2,034505 1,041095 0,7748604
2,034505 1,099903 0,8209538
2,644857 1,141228 0,8463845
2,441406 1,192092 0,8821476
3,255208 1,330377 0,9822844
2,441406 1,378061 1,018842
3,458659 1,576741 1,134079
3,66211 1,672107 1,241366
3,66211 1,762707 1,276333
5,696614 1,913706 1,386801
4,27246 2,031327 1,51078
5,086263 2,168018 1,624425
4,882813 2,423923 1,80006
5,493164 2,571744 1,917681
7,934568 2,822875 2,074241
8,74837 2,973875 2,239544
6,917316 3,10898 2,350014
8,951819 3,304481 2,447762
11,39323 3,709793 2,717178
9,969071 4,054707 2,992948
9,15527 4,444119 3,271101
12,81738 4,820824 3,518263
12,81738 5,353292 3,921192
13,42774 5,753837 4,127024
13,63119 6,364185 4,671415
14,03809 7,263817 5,248387
14,64844 8,085571 5,969203
17,49676 9,147327 6,889507
13,83464 10,07239 8,17299
14,64844 10,76063 8,873144
15,05534 11,47748 9,648004
17,2933 12,24359 10,40776
