0,8138021 0,4053115 0,3019972
0,8138021 0,4402801 0,321866
0,8138021 0,4482274 0,3353768
0,8138021 0,4450485 0,3306083
0,8138021 0,4800167 0,3536556
1,220703 0,4625325 0,346503
1,017253 0,4943219 0,377497
1,017253 0,4831957 0,3790863
0,8138021 0,4959114 0,3933913
1,017253 0,5086269 0,4053119
1,017253 0,519753 0,4204115
1,017253 0,5467734 0,4251799
1,220703 0,5515417 0,4410741
1,220703 0,5578995 0,4402794
1,017253 0,5896881 0,4672997
1,424154 0,5944564 0,4760415
1,220703 0,6818772 0,5245194
1,220703 0,7057188 0,5475674
1,220703 0,7041296 0,5571045
1,424154 0,7549919 0,5952522
1,424154 0,813802 0,6413472
1,627604 0,8185705 0,6357841
1,627604 0,8773811 0,6937992
2,034505 0,9361916 0,7192309
2,237956 1,060168 0,8066496
2,644857 1,069704 0,8161859
1,831055 1,056989 0,8114173
2,644857 1,123744 0,8527423
2,237956 1,19686 0,8916842
2,644857 1,266798 0,9401632
2,441406 1,266798 0,9481111
2,644857 1,29223 0,9671847
2,237956 1,35104 1,037916
3,051758 1,436871 1,053016
3,662109 1,484554 1,086395
3,458659 1,600583 1,165074
3,458659 1,713433 1,295407
4,27246 1,813571 1,351038
3,86556 2,031326 1,496474
5,900065 2,271333 1,640319
5,900065 2,442995 1,789728
6,510416 2,584459 1,935164
6,713866 2,972283 2,242723
5,696614 3,182094 2,35796
7,324217 3,406207 2,49227
9,155275 3,670058 2,721152
11,59668 4,192988 3,062088
9,562175 4,293124 3,068449
11,39323 4,65711 3,390311
9,155274 4,846256 3,532568
10,57943 5,149841 3,743967
11,80013 5,702973 4,235902
11,39323 6,047885 4,499753
13,02083 6,628036 4,902681
13,42774 7,206599 5,427203
13,63119 7,812181 6,000996
15,86915 8,420942 6,471473
16,27605 9,206134 6,87758
19,53126 9,376208 7,021429
20,14161 10,08669 7,601577
19,53126 10,47452 7,942514
18,71746 10,64778 8,195245
17,49676 11,17071 8,746787
18,92091 11,57919 8,904928
19,53126 11,74291 9,262562
18,10711 11,76357 9,176728
20,14161 12,28014 9,508924
16,4795 12,24041 9,449325
18,92091 12,45976 9,694104
18,71746 12,72519 10,04378
22,58301 13,08918 10,45624
24,61751 13,64072 10,87507
20,14161 13,52787 10,66684
19,12436 13,66933 10,89652
19,93816 13,82987 11,26131
27,26235 14,09372 11,0364
25,63476 14,99971 11,93126
26,652 15,4082 12,19114
24,41406 15,17296 12,0465
23,80371 16,39207 13,11859
28,6865 16,92613 13,7329
24,61751 17,066 13,54615
29,70375 17,59371 14,19862
29,0934 18,3185 14,62222
32,7555 18,75877 15,23733
29,5003 19,48357 15,75549
29,5003 20,03511 16,24584
28,6865 20,54691 16,71155
29,9072 20,67883 16,61141
28,48305 20,89023 17,23925
28,07615 20,77262 17,23132
28,07615 21,05395 17,47211
29,9072 21,34006 17,62788
30,3141 21,9043 18,20803
30,3141 21,18588 17,37118
32,7555 22,78169 18,92566
30,721 22,2381 18,70076
33,36584 22,31438 18,72856
31,73825 22,33028 18,80328
30,721 22,78487 19,21415
30,51755 22,46697 18,93678
33,77275 22,70063 19,13706
32,7555 23,1409 19,34608
31,1279 22,99627 19,29443
30,721 23,61456 19,57257
29,5003 23,0217 19,46529
30,92445 23,76715 19,70371
32,7555 22,99945 20,06054
32,55205 23,06302 19,64887
32,95895 23,23628 19,33734
30,92445 22,76739 19,26503
29,70375 22,98831 19,08142
32,14515 23,46196 19,90397
33,77275 22,94063 19,509
30,51755 23,81007 20,36413
31,1279 23,67973 20,69792
31,9417 23,90861 20,27433
31,33135 23,23151 19,83881
34,99345 24,06756 20,61606
34,58654 23,96901 21,00785
35,80724 23,80053 20,55963
31,73825 24,26306 20,8656
32,55205 24,04531 20,27352
33,9762 23,94994 20,55008
29,70375 23,85298 20,04544
32,7555 23,8641 20,64944
31,9417 24,17882 20,50797
32,55205 23,91656 20,34028
32,7555 24,43949 20,88944
36,01069 24,55233 21,13023
34,58654 24,35366 20,24809
34,78999 24,25193 20,76545
33,1624 23,85457 20,1122
30,92445 24,01034 20,20676
34,17965 24,01351 20,53738
34,99345 24,46333 20,3975
34,17965 24,70651 20,5636
32,95895 24,27577 20,93156
29,9072 24,07074 20,52387
32,3486 24,27896 21,02853
32,7555 24,18359 20,57552
31,73825 24,20108 20,59063
33,9762 24,70493 20,62559
32,3486 24,21696 20,70108
33,9762 24,09775 20,24809
34,58654 23,90703 20,63195
33,1624 24,51738 21,12626
32,95895 24,80984 21,16044
33,77275 24,91632 21,03725
39,26589 24,47128 20,88865
35,1969 24,32664 21,08495
33,77275 24,21379 20,7138
30,92445 24,32346 20,46743
40,28315 24,49194 20,78612
31,5348 24,03419 20,233
31,73825 24,31392 20,94984
32,7555 24,80664 21,40998
33,36584 24,63976 20,7273
31,73825 24,15974 20,70745
30,3141 24,3473 20,67566
33,77275 23,84185 20,34028
32,14515 24,3012 20,58347
34,58654 24,36478 20,49048
33,77275 24,35525 20,40943
33,36584 24,55075 21,39091
30,51755 24,74784 21,4235
33,5693 24,23921 20,36729
32,7555 24,38227 21,19144
36,01069 24,48876 20,8068
32,55205 24,70175 21,16362
33,1624 25,21037 20,96732
34,78999 25,10865 21,50933
29,70375 24,31075 20,99514
33,5693 24,66678 20,67327
35,1969 24,77009 20,92758
34,58654 24,61592 20,51433
32,14515 24,26147 20,87672
32,55205 25,04348 21,63171
33,5693 24,50943 20,60969
34,78999 24,66201 21,28998
32,7555 24,63182 20,82268
30,3141 24,51101 21,13341
32,55205 24,58731 21,01342
32,3486 24,77327 21,18985
34,38309 24,59048 21,15169
31,9417 24,95765 21,70245
32,95895 24,56029 20,74877
36,41759 25,11342 20,7289
33,36584 24,65883 21,20892
35,1969 24,54122 21,11355
32,3486 25,03712 21,18825
35,1969 24,86705 20,97606
31,5348 24,75102 21,03169
33,9762 24,53008 20,85923
33,1624 24,81301 21,08335
33,1624 24,42996 20,98482
33,5693 24,47763 20,37207
32,55205 24,61751 21,1954
33,5693 24,54599 21,08812
32,55205 24,86706 20,51671
33,77275 24,87818 21,07462
33,36584 24,9958 21,26455
32,95895 25,00851 21,68575
33,77275 24,98308 21,27488
36,41759 25,32483 21,41476
35,40034 24,88612 20,96811
35,1969 25,03078 21,00865
38,85899 25,00693 21,37662
34,17965 25,01965 21,58403
33,5693 24,80665 21,01262
37,84174 24,7542 20,96414
34,38309 25,12295 21,61105
38,24864 25,27872 21,0452
33,5693 24,57936 20,5644
33,9762 25,21196 21,52283
33,36584 24,71446 20,86718
34,17965 25,14998 21,36309
33,36584 25,38838 21,54827
32,55205 24,90996 21,61979
33,36584 25,45992 21,9202
38,24864 25,12454 21,43701
33,36584 25,88272 21,681
33,1624 24,82573 20,92997
31,73825 24,68267 21,44575
30,92445 24,75102 20,91726
34,38309 25,47422 21,32972
34,78999 24,91792 21,37185
33,1624 26,00351 22,21107
34,17965 24,91792 20,87594
32,3486 25,37091 21,53476
31,33135 24,53327 21,74695
32,55205 24,8448 21,32336
38,04519 24,60798 20,77022
31,73825 25,04985 20,95541
37,02794 25,11501 21,68576
36,21414 25,01645 21,51567
35,80724 24,875 20,8354
35,1969 25,56323 22,05927
35,1969 25,2358 21,3639
33,9762 24,82413 20,99592
33,5693 25,28031 21,51488
31,73825 25,01645 21,015
32,55205 25,13408 22,10776
31,9417 25,27078 21,39091
32,7555 25,15633 21,2717
33,5693 25,44403 22,08313
31,1279 25,05302 21,67224
35,60379 24,74307 20,70426
33,5693 25,28031 21,7239
31,33135 24,89567 21,71835
32,7555 24,92109 20,97607
33,5693 25,66178 22,37399
35,60379 25,6586 21,89239
33,36584 25,24056 21,45051
33,1624 24,90998 21,49741
33,77275 25,41541 21,3774
34,58654 25,33435 22,01556
31,73825 25,26918 21,65318
32,3486 24,95289 21,35753
36,41759 25,47105 22,04895
34,99345 25,49012 21,52998
34,17965 24,64293 20,72651
32,7555 24,95608 21,6206
33,5693 24,76055 21,53873
34,58654 25,21038 21,05395
36,41759 24,86387 21,26693
35,60379 25,04189 20,93951
33,9762 25,25329 21,86457
33,5693 25,23104 21,42668
34,38309 24,94653 21,34641
33,9762 24,99739 21,22163
35,1969 25,48536 21,54986
33,36584 25,82708 21,09528
35,1969 25,34706 22,22299
35,40034 25,48536 22,07518
35,80724 25,43608 20,75831
40,0797 25,08958 21,18905
31,9417 24,44585 20,59539
34,17965 25,18335 21,02772
34,17965 25,13884 21,28124
32,55205 25,16906 21,40443
38,04519 25,66178 22,041
32,3486 25,00851 21,47356
34,99345 25,60773 21,22402
32,14515 25,70469 21,61026
33,77275 25,59025 21,4839
34,58654 25,39953 21,59676
35,60379 24,75102 20,80759
35,60379 25,76033 21,90986
33,77275 25,09277 21,46801
31,9417 25,63634 21,43859
31,73825 25,25805 21,38455
38,04519 25,61251 21,64762
32,14515 25,80006 22,33028
34,58654 25,4631 21,81688
33,5693 25,719 22,00841
33,36584 25,79847 22,17928
33,9762 25,45197 21,78431
34,58654 25,34389 21,58403
35,40034 25,7047 21,85663
33,77275 25,40747 21,01421
33,9762 25,63635 21,92736
33,9762 25,97013 22,15067
34,58654 25,56323 21,45052
31,1279 24,84639 21,22878
34,17965 25,52827 21,4084
34,58654 25,8843 22,00285
33,36584 26,07186 22,60048
33,9762 25,8239 21,77079
33,9762 25,3741 21,61343
36,01069 25,45833 22,15624
34,58654 25,66654 22,19278
32,55205 25,44243 21,37342
32,95895 26,05756 22,42724
32,55205 25,35978 21,73263
35,80724 25,66337 20,86639
34,17965 25,72536 21,76284
38,85899 25,08163 21,35673
33,36584 25,78098 22,23571
31,33135 25,43449 22,74673
33,5693 25,27871 22,05531
34,17965 25,84616 21,99491
35,60379 25,66973 21,86616
36,41759 25,56482 21,70086
35,1969 25,82073 22,2977
33,9762 26,03054 21,22402
32,7555 25,75555 22,45822
33,5693 26,29915 22,69825
33,36584 25,72059 22,11332
34,38309 25,3407 21,70879
34,78999 25,9447 22,33107
35,60379 25,83661 22,39783
32,3486 25,23421 21,52284
37,02794 25,36455 21,15647
32,14515 26,02894 22,31995
33,9762 25,98603 22,35571
37,23139 25,60297 21,57449
34,99345 25,71741 22,24049
39,06244 25,77145 22,3279
33,9762 25,77781 22,11889
36,82449 25,71265 21,70959
32,95895 25,87159 22,00126
32,55205 25,98126 22,16896
36,82449 25,67131 21,65714
34,99345 25,8096 21,95993
36,21414 26,2022 22,13081
33,5693 26,01623 22,59096
33,5693 25,61092 22,16656
33,77275 25,89702 21,80815
33,77275 25,58072 21,89318
38,45209 26,18152 22,56393
34,78999 25,88431 21,88206
35,1969 25,76192 22,41849
36,62104 26,0814 22,25399
34,17965 25,7047 22,29214
34,99345 25,73807 21,71596
37,84174 26,03213 22,38273
34,38309 26,0798 22,84208
33,36584 25,79052 22,33585
32,55205 25,52668 21,28442
35,60379 26,34365 22,0267
34,38309 25,80641 22,13477
33,9762 25,24375 20,93871
37,63829 26,23557 22,51465
35,80724 26,00193 22,07835
33,9762 25,99874 22,78567
35,80724 26,00351 22,80076
31,5348 25,3407 21,60071
33,9762 25,59502 21,31223
36,41759 25,57277 21,44575
31,33135 25,48059 21,79067
33,77275 26,323 22,44631
31,73825 25,66336 21,80258
33,36584 25,67768 22,03068
34,99345 25,66495 21,59595
35,1969 26,19106 22,00206
32,14515 25,74284 21,98934
34,38309 25,88431 22,00523
34,38309 26,172 22,23253
35,1969 26,11636 22,48128
37,02794 25,85093 22,21822
36,82449 25,87636 21,93053
35,80724 25,2819 21,77238
33,9762 25,90974 22,36684
39,26589 26,04325 21,96153
36,21414 26,24194 22,83335
32,3486 25,78735 22,19518
34,17965 26,11477 22,40737
34,38309 25,91132 22,49559
29,9072 24,74307 20,90692
33,1624 25,75556 22,65294
35,1969 26,46286 21,95279
33,77275 26,32617 22,68712
39,46935 25,89861 21,9806
37,63829 26,25465 22,40579
33,5693 26,22445 22,83176
33,77275 26,0798 22,66565
34,99345 25,60615 21,94484
35,60379 26,09252 22,44392
33,36584 25,80484 22,11015
36,62104 26,45174 22,72606
37,84174 25,72695 22,54963
36,21414 26,21968 22,8246
32,3486 26,08299 22,43995
34,58654 26,07981 22,06723
36,62104 25,94788 21,93372
35,1969 26,68539 22,84287
35,40034 25,9892 21,99808
33,77275 26,32458 22,72129
35,1969 26,05596 22,17054
36,62104 26,20856 22,05612
34,17965 26,25624 22,69428
32,95895 25,91291 22,43677
36,01069 26,22285 22,46856
36,01069 26,38022 22,91759
35,60379 25,84297 22,95811
32,7555 25,64111 21,90988
36,21414 25,93357 21,7851
37,02794 26,00512 22,21902
33,1624 25,46787 21,72311
34,78999 26,6536 22,72527
31,9417 25,74125 22,50592
32,3486 25,95583 22,79441
35,40034 26,00987 21,99331
33,5693 26,021 22,23412
34,78999 25,57117 21,25104
33,36584 26,01781 22,20472
36,41759 26,34047 22,16895
34,99345 26,29439 22,82064
33,1624 25,67766 21,90113
32,14515 26,51054 22,38352
36,62104 25,9129 21,89715
33,9762 25,93835 22,37955
35,1969 26,15928 22,55439
35,1969 25,18653 21,70801
32,55205 25,84615 22,16894
32,95895 26,01464 21,97504
33,36584 26,26896 22,07438
33,36584 25,58866 22,07359
33,1624 26,37066 22,7801
36,01069 26,15928 22,50115
33,9762 26,05756 22,1181
34,3831 25,72377 22,20949
35,1969 25,78893 22,24365
33,9762 26,03213 22,2214
35,1969 25,84139 21,45529
36,41759 26,15452 22,33823
34,58654 25,73488 22,31279
37,23139 26,68698 22,91042
32,95895 26,38022 22,6307
37,23139 26,32618 22,55042
35,1969 25,92723 21,6913
33,77275 26,12272 22,37796
32,3486 26,22286 22,68711
33,1624 25,60298 21,82642
35,80724 25,92722 21,7223
36,21414 26,24352 22,09424
34,78999 26,14656 22,38114
36,41759 26,17358 23,07495
31,5348 25,77623 22,09028
34,99345 26,43744 22,78884
32,55205 25,81754 22,16736
39,67279 26,33888 22,59651
34,38309 26,1863 22,09107
33,36584 26,15293 22,19518
33,36584 26,26418 22,36287
34,58654 26,0051 21,88683
34,78999 25,68085 21,80019
36,41759 26,20856 22,2079
33,5693 25,92722 22,22458
37,84174 26,31663 22,82699
34,58654 25,95265 22,25001
32,95895 26,14816 22,494
38,45209 26,36433 22,33346
45,166 26,5646 22,83017
33,36584 25,6888 22,17691
33,9762 25,41542 21,7406
32,95895 25,80959 21,92735
35,60379 25,32004 21,68179
33,77275 26,35319 22,67202
34,99345 26,61228 22,82301
33,36584 25,92881 22,31041
33,1624 26,33412 22,74512
31,9417 25,60456 22,06802
35,60379 26,12113 22,11571
32,7555 26,31028 22,18325
36,41759 25,98285 22,23173
35,40034 25,71423 22,22696
34,17965 25,719 22,11968
34,17965 25,73807 21,77318
35,80724 25,86365 22,16498
36,01069 25,99397 22,69824
33,77275 25,95106 22,21743
36,82449 26,5948 22,9756
33,1624 25,75397 21,58959
37,23139 25,79212 22,02828
35,40034 26,021 22,03067
37,02794 26,25306 22,91998
37,84174 26,55505 22,84129
36,01069 25,93676 21,8296
35,40034 26,87294 23,02964
