0,8138021 0,4212064 0,3107395
1,017253 0,4577641 0,3361715
0,8138021 0,4514063 0,3361716
0,8138021 0,4577641 0,3401453
1,017253 0,4704799 0,3504766
0,8138021 0,4720694 0,3695497
1,017253 0,4784272 0,3647815
1,017253 0,4990903 0,3870335
1,017253 0,4943219 0,3918017
1,017253 0,5102164 0,4045173
1,017253 0,5149847 0,4013385
1,017253 0,5229318 0,4180273
1,017253 0,5594889 0,4315376
1,017253 0,5340579 0,4315375
1,017253 0,5801515 0,4704784
1,017253 0,6039932 0,4688892
1,220703 0,6167088 0,4823994
1,627604 0,6930032 0,528493
1,424154 0,720024 0,5467724
1,627604 0,8122125 0,6270418
2,034505 0,8233387 0,6572415
2,441406 0,8789704 0,682673
2,034505 0,9409602 0,7168466
1,831055 0,9775174 0,7557879
1,831055 0,9981801 0,777245
2,644857 1,060168 0,8090335
2,237956 1,126924 0,8559214
2,237956 1,10785 0,8757892
3,86556 1,193682 0,9067842
4,069011 1,273156 0,9282423
5,289714 1,327198 0,9783109
4,069011 1,346272 0,9838742
4,272461 1,406672 1,049042
3,458659 1,398724 1,021227
4,272461 1,540185 1,122952
4,06901 1,564026 1,153154
4,272461 1,632372 1,183353
6,510416 1,710255 1,262028
7,324217 1,821517 1,290639
6,510416 1,924833 1,352628
6,713866 1,955032 1,368522
9,35872 2,236368 1,560053
8,748374 2,481141 1,701514
11,18978 2,915065 1,93437
9,562171 3,123285 2,10762
9,358725 3,576279 2,481143
10,57943 3,902117 2,730688
10,57943 4,192988 3,039044
9,358726 4,359879 3,079572
10,37597 4,824003 3,426075
10,78288 5,378721 3,841717
10,98633 5,817413 4,198552
10,37597 6,065369 4,387697
11,39323 6,461144 4,715127
11,80013 6,705922 4,908245
11,59668 7,16845 5,316733
12,41048 7,297198 5,589325
12,00358 7,58012 5,899271
15,05534 7,96318 6,129742
16,27604 8,336703 6,646313
26,04167 8,854868 7,034141
15,05534 9,115541 7,08421
16,47949 9,382569 7,429122
14,85188 9,725888 7,879735
16,47949 10,22657 8,376436
21,15885 10,56036 8,67526
15,86914 10,74315 8,823082
16,0726 11,19614 9,26018
16,68295 11,65549 9,694899
16,88639 11,64595 9,567739
16,88639 12,25948 10,11133
16,68294 12,41525 10,43558
19,93814 12,6632 10,48009
17,49676 13,22905 11,18819
20,75195 13,83782 11,77629
18,10711 13,92841 11,82557
18,92091 14,37346 12,35723
21,97265 14,77083 12,65684
22,1761 14,88527 13,26401
18,51401 15,138 13,37926
20,54851 15,54807 13,7488
21,15886 15,45271 13,83861
21,15886 16,02491 14,45453
20,75196 16,40002 14,4744
21,15886 16,40002 14,70962
22,98991 16,47791 14,48155
22,17611 16,76083 14,89639
22,98991 16,89753 14,81057
22,78646 16,89276 15,05931
20,75196 17,10097 15,37323
21,97266 17,2472 15,27548
22,58301 17,30125 15,56238
21,36231 17,38866 15,70861
20,54851 17,62709 15,88981
21,76921 17,50946 15,71496
23,80371 17,83372 16,05988
21,36231 17,58576 15,9359
22,98991 17,87663 15,89299
22,58301 17,84324 16,29591
23,80371 17,95293 16,3881
21,36231 17,91796 16,27843
21,97266 17,94815 15,91364
22,98991 18,21677 16,40161
23,39681 17,98948 16,28876
24,00716 18,26128 16,38572
23,80371 18,4393 16,45168
24,21061 18,53944 16,73778
23,19336 18,17705 16,33724
24,61751 18,30102 16,60427
22,78646 18,27559 16,35949
22,17611 18,53148 16,50413
22,78646 18,10393 16,34598
22,58301 18,76513 16,8252
22,98991 18,49652 16,68851
23,60026 18,59508 16,5852
22,98991 18,68566 16,7346
23,39681 18,59347 16,9611
24,61751 18,75241 17,08349
23,80371 18,74288 17,06203
23,60026 18,7111 16,82361
22,58301 18,79534 17,09859
26,85546 19,13231 17,14548
22,58301 18,83985 17,17647
23,39681 18,92567 17,19077
23,19336 18,98925 16,95077
22,17611 18,93998 17,32668
22,17611 18,80964 16,97541
24,61751 19,12911 17,22494
23,19336 18,85097 17,19078
25,02441 19,05124 17,30363
22,98991 18,86846 17,0811
22,78646 19,00356 17,36085
23,19336 19,14819 17,34257
24,61751 19,24674 17,33939
23,39681 19,50742 17,62629
25,02441 19,24198 17,25992
24,00716 19,44383 17,65252
24,61751 19,27059 17,42046
24,00716 19,44066 17,69781
24,00716 19,1466 17,28376
25,0244 19,41681 17,65013
24,82096 19,47404 17,61438
24,21061 19,26582 17,55317
22,98991 19,17999 17,42046
23,19336 19,47404 17,76934
23,80371 19,39138 17,45939
25,63476 19,43271 17,36324
25,02441 19,47562 17,46337
23,19336 19,09415 17,24164
24,41406 19,36119 17,55954
23,60026 19,21017 17,43475
25,02441 19,59801 17,80907
24,82096 19,60755 17,61516
23,60026 19,30078 17,50072
25,22786 19,59642 17,56827
25,4313 19,69497 17,70497
25,43131 19,64887 17,77728
24,61751 19,57099 17,8059
23,80371 19,67271 17,97994
24,82096 19,85867 18,06975
24,82096 19,69019 18,16034
25,02441 19,92385 18,21916
25,02441 19,63139 17,83848
25,22786 19,63935 17,70815
23,19336 19,43431 17,70735
23,80371 19,90159 17,91953
23,39681 19,84915 17,99108
23,39681 19,45656 17,53489
23,60026 19,51376 17,759
23,3968 19,60436 17,79158
24,00716 19,60278 17,95768
22,98991 19,61072 17,8353
23,19336 19,80464 18,23902
22,78646 19,70132 17,70099
25,43131 19,96358 18,16511
24,41406 20,00015 18,37731
24,41406 19,85392 17,83769
24,00716 19,86185 18,07053
27,26235 20,22108 18,48936
23,39681 19,8253 18,18657
24,61751 19,76809 17,93941
23,60026 19,72516 17,85994
26,85546 19,89524 18,08008
22,98991 19,97154 18,13492
24,41406 19,94928 17,84007
24,82096 19,9445 18,07133
24,82096 19,64094 18,0761
25,83821 19,92544 18,17702
23,60026 19,88094 18,35585
24,82096 20,13208 18,1238
24,82096 20,05259 18,33042
25,22786 20,10506 18,30102
24,00716 20,02557 18,43453
24,00716 19,91431 18,10869
24,41406 19,98584 18,11108
24,61751 19,8396 18,0451
24,21061 20,00014 18,22073
24,41406 20,1734 18,07293
24,41406 19,79828 17,99027
25,22786 20,07167 18,28989
25,63476 19,99378 18,11504
25,63476 20,00968 18,1079
24,61751 19,86186 17,94338
23,60026 19,93815 18,03716
25,02441 19,86344 17,98232
24,21061 19,95882 18,18896
22,98991 20,11459 18,12141
24,61751 20,07008 18,29148
24,61751 20,26399 18,18498
26,04166 20,13207 18,274
24,61751 20,06372 18,0634
24,41406 20,18293 18,17227
25,43131 19,74265 17,69781
24,41406 20,0971 18,09995
24,82096 19,83802 18,04829
25,22785 19,9159 18,31214
26,04166 20,06373 18,24855
26,44855 20,3387 18,363
26,65201 20,24333 18,20007
25,83821 20,28466 18,43452
25,0244 20,28625 18,53705
24,82096 20,39433 18,65705
24,41405 20,34664 18,59586
25,63475 20,17657 18,16591
23,19336 20,24015 18,40751
24,00716 20,43566 18,75242
26,85546 20,05101 18,19373
23,39681 19,85709 17,77014
25,02441 20,26877 18,48857
24,21061 20,33075 18,60857
24,00716 20,21789 18,65387
24,61751 20,39591 18,43453
25,43131 20,25922 18,68249
25,43131 20,72494 18,83349
25,22785 20,19406 18,16829
24,82096 20,46108 18,74368
24,61751 20,51036 18,74209
25,63476 20,62002 18,80328
26,652 20,41499 18,52592
25,4313 20,77262 18,95508
24,21061 20,50718 18,74685
24,61751 20,61208 18,66659
24,82095 20,65342 18,85415
26,85546 20,6248 18,7858
27,0589 20,55805 18,69282
24,21061 20,62321 18,68884
26,44855 20,64227 18,97732
25,02441 20,78057 18,78659
26,04166 20,41817 18,78342
24,82096 20,69315 18,82076
26,24511 20,95063 19,11798
28,48305 20,75832 19,07269
24,61751 20,80122 18,78341
26,44855 20,64705 18,70473
25,43131 20,44996 18,62447
28,6865 20,58188 18,47267
23,60026 20,58823 18,38049
25,02441 20,78852 18,97255
27,05891 20,5946 18,76196
24,00716 20,5946 18,78103
26,24511 20,69473 18,99163
25,22786 20,46427 18,60699
24,00716 20,38162 18,84938
26,85546 20,65183 18,89388
25,22786 20,81077 18,90737
24,21061 20,56599 18,87004
25,43131 20,93633 19,15454
25,63476 20,60414 18,76434
26,85546 20,74083 19,02104
25,22786 20,63275 18,93917
23,80371 20,69792 18,94316
23,80371 20,78216 18,98607
26,44855 20,81711 18,83824
26,85546 20,67566 18,98686
25,02441 20,47856 18,32882
24,41406 21,16044 19,15375
24,41406 20,66772 18,83506
25,02441 21,05077 19,12674
25,22785 20,60254 18,88115
28,2796 20,9109 18,78262
24,61751 20,90454 19,12673
25,43131 20,72493 19,00513
24,82096 20,94586 19,12117
25,63476 20,68043 18,9662
25,22786 21,0921 19,19826
25,22786 20,74242 18,83269
26,24511 20,86798 18,88832
24,41406 20,66136 18,71666
28,88995 20,96494 19,02262
25,4313 20,7742 18,99162
25,63476 21,12548 19,49867
24,00716 20,86639 19,21256
25,43131 20,65024 18,77627
25,63476 20,85685 18,75718
25,22786 20,90454 19,0409
26,44855 20,53897 18,61175
24,21061 20,76944 18,94394
25,02441 20,84891 19,13151
24,61751 20,64546 18,78818
24,41406 20,78691 19,05838
28,48306 20,91408 18,73413
24,82096 20,76149 19,06633
25,02441 20,58029 18,6928
24,41406 20,62957 18,94633
25,0244 20,50082 18,88672
25,83821 20,89501 18,93917
27,66925 20,87593 19,18474
24,61751 20,54056 18,79533
27,26235 21,02694 18,99084
27,05891 20,60254 18,80486
25,63475 20,75194 19,34211
25,8382 20,8489 19,04328
26,24511 20,51513 18,63321
24,61751 20,65499 18,93678
26,24511 20,59778 18,83268
26,44855 20,62479 18,78738
24,82096 20,76307 18,99162
26,04166 21,16521 18,79613
25,22786 20,88866 18,95905
25,43131 20,96336 18,7699
25,63476 20,89817 19,25785
25,0244 20,94745 19,16091
25,83821 20,8791 19,23402
25,83821 20,76944 18,76513
26,652 20,9252 18,91057
25,63475 20,8505 19,09018
24,00716 20,78693 18,86845
25,63476 20,89342 19,06635
24,00716 20,62957 18,92567
24,61751 20,77579 18,93202
25,22786 20,80282 19,16091
24,41406 20,85209 19,00276
25,63476 20,66295 18,82316
25,43131 20,86639 18,94791
24,61751 21,06666 19,42237
24,82096 21,02215 19,25786
26,24511 20,9268 19,1315
27,0589 21,27806 19,32462
27,66925 21,10481 19,03931
25,43131 20,99196 19,06553
26,85546 20,91248 18,82313
26,04166 20,8807 19,20701
26,24511 21,18905 19,38105
27,0589 20,88705 18,77784
25,83821 21,05395 19,21336
25,22786 20,78692 18,90818
28,2796 20,83937 19,2976
25,02441 20,93793 19,15297
24,21061 20,74242 18,79613
25,63476 20,86958 18,72142
25,63476 20,87116 19,18237
25,22786 20,99515 19,24914
25,22785 20,83142 18,81042
24,61751 20,87752 19,03613
24,61751 20,90614 18,95588
24,82096 20,85527 19,07827
25,63475 21,10004 19,33335
25,22786 20,88229 19,30872
24,41406 20,91567 19,31349
27,66925 21,06825 19,42634
26,44855 21,10958 19,41999
25,22786 20,90136 19,1625
24,61751 20,92361 19,20145
24,21061 20,87275 19,41442
25,43131 20,90136 19,19827
26,24511 21,2415 19,22051
25,63476 20,98718 19,34607
24,82096 20,87275 19,11878
24,61751 20,89023 19,1768
25,22786 20,90455 19,30079
30,92445 21,26535 19,64967
26,44856 21,02216 19,12991
25,8382 21,29237 19,18714
25,43131 20,89977 18,83348
25,8382 21,0158 19,23482
26,85546 20,91408 19,23084
25,43131 20,87433 19,0552
25,02441 20,90771 19,22288
26,04166 20,94269 19,22528
25,22786 21,13819 19,45177
25,83821 20,99355 19,17123
25,02441 20,8791 19,02262
25,83821 21,06667 19,13388
24,82096 20,95063 19,12196
23,80371 20,70745 18,98608
27,0589 21,05395 19,08064
25,22786 20,79646 19,05441
24,41406 21,05713 19,17999
25,22786 21,04918 19,02739
25,0244 20,86162 18,97414
25,22786 20,97925 19,06078
26,04166 20,90932 19,16726
24,00716 20,88864 19,03296
26,24511 20,97447 18,98846
24,41406 21,02216 19,00593
25,02441 21,04282 19,40408
26,04166 21,18906 19,22052
26,652 20,91885 19,04488
26,24511 20,97607 19,01706
26,24511 21,14455 19,45495
24,61751 21,01899 19,31985
25,43131 20,8505 18,91773
26,24511 20,8187 19,03454
24,82096 21,20336 19,26739
25,83821 21,24945 19,55748
25,63476 21,34482 19,7196
24,82096 21,09369 19,21814
25,22785 21,16681 19,42635
26,24511 21,20177 19,53919
25,43131 20,95541 19,18635
24,41406 20,83143 19,26183
25,22786 21,15408 19,52012
24,82096 21,03169 19,39058
26,24511 20,98084 19,32382
25,63475 21,10799 19,09812
25,63476 21,23992 19,269
26,04166 21,24151 19,65205
26,04166 21,23038 19,53761
25,22786 21,17475 19,47959
25,22785 21,32098 19,4462
25,43131 21,16363 19,24754
25,43131 21,31939 19,39137
26,24511 21,11753 19,13229
27,8727 21,34163 19,34448
26,85546 21,27648 19,05045
25,4313 21,40681 19,25945
26,85546 21,39886 19,59006
24,61751 21,31939 19,21972
24,82096 21,53555 19,57099
25,02441 21,40204 19,38503
26,652 21,35117 19,62264
24,61751 21,19699 19,57416
24,82096 21,17793 19,32859
25,83821 21,22244 19,31191
24,41406 21,39091 19,73787
24,82096 21,45927 19,61628
27,0589 21,50218 19,72439
26,04166 21,43541 19,67509
26,04166 21,40204 19,72596
25,63476 21,36071 19,58688
26,04165 21,37024 19,66238
25,02441 21,29396 19,50025
27,26235 21,44177 19,85152
27,05891 21,10322 19,34608
26,04166 21,41476 19,5543
26,65201 21,34482 19,48357
25,02441 21,34324 19,69894
25,02441 21,38455 19,53046
26,85546 21,68656 19,50345
25,63476 21,2876 19,28171
25,4313 21,19223 19,73947
26,85546 21,57848 19,60993
25,83821 21,58166 19,47722
25,83821 21,34641 19,46369
25,22786 21,56258 19,90159
27,0589 21,47675 19,56384
27,26235 21,6341 19,46529
26,2451 21,29078 19,70529
25,02441 21,62615 19,58608
27,66925 21,50695 19,56145
26,24511 21,40045 19,72597
25,83821 21,70086 19,62741
25,83821 21,32416 19,5106
26,04166 21,42747 19,50501
25,43131 21,2717 19,38502
26,04166 21,69926 19,94212
25,63476 21,40204 19,58768
26,85545 21,32257 19,87855
24,82096 21,30032 19,49549
25,63476 21,3798 19,51218
25,63476 21,66908 19,83245
26,652 21,32575 19,33813
25,22786 21,16364 19,15774
25,02441 21,27329 19,42396
27,4658 21,68178 19,94769
25,83821 21,36708 19,64252
25,63476 21,28282 19,19905
25,83821 21,35912 19,54237
24,82096 21,35117 19,54873
26,04166 21,65158 19,80701
25,43131 21,80258 19,76331
27,46581 21,91068 19,66397
25,63476 21,57529 19,79827
26,04166 21,65318 19,90397
25,63476 21,51171 19,7339
26,85546 21,69132 19,98345
27,05891 21,32256 19,63854
28,2796 21,55304 19,60993
27,4658 21,62298 19,99537
26,44855 21,68178 19,45893
26,85546 21,7994 20,03034
25,83821 21,58324 19,40091
25,43131 21,47515 19,78478
26,652 21,41635 19,78238
26,85546 21,56575 19,48038
27,4658 21,69132 19,60596
28,07615 21,89954 19,98663
27,0589 21,7835 19,71801
25,22785 21,87252 20,0359
28,07615 21,74059 19,93735
26,44857 21,99172 19,97311
