0,6103516 0,2797444 0,211398
0,6103516 0,2892812 0,2193453
0,6103516 0,2702076 0,1986823
0,6103516 0,2924602 0,2257032
0,6103516 0,2924601 0,2304716
0,6103516 0,2797444 0,2082191
0,6103516 0,2861023 0,2161664
0,6103516 0,2733865 0,2018612
0,6103516 0,2956391 0,2177559
0,6103516 0,2892812 0,2241137
0,6103516 0,2956391 0,2225243
0,6103516 0,2574919 0,1939139
0,6103516 0,2797444 0,2129875
0,6103516 0,3083548 0,2272927
0,6103516 0,2861023 0,2018612
0,6103516 0,2892812 0,2209348
0,6103516 0,2733865 0,2161664
0,6103516 0,2892812 0,2098086
0,6103516 0,2765655 0,2066296
0,6103516 0,3210706 0,2304716
0,4069011 0,2765655 0,2018612
0,6103516 0,2988181 0,2336505
0,6103516 0,301997 0,2209348
0,8138021 0,3051759 0,2288821
0,8138021 0,3433231 0,2495452
0,8138021 0,3242495 0,2447768
0,6103516 0,2988181 0,2241137
0,6103516 0,2829233 0,2241137
0,6103516 0,3115338 0,2320611
0,6103516 0,3274285 0,2447768
0,4069011 0,254313 0,1986823
0,6103516 0,3051759 0,2368294
0,6103516 0,2797444 0,2098085
0,6103516 0,2956391 0,2288821
0,6103516 0,2829233 0,2257032
0,6103516 0,3178917 0,2447768
0,6103516 0,3083549 0,2368295
0,8138021 0,3306074 0,2511347
0,6103516 0,3115338 0,2288821
0,6103516 0,2956391 0,2288821
0,6103516 0,2765655 0,2177558
0,6103516 0,3178916 0,2368295
0,6103516 0,3274285 0,2431874
1,017253 0,3401442 0,2495452
0,6103516 0,3242495 0,2415979
0,6103516 0,3433231 0,2606713
0,6103516 0,3083549 0,2415978
0,6103516 0,3242495 0,238419
0,6103516 0,3083549 0,2431873
0,6103516 0,3147127 0,2384189
0,6103516 0,2924601 0,2257032
0,6103516 0,3178916 0,23524
0,6103516 0,301997 0,2304716
0,6103516 0,301997 0,2288821
0,6103516 0,3306074 0,2431873
0,6103516 0,3337863 0,2495452
0,8138021 0,3814699 0,2702079
0,6103516 0,3687542 0,2765657
0,6103516 0,3274285 0,2479557
0,6103516 0,3210706 0,2447768
0,6103516 0,3147127 0,2384189
0,6103516 0,3178916 0,2336505
0,6103516 0,3306074 0,2463663
0,8138021 0,3242495 0,2447768
0,6103516 0,3433231 0,2606713
0,6103516 0,3369652 0,2543135
0,8138021 0,3465019 0,2511346
0,8138021 0,3306074 0,2479557
0,4069011 0,3115338 0,2384189
0,8138021 0,3337863 0,2654397
0,8138021 0,3592176 0,2702079
0,6103516 0,3274285 0,2447768
0,8138021 0,3210706 0,2511346
0,8138021 0,3337863 0,2638502
0,6103516 0,3496808 0,2590818
0,8138021 0,3623965 0,2686185
1,017253 0,346502 0,2638502
0,6103516 0,3592175 0,2749763
0,6103516 0,3051759 0,2336505
0,6103516 0,3465019 0,2590818
0,6103516 0,3655753 0,2749762
1,017253 0,3941855 0,2908706
0,6103516 0,3623964 0,2765657
0,8138021 0,3623965 0,2733868
0,8138021 0,3528598 0,2686185
1,017253 0,3687543 0,2717974
0,6103516 0,3496808 0,2654396
0,6103516 0,3655753 0,2797446
0,6103516 0,3973643 0,2956389
0,6103516 0,3592175 0,2749763
1,017253 0,4005432 0,2988178
0,6103516 0,3623964 0,281334
0,6103516 0,3592175 0,2749763
0,6103516 0,4291532 0,3115332
0,8138021 0,375112 0,2765656
0,8138021 0,3751121 0,2861024
1,017253 0,441869 0,3194805
1,424154 0,4514057 0,3194805
1,220703 0,4895525 0,3592167
2,237956 0,5372363 0,400543
1,627604 0,5722045 0,4084902
2,034505 0,594457 0,4371006
2,441406 0,6421411 0,4752479
2,441406 0,8042655 0,5674369
5,289714 1,058578 0,7263811
5,289714 1,338324 0,9123483
11,59668 2,002716 1,265208
27,8727 3,226598 1,945496
38,45209 6,020861 3,652571
53,50753 10,09623 6,059009
56,35587 17,56032 10,17411
62,45943 27,51349 16,65433
69,17334 40,15603 27,3164
72,02168 49,05066 37,21079
79,75282 55,36722 42,83907
85,44934 59,63017 47,94443
83,82176 60,76188 50,0298
92,36655 63,86451 53,31362
83,82176 63,56568 54,81884
104,1665 66,11837 57,90399
114,9492 68,05118 60,28502
95,21481 70,19377 59,6874
113,932 74,24049 62,69941
125,5285 77,14285 65,92445
118,2044 78,10606 67,68716
113,7285 82,1814 67,84447
124,3078 81,62511 69,4101
125,1216 93,0754 76,83599
128,9871 91,69259 77,01717
128,9871 99,93226 83,94877
128,9871 99,55714 84,4892
128,9871 106,3027 88,66785
128,9871 107,3581 87,37083
128,9871 105,7337 85,9785
127,9698 102,2528 85,23625
128,3767 104,8532 88,54393
128,9871 108,725 87,49639
128,9871 108,7472 88,60108
128,9871 109,809 90,53225
128,9871 111,5001 91,53518
127,7664 109,3449 91,01387
127,3595 113,3502 92,93706
128,9871 112,4983 91,60197
128,9871 111,9293 90,5863
128,9871 114,0655 92,35535
128,9871 111,7163 91,01385
128,9871 113,7031 93,73024
128,9871 108,779 91,5607
128,9871 112,5555 92,30923
128,3767 112,8067 92,74161
128,9871 111,3634 93,13099
128,9871 110,8993 91,71005
128,9871 116,1286 98,08686
128,9871 114,4279 94,13234
128,9871 115,639 95,43571
128,9871 114,0178 94,15297
128,9871 118,659 100,951
128,9871 118,589 101,0544
128,9871 115,0605 94,03699
128,9871 117,1681 96,80738
128,9871 118,2044 99,55392
128,9871 115,1336 97,62279
128,9871 116,9519 97,75468
128,9871 117,0663 95,64069
128,9871 117,025 98,86095
128,9871 116,1031 96,83758
128,9871 118,4015 100,2517
128,1733 111,5478 93,39326
128,9871 118,1694 96,37502
127,3595 109,3544 91,40808
128,9871 112,1423 92,37919
128,9871 118,6526 101,3325
128,9871 117,7402 99,47603
128,9871 120,2706 105,454
128,9871 117,1999 95,89026
128,9871 119,1262 99,70174
128,9871 114,8316 96,97266
128,9871 119,9337 102,1018
128,9871 116,6912 96,41319
128,9871 120,4264 102,132
128,9871 117,1967 97,29217
128,9871 117,6226 98,33643
128,9871 119,317 102,7932
128,9871 118,4905 102,1988
128,9871 118,6335 99,65092
128,9871 116,456 97,94543
128,9871 118,0104 101,4628
128,9871 119,3074 101,6981
128,9871 116,9201 98,19338
128,9871 117,8261 100,6776
128,9871 118,0836 100,0228
128,9871 120,188 103,0252
128,9871 119,3933 101,5741
128,9871 120,6108 102,6073
128,9871 119,441 100,9956
128,9871 117,4764 98,7179
128,9871 120,951 103,1953
128,9871 119,0055 100,5283
128,9871 119,7334 100,1197
128,9871 119,5586 100,4488
128,9871 119,317 101,8427
128,9871 119,0595 101,0543
128,9871 119,2756 102,2337
128,9871 119,9814 99,67947
128,9871 120,0958 101,7616
128,9871 121,2561 102,8059
128,9871 121,4373 100,0752
128,9871 120,2134 102,2464
128,9871 120,4805 103,7596
128,9871 118,945 101,0194
128,9871 120,4709 101,137
128,9871 119,7843 100,1166
