0,8138021 0,3814695 0,2876917
0,8138021 0,4005431 0,3004077
0,8138021 0,443459 0,321866
0,8138021 0,4386906 0,3202765
0,8138021 0,4450485 0,3258398
0,8138021 0,4482274 0,3369663
0,8138021 0,4545852 0,3409399
1,017253 0,4545852 0,3449135
1,017253 0,4593536 0,3488871
1,017253 0,4990903 0,3910071
1,017253 0,4768378 0,368755
1,017253 0,491143 0,3743181
0,8138021 0,464122 0,3568342
1,017253 0,4831957 0,3838546
1,017253 0,5022692 0,3846495
1,017253 0,4800167 0,3846492
1,017253 0,4863746 0,3711393
1,017253 0,4959114 0,39657
0,8138021 0,4704799 0,382265
1,424154 0,5118058 0,4164379
0,8138021 0,5165741 0,4061067
1,017253 0,5054482 0,3949808
0,8138021 0,4720694 0,3767021
1,017253 0,5372368 0,4355111
1,220703 0,5547205 0,4378952
1,017253 0,5181636 0,4212062
1,017253 0,5578994 0,4394847
1,424154 0,5499523 0,4434582
0,8138021 0,55631 0,4514053
1,017253 0,5594889 0,4402793
1,220703 0,6008143 0,4784257
1,017253 0,5912776 0,4712732
1,220703 0,5833304 0,4633261
1,627604 0,61353 0,4847835
1,017253 0,6437299 0,5022675
1,220703 0,6596246 0,5189563
1,424154 0,6898243 0,5340565
1,220703 0,6977718 0,5507464
1,220703 0,7406869 0,5785624
1,627604 0,7518131 0,6039945
1,627604 0,7947285 0,6182998
1,831055 0,8551283 0,679494
2,644857 0,9854648 0,7494307
2,848307 1,088777 0,8447962
2,644857 1,200039 0,9338049
4,272461 1,514754 1,125335
12,20703 1,96139 1,440842
17,90365 2,694128 1,926421
16,4795 3,272693 2,281666
26,44856 4,833541 3,201167
50,65917 7,638928 4,83831
51,87992 10,72089 6,690026
51,06611 15,0299 9,37541
71,61463 20,66454 13,31886
85,24578 25,67609 17,09381
141,1945 29,76735 20,28942
112,9149 32,41062 21,49979
146,4843 38,71124 26,93018
179,6468 43,39854 30,032
150,9601 50,84515 34,82262
167,4397 58,58421 39,95419
180,4606 66,45361 47,42782
217,2852 75,04301 52,44492
179,0364 83,01251 58,28695
182,2916 86,98139 60,54954
204,8747 98,85145 66,78021
194,4988 113,5427 80,64902
187,9883 124,6593 94,25233
210,9782 135,6709 105,5628
192,4643 142,6121 114,7014
192,2609 137,912 113,1843
192,2609 146,3568 118,485
192,2609 146,9417 120,3376
192,2609 150,2605 123,7914
192,0574 155,2386 126,9798
192,6676 149,31 122,5644
194,9056 150,3239 126,4998
192,2609 153,6714 128,1202
192,2609 150,6292 124,6545
192,0574 149,4307 126,1279
192,0574 152,0867 125,6462
192,4643 154,4582 127,049
192,0574 155,8998 130,7905
192,2609 157,254 131,4692
192,4643 165,3348 136,2177
192,2609 158,4826 134,7816
192,4643 161,9905 135,2401
195,923 159,9354 135,3323
192,2609 162,3942 136,3543
192,2609 164,912 138,547
192,2609 164,0378 139,186
192,4643 166,3203 139,6596
192,4643 166,6795 140,4464
192,4643 169,0415 143,2279
192,2609 174,1279 145,0384
192,2609 165,6336 139,8638
192,4643 171,982 147,8715
192,4643 171,0808 147,1054
192,4643 174,4696 149,5174
192,4643 178,127 153,6444
192,2609 177,6104 154,8763
192,2609 179,7244 157,4249
192,2609 175,6299 153,588
192,4643 181,5078 159,6247
192,2609 179,8309 157,9963
192,2609 180,3285 159,0359
192,2609 179,645 158,7832
192,2609 179,3859 157,4169
192,4643 180,7418 158,9262
192,2609 179,6974 157,5639
192,4643 181,4442 159,5135
192,4643 184,3134 163,8512
192,4643 184,342 162,3165
192,2609 181,8511 160,503
192,2609 180,4985 157,4115
192,2609 184,4103 162,7577
192,4643 185,9712 165,2881
192,2609 185,8758 166,6209
192,2609 185,7709 164,8152
192,4643 186,8422 164,5689
192,4643 185,8584 166,0542
192,4643 183,002 161,5059
192,4643 184,814 164,7492
192,2609 185,3625 162,5486
192,4643 187,1363 166,9332
192,4643 184,7521 164,7834
192,4643 185,4562 164,7866
192,4643 186,2414 167,9218
192,4643 187,122 167,368
192,4643 185,7678 165,6775
192,4643 185,0986 165,8842
192,4643 186,65 168,5919
192,4643 185,5977 165,2905
192,4643 177,089 155,9023
192,4643 185,2162 162,9071
192,4643 186,2207 167,665
192,4643 185,9744 164,82
192,4643 187,3287 167,8472
192,4643 186,9424 167,5856
192,2609 179,8802 159,895
192,4643 187,9978 170,1265
192,4643 184,5931 165,5368
192,2609 186,3081 167,2574
192,4643 187,0616 168,9383
192,2609 183,4026 164,6387
192,4643 188,4111 170,8775
192,4643 183,9144 165,7983
192,4643 185,3624 167,0499
192,4643 186,2383 166,8625
192,4643 185,9124 165,7022
192,4643 186,8756 166,7997
192,4643 186,2033 166,5763
192,4643 188,2442 168,5831
192,4643 187,2714 166,663
192,2609 186,4846 167,4934
