0,8138021 0,3767011 0,2884865
0,6103516 0,3814695 0,2908707
0,8138021 0,4291537 0,315508
0,6103516 0,4180275 0,3099447
0,8138021 0,4307432 0,315508
1,017253 0,4418695 0,3226608
0,8138021 0,4498168 0,3441188
0,8138021 0,4498168 0,3337873
1,017253 0,44028 0,3210712
1,017253 0,4498168 0,328224
1,017253 0,4466379 0,3417346
0,8138021 0,4323328 0,3321978
0,8138021 0,4402801 0,3393504
0,8138021 0,4355117 0,3250451
0,8138021 0,4482274 0,3401452
0,8138021 0,4498168 0,3361715
1,017253 0,4482274 0,3353768
0,8138021 0,4466379 0,3321978
0,8138021 0,4577641 0,3504765
0,6103516 0,443459 0,3306083
0,8138021 0,4529957 0,3536553
0,6103516 0,443459 0,3425293
0,8138021 0,4688904 0,3544502
0,8138021 0,4498168 0,3425294
0,8138021 0,4466379 0,3520658
0,8138021 0,4450485 0,334582
0,8138021 0,464122 0,3568343
0,8138021 0,4720694 0,3647814
0,8138021 0,4609431 0,3623972
1,017253 0,4625326 0,3504766
0,8138021 0,4657115 0,3647814
0,8138021 0,4450485 0,3504764
0,6103516 0,4498168 0,3472976
0,8138021 0,4688904 0,368755
1,017253 0,4831957 0,3822652
0,8138021 0,4577642 0,365576
0,6103516 0,4482273 0,3465028
1,017253 0,4688904 0,3608079
1,017253 0,4657115 0,3496819
1,017253 0,4545852 0,3425294
0,8138021 0,4720694 0,3568343
0,8138021 0,464122 0,3600131
0,8138021 0,4736589 0,3608079
0,8138021 0,4577641 0,371139
0,8138021 0,491143 0,3806759
1,424154 0,4816062 0,3727286
1,017253 0,5006798 0,394186
1,017253 0,4704799 0,382265
0,8138021 0,4752483 0,3767021
1,017253 0,4784273 0,3735233
0,8138021 0,467301 0,3608079
0,8138021 0,4943219 0,3989542
1,017253 0,4704799 0,3838544
0,8138021 0,4704799 0,382265
0,8138021 0,4736589 0,3703444
0,8138021 0,4657115 0,3798808
1,017253 0,4752483 0,387828
1,017253 0,4831956 0,3902122
0,8138021 0,491143 0,3790864
0,8138021 0,4879641 0,3957753
1,017253 0,4927325 0,3925965
1,017253 0,5165741 0,4132591
0,8138021 0,5149847 0,4108749
1,017253 0,5006798 0,3997488
0,8138021 0,4752483 0,3910068
0,8138021 0,4800167 0,3910069
0,8138021 0,4959114 0,4061066
1,017253 0,5261108 0,4235903
1,017253 0,5086269 0,4092855
1,220703 0,5261108 0,4172327
0,8138021 0,5022692 0,418822
1,017253 0,519753 0,4212061
1,017253 0,5292896 0,4235903
1,424154 0,5133952 0,4172326
1,017253 0,5420051 0,4347163
0,8138021 0,5404156 0,4450475
1,220703 0,5626677 0,4537895
1,220703 0,5626677 0,4545842
1,220703 0,5658466 0,4649154
1,017253 0,5594888 0,4585577
1,220703 0,5865093 0,4688891
1,017253 0,5817409 0,4720679
1,017253 0,5833303 0,4736573
1,220703 0,5880987 0,4776309
1,220703 0,6214774 0,497499
1,424154 0,6294246 0,4943203
1,424154 0,6024037 0,4911411
1,424154 0,6469087 0,5125984
1,220703 0,6421406 0,5118037
1,220703 0,6866456 0,5372356
1,220703 0,6786983 0,5340567
1,220703 0,7073084 0,5769733
1,220703 0,7232029 0,5865101
1,220703 0,7184346 0,5912788
1,424154 0,7788338 0,6405523
1,220703 0,7708864 0,6294262
1,424154 0,8058547 0,667573
1,424154 0,8344653 0,685057
1,220703 0,8249285 0,6786993
1,424154 0,9059917 0,7375092
1,424154 0,9489074 0,7851927
2,034505 0,9409602 0,784398
1,627604 1,001359 0,822544
1,627604 1,064935 0,8734052
1,627604 1,039505 0,8702264
1,627604 1,133282 0,929036
3,255208 1,195272 0,9647992
4,475912 1,207988 0,9902308
1,831055 1,23342 1,029173
3,051758 1,29064 1,086396
4,272461 1,405081 1,142027
7,731118 1,516343 1,20799
8,951819 1,571973 1,231832
7,731118 1,767474 1,371699
6,510415 1,873969 1,455941
9,15527 2,009074 1,53303
14,44499 2,624194 1,888275
13,02083 3,290178 2,282463
17,2933 4,474322 2,951624
21,97266 6,256105 4,038811
21,97266 7,982255 5,40495
20,34506 9,484293 6,552536
21,56576 11,12938 7,675489
23,19336 12,79831 9,047192
28,07615 14,81851 10,7201
33,77275 16,85461 12,1975
33,9762 18,06736 13,56363
33,36584 20,05895 15,02434
34,78999 20,83619 16,43657
41,70732 21,83915 17,30363
37,63829 23,16475 18,62287
49,8454 25,63 20,46903
37,84174 26,021 21,23753
39,67279 27,04619 22,24524
49,4385 27,76463 22,95971
42,11422 28,22557 23,40236
41,50386 28,8375 24,1653
39,67279 28,21126 23,22435
51,06611 29,81343 24,87181
45,5729 30,64631 25,70151
42,72458 30,64789 25,50123
54,11789 33,23394 27,94104
43,13148 32,14039 27,31401
46,59017 31,91151 26,62817
49,4385 31,89243 26,86975
57,78003 33,58202 28,46955
50,25231 33,60587 28,50691
47,81088 34,28138 29,4574
52,49028 34,8218 29,31117
47,20052 34,72166 29,80072
53,10063 35,05069 29,9994
49,84539 35,08883 29,54402
47,60743 35,06021 29,74271
49,03159 34,98393 30,01767
48,62469 36,32383 31,0071
61,03526 35,36538 30,2545
49,64195 36,37628 31,10646
52,69373 36,54159 30,58352
51,26957 36,20462 31,26302
51,47301 36,92146 31,28764
56,55931 37,49365 32,04901
55,33858 36,87218 31,73429
64,49393 37,80679 32,40663
50,2523 37,48253 32,49246
52,49027 37,23776 31,54752
60,018 38,10242 32,78412
54,72825 39,00206 33,12347
60,8318 38,3615 32,46544
53,71099 38,11991 32,82466
52,28681 38,50455 32,96851
55,3386 38,88443 33,35155
50,65921 39,2373 33,58522
55,3386 39,89057 34,27264
61,03527 39,93189 34,32113
64,08704 39,49796 33,92853
55,13515 39,53931 34,5373
51,26957 39,21027 33,68296
60,018 39,88739 34,22338
55,54206 40,65193 34,75903
57,16967 39,76184 34,6573
58,79728 40,69484 35,00937
51,06612 39,99864 34,83611
50,86266 40,96344 35,31136
52,89718 41,35606 36,15854
55,54206 41,10173 35,72701
54,11789 41,49115 35,69124
55,94896 41,31472 36,15059
54,11789 40,72504 35,72702
56,96622 41,96959 36,21575
56,76277 41,9076 36,70134
51,67647 41,67554 36,26424
57,78003 41,98864 36,57896
53,91444 42,51795 37,09712
56,76277 42,28431 37,34428
59,00074 42,11105 36,47883
59,81455 42,40511 37,21791
56,76277 43,45575 38,06194
56,35587 42,43213 37,20918
58,18694 42,94873 37,48099
55,13515 44,12174 38,02458
59,81455 44,14876 39,07522
68,35954 45,19146 39,04979
65,91811 44,70348 39,29139
60,22145 45,1994 39,5179
70,80096 45,13265 39,5322
64,2905 45,32179 40,28003
59,40765 45,54273 40,25617
59,00074 46,4058 40,67818
61,03526 45,95281 40,06229
58,18694 46,67441 41,29647
66,73191 45,85108 39,91763
68,35954 45,87809 40,36427
59,40764 46,4074 41,11926
61,64562 46,57905 41,02786
62,66288 47,49936 42,16276
59,00073 47,15603 41,77969
63,47669 47,56294 41,5675
60,22145 45,82406 41,2186
64,90086 46,86198 41,29332
69,17335 46,6633 41,46339
61,64562 47,4151 41,97279
64,69739 47,66783 42,13015
63,88359 47,16558 41,54922
61,03526 46,79839 41,44668
60,018 47,01616 41,71291
62,05252 46,56953 41,13675
61,64562 47,63922 42,55771
65,51121 47,24505 42,17704
67,13882 46,55044 41,83293
62,86633 47,85222 42,51958
64,08704 47,80294 42,62766
56,96622 46,48526 41,10336
