1,017253 0,4227958 0,3115342
0,8138021 0,4021326 0,3019972
0,8138021 0,4355117 0,3186871
0,8138021 0,4609431 0,3401453
0,8138021 0,4498168 0,3353768
0,8138021 0,4593536 0,3417347
0,8138021 0,4609431 0,3600131
0,8138021 0,4609431 0,346503
0,8138021 0,5118058 0,399749
0,8138021 0,5022692 0,394186
1,017253 0,5118058 0,4045173
1,017253 0,5261108 0,4061067
1,220703 0,5420051 0,4291534
1,220703 0,5531312 0,4363059
1,424154 0,5658467 0,4482265
1,017253 0,5499523 0,4378952
1,017253 0,5960459 0,4728627
1,220703 0,6357825 0,4951151
1,220703 0,6739298 0,5237249
1,424154 0,6850561 0,5292881
1,424154 0,7518131 0,5896889
2,034505 0,7629392 0,608763
1,627604 0,8312862 0,6397577
2,034505 0,9028127 0,6945943
1,627604 0,9361918 0,7216151
1,627604 0,9743386 0,7534037
1,831055 1,044273 0,7971126
2,237956 1,093545 0,8281064
2,441406 1,133281 0,8638684
2,237956 1,242956 0,9473156
2,034505 1,23024 0,9377788
2,644857 1,26203 0,9791052
2,441406 1,279514 0,9830791
2,441406 1,338324 1,024405
2,237956 1,357397 1,037122
2,644857 1,400313 1,073679
2,644857 1,459122 1,11898
2,848307 1,459122 1,090369
2,848307 1,578329 1,18812
2,848307 1,597403 1,249312
2,644857 1,595813 1,253286
2,644857 1,678465 1,313684
2,644857 1,759529 1,399516
3,255208 1,775424 1,347064
3,051758 1,851719 1,447997
3,051758 1,986823 1,60138
2,848307 2,085366 1,740454
3,86556 2,158481 1,800854
4,679362 2,247492 1,906552
3,458659 2,285641 1,955033
3,458659 2,330147 2,003512
3,255208 2,334916 2,028944
3,458659 2,406441 2,088549
3,255208 2,442997 2,13385
3,66211 2,512931 2,172791
3,255208 2,501805 2,170407
3,458659 2,53995 2,268951
3,255208 2,479553 2,203785
4,06901 2,587633 2,237163
3,66211 2,516109 2,248289
3,255209 2,560613 2,280076
4,069011 2,589223 2,303122
3,865561 2,616244 2,318223
3,86556 2,617835 2,334116
3,86556 2,663929 2,365109
3,66211 2,684591 2,361137
4,475912 2,62896 2,321402
3,86556 2,746581 2,402461
4,272461 2,737044 2,427891
4,272461 2,735454 2,414381
3,458659 2,748171 2,424712
3,66211 2,671876 2,391333
3,458659 2,754529 2,437428
3,662109 2,730686 2,44458
4,475911 2,818109 2,516906
3,86556 2,74817 2,454117
3,865561 2,827646 2,478756
3,66211 2,800625 2,489882
4,272461 2,865795 2,537569
3,86556 2,806983 2,514521
3,662109 2,872152 2,553463
3,66211 2,9103 2,551079
3,86556 2,910301 2,586845
4,475912 2,865795 2,535186
3,865561 2,916659 2,582871
4,475912 2,797445 2,501009
4,06901 2,950037 2,613867
4,069011 3,013614 2,640092
4,272461 3,026328 2,686187
4,272462 3,02156 2,667907
4,272461 3,107385 2,757709
4,475912 3,169374 2,774399
5,493164 3,147122 2,798239
4,272461 3,134407 2,79506
4,679362 3,18209 2,797444
4,679362 3,204342 2,880092
5,086263 3,229773 2,876915
4,679362 3,314018 2,980231
4,882813 3,420514 3,014405
4,882813 3,391903 3,012815
5,289713 3,453894 3,101034
4,882813 3,52383 3,117723
4,882813 3,646214 3,228189
5,086263 3,698667 3,271104
4,882813 3,717739 3,297328
5,493164 3,825819 3,41415
5,289714 3,991127 3,543694
5,086264 4,022918 3,570715
5,696614 4,169147 3,714564
5,900064 4,21365 3,749531
5,696614 4,35034 3,880657
5,900065 4,54744 4,019739
6,103515 4,69049 4,144509
7,527669 4,887579 4,276435
7,73112 5,05765 4,457631
8,544921 5,424818 4,796186
7,73112 5,745888 5,042553
10,78288 6,206829 5,345341
11,39323 6,508827 5,667214
12,20703 7,090568 6,151997
12,20703 7,507006 6,579559
15,86914 8,099876 7,010302
15,25879 8,775396 7,557075
17,49675 9,810132 8,335114
14,85189 10,37916 8,914471
18,514 11,74767 9,785491
20,95541 12,74904 10,66049
20,14161 14,28127 12,06478
21,36231 15,5131 13,06454
23,39681 16,99607 14,63016
24,21061 17,88457 15,66807
24,61751 18,6936 16,42307
26,24511 19,39137 16,98017
26,04167 20,31963 17,90126
26,85547 21,17157 18,57122
28,07618 21,81371 19,42158
28,07617 22,28896 20,04067
29,09343 22,51466 20,22982
28,27962 23,02805 20,65262
29,50032 23,54782 21,1064
27,66927 23,59072 21,29953
30,11068 23,76239 21,60072
30,92448 24,6493 22,31757
31,12793 24,83051 22,30247
31,53483 24,66679 22,34539
29,09343 24,83844 22,57903
30,31413 25,12932 22,72526
32,34863 25,65701 23,14886
31,73828 26,09571 23,70993
30,72103 25,8859 23,66146
32,75554 26,57573 24,0771
33,97624 26,62023 24,06675
33,3659 26,87932 24,22254
32,75554 27,17018 24,87342
33,7728 27,68357 25,17619
34,58658 28,07459 25,48536
34,38314 28,65473 25,73013
34,79004 28,55461 25,98523
34,9935 29,19355 26,49704
34,58659 29,23012 26,75534
34,79004 29,61793 27,14634
36,41763 30,20446 27,52304
35,60385 30,11704 27,68437
36,62111 30,03756 27,36012
36,2142 30,30776 27,81391
35,80729 30,52235 28,05711
36,6211 31,14223 28,4354
39,06251 31,38225 28,70321
37,23145 31,53006 28,9591
36,01074 31,11839 28,66666
37,23145 31,4649 28,87011
38,45215 31,71762 29,13158
37,23146 31,75894 28,80096
38,2487 32,1738 29,83889
36,82455 31,94968 29,34774
38,65562 32,45195 29,83332
36,21419 32,26279 29,70297
37,8418 32,34546 30,03199
40,28321 32,79687 29,98909
41,50391 33,20535 30,38009
41,09701 32,90177 30,26883
38,65561 33,25779 30,58751
39,87631 33,63133 30,62565
38,85905 34,24646 31,37192
41,09701 34,02552 31,42119
42,52116 34,27663 31,69457
39,46941 34,58817 31,71284
40,69012 34,5087 31,66357
40,28322 34,95217 31,91789
40,89357 35,24781 32,2207
40,48666 35,60068 32,51395
40,48666 35,76915 32,85885
42,92805 36,20466 33,18787
40,89356 35,94238 33,1521
41,70736 36,40175 33,47715
40,28321 36,19671 33,84987
42,92807 37,06454 34,04776
43,94531 36,75463 33,91346
43,13151 37,47622 34,16618
44,3522 37,17422 34,43877
42,11426 37,46512 34,33149
42,11428 37,75756 34,68831
45,97983 38,01187 35,0197
43,74185 37,94034 35,28834
41,91082 38,26937 35,30264
45,77637 38,14696 35,07773
43,53843 38,46486 35,72225
43,13151 38,36792 35,642
43,53843 38,25506 35,43059
46,18328 38,44739 35,64835
44,75911 38,77957 35,98372
45,36946 39,09111 36,35009
46,59018 38,82409 35,56887
44,14877 39,17059 36,09658
45,16602 39,08952 36,17526
47,60741 38,81931 35,76358
45,36946 39,17694 36,41208
45,16602 39,73164 36,54162
44,14877 39,18648 36,46375
43,94531 39,12132 36,62746
43,33496 39,47736 36,84284
44,35224 39,36767 36,90083
43,53842 39,3629 36,80705
46,59018 39,58861 36,31195
48,62469 40,00344 37,20997
44,75912 40,07976 36,73713
47,60743 39,57589 36,67116
44,96256 39,74757 36,58772
46,38672 39,97168 36,77765
46,79361 40,35951 37,4039
44,75912 40,44373 37,76947
46,38672 40,52957 38,19386
45,77636 40,19738 37,58114
45,57291 40,53593 37,91253
46,99706 40,38174 37,37132
44,35222 40,03843 36,97952
46,79361 40,56454 37,45635
44,55568 40,48029 37,88549
47,60742 40,52003 37,35622
46,59019 40,48982 38,09292
48,42123 40,81092 38,04925
45,16602 40,66468 37,31251
46,18327 40,95554 38,24154
45,57291 40,95554 38,1279
46,18328 41,09064 38,19226
50,04882 41,43239 38,7764
44,96257 41,21145 37,98088
46,59017 41,0986 38,17159
46,79362 41,48801 38,7613
45,77638 41,11927 38,30513
46,99707 41,33065 38,31862
44,35221 40,96985 38,25507
47,81087 41,49118 38,91069
46,38673 41,35928 38,61984
46,18328 41,1431 38,3242
46,38672 41,74868 39,21668
48,82813 41,64696 39,07044
47,20051 41,21781 38,41242
46,59017 41,32113 38,17798
46,79362 41,3434 38,41717
49,03158 41,6708 38,88923
45,97982 41,65492 39,1666
47,60743 41,58813 38,74858
46,38672 41,77731 38,99099
46,99705 41,70895 38,63813
48,42123 41,68827 38,91309
46,79361 41,75822 39,37801
48,21777 41,76934 39,15706
46,79363 41,74392 38,63972
46,79361 41,99346 39,10701
46,38672 41,84723 38,97667
47,40396 42,08247 39,37642
47,40397 41,90604 39,10303
45,57293 41,46416 38,6834
49,23503 41,53727 38,85904
46,79363 41,91241 39,27866
46,38671 41,82339 38,61189
49,03156 42,1953 39,36369
46,99706 41,88538 39,1666
50,04881 42,14604 39,63948
46,59018 41,92193 39,59816
48,01431 42,36222 39,44874
48,82813 42,16512 39,40184
48,82812 42,5021 40,14253
47,81089 42,41468 40,02015
46,79361 42,76593 39,53934
47,20052 42,50686 39,53536
50,65918 42,97893 40,29992
47,20052 42,69282 39,65218
48,62467 42,97415 39,56477
