0,8138021 0,2447767 0,1398723
0,6103516 0,2479557 0,1557668
0,6103516 0,2384188 0,1517931
0,6103516 0,2431872 0,1374881
0,4069011 0,2511346 0,1390776
0,4069011 0,2384188 0,1502037
0,6103516 0,2527241 0,1525879
0,6103516 0,2400083 0,1533826
0,6103516 0,2574924 0,1597404
0,4069011 0,2336504 0,1446406
0,6103516 0,2479557 0,1533826
0,6103516 0,2463662 0,1668929
0,6103516 0,2415978 0,1414617
0,6103516 0,2543135 0,1589457
1,017253 0,2511346 0,163714
0,8138021 0,2559029 0,1541774
0,6103516 0,2574924 0,1700718
0,6103516 0,2495451 0,1525879
0,4069011 0,2384188 0,1581509
0,8138021 0,2479557 0,1573562
0,4069011 0,2527241 0,1716613
0,6103516 0,2415978 0,1509984
0,8138021 0,2479557 0,1549721
0,6103516 0,2495451 0,163714
0,6103516 0,2574924 0,1796085
0,6103516 0,2384188 0,1621246
0,6103516 0,2527241 0,1676877
0,6103516 0,2495451 0,1549721
0,6103516 0,2543135 0,1645088
0,6103516 0,2638502 0,1819927
0,6103516 0,2527241 0,1621246
0,6103516 0,2495451 0,1708665
0,6103516 0,2527241 0,1708665
0,6103516 0,2574924 0,1629193
0,8138021 0,2559029 0,1589457
0,6103516 0,2638502 0,181198
1,017253 0,2606713 0,1589457
0,6103516 0,2415978 0,1573562
0,6103516 0,2463662 0,1668929
0,6103516 0,2606713 0,1605352
0,6103516 0,2606713 0,1716613
0,6103516 0,2527241 0,1605351
0,4069011 0,2559029 0,1716613
0,6103516 0,270208 0,1780191
0,6103516 0,2574924 0,1621246
0,6103516 0,2574924 0,1684824
0,6103516 0,2527241 0,1653035
0,8138021 0,2495451 0,1645087
0,4069011 0,2431872 0,1525879
0,6103516 0,2479557 0,1621246
0,4069011 0,2479557 0,1660982
0,6103516 0,2415978 0,149409
0,6103516 0,2622608 0,1756349
0,8138021 0,2447767 0,1708665
0,6103516 0,2622607 0,163714
0,6103516 0,2463662 0,1740454
0,6103516 0,2717974 0,1700718
0,4069011 0,2479557 0,172456
0,6103516 0,2717975 0,1867611
0,6103516 0,2606713 0,1732507
0,6103516 0,2606713 0,172456
0,6103516 0,2638502 0,1827874
0,6103516 0,2511346 0,1740454
0,8138021 0,2797446 0,1819927
0,6103516 0,2686186 0,1891452
0,4069011 0,2543135 0,1684824
0,6103516 0,2654397 0,1827874
0,6103516 0,2479557 0,1668929
0,6103516 0,2749763 0,1859663
0,6103516 0,2733869 0,1875558
0,8138021 0,2479557 0,1668929
0,6103516 0,2574924 0,1804032
0,6103516 0,2606713 0,1796085
0,6103516 0,270208 0,1883505
0,4069011 0,2590819 0,1716613
0,6103516 0,2717974 0,1907347
0,4069011 0,2590819 0,1700718
0,6103516 0,2654397 0,1748402
0,8138021 0,2590818 0,1796085
0,6103516 0,2670291 0,1859663
0,8138021 0,2638502 0,1843769
0,8138021 0,2829235 0,1939135
0,6103516 0,2638502 0,1772244
0,6103516 0,270208 0,1827874
0,6103516 0,2781552 0,1923241
0,6103516 0,2654397 0,1732507
0,8138021 0,2670291 0,1843769
0,6103516 0,2654397 0,181198
0,8138021 0,2797446 0,1907346
0,6103516 0,2606713 0,1740455
0,6103516 0,2845129 0,1978871
0,6103516 0,2527241 0,1732507
0,6103516 0,2686186 0,1851716
0,8138021 0,2829235 0,1931188
0,6103516 0,2845129 0,1915293
0,6103516 0,2733869 0,1931188
0,6103516 0,2686186 0,2034502
0,6103516 0,2606713 0,1947083
0,6103516 0,2781552 0,2026555
0,6103516 0,2686186 0,204245
0,6103516 0,270208 0,2010661
0,6103516 0,2559029 0,1875557
0,6103516 0,2829235 0,2082185
0,6103516 0,2749763 0,1962977
0,6103516 0,2797446 0,2066291
0,6103516 0,2765658 0,1962977
0,6103516 0,270208 0,1915294
0,8138021 0,2861024 0,2018607
0,6103516 0,2749763 0,1970924
0,6103516 0,2972284 0,2137815
0,6103516 0,2829235 0,1994766
0,6103516 0,2924601 0,2129868
0,8138021 0,2956389 0,2106026
0,8138021 0,270208 0,195503
0,8138021 0,2876918 0,2034502
0,4069011 0,2797446 0,2113974
0,8138021 0,3035862 0,2161657
0,6103516 0,2861024 0,2106027
0,8138021 0,2956389 0,2121921
0,6103516 0,306765 0,2241129
0,6103516 0,2972284 0,2169604
0,6103516 0,2988178 0,2113973
0,6103516 0,2797446 0,2161658
0,6103516 0,3019967 0,2288813
0,6103516 0,2940495 0,2177552
0,6103516 0,2988178 0,2161657
0,6103516 0,3035861 0,2257024
0,6103516 0,281334 0,2145763
0,6103516 0,3083544 0,2304707
0,8138021 0,306765 0,2288812
1,017253 0,3131227 0,2280865
0,6103516 0,3035861 0,2249076
0,6103516 0,317891 0,2257023
1,017253 0,3194805 0,2328548
0,8138021 0,3099439 0,2177551
0,6103516 0,3051756 0,2320601
1,017253 0,3321959 0,2423914
0,8138021 0,3099439 0,2280865
0,8138021 0,3163016 0,226497
0,6103516 0,281334 0,2177552
0,6103516 0,2972284 0,2249077
0,6103516 0,3019967 0,2217287
0,6103516 0,3210699 0,2392126
0,6103516 0,3147121 0,2384179
0,8138021 0,3083544 0,229676
0,8138021 0,3290171 0,2392126
0,8138021 0,3258382 0,2415967
0,8138021 0,3242488 0,2415967
0,6103516 0,3353748 0,2527229
0,8138021 0,3194804 0,2400073
0,8138021 0,3369643 0,2503387
0,6103516 0,3449116 0,2574914
0,8138021 0,3608063 0,2654389
0,8138021 0,3735221 0,2757706
0,8138021 0,3433221 0,2559019
0,8138021 0,3480906 0,2670283
0,6103516 0,3544485 0,2590809
0,6103516 0,3131227 0,2368284
0,8138021 0,3925958 0,2837181
0,8138021 0,3544484 0,2598757
0,8138021 0,3353748 0,2566966
0,8138021 0,3449116 0,2527229
0,8138021 0,3767011 0,2757706
1,017253 0,3608063 0,2702073
0,8138021 0,3719326 0,2773601
0,8138021 0,3814695 0,2821286
0,8138021 0,3449116 0,2630545
0,8138021 0,3941852 0,2924603
0,8138021 0,3910064 0,2876918
0,6103516 0,3623959 0,2725916
0,8138021 0,3671643 0,2749758
0,8138021 0,3814695 0,2805391
0,6103516 0,4005433 0,2956393
0,8138021 0,4243852 0,305971
0,8138021 0,3910064 0,2908708
0,8138021 0,4418694 0,3170975
0,8138021 0,4609431 0,3298135
1,017253 0,4482272 0,3234555
0,8138021 0,4371012 0,3202765
0,8138021 0,4657115 0,334582
1,017253 0,4704799 0,3441189
1,017253 0,4577641 0,3449135
1,017253 0,4784272 0,3457084
1,220703 0,491143 0,371934
1,220703 0,491143 0,3695498
1,017253 0,4800167 0,3830598
1,017253 0,5404157 0,402928
1,017253 0,5165741 0,4061067
1,220703 0,5356474 0,422001
1,220703 0,5785621 0,4601473
1,220703 0,5944564 0,4577632
1,424154 0,6214771 0,4816048
1,220703 0,6405509 0,4919363
1,424154 0,6802875 0,519751
2,644857 0,723203 0,5650517
1,424154 0,7549919 0,5745884
1,627604 0,837644 0,6612154
2,034505 0,9075812 0,7104888
2,034505 0,9965908 0,757378
2,441406 1,028379 0,8042659
2,644857 1,147586 0,8956577
3,255208 1,328788 1,000563
2,848307 1,424155 1,108647
3,458659 1,57833 1,224678
4,679363 1,676876 1,292229
2,848307 1,789729 1,38839
3,458659 1,93596 1,52747
4,069011 1,991591 1,553696
4,069011 2,172787 1,668931
4,069011 2,274513 1,796881
3,66211 2,509756 1,982054
4,272461 2,665518 2,092521
5,086263 3,004076 2,34922
4,679363 2,950033 2,328556
5,696614 3,177326 2,477964
5,289714 3,190041 2,55823
6,510415 3,445941 2,760886
7,731118 3,650983 2,940494
5,900065 3,835361 3,043016
7,120768 3,889402 3,137589
6,306966 3,972054 3,2417
6,103516 4,116693 3,341038
7,527668 4,517238 3,643831
6,510417 4,577634 3,757477
6,713867 4,703203 3,879866
7,527668 4,927321 4,003845
8,95182 5,064014 4,084905
7,934567 5,14189 4,293121
8,138019 5,251564 4,282793
7,527668 5,38826 4,435382
8,341471 5,318323 4,387695
8,74837 5,771321 4,701613
8,544919 5,690256 4,723071
9,765622 5,806288 4,748503
8,13802 6,035168 4,925726
9,155272 5,917549 4,898708
9,358723 6,295838 5,155403
9,155272 6,335577 5,24521
11,18978 6,718633 5,623499
10,37597 6,772674 5,558328
10,37597 6,893476 5,765755
9,765623 7,055601 5,873839
10,37597 7,120768 5,903241
13,83464 7,686615 6,368159
12,61393 7,87735 6,661414
11,18978 7,956823 6,70592
11,39323 8,238155 6,852943
11,59668 8,325576 6,899042
13,22429 8,950233 7,532437
13,22429 9,010633 7,609526
14,03809 9,218854 7,854302
13,42774 9,449327 8,025169
16,4795 9,924574 8,318424
16,27605 10,06285 8,426507
15,05534 10,22497 8,749959
14,44499 10,18842 8,656978
15,46225 10,69069 9,098056
14,03809 10,96566 9,351575
17,08985 11,13732 9,430249
16,4795 11,16752 9,58045
15,86915 11,57761 9,838742
15,25879 11,99722 10,34261
17,2933 12,36439 10,49042
17,08985 12,07671 10,36963
17,08985 12,61711 10,79797
17,49675 12,72837 10,92831
18,31056 12,79831 11,16435
18,31056 13,38005 11,54025
18,10711 13,38959 11,60225
18,92091 13,58668 11,61813
19,53126 13,54695 11,74848
17,7002 14,19067 12,07828
19,53126 14,12551 12,08703
19,32781 14,12074 12,31114
19,12436 14,53718 12,59803
20,14161 14,25426 12,47485
20,14161 14,8662 12,95329
19,53126 14,95361 13,01686
20,95541 14,91229 13,02243
19,93816 15,26038 13,29581
22,37956 15,3923 13,36098
20,95541 15,42251 13,4325
21,36231 15,67364 13,58509
22,58301 16,13459 14,08736
20,34506 16,28081 14,13107
21,76921 16,65434 14,47996
21,56576 16,61301 14,46485
20,95541 16,76083 14,81454
22,98991 17,12482 15,07441
22,17611 17,06919 14,80977
22,98991 17,39025 15,32475
24,61751 17,51105 15,24846
22,98991 17,16773 15,05137
23,19336 17,64934 15,59576
24,41405 17,82895 15,63947
23,19336 17,96881 15,95816
25,0244 18,01174 15,85325
25,63476 18,1977 15,86199
25,22786 18,31373 15,951
27,0589 18,45519 16,1465
25,02441 18,67613 16,45724
23,19336 18,29942 15,90967
24,82096 18,59029 16,4485
24,61751 19,18316 16,76957
23,60026 18,77785 16,62335
25,43132 19,06554 16,79738
24,21061 19,51854 17,13355
26,24511 19,49788 17,07713
25,83821 19,56463 16,89672
27,66925 19,50106 17,02389
25,43131 19,54714 17,27421
25,02441 19,59482 17,31077
24,21061 19,75218 17,45463
24,82096 19,8555 17,60165
28,07616 20,43089 17,90842
25,43131 20,22266 17,90206
27,46581 20,24333 17,73041
25,83821 20,40068 17,85517
26,2451 20,4436 18,00934
27,87271 20,45949 17,9855
25,63475 20,45632 17,96166
28,88996 20,44837 17,80033
26,85546 20,88547 18,31135
26,04167 20,55008 18,22949
26,652 20,42135 18,08246
28,07615 20,71064 18,42419
26,85545 21,21925 18,71506
30,721 20,75036 18,3471
27,66925 21,15408 18,62288
26,85546 21,27647 18,63639
26,44856 21,24627 18,6801
29,90721 21,5753 19,04965
27,05891 21,15725 18,81122
27,4658 21,54032 19,11879
26,24511 21,78509 19,16329
27,05891 21,39886 19,06871
28,07615 21,48151 18,95427
32,7555 21,59755 19,12196
31,1279 21,46084 19,00275
29,70376 21,85504 19,27773
28,48305 21,97107 19,47323
26,85546 21,95677 19,27059
28,88995 21,81213 19,26342
28,07615 21,89477 19,36197
27,05891 22,01398 19,66476
29,70376 22,03624 19,46211
30,11065 21,96629 19,46847
28,6865 21,89636 19,36515
27,0589 21,50376 19,04407
31,73825 22,34142 19,5694
28,6865 21,95518 19,34529
28,48306 22,37796 19,72516
30,92445 22,28261 19,77762
28,07615 22,13637 19,83245
27,26235 21,71357 19,509
28,2796 22,42724 19,82291
29,90721 22,29372 19,70688
26,04166 21,7263 19,31827
30,11065 22,4193 19,82291
29,0934 22,36366 19,63535
27,46581 22,49241 20,16862
28,48306 22,39705 19,81577
31,1279 22,76421 20,16624
28,48306 22,22538 19,8404
27,66926 22,35571 19,82928
30,92446 22,81824 20,17577
32,14515 22,61638 19,89127
29,9072 22,62751 20,01604
27,66926 22,32234 19,81418
29,29685 23,1711 20,62161
28,27961 22,90249 20,2171
29,70376 23,21403 20,43804
29,09341 22,84049 20,41896
28,88995 22,96765 20,36333
28,88995 22,46538 19,73073
30,3141 23,06938 20,36969
28,48306 22,85957 20,32042
28,07615 22,58778 20,29895
28,27961 23,02011 20,6685
29,0934 23,23628 20,53102
28,6865 23,04872 20,39989
29,9072 23,10117 20,63433
31,1279 23,41747 20,70427
29,0934 23,48582 21,02216
29,0934 23,28714 20,61526
32,3486 23,31574 20,69552
37,43485 23,56847 20,72573
30,51755 23,10594 20,61447
30,72101 23,41907 20,54373
30,721 23,73696 21,07939
32,55206 23,19018 20,76468
31,33135 23,9245 21,47039
33,9762 23,37932 20,46425
28,27961 23,48899 20,93315
30,11065 23,82278 21,15647
31,9417 23,39521 20,69553
31,9417 23,58277 20,85605
30,721 23,44131 20,94983
30,3141 23,53986 20,80362
30,11065 23,51284 20,85129
31,53481 24,10729 21,36786
31,1279 24,333 21,60232
33,36586 24,01669 21,51251
33,9762 23,97379 21,24787
31,5348 23,88318 21,20733
33,77275 24,51737 21,58324
30,721 23,99922 21,20337
30,3141 24,40771 21,5896
30,51756 23,73854 21,12865
32,95895 24,06438 21,46323
33,5693 24,14387 21,48311
30,721 23,83391 21,34403
35,80724 24,62864 21,80099
31,53481 24,16611 21,47278
34,3831 24,51261 21,83755
30,51755 24,53009 22,01635
32,55206 25,39794 22,47573
32,7555 24,88295 22,0259
32,14515 24,54757 21,90908
30,721 24,64453 21,78907
32,55204 24,79552 22,13001
31,1279 24,84639 21,95993
34,3831 25,49488 22,51785
30,51755 25,03077 22,1459
33,36585 24,92746 22,072
33,36585 25,35661 22,62752
31,5348 25,43925 22,28817
31,12791 25,65542 22,61876
33,36584 25,48694 22,53692
32,95895 25,69515 22,86671
32,3486 25,9606 23,08766
32,34861 26,08617 23,01852
33,56932 26,32458 23,16078
36,8245 25,99715 22,92632
32,7555 26,14815 23,23629
34,17965 26,37545 23,39046
36,0107 26,59161 23,57243
35,1969 26,59002 23,53749
33,5693 26,43108 23,09004
33,9762 26,6854 23,39999
37,43486 27,23217 24,19869
34,38309 26,87135 23,92848
34,38309 27,34343 24,12557
36,62104 27,2862 24,16689
35,1969 27,40541 23,99762
32,95895 27,01758 24,26703
33,77275 27,50714 24,12716
38,0452 27,18766 24,30598
35,6038 27,68357 24,76612
37,63829 27,46899 24,33458
35,6038 27,11771 23,99523
33,77275 27,91721 24,30757
33,56929 27,50714 24,64691
36,41759 27,64225 24,66599
38,0452 28,43219 25,30971
36,21415 27,69151 24,40849
37,43485 28,11431 25,27316
37,2314 28,59432 25,20957
38,0452 28,05232 25,03077
35,1969 28,04914 24,99739
35,40035 28,88042 25,66893
38,859 28,34002 25,05302
37,2314 28,74373 25,40112
35,6038 28,37338 25,38839
33,5693 28,30186 25,2525
36,62104 28,76916 25,50282
35,1969 28,05709 24,84559
37,02795 28,4465 25,41224
34,99345 29,24124 25,77225
36,21415 28,38292 25,29462
38,24865 28,78188 25,43528
39,2659 29,21579 25,95266
38,0452 28,81367 25,55211
36,21414 28,85182 25,5672
36,62104 28,95512 25,71979
34,58655 28,76599 25,7484
37,02794 28,89632 25,45038
40,28316 28,58956 25,57117
41,91076 29,51143 26,24034
42,31768 29,67992 25,9765
37,2314 29,46852 26,16484
36,8245 29,37792 25,91291
36,62105 29,08229 25,70072
36,21415 28,54982 25,42655
35,40035 29,43515 25,90815
40,28315 29,76733 26,52246
39,67281 29,30322 25,52827
36,21415 29,88019 26,62579
36,41759 29,54482 26,16405
38,4521 29,18082 26,15689
36,0107 29,29686 26,12748
37,02794 29,25712 26,04086
37,43484 29,60679 26,43663
37,43484 29,48124 26,31346
39,46935 28,82161 25,62601
37,63829 30,02482 26,64325
36,62104 29,6084 26,23239
40,89351 29,85317 26,55426
38,4521 29,54005 26,58207
37,02795 29,43037 26,40802
38,0452 29,71965 26,03848
36,62106 29,58933 26,4605
38,65554 30,07887 26,86023
39,2659 30,42855 26,77122
38,0452 30,632 27,53019
39,06245 30,62405 27,22738
42,92803 30,05344 26,95719
39,46935 29,75622 26,30234
36,82449 30,19966 26,39212
36,01069 29,75621 26,75693
37,84174 29,75144 26,5312
37,43484 29,90562 26,74737
38,65555 29,93105 27,01123
37,02795 29,89927 26,92698
39,87625 29,95331 26,51452
37,2314 30,33001 27,05891
38,65555 30,29663 26,93336
38,4521 30,39676 27,12965
38,24864 29,74349 26,41359
35,80725 29,73078 26,60195
39,06244 30,33158 27,09069
36,4176 30,44445 27,13917
40,4866 30,62405 27,12329
37,63829 30,78936 27,40382
38,85899 30,39359 26,95799
37,6383 30,19013 27,16619
36,62104 29,81819 26,77439
40,28316 30,74327 27,60172
40,07971 30,94989 27,62158
37,43484 30,59863 27,21945
36,62104 30,29027 27,15668
37,02795 30,15517 27,24885
37,6383 30,57797 26,84434
40,48661 30,64789 27,1956
38,24864 30,8418 27,30289
39,67281 30,70989 27,5604
39,06245 30,53187 27,52065
36,8245 30,72895 27,40859
39,46935 30,94035 27,54609
37,43484 30,62723 27,53813
39,87625 30,54458 26,72036
39,87625 30,47465 27,15348
39,06245 31,06593 27,43641
42,11422 31,14063 27,56993
38,45209 31,10089 27,71615
41,70732 31,07863 27,75747
37,6383 31,11997 27,67245
39,87626 30,92128 27,39109
40,28316 31,32341 28,03404
36,8245 31,1152 27,93153
38,85899 31,08817 27,43799
37,84174 30,73532 27,28063
38,85899 31,33772 28,20969
40,0797 31,35201 27,77655
44,35219 31,34249 27,89497
39,26589 30,89109 27,92913
37,02795 31,31865 27,83934
41,09697 31,46965 27,88225
38,859 31,52527 27,90132
39,67281 31,23441 28,00623
38,85899 31,26302 27,84648
37,63829 30,62087 27,37839
41,30042 30,4349 27,29573
38,85899 30,83863 27,56515
36,8245 30,80207 27,49362
38,04519 30,73055 27,43322
38,85899 30,632 27,53257
44,55564 31,14698 27,86317
41,70731 31,83522 27,77337
39,2659 31,43308 27,79721
36,8245 31,05797 27,53574
43,53839 30,9499 27,61602
43,53838 31,55548 28,04517
42,52112 31,33931 27,91483
39,2659 31,97668 28,25338
39,2659 32,03391 28,48863
39,67281 31,69853 28,66028
38,24866 31,79866 28,24306
38,24866 31,60951 28,39247
41,09696 31,33295 27,59058
41,91077 32,01959 28,32332
42,92804 31,72714 28,17708
41,70731 31,55865 27,75112
38,65554 31,65402 28,27564
43,94529 31,73985 28,29074
40,89351 31,94332 28,77872
38,04519 31,87337 28,66426
39,2659 31,92741 28,7946
44,14874 32,35974 28,80812
40,4866 32,44875 28,91301
40,07971 31,74144 28,03802
44,96254 32,38993 28,90665
41,70732 32,20716 28,62055
39,67281 32,1849 28,57445
38,24865 32,09589 29,01316
39,67281 31,46646 28,20808
38,0452 31,97667 28,73022
39,2659 31,96239 28,66348
39,6728 32,38358 28,73737
38,65554 31,65561 27,80357
41,50386 32,23418 28,59114
42,52113 32,22781 28,70876
41,70733 32,0784 28,5212
41,70732 32,23259 28,79381
39,87626 32,35973 28,97261
40,28317 32,48531 28,85341
39,46935 32,08318 28,64121
43,74184 32,1404 28,77552
41,30043 32,52027 29,0481
41,70732 32,84452 29,28654
43,13147 32,29457 28,67539
38,65555 32,18967 28,95831
46,59016 32,70625 29,43198
41,09696 32,66491 28,75407
40,28315 32,6983 29,16414
39,87625 31,94806 28,59512
40,8935 32,82864 29,13157
42,31769 32,77459 29,13155
40,48661 32,61405 29,04811
39,87625 32,29616 28,5983
38,859 32,26913 28,74533
41,30042 32,42809 28,89313
43,33493 32,84453 29,34772
40,48663 32,30252 28,56492
43,33493 33,31342 29,6235
40,07971 32,88108 29,4725
44,96254 32,90174 29,49396
42,92802 33,03844 29,28257
40,69006 33,07818 29,59728
39,06245 32,58226 29,07592
42,72458 33,01778 29,28257
39,46935 32,38834 29,08069
42,52114 32,38198 29,1109
40,0797 32,86995 29,32308
43,53839 32,99075 29,33341
42,92804 32,46305 29,31117
41,70732 31,99734 28,62373
40,89351 32,93035 29,59171
42,92803 33,08135 29,43673
41,50387 32,98598 29,49158
41,91077 33,28162 29,72443
43,33493 32,62041 28,76837
42,31767 33,42151 29,39938
42,72458 33,05751 29,42164
40,69006 32,862 29,32309
46,18326 33,41831 29,71727
40,28316 33,47076 29,76338
40,69006 33,03049 29,28654
41,70732 33,40403 30,00657
42,52112 33,23076 29,7117
41,91078 33,63766 29,78085
40,0797 32,99871 29,16018
44,3522 33,51369 30,0908
40,69006 33,45487 29,88575
41,91078 33,87766 30,38326
42,31768 34,08112 30,27756
45,97982 33,2562 29,91995
39,6728 33,06864 29,47647
41,70732 34,01277 30,46432
44,3522 33,17037 29,70297
42,31768 33,47235 30,02563
43,13148 33,57568 29,68629
39,67279 33,58044 29,85873
41,50387 33,4501 30,19888
40,69006 33,68216 30,13292
41,09697 34,54839 31,02301
41,30041 33,83476 30,19411
43,13148 34,40219 31,10091
39,87626 34,34497 30,66857
41,70732 34,30046 30,38008
45,166 33,92854 30,33082
44,3522 33,86338 30,41822
41,91078 33,95237 30,76552
41,70732 33,96828 30,14882
46,38671 34,7948 30,87362
41,09696 34,65968 31,00075
43,74183 34,60245 31,10725
43,13149 34,56431 30,34828
42,11422 33,9921 30,59068
43,53838 34,12722 30,42697
42,31767 34,5071 30,86805
43,74183 34,52458 31,00393
42,52113 34,59769 31,00394
43,33493 35,10473 31,03335
43,13147 34,67875 30,93162
41,30041 34,15106 30,70115
45,16601 34,68511 30,89985
44,96254 34,90604 31,39416
44,14873 34,58815 31,11917
44,96256 34,30524 30,76711
47,40397 34,7614 31,51814
48,42123 34,72167 30,91732
44,75909 34,81226 31,19229
42,92804 34,24165 30,32921
39,67281 34,06204 30,95386
47,81088 35,17149 31,41322
43,53839 34,86949 31,78594
47,40397 34,33703 30,71388
42,92804 34,8838 31,17878
42,11423 35,07769 31,71124
44,35218 34,5961 30,89029
43,94529 34,58814 30,86803
41,7073 34,56749 30,94275
43,74183 34,69307 31,39892
43,94529 34,98393 31,32184
42,11424 34,45783 30,81718
46,38672 34,8377 30,9801
43,1315 34,1908 30,63519
42,92804 34,7773 31,51735
44,55566 34,78048 31,16925
45,77636 35,3797 31,24474
44,96255 35,22712 31,48238
49,64194 34,90763 31,47283
42,31769 35,03003 31,35203
39,6728 34,96803 31,53402
43,74184 34,88855 31,48078
42,72458 34,57384 31,25666
45,36945 34,66603 31,33057
43,53839 34,99347 31,5674
43,13147 34,95532 31,36634
43,33494 35,23823 31,26142
43,53839 34,56591 31,35045
45,5729 34,92671 31,28289
42,52113 34,639 31,27493
44,55563 34,94261 31,38223
43,13148 35,37016 31,9298
43,74183 35,24142 31,4903
42,72458 34,99028 31,22091
40,89351 35,01889 31,34567
41,70732 34,85518 31,25587
43,33493 35,24141 31,39652
42,52113 35,49733 31,56661
44,55564 35,39558 31,90833
42,52113 35,31611 31,70885
43,33493 34,93942 31,56344
47,40398 35,53069 31,80422
42,31768 35,24301 31,81457
43,53838 35,4226 32,05377
45,36945 35,3654 31,98224
44,75911 35,51321 31,97668
43,94529 35,23506 31,58408
41,70732 35,31294 31,8392
44,3522 35,13174 31,21533
42,31768 34,89968 31,30593
45,36945 35,0157 31,85668
44,3522 34,63108 31,2829
43,94529 34,67239 30,89585
46,59016 35,61971 31,30912
43,94529 35,06339 31,58409
42,31768 35,66738 32,2286
44,3522 35,3161 31,63734
46,99707 35,16354 31,76687
45,97982 35,55137 32,23418
44,7591 35,88674 32,64904
43,13149 35,23029 31,61667
42,72458 35,3638 31,8074
43,13149 35,35425 31,71045
42,11422 35,44646 31,47204
44,55564 35,22392 31,55389
43,53839 35,36538 31,476
44,55566 35,52116 31,99735
42,92803 35,7691 31,929
46,18327 35,63083 31,92662
44,75909 35,14922 31,59124
43,94529 35,54342 32,1253
42,92803 35,95032 32,53141
44,14874 35,52114 31,68262
43,13148 35,34631 31,71998
47,81088 36,15216 32,33271
45,57291 35,71825 31,86622
43,74184 36,38104 32,36688
44,96255 36,00117 32,59657
43,13148 36,04408 32,66253
46,59016 36,50821 32,79525
44,96254 35,73095 32,21987
44,14875 35,57042 31,88608
48,01432 35,93441 32,30332
44,96255 35,68964 31,83363
43,74184 35,96778 32,38756
44,14875 36,08064 32,44875
42,31767 35,83746 32,37882
49,03159 36,42079 32,73167
41,70733 36,0266 32,18014
46,38671 36,03137 32,2604
49,84539 35,75163 32,25723
48,21778 36,75774 33,35712
45,36946 35,76116 32,5934
42,52113 35,94872 32,36055
45,57291 36,64967 32,79684
42,52113 35,46235 32,01324
47,81088 36,95325 33,36744
44,55566 36,26343 32,11655
44,96255 35,86607 32,15947
46,59017 37,40147 33,58522
45,5729 36,19347 32,60452
45,36946 36,62105 32,88427
48,82814 37,16941 33,3905
46,99707 36,50025 32,93114
44,55565 36,40171 32,59815
46,38673 36,97868 32,93831
47,81088 36,93099 32,96055
46,99706 37,12651 33,24508
45,36945 36,94848 33,20692
49,23504 37,54295 33,4684
47,20053 36,50345 32,82148
44,55563 36,63854 32,66332
46,79361 36,35561 32,35895
48,01433 36,73549 32,87313
47,81089 36,51614 32,73166
45,36945 36,92146 33,04003
51,06609 36,43509 32,93035
45,16598 36,72912 32,81591
44,7591 36,68782 33,30627
45,97982 36,91033 32,71896
47,40397 37,0804 33,11395
46,38671 36,70531 32,74281
48,62469 36,84517 32,82546
48,42121 37,40624 33,06149
46,79362 37,89898 33,54309
48,42123 37,71143 33,18706
47,81089 37,23936 33,55899
49,84539 37,38558 33,44454
47,20052 37,30929 33,60032
46,79363 37,27273 33,21407
48,62469 37,43008 33,35315
