0,6103516 0,3115338 0,2320611
0,4069011 0,2956391 0,2257032
0,6103516 0,2924602 0,2177559
0,8138021 0,301997 0,2257032
0,6103516 0,3178917 0,2336506
0,4069011 0,2924602 0,2272927
0,6103516 0,2924601 0,2241137
0,6103516 0,2765655 0,2066296
0,8138021 0,298818 0,2336505
0,6103516 0,346502 0,2511346
0,6103516 0,298818 0,2272927
0,6103516 0,3242496 0,2320611
0,8138021 0,3433231 0,2479557
0,6103516 0,3178917 0,2336506
0,4069011 0,2829233 0,2145769
0,6103516 0,298818 0,2304716
0,6103516 0,3306074 0,2400084
0,6103516 0,298818 0,2336505
0,6103516 0,3051759 0,2304716
0,6103516 0,301997 0,23524
0,8138021 0,3083548 0,2336505
0,6103516 0,3083549 0,2257032
0,6103516 0,2861023 0,2129875
0,6103516 0,2797444 0,2177559
0,6103516 0,298818 0,23524
0,6103516 0,3083548 0,23524
0,6103516 0,301997 0,2225243
0,8138021 0,3465019 0,2559029
0,6103516 0,2988181 0,2288821
0,6103516 0,3306074 0,2574925
0,6103516 0,3083548 0,23524
0,6103516 0,3337863 0,2527241
0,6103516 0,346502 0,2574924
0,6103516 0,3083548 0,2384189
0,8138021 0,3369653 0,2463663
0,8138021 0,3369653 0,2527241
0,6103516 0,298818 0,2304716
0,6103516 0,3115337 0,2415978
0,6103516 0,3210706 0,2447768
0,8138021 0,346502 0,2543135
0,8138021 0,2892812 0,2257032
0,6103516 0,3274285 0,2400084
0,8138021 0,3051759 0,2304716
0,6103516 0,3147127 0,2272927
0,6103516 0,301997 0,2336505
0,8138021 0,3178917 0,2368295
0,6103516 0,2924602 0,2304716
0,4069011 0,3083549 0,2415978
0,8138021 0,3242495 0,2415979
0,8138021 0,3306074 0,23524
0,6103516 0,3147127 0,2447768
0,6103516 0,3401441 0,2574924
0,6103516 0,343323 0,2590818
0,8138021 0,346502 0,2543135
1,017253 0,3846488 0,2781551
0,6103516 0,3560387 0,2670291
0,6103516 0,3433231 0,2622608
0,8138021 0,3655753 0,2765657
0,8138021 0,378291 0,2765656
0,8138021 0,3337863 0,2479557
0,6103516 0,343323 0,2654396
0,6103516 0,3910065 0,2892812
0,8138021 0,375112 0,2797445
0,8138021 0,406901 0,2972283
0,6103516 0,4164377 0,3035861
0,8138021 0,3878277 0,2861023
0,8138021 0,3878276 0,2924601
0,8138021 0,3719331 0,281334
0,8138021 0,3973643 0,2956389
0,8138021 0,4736579 0,3337854
0,8138021 0,4227955 0,3115333
1,220703 0,4863736 0,3465009
0,8138021 0,470479 0,346501
0,8138021 0,4673001 0,3528589
0,8138021 0,4641213 0,3671642
1,017253 0,4959103 0,3719324
1,424154 0,5467732 0,4196166
1,831055 0,5594889 0,424385
2,237956 0,64532 0,472069
2,441406 0,6993615 0,5181637
3,66211 0,8296968 0,5849206
2,848307 0,9759263 0,6961815
3,86556 1,214346 0,8440017
2,848307 1,440048 1,002947
4,069011 1,618067 1,190503
3,86556 1,993179 1,428922
4,679363 2,536774 1,81675
5,900065 2,889633 2,110799
7,120767 3,156662 2,258619
6,103515 3,477732 2,512932
16,8864 4,835129 3,337859
15,86915 5,076726 3,66052
21,36231 6,087621 4,181863
26,65201 6,437301 4,402796
22,58301 7,473628 5,192756
19,73471 7,70251 5,370777
27,87271 9,069443 6,211599
30,92446 9,393692 6,545385
22,17611 10,30922 7,270177
26,2451 10,69387 7,332167
29,0934 12,89368 8,724529
25,22785 13,55489 9,144151
25,43132 14,29876 10,06127
33,97623 17,56032 11,96225
37,23144 18,84461 12,94931
54,11785 20,40227 14,72791
33,56931 22,02034 16,19816
61,23866 25,24375 19,43429
49,43848 26,5026 21,03328
40,69006 25,79688 20,30849
45,77635 26,51849 21,48151
38,65558 27,46898 21,64363
51,8799 28,56889 21,54668
37,23141 27,3323 21,27965
40,69007 28,60703 22,48763
54,32137 29,92629 23,61616
61,64555 33,11473 25,60933
60,01793 30,85135 24,7844
46,38672 32,04343 24,84003
57,16966 34,44351 27,06207
45,166 32,39311 26,41677
49,64197 33,71872 26,69651
44,55564 32,96849 27,13519
68,76637 35,07929 28,12543
59,00068 34,8822 27,79323
56,55929 37,66693 30,33478
62,66277 35,49891 28,69287
67,74906 37,7178 30,65267
67,13884 38,65559 31,16766
63,47661 41,37674 33,3166
77,10784 46,23413 36,85474
73,64919 50,05202 41,02867
74,46296 50,28408 40,42944
82,60095 52,6778 43,46053
81,17676 52,71913 43,8881
86,05961 57,4112 47,60742
92,56998 61,47388 51,02319
106,8115 62,62782 51,19167
109,4563 67,32308 55,86625
97,04588 72,01833 59,52519
94,40105 72,05648 60,40734
117,3909 72,5206 60,53768
104,3701 71,78944 60,70774
98,47005 72,4602 61,03358
120,0358 75,41024 63,37009
104,9804 76,81531 66,0817
105,3873 78,01058 66,64436
123,291 80,65863 68,34827
108,6426 78,31258 68,63276
114,746 79,85435 69,43069
115,9668 82,12726 71,13298
134,2773 84,8357 72,02785
113,3219 84,12362 71,53669
123,9013 85,80208 73,84458
114,3392 85,5128 71,95791
112,1012 86,94013 74,96358
119,6288 88,51688 76,75331
109,4563 86,27892 74,37389
124,5117 92,19487 78,47628
120,0358 89,85201 78,50646
133,26 95,36108 80,42179
137,7359 95,60267 80,69357
130,615 98,86739 84,65923
150,1462 102,1321 86,04525
132,8532 95,98731 84,16969
127,3599 99,41102 84,19991
140,5843 103,1049 90,29389
177,2052 104,4273 90,33681
143,8394 102,3642 89,39584
189,0056 110,089 92,0343
146,0775 111,6434 96,16055
169,6777 112,187 93,95597
177,2054 109,7933 93,88284
147,9085 115,3564 98,22528
166,0155 111,0999 96,38625
141,1946 109,0526 94,12763
163,1673 114,692 100,0023
150,5533 112,4763 99,71461
155,2327 112,8864 94,88423
157,8776 112,9182 98,443
201,0091 118,6148 101,5806
163,1673 116,3101 100,805
180,0537 119,3618 102,4135
202,4332 121,603 106,2234
195,516 127,2137 108,6123
179,6468 125,3509 107,193
179,2399 119,7084 103,6342
197,1436 123,86 104,4877
179,6468 126,6924 108,8238
164,388 127,5316 109,3674
208,1299 129,9381 110,7136
193,278 126,1552 107,4345
172,7295 121,1007 104,2843
197,1436 126,791 107,6937
188,5986 125,5607 109,3689
178,6295 125,6625 108,1117
181,071 125,4654 107,2296
173,9502 125,8341 109,2005
157,8776 124,0666 107,9209
168,6605 131,359 113,8083
190,6331 132,3255 111,9947
201,8229 135,2914 111,8358
170,8984 131,1715 110,9632
183,9192 127,3631 110,3814
186,5641 128,9113 111,4956
208,7403 129,1656 110,693
174,3571 127,8877 112,745
182,0883 126,8196 111,3272
