0,6103516 0,4371011 0,318687
0,8138021 0,4498168 0,334582
0,8138021 0,4418695 0,3433239
1,017253 0,4561747 0,3385558
1,017253 0,4609431 0,3465029
0,8138021 0,467301 0,3560396
0,8138021 0,4863746 0,3655763
1,017253 0,491143 0,3822652
1,017253 0,4990903 0,3965701
1,017253 0,5118058 0,4100802
1,017253 0,55631 0,43869
1,017253 0,5769727 0,455379
1,424154 0,5912776 0,4736574
1,424154 0,6326035 0,4943202
1,220703 0,6914139 0,5261089
1,627604 0,7549919 0,5706146
1,627604 0,7756547 0,6031996
1,627604 0,7994968 0,6326047
1,627604 0,8344653 0,6572418
2,034505 0,9012232 0,7025413
1,831055 0,9489076 0,7224097
2,034505 1,001359 0,746251
1,831055 1,031558 0,7899603
2,034505 1,045863 0,7867811
1,627604 1,015664 0,7820128
3,255208 1,095135 0,8440005
4,069011 1,19686 0,8948631
6,713866 1,284282 0,9568523
5,493165 1,324019 0,9576478
7,120767 1,387598 1,0101
5,493164 1,430513 1,05381
5,289714 1,449586 1,042684
5,696614 1,570383 1,156331
7,324218 1,659391 1,228649
6,306965 1,684823 1,241366
6,103515 1,789727 1,335143
8,341469 1,861254 1,369316
7,731118 1,908938 1,424948
5,493164 2,131462 1,580715
6,917316 2,355575 1,74125
8,748373 2,533596 1,857281
7,324217 2,566976 1,908939
7,120769 2,946852 2,195834
8,951822 3,309249 2,440612
8,748372 3,650984 2,717178
9,358726 4,014969 3,084341
8,544921 4,561741 3,460249
9,969077 5,16097 3,980796
11,80013 5,72999 4,443327
11,18978 6,508827 5,032222
12,00358 7,009506 5,648139
13,42773 7,721583 6,260871
11,80013 8,387566 7,014273
14,44499 8,630754 7,275738
13,02083 9,093285 7,545949
14,03809 9,473166 7,926623
14,03808 9,593963 8,188088
13,02083 10,08987 8,6689
13,83464 10,1614 8,683201
14,85189 10,73042 9,141759
17,29329 11,19772 9,593961
15,66569 11,10077 9,576483
16,27604 11,73814 10,15425
17,90364 12,11644 10,45068
17,29329 12,24995 10,56035
19,12435 12,66798 11,06738
17,29329 13,00812 11,22555
18,9209 13,44999 11,66582
17,90364 13,71542 11,91695
18,10709 14,0969 12,32862
18,31054 14,62301 12,87539
19,12434 14,50379 12,79751
18,31054 14,71837 13,07964
20,1416 15,03785 13,26639
19,93814 14,9997 13,32521
18,31054 15,15388 13,62482
19,7347 15,8914 14,04683
20,75195 15,65933 13,91569
20,75195 16,05351 14,24789
20,34505 16,05828 14,32736
20,75195 16,37459 14,55387
20,1416 16,30306 14,52605
22,37956 16,80215 14,97189
21,56575 16,71791 14,73108
22,17611 16,8705 15,14276
21,76921 16,88956 14,93931
21,56575 17,2329 15,3486
22,17611 17,31395 15,50754
21,56575 17,43635 15,58463
21,15885 17,45542 15,63707
22,98991 17,78443 15,85563
21,97265 17,73675 15,9653
21,76921 17,90047 16,0408
22,58301 18,0324 16,10518
21,76921 18,09597 16,29511
23,60026 18,39478 16,44135
21,76921 18,45836 16,53433
23,39681 18,84937 16,68533
22,78646 18,97335 16,94282
24,61751 18,97652 17,09143
24,21061 19,25468 17,30998
24,41406 19,40092 17,26945
25,83822 19,85868 17,75185
26,44857 20,20677 17,93622
25,63477 20,47538 18,29624
27,66928 20,48015 18,17624
27,26237 21,27966 19,09097
29,29688 21,38297 19,15534
28,07618 21,60549 19,35005
25,02442 21,65317 19,42317
28,68653 22,21267 19,71166
28,48308 22,36048 20,30531
30,11068 22,45585 20,34267
27,05892 22,68949 20,58425
30,92448 22,98832 20,67566
28,88998 23,47947 21,10004
31,73829 23,62251 21,50058
29,70378 24,07869 21,82484
29,50033 23,98491 21,69848
27,87273 24,16769 21,74934
30,92449 24,50624 22,4487
29,90723 24,46174 22,19121
31,73829 24,80984 22,23809
31,12794 25,14521 22,78964
29,29687 25,12456 22,91441
30,72104 25,50602 23,05905
32,34864 25,67609 23,41667
32,34864 25,88749 23,34595
32,34864 26,23718 23,66305
31,33139 26,40566 24,00716
33,97624 26,41678 24,26704
32,75555 26,64726 24,49275
32,959 26,88408 24,49991
32,959 26,89998 24,59765
34,1797 27,24489 24,6199
34,38315 27,54052 25,13568
33,77279 27,59774 24,89248
33,56934 27,77417 25,47742
37,84181 27,92836 25,45119
34,9935 28,22558 25,67132
34,99351 28,02691 25,51238
34,1797 28,48467 26,2038
37,84182 28,63725 26,26896
33,56935 28,54188 26,2173
33,16245 28,75964 26,39531
36,21421 28,92335 26,37068
36,01076 29,37158 26,81335
34,9935 29,28893 26,80461
34,58661 28,99009 26,54551
33,97625 28,9329 26,7601
36,01075 29,64974 26,9572
37,63837 29,45106 26,70209
36,82456 30,063 27,50953
33,97625 29,27938 26,79667
37,23146 29,91995 27,41973
38,85906 29,64656 27,10423
36,6211 29,98988 27,44992
35,19696 29,99941 27,53814
40,28321 30,15359 27,53258
36,62111 30,18698 27,39033
37,02801 29,97717 27,28781
37,02801 30,03914 27,6184
38,85906 30,07411 27,4094
37,63836 30,28711 27,82346
