0,8138021 0,3083548 0,2225243
0,6103516 0,3178917 0,2384189
0,6103516 0,3083548 0,2320611
0,6103516 0,2956391 0,2272927
0,6103516 0,2670287 0,2098085
0,8138021 0,3147127 0,2336505
0,6103516 0,2861023 0,2193453
0,6103516 0,301997 0,2272927
0,6103516 0,3178917 0,2431873
0,6103516 0,2797444 0,2129875
0,6103516 0,2956391 0,2129875
0,6103516 0,2956391 0,23524
0,6103516 0,2892812 0,2272926
0,6103516 0,3178917 0,2368295
0,6103516 0,3019969 0,2288821
0,6103516 0,3210706 0,2431873
0,6103516 0,2956391 0,2241137
0,6103516 0,3115337 0,2288821
0,6103516 0,2702076 0,2082191
0,6103516 0,3083549 0,2288821
0,6103516 0,3306074 0,2479557
0,6103516 0,2702076 0,2050401
0,6103516 0,3115338 0,2336506
0,6103516 0,3369653 0,2431874
0,8138021 0,3178916 0,2463662
0,6103516 0,2956391 0,2241137
0,6103516 0,3051759 0,2304716
0,6103516 0,2797444 0,232061
0,6103516 0,2892812 0,2257032
0,6103516 0,3115338 0,2304716
0,8138021 0,2956391 0,2225243
0,6103516 0,3337863 0,2527241
0,8138021 0,3019969 0,2368294
0,8138021 0,3051759 0,2288821
0,8138021 0,3051759 0,2241137
0,8138021 0,3115338 0,23524
0,6103516 0,3337863 0,2543136
0,6103516 0,3147127 0,2431873
0,6103516 0,3178917 0,2384189
0,6103516 0,3496809 0,2559029
0,8138021 0,3337863 0,2463663
0,8138021 0,3528598 0,2654397
0,6103516 0,2892812 0,2241137
0,6103516 0,3528598 0,2559029
1,017253 0,3337863 0,2400084
1,017253 0,3687543 0,2686185
0,6103516 0,3592176 0,2702079
0,6103516 0,3210706 0,2431873
0,8138021 0,3147127 0,2431873
0,6103516 0,3306074 0,2463663
0,6103516 0,3369653 0,2495452
0,6103516 0,3178917 0,2400084
0,8138021 0,343323 0,2574924
0,6103516 0,346502 0,2686186
0,6103516 0,3528597 0,267029
0,8138021 0,3687543 0,2765657
0,6103516 0,3528597 0,2686185
0,6103516 0,3687542 0,2702079
0,8138021 0,343323 0,2511346
0,6103516 0,3433231 0,2574924
0,6103516 0,3782909 0,2829234
0,8138021 0,3941854 0,2972284
0,6103516 0,3846487 0,2829234
0,8138021 0,3655754 0,2781551
0,6103516 0,3846488 0,2876918
0,8138021 0,4545845 0,3242488
0,8138021 0,4323322 0,3051755
0,8138021 0,3782909 0,2861023
0,8138021 0,4196167 0,3051755
0,8138021 0,406901 0,2940494
0,8138021 0,4514056 0,3385537
0,8138021 0,4736579 0,343322
0,8138021 0,4641213 0,3385537
1,220703 0,5022681 0,3608061
1,017253 0,4768369 0,3449115
1,017253 0,4895525 0,3528588
1,220703 0,5118049 0,4005429
1,220703 0,5753835 0,4355112
1,220703 0,5658467 0,4291534
1,220703 0,6135308 0,478427
1,627604 0,6484988 0,5038585
1,627604 0,8106232 0,6024042
1,831055 0,8805589 0,6723397
1,831055 0,880559 0,6755186
2,441406 0,9886418 0,7613493
2,237956 1,163483 0,9028122
4,475912 1,239777 0,9218857
3,86556 1,306534 0,9679798
2,848307 1,277923 0,9695692
5,086263 1,570383 1,120568
7,527668 1,688003 1,206397
4,679363 1,653035 1,180967
6,306965 1,821518 1,273155
5,086263 2,174378 1,471838
7,120768 2,660752 1,824697
11,39323 3,700256 2,512931
10,78288 4,345576 2,916654
9,969073 5,146661 3,519057
10,78288 6,039937 4,296302
13,22429 6,834666 5,141894
14,8519 7,969539 5,874634
16,8864 8,875527 6,720225
14,24154 9,301503 7,211368
16,27605 9,969074 7,828076
16,68295 11,8192 9,291966
20,54851 12,10213 9,384155
18,31055 12,70612 9,913443
21,36231 14,48949 11,47906
20,75195 13,9459 11,23746
21,36231 14,9854 12,1514
23,39681 16,12981 12,97951
26,04166 16,66387 13,0113
26,65201 16,43499 13,36098
26,44856 17,49039 13,87596
37,02798 19,22925 15,40184
30,51756 19,52489 15,72609
31,94172 21,05395 17,34575
30,11066 21,7247 17,86392
35,60382 23,14568 18,59665
31,53482 23,19336 19,49787
34,79002 23,91497 20,19565
34,17968 25,01488 21,03805
32,75552 25,44085 21,81052
36,41764 25,53304 21,57847
38,24868 26,37227 22,06007
40,07974 27,47853 23,26966
35,19693 27,64384 23,47152
36,62109 28,44492 24,14384
37,84178 29,10296 24,71447
41,5039 29,54483 25,03395
41,50389 30,71148 25,70788
41,50391 30,29505 26,22287
40,2832 31,36634 26,64567
46,59015 31,69695 27,15905
45,97981 31,85272 27,28303
45,97983 32,45989 28,59116
46,18327 34,18921 29,81821
42,31771 33,55662 28,43856
43,53841 35,01256 29,87384
50,45572 34,99348 29,87702
44,75911 35,73417 31,04527
47,20053 36,24279 30,783
49,03157 37,13607 31,30912
57,37304 37,73371 32,99714
49,64195 38,5793 33,34046
59,61102 39,36132 34,34818
54,72819 38,90037 33,95398
51,87989 39,2882 34,66287
54,11785 41,80908 35,28595
56,76271 42,71508 36,89924
55,94891 43,14104 37,20442
67,95249 45,59518 39,34861
58,59376 44,98165 39,2755
59,00067 45,97981 40,34042
58,18685 46,77138 40,4803
55,94893 46,91125 41,05252
58,39033 48,26865 41,47054
67,34215 48,81859 42,9074
58,18687 49,94711 43,72755
57,5765 48,65329 42,40514
64,08698 49,61967 42,48936
65,5111 49,18735 42,92806
66,7318 49,78498 44,00094
62,25589 50,17281 43,83087
69,58012 50,46845 44,63037
69,17318 50,4176 43,44146
62,05244 51,66054 45,21369
62,0524 50,60514 44,42056
64,90075 50,92622 44,0073
65,10419 51,49206 45,34085
63,47658 53,76817 47,2784
69,98702 54,07652 46,91125
66,52834 52,89714 46,41215
63,27315 53,95572 47,44849
69,17318 53,4312 45,69053
66,3249 53,19914 47,48981
64,90074 54,65508 46,86992
78,125 54,19413 47,87445
70,80082 54,64237 48,32267
69,98702 54,57561 47,57087
75,07326 55,81857 48,92191
69,98701 56,31447 49,71822
68,56287 55,75816 49,73729
75,07326 57,49385 50,1013
77,10776 58,00883 51,76862
71,00426 59,24861 51,47299
73,44566 61,14006 53,10058
79,34573 62,898 55,45775
76,09049 62,56104 54,45799
74,86981 62,3735 54,09399
83,61817 64,49383 55,93935
79,54915 63,72134 55,3306
78,53197 66,09283 57,61308
79,3457 65,80672 58,24884
74,86981 64,50971 57,95319
78,93879 64,85941 57,38577
77,31122 65,49836 59,30424
87,68719 66,39163 58,44116
83,61817 66,46793 59,40916
82,19399 67,59644 61,16708
88,09408 65,36803 58,21864
83,21128 66,6968 58,1948
80,15952 66,0197 58,20592
80,15951 66,05467 58,75111
78,53191 65,47929 58,49679
83,82161 68,16547 59,7048
78,9388 67,79353 59,8224
81,58367 66,71272 60,47249
85,2458 68,76946 60,76018
90,33204 68,67728 60,38031
86,46648 67,29763 59,07695
99,48731 68,74722 59,93843
82,80437 70,92794 62,96952
89,51827 67,53286 60,32465
80,97333 68,64232 61,1639
83,61817 69,09372 61,31808
90,94237 69,472 61,76949
91,34925 71,91022 64,29355
94,80796 70,6609 63,19999
90,53544 72,79398 64,25859
90,94241 71,83077 62,92503
85,65264 72,39661 64,21089
