0,6103516 0,2829233 0,2066296
0,6103516 0,2924601 0,2177559
0,6103516 0,2924601 0,2257032
0,6103516 0,2829233 0,2209348
0,8138021 0,3274285 0,2415979
0,6103516 0,3083549 0,2272927
0,8138021 0,2956391 0,2193453
1,017253 0,3337863 0,2511346
0,6103516 0,2924601 0,2257032
0,6103516 0,3115338 0,2336505
0,8138021 0,3115337 0,2225243
0,6103516 0,298818 0,2098086
0,6103516 0,3147127 0,2320611
0,6103516 0,2924601 0,2257032
0,8138021 0,301997 0,2225243
0,6103516 0,3083549 0,2257032
0,6103516 0,3051759 0,2257032
0,6103516 0,298818 0,2272927
0,6103516 0,2765655 0,1986823
0,6103516 0,2702076 0,1970928
0,8138021 0,3115338 0,2209348
0,6103516 0,2797444 0,2098085
0,6103516 0,3051759 0,2209348
0,6103516 0,2797444 0,2209348
0,4069011 0,2956391 0,2209348
0,6103516 0,301997 0,2209348
0,4069011 0,2892812 0,2193453
0,6103516 0,2956391 0,2288821
0,6103516 0,2956391 0,23524
0,6103516 0,2892812 0,232061
0,6103516 0,2829233 0,2129875
0,6103516 0,2861023 0,2082191
0,6103516 0,2702076 0,2129874
0,6103516 0,2765655 0,211398
0,6103516 0,2924601 0,2209348
0,6103516 0,2956391 0,2225243
0,6103516 0,2892812 0,2225243
0,6103516 0,2892812 0,2177559
0,6103516 0,2861023 0,2082191
0,6103516 0,2797444 0,1923244
0,6103516 0,2574919 0,1955034
0,6103516 0,2924601 0,2193453
0,8138021 0,2892812 0,2193453
0,6103516 0,2861023 0,2241137
0,4069011 0,2638497 0,2066296
0,6103516 0,2797444 0,2193453
0,6103516 0,3210706 0,2400084
0,6103516 0,3115338 0,2161665
0,6103516 0,2670287 0,2082191
0,6103516 0,3083549 0,2288821
0,6103516 0,3115338 0,23524
0,8138021 0,301997 0,2257032
0,6103516 0,2702076 0,2050401
0,4069011 0,3051759 0,2368295
0,6103516 0,2861023 0,2098085
0,6103516 0,2924601 0,2241137
0,6103516 0,3051759 0,23524
0,6103516 0,3051759 0,2225243
0,4069011 0,2733865 0,1970928
0,8138021 0,3147127 0,2368295
0,6103516 0,301997 0,2225243
0,6103516 0,3051759 0,2193454
0,6103516 0,298818 0,2304716
0,6103516 0,298818 0,2241137
0,6103516 0,2702076 0,2161664
0,6103516 0,2861023 0,2209348
0,6103516 0,3115337 0,2272927
0,6103516 0,2765655 0,2098085
0,4069011 0,2733865 0,2082191
0,4069011 0,2702076 0,2129874
0,6103516 0,2861023 0,2177559
0,6103516 0,2797444 0,2034507
0,8138021 0,2638497 0,2066296
0,6103516 0,2924601 0,2145769
0,6103516 0,2829233 0,2145769
0,4069011 0,2861023 0,2034507
0,6103516 0,3115338 0,2177559
0,8138021 0,3337863 0,2479557
0,6103516 0,3051759 0,2320611
0,8138021 0,298818 0,2257032
0,6103516 0,2765655 0,2034507
0,8138021 0,2829233 0,2257032
0,6103516 0,2956391 0,2241137
0,8138021 0,298818 0,2225243
0,6103516 0,3115338 0,2320611
0,4069011 0,2733865 0,2225242
0,6103516 0,3115338 0,2336505
0,6103516 0,3083548 0,2272927
0,6103516 0,298818 0,2241137
0,6103516 0,2861023 0,2209348
0,6103516 0,3083549 0,2272927
0,8138021 0,3147127 0,2272927
0,6103516 0,3083549 0,2415978
0,6103516 0,2765655 0,2209348
0,8138021 0,3306074 0,2495452
0,8138021 0,2861023 0,2257032
0,6103516 0,3242495 0,2415979
0,6103516 0,2956391 0,2209348
0,8138021 0,3210706 0,2479557
0,8138021 0,3019969 0,2288821
0,6103516 0,3083549 0,2320611
0,6103516 0,3242495 0,2495452
0,6103516 0,3147127 0,2447768
0,6103516 0,2765655 0,2209348
0,6103516 0,3242495 0,2368295
0,6103516 0,3306074 0,2463663
0,8138021 0,3401442 0,2463663
1,017253 0,3115338 0,2368295
0,6103516 0,301997 0,2320611
0,8138021 0,3306074 0,2511347
0,8138021 0,3242495 0,2447768
0,6103516 0,3083549 0,23524
0,6103516 0,3369653 0,2511347
0,8138021 0,3369653 0,2463663
0,8138021 0,3401442 0,2590819
1,017253 0,3147127 0,2336505
0,6103516 0,3147127 0,2463662
0,6103516 0,3147127 0,2400084
0,6103516 0,3051759 0,2288821
0,8138021 0,3274284 0,2431873
0,6103516 0,3051759 0,2336505
0,6103516 0,3147127 0,2400084
0,6103516 0,3623964 0,2733868
0,6103516 0,346502 0,2574924
0,6103516 0,3369653 0,2543136
0,6103516 0,3178917 0,2431873
0,6103516 0,301997 0,2304716
0,6103516 0,3147127 0,2384189
0,8138021 0,3178916 0,2447768
0,6103516 0,3433231 0,2574925
0,6103516 0,3623965 0,2654396
0,6103516 0,3210706 0,2463662
0,6103516 0,3115337 0,2431873
0,6103516 0,3655753 0,267029
0,6103516 0,3719331 0,2781551
0,6103516 0,3560387 0,2638502
0,6103516 0,3274285 0,2574925
0,6103516 0,3337863 0,2543136
0,6103516 0,3210706 0,2431873
0,8138021 0,3337863 0,2447768
0,6103516 0,378291 0,2749762
0,6103516 0,3242495 0,2415979
0,6103516 0,3623964 0,2797446
0,6103516 0,3623965 0,2717974
0,8138021 0,3687543 0,2749763
0,6103516 0,3687542 0,2749762
0,6103516 0,3274285 0,2574924
0,6103516 0,3274284 0,2511346
1,220703 0,3655754 0,2733868
0,8138021 0,3433231 0,2543135
0,8138021 0,3623964 0,2717974
0,6103516 0,3178917 0,2368295
0,8138021 0,3719332 0,2781551
0,6103516 0,3306074 0,2543136
0,6103516 0,378291 0,2845129
0,8138021 0,3719331 0,2749762
0,6103516 0,3655753 0,2733868
0,6103516 0,3528597 0,2654396
0,6103516 0,3560386 0,2702079
1,017253 0,3814698 0,2829234
0,6103516 0,3274285 0,2606713
0,8138021 0,3687542 0,2781551
0,8138021 0,4132588 0,2972283
0,6103516 0,3242495 0,2606713
0,6103516 0,3242496 0,255903
0,6103516 0,3147127 0,2447768
0,6103516 0,343323 0,2670291
0,8138021 0,3687542 0,2702079
0,6103516 0,378291 0,2781551
0,6103516 0,375112 0,2765656
0,6103516 0,3528598 0,2622607
0,6103516 0,3592176 0,2733868
0,6103516 0,3560386 0,2717974
0,6103516 0,3465019 0,2686185
0,8138021 0,3814698 0,2845128
0,8138021 0,3941855 0,2861023
0,6103516 0,3623964 0,2717974
0,8138021 0,3623965 0,2765657
0,6103516 0,4132588 0,306765
0,8138021 0,4132588 0,3004072
0,8138021 0,3369653 0,255903
0,8138021 0,3751121 0,2829235
0,6103516 0,3592175 0,2733868
0,6103516 0,3941854 0,2908706
0,6103516 0,3306074 0,2606713
0,6103516 0,3719331 0,2829235
0,8138021 0,3528598 0,2622607
0,6103516 0,3623964 0,2765657
0,6103516 0,3623964 0,2781551
0,6103516 0,3592175 0,2733868
0,8138021 0,3910065 0,2924601
0,8138021 0,3655754 0,2717974
0,6103516 0,3274285 0,2511347
0,6103516 0,4037221 0,29246
0,8138021 0,4005432 0,2956389
0,6103516 0,3496809 0,2638502
0,6103516 0,3687542 0,281334
0,8138021 0,378291 0,2892812
0,6103516 0,3846487 0,2861023
0,8138021 0,3528597 0,2686185
0,8138021 0,3941855 0,2940496
0,6103516 0,43869 0,3115332
0,8138021 0,3623964 0,2733868
0,8138021 0,3878276 0,2892812
0,8138021 0,3719332 0,2845129
0,8138021 0,4132588 0,3004072
0,6103516 0,3719331 0,2829235
0,8138021 0,3496809 0,2654396
0,6103516 0,3973643 0,29246
1,017253 0,3560387 0,2765658
0,6103516 0,4005432 0,29246
0,8138021 0,4132588 0,3019966
0,6103516 0,3910065 0,2908706
0,6103516 0,3910065 0,2813339
0,8138021 0,3814699 0,2797446
0,8138021 0,406901 0,3004072
0,8138021 0,4005432 0,2956389
0,8138021 0,4196167 0,3083544
0,6103516 0,378291 0,2861023
0,6103516 0,3592175 0,2749763
0,8138021 0,4005432 0,2972284
0,6103516 0,3814698 0,2845128
0,8138021 0,3973644 0,295639
0,8138021 0,4005433 0,2924601
0,8138021 0,4005432 0,2940494
0,6103516 0,4132588 0,3019966
0,6103516 0,375112 0,2845129
0,6103516 0,3465019 0,2670291
0,8138021 0,3878276 0,2908706
0,6103516 0,3528597 0,2717974
0,8138021 0,3973643 0,2988178
0,6103516 0,3560386 0,2733868
0,6103516 0,4100799 0,2988178
0,6103516 0,4323322 0,3163016
0,8138021 0,4132588 0,2972283
0,6103516 0,4037221 0,2940494
1,017253 0,41008 0,3004073
0,6103516 0,3719331 0,2829235
0,6103516 0,3496808 0,2654396
0,8138021 0,3910065 0,2940495
0,6103516 0,4355111 0,317891
0,8138021 0,4037221 0,2956389
0,8138021 0,4482267 0,3242488
1,017253 0,4037221 0,3035862
0,6103516 0,3782909 0,281334
0,8138021 0,3941854 0,29246
0,8138021 0,3941855 0,2861023
0,6103516 0,3846487 0,2940495
0,8138021 0,3941855 0,2924601
0,8138021 0,4037221 0,3004073
0,8138021 0,4418689 0,317891
0,6103516 0,4100799 0,3019967
0,8138021 0,4005432 0,3004073
0,6103516 0,3846487 0,2892812
0,8138021 0,3814698 0,2845129
0,8138021 0,4164378 0,3004072
1,017253 0,3878277 0,281334
0,8138021 0,4100799 0,3051755
0,8138021 0,4196166 0,3083544
0,8138021 0,4132588 0,306765
0,6103516 0,3973643 0,2940495
0,8138021 0,4037222 0,2972284
0,6103516 0,4259744 0,3083544
0,6103516 0,4100799 0,2988178
0,8138021 0,4323322 0,3178911
0,8138021 0,4641213 0,3353748
1,017253 0,4577634 0,3337854
0,8138021 0,43869 0,3210699
0,8138021 0,4196166 0,3083544
0,6103516 0,403722 0,2988178
0,6103516 0,4100799 0,3051755
0,6103516 0,4132588 0,306765
0,8138021 0,4323322 0,3147122
0,6103516 0,3878276 0,2908706
0,8138021 0,4132588 0,3083544
0,8138021 0,4069011 0,3004073
0,8138021 0,4545845 0,3274277
0,8138021 0,4196166 0,3035861
0,6103516 0,4100799 0,2972283
0,8138021 0,43869 0,317891
0,8138021 0,4450479 0,3226594
0,8138021 0,4768369 0,3369643
0,8138021 0,4450479 0,3210699
0,8138021 0,4323322 0,3131227
0,8138021 0,4482267 0,3258382
0,8138021 0,4196166 0,2988177
0,8138021 0,43869 0,3226593
0,6103516 0,4259744 0,3131227
1,017253 0,4641213 0,3369642
0,8138021 0,4259743 0,3147121
0,8138021 0,4037221 0,2988178
0,8138021 0,4227955 0,306765
0,8138021 0,4418689 0,3242487
0,8138021 0,4164378 0,3035861
0,8138021 0,4196166 0,3035861
1,017253 0,4482267 0,3242488
1,017253 0,4164377 0,3099439
0,6103516 0,4355111 0,317891
1,017253 0,4450478 0,3274277
0,6103516 0,4291533 0,3131227
0,8138021 0,4355111 0,3210699
0,8138021 0,4577634 0,3242488
1,017253 0,4482267 0,3242488
0,6103516 0,4482267 0,3306065
0,8138021 0,4609423 0,3401431
0,8138021 0,43869 0,317891
0,6103516 0,4291532 0,3226593
0,6103516 0,4514056 0,3433221
0,8138021 0,4227955 0,3083544
0,8138021 0,4482267 0,3226593
0,6103516 0,4514056 0,3306065
0,8138021 0,4259743 0,317891
0,8138021 0,4323322 0,3147122
0,8138021 0,470479 0,3608063
1,017253 0,4673002 0,332196
0,6103516 0,4355111 0,3226593
0,8138021 0,4514057 0,3258382
0,6103516 0,4355111 0,3258381
0,8138021 0,4673001 0,3337854
0,8138021 0,4577634 0,3401431
0,8138021 0,4736579 0,3560378
0,8138021 0,470479 0,343322
1,017253 0,4641213 0,332196
0,8138021 0,470479 0,3401431
0,8138021 0,4545845 0,3480905
0,8138021 0,4704791 0,3655747
0,6103516 0,4545845 0,3623958
0,8138021 0,4609423 0,3337854
0,6103516 0,4482267 0,3290171
0,8138021 0,4545845 0,346501
0,8138021 0,4673001 0,3544484
0,6103516 0,4800157 0,3608062
1,017253 0,4609423 0,3496799
1,017253 0,4831946 0,370343
0,8138021 0,4800158 0,3560378
0,8138021 0,4800158 0,3719325
1,017253 0,4768369 0,3576272
0,8138021 0,5022681 0,3814693
1,017253 0,4514056 0,3385537
0,8138021 0,4482267 0,3385537
0,8138021 0,4609423 0,3528589
0,6103516 0,4768368 0,3687536
0,8138021 0,470479 0,3560378
1,017253 0,4673001 0,3576273
0,8138021 0,4736579 0,3592167
0,8138021 0,4704791 0,3639853
0,8138021 0,4831946 0,3687536
0,8138021 0,4545845 0,352859
0,8138021 0,4863735 0,3767009
1,017253 0,4959103 0,3957746
0,8138021 0,4673001 0,3528589
0,8138021 0,4831946 0,3798799
0,8138021 0,4768369 0,3687536
0,8138021 0,5118049 0,3862377
1,017253 0,4959103 0,3814693
0,8138021 0,505447 0,3925956
1,017253 0,5118049 0,3957745
1,220703 0,505447 0,3862377
1,017253 0,4895525 0,3925957
0,8138021 0,4831946 0,3687536
0,6103516 0,4800157 0,373522
0,8138021 0,4863736 0,3878273
0,8138021 0,5022681 0,3814692
1,017253 0,5181628 0,4037219
0,8138021 0,4959103 0,3798798
0,8138021 0,4736579 0,3862379
1,017253 0,5181628 0,4100798
1,017253 0,5213417 0,3989535
0,8138021 0,4959103 0,3782903
1,017253 0,508626 0,3782903
0,8138021 0,508626 0,4069009
0,8138021 0,4831947 0,3814694
1,220703 0,4863736 0,3719325
1,220703 0,4990892 0,3973641
0,8138021 0,505447 0,400543
0,8138021 0,5022681 0,3957746
1,017253 0,4990892 0,3973641
0,8138021 0,4895525 0,3941852
0,8138021 0,4704791 0,3703431
0,8138021 0,4800158 0,3798799
0,8138021 0,4959103 0,3878272
0,8138021 0,4927314 0,3957746
0,8138021 0,5213417 0,4069009
1,017253 0,4768368 0,376701
1,017253 0,4895525 0,3894168
1,017253 0,5118049 0,3989535
0,8138021 0,4863735 0,3894167
0,8138021 0,5435942 0,4164377
1,017253 0,508626 0,4021325
1,017253 0,4800158 0,3957747
0,8138021 0,4736579 0,3751115
1,017253 0,5022681 0,400543
0,8138021 0,5149838 0,4021324
1,220703 0,505447 0,3846482
1,220703 0,5372364 0,4227956
1,017253 0,4959103 0,3925956
0,8138021 0,4800158 0,3894168
1,220703 0,5213417 0,4132587
0,8138021 0,508626 0,3989535
0,8138021 0,5213417 0,4005429
0,8138021 0,4927314 0,3862378
0,8138021 0,505447 0,400543
0,8138021 0,4736579 0,3878273
0,8138021 0,4768369 0,3719325
1,017253 0,5404153 0,4291535
0,8138021 0,5499521 0,4386903
1,017253 0,5276996 0,4116693
0,8138021 0,5276996 0,4243852
1,017253 0,5308785 0,4212061
1,017253 0,5022681 0,4053114
0,8138021 0,4831946 0,3910062
1,017253 0,505447 0,400543
0,8138021 0,5149839 0,4100798
0,8138021 0,5022681 0,400543
0,8138021 0,4863736 0,4005431
0,8138021 0,508626 0,3957745
0,8138021 0,5054471 0,403722
1,424154 0,4990892 0,4100799
0,8138021 0,4990892 0,4053114
1,220703 0,5149839 0,4116693
1,017253 0,5245206 0,4212061
1,017253 0,505447 0,4053114
1,017253 0,5340574 0,4259745
0,8138021 0,5213417 0,4069009
0,8138021 0,508626 0,4069009
0,8138021 0,5499522 0,4323324
0,8138021 0,5276996 0,4164377
0,8138021 0,5435943 0,4339219
1,017253 0,5118049 0,4100798
1,627604 0,55631 0,4450482
1,017253 0,5658469 0,4323324
1,017253 0,5435942 0,4355114
1,017253 0,5499521 0,421206
1,017253 0,5531311 0,4307429
0,8138021 0,4768369 0,3878273
1,017253 0,5340575 0,4243851
0,8138021 0,5213417 0,4227956
0,8138021 0,5340575 0,4291535
0,8138021 0,5022681 0,4132588
1,017253 0,5213417 0,4227956
1,017253 0,5372364 0,4212061
0,8138021 0,5022681 0,4100798
1,220703 0,5276996 0,4180272
0,8138021 0,5213417 0,4069009
1,017253 0,5181628 0,4275641
1,017253 0,5626679 0,4450482
0,8138021 0,5626679 0,4482271
1,017253 0,5276996 0,4259745
0,8138021 0,5245206 0,4450483
1,220703 0,505447 0,400543
1,017253 0,5245207 0,4196167
1,017253 0,5340574 0,4164377
1,220703 0,5912783 0,4593534
1,017253 0,508626 0,4021325
0,8138021 0,5149838 0,4180272
1,017253 0,5276996 0,4339219
1,017253 0,5435942 0,4291535
1,017253 0,5404153 0,4307429
1,017253 0,5372364 0,4418693
1,220703 0,5626678 0,454585
1,017253 0,5467733 0,4371009
1,017253 0,5404153 0,4307429
0,8138021 0,5276996 0,4466378
0,8138021 0,5340575 0,4434588
1,017253 0,5276995 0,4100797
1,017253 0,5118049 0,4116693
1,017253 0,5435942 0,424385
1,220703 0,55631 0,4561745
1,017253 0,5372364 0,4371009
0,8138021 0,5149839 0,4196167
1,017253 0,5658468 0,4386902
1,017253 0,55631 0,4593535
0,8138021 0,5976362 0,4752481
1,017253 0,5563101 0,4482272
0,8138021 0,5467733 0,4402798
0,8138021 0,5340575 0,4371009
1,017253 0,5817415 0,4657113
0,8138021 0,559489 0,4291534
0,8138021 0,559489 0,4482271
1,017253 0,5785626 0,4577639
1,220703 0,559489 0,457764
0,8138021 0,5340575 0,4291535
1,220703 0,5308785 0,4434588
1,017253 0,55631 0,4402798
1,017253 0,607173 0,4736586
1,017253 0,5658468 0,4625324
1,220703 0,5849204 0,4720692
1,017253 0,5849205 0,4768377
1,017253 0,5785626 0,4736587
1,220703 0,5817415 0,4688903
1,017253 0,6008151 0,484785
1,424154 0,6167096 0,4800164
1,220703 0,5944573 0,4704797
1,017253 0,6008151 0,4673007
1,017253 0,5753836 0,4657113
1,424154 0,5976362 0,4784271
1,017253 0,5912784 0,4768377
1,017253 0,559489 0,4482271
1,424154 0,6262464 0,4895532
1,017253 0,6008151 0,4831955
1,017253 0,5944572 0,4784271
