0,4069011 0,2384184 0,1398722
0,4069011 0,2384184 0,1414617
0,4069011 0,2415974 0,1525879
0,6103516 0,2352396 0,1335144
0,6103516 0,2415974 0,1414617
0,6103516 0,2447763 0,1605352
0,4069011 0,2415974 0,1509984
0,4069011 0,2511341 0,1668931
0,6103516 0,2415974 0,1732509
0,4069011 0,2511341 0,1748404
0,6103516 0,2479552 0,1557668
0,6103516 0,2638497 0,1859666
0,4069011 0,2574919 0,1732509
0,6103516 0,2702076 0,1764298
0,6103516 0,2574919 0,1780193
0,6103516 0,2638497 0,1748403
0,6103516 0,2670287 0,1796087
0,6103516 0,2670287 0,1811982
0,6103516 0,2765655 0,1780193
0,6103516 0,2924601 0,2098086
0,6103516 0,2702076 0,187556
0,4069011 0,254313 0,1986823
0,6103516 0,2733865 0,2002717
0,6103516 0,2924601 0,2002718
0,6103516 0,2988181 0,2177559
0,4069011 0,2415974 0,190735
0,6103516 0,2924602 0,211398
0,6103516 0,3242495 0,23524
0,6103516 0,2861023 0,2098085
0,6103516 0,3019969 0,2161664
0,4069011 0,2765655 0,2018612
0,6103516 0,3051759 0,23524
0,6103516 0,3274285 0,2400084
0,8138021 0,3369653 0,2511347
0,6103516 0,3687542 0,2654395
0,6103516 0,3242495 0,2415979
0,8138021 0,3401442 0,2479557
0,6103516 0,3369653 0,2479557
0,6103516 0,3210706 0,2431873
0,6103516 0,3401441 0,255903
0,6103516 0,3083549 0,23524
0,8138021 0,3306074 0,2447768
0,8138021 0,3465019 0,2574924
0,6103516 0,3337863 0,2606713
0,8138021 0,3528598 0,2686185
0,8138021 0,3623965 0,2702079
0,6103516 0,3528598 0,2686185
0,6103516 0,3592175 0,2702079
0,6103516 0,3846487 0,2876917
0,6103516 0,3814698 0,2797445
0,8138021 0,378291 0,281334
0,8138021 0,3655754 0,2733868
0,8138021 0,4323322 0,3115333
1,017253 0,4164378 0,3099439
1,017253 0,3814699 0,2829235
1,017253 0,4355111 0,3115332
0,8138021 0,4323323 0,3131227
1,220703 0,4355112 0,3194805
0,8138021 0,4259745 0,3035861
0,6103516 0,4482267 0,3226593
0,8138021 0,470479 0,3449115
0,8138021 0,4164377 0,306765
1,017253 0,4673001 0,3512694
1,017253 0,4990892 0,3623956
1,017253 0,4927314 0,3719324
0,8138021 0,5340575 0,4084903
1,220703 0,5435942 0,427564
0,8138021 0,5118049 0,4037219
0,6103516 0,5181628 0,4116693
1,017253 0,5245206 0,4132587
1,017253 0,5817415 0,4450482
0,8138021 0,5785626 0,4529956
0,8138021 0,5912783 0,4657113
1,017253 0,5626679 0,4402798
1,424154 0,5690258 0,4482271
1,424154 0,603994 0,4736586
1,017253 0,6230674 0,4911427
1,017253 0,6198885 0,4768375
1,017253 0,6548564 0,5149849
1,220703 0,6580353 0,5118059
1,220703 0,70254 0,5404159
1,220703 0,7025401 0,540416
1,220703 0,7088979 0,5451843
1,424154 0,7311504 0,5610787
1,017253 0,7184347 0,5928672
1,424154 0,7692975 0,5992252
1,424154 0,8296965 0,6596241
1,424154 0,8455911 0,6739292
1,424154 0,8074443 0,6437296
1,831055 0,8551278 0,6898239
1,627604 0,9886417 0,7661178
1,831055 1,045863 0,8249284
2,441406 1,157125 0,9155281
47,20052 2,059937 1,397132
47,60742 2,231598 1,559258
23,80371 2,190273 1,568795
26,44856 2,75612 1,913707
46,18327 4,510877 2,868969
76,9045 7,197067 4,316968
75,27691 9,657541 5,67754
65,10431 14,69612 8,460679
69,37679 25,01806 14,16843
86,87347 40,59156 25,07845
86,67002 51,12651 35,94717
89,72176 60,32953 46,13245
93,58723 65,20281 49,39243
110,4734 71,07108 54,49936
106,8113 71,75777 56,33361
96,0286 72,60337 58,69713
104,5734 81,2023 67,49957
112,3044 82,97931 68,76003
128,9871 88,10047 71,99295
117,3906 85,7227 73,91145
125,9354 87,14047 71,45094
109,2527 87,30577 73,42825
122,6802 88,57733 74,35966
131,6319 90,45604 75,26561
124,1043 92,74801 78,48585
121,0526 93,58406 79,21863
131,225 92,15357 76,73267
148,1111 96,94415 82,30372
123,9009 96,94729 82,15429
153,4008 98,67659 83,99966
137,125 100,2088 84,26669
135,0905 103,4481 92,30613
137,125 106,7159 92,43958
132,8526 107,5965 95,005
133,8699 107,7554 95,73928
134,2767 106,7668 93,09284
152,7905 106,681 94,5488
129,394 105,8863 93,31543
129,8009 108,5724 96,9139
142,6181 106,6619 95,22429
131,0216 107,4852 94,29607
134,8871 107,3994 96,60709
150,756 109,1542 98,53516
139,3629 108,2196 93,71116
155,4353 109,6946 94,05762
152,7905 110,68 97,05692
146,2802 112,3903 98,86411
143,0249 108,992 96,52448
133,8698 111,7132 99,96877
132,0388 110,5529 97,74992
143,2285 112,6668 98,65115
159,3009 110,6482 99,1566
128,9871 110,9565 99,7844
150,756 112,9879 99,23766
145,0594 112,5809 97,27625
139,1595 112,3489 101,1831
177,2051 117,0187 103,3813
179,0362 112,4507 100,8843
151,7732 116,1222 104,3016
137,3284 113,7667 102,372
164,3873 117,4733 105,3681
127,563 111,0742 98,3841
163,9804 122,3973 110,7611
166,6254 120,738 108,0702
141,3974 117,184 103,3972
154,6215 114,0464 99,38544
156,0456 118,481 104,5829
162,1493 118,3538 106,5793
157,6732 120,9446 108,4389
152,7905 121,7043 109,2574
186,7675 121,3006 105,4094
183,7157 118,9419 106,5904
146,4836 119,2216 107,2119
159,3009 119,2979 107,1705
136,3112 117,8007 106,1724
151,1629 117,718 106,5094
152,587 119,0658 106,8733
140,7871 117,2475 104,0187
159,5044 121,2847 108,7393
145,6698 121,3769 107,2595
138,1423 119,4219 106,7398
164,1839 122,3274 108,5581
179,0362 120,8651 105,3744
152,9939 123,2874 111,1155
148,925 119,1358 107,1292
140,787 120,8683 108,8251
152,587 121,3229 110,0395
156,8594 125,4745 111,9801
180,2569 126,7715 113,8525
184,9364 125,6684 109,5531
159,5043 126,1643 113,3804
173,5429 124,1012 110,5083
157,8768 127,5185 113,9367
167,0322 122,3783 109,437
149,1284 122,0762 109,6484
157,2663 124,7052 111,6321
169,2703 125,8528 114,1815
162,9631 126,3296 114,3007
173,1361 127,1752 114,6822
169,6772 129,2701 116,6038
191,8539 130,1697 115,4499
189,4124 131,6351 119,3981
187,7848 132,0929 119,4743
174,967 129,3114 115,7265
192,0574 130,281 116,5148
191,8539 128,7456 114,0035
162,7596 127,8809 114,8936
162,1493 131,4253 117,8293
154,418 125,7383 114,1942
