0,6103516 0,3274285 0,2320611
1,017253 0,3496809 0,2400084
0,8138021 0,3274285 0,23524
0,6103516 0,2988181 0,2193454
0,6103516 0,2574919 0,2034507
0,8138021 0,3051759 0,2209348
0,6103516 0,2956391 0,2161664
0,8138021 0,3115338 0,2304716
0,6103516 0,298818 0,2272927
0,6103516 0,2765654 0,2193453
0,6103516 0,3115338 0,2272927
0,6103516 0,2892812 0,2129875
0,6103516 0,3242495 0,2320611
0,6103516 0,2765655 0,2098085
0,6103516 0,3306074 0,2447768
0,6103516 0,3210706 0,2368295
0,4069011 0,2956391 0,2209348
0,6103516 0,2829233 0,2241137
0,6103516 0,2797444 0,2145769
0,6103516 0,3083549 0,23524
0,6103516 0,2702076 0,2034507
0,6103516 0,3115338 0,2320611
0,6103516 0,2702076 0,2098085
0,6103516 0,298818 0,2257032
0,6103516 0,301997 0,2272927
0,6103516 0,2956391 0,2241137
0,6103516 0,2829233 0,2082191
0,6103516 0,3147127 0,2384189
0,8138021 0,2765655 0,211398
0,6103516 0,2956391 0,211398
0,8138021 0,3051759 0,2368294
0,6103516 0,2797444 0,2177558
0,6103516 0,298818 0,2257032
0,6103516 0,2861023 0,2209348
0,6103516 0,301997 0,2209348
0,6103516 0,301997 0,23524
0,6103516 0,301997 0,2384189
0,6103516 0,2892812 0,2241137
0,6103516 0,2956391 0,211398
0,8138021 0,298818 0,2272927
0,6103516 0,3019969 0,2225243
0,6103516 0,3051759 0,2304716
0,6103516 0,2924601 0,2193453
0,6103516 0,2861023 0,2145769
0,6103516 0,3083549 0,2400084
0,6103516 0,2892812 0,2225243
0,6103516 0,3178917 0,23524
0,6103516 0,2702076 0,1986823
0,8138021 0,3083548 0,2304716
0,6103516 0,3147127 0,23524
0,8138021 0,2797444 0,2145769
0,8138021 0,3083549 0,2320611
0,8138021 0,3083548 0,2225243
0,6103516 0,298818 0,2368294
0,6103516 0,301997 0,2304716
0,6103516 0,2924601 0,2161664
0,6103516 0,2861023 0,2161664
0,6103516 0,3210706 0,2431873
0,6103516 0,3147127 0,2384189
0,8138021 0,3083548 0,23524
0,6103516 0,298818 0,2384189
0,6103516 0,3051759 0,2257032
0,6103516 0,298818 0,2225243
0,6103516 0,3115338 0,2368295
0,6103516 0,3242495 0,2431873
0,6103516 0,2892812 0,2225242
0,6103516 0,3147127 0,23524
0,6103516 0,2924601 0,2241137
0,6103516 0,3178917 0,2400084
0,8138021 0,3242495 0,2431873
0,6103516 0,2892812 0,2241137
0,6103516 0,298818 0,2304716
0,6103516 0,298818 0,2257032
0,6103516 0,3083548 0,2320611
0,6103516 0,2988181 0,2384189
0,6103516 0,3274285 0,2431873
0,6103516 0,2861023 0,2241137
0,6103516 0,2892812 0,2225243
0,6103516 0,301997 0,2304716
0,6103516 0,3528598 0,2447768
0,6103516 0,2765655 0,2145769
0,6103516 0,298818 0,23524
0,6103516 0,301997 0,2272927
0,6103516 0,3274285 0,2574925
0,6103516 0,3496809 0,2606713
0,6103516 0,2829233 0,2161664
0,6103516 0,3178916 0,2415978
0,6103516 0,3051759 0,2400084
0,6103516 0,2797444 0,2129875
0,6103516 0,3051759 0,2336505
0,6103516 0,3178917 0,2415979
0,8138021 0,3242495 0,2479557
0,6103516 0,3115338 0,2368295
0,8138021 0,3178916 0,23524
0,6103516 0,3178917 0,2463663
0,6103516 0,3115338 0,2400084
0,6103516 0,3115338 0,2336505
0,8138021 0,3147127 0,2447768
0,6103516 0,3178917 0,2368295
0,8138021 0,3178917 0,2415979
0,8138021 0,3147127 0,2479557
0,6103516 0,3274284 0,2511346
0,8138021 0,3592176 0,2654396
0,6103516 0,3210706 0,238419
0,6103516 0,3274285 0,2495452
0,6103516 0,3496809 0,2606713
0,8138021 0,3115337 0,2384189
0,6103516 0,3115338 0,2431873
0,8138021 0,3274284 0,2431873
0,6103516 0,346502 0,2606713
0,6103516 0,375112 0,2765656
0,6103516 0,3083549 0,2368295
0,8138021 0,3496809 0,2638502
1,017253 0,3178916 0,2431873
0,6103516 0,3369653 0,2622608
0,6103516 0,3433231 0,2590819
0,6103516 0,3592175 0,2717974
0,8138021 0,3751121 0,2797446
0,8138021 0,3433231 0,2622608
0,6103516 0,3814698 0,2861023
0,6103516 0,3973643 0,2908706
0,6103516 0,3528597 0,2765657
0,6103516 0,3623965 0,2765657
0,8138021 0,3941855 0,2924601
0,8138021 0,4037221 0,2908705
0,8138021 0,3973643 0,2908706
0,8138021 0,3719331 0,2765657
0,6103516 0,3814698 0,2845128
0,8138021 0,3592176 0,2781552
0,6103516 0,3782909 0,2876918
0,8138021 0,4196166 0,3004072
0,8138021 0,4450478 0,3194804
0,6103516 0,3655754 0,2797446
1,017253 0,4196166 0,306765
0,6103516 0,4132587 0,3019966
0,6103516 0,4100799 0,3051755
0,8138021 0,4450478 0,3242488
1,220703 0,4545845 0,332196
0,8138021 0,4609424 0,3290171
0,8138021 0,4641213 0,3369643
1,017253 0,4450478 0,3290171
0,8138021 0,473658 0,3751115
1,017253 0,4895525 0,3592167
0,8138021 0,4736579 0,3608062
0,8138021 0,470479 0,3528588
0,8138021 0,4863736 0,3687535
0,8138021 0,4800158 0,373522
1,017253 0,4959103 0,3767009
0,8138021 0,4927314 0,3719324
0,8138021 0,5118049 0,4053114
1,017253 0,5118049 0,4084903
1,220703 0,6198885 0,4911427
1,220703 0,5976362 0,4800166
1,220703 0,642141 0,505448
1,220703 0,6771088 0,5165742
1,220703 0,6961823 0,5467736
1,424154 0,7343293 0,5753836
1,424154 0,7565818 0,5928673
1,220703 0,7915498 0,6310139
1,424154 0,8424122 0,6675713
1,424154 0,9504946 0,7406864
1,627604 0,9886419 0,7820125
1,424154 1,001358 0,8106232
1,627604 1,068116 0,8646653
2,034505 1,185735 0,9520856
1,627604 1,246134 1,033147
2,237956 1,309712 1,096724
1,831055 1,303355 1,080831
2,034505 1,398722 1,147587
2,644857 1,459121 1,231829
2,237956 1,49409 1,257261
2,034505 1,475016 1,250903
2,237956 1,497269 1,250903
3,458659 1,598995 1,331967
2,441406 1,611711 1,365345
2,034505 1,548132 1,316072
2,441406 1,694363 1,40826
2,848307 1,681646 1,43687
2,441406 1,678468 1,443228
2,441406 1,818338 1,532236
3,66211 1,859664 1,54972
3,051758 1,9296 1,627604
2,644857 1,90099 1,626013
3,255208 2,091726 1,746814
4,475912 2,266566 1,870792
3,662109 2,412796 1,9598
4,679362 2,756119 2,215704
5,289714 3,201167 2,57969
5,086263 3,382365 2,814928
8,341469 4,13259 3,353755
9,969071 4,62532 3,727277
16,27605 5,337397 4,310608
17,7002 6,170275 5,005201
15,86915 7,212957 5,74589
18,92091 8,837381 6,750426
17,90366 10,80831 8,201599
21,97266 14,13346 10,89097
24,82096 16,94997 13,50562
26,85546 18,2438 15,10462
37,43484 20,50401 16,89116
38,24864 21,58165 17,9704
42,92803 23,35866 19,96199
34,99345 25,41223 20,94746
43,13148 28,93447 23,88158
41,70732 28,48306 24,68586
39,26589 28,72784 24,69063
44,35219 30,46351 26,29915
44,7591 30,9467 26,31504
47,60743 30,76234 26,49465
57,16967 31,97031 27,80118
56,76277 32,5298 27,5421
50,45576 32,49483 27,57229
51,06611 33,55976 28,37338
47,60743 32,39946 27,32276
52,69373 34,18919 27,87589
79,95626 33,93487 29,08705
87,28037 35,13969 29,16493
121,663 38,36311 30,80048
95,41827 41,00481 31,98624
127,3595 49,12057 36,83247
129,8009 63,79763 44,0216
122,8837 89,38792 59,96547
129,8009 104,8531 90,96783
129,8009 106,3631 92,94032
130,2078 113,5855 98,02171
129,5974 111,6623 96,86935
129,5974 113,7635 98,69091
129,8009 116,0396 100,2183
130,2078 116,4973 100,2946
129,8009 116,9424 101,0146
129,8009 115,1654 98,36505
130,2078 112,3934 97,52904
129,8009 115,7662 98,68295
129,8009 113,2454 97,43203
130,2078 117,6767 100,4282
130,2078 117,3016 100,6205
129,8009 113,8144 97,13166
130,2078 116,5386 96,45766
130,2078 116,2176 98,47312
129,8009 118,7829 102,2337
129,8009 118,6494 101,2404
129,8009 117,4637 100,6745
130,2078 119,5459 101,0703
129,8009 121,1131 103,4862
130,2078 116,9169 100,0578
130,2078 120,8396 102,1113
130,2078 122,7247 106,3504
129,8009 118,2711 100,5156
129,8009 120,4328 104,1331
130,2078 123,4463 104,3
129,8009 121,1957 103,944
129,8009 121,059 103,5116
130,2078 121,0272 103,6309
129,8009 121,5327 105,4492
129,8009 123,1443 106,1469
130,2078 121,4691 103,1477
129,8009 123,0076 105,4825
130,2078 123,6879 105,6001
129,8009 124,3618 107,935
129,8009 123,049 104,2936
130,2078 124,2283 107,6569
130,2078 123,4718 105,33
129,8009 123,9549 106,2677
130,2078 122,4799 102,7391
130,2078 122,4132 104,354
129,8009 123,7292 105,748
130,2078 122,836 104,7848
129,8009 123,4877 105,996
130,2078 123,0077 104,5479
129,8009 122,1462 102,9585
130,2078 123,7102 106,433
130,2078 125,6016 106,8733
130,2078 122,1144 104,8181
130,2078 122,1144 105,1043
129,8009 122,5944 105,9228
130,2078 123,9931 107,1419
129,8009 122,5626 103,518
130,2078 124,346 109,4275
130,2078 123,6625 105,3347
129,8009 123,5544 105,314
129,8009 121,1925 102,7265
129,8009 122,0285 103,5529
129,8009 124,0662 105,6876
130,2078 125,2011 108,5883
130,2078 121,2148 103,2574
130,2078 122,8805 102,6549
130,2078 123,0966 105,5922
129,8009 123,6879 104,2841
129,8009 122,0603 104,4351
130,2078 123,1062 106,3186
129,8009 124,7242 108,4341
129,8009 123,6975 106,3567
129,8009 122,4545 104,095
130,2078 124,454 106,3837
129,8009 124,7211 109,6723
130,2078 123,2937 103,9582
129,8009 125,0643 109,4068
130,2078 123,4908 104,0346
129,8009 123,5798 103,9487
130,2078 123,6975 105,5525
130,2078 124,8387 109,7041
129,8009 123,9772 103,4783
130,2078 125,0262 108,4437
