0,8138021 0,3083548 0,2177559
0,8138021 0,3147127 0,2304716
1,017253 0,3115338 0,2304716
0,6103516 0,3051759 0,2336505
0,6103516 0,3306074 0,238419
0,6103516 0,3051759 0,2288821
0,6103516 0,2988181 0,2225243
0,6103516 0,298818 0,2209348
0,6103516 0,298818 0,2193453
0,6103516 0,2956391 0,2225243
0,6103516 0,3115338 0,2384189
0,6103516 0,3178917 0,2368295
0,6103516 0,2924601 0,2145769
0,6103516 0,3147127 0,2368295
1,220703 0,3051759 0,2288821
0,6103516 0,3210706 0,2431873
0,6103516 0,2956391 0,2145769
0,6103516 0,2924601 0,2177559
0,8138021 0,298818 0,2161664
0,6103516 0,3178917 0,2368295
0,6103516 0,2797444 0,2193453
0,6103516 0,3210706 0,2336506
0,6103516 0,3401442 0,2527241
0,6103516 0,3274285 0,2463663
0,6103516 0,298818 0,2193453
0,6103516 0,3274285 0,2463663
0,6103516 0,3242495 0,2400084
0,8138021 0,378291 0,2749762
0,8138021 0,3210706 0,2511346
0,6103516 0,2892812 0,2241137
0,6103516 0,3337863 0,2479557
0,8138021 0,3210706 0,2336506
0,6103516 0,3337863 0,255903
0,6103516 0,3051759 0,2415978
0,6103516 0,2988181 0,2257032
0,6103516 0,3274285 0,2447768
0,6103516 0,3274285 0,2415979
0,8138021 0,3274285 0,238419
0,6103516 0,3306074 0,2447768
0,8138021 0,3337863 0,23524
0,8138021 0,3687543 0,2638501
0,8138021 0,346502 0,2638502
0,6103516 0,3274284 0,2479557
0,8138021 0,3051759 0,2368294
0,8138021 0,3751121 0,2733868
0,6103516 0,3147127 0,2463662
0,6103516 0,3623965 0,2622607
0,6103516 0,3115338 0,23524
0,8138021 0,3401442 0,2606713
0,6103516 0,3369652 0,2527241
0,6103516 0,3655753 0,2749763
0,8138021 0,3751121 0,2765657
0,6103516 0,3687542 0,2765657
0,6103516 0,3496809 0,2654396
1,017253 0,4259745 0,3115333
0,8138021 0,4037222 0,2972284
1,017253 0,4227956 0,3004072
1,220703 0,4450478 0,317891
1,220703 0,4990892 0,3608061
1,017253 0,4990892 0,3687535
1,017253 0,5149838 0,4116693
1,017253 0,5753836 0,4259744
1,220703 0,5785625 0,454585
1,424154 0,6930037 0,5038583
1,831055 0,8074443 0,5785629
1,831055 0,9727471 0,7470441
2,848307 1,179378 0,8598965
7,120767 1,4623 1,058579
6,510417 1,630783 1,177787
9,969075 2,031326 1,444817
13,22428 2,206166 1,57992
12,81738 2,555847 1,802445
14,85189 3,280641 2,218882
11,39323 3,458659 2,31266
11,59668 3,843308 2,55108
13,83464 5,025864 3,439585
13,22428 5,569458 3,744762
14,85189 7,251104 4,836718
18,31055 9,250641 6,351473
19,53126 10,59214 7,866225
22,17611 12,08941 9,061496
21,97266 12,74745 10,04537
21,15886 14,49903 11,43138
23,60026 15,35098 12,52333
23,19336 15,71655 13,07329
26,44856 17,18203 13,91093
27,46581 17,67477 14,43545
34,17968 19,32462 15,91046
25,63476 19,19747 15,96133
31,94172 20,63752 16,6909
26,04167 20,02716 16,99607
36,82454 21,88365 18,28671
37,23144 22,08392 18,21359
36,41763 23,6098 19,62026
37,43487 23,89272 19,48515
38,65559 25,32005 20,54851
37,02798 26,7442 22,34776
45,97982 28,11114 22,39227
41,50391 29,58933 23,75921
44,35221 32,76825 27,1368
45,57293 35,08568 29,308
48,62467 36,88176 31,77483
49,0316 37,64471 32,88747
49,43849 39,32635 33,44854
52,2868 39,91127 34,68673
55,1351 41,66604 36,61633
57,37307 43,09018 37,91173
60,83172 45,28364 38,57137
56,55924 44,1424 38,60314
56,55923 46,41851 40,96349
63,68005 47,72822 41,75186
63,68004 49,10786 43,29998
69,58009 50,11242 43,73233
81,78711 51,17099 44,4444
64,69728 51,14874 45,28205
72,02152 53,72364 46,00047
65,30761 54,38805 47,49459
77,71811 54,86489 47,06066
69,78353 56,74682 49,33835
73,44568 57,49704 50,27772
77,31123 56,96615 50,12194
78,32845 60,99067 52,54112
77,51466 61,65822 53,71729
86,26302 62,74224 54,41665
84,63542 62,06831 53,84764
87,28027 65,71452 57,9548
94,19759 66,80172 57,25384
86,66992 66,77946 58,678
95,41829 67,02107 56,73091
87,68719 68,56919 59,10555
101,1149 70,92795 61,04787
88,50098 69,15093 60,90641
102,3356 74,02739 65,33463
103,9632 72,13592 62,9886
93,99413 75,36253 66,10394
94,80793 76,32892 65,32192
106,4046 79,27579 68,57555
104,3701 79,9465 69,3178
101,3184 81,42472 70,58939
101,3183 80,80482 70,21109
116,1702 83,96468 73,72697
101,5218 85,77983 75,08755
109,4564 87,33431 76,01578
125,1221 91,12676 79,08186
125,7325 92,03593 80,45354
122,8841 91,68307 77,3891
137,3291 94,3343 79,38383
137,9394 95,56769 81,36113
137,9395 100,3996 85,22987
144,043 99,62717 85,79253
139,7705 98,8261 82,9363
137,5326 105,0154 90,909
166,2191 108,0227 92,08681
144,2464 110,9441 93,93214
180,0537 118,1634 98,7625
190,0228 126,3968 105,691
195,7194 130,3736 108,5599
184,3262 141,9449 118,8517
189,6159 144,7328 121,3296
198,3642 149,1896 128,5648
195,7194 149,1006 124,9997
194,0918 147,2187 122,9206
191,6504 150,5629 123,1972
209,7574 151,3513 127,7002
202,4333 152,0793 129,9827
196,1263 146,8023 123,3784
182,4951 148,522 124,3146
205,485 156,409 134,0199
197,347 158,0175 134,8384
192,4642 159,6673 137,1765
193,8883 162,5379 137,4102
198,1608 165,0206 142,196
216,0644 163,9653 141,325
198,7711 164,1655 140,5494
199,585 161,3522 137,9951
198,1608 168,1519 145,642
223,5921 165,6723 144,7709
206,2988 172,7772 146,7291
206,2988 166,2572 138,6992
212,8092 180,6767 157,2688
220,5403 177,9842 154,3474
211,9954 178,5787 154,9053
199,9919 178,9824 153,985
215,454 182,724 159,1793
218,7094 186,952 165,5022
207,5195 183,9606 160,0583
218,3024 185,9347 162,0309
215,6576 188,5796 164,7806
215,4542 189,3584 166,7627
214,8437 192,2576 167,8658
220,9473 184,5518 161,6382
225,0163 189,1772 167,1251
217,0817 188,9451 167,3412
221,761 188,9737 164,2068
211,9955 190,6395 169,7174
224,2025 187,2953 164,4007
