1,017253 0,2924601 0,2257032
0,8138021 0,2956391 0,2272927
0,6103516 0,2861023 0,2161664
0,6103516 0,2924601 0,2225243
0,6103516 0,3178916 0,2384189
0,6103516 0,3051759 0,2288821
0,6103516 0,2892812 0,2193453
0,6103516 0,2829233 0,2161664
0,6103516 0,3051759 0,2368294
0,6103516 0,2956391 0,2257032
0,6103516 0,2861023 0,2209348
0,6103516 0,3019969 0,2257032
0,4069011 0,2829233 0,2129875
0,6103516 0,2892812 0,2177559
0,8138021 0,3337863 0,2431873
0,6103516 0,2892812 0,2225243
0,6103516 0,2797444 0,2209348
0,6103516 0,3083549 0,2336505
0,6103516 0,3592176 0,267029
0,8138021 0,3210706 0,2241138
0,6103516 0,3274285 0,2368295
0,6103516 0,2861023 0,211398
0,6103516 0,3242495 0,2415979
0,6103516 0,2892812 0,2145769
0,6103516 0,3401442 0,2606713
0,6103516 0,2924601 0,2257032
0,6103516 0,2861023 0,2272926
0,6103516 0,3051759 0,2241137
0,4069011 0,2733865 0,2034507
0,6103516 0,3051759 0,2368294
0,6103516 0,298818 0,2272927
0,4069011 0,2892812 0,232061
0,6103516 0,301997 0,2304716
0,8138021 0,2892812 0,2272926
0,6103516 0,3369653 0,2479557
0,8138021 0,346502 0,2574924
0,8138021 0,3178917 0,2431873
0,6103516 0,3306074 0,2463663
0,8138021 0,3528598 0,2527241
0,8138021 0,3210706 0,2400084
0,6103516 0,3528598 0,2606713
0,6103516 0,3433231 0,2622608
0,6103516 0,3337863 0,255903
0,8138021 0,3433231 0,2574925
0,8138021 0,346502 0,2543135
0,6103516 0,3147127 0,2495452
0,6103516 0,3528598 0,2638502
0,8138021 0,3337863 0,2511346
0,6103516 0,3242495 0,2495452
0,6103516 0,3687542 0,267029
0,6103516 0,3782909 0,267029
0,8138021 0,4005433 0,2908706
0,8138021 0,3592176 0,2606713
0,6103516 0,3433231 0,2574925
1,017253 0,346502 0,2606713
0,6103516 0,3528597 0,2574924
0,8138021 0,3878277 0,281334
0,6103516 0,3337863 0,2590819
0,8138021 0,3592176 0,2686185
1,017253 0,3623965 0,2686185
1,017253 0,4164378 0,2988178
0,8138021 0,4100799 0,2956389
0,8138021 0,4673001 0,329017
1,017253 0,4800158 0,3337854
0,8138021 0,4609424 0,3226593
0,8138021 0,470479 0,3306065
0,8138021 0,4863736 0,3337854
1,017253 0,4800158 0,3353749
0,8138021 0,4800158 0,3465012
1,017253 0,5149838 0,3719325
1,017253 0,4990892 0,3687536
1,017253 0,5467732 0,3957745
1,017253 0,5467732 0,403722
1,220703 0,6135308 0,4529956
1,017253 0,6516777 0,4752479
1,627604 0,7502239 0,5674366
1,220703 0,8074443 0,631014
1,831055 0,8932745 0,7009501
1,627604 0,9759261 0,7836021
1,627604 1,007715 0,813802
2,034505 1,045863 0,8392336
2,237956 1,061758 0,847181
1,831055 1,147589 0,9298335
2,034505 1,233419 0,9759272
2,034505 1,118979 0,8964548
2,034505 1,192093 1,015664
2,237956 1,262028 1,045863
2,034505 1,331964 1,072883
2,237956 1,331964 1,103082
2,034505 1,325607 1,103082
2,034505 1,303355 1,091956
2,034505 1,344681 1,115798
2,034505 1,370112 1,128513
1,831055 1,366933 1,145997
2,034505 1,408259 1,16507
2,237956 1,37647 1,147586
2,034505 1,398722 1,173018
1,831055 1,392364 1,165071
2,237956 1,519521 1,25885
2,441406 1,471837 1,233418
2,237956 1,43369 1,206397
2,034505 1,414616 1,207987
2,237956 1,440048 1,215934
2,237956 1,535416 1,289051
2,237956 1,500448 1,281103
2,237956 1,481374 1,257261
2,237956 1,595816 1,309714
2,237956 1,538595 1,295408
2,644857 1,6435 1,362166
2,034505 1,535416 1,304946
2,237956 1,541774 1,293819
2,237956 1,535416 1,296998
2,441406 1,592637 1,333556
2,237956 1,586279 1,341503
2,644857 1,6435 1,373292
2,237956 1,611711 1,373292
2,644857 1,602174 1,343093
2,237956 1,6435 1,360577
2,848307 1,608532 1,349451
2,441406 1,611711 1,371703
2,441406 1,649858 1,373293
2,848307 1,627605 1,363756
2,441406 1,633963 1,390776
2,441406 1,595816 1,347861
2,644857 1,589458 1,358987
2,441406 1,611711 1,370113
2,848307 1,70072 1,427334
2,441406 1,624427 1,38124
2,441406 1,67211 1,40826
2,237956 1,627605 1,373292
2,237956 1,633963 1,360577
2,441406 1,675288 1,430512
2,644857 1,691183 1,40667
2,644857 1,691183 1,40826
2,848307 1,713435 1,460712
2,237956 1,684825 1,432102
2,848307 1,675289 1,400313
2,237956 1,659395 1,405081
2,441406 1,72615 1,459122
2,644857 1,672109 1,43846
3,051758 1,742046 1,459123
2,441406 1,710256 1,451175
2,848307 1,688005 1,395544
2,237956 1,618069 1,395545
2,441406 1,697541 1,446407
2,441406 1,646679 1,413029
2,644857 1,72933 1,457533
2,644857 1,726151 1,447997
2,237956 1,678467 1,40826
2,644857 1,732509 1,473427
3,051758 1,745224 1,476606
2,644857 1,707078 1,424155
2,848307 1,738866 1,473427
2,441406 1,691183 1,444818
2,441406 1,742045 1,479785
2,441406 1,668931 1,451175
2,644857 1,742045 1,459122
2,237956 1,735687 1,484553
2,441406 1,688004 1,441639
2,644857 1,70072 1,446407
2,441406 1,688004 1,455944
2,441406 1,735687 1,46548
2,644857 1,646679 1,414618
2,237956 1,738866 1,475016
2,644857 1,713435 1,463891
2,441406 1,691183 1,433692
3,051758 1,815159 1,506805
2,644857 1,678468 1,443228
2,644857 1,789728 1,505216
2,441406 1,738866 1,478196
2,644857 1,815159 1,519521
2,237956 1,75476 1,487732
2,441406 1,681646 1,440049
2,644857 1,770655 1,505216
2,848307 1,761118 1,497269
2,848307 1,837412 1,548131
2,644857 1,827875 1,57674
2,644857 1,78337 1,502037
2,441406 1,738866 1,479785
3,051758 1,827875 1,529057
2,237956 1,805623 1,535415
2,848307 1,764298 1,487732
2,441406 1,846948 1,579919
2,644857 1,831054 1,554488
2,848307 1,859664 1,559257
3,051758 1,84059 1,533825
2,644857 1,866022 1,591045
3,051758 1,862843 1,60853
3,458659 1,923242 1,630781
3,255208 1,935958 1,641908
2,644857 1,923242 1,621245
2,848307 2,015431 1,713434
2,848307 2,024968 1,724561
3,051758 2,101264 1,788141
3,051758 2,002715 1,702308
3,051758 2,056758 1,770656
2,644857 2,066295 1,775424
3,255208 2,072653 1,746814
3,662109 2,104442 1,805624
3,255208 2,120337 1,81834
2,644857 2,047221 1,754761
2,848307 2,063116 1,772245
2,848307 2,104442 1,796087
2,848307 2,148947 1,850129
3,255208 2,215704 1,897812
3,458659 2,174378 1,854898
3,255208 2,168021 1,854898
2,644857 2,040863 1,792909
3,662109 2,193452 1,878739
3,051758 2,180736 1,894634
3,458659 2,158484 1,899403
3,255208 2,202989 1,923244
3,458659 2,22842 1,912117
3,051758 2,177557 1,880329
3,051758 2,244314 1,937549
3,86556 2,295176 1,974106
3,255209 2,400079 2,066293
3,255208 2,291996 1,994769
3,458659 2,298354 1,962979
3,458659 2,409615 2,034505
3,458659 2,377826 2,07583
3,66211 2,390542 2,067883
4,06901 2,409615 2,080599
3,458659 2,479553 2,13623
4,06901 2,42551 2,098083
3,66211 2,5177 2,13782
3,255209 2,511343 2,175966
3,458659 2,470016 2,144176
3,458659 2,463658 2,13623
3,255208 2,485911 2,153713
4,06901 2,422331 2,118745
3,662109 2,428689 2,10444
3,458659 2,546312 2,174377
3,458659 2,632143 2,249082
3,255209 2,667111 2,299944
3,86556 2,619427 2,241134
4,272461 2,622606 2,255439
3,86556 2,644858 2,295176
3,86556 2,6385 2,298355
3,662109 2,584458 2,263386
3,662109 2,657574 2,315839
3,66211 2,708436 2,358756
3,66211 2,654395 2,317429
4,06901 2,845127 2,460481
4,475912 2,702078 2,350808
3,458659 2,670289 2,350809
3,86556 2,762477 2,374649
4,069011 2,721152 2,382597
4,475911 2,765656 2,377828
3,86556 2,784729 2,43505
3,66211 2,743404 2,417567
3,458659 2,686183 2,34445
3,86556 2,813339 2,409618
3,86556 2,791087 2,433461
4,27246 2,997716 2,589226
4,272461 2,870559 2,533595
4,069011 2,905525 2,481143
4,882813 2,886453 2,500217
4,475912 3,016788 2,563795
4,06901 2,972283 2,636908
3,86556 2,902347 2,563794
5,086263 3,048578 2,66075
4,679362 3,061293 2,614656
4,06901 3,0454 2,694129
4,06901 2,991358 2,63214
4,069011 3,007253 2,640087
4,679362 3,070831 2,705254
4,475912 3,089905 2,667108
4,069011 3,137589 2,671877
3,86556 3,026327 2,681414
4,06901 3,07719 2,683003
4,475912 3,156662 2,74976
4,882813 3,163021 2,773602
4,069011 3,172558 2,784729
4,06901 3,156664 2,756119
4,679362 3,239315 2,799033
4,069011 3,172559 2,786318
4,475912 3,207527 2,756119
4,06901 3,140769 2,802213
4,475912 3,118516 2,756118
4,679362 3,153485 2,773603
4,272461 3,112159 2,77996
4,679362 3,306072 2,857844
5,696614 3,201169 2,776782
4,475912 3,290178 2,907119
4,272461 3,185274 2,786319
4,272461 3,172558 2,760886
4,475912 3,201168 2,779959
4,475912 3,2266 2,876919
4,679362 3,163022 2,797446
4,679362 3,274283 2,880097
4,06901 3,147127 2,767245
4,272461 3,302892 2,911888
4,272461 3,258389 2,851487
4,475912 3,182096 2,827645
4,069011 3,182095 2,805392
5,086263 3,277462 2,856256
4,882813 3,372828 2,916655
4,069011 3,191632 2,832414
4,272461 3,290178 2,862613
4,475911 3,274283 2,835594
4,272461 3,280641 2,894403
4,475912 3,280641 2,84195
4,882812 3,156664 2,778371
5,086263 3,302894 2,889635
3,865561 3,258388 2,834003
4,06901 3,261567 2,87374
4,679362 3,280641 2,927783
4,272461 3,252031 2,87533
5,086263 3,344219 2,873739
4,475912 3,277462 2,832413
4,272461 3,14077 2,773603
4,679362 3,337861 2,90076
4,882813 3,302893 2,888046
4,475912 3,382364 2,970696
4,679362 3,207527 2,84354
4,069011 3,229779 2,830823
4,069011 3,178917 2,781551
4,882813 3,293357 2,913477
4,882813 3,245673 2,854667
4,272461 3,341039 2,90712
4,475912 3,290177 2,926192
4,475912 3,331502 2,929371
3,86556 3,204347 2,813339
4,272461 3,407795 2,983412
4,272461 3,28382 2,915066
4,475912 3,353755 2,970698
4,475911 3,420511 3,018379
5,696615 3,379186 2,954802
4,475912 3,252031 2,865792
4,069011 3,261568 2,90553
5,493165 3,442763 3,012022
4,475912 3,315608 2,908709
4,475911 3,236137 2,838772
4,882813 3,42369 3,01679
4,882813 3,391901 2,973875
4,882812 3,410974 2,961159
5,086263 3,468194 3,021559
4,679362 3,48091 3,0152
5,086263 3,484089 3,008843
5,086263 3,449121 3,04381
5,289713 3,39508 2,994537
4,679362 3,48091 3,09785
4,882813 3,474552 3,061293
4,679362 3,391901 2,996128
5,493165 3,465015 3,072421
4,679362 3,465015 3,018379
4,475912 3,449121 3,031095
5,289714 3,436405 3,031095
5,086263 3,445943 2,970697
4,882813 3,417332 3,031095
4,475912 3,471373 2,996127
4,679362 3,44912 3,026326
4,475912 3,391901 2,948444
4,882813 3,309251 2,961161
4,679362 3,490446 3,064473
4,475911 3,50952 3,085135
4,679362 3,455478 3,039042
5,289714 3,407796 3,023147
5,086262 3,455478 3,054937
5,086263 3,465016 3,010433
4,882812 3,417331 2,991359
5,289714 3,544488 3,143945
4,475912 3,490446 3,032683
4,882812 3,414153 2,999305
5,289714 3,550846 3,10103
4,475912 3,522236 3,105799
5,289714 3,56992 3,110568
4,679362 3,430047 3,019967
5,289714 3,566741 3,113746
4,475911 3,465015 3,061294
4,679362 3,487267 3,102619
5,086263 3,579457 3,142356
4,882813 3,554025 3,135998
4,475912 3,477731 3,056525
4,679362 3,557205 3,04858
4,679362 3,503161 3,035863
4,679362 3,579456 3,143945
4,475912 3,519058 3,077188
4,882813 3,445942 3,048579
4,475912 3,465015 2,992947
4,882813 3,430048 3,040632
4,475912 3,525415 3,094672
4,679362 3,56674 3,135998
5,086263 3,671646 3,19004
5,086263 3,588994 3,132819
4,679362 3,487267 3,09785
4,475911 3,655752 3,221829
5,086263 3,614424 3,131228
4,679362 3,506341 3,093082
4,679362 3,499983 3,06924
5,086263 3,614425 3,170966
4,882813 3,474551 3,094672
4,475912 3,614425 3,140766
4,882813 3,59853 3,150303
4,679362 3,582636 3,09944
4,679362 3,496804 3,088314
4,475912 3,455478 2,999305
6,103515 3,674825 3,210702
5,086263 3,706614 3,226598
4,882813 3,48091 3,051756
5,493164 3,617604 3,151892
4,882812 3,582636 3,134409
5,493164 3,503163 3,078778
4,679362 3,655751 3,225008
4,679362 3,554025 3,105798
4,475912 3,576277 3,142356
4,069011 3,522236 3,110566
4,475912 3,452299 3,067651
5,086263 3,611246 3,174145
4,882813 3,585814 3,180502
4,679362 3,639856 3,199576
4,882813 3,665288 3,186861
5,493164 3,798803 3,299713
5,696615 3,662109 3,21865
4,475912 3,59853 3,172555
5,086263 3,627141 3,178913
4,882813 3,712972 3,271103
5,493164 3,550846 3,121692
4,272461 3,573099 3,16143
4,679362 3,681183 3,213882
4,679362 3,728868 3,264745
5,086263 3,48091 3,093082
4,882813 3,741583 3,291766
5,086263 3,595351 3,147124
4,475912 3,608068 3,182093
4,882813 3,63032 3,180503
4,882813 3,649393 3,221829
4,679362 3,627141 3,194809
4,882812 3,598531 3,153482
4,882813 3,617604 3,175735
6,510417 3,709794 3,210703
4,882813 3,503161 3,107387
4,882813 3,582636 3,128051
4,882812 3,550845 3,137587
4,679362 3,519057 3,09944
4,679362 3,557204 3,09944
5,493164 3,499983 3,147124
5,289714 3,744763 3,31243
5,086263 3,63032 3,178913
4,679362 3,582635 3,169376
4,475911 3,649395 3,234545
4,679362 3,684362 3,225008
4,679362 3,639857 3,202755
6,103516 3,684362 3,186861
4,679362 3,534952 3,150303
4,679362 3,563563 3,097852
4,882813 3,56674 3,153481
5,696616 3,588993 3,18845
4,882812 3,525414 3,118513
4,882813 3,608068 3,174144
5,289714 3,668467 3,197988
4,475912 3,630321 3,215472
5,086263 3,741584 3,285408
4,679362 3,665288 3,197988
4,882813 3,665288 3,175735
5,086263 3,71933 3,275871
4,475912 3,652573 3,191629
4,882813 3,560383 3,143946
4,679362 3,623963 3,202756
4,882813 3,738404 3,226598
5,086263 3,770194 3,244082
4,882813 3,725689 3,275872
5,086263 3,738404 3,286998
5,289714 3,716152 3,271102
5,289714 3,665289 3,221829
5,086263 3,59853 3,167787
4,475912 3,557204 3,170966
5,086262 3,573098 3,186861
4,475912 3,684363 3,253619
4,882813 3,671647 3,232955
5,289714 3,789266 3,296534
5,289714 3,63032 3,177324
5,086263 3,598531 3,183682
4,679362 3,614425 3,170966
4,272461 3,639858 3,213883
5,086263 3,668468 3,244081
5,086263 3,709794 3,25044
6,103516 3,754298 3,25044
5,289714 3,757478 3,22183
5,493164 3,786088 3,325145
4,679362 3,738404 3,275871
5,289714 3,751119 3,245672
5,900066 3,725688 3,256798
5,289714 3,719331 3,25203
5,086263 3,738404 3,301302
4,882812 3,604888 3,21706
5,086263 3,697078 3,220239
4,882813 3,687541 3,24726
5,289713 3,757478 3,274282
5,696614 3,763836 3,318787
5,289714 3,665289 3,250441
4,475912 3,627141 3,215472
4,679362 3,655751 3,244082
5,086263 3,633499 3,215471
5,086263 3,811519 3,363293
5,289714 3,665288 3,209113
5,900065 3,662109 3,178913
5,289714 3,716151 3,274282
5,086263 3,760657 3,33786
4,882813 3,747941 3,314018
