0,6103516 0,2956391 0,2209348
0,6103516 0,2670287 0,1955034
0,6103516 0,2956391 0,2225243
0,6103516 0,2892812 0,2257032
0,6103516 0,2924601 0,2129875
0,6103516 0,3178917 0,2447768
0,8138021 0,3019969 0,2241137
0,6103516 0,3083549 0,2272927
0,8138021 0,3147127 0,2272927
0,8138021 0,2924601 0,2177559
0,6103516 0,298818 0,2209348
0,6103516 0,2956391 0,2225243
0,6103516 0,2797444 0,2145769
0,6103516 0,3178917 0,2336506
0,6103516 0,3051759 0,2384189
0,6103516 0,3274285 0,2400084
0,6103516 0,3178917 0,2384189
0,6103516 0,3147127 0,2400084
0,6103516 0,2797444 0,2193453
0,8138021 0,3051759 0,2225243
0,6103516 0,298818 0,2225243
0,6103516 0,2924601 0,2241137
0,6103516 0,2765655 0,2177558
0,8138021 0,3401442 0,2463663
0,6103516 0,2702076 0,2082191
0,8138021 0,3178916 0,2320611
0,8138021 0,301997 0,2288821
0,6103516 0,2797444 0,2161664
0,6103516 0,2956391 0,2193453
0,4069011 0,2892812 0,2225243
0,6103516 0,2892812 0,2145769
0,8138021 0,3051759 0,2272927
0,6103516 0,2861023 0,2129875
0,6103516 0,2829233 0,211398
0,8138021 0,2861023 0,2082191
0,8138021 0,3210706 0,23524
0,6103516 0,2956391 0,2177559
0,6103516 0,2733865 0,2018612
0,6103516 0,2892812 0,2288821
0,8138021 0,3337863 0,2400084
0,6103516 0,301997 0,2304716
0,8138021 0,301997 0,2241137
0,6103516 0,3115338 0,2241138
0,6103516 0,3083549 0,2304716
0,6103516 0,298818 0,2288821
0,6103516 0,3210706 0,2368295
0,8138021 0,3274285 0,2415979
0,4069011 0,3115338 0,2320611
0,6103516 0,3115338 0,2431873
0,6103516 0,3115338 0,2336505
0,6103516 0,3210706 0,2241138
0,6103516 0,3083549 0,2320611
0,6103516 0,3178916 0,2241138
0,8138021 0,3051759 0,2288821
0,6103516 0,3115338 0,23524
0,6103516 0,3051759 0,2400084
0,6103516 0,3337863 0,2431874
0,6103516 0,298818 0,2225243
0,8138021 0,3306074 0,2479557
0,6103516 0,3401441 0,255903
0,8138021 0,3115337 0,2304716
0,6103516 0,3115338 0,2447768
0,4069011 0,2765655 0,2241137
0,8138021 0,3337863 0,2463663
0,8138021 0,3115338 0,2320611
0,8138021 0,3178917 0,2336506
0,6103516 0,3623964 0,2638501
0,6103516 0,3242496 0,2447768
0,6103516 0,3401442 0,2511347
0,8138021 0,3019969 0,232061
0,4069011 0,3083549 0,2463662
0,6103516 0,3242496 0,2431874
0,8138021 0,3242495 0,2400084
0,6103516 0,3115338 0,2415978
0,6103516 0,3242495 0,2495452
0,6103516 0,3592175 0,2686185
0,6103516 0,3337863 0,2574925
0,6103516 0,2956391 0,2384189
0,6103516 0,3115338 0,2400084
0,8138021 0,3242495 0,2400084
0,8138021 0,3306074 0,2527241
0,6103516 0,3051759 0,2257032
0,6103516 0,3051759 0,2384189
0,6103516 0,3401441 0,2463662
0,6103516 0,3115338 0,23524
0,8138021 0,3274285 0,2463663
0,6103516 0,3433231 0,2590819
0,6103516 0,3528598 0,2638502
0,6103516 0,3592175 0,2686185
0,8138021 0,3592176 0,2638502
0,6103516 0,3337863 0,255903
0,8138021 0,3528598 0,2574924
0,6103516 0,346502 0,2670291
0,6103516 0,2861023 0,2352399
0,6103516 0,3306074 0,2543135
0,6103516 0,3306074 0,2543135
0,6103516 0,3465019 0,2654396
0,4069011 0,3115338 0,2431873
0,6103516 0,3496808 0,2670291
0,6103516 0,3369652 0,2606713
0,6103516 0,3401441 0,255903
0,6103516 0,3115338 0,2368295
0,6103516 0,3210706 0,2495452
0,8138021 0,3433231 0,255903
0,6103516 0,3274285 0,2527241
0,6103516 0,3560386 0,2702079
0,6103516 0,3274285 0,2527241
0,6103516 0,3592175 0,267029
0,6103516 0,3465019 0,2606713
0,6103516 0,3178917 0,2447768
0,6103516 0,3019969 0,2384189
0,6103516 0,3337863 0,2527241
1,017253 0,346502 0,2574924
0,6103516 0,3147127 0,2431873
0,6103516 0,3782909 0,2781551
0,8138021 0,2861023 0,2336505
0,8138021 0,3814698 0,2797445
0,6103516 0,3083548 0,2447768
0,6103516 0,3496808 0,2606713
0,6103516 0,3401441 0,2590818
0,6103516 0,3401441 0,2590819
0,6103516 0,301997 0,2304716
0,4069011 0,3083549 0,2400084
0,6103516 0,3115338 0,2463662
0,6103516 0,3147127 0,2320611
0,6103516 0,3337863 0,2479557
0,8138021 0,3433231 0,2543135
0,6103516 0,3369653 0,2527241
0,8138021 0,3433231 0,2622608
0,6103516 0,3528597 0,2574924
0,8138021 0,3401442 0,2622608
0,6103516 0,3210706 0,2511346
0,6103516 0,3147127 0,2447768
0,8138021 0,3623964 0,2781551
0,6103516 0,3178917 0,2415979
0,8138021 0,3401441 0,2590819
0,6103516 0,3178916 0,2479557
0,6103516 0,3623964 0,2717973
0,6103516 0,3719331 0,281334
0,6103516 0,3433231 0,2686186
0,6103516 0,3083549 0,2447768
0,6103516 0,3274285 0,2495452
0,8138021 0,3210706 0,2527241
0,8138021 0,3306074 0,2511346
0,6103516 0,3306074 0,2543136
0,6103516 0,3274285 0,2511346
0,6103516 0,3369653 0,2543136
0,6103516 0,3210706 0,2431873
0,8138021 0,3433231 0,2638502
0,6103516 0,3623965 0,2765657
0,8138021 0,3592176 0,2717974
0,8138021 0,3274285 0,255903
0,6103516 0,346502 0,2606713
0,6103516 0,3242496 0,2447768
0,6103516 0,3210706 0,2495452
0,6103516 0,3751121 0,2781551
0,6103516 0,3274285 0,2447768
0,8138021 0,3528597 0,2717974
0,6103516 0,3655753 0,2686185
0,6103516 0,3337863 0,2543136
0,6103516 0,3306074 0,2479557
0,8138021 0,346502 0,2574924
0,8138021 0,3623964 0,267029
0,8138021 0,3528598 0,2654396
0,6103516 0,3560386 0,2797446
0,8138021 0,3814699 0,2829235
0,8138021 0,3751121 0,2797446
0,6103516 0,3973643 0,2908706
0,6103516 0,3496808 0,2638502
0,6103516 0,3369652 0,255903
0,6103516 0,3623964 0,2781551
0,6103516 0,3655753 0,2749762
0,8138021 0,3337863 0,2543136
1,017253 0,3496809 0,2638502
0,6103516 0,3210706 0,2527241
0,6103516 0,3782909 0,2765656
0,6103516 0,3306074 0,2590819
0,6103516 0,3623964 0,2765657
0,8138021 0,3910065 0,2956389
0,6103516 0,3528597 0,2702079
0,6103516 0,3687542 0,2797446
0,6103516 0,3782909 0,2797445
0,8138021 0,4005433 0,2940495
0,6103516 0,3687542 0,281334
0,6103516 0,3782909 0,2733867
0,8138021 0,4005432 0,2908706
0,6103516 0,3910065 0,2861022
0,8138021 0,4100799 0,2972283
0,8138021 0,3941855 0,2892812
0,8138021 0,4005432 0,2892811
0,8138021 0,4259744 0,306765
0,6103516 0,3528597 0,2686185
0,6103516 0,3878276 0,2876917
0,8138021 0,4132588 0,2988178
0,8138021 0,4323322 0,3147122
0,8138021 0,4418689 0,3163016
0,8138021 0,43869 0,3194804
0,8138021 0,4514056 0,3321959
0,8138021 0,4450479 0,3226594
0,8138021 0,4450478 0,3274277
0,8138021 0,4577635 0,3369643
0,8138021 0,4736579 0,3465009
1,017253 0,473658 0,343322
0,8138021 0,4386901 0,3178911
0,8138021 0,4641213 0,332196
0,8138021 0,4673001 0,3401431
0,6103516 0,4355111 0,3163016
0,8138021 0,4355111 0,3163016
0,6103516 0,4291532 0,3274276
0,8138021 0,4641213 0,3385537
1,017253 0,4673001 0,3417326
0,8138021 0,4514056 0,332196
0,8138021 0,4768369 0,346501
0,6103516 0,4482267 0,3290171
0,8138021 0,473658 0,3496799
0,8138021 0,4577634 0,3401431
0,8138021 0,4736579 0,3560378
0,8138021 0,4800158 0,376701
1,017253 0,4482267 0,3385537
0,8138021 0,4831946 0,3671641
1,017253 0,5245206 0,3989534
1,017253 0,5149838 0,3894166
0,8138021 0,5499521 0,4291534
1,017253 0,5149838 0,3989535
0,8138021 0,4990892 0,4100799
1,220703 0,6198886 0,4673006
1,220703 0,603994 0,4625323
1,831055 0,6421409 0,4863741
1,220703 0,6675722 0,5038583
2,034505 0,7661185 0,5896885
1,424154 0,8455911 0,6405506
2,034505 0,9218845 0,6818762
1,831055 1,026789 0,7788336
2,441406 1,341501 0,9791055
2,441406 1,519521 1,139641
2,644857 1,827875 1,381238
3,051758 1,980463 1,618067
3,051758 2,117158 1,749993
12,61393 2,463659 1,937548
13,22429 2,71797 2,10444
12,20703 3,232956 2,444585
43,53839 4,504519 3,088314
49,84539 6,424584 4,162787
49,03159 9,187061 5,955694
57,57658 15,05534 9,384153
70,5975 19,47404 13,74245
66,73192 27,05894 18,43613
61,64561 36,59566 23,03442
98,06308 48,36083 33,72511
77,71832 52,9544 42,61176
84,839 55,65014 45,34406
72,42858 56,07294 47,16717
119,0182 60,17377 50,42558
88,90794 59,64924 50,43989
99,69066 62,43716 52,05955
86,46658 62,42763 52,94487
84,43211 64,17287 54,64402
109,2527 65,80363 56,33995
94,19758 65,79729 54,31818
93,18035 64,75777 55,15898
86,05968 66,64291 56,66422
88,50105 66,31229 57,05204
97,85963 67,2151 56,64357
90,73898 70,2796 58,92765
102,5389 70,02528 61,74575
88,29761 70,45128 60,58071
108,4389 73,63972 62,74713
95,62171 72,90221 62,37042
97,45274 76,73282 67,19762
112,5079 77,003 66,77161
101,5217 76,68195 67,52027
101,1148 76,67876 68,30708
110,2699 80,80498 70,97099
102,9458 82,56608 73,13105
116,9837 81,09107 70,83907
112,101 82,6201 72,4937
123,0871 88,17044 76,45296
116,5768 86,82897 77,18414
109,0492 85,60191 77,51954
124,9181 92,14402 81,33417
128,7836 90,81844 81,33581
112,3044 88,82529 79,64465
121,663 90,80891 82,40555
129,8009 93,78114 84,05537
126,1388 93,37424 83,13188
123,6975 94,44556 84,29218
120,2388 97,03633 86,30762
130,2078 97,08396 87,29307
125,325 97,19527 84,46225
126,5457 95,97775 85,07265
121,4595 95,17986 85,16957
119,4251 97,50041 87,54896
124,3078 97,63393 89,04942
129,394 98,48586 88,14659
129,8009 99,05487 89,9411
125,5285 100,0181 89,8441
127,1561 98,38094 87,74288
130,2078 102,5739 91,39859
130,2078 99,65566 88,60753
130,2078 104,4208 92,70347
126,7492 103,9472 92,71143
130,2078 101,8109 88,93491
130,2078 105,1202 92,52387
130,2078 104,8595 92,04705
126,9526 106,7223 96,49908
122,8837 103,4163 91,35878
130,2078 104,1443 94,48682
130,2078 104,7705 92,16623
129,394 105,9371 93,15163
130,2078 105,953 93,59034
130,2078 105,6447 94,3883
129,5974 103,1493 93,85426
130,2078 105,1043 94,42007
129,394 104,5448 94,54721
128,3767 102,113 92,21232
130,2078 106,3917 95,12101
130,2078 107,1101 95,27356
122,4768 104,8023 93,9623
128,1733 104,7387 93,42345
130,2078 105,4031 94,32466
130,2078 105,4826 95,17504
129,394 106,8654 95,05901
130,2078 104,6847 95,06539
124,5112 106,1914 94,66961
127,7664 104,3064 92,83221
130,2078 106,8781 95,00653
130,2078 105,7242 95,2545
130,2078 108,1115 96,30511
130,2078 108,7663 98,22993
124,9181 104,8277 93,25974
128,5802 106,8336 95,5946
130,2078 106,9957 96,17637
130,2078 105,2028 92,20119
130,2078 108,9062 96,76129
130,2078 107,1133 94,7729
130,2078 112,4061 99,21541
130,2078 105,2505 94,53769
130,2078 108,2672 95,46589
130,2078 109,2622 95,72976
130,2078 111,532 96,03171
130,2078 110,7054 96,37188
130,2078 109,5896 98,10123
130,2078 112,3553 99,66045
130,2078 108,3308 93,87481
130,2078 112,8321 96,75809
130,2078 110,769 96,48952
130,2078 112,2853 100,212
