0,8138021 0,3019969 0,2272927
0,6103516 0,2702076 0,2034507
0,6103516 0,2733865 0,1970928
0,6103516 0,2829233 0,2161664
0,6103516 0,2829233 0,2161664
0,6103516 0,2733865 0,2129875
0,6103516 0,2861023 0,2082191
0,6103516 0,2829233 0,2129875
0,6103516 0,3083548 0,2336505
0,6103516 0,2797444 0,2082191
0,6103516 0,2892812 0,2241137
0,6103516 0,2892812 0,211398
0,6103516 0,3019969 0,2288821
1,017253 0,3083548 0,2304716
0,6103516 0,3051759 0,2272927
0,8138021 0,2765655 0,2034507
0,8138021 0,3242495 0,2400084
0,8138021 0,3178917 0,2304716
0,6103516 0,2924601 0,2241137
0,8138021 0,3242495 0,2415979
0,6103516 0,3051759 0,2288821
0,6103516 0,2956391 0,2193453
0,6103516 0,3083548 0,2320611
0,8138021 0,301997 0,2257032
0,6103516 0,301997 0,2225243
0,6103516 0,3051759 0,2272927
0,6103516 0,3242495 0,2400084
0,8138021 0,3115337 0,2384189
0,6103516 0,2892812 0,2177559
0,6103516 0,3051759 0,2368294
0,6103516 0,2892812 0,2257032
0,6103516 0,3178916 0,2384189
0,4069011 0,2797444 0,211398
0,4069011 0,3083549 0,2272927
0,6103516 0,3083549 0,23524
0,8138021 0,3051759 0,2241137
0,6103516 0,2861023 0,2145769
1,017253 0,2861023 0,2177559
0,6103516 0,2924601 0,2082191
0,6103516 0,301997 0,2368294
0,6103516 0,3147127 0,2320611
0,6103516 0,3147127 0,2368295
0,6103516 0,2733865 0,2098085
0,6103516 0,2702076 0,2129874
0,6103516 0,3147127 0,2415979
0,6103516 0,2702076 0,2161664
0,6103516 0,3019969 0,2288821
0,6103516 0,2574919 0,2098085
0,6103516 0,3401442 0,238419
0,6103516 0,2861022 0,2145769
0,8138021 0,3051759 0,2257032
0,4069011 0,2733865 0,2018612
0,6103516 0,2956391 0,2050402
0,8138021 0,3369653 0,2415979
0,6103516 0,3401442 0,2415979
0,6103516 0,2765655 0,2193453
0,6103516 0,2924601 0,2145769
0,6103516 0,3115338 0,23524
0,6103516 0,2924601 0,2257032
0,6103516 0,3115338 0,23524
0,6103516 0,3083548 0,2241137
0,6103516 0,298818 0,2241137
0,6103516 0,3115338 0,2288821
0,6103516 0,3051759 0,2193454
0,6103516 0,3051759 0,2193454
0,6103516 0,301997 0,2257032
0,6103516 0,298818 0,2193453
0,6103516 0,2829233 0,2257032
0,8138021 0,2892812 0,2241137
0,6103516 0,3147127 0,2415978
0,6103516 0,2829233 0,2145769
0,6103516 0,298818 0,2241137
0,6103516 0,2924601 0,2225243
0,6103516 0,3051759 0,2288821
0,6103516 0,2861023 0,2209348
0,6103516 0,298818 0,2145769
0,6103516 0,2861023 0,2177559
0,6103516 0,2829233 0,2129875
0,8138021 0,3210706 0,238419
0,6103516 0,2861023 0,2209348
0,6103516 0,2924601 0,2161664
0,6103516 0,2861023 0,2145769
0,6103516 0,2956391 0,2336505
0,6103516 0,3051759 0,2241137
0,6103516 0,301997 0,2336505
0,6103516 0,3083549 0,2288821
0,6103516 0,3019969 0,2304716
0,8138021 0,3210706 0,2368295
0,6103516 0,3083549 0,2384189
0,6103516 0,3115338 0,2400084
0,6103516 0,3337863 0,2543136
0,6103516 0,2606708 0,2034507
0,8138021 0,3337863 0,2495452
0,4069011 0,3210706 0,2400084
0,6103516 0,301997 0,2304716
0,8138021 0,3083549 0,2384189
0,8138021 0,3178916 0,2384189
0,6103516 0,298818 0,2368294
0,8138021 0,3147127 0,2447768
0,8138021 0,3147127 0,2336505
0,6103516 0,3401441 0,2590818
1,017253 0,3433231 0,2543136
0,6103516 0,3242495 0,2511346
0,6103516 0,3019969 0,2288821
0,6103516 0,3274285 0,2495452
0,6103516 0,301997 0,2288821
0,6103516 0,3210706 0,2304716
0,6103516 0,3178917 0,2495452
0,6103516 0,3210706 0,2336506
0,8138021 0,3178917 0,23524
0,6103516 0,3274285 0,2400084
0,8138021 0,3083548 0,2384189
0,6103516 0,3083548 0,2336505
0,8138021 0,3147127 0,2415978
0,6103516 0,3337863 0,2511347
0,6103516 0,2829233 0,2177559
0,6103516 0,3178917 0,2463662
0,8138021 0,298818 0,2336505
0,6103516 0,3083549 0,2304716
0,8138021 0,3274285 0,2511346
0,6103516 0,2861023 0,2145769
0,6103516 0,3210706 0,2511346
0,6103516 0,3401441 0,2495452
0,6103516 0,301997 0,2368294
0,6103516 0,2765655 0,2129875
0,6103516 0,301997 0,2336505
0,6103516 0,3147127 0,23524
0,6103516 0,3083548 0,2447768
0,6103516 0,2924602 0,2241137
0,6103516 0,3274285 0,2495452
0,6103516 0,3274285 0,2431873
0,4069011 0,301997 0,2320611
0,6103516 0,298818 0,2257032
0,6103516 0,298818 0,2257032
0,8138021 0,3401442 0,2511347
0,6103516 0,2892812 0,2241137
0,6103516 0,2765655 0,2129875
0,6103516 0,301997 0,2304716
0,6103516 0,2956391 0,2161664
0,6103516 0,3210706 0,2479557
0,6103516 0,3210706 0,2495452
0,6103516 0,3242495 0,2400084
0,6103516 0,2988181 0,2272927
0,8138021 0,3337863 0,2479557
0,4069011 0,2892812 0,2288821
0,4069011 0,2797444 0,2241137
0,6103516 0,3115338 0,2431873
0,4069011 0,3210706 0,2447768
0,6103516 0,3210706 0,2463662
0,6103516 0,3051759 0,2368294
0,6103516 0,2892812 0,2193453
0,6103516 0,3083548 0,2225243
0,8138021 0,3051759 0,2304716
0,6103516 0,3274285 0,238419
0,8138021 0,3210706 0,2463662
0,8138021 0,3369653 0,2527241
0,8138021 0,3337863 0,2463663
0,6103516 0,2829233 0,2177559
0,6103516 0,3242495 0,2479557
0,6103516 0,3147127 0,2400084
0,4069011 0,2924602 0,2257032
0,6103516 0,2924602 0,2288821
0,8138021 0,3242495 0,2400084
0,6103516 0,3401441 0,2495452
0,8138021 0,3369653 0,255903
0,8138021 0,3369653 0,2511347
0,6103516 0,3178916 0,2368295
0,8138021 0,2956391 0,2257032
0,6103516 0,3210706 0,2511346
0,8138021 0,3178917 0,2368295
0,6103516 0,3369653 0,2527241
0,8138021 0,3083548 0,2384189
0,8138021 0,3019969 0,2415978
0,6103516 0,3401441 0,255903
0,8138021 0,3337863 0,2463663
0,6103516 0,3465019 0,2543135
0,6103516 0,3178916 0,2495452
0,6103516 0,3496809 0,2622607
0,6103516 0,3147127 0,2511346
0,6103516 0,3210706 0,2479557
0,6103516 0,3528598 0,2654396
0,6103516 0,3210706 0,2368295
0,4069011 0,3178917 0,2368295
0,6103516 0,3178916 0,2368295
0,6103516 0,3274285 0,2431873
0,6103516 0,3210706 0,2431873
0,4069011 0,3051759 0,2368295
0,6103516 0,3178917 0,2368295
0,6103516 0,3178917 0,2400084
0,6103516 0,3337863 0,2495452
0,8138021 0,3178917 0,2495452
1,017253 0,3178916 0,2400084
0,6103516 0,3274285 0,2495452
0,6103516 0,3242495 0,2431873
0,6103516 0,3178917 0,2431873
0,6103516 0,3242495 0,2511346
0,6103516 0,3210706 0,2495452
0,6103516 0,3115338 0,2320611
0,6103516 0,3178917 0,255903
1,017253 0,3242495 0,2447768
0,8138021 0,298818 0,2288821
0,6103516 0,3115338 0,2400084
0,6103516 0,2956391 0,232061
0,6103516 0,298818 0,2272927
0,6103516 0,3306074 0,2463663
0,8138021 0,3147127 0,2288821
0,6103516 0,3051759 0,2288821
0,6103516 0,3115338 0,2304716
0,6103516 0,2956391 0,2304716
0,6103516 0,3369653 0,2495452
0,6103516 0,3401442 0,255903
0,6103516 0,3210706 0,2400084
0,4069011 0,2988181 0,2257032
0,6103516 0,3306074 0,2447768
0,6103516 0,2956391 0,2209348
0,6103516 0,3306074 0,2495452
0,6103516 0,2765655 0,2241137
0,8138021 0,3274285 0,2447768
0,4069011 0,2924602 0,23524
0,8138021 0,3051759 0,23524
0,8138021 0,298818 0,2272927
0,4069011 0,2861023 0,2288821
0,8138021 0,3147127 0,2368295
0,6103516 0,3178917 0,2447768
0,8138021 0,3369653 0,2415979
0,6103516 0,3115338 0,2431873
0,6103516 0,3115338 0,2400084
0,6103516 0,3178916 0,2431873
0,6103516 0,3210706 0,2431873
0,8138021 0,3051759 0,2400084
0,6103516 0,2924601 0,2241137
0,6103516 0,2892812 0,2304716
0,6103516 0,3337863 0,2495452
0,8138021 0,3051759 0,2368294
0,6103516 0,3051759 0,2400084
0,6103516 0,3147127 0,2368295
0,8138021 0,3337863 0,2543136
0,6103516 0,301997 0,2336505
0,6103516 0,3051759 0,2288821
0,6103516 0,3306074 0,2495452
0,8138021 0,3560387 0,2654396
0,6103516 0,3274285 0,2495452
0,6103516 0,3274285 0,2479557
0,6103516 0,3242495 0,2479557
0,8138021 0,3401442 0,2543135
0,6103516 0,3655753 0,2717974
0,6103516 0,3147127 0,2368295
0,8138021 0,3401442 0,2431874
0,6103516 0,3465019 0,2543135
0,6103516 0,3115338 0,23524
0,6103516 0,3306074 0,2415979
0,8138021 0,3528598 0,2590818
0,6103516 0,3051759 0,2431873
0,6103516 0,3242495 0,2527241
0,6103516 0,3210706 0,255903
0,6103516 0,2892812 0,232061
0,6103516 0,3369652 0,2590819
0,6103516 0,3274285 0,2527241
0,8138021 0,3337863 0,2543136
0,6103516 0,3178916 0,2447768
0,6103516 0,3465019 0,2606713
0,6103516 0,3401441 0,2495452
0,6103516 0,3560386 0,2574924
1,017253 0,3306074 0,2543135
0,6103516 0,3306074 0,2590819
0,4069011 0,3115338 0,2447768
0,6103516 0,3306074 0,2511347
0,8138021 0,3623964 0,2749763
0,6103516 0,3560387 0,2638502
1,017253 0,3433231 0,2543136
0,6103516 0,3051759 0,2336505
0,6103516 0,3147127 0,2527241
0,8138021 0,3242495 0,2463663
0,6103516 0,3496809 0,2622607
0,8138021 0,3178917 0,2479557
0,8138021 0,3369653 0,2527241
0,6103516 0,3306074 0,2574925
0,6103516 0,3274285 0,2479557
0,6103516 0,3083549 0,2320611
1,017253 0,3274285 0,2543135
0,6103516 0,3242495 0,2479557
0,6103516 0,3242495 0,2511346
0,6103516 0,3623964 0,267029
0,6103516 0,3083549 0,2447768
0,6103516 0,3401442 0,2543135
0,8138021 0,3306074 0,2479557
0,6103516 0,3242495 0,2479557
0,6103516 0,3655754 0,2717974
0,6103516 0,3369653 0,2574925
0,6103516 0,3401442 0,2590819
0,6103516 0,3401441 0,2606713
0,6103516 0,3242495 0,2527241
0,6103516 0,3369653 0,2511347
0,6103516 0,3687542 0,2797446
0,8138021 0,3496808 0,2717974
0,6103516 0,3655753 0,267029
0,6103516 0,3115338 0,2463662
0,8138021 0,3496808 0,2686185
0,6103516 0,3433231 0,2638502
0,8138021 0,3337863 0,2527241
0,8138021 0,3210706 0,2431873
1,017253 0,3496808 0,2622607
0,8138021 0,3496809 0,2527241
0,6103516 0,3655754 0,2654396
0,6103516 0,3941854 0,2892811
0,6103516 0,3210706 0,2415979
0,6103516 0,3115338 0,2447768
0,8138021 0,3210706 0,2463662
0,8138021 0,3814698 0,2781551
0,6103516 0,3592175 0,2717974
0,8138021 0,3592176 0,2686185
0,6103516 0,3306074 0,255903
0,8138021 0,378291 0,2781551
0,6103516 0,3496808 0,2622607
0,8138021 0,3496809 0,2638502
0,8138021 0,3369653 0,2511347
0,6103516 0,3242495 0,2447768
0,6103516 0,346502 0,2638502
0,6103516 0,3401442 0,255903
0,6103516 0,3337863 0,2574925
0,8138021 0,3401442 0,2574925
0,6103516 0,3560387 0,270208
0,6103516 0,3401441 0,2574924
0,6103516 0,3337863 0,2574925
0,8138021 0,3242495 0,2463663
0,6103516 0,3147127 0,2527241
0,6103516 0,3528597 0,2638502
0,6103516 0,3210706 0,2431873
0,6103516 0,3306074 0,255903
1,017253 0,3433231 0,2574924
0,6103516 0,3178916 0,2447768
0,6103516 0,3210706 0,2511346
0,6103516 0,3655753 0,2749763
0,8138021 0,3274285 0,255903
0,8138021 0,3147127 0,2431873
0,6103516 0,3147127 0,2463662
0,6103516 0,3592176 0,2702079
0,6103516 0,3083549 0,2320611
0,6103516 0,3210706 0,2511346
0,6103516 0,3369653 0,2543136
1,017253 0,3401442 0,2622608
0,6103516 0,3242495 0,2495452
1,017253 0,3560387 0,2670291
0,8138021 0,3592176 0,2686185
0,8138021 0,3178917 0,2463662
1,017253 0,346502 0,2686186
0,6103516 0,3242495 0,2543135
0,6103516 0,346502 0,2638502
0,8138021 0,3846488 0,2797445
0,6103516 0,3147127 0,2400084
0,8138021 0,3496809 0,2654397
0,8138021 0,3592176 0,2686185
0,6103516 0,3655753 0,2765657
0,6103516 0,3528598 0,2717974
0,6103516 0,3433231 0,270208
0,8138021 0,3846487 0,2892812
0,6103516 0,3623964 0,2733868
0,8138021 0,3623964 0,2781551
0,8138021 0,3910066 0,281334
0,6103516 0,3337863 0,2606713
0,8138021 0,3655753 0,2829235
0,6103516 0,3623964 0,2749763
0,6103516 0,4100799 0,3051756
0,8138021 0,4355111 0,3147122
0,8138021 0,4227955 0,306765
0,8138021 0,4069011 0,2924601
1,017253 0,3941854 0,2940495
0,8138021 0,3846487 0,2829234
0,6103516 0,406901 0,3019967
0,6103516 0,3846488 0,2861023
0,6103516 0,3846487 0,2892812
0,8138021 0,4164377 0,3035861
0,6103516 0,3560386 0,2733868
0,6103516 0,4005432 0,2988178
0,8138021 0,4132589 0,3004072
0,8138021 0,4355112 0,3163016
0,8138021 0,4323323 0,3147122
0,8138021 0,406901 0,3019967
0,8138021 0,4164378 0,3051756
0,8138021 0,441869 0,317891
1,017253 0,4005433 0,2988178
0,6103516 0,3910065 0,2892811
0,8138021 0,4164377 0,3099439
1,017253 0,4069011 0,3004073
0,8138021 0,4418689 0,3258382
0,8138021 0,4323322 0,3163016
1,220703 0,4768369 0,3465009
0,8138021 0,470479 0,3528589
1,017253 0,4704791 0,3496799
1,017253 0,4482267 0,3480905
0,8138021 0,470479 0,3544483
0,8138021 0,4450478 0,3242488
1,017253 0,4800158 0,3512693
0,6103516 0,4609423 0,3576273
0,8138021 0,4673001 0,3385537
1,017253 0,4641213 0,3576274
0,8138021 0,4482267 0,3512695
0,8138021 0,470479 0,3735221
0,6103516 0,4482267 0,3465011
0,8138021 0,4577634 0,3449116
0,8138021 0,470479 0,3528588
0,8138021 0,4577634 0,3401432
0,8138021 0,4704791 0,3576273
0,8138021 0,4800158 0,3592167
0,8138021 0,4831947 0,3401431
0,6103516 0,4418689 0,3544485
0,8138021 0,4927314 0,3878272
0,8138021 0,4831947 0,3862378
1,017253 0,505447 0,3925956
0,8138021 0,5181628 0,4069009
0,8138021 0,4959103 0,3894167
0,8138021 0,4959103 0,3814693
0,6103516 0,4609423 0,3735221
1,627604 0,4927314 0,3878272
0,8138021 0,505447 0,4053114
1,017253 0,5531311 0,4164377
1,017253 0,5149839 0,4212062
1,017253 0,5308785 0,4212061
1,220703 0,5467732 0,4307429
1,220703 0,55631 0,4339218
1,017253 0,6103519 0,4752481
1,424154 0,6262465 0,4847848
1,424154 0,7343295 0,5340586
3,051758 0,82016 0,6024042
2,644857 0,9028113 0,6898237
2,848307 1,055399 0,7963177
5,493164 1,246136 0,93937
6,510416 1,411438 1,036327
5,696614 1,831054 1,271564
7,731118 2,199809 1,478196
8,544919 2,600352 1,743635
5,086263 3,007253 2,129874
9,562171 3,684361 2,671877
9,358721 3,941853 2,997716
9,15527 4,253388 3,102621
9,15527 4,39326 3,248851
8,341469 4,48227 3,347397
10,17252 5,331038 3,879864
10,57942 5,41369 4,022915
12,20703 5,645752 4,045168
11,59668 6,167093 4,609425
15,46225 6,999967 5,143483
13,22429 7,397333 5,547205
12,81738 8,058547 6,057422
12,81738 8,287429 6,349881
12,81738 7,689792 5,682308
15,6657 8,624395 6,461145
17,90366 8,815131 6,564459
16,0726 8,335114 6,101926
17,7002 8,932748 6,809236
16,0726 8,980433 6,855326
19,32781 9,543099 7,263817
18,10711 9,558994 7,177989
19,32781 10,2075 7,807414
12,81738 8,738832 6,599425
17,49676 8,827843 6,942748
18,71746 9,943645 7,413229
16,0726 9,431837 7,162094
19,53126 10,06445 7,371905
16,4795 9,593964 7,139842
16,4795 9,816489 7,745424
19,12436 10,50631 7,492702
15,46225 10,34737 7,893246
21,76921 10,92275 8,11259
21,97266 10,26472 7,43866
18,10711 10,33783 8,002917
16,8864 10,97997 8,355775
20,54851 10,63347 7,980664
19,53126 10,91004 8,083982
17,49676 10,79559 8,16822
16,68295 10,55082 7,69933
15,2588 10,60168 8,114182
16,68295 11,1707 8,587834
19,53126 12,0163 8,862816
16,4795 11,19932 8,295376
17,08985 11,37416 8,91209
21,15886 12,1371 9,152099
20,75196 12,35644 9,202957
20,54851 12,4995 9,360317
18,71746 11,80649 9,153685
18,92091 12,69976 9,678205
20,75196 12,71884 10,00881
19,93816 13,42456 9,93729
22,58301 13,46906 10,50154
20,14161 13,20522 10,34896
21,15886 12,87778 10,12961
21,15886 13,86325 10,88937
21,97266 13,09077 10,20909
25,02441 13,43409 10,09941
23,80371 13,40231 10,30127
19,32781 13,19885 10,55717
19,12436 13,37052 10,20909
20,14161 13,24018 10,41253
22,17611 13,45953 10,35373
22,17611 13,07488 10,40141
23,39681 13,83782 10,78288
22,17611 14,87732 11,44568
21,76921 14,20339 10,90844
20,75196 14,28604 10,92116
19,53126 13,82828 10,95295
20,75196 14,12074 11,18025
