0,6103516 0,301997 0,2320611
0,8138021 0,3083548 0,2161664
1,017253 0,3083548 0,2193454
0,6103516 0,3083549 0,2177559
0,8138021 0,2892812 0,2145769
0,6103516 0,298818 0,2288821
0,6103516 0,3019969 0,2225243
0,6103516 0,3178916 0,2368295
0,6103516 0,2829233 0,2145769
0,6103516 0,3051759 0,2320611
0,6103516 0,3083549 0,2288821
0,6103516 0,3147127 0,2320611
0,6103516 0,298818 0,2129875
0,6103516 0,2733865 0,2129874
0,6103516 0,301997 0,2209348
0,6103516 0,2924601 0,2225243
0,8138021 0,3147127 0,2241138
0,6103516 0,3433231 0,2447768
0,6103516 0,2956391 0,2225243
0,4069011 0,2765655 0,2098085
0,8138021 0,3178916 0,2336505
0,4069011 0,2670287 0,2209347
0,6103516 0,2797444 0,2050402
0,6103516 0,3051759 0,214577
0,6103516 0,2924601 0,2225243
0,8138021 0,2861023 0,211398
0,6103516 0,3115338 0,2241138
0,6103516 0,301997 0,23524
0,6103516 0,2924601 0,2257032
0,6103516 0,298818 0,2225243
0,8138021 0,3083548 0,2272927
0,6103516 0,3051759 0,2257032
0,6103516 0,2892812 0,2161664
0,4069011 0,2797444 0,2145769
0,6103516 0,2892812 0,2225243
0,6103516 0,3274285 0,2543136
0,6103516 0,298818 0,2272926
0,6103516 0,3178917 0,2368295
0,6103516 0,2861023 0,2241137
0,8138021 0,2924601 0,2288821
0,6103516 0,2956391 0,2241137
0,8138021 0,3147127 0,2415978
0,6103516 0,3083548 0,2288821
0,6103516 0,3051759 0,2320611
0,6103516 0,3178917 0,2400084
0,6103516 0,298818 0,2288821
0,6103516 0,2956391 0,232061
0,8138021 0,3051759 0,23524
0,6103516 0,3242495 0,2463662
0,6103516 0,3274285 0,2431873
0,6103516 0,2892812 0,2145769
0,6103516 0,3178916 0,2431873
0,6103516 0,3401442 0,2527241
0,6103516 0,343323 0,2574924
0,8138021 0,3306074 0,2527241
0,6103516 0,3147127 0,23524
0,6103516 0,3274284 0,2527241
0,8138021 0,3496809 0,2654396
0,8138021 0,3115338 0,2447768
0,6103516 0,3147127 0,2320611
0,8138021 0,3401442 0,255903
0,6103516 0,3242495 0,2479557
0,8138021 0,3178916 0,2447768
0,6103516 0,3433231 0,2574924
0,6103516 0,3306074 0,2400084
0,6103516 0,3083549 0,23524
0,6103516 0,3337863 0,2511347
0,6103516 0,3210706 0,2336506
0,6103516 0,3051759 0,23524
0,6103516 0,2924602 0,2209348
0,6103516 0,3019969 0,23524
0,6103516 0,3147127 0,2415978
0,6103516 0,3178917 0,2415979
1,017253 0,3051759 0,2336505
0,8138021 0,346502 0,255903
0,6103516 0,2829233 0,2257032
0,6103516 0,2924601 0,2368294
0,6103516 0,3465019 0,2654396
0,6103516 0,3274285 0,2495452
0,6103516 0,3147127 0,2415978
0,8138021 0,3147127 0,2431873
0,6103516 0,3337863 0,2495452
0,6103516 0,3147127 0,2447768
0,6103516 0,3147127 0,2447768
0,6103516 0,3210706 0,2447768
0,6103516 0,3782909 0,2749762
0,6103516 0,3592175 0,2559029
0,6103516 0,3115338 0,23524
0,6103516 0,3115338 0,2384189
0,6103516 0,3274285 0,2479557
0,6103516 0,3178917 0,2463662
0,6103516 0,3306074 0,2543136
0,6103516 0,3083549 0,2400084
0,6103516 0,3719332 0,2686185
0,8138021 0,3242495 0,2495452
0,6103516 0,3210706 0,2400084
0,6103516 0,3147127 0,2415978
0,6103516 0,3242495 0,2543135
0,6103516 0,3528598 0,2574924
0,6103516 0,3623965 0,2717974
0,8138021 0,3337863 0,2574924
0,6103516 0,3623964 0,2733868
0,6103516 0,3433231 0,2622608
0,6103516 0,3496808 0,267029
0,8138021 0,3814699 0,2781551
0,6103516 0,3496808 0,2654396
0,8138021 0,3528598 0,2654396
0,8138021 0,3814698 0,2765656
0,6103516 0,3846488 0,2781551
0,8138021 0,3306074 0,2543136
0,6103516 0,3751121 0,281334
0,6103516 0,3560387 0,267029
0,8138021 0,378291 0,2765656
0,8138021 0,4037222 0,3019967
0,8138021 0,3687543 0,2781551
0,8138021 0,3528598 0,2638502
0,6103516 0,3719332 0,2749762
0,6103516 0,3719332 0,2797446
0,6103516 0,3846487 0,2829234
0,6103516 0,3878277 0,2797445
0,8138021 0,4291533 0,3099438
0,8138021 0,3719332 0,2829235
0,8138021 0,406901 0,3019967
0,8138021 0,375112 0,2861023
0,8138021 0,4005432 0,2892811
0,8138021 0,3973644 0,2861023
0,8138021 0,378291 0,2861023
0,8138021 0,3210706 0,2527241
0,6103516 0,4323322 0,3083544
0,6103516 0,3655753 0,2781551
0,8138021 0,3973643 0,2988178
0,6103516 0,3814698 0,2861023
1,017253 0,3878276 0,2813339
1,017253 0,3910066 0,2908706
0,6103516 0,4227955 0,3115333
0,8138021 0,4355111 0,3099438
0,8138021 0,406901 0,3004072
0,8138021 0,4323323 0,3147122
0,8138021 0,378291 0,2876918
1,017253 0,4323323 0,3099439
0,8138021 0,4227955 0,3099438
0,6103516 0,43869 0,317891
1,017253 0,4577634 0,3433222
0,8138021 0,4545845 0,3401431
0,6103516 0,4323322 0,3163016
0,8138021 0,4450478 0,3274276
0,6103516 0,4291533 0,3147122
0,8138021 0,4577634 0,3258382
0,8138021 0,473658 0,3337854
0,8138021 0,4545845 0,3401431
0,8138021 0,4800158 0,3560379
0,8138021 0,4514057 0,3242488
1,017253 0,4673001 0,3401431
0,8138021 0,4577634 0,332196
0,8138021 0,4450478 0,3242488
0,8138021 0,4863736 0,3719325
1,017253 0,473658 0,3449115
0,8138021 0,4673001 0,34968
1,017253 0,508626 0,3878272
0,8138021 0,4927314 0,3782904
0,8138021 0,4800158 0,3655746
0,8138021 0,4768369 0,3544483
0,8138021 0,4768369 0,3623957
1,220703 0,4895525 0,3846483
0,8138021 0,4895525 0,373522
1,017253 0,505447 0,3862377
1,017253 0,5149838 0,3925956
1,017253 0,5308785 0,4132587
0,8138021 0,5308785 0,4148482
1,017253 0,607173 0,4784271
1,017253 0,5880994 0,4577639
1,220703 0,6453198 0,492732
1,017253 0,5944573 0,4609429
1,220703 0,6612143 0,5102164
1,220703 0,6834666 0,5340581
1,017253 0,6834666 0,5324687
1,424154 0,7088979 0,5515419
2,237956 0,7661185 0,591278
2,034505 0,8233389 0,6310139
3,458659 0,9663895 0,7088969
3,255208 1,17302 0,8265175
2,848307 1,452764 0,9965895
5,289714 2,018611 1,373291
4,475912 2,533595 1,861254
5,900064 3,201167 2,408027
8,138021 3,576278 2,814928
7,324218 3,789267 2,972286
10,98633 4,269281 3,312429
8,748371 4,879634 3,738404
11,39323 5,324679 4,143714
11,18978 6,23385 4,828772
13,02083 7,057188 5,523365
12,81738 7,556278 5,950928
11,18978 8,192063 6,370544
14,44499 9,244284 7,244744
13,83464 9,711583 7,392565
15,46224 10,22975 8,106236
14,8519 11,45363 9,166402
22,98991 13,02719 10,26472
19,73471 12,47088 9,9961
20,75195 13,60257 11,01176
28,6865 14,81056 11,83669
21,97267 15,24608 12,57261
25,02441 16,52717 13,0399
28,6865 17,57622 14,383
28,68651 18,06577 14,96156
27,26237 19,18475 15,48131
30,92447 20,04305 16,35233
33,36586 21,77238 17,72086
63,88354 21,59436 17,21859
38,45211 23,06302 18,62049
38,45211 24,47128 19,81099
41,70732 25,83185 20,65023
50,65918 27,96808 22,2222
48,42122 30,34591 23,79099
59,00072 32,24371 25,62204
64,08701 34,66604 27,67721
89,92521 35,80727 27,24169
61,23868 35,6674 27,82821
57,57657 36,98983 29,09183
66,93533 38,85586 30,75123
70,19057 41,31316 31,99577
99,8941 46,54884 36,29684
100,708 46,25003 35,53549
106,8113 48,7709 37,73689
83,00798 54,40717 41,72009
97,04586 55,65011 44,59382
100,7079 58,33632 45,97667
94,40104 61,85857 48,76299
96,43552 62,26548 50,35246
107,4217 66,80181 54,89355
91,95966 69,93304 55,7455
109,4562 73,93211 58,90216
117,7975 76,96482 63,53705
126,7492 81,10375 66,22801
113,932 83,70091 68,85698
114,9492 85,77673 71,95958
126,7492 88,39931 75,93639
113,3217 90,0905 77,31126
134,8871 94,79205 78,18861
132,4458 94,13399 80,47743
138,1422 97,44004 82,3689
116,9837 94,54094 81,18317
119,4251 93,90195 81,28173
151,3664 103,588 88,58201
136,3112 104,6052 87,33749
134,2767 103,4259 90,55614
131,8354 105,651 90,68169
133,6664 103,3305 89,50233
118,4078 101,0862 88,54388
123,2906 102,0526 90,32406
140,7871 107,3772 91,90237
147,5009 104,3318 90,62448
143,4319 105,1297 92,31251
138,5491 104,8913 91,74501
144,0422 107,8763 90,71025
158,6906 108,1019 93,43612
140,9905 110,7595 97,14433
146,2802 109,8058 96,69773
142,0077 110,2699 96,87891
149,5353 109,2749 95,98085
144,856 112,9434 99,06758
144,856 114,1831 95,35779
145,0595 112,7049 98,15202
137,9388 113,6427 100,0864
152,9939 117,6386 100,9431
155,8422 116,1318 103,8932
151,9767 120,1467 104,6751
149,3319 118,4078 100,3804
168,253 119,9146 102,968
184,733 119,9369 105,0645
149,3318 121,2815 103,6149
177,0016 122,2257 108,9713
163,9804 129,4798 113,4122
163,777 126,4313 111,8101
192,6678 131,0058 112,7733
186,1572 127,1625 112,7908
190,8367 131,489 114,83
178,2224 130,8309 116,3813
180,4604 133,7332 119,0405
164,1838 133,5298 118,4317
179,4431 134,369 117,1919
177,0016 132,8527 116,4592
186,7676 131,8831 115,4944
186,3606 135,1128 117,6433
179,6466 134,0829 116,1969
177,2051 131,9689 117,2587
182,2915 133,2977 119,673
179,6465 133,1102 117,397
172,1187 134,7441 119,0197
161,5389 133,4249 119,9909
164,9978 134,423 120,3676
170,491 131,4158 118,5477
176,7982 137,1123 121,9459
168,253 131,7877 117,9071
169,0668 130,389 113,2676
164,7942 132,414 114,7076
183,1053 136,9312 119,8113
186,7676 135,4117 119,4632
166,8288 132,4425 117,0091
183,5122 134,3721 118,6844
177,612 136,1809 120,3358
195,3127 143,8992 125,8591
186,1572 135,2972 120,8795
195,3127 142,294 124,6273
195,3127 139,1023 123,9073
177,4085 138,368 121,6153
167,6426 138,8257 120,3342
195,3127 137,5256 121,2831
195,3127 137,5542 120,7904
192,6678 138,4825 121,7329
192,0574 139,7254 124,2284
195,3127 139,2104 124,2697
