0,6103516 0,2829233 0,2098085
0,6103516 0,2988181 0,2384189
0,6103516 0,298818 0,2161664
0,8138021 0,3115337 0,2193454
0,6103516 0,2892812 0,2161664
0,6103516 0,2924601 0,2066296
0,6103516 0,2670287 0,2018612
0,6103516 0,2702076 0,2082191
0,8138021 0,301997 0,2257032
0,6103516 0,2892812 0,211398
0,4069011 0,2829233 0,2050402
0,4069011 0,2988181 0,23524
0,8138021 0,298818 0,2193453
0,6103516 0,3242495 0,2415979
0,6103516 0,3019969 0,2288821
0,6103516 0,2765655 0,2145769
0,6103516 0,3369653 0,2495452
0,6103516 0,301997 0,2304716
0,8138021 0,3019969 0,2209348
0,6103516 0,3051759 0,2272927
0,6103516 0,2956391 0,2241137
0,8138021 0,3210706 0,2272927
0,6103516 0,2892812 0,2304716
0,6103516 0,298818 0,2161664
0,6103516 0,2892812 0,2193453
0,6103516 0,2956391 0,2177559
0,8138021 0,3115337 0,2288821
0,8138021 0,2892812 0,2177559
0,6103516 0,298818 0,2241137
0,6103516 0,3051759 0,2272927
0,6103516 0,2956391 0,2288821
0,6103516 0,3083548 0,2431873
0,8138021 0,3274285 0,2463663
0,6103516 0,3337863 0,2479557
0,6103516 0,3115338 0,2288821
0,8138021 0,2670287 0,2050401
0,8138021 0,2956391 0,2193453
1,017253 0,2924601 0,2272926
0,6103516 0,3083548 0,2384189
0,6103516 0,2892812 0,2145769
0,6103516 0,301997 0,2288821
0,6103516 0,3083549 0,2272927
0,6103516 0,2892812 0,2193453
0,8138021 0,2924601 0,2241137
0,6103516 0,298818 0,232061
0,6103516 0,2733865 0,2193453
0,6103516 0,3369653 0,2495452
0,6103516 0,3147127 0,2384189
0,6103516 0,2765655 0,2209348
0,6103516 0,2924602 0,2241137
0,6103516 0,3147127 0,2272927
0,6103516 0,2956391 0,2304716
0,8138021 0,3178917 0,2415979
0,8138021 0,3083549 0,2368295
0,6103516 0,3147127 0,2320611
0,6103516 0,3083548 0,2336505
0,6103516 0,2829233 0,2209348
0,6103516 0,3051759 0,2415978
0,6103516 0,3178916 0,2415978
0,8138021 0,3147127 0,2288821
0,8138021 0,3306074 0,2463663
0,6103516 0,343323 0,2511346
0,6103516 0,3242495 0,2431873
0,8138021 0,3433231 0,2543136
0,6103516 0,3337863 0,2431874
0,8138021 0,3401442 0,2527241
0,8138021 0,3306074 0,2447768
0,8138021 0,3433231 0,2511347
0,8138021 0,3369653 0,2447768
0,6103516 0,3274285 0,2479557
0,8138021 0,3401442 0,2574925
0,6103516 0,3147127 0,2384189
0,8138021 0,3496809 0,2686186
0,6103516 0,3337863 0,2463663
0,6103516 0,3528598 0,2622607
0,6103516 0,3083548 0,2400084
0,6103516 0,3242495 0,2495452
0,6103516 0,3210706 0,2543135
0,6103516 0,3242495 0,2527241
0,6103516 0,3051759 0,2257032
0,6103516 0,3274285 0,2479557
0,6103516 0,3306074 0,2543136
0,6103516 0,3210706 0,2304716
0,8138021 0,346502 0,2638502
0,6103516 0,3147127 0,2415979
0,8138021 0,3592176 0,2686185
0,6103516 0,301997 0,2320611
0,6103516 0,3274285 0,2479557
0,6103516 0,3401442 0,2543135
0,6103516 0,3496808 0,2670291
0,6103516 0,3337863 0,2590819
0,6103516 0,3210706 0,2495452
0,6103516 0,3433231 0,2670291
0,6103516 0,2892812 0,232061
0,6103516 0,3496808 0,2654396
0,8138021 0,3369653 0,2622608
0,6103516 0,3306074 0,255903
0,6103516 0,3592175 0,2654396
0,8138021 0,3496809 0,2717974
0,8138021 0,3560387 0,2622607
0,8138021 0,3623964 0,2733868
0,6103516 0,3465019 0,2574924
0,6103516 0,3560387 0,2590818
0,8138021 0,3592176 0,2749763
0,6103516 0,343323 0,2574924
0,6103516 0,3592175 0,2702079
1,017253 0,4164377 0,3019966
0,8138021 0,4005432 0,2876917
0,6103516 0,3592175 0,2733868
0,8138021 0,3941855 0,2845128
0,6103516 0,3687542 0,2749762
0,8138021 0,3465019 0,270208
0,6103516 0,3687543 0,2781551
0,6103516 0,3782909 0,2876918
0,8138021 0,4037221 0,2940495
0,8138021 0,4355112 0,3131227
0,6103516 0,3846487 0,2829234
0,6103516 0,4037222 0,3004073
0,8138021 0,4355112 0,3147122
0,6103516 0,3814698 0,2861023
0,8138021 0,4323322 0,3131227
1,017253 0,4482267 0,3210699
0,6103516 0,4005432 0,29246
0,6103516 0,3846487 0,2861023
0,6103516 0,4005432 0,3019967
0,6103516 0,4323322 0,3147122
0,8138021 0,4100799 0,3035861
0,6103516 0,4450478 0,3194804
0,8138021 0,4482267 0,3226593
0,8138021 0,4132589 0,3019967
1,017253 0,4227955 0,3099439
0,8138021 0,4609423 0,3258382
0,8138021 0,4704791 0,3496799
0,8138021 0,4545845 0,3258382
1,017253 0,4609423 0,3337854
0,8138021 0,4641213 0,332196
0,8138021 0,4768369 0,3655747
0,8138021 0,4831946 0,3639851
1,017253 0,5118049 0,3782903
1,017253 0,4927314 0,367164
1,220703 0,55631 0,4259745
1,424154 0,5499521 0,4323324
1,017253 0,6008151 0,4577639
1,017253 0,5880994 0,4657113
1,627604 0,6771089 0,5102162
3,051758 0,9028113 0,6469084
3,051758 1,064936 0,7613494
3,66211 1,306534 0,9536746
6,103516 1,907348 1,322428
6,917317 2,48909 1,721382
9,358721 3,271102 2,242723
8,341469 3,986358 2,86738
8,748369 4,765192 3,542899
10,37597 5,59807 4,19299
10,78288 6,297429 4,77632
13,02083 6,710688 5,215008
11,80013 7,406869 5,758602
14,85189 8,780161 6,887117
21,36231 9,231565 7,208186
14,85189 10,16617 8,198421
26,65201 10,71294 8,578301
27,66926 12,00676 9,42866
31,33138 12,72202 10,0708
45,57289 13,75834 10,9148
38,4521 15,09666 11,73496
26,85546 16,12664 12,31988
37,63832 20,48492 15,20475
41,30043 23,94994 17,45065
51,8799 26,62022 19,96835
44,7591 29,68469 23,27601
44,3522 31,78277 24,98149
56,9662 36,07431 29,02508
66,7319 37,5684 30,30301
78,12524 39,80635 33,0019
66,93533 41,47211 33,49939
67,74918 44,76229 36,13472
78,12524 48,64059 39,98758
96,43548 53,9971 43,17129
92,36656 62,58975 48,63427
94,80792 73,04526 60,11179
108,6423 78,06795 68,58682
99,28377 78,54162 69,15427
98,26655 79,66376 70,71033
110,8803 81,58062 71,80861
99,8941 82,91258 74,79678
114,9492 81,6283 72,33154
112,9147 83,49429 74,95255
109,2527 84,18413 75,52792
112,101 83,47526 75,64558
116,7803 85,27448 76,95684
122,2733 86,16456 77,3844
106,8113 85,99292 76,81062
120,4423 88,30712 80,55855
120,4423 88,99377 78,36194
119,6285 88,72039 79,3649
128,7836 94,15628 84,09828
121,663 92,82747 82,60894
120,2389 93,80979 82,55334
126,9526 97,89458 87,76513
130,2078 97,58942 87,17862
128,7836 98,65749 88,22288
130,2078 98,85777 88,40249
130,2078 99,51582 88,39137
130,2078 103,0984 91,52569
123,6975 102,2083 91,16333
130,2078 102,097 91,8261
130,2078 105,2028 93,28043
128,9871 107,6887 94,88577
130,2078 108,5947 93,38373
129,394 112,6827 98,2887
130,2078 110,7277 98,87524
130,2078 115,4864 104,7069
130,2078 116,4338 103,8756
130,2078 116,7898 104,1903
130,2078 119,5014 104,9072
130,2078 118,322 105,2457
130,2078 121,52 107,7029
130,2078 121,0876 107,3803
130,2078 122,9218 110,8548
130,2078 122,4704 111,4445
130,2078 121,6375 110,1809
130,2078 122,9345 111,7115
130,2078 122,6643 112,3775
130,2078 121,4055 110,2794
130,2078 122,2288 110,6291
130,2078 121,7742 109,6468
130,2078 121,93 109,491
130,2078 122,9949 112,0946
130,2078 121,965 109,8153
130,2078 123,4781 112,7033
130,2078 122,4037 110,5036
130,2078 124,5684 111,0503
130,2078 123,1793 112,6143
130,2078 124,1425 113,5759
130,2078 123,4272 112,1852
130,2078 124,0376 111,7194
130,2078 122,3242 110,7785
130,2078 124,0535 113,4615
130,2078 123,3383 109,5419
130,2078 122,3782 111,9944
130,2078 122,2288 109,2209
130,2078 123,8469 112,4188
130,2078 123,2048 111,1187
130,2078 123,5163 112,7764
130,2078 123,4241 113,0435
130,2078 123,0935 110,4066
130,2078 123,9994 113,525
130,2078 123,138 109,9297
130,2078 122,4704 109,5562
130,2078 124,1679 112,4363
130,2078 123,7738 111,5017
130,2078 123,4654 112,3489
130,2078 124,7178 112,3171
130,2078 123,9263 110,9756
130,2078 124,8609 111,0105
130,2078 124,88 112,1867
130,2078 124,9435 111,392
130,2078 124,6161 112,7367
130,2078 123,7928 110,459
130,2078 125,1057 110,0235
130,2078 124,6956 113,7873
130,2078 124,1711 107,9922
130,2078 125,2455 114,9937
130,2078 124,3332 112,1391
130,2078 124,9531 113,0005
130,2078 125,4331 113,2962
130,2078 125,9258 116,1889
130,2078 123,7261 113,1722
130,2078 124,9975 112,689
