0,8138021 0,4339221 0,3147133
0,8138021 0,433922 0,3178922
0,8138021 0,4514063 0,3258398
1,017253 0,4625326 0,3449135
1,017253 0,4529957 0,3449134
0,8138021 0,4752483 0,363192
1,017253 0,4847851 0,3647816
1,017253 0,5022692 0,3925966
0,8138021 0,5213425 0,4084909
0,8138021 0,5292896 0,4188221
1,017253 0,5404156 0,4331269
1,017253 0,5880989 0,4649156
1,424154 0,6135299 0,4736576
1,831055 0,6564455 0,5070357
1,220703 0,6786982 0,5229302
1,424154 0,7279713 0,5658465
2,848307 0,7947283 0,6151207
2,441406 0,8646652 0,6580366
1,831055 0,8583074 0,6779046
1,831055 0,9091705 0,6802889
1,831055 0,9775177 0,7398936
1,831055 1,017253 0,7692978
1,831055 1,085598 0,8026755
2,237956 1,090367 0,7923439
2,034505 1,128513 0,8471791
3,255208 1,207986 0,878174
2,848307 1,184144 0,8718157
2,848307 1,303356 0,9528793
3,458659 1,373293 1,006127
3,86556 1,495681 1,039505
3,458659 1,519522 1,072883
4,475912 1,668929 1,167457
6,103515 1,869201 1,298586
4,882813 2,051989 1,425743
6,103515 2,285639 1,591841
6,306965 2,492269 1,773834
6,306965 2,58128 1,842976
7,731118 3,040632 2,186298
7,120767 3,344217 2,391338
18,10711 3,903708 2,728304
15,6657 4,320146 3,113746
27,0589 5,216599 3,663699
20,14161 6,016094 4,181067
27,4658 7,818539 5,333422
20,54851 9,586016 6,434123
26,44855 13,42615 9,200576
28,48305 15,78331 11,60145
31,1279 17,39661 13,61609
33,9762 19,4788 15,55443
38,65554 22,24603 17,98946
42,72458 25,026 20,49208
39,06244 28,04595 22,6736
47,60743 30,99917 25,75317
45,97981 32,06251 27,58661
47,20052 32,34543 27,77813
42,72458 33,43421 28,80573
42,52113 33,76481 29,14268
45,166 35,35426 30,38007
48,62469 35,43692 29,98588
48,21778 35,37175 30,64948
44,55564 35,05226 30,34114
52,49027 36,96278 32,80001
46,38671 36,5241 31,91151
51,47301 36,91669 32,69671
48,21778 37,06132 32,44794
52,08337 36,95007 32,57828
48,01433 37,31722 32,84451
49,8454 38,15647 33,50414
51,67647 38,47594 33,64244
49,03159 37,46664 33,37301
52,69373 38,46163 34,26867
51,87992 38,30586 33,88084
49,43851 38,82403 34,2957
50,04885 38,68416 34,02309
54,32135 39,0863 34,72088
52,28682 39,57745 34,8234
54,9317 39,54565 35,48541
49,03159 38,9512 34,22894
61,44217 39,78565 34,83849
50,2523 40,61538 35,20488
57,78003 39,7491 35,2621
52,08337 41,15101 36,12914
55,54206 40,61537 35,37177
57,37313 40,5168 35,92727
48,82814 40,11627 35,98133
57,57658 41,30678 36,86983
50,86266 41,2718 36,53048
55,94896 41,41645 36,4542
56,55932 41,6962 36,85315
61,44217 42,20642 36,93897
53,10063 41,23048 36,68386
57,37313 42,146 37,32679
55,54206 41,18916 36,83326
54,5248 41,80586 36,82293
53,30408 41,93462 36,6044
53,71099 41,19871 36,03694
56,76277 42,32086 37,73845
60,018 42,36856 37,27357
55,74551 42,4051 37,60178
52,89718 42,01726 37,52308
55,13515 42,52114 37,74324
57,16967 42,23981 37,32364
60,62836 42,61969 37,62324
55,94896 42,86764 37,64151
53,71099 41,9394 37,16467
52,49028 41,72005 37,11938
57,98348 42,9932 38,32577
57,78003 42,40989 37,85131
55,94896 41,85831 37,50482
57,78003 42,54816 38,18512
54,11789 42,71665 37,98167
59,81455 42,33359 37,48259
57,98348 42,28112 38,00314
53,91444 42,71505 38,36077
55,74551 42,08244 36,78718
52,69373 42,06176 37,54057
58,59384 42,53705 37,71227
55,94896 42,73571 37,80285
59,40765 42,3606 37,44122
55,54206 42,36538 37,30058
55,74551 42,2716 37,65424
53,10063 42,91534 37,86164
57,16967 42,77543 37,05341
55,3386 43,35244 38,79151
54,32135 42,45597 37,79728
59,6111 43,05044 38,05637
62,05252 42,63239 37,69951
53,50754 41,05724 37,08441
64,6974 42,56405 37,89901
57,16967 43,39058 37,96895
54,32135 42,79929 37,95861
55,94896 42,359 37,91092
57,57658 42,22866 37,04385
56,15241 42,78341 37,72258
64,6974 43,63059 37,87598
57,57658 43,05362 38,41559
55,94896 41,94096 37,16069
57,98348 43,78318 38,94886
51,87992 42,54816 38,0365
57,37312 43,28885 37,45156
54,5248 42,62605 37,43092
55,3386 42,23502 37,82987
57,78003 43,07747 37,95464
58,18694 42,05861 37,39277
56,55932 43,07428 38,5062
53,50754 42,39874 37,5223
59,00074 43,04248 38,71917
57,16967 42,7389 38,21052
55,3386 43,19506 38,3226
58,79729 44,16146 38,63575
55,94896 44,32678 38,5936
55,3386 42,21276 37,51992
55,13515 42,60695 37,88469
59,6111 43,0854 38,0969
52,08337 42,2096 37,28944
59,81455 42,85651 38,13902
58,59384 43,26183 38,08734
56,35587 43,22846 37,76869
