0,6103516 0,09536743 0,04768372
0,3051758 0,08106232 0,04053116
0,6103516 0,08106232 0,04053116
0,6103516 0,1192093 0,05960464
0,3051758 0,07152557 0,03576279
0,3051758 0,1192093 0,05960464
0,6103516 0,08583069 0,04291534
0,3051758 0,06198883 0,03099442
0,3051758 0,1096725 0,05483627
0,6103516 0,1239777 0,06198883
0,3051758 0,1001358 0,0500679
0,3051758 0,09059906 0,04529953
0,6103516 0,1001358 0,0500679
0,3051758 0,08106232 0,04053116
0,3051758 0,1192093 0,05960464
0,6103516 0,1096725 0,05483627
0,3051758 0,09059906 0,04529953
0,3051758 0,08106232 0,04053116
0,3051758 0,07629395 0,03814697
0,6103516 0,07629395 0,03814697
0,3051758 0,07629395 0,03814697
0,6103516 0,1096725 0,05483627
0,6103516 0,1144409 0,05722046
0,3051758 0,1335144 0,0667572
0,6103516 0,1049042 0,05245209
0,3051758 0,0667572 0,0333786
0,6103516 0,1001358 0,0500679
0,3051758 0,08106232 0,04053116
0,6103516 0,1001358 0,0500679
0,6103516 0,1239777 0,06198883
0,3051758 0,0667572 0,0333786
0,6103516 0,128746 0,06437302
0,6103516 0,128746 0,06437302
0,6103516 0,1096725 0,05483627
0,6103516 0,08583069 0,04291534
0,3051758 0,07152557 0,03576279
0,6103516 0,0667572 0,0333786
0,6103516 0,08583069 0,04291534
0,3051758 0,05245209 0,02622604
0,6103516 0,09536743 0,04768372
0,3051758 0,04768372 0,02384186
0,6103516 0,08583069 0,04291534
0,6103516 0,09536743 0,04768372
0,6103516 0,1382828 0,06914139
0,6103516 0,07629395 0,03814697
0,6103516 0,1049042 0,05245209
0,6103516 0,09059906 0,04529953
0,6103516 0,1192093 0,05960464
0,6103516 0,09059906 0,04529953
0,3051758 0,08583069 0,04291534
0,6103516 0,08106232 0,04053116
0,6103516 0,1096725 0,05483627
0,6103516 0,08106232 0,04053116
0,6103516 0,07629395 0,03814697
0,6103516 0,08583069 0,04291534
0,6103516 0,1001358 0,0500679
0,6103516 0,0667572 0,0333786
0,6103516 0,08583069 0,04291534
0,6103516 0,128746 0,06437302
0,3051758 0,06198883 0,03099442
0,3051758 0,08583069 0,04291534
0,3051758 0,09059906 0,04529953
0,6103516 0,1144409 0,05722046
0,6103516 0,05722046 0,02861023
0,6103516 0,1049042 0,05245209
0,3051758 0,06198883 0,03099442
0,3051758 0,1096725 0,05483627
0,6103516 0,08583069 0,04291534
0,6103516 0,08106232 0,04053116
0,3051758 0,07152557 0,03576279
0,6103516 0,07152557 0,03576279
0,6103516 0,05722046 0,02861023
0,3051758 0,07152557 0,03576279
0,6103516 0,0667572 0,0333786
0,3051758 0,08583069 0,04291534
0,3051758 0,1192093 0,05960464
0,6103516 0,09059906 0,04529953
0,3051758 0,07629395 0,03814697
0,3051758 0,09059906 0,04529953
0,6103516 0,1430511 0,07152557
0,6103516 0,04768372 0,02384186
0,6103516 0,07152557 0,03576279
0,6103516 0,09059906 0,04529953
0,3051758 0,05245209 0,02622604
0,3051758 0,05245209 0,02622604
0,3051758 0,07152557 0,03576279
0,6103516 0,07629395 0,03814697
0,6103516 0,1001358 0,0500679
0,6103516 0,09059906 0,04529953
0,3051758 0,07629395 0,03814697
0,6103516 0,07629395 0,03814697
0,6103516 0,08106232 0,04053116
0,6103516 0,1573563 0,07867813
0,3051758 0,1239777 0,06198883
0,6103516 0,1144409 0,05722046
0,6103516 0,1144409 0,05722046
0,6103516 0,07152557 0,03576279
0,3051758 0,1096725 0,05483627
0,6103516 0,09536743 0,04768372
0,3051758 0,08583069 0,04291534
0,6103516 0,09536743 0,04768372
0,3051758 0,08583069 0,04291534
0,6103516 0,1239777 0,06198883
0,3051758 0,09536743 0,04768372
0,3051758 0,08106232 0,04053116
0,6103516 0,1144409 0,05722046
0,3051758 0,07152557 0,03576279
0,6103516 0,1096725 0,05483627
0,3051758 0,1144409 0,05722046
0,3051758 0,07629395 0,03814697
0,3051758 0,1001358 0,0500679
0,3051758 0,07629395 0,03814697
0,6103516 0,1382828 0,06914139
0,6103516 0,1001358 0,0500679
0,3051758 0,08106232 0,04053116
0,6103516 0,1144409 0,05722046
0,6103516 0,07629395 0,03814697
0,9155273 0,1096725 0,05483627
0,6103516 0,09059906 0,04529953
0,6103516 0,128746 0,06437302
0,6103516 0,1001358 0,0500679
0,6103516 0,1144409 0,05722046
0,3051758 0,08106232 0,04053116
0,6103516 0,1001358 0,0500679
0,3051758 0,1001358 0,0500679
0,6103516 0,1192093 0,05960464
0,3051758 0,07629395 0,03814697
0,3051758 0,07152557 0,03576279
0,6103516 0,09536743 0,04768372
0,3051758 0,08106232 0,04053116
0,6103516 0,1049042 0,05245209
0,3051758 0,05245209 0,02622604
0,3051758 0,09536743 0,04768372
0,6103516 0,1049042 0,05245209
0,6103516 0,05722046 0,02861023
0,6103516 0,1096725 0,05483627
0,3051758 0,0667572 0,0333786
0,6103516 0,06198883 0,03099442
0,6103516 0,05722046 0,02861023
0,3051758 0,09059906 0,04529953
0,3051758 0,07629395 0,03814697
0,3051758 0,09536743 0,04768372
0,3051758 0,0667572 0,0333786
0,6103516 0,1096725 0,05483627
0,6103516 0,08583069 0,04291534
0,6103516 0,1144409 0,05722046
0,6103516 0,1049042 0,05245209
0,6103516 0,04768372 0,02384186
0,6103516 0,08583069 0,04291534
0,3051758 0,07629395 0,03814697
0,6103516 0,07629395 0,03814697
0,3051758 0,07629395 0,03814697
0,6103516 0,08106232 0,04053116
0,3051758 0,05245209 0,02622604
0,6103516 0,1096725 0,05483627
0,6103516 0,08106232 0,04053116
0,6103516 0,1192093 0,05960464
0,3051758 0,06198883 0,03099442
0,3051758 0,06198883 0,03099442
0,3051758 0,1049042 0,05245209
0,3051758 0,1144409 0,05722046
0,3051758 0,09536743 0,04768372
0,6103516 0,1001358 0,0500679
0,3051758 0,07629395 0,03814697
0,6103516 0,1096725 0,05483627
0,6103516 0,08583069 0,04291534
0,6103516 0,09536743 0,04768372
0,3051758 0,0667572 0,0333786
0,6103516 0,08583069 0,04291534
0,6103516 0,0667572 0,0333786
0,6103516 0,1096725 0,05483627
0,3051758 0,08106232 0,04053116
0,3051758 0,09536743 0,04768372
0,6103516 0,1001358 0,0500679
0,6103516 0,09536743 0,04768372
0,3051758 0,09059906 0,04529953
0,6103516 0,1096725 0,05483627
0,3051758 0,0667572 0,0333786
0,6103516 0,08583069 0,04291534
0,6103516 0,09536743 0,04768372
0,3051758 0,07629395 0,03814697
0,6103516 0,1192093 0,05960464
0,6103516 0,07629395 0,03814697
0,3051758 0,07629395 0,03814697
0,3051758 0,07152557 0,03576279
0,3051758 0,07152557 0,03576279
0,6103516 0,07629395 0,03814697
0,6103516 0,07629395 0,03814697
0,6103516 0,08583069 0,04291534
0,3051758 0,1096725 0,05483627
0,3051758 0,08583069 0,04291534
0,3051758 0,04291534 0,02145767
0,6103516 0,09059906 0,04529953
0,3051758 0,05722046 0,02861023
0,3051758 0,08106232 0,04053116
0,3051758 0,1144409 0,05722046
0,6103516 0,09536743 0,04768372
0,6103516 0,09536743 0,04768372
0,6103516 0,1192093 0,05960464
0,3051758 0,07629395 0,03814697
0,6103516 0,08583069 0,04291534
0,6103516 0,1096725 0,05483627
0,6103516 0,08583069 0,04291534
0,6103516 0,06198883 0,03099442
0,3051758 0,1001358 0,0500679
0,3051758 0,0667572 0,0333786
0,3051758 0,05245209 0,02622604
0,3051758 0,0667572 0,0333786
0,6103516 0,08583069 0,04291534
0,6103516 0,09059906 0,04529953
0,6103516 0,1001358 0,0500679
0,6103516 0,1525879 0,07629395
0,6103516 0,08106232 0,04053116
0,6103516 0,07629395 0,03814697
0,6103516 0,1096725 0,05483627
0,3051758 0,0667572 0,0333786
0,6103516 0,1144409 0,05722046
0,6103516 0,1382828 0,06914139
0,6103516 0,1096725 0,05483627
0,6103516 0,1096725 0,05483627
0,6103516 0,1049042 0,05245209
0,6103516 0,08106232 0,04053116
0,3051758 0,06198883 0,03099442
0,3051758 0,128746 0,06437302
0,6103516 0,1001358 0,0500679
0,3051758 0,08583069 0,04291534
0,6103516 0,1096725 0,05483627
0,6103516 0,1144409 0,05722046
0,6103516 0,09536743 0,04768372
0,6103516 0,08583069 0,04291534
0,3051758 0,0667572 0,0333786
0,3051758 0,06198883 0,03099442
0,6103516 0,1239777 0,06198883
0,6103516 0,08106232 0,04053116
0,6103516 0,1049042 0,05245209
0,3051758 0,1001358 0,0500679
0,6103516 0,08583069 0,04291534
0,3051758 0,08583069 0,04291534
0,3051758 0,1144409 0,05722046
0,6103516 0,1001358 0,0500679
0,3051758 0,1001358 0,0500679
0,6103516 0,09536743 0,04768372
0,3051758 0,1335144 0,0667572
0,3051758 0,09536743 0,04768372
0,6103516 0,1049042 0,05245209
0,6103516 0,07629395 0,03814697
0,3051758 0,1001358 0,0500679
0,6103516 0,07152557 0,03576279
0,3051758 0,07152557 0,03576279
0,6103516 0,1239777 0,06198883
0,3051758 0,07629395 0,03814697
0,3051758 0,1001358 0,0500679
0,6103516 0,1239777 0,06198883
0,6103516 0,1049042 0,05245209
0,3051758 0,07629395 0,03814697
0,6103516 0,08106232 0,04053116
0,6103516 0,08106232 0,04053116
0,3051758 0,1049042 0,05245209
0,3051758 0,09536743 0,04768372
0,6103516 0,1049042 0,05245209
0,6103516 0,08106232 0,04053116
0,3051758 0,08106232 0,04053116
0,6103516 0,07152557 0,03576279
0,6103516 0,1096725 0,05483627
0,6103516 0,1192093 0,05960464
0,6103516 0,1144409 0,05722046
0,6103516 0,1478195 0,07390976
0,6103516 0,1049042 0,05245209
0,6103516 0,1144409 0,05722046
0,6103516 0,1096725 0,05483627
0,3051758 0,07629395 0,03814697
0,6103516 0,1001358 0,0500679
0,3051758 0,09536743 0,04768372
0,6103516 0,09536743 0,04768372
0,6103516 0,09536743 0,04768372
0,6103516 0,07629395 0,03814697
0,3051758 0,08583069 0,04291534
0,6103516 0,06198883 0,03099442
0,3051758 0,08583069 0,04291534
0,3051758 0,08583069 0,04291534
0,6103516 0,1049042 0,05245209
0,3051758 0,1144409 0,05722046
0,3051758 0,1192093 0,05960464
0,3051758 0,08583069 0,04291534
0,6103516 0,1001358 0,0500679
0,3051758 0,08583069 0,04291534
0,6103516 0,128746 0,06437302
0,3051758 0,08583069 0,04291534
0,3051758 0,07152557 0,03576279
0,6103516 0,07629395 0,03814697
0,6103516 0,07629395 0,03814697
0,6103516 0,1001358 0,0500679
0,6103516 0,09536743 0,04768372
0,6103516 0,07152557 0,03576279
0,6103516 0,1335144 0,0667572
0,6103516 0,1478195 0,07390976
0,6103516 0,1001358 0,0500679
0,3051758 0,1096725 0,05483627
0,3051758 0,1049042 0,05245209
0,3051758 0,0667572 0,0333786
0,6103516 0,1239777 0,06198883
0,6103516 0,09059906 0,04529953
0,3051758 0,08106232 0,04053116
0,3051758 0,1001358 0,0500679
0,6103516 0,1001358 0,0500679
0,6103516 0,1096725 0,05483627
0,3051758 0,0667572 0,0333786
0,3051758 0,09536743 0,04768372
0,6103516 0,1239777 0,06198883
0,3051758 0,1096725 0,05483627
0,3051758 0,1049042 0,05245209
0,6103516 0,1096725 0,05483627
0,6103516 0,1192093 0,05960464
0,3051758 0,1144409 0,05722046
0,6103516 0,1144409 0,05722046
0,6103516 0,1239777 0,06198883
0,6103516 0,1239777 0,06198883
0,6103516 0,1001358 0,0500679
0,3051758 0,08583069 0,04291534
0,3051758 0,1049042 0,05245209
0,3051758 0,1049042 0,05245209
0,6103516 0,1382828 0,06914139
0,3051758 0,09059906 0,04529953
0,3051758 0,07152557 0,03576279
0,6103516 0,08583069 0,04291534
0,6103516 0,1144409 0,05722046
0,6103516 0,1096725 0,05483627
0,6103516 0,1096725 0,05483627
0,6103516 0,1096725 0,05483627
0,3051758 0,09059906 0,04529953
0,6103516 0,08583069 0,04291534
0,6103516 0,09059906 0,04529953
0,6103516 0,1192093 0,05960464
0,6103516 0,1335144 0,0667572
0,6103516 0,128746 0,06437302
0,3051758 0,1096725 0,05483627
0,6103516 0,09059906 0,04529953
0,6103516 0,09536743 0,04768372
0,6103516 0,07629395 0,03814697
0,3051758 0,1239777 0,06198883
0,3051758 0,08106232 0,04053116
0,3051758 0,09059906 0,04529953
0,6103516 0,1335144 0,0667572
0,6103516 0,1144409 0,05722046
0,6103516 0,1621246 0,08106232
0,6103516 0,1049042 0,05245209
0,6103516 0,1716614 0,08583069
0,6103516 0,128746 0,06437302
0,6103516 0,1382828 0,06914139
0,6103516 0,1096725 0,05483627
0,3051758 0,09059906 0,04529953
0,6103516 0,1096725 0,05483627
0,3051758 0,1239777 0,06198883
0,6103516 0,1144409 0,05722046
0,3051758 0,1001358 0,0500679
0,6103516 0,1049042 0,05245209
0,6103516 0,1382828 0,06914139
0,6103516 0,1144409 0,05722046
0,6103516 0,1192093 0,05960464
0,3051758 0,1525879 0,07629395
0,6103516 0,1716614 0,08583069
0,6103516 0,1049042 0,05245209
0,6103516 0,1001358 0,0500679
0,6103516 0,1096725 0,05483627
0,6103516 0,08583069 0,04291534
0,6103516 0,1478195 0,07390976
0,6103516 0,128746 0,06437302
0,6103516 0,1144409 0,05722046
0,3051758 0,1096725 0,05483627
0,3051758 0,09536743 0,04768372
0,3051758 0,09536743 0,04768372
0,6103516 0,1192093 0,05960464
0,6103516 0,1049042 0,05245209
0,6103516 0,1192093 0,05960464
0,3051758 0,08583069 0,04291534
0,3051758 0,1239777 0,06198883
0,3051758 0,1192093 0,05960464
0,6103516 0,1192093 0,05960464
0,6103516 0,1573563 0,07867813
0,6103516 0,1144409 0,05722046
0,3051758 0,1001358 0,0500679
0,3051758 0,1144409 0,05722046
0,3051758 0,07629395 0,03814697
0,6103516 0,07152557 0,03576279
0,6103516 0,09059906 0,04529953
0,6103516 0,1192093 0,05960464
0,6103516 0,1430511 0,07152557
0,6103516 0,1144409 0,05722046
0,3051758 0,09536743 0,04768372
0,6103516 0,09536743 0,04768372
0,6103516 0,08583069 0,04291534
0,6103516 0,1525879 0,07629395
0,6103516 0,1049042 0,05245209
0,6103516 0,1478195 0,07390976
0,6103516 0,1573563 0,07867813
0,6103516 0,128746 0,06437302
0,6103516 0,1621246 0,08106232
0,3051758 0,1096725 0,05483627
0,6103516 0,1049042 0,05245209
0,6103516 0,166893 0,0834465
0,6103516 0,1525879 0,07629395
0,3051758 0,1478195 0,07390976
0,6103516 0,1478195 0,07390976
0,6103516 0,1621246 0,08106232
0,6103516 0,128746 0,06437302
0,6103516 0,1335144 0,0667572
0,6103516 0,1430511 0,07152557
0,6103516 0,1573563 0,07867813
0,6103516 0,1430511 0,07152557
0,6103516 0,1144409 0,05722046
0,6103516 0,128746 0,06437302
0,6103516 0,1239777 0,06198883
0,3051758 0,1573563 0,07867813
0,6103516 0,1049042 0,05245209
0,6103516 0,1192093 0,05960464
0,6103516 0,128746 0,06437302
0,3051758 0,1335144 0,0667572
0,6103516 0,1525879 0,07629395
0,3051758 0,1335144 0,0667572
0,6103516 0,1239777 0,06198883
0,6103516 0,1096725 0,05483627
0,6103516 0,20504 0,10252
0,6103516 0,1430511 0,07152557
0,6103516 0,1478195 0,07390976
0,6103516 0,1621246 0,08106232
0,3051758 0,1096725 0,05483627
0,3051758 0,08583069 0,04291534
0,6103516 0,128746 0,06437302
0,6103516 0,1239777 0,06198883
0,6103516 0,166893 0,0834465
0,3051758 0,1525879 0,07629395
0,6103516 0,1430511 0,07152557
0,6103516 0,1621246 0,08106232
0,6103516 0,1478195 0,07390976
0,6103516 0,1764297 0,08821487
0,6103516 0,1716614 0,08583069
0,6103516 0,1907349 0,09536743
0,6103516 0,1811981 0,09059906
0,6103516 0,1859665 0,09298325
0,6103516 0,20504 0,10252
0,6103516 0,2336502 0,1168251
0,6103516 0,1907349 0,09536743
0,6103516 0,1716614 0,08583069
0,6103516 0,1764297 0,08821487
0,3051758 0,1478195 0,07390976
0,6103516 0,2288818 0,1144409
0,6103516 0,2527237 0,1263618
0,6103516 0,2002716 0,1001358
0,6103516 0,20504 0,10252
0,6103516 0,2384186 0,1192093
0,6103516 0,243187 0,1215935
0,6103516 0,2241135 0,1120567
0,6103516 0,2098083 0,1049042
0,6103516 0,2193451 0,1096725
0,6103516 0,2098083 0,1049042
0,6103516 0,2098083 0,1049042
0,6103516 0,243187 0,1215935
0,6103516 0,2336502 0,1168251
0,6103516 0,2145767 0,1072884
0,6103516 0,2002716 0,1001358
0,6103516 0,2861023 0,1430511
0,6103516 0,2908707 0,1454353
0,6103516 0,3099442 0,1549721
0,6103516 0,2861023 0,1430511
0,6103516 0,3433228 0,1859665
0,6103516 0,333786 0,1692772
0,6103516 0,3480911 0,2264977
0,6103516 0,3290176 0,1859665
0,9155273 0,333786 0,2002716
0,6103516 0,3242493 0,1978874
0,6103516 0,3480911 0,2193451
0,6103516 0,3290176 0,1955032
0,9155273 0,3671646 0,2455711
0,6103516 0,3576279 0,2479553
0,6103516 0,3433228 0,2217293
0,9155273 0,3814697 0,2717972
0,6103516 0,3385544 0,2026558
0,6103516 0,3528595 0,2264977
0,9155273 0,3910065 0,2670288
0,9155273 0,3910065 0,2741814
0,9155273 0,3671646 0,2503395
1,220703 0,3957748 0,2598763
0,9155273 0,3862381 0,2837181
1,220703 0,3910065 0,2932549
0,9155273 0,4243851 0,295639
0,6103516 0,3910065 0,2861023
0,9155273 0,4005432 0,2837181
0,9155273 0,4053116 0,3051758
0,9155273 0,3671646 0,2741814
1,220703 0,4053116 0,30756
1,525879 0,4291534 0,3099442
1,220703 0,4196167 0,295639
0,9155273 0,4053116 0,2908707
1,525879 0,4482269 0,3147125
0,9155273 0,41008 0,2884865
0,9155273 0,4863739 0,3361702
1,220703 0,4577637 0,333786
0,9155273 0,5578995 0,3790855
1,220703 0,6246567 0,4386902
2,13623 0,6914139 0,4696846
1,525879 0,7486343 0,5030632
