0,8138021 0,3178917 0,2272927
0,6103516 0,2892812 0,2161664
0,6103516 0,3019969 0,2193453
0,6103516 0,2765655 0,2193453
0,4069011 0,2733865 0,2050401
0,8138021 0,2892812 0,2209348
0,6103516 0,298818 0,214577
0,6103516 0,2956391 0,2272926
0,6103516 0,3019969 0,2225243
0,6103516 0,2861023 0,2193453
0,6103516 0,254313 0,1986823
0,8138021 0,3178917 0,2336506
0,6103516 0,298818 0,2209348
0,6103516 0,2924601 0,2193453
0,6103516 0,2829233 0,2129875
0,8138021 0,2861023 0,211398
0,6103516 0,2956391 0,2272927
0,6103516 0,3401442 0,2431873
0,6103516 0,298818 0,2225243
0,6103516 0,2892812 0,2193453
0,6103516 0,3337863 0,2447768
0,6103516 0,298818 0,2161664
0,6103516 0,2924601 0,2177559
0,6103516 0,2797444 0,2066296
0,8138021 0,2924601 0,2209348
0,6103516 0,2956391 0,2257032
0,6103516 0,2829233 0,2161664
0,6103516 0,301997 0,2304716
0,6103516 0,3401442 0,2527241
0,6103516 0,3083548 0,2304716
0,6103516 0,2924601 0,2145769
0,6103516 0,2702076 0,2098085
0,8138021 0,2829233 0,2145769
0,6103516 0,2924601 0,2257032
0,6103516 0,3115338 0,2209349
0,6103516 0,298818 0,2145769
0,6103516 0,2892812 0,2209348
0,6103516 0,3051759 0,2336505
0,6103516 0,3051759 0,2241137
0,6103516 0,2733865 0,2002718
0,6103516 0,2797444 0,2225242
0,8138021 0,2670287 0,2161664
0,6103516 0,2956391 0,2225243
0,6103516 0,3083549 0,2241138
0,8138021 0,2829233 0,211398
0,8138021 0,3210706 0,2415979
0,6103516 0,2924601 0,2368294
0,6103516 0,3115338 0,2400084
0,6103516 0,2892812 0,2209348
0,6103516 0,2861023 0,211398
0,6103516 0,3147127 0,2368295
0,4069011 0,2861023 0,2288821
0,6103516 0,2956391 0,2209348
0,8138021 0,3147127 0,2241137
0,6103516 0,301997 0,2304716
0,6103516 0,2861023 0,2304716
0,6103516 0,3210706 0,2400084
0,8138021 0,3083549 0,23524
0,6103516 0,2829233 0,2161664
0,6103516 0,3306074 0,2400084
0,6103516 0,298818 0,2241137
0,8138021 0,2956391 0,2193453
0,6103516 0,2956391 0,2161664
0,6103516 0,298818 0,2288821
0,6103516 0,2765655 0,211398
0,6103516 0,3274285 0,2495452
0,6103516 0,3115338 0,2304716
0,6103516 0,2861023 0,2145769
0,6103516 0,3083549 0,2272927
0,6103516 0,2733865 0,211398
0,6103516 0,298818 0,2161664
0,6103516 0,2892812 0,2209348
0,6103516 0,3242495 0,2415979
0,6103516 0,301997 0,2209348
0,8138021 0,3115338 0,2288821
0,8138021 0,2892812 0,2161664
0,6103516 0,2988181 0,2257032
0,6103516 0,3083548 0,2304716
0,6103516 0,3083549 0,2288821
0,6103516 0,3115337 0,2225243
0,6103516 0,2861023 0,2304716
0,4069011 0,2956391 0,232061
0,6103516 0,2892812 0,2177559
0,6103516 0,3083548 0,2304716
0,6103516 0,2924601 0,2288821
0,6103516 0,3115338 0,2400084
0,6103516 0,3369653 0,2447768
0,6103516 0,3274285 0,2527241
0,8138021 0,3242495 0,2400084
0,6103516 0,2892812 0,2241137
0,6103516 0,3051759 0,2225243
0,6103516 0,3083548 0,2431873
0,4069011 0,2861023 0,2193453
0,6103516 0,2956391 0,2225243
0,8138021 0,2892812 0,2193453
0,6103516 0,2829233 0,2177559
0,6103516 0,3051759 0,2241137
0,6103516 0,3306074 0,2415979
0,6103516 0,2829233 0,2225242
0,6103516 0,3210706 0,2463663
0,6103516 0,3083549 0,2368295
0,6103516 0,2924601 0,2225243
0,6103516 0,3147127 0,2415978
0,6103516 0,2829233 0,2193453
0,6103516 0,3051759 0,2415978
0,8138021 0,3623965 0,2574924
0,6103516 0,3369652 0,2495452
0,6103516 0,3178917 0,2368295
0,6103516 0,3274285 0,2527241
0,6103516 0,3210706 0,2463662
0,8138021 0,2797444 0,2193453
0,6103516 0,3496809 0,2606713
0,6103516 0,3083548 0,2304716
0,6103516 0,3242495 0,2447768
0,6103516 0,3083549 0,23524
0,6103516 0,3147127 0,2495452
0,6103516 0,3242495 0,2415979
0,6103516 0,298818 0,2368294
0,6103516 0,2924601 0,211398
0,8138021 0,3115338 0,2320611
0,6103516 0,3210706 0,23524
0,6103516 0,3337863 0,2463663
0,8138021 0,3083548 0,2415978
0,8138021 0,3592176 0,2686185
0,6103516 0,3210706 0,2400084
0,6103516 0,3083549 0,2257032
0,4069011 0,2924602 0,2209348
0,6103516 0,301997 0,2257032
0,6103516 0,3115338 0,2415978
0,8138021 0,3147127 0,2415978
0,6103516 0,3210706 0,2447768
0,6103516 0,2702076 0,2193453
0,6103516 0,3178917 0,23524
0,6103516 0,3115338 0,2400084
0,6103516 0,2924602 0,2288821
0,6103516 0,2861023 0,2193453
0,8138021 0,3369653 0,2336506
0,6103516 0,2829233 0,2225242
0,8138021 0,3306074 0,2431874
0,8138021 0,3115337 0,2320611
0,8138021 0,3306074 0,2415979
0,6103516 0,2956391 0,2257032
0,6103516 0,298818 0,2272927
1,220703 0,346502 0,2511347
0,6103516 0,3369652 0,2543135
0,6103516 0,3242495 0,2431873
0,8138021 0,3560386 0,2590818
0,8138021 0,3051759 0,2368294
0,6103516 0,3083548 0,2463662
0,8138021 0,3306074 0,2495452
0,6103516 0,3083548 0,2304716
0,6103516 0,3115338 0,2447768
0,6103516 0,3337863 0,2479557
0,8138021 0,3242495 0,2495452
0,6103516 0,3083549 0,2320611
0,6103516 0,2638497 0,2098085
0,6103516 0,3115338 0,2288821
0,6103516 0,3210706 0,2400084
0,6103516 0,2892812 0,2241137
0,6103516 0,3242495 0,23524
0,6103516 0,298818 0,2304716
0,6103516 0,3242495 0,238419
0,8138021 0,3147127 0,2368295
0,6103516 0,3115338 0,23524
0,6103516 0,2924601 0,2304716
0,6103516 0,3083548 0,2384189
0,6103516 0,3401441 0,2622608
0,6103516 0,3369653 0,2527241
0,6103516 0,3242495 0,2479557
0,8138021 0,3178917 0,2368295
0,6103516 0,3465019 0,2574924
0,6103516 0,3019969 0,2336505
0,6103516 0,3496809 0,2511346
0,6103516 0,3210706 0,2479557
0,4069011 0,3178917 0,2400084
0,8138021 0,298818 0,2288821
0,6103516 0,2797444 0,2225242
0,6103516 0,3147127 0,2272927
0,6103516 0,3306074 0,2447768
0,6103516 0,3369653 0,2463663
0,8138021 0,3147127 0,2304716
0,6103516 0,3147127 0,2304716
0,6103516 0,3242495 0,2463663
0,6103516 0,3337863 0,2511347
0,8138021 0,3083548 0,23524
0,6103516 0,3051759 0,2288821
0,8138021 0,3337863 0,2543135
0,6103516 0,3465019 0,2590818
0,6103516 0,2956391 0,2336505
0,6103516 0,2765655 0,2241137
0,6103516 0,2861023 0,2241137
0,8138021 0,3210706 0,23524
0,6103516 0,3210706 0,2431873
0,8138021 0,3242495 0,2415979
0,6103516 0,301997 0,2415978
0,8138021 0,3083549 0,2415978
0,6103516 0,3337863 0,2463663
0,6103516 0,3433231 0,255903
0,4069011 0,2956391 0,2161664
0,6103516 0,3147127 0,2384189
0,8138021 0,3083548 0,2368294
0,8138021 0,3528598 0,2622607
0,6103516 0,3210706 0,2368295
0,6103516 0,3528598 0,2638502
0,8138021 0,3433231 0,2590819
0,6103516 0,3019969 0,2257032
0,6103516 0,2924602 0,2272927
0,6103516 0,3178917 0,2447768
0,6103516 0,3401442 0,2511347
0,8138021 0,3083548 0,2431873
0,6103516 0,3369652 0,2527241
0,6103516 0,3115338 0,2415979
0,6103516 0,3083549 0,2320611
0,6103516 0,3115338 0,2320611
0,4069011 0,301997 0,2320611
0,8138021 0,2924601 0,2288821
0,6103516 0,2924602 0,2336505
0,6103516 0,3178917 0,238419
1,220703 0,3401442 0,2590819
0,6103516 0,3051759 0,23524
0,6103516 0,2829233 0,2161664
0,6103516 0,3306074 0,255903
0,6103516 0,2924601 0,2272926
0,6103516 0,3274285 0,2543136
0,6103516 0,3687543 0,2638501
0,6103516 0,3051759 0,2400084
0,6103516 0,3337863 0,2495452
0,6103516 0,3242495 0,2431873
0,6103516 0,3401442 0,2511346
1,017253 0,3019969 0,2368294
0,8138021 0,3369653 0,2606713
0,6103516 0,3051759 0,2368294
0,6103516 0,3083549 0,2463662
0,6103516 0,3115338 0,2431873
0,6103516 0,3210706 0,2543135
0,6103516 0,3433231 0,2606713
0,8138021 0,3210706 0,2415978
0,6103516 0,3083549 0,2368295
0,8138021 0,3337863 0,2495452
0,6103516 0,3115338 0,2431873
0,6103516 0,3242495 0,2495452
0,6103516 0,3210706 0,2431873
0,8138021 0,3528598 0,2654396
0,6103516 0,2892812 0,2241137
0,8138021 0,3019969 0,2400084
0,6103516 0,3083548 0,2384189
0,6103516 0,3306074 0,2511346
0,8138021 0,3115338 0,2447768
0,6103516 0,3210706 0,2463663
0,6103516 0,3210706 0,2400084
0,6103516 0,3274285 0,2479557
0,6103516 0,3083548 0,2288821
0,6103516 0,346502 0,255903
0,6103516 0,3178917 0,2431873
0,8138021 0,3782909 0,2654395
0,8138021 0,3337863 0,255903
0,6103516 0,301997 0,2400084
0,8138021 0,3465019 0,2559029
0,6103516 0,3337863 0,2431874
0,6103516 0,3528597 0,2543135
0,6103516 0,3274285 0,2527241
0,6103516 0,3401442 0,2622608
0,6103516 0,3242495 0,2447768
0,6103516 0,3210706 0,2463663
0,6103516 0,3433231 0,2622608
0,6103516 0,3623965 0,2717974
1,017253 0,3528598 0,2717974
1,017253 0,3433231 0,2590819
0,8138021 0,3051759 0,2447768
0,6103516 0,3433231 0,255903
0,6103516 0,3147127 0,2431873
0,6103516 0,301997 0,2368294
0,6103516 0,3274285 0,2495452
0,8138021 0,3274285 0,2511346
0,6103516 0,3465019 0,2511346
0,6103516 0,3210706 0,2527241
0,6103516 0,301997 0,2336505
0,8138021 0,3306074 0,2590819
0,6103516 0,3274285 0,2590819
0,4069011 0,2797444 0,232061
0,6103516 0,2892812 0,23524
0,6103516 0,3592176 0,2622607
0,6103516 0,3274285 0,2495452
0,6103516 0,346502 0,2606713
0,6103516 0,3528597 0,267029
0,6103516 0,3496808 0,2559029
0,8138021 0,3433231 0,2590819
0,6103516 0,2956391 0,232061
0,6103516 0,3274285 0,2543135
0,6103516 0,3496809 0,2654396
0,6103516 0,3401442 0,2654397
0,6103516 0,301997 0,23524
0,6103516 0,3306074 0,2638502
0,8138021 0,3592176 0,2749763
0,8138021 0,3592176 0,2606713
0,6103516 0,3528597 0,2606713
0,8138021 0,3306074 0,2511347
0,6103516 0,3401442 0,2622608
0,6103516 0,3433231 0,255903
0,6103516 0,3337863 0,2543136
0,6103516 0,3178917 0,2574924
0,6103516 0,3751121 0,2781551
0,8138021 0,3528598 0,2638502
0,6103516 0,3592175 0,2686185
0,6103516 0,3083549 0,2415978
0,8138021 0,3337863 0,2543136
0,8138021 0,3337863 0,2574925
0,8138021 0,3369653 0,255903
0,6103516 0,3369653 0,2511347
0,8138021 0,3910065 0,2892812
0,6103516 0,3878276 0,2733867
1,017253 0,3687543 0,2765657
0,8138021 0,3973643 0,2845128
0,8138021 0,3401442 0,2527241
0,6103516 0,3687543 0,2733868
0,6103516 0,3465019 0,2590818
0,6103516 0,343323 0,2654396
0,8138021 0,3496809 0,2670291
0,8138021 0,378291 0,2829234
0,6103516 0,4005432 0,2908706
0,6103516 0,3560386 0,2733868
0,6103516 0,3592176 0,2717974
0,6103516 0,3687542 0,2765657
0,8138021 0,3751121 0,2717973
0,6103516 0,3337863 0,2527241
0,8138021 0,3623964 0,2654396
0,6103516 0,3782909 0,281334
0,8138021 0,3274284 0,2511346
0,8138021 0,3655754 0,2749763
0,8138021 0,3814698 0,2845128
0,6103516 0,3782909 0,2861023
0,6103516 0,3687542 0,2797446
0,6103516 0,3623964 0,2733868
0,8138021 0,378291 0,281334
0,6103516 0,3560386 0,2654396
1,017253 0,3973643 0,2956389
0,8138021 0,3655753 0,2765657
0,6103516 0,3655753 0,2765657
0,6103516 0,406901 0,2972283
0,8138021 0,3846487 0,2861023
0,8138021 0,3814698 0,2845129
0,6103516 0,3719331 0,2781551
1,017253 0,3623965 0,2797446
0,6103516 0,346502 0,2622608
0,6103516 0,3687542 0,2829235
0,8138021 0,41008 0,3004073
0,8138021 0,3910065 0,2908706
0,6103516 0,3655753 0,2749762
0,8138021 0,3592176 0,2781552
0,6103516 0,3623964 0,2781551
0,8138021 0,3814698 0,281334
0,6103516 0,406901 0,3019967
0,8138021 0,3560387 0,2749763
0,8138021 0,4037221 0,2956389
0,6103516 0,4037221 0,29246
0,8138021 0,4005433 0,2988178
1,017253 0,4196167 0,306765
1,017253 0,4355112 0,3131227
0,8138021 0,4037221 0,2972283
1,017253 0,4037222 0,29246
0,8138021 0,406901 0,2988178
1,017253 0,3878277 0,2876917
0,6103516 0,4037221 0,2988178
0,6103516 0,3655753 0,2765657
0,8138021 0,3941854 0,2956389
0,8138021 0,4514056 0,3226593
0,8138021 0,4100799 0,2988178
0,8138021 0,4450479 0,3163016
1,017253 0,4196167 0,306765
0,6103516 0,3846487 0,2940495
1,017253 0,4577635 0,3353748
0,8138021 0,441869 0,3194805
1,017253 0,3941854 0,2956389
1,017253 0,43869 0,3210699
0,8138021 0,4196166 0,3083544
0,8138021 0,4291534 0,3147122
0,6103516 0,4227954 0,3115333
0,6103516 0,4227955 0,3083544
0,8138021 0,4482267 0,3369642
1,017253 0,4673002 0,3353749
0,8138021 0,470479 0,3449115
0,6103516 0,4132589 0,3083545
0,8138021 0,4514056 0,3274277
0,8138021 0,4514056 0,3353748
0,8138021 0,4418689 0,3321959
0,8138021 0,43869 0,3242488
1,017253 0,4577634 0,3274277
0,8138021 0,4641213 0,3337854
0,8138021 0,4831946 0,3480904
0,6103516 0,4768368 0,343322
1,017253 0,4609423 0,3623958
0,8138021 0,4514056 0,3512695
1,017253 0,4927314 0,3798799
0,8138021 0,473658 0,3655747
0,8138021 0,4768369 0,3544483
0,8138021 0,4609423 0,3623958
0,8138021 0,4673001 0,3592168
0,8138021 0,4800158 0,3719325
0,8138021 0,4895525 0,3767009
0,8138021 0,4895525 0,3687536
0,8138021 0,4800158 0,3544483
0,8138021 0,4800158 0,3623956
0,8138021 0,4609424 0,3480905
0,8138021 0,4482267 0,3496801
0,8138021 0,5022681 0,3830588
0,8138021 0,4514056 0,3465011
1,017253 0,4831947 0,3576272
1,017253 0,4863735 0,3798799
0,8138021 0,4927314 0,3894167
1,017253 0,4641213 0,3639852
1,017253 0,4895525 0,3894167
1,220703 0,5435942 0,4116692
1,017253 0,4990892 0,3846483
1,017253 0,4768369 0,3623957
1,017253 0,5213417 0,394185
0,8138021 0,4800158 0,373522
1,424154 0,5213417 0,3910061
1,017253 0,4895525 0,3973641
0,8138021 0,4959103 0,3862377
1,017253 0,5213417 0,4053113
0,8138021 0,4959103 0,3989536
1,017253 0,553131 0,4339218
0,8138021 0,505447 0,4069009
1,017253 0,5118049 0,400543
0,8138021 0,4831946 0,3941852
0,8138021 0,505447 0,3989535
1,017253 0,5690258 0,4418692
1,220703 0,5467732 0,4386903
1,017253 0,6167096 0,4720691
1,220703 0,559489 0,4498166
1,017253 0,5753837 0,4482271
1,017253 0,5944573 0,4704797
1,220703 0,559489 0,454585
1,017253 0,6262464 0,4911427
1,017253 0,6516775 0,5038584
1,220703 0,6643932 0,5102163
1,424154 0,6802877 0,5197533
1,017253 0,6643932 0,5165743
1,017253 0,6707509 0,5308793
1,220703 0,6643931 0,5261109
1,424154 0,6930033 0,5626679
1,220703 0,6802877 0,5356475
1,220703 0,667572 0,5372369
1,017253 0,6739299 0,5308792
1,017253 0,6961823 0,5642573
1,017253 0,6898245 0,5515419
1,220703 0,6834666 0,5420052
1,220703 0,6961823 0,5531313
1,220703 0,7311504 0,5865095
1,220703 0,7247926 0,5976356
1,220703 0,7216136 0,6024038
1,220703 0,7534028 0,6151193
1,220703 0,747045 0,6055828
1,220703 0,7438661 0,6008145
1,220703 0,7216136 0,5960461
1,424154 0,7724764 0,6230666
1,220703 0,747045 0,6214771
1,220703 0,7406871 0,5976356
1,424154 0,8042654 0,6437296
1,220703 0,7088979 0,5801517
1,220703 0,7692974 0,6405507
1,831055 0,7851919 0,6389612
1,424154 0,8265177 0,6628029
1,220703 0,7947286 0,6580348
1,627604 0,8869167 0,724792
1,220703 0,8106231 0,6834663
1,424154 0,8201598 0,6723399
1,424154 0,8551278 0,7041291
1,424154 0,8742011 0,7184342
1,831055 0,8646644 0,704129
1,220703 0,8392333 0,6882344
1,220703 0,8614855 0,7057185
1,627604 0,9218845 0,735918
1,424154 0,8519489 0,6930028
1,220703 0,8455911 0,6914134
1,220703 0,8583066 0,7104871
1,424154 0,9441367 0,753402
1,424154 0,8964534 0,7200235
1,424154 0,8678433 0,7216132
1,627604 0,8773801 0,7216132
1,424154 0,8932745 0,7295604
1,220703 0,816981 0,6866452
1,424154 0,8964533 0,7295603
1,627604 0,9123479 0,7438653
1,424154 0,8742012 0,7200237
1,424154 0,8837378 0,7327394
1,220703 0,8869166 0,7168446
1,424154 0,9314212 0,7549914
1,831055 0,9441368 0,7534021
1,424154 0,9218845 0,7502232
1,220703 0,9218845 0,7645284
1,424154 0,8900956 0,7311499
1,220703 0,8964533 0,7295603
1,220703 0,9250633 0,7629389
1,627604 0,9632103 0,7947283
1,424154 0,9377789 0,7597599
1,627604 0,9441368 0,7883704
1,424154 0,9568526 0,777244
1,627604 1,026789 0,8567178
1,424154 0,9600316 0,8010863
1,424154 0,979105 0,8090335
