0,1220703 0,01335144 0,006675721
0,1220703 0,007629395 0,003814697
0,1220703 0,009536744 0,004768372
0,6103516 0,01907349 0,009536743
0,2441406 0,01335144 0,006675721
0 0 0
0,3662109 0,01525879 0,007629395
0,1220703 0,003814697 0,001907349
0,3662109 0,01907349 0,009536743
0,1220703 0,01335144 0,006675721
0,2441406 0,01335144 0,006675721
0,2441406 0,007629395 0,003814697
0,2441406 0,01335144 0,006675721
0,2441406 0,01716614 0,00858307
0,2441406 0,01716614 0,00858307
0,2441406 0,01716614 0,00858307
0,1220703 0,009536744 0,004768372
0,3662109 0,009536743 0,004768372
0,1220703 0,007629395 0,003814697
0,1220703 0,005722046 0,002861023
0,2441406 0,009536744 0,004768372
0,2441406 0,007629395 0,003814697
0,2441406 0,01144409 0,005722046
0,1220703 0,009536744 0,004768372
0,2441406 0,01716614 0,00858307
0,2441406 0,02098084 0,01049042
0,1220703 0,005722046 0,002861023
0,1220703 0,01716614 0,00858307
0,1220703 0,01716614 0,00858307
0,2441406 0,01907349 0,009536744
0,2441406 0,01525879 0,007629395
0,2441406 0,02098084 0,01049042
0,1220703 0,01144409 0,005722046
0,3662109 0,02288818 0,01144409
0,1220703 0,01525879 0,007629395
0,3662109 0,01144409 0,005722046
0,2441406 0,02288819 0,01144409
0,2441406 0,01335144 0,006675721
0,2441406 0,02288819 0,01144409
0,2441406 0,02670288 0,01335144
0,1220703 0,01144409 0,005722046
0,2441406 0,01335144 0,006675721
0,2441406 0,007629395 0,003814697
0,2441406 0,01335144 0,006675721
0,1220703 0,007629395 0,003814697
0,3662109 0,02861023 0,01430511
0,2441406 0,005722046 0,002861023
0,2441406 0,01335144 0,006675721
0,1220703 0,01335144 0,006675721
0,3662109 0,02098083 0,01049042
0,2441406 0,02479553 0,01239777
0,2441406 0,02098084 0,01049042
0,2441406 0,02861023 0,01430512
0,2441406 0,01907349 0,009536744
0,3662109 0,02479553 0,01239777
0,2441406 0,02288819 0,01144409
0,2441406 0,01907349 0,009536744
0,2441406 0,007629395 0,003814697
0,3662109 0,01907349 0,009536743
0,4882813 0,04005433 0,02002716
0,2441406 0,02098084 0,01049042
0,1220703 0,009536744 0,004768372
0,2441406 0,02098084 0,01049042
0,2441406 0,01525879 0,007629395
0,2441406 0,03433228 0,01716614
0,2441406 0,02098084 0,01049042
0,2441406 0,01907349 0,009536744
0,1220703 0,009536744 0,004768372
0,1220703 0,01144409 0,005722046
0,2441406 0,01716614 0,00858307
0,2441406 0,01907349 0,009536744
0,1220703 0,005722046 0,002861023
0,2441406 0,02098084 0,01049042
0,1220703 0,02479553 0,01239777
0,1220703 0,01335144 0,006675721
0,2441406 0,01525879 0,007629395
0,2441406 0,01716614 0,00858307
0,1220703 0,009536744 0,004768372
0,3662109 0,02670288 0,01335144
0,2441406 0,01907349 0,009536744
0,3662109 0,02288818 0,01144409
0,2441406 0,01907349 0,009536744
0,2441406 0,01716614 0,00858307
0,2441406 0,009536744 0,004768372
0,1220703 0,01144409 0,005722046
0,2441406 0,01525879 0,007629395
0,2441406 0,02479553 0,01239777
0,2441406 0,02861023 0,01430512
0,3662109 0,02098083 0,01049042
0,1220703 0,01144409 0,005722046
0,2441406 0,01716614 0,00858307
0,2441406 0,01907349 0,009536744
0,2441406 0,02288819 0,01144409
0,3662109 0,01335144 0,00667572
0,2441406 0,02479553 0,01239777
0,2441406 0,02288819 0,01144409
0,2441406 0,03433228 0,01716614
0,2441406 0,02479553 0,01239777
0,3662109 0,02479553 0,01239777
0,1220703 0,01335144 0,006675721
0,3662109 0,03433228 0,01716614
0,2441406 0,04005433 0,02002716
0,2441406 0,02098084 0,01049042
0,2441406 0,03433228 0,01716614
0,2441406 0,02098084 0,01049042
0,2441406 0,02861023 0,01430512
0,2441406 0,04196167 0,02098084
0,2441406 0,01907349 0,009536744
0,3662109 0,04196167 0,02098083
0,2441406 0,02288819 0,01144409
0,2441406 0,04959107 0,02479553
0,3662109 0,04196167 0,02098083
0,6103516 0,04386902 0,02193451
0,3662109 0,05722046 0,02861023
0,4882813 0,05531311 0,02765656
0,6103516 0,05722046 0,02861023
0,6103516 0,08392334 0,04196167
0,3662109 0,09346008 0,04673004
0,6103516 0,1564026 0,07820129
0,6103516 0,1678467 0,08392334
0,6103516 0,1621246 0,08106232
0,7324219 0,2479553 0,1363754
0,6103516 0,2632141 0,1430511
0,6103516 0,2727509 0,1716614
0,6103516 0,2784729 0,1564026
0,4882813 0,25177 0,1516342
0,6103516 0,3070831 0,1878738
0,6103516 0,3032684 0,1878738
0,7324219 0,3471375 0,213623
0,8544922 0,3604889 0,2174377
0,9765626 0,3681183 0,2202988
1,098633 0,4196167 0,2651215
1,342773 0,4367828 0,2765656
1,342774 0,5054474 0,3271103
1,586914 0,6027222 0,4053116
2,563477 0,6828308 0,4692078
2,197266 0,7686615 0,5245209
2,441406 0,9555817 0,6065369
2,563477 1,008987 0,6875992
2,929688 1,194 0,8068085
3,051758 1,283646 0,8659363
3,295898 1,61171 1,117706
2,929687 1,619339 1,162529
3,173828 1,890182 1,340866
3,173828 2,046585 1,484871
3,784179 2,105713 1,583099
3,417968 2,244949 1,618385
4,15039 2,447128 1,869202
3,540039 2,403259 1,843452
4,760741 2,643585 2,082825
3,906249 2,637863 2,11525
3,784179 2,687454 2,129555
4,516601 2,735138 2,150536
3,78418 2,817154 2,207756
4,27246 2,87056 2,279282
3,90625 2,809524 2,213478
4,15039 2,986908 2,336502
4,27246 3,084183 2,567291
5,004882 3,177643 2,459526
4,15039 3,154754 2,568245
4,516601 3,097534 2,497673
6,958006 3,505707 2,75135
5,615233 3,412247 2,756119
5,371093 3,324508 2,762794
5,737304 3,593445 2,871513
7,324219 3,667831 3,032684
6,469725 3,704071 2,874374
5,859374 3,923416 3,129959
5,615233 4,278183 3,393173
6,225585 4,43077 3,617286
8,422852 4,564285 3,696441
5,859374 4,655838 3,759384
6,469725 4,720687 3,754616
7,202148 4,852294 3,869056
7,568358 5,105972 4,264831
8,422853 5,149841 4,20475
7,446289 5,270004 4,356384
7,080077 5,203247 4,259109
6,958006 5,34439 4,4384
7,080077 5,191803 4,183769
7,934571 5,311965 4,406929
6,713866 5,270004 4,439354
7,446289 5,31578 4,40216
8,911135 5,228042 4,370689
7,934571 5,636215 4,67968
7,202147 5,512237 4,562377
8,178711 5,550384 4,687309
7,690431 5,615234 4,62532
7,568359 5,561828 4,64344
7,324219 5,672454 4,776
8,178712 5,569458 4,54998
6,347655 5,268096 4,32682
7,69043 5,554199 4,546165
8,666994 5,70488 4,728317
8,544925 5,722046 4,624367
7,8125 5,775451 4,892349
8,178712 5,691528 4,494667
7,446289 5,712509 4,802703
7,934571 5,788803 4,734039
7,934571 5,737305 4,805565
8,056641 5,903244 5,079269
7,446289 5,685806 4,611969
8,300782 5,914688 5,064964
8,178711 5,788803 4,922866
8,544924 5,98526 5,005836
8,789064 5,828857 4,847526
7,446289 5,973815 4,978179
8,056642 5,878448 4,944801
8,178712 5,882263 4,844666
9,033204 6,031036 5,002975
8,789064 6,160736 5,156517
8,300782 5,964279 4,786491
7,8125 6,248474 5,208015
8,178712 6,309509 5,270004
9,033205 6,340027 5,232811
8,544924 6,189346 5,21946
9,033205 6,202698 5,228043
8,911135 6,271362 5,105019
8,300782 6,27327 5,173683
8,789064 6,269455 5,138397
8,056642 6,109238 5,148888
9,033205 6,345749 5,373955
8,422853 6,156921 5,177498
9,033206 6,414413 5,43499
8,178712 6,263733 5,025864
8,544923 6,151199 5,166054
8,422853 6,427765 5,205154
7,934571 6,292343 5,213737
8,666994 6,219864 5,203247
9,399418 6,309509 5,383492
7,93457 6,33049 5,206108
8,422853 6,385803 5,278587
7,934571 6,240845 5,108833
8,300782 6,26564 5,329132
8,911134 6,406784 5,372047
10,00977 6,483078 5,251884
8,666993 6,351471 5,135536
10,00977 6,362915 5,410194
7,93457 6,317139 5,351067
8,911136 6,254196 5,164146
8,789064 6,361008 5,296707
8,544923 6,45256 5,394936
9,76563 6,631851 5,446434
7,8125 6,305695 5,247116
8,422853 6,334305 5,314827
10,37598 6,601334 5,525589
8,178712 6,507874 5,487442
9,277346 6,36673 5,310059
8,178712 6,481171 5,51796
10,13184 6,649017 5,720139
9,887699 6,748199 5,763054
8,911135 6,422043 5,460739
9,155276 6,765366 5,646706
9,277348 6,586075 5,616188
9,399416 6,572723 5,454063
9,277347 6,813049 5,680084
9,399417 6,380081 5,522728
9,033204 6,4888 5,574226
8,911136 6,549835 5,39875
8,178712 6,429672 5,299568
10,00977 6,64711 5,720139
8,789064 6,462097 5,399704
9,399417 6,67572 5,694389
8,666993 6,612778 5,452156
9,643557 6,572723 5,440712
9,277347 6,696701 5,637169
9,033206 6,51741 5,448341
10,13184 6,748199 5,716324
8,300783 6,27327 5,349159
7,8125 6,420135 5,369186
8,422853 6,803513 5,710602
7,93457 6,63948 5,691528
8,789065 6,710052 5,602837
8,422853 6,429672 5,462646
8,300782 6,509781 5,437851
8,178712 6,698608 5,71537
8,789064 6,603241 5,556107
8,544923 6,498337 5,522728
8,422853 6,418228 5,314827
9,521488 6,719589 5,702019
7,69043 6,427765 5,322456
8,911135 6,586075 5,506516
8,789064 6,513596 5,591393
9,033205 6,603241 5,613327
7,8125 6,372452 5,414009
9,521487 6,727219 5,660057
8,789064 6,605148 5,532265
8,789064 6,643295 5,291939
8,911135 6,780624 5,699158
9,277346 6,729126 5,610466
9,399417 6,490707 5,541801
8,789064 6,77681 5,774498
8,789064 6,557465 5,41687
8,544923 6,616592 5,417824
9,155275 6,534576 5,581856
9,155277 6,538391 5,443573
8,666993 6,771088 5,660057
8,422853 6,578445 5,600929
8,789064 6,521225 5,620003
8,056642 6,505966 5,326271
8,911135 6,83403 5,79071
9,765629 6,643295 5,64003
7,934569 6,540298 5,683898
8,911136 6,614685 5,755424
8,911136 6,547928 5,537033
9,155275 6,422043 5,339622
8,666994 6,68335 5,599022
8,666994 6,681442 5,644798
8,666994 6,599426 5,716324
9,399417 6,692886 5,532265
9,033205 6,820679 5,681038
9,399417 6,635666 5,581856
8,666993 6,650925 5,417824
8,911136 6,547928 5,687714
10,62012 6,738663 5,822182
8,422852 6,467819 5,447388
8,911135 6,616592 5,599022
8,666994 6,607056 5,678177
9,887699 6,731033 5,725861
9,887699 6,507874 5,487442
9,155276 6,717682 5,584717
9,887699 6,528854 5,477905
9,521487 6,521225 5,519867
9,887698 6,587982 5,54657
8,666994 6,628036 5,233765
8,911135 6,643295 5,595207
9,277347 6,612778 5,70488
9,643559 6,866455 5,558968
8,178712 6,6185 5,675316
8,911135 6,635666 5,479813
10,25391 6,700516 5,736351
8,911136 6,856918 5,749702
8,911136 6,752014 5,753517
8,056642 6,511688 5,474091
10,00977 6,847382 5,629539
10,25391 6,67572 5,60379
9,033205 6,746292 5,678177
9,277346 6,738663 5,629539
9,033205 6,6185 5,70488
10,62012 6,473541 5,345345
8,666994 6,774902 5,709648
9,643558 6,778717 5,552292
8,911136 6,507874 5,35965
8,911135 6,565094 5,497932
8,911135 6,67572 5,908012
8,544924 6,555557 5,446434
9,033205 6,784439 5,670547
8,911134 6,608963 5,469322
9,765629 6,549835 5,632401
8,911136 6,622314 5,579948
11,10841 6,616592 5,428314
8,789064 6,649017 5,442619
10,13184 6,612778 5,497932
8,056642 6,473541 5,351067
8,789064 6,624222 5,473137
7,93457 6,774902 5,726814
8,666993 6,412506 5,239487
9,643559 6,507874 5,446434
8,422853 6,542206 5,428314
8,789064 6,729126 5,47123
8,911134 6,723404 5,725861
8,666994 6,669998 5,473137
8,544924 6,656647 5,54657
9,643557 6,587982 5,682945
10,86426 6,694794 5,582809
9,277348 6,931305 5,836487
9,155276 6,76918 5,942345
9,033206 6,778717 5,631447
8,544923 6,999969 6,007195
9,033205 6,759644 5,740166
8,666996 6,729126 5,767822
10,13184 6,689072 5,488396
8,911135 6,795883 5,786896
9,033205 6,70433 5,583763
8,789064 6,567001 5,437851
8,789064 6,608963 5,456924
9,277346 7,017136 5,866051
9,155276 6,708145 5,760193
8,422853 6,755829 5,75161
9,277347 6,744385 5,772591
8,666994 6,668091 5,527496
9,765625 6,58989 5,318642
10,86426 6,725311 5,596161
8,422853 6,511688 5,531311
8,300782 6,254196 5,242348
9,521487 6,526947 5,355835
7,93457 6,378174 5,30529
8,422853 6,763458 5,823135
9,76563 6,652832 5,479813
9,643558 6,811142 5,637169
8,789063 6,891251 5,608559
8,911135 6,710052 5,804062
9,033205 6,587982 5,693436
9,887698 6,837845 5,681992
8,666995 6,666183 5,539894
8,911136 6,698608 5,698204
9,277347 6,669998 5,701065
8,422853 6,753922 5,716324
9,399417 7,001877 6,025314
8,911134 6,549835 5,482674
9,765628 6,668091 5,624771
9,765629 6,929398 5,953789
8,422853 6,889343 5,825996
8,666993 6,784439 5,758286
9,155276 6,641388 5,578041
8,911134 6,801605 5,660057
8,911135 6,593704 5,601883
9,399418 6,816864 5,501747
9,033205 6,877899 5,986214
8,911134 6,820679 5,795479
8,911132 6,622314 5,537987
9,277347 6,938934 5,79834
10,37598 6,845474 5,794525
9,399416 6,855011 5,98526
8,911133 6,967545 5,692482
9,399416 6,99234 5,862236
9,399415 6,774902 5,862236
9,399416 6,809235 5,694389
9,521487 7,104874 5,931854
9,033206 6,811142 5,791664
9,521488 6,965637 5,655289
8,544924 6,736755 5,722046
9,887699 7,080078 5,852699
9,521487 7,022858 5,604744
9,399417 6,984711 5,713463
9,399417 6,910324 5,834579
9,155275 6,875992 5,791664
9,765628 7,246017 5,797386
9,887697 6,998062 5,921364
9,155274 7,024765 5,992889
9,277346 6,948471 5,651474
9,277347 7,091522 5,871773
8,666993 7,038116 5,782127
9,033205 7,249832 6,189346
10,13184 7,246017 6,029129
9,643557 7,091522 5,992889
9,033204 7,017136 5,911827
8,666992 6,868362 5,767822
10,00977 7,053375 5,901337
9,277346 6,853104 5,652428
10,49805 7,270813 6,191254
9,521488 7,169724 6,019592
8,911133 7,076263 5,766869
9,765629 7,226944 6,191254
9,765628 7,154465 5,992889
9,399414 6,954193 5,698204
10,00977 7,328033 5,906105
9,033204 7,255554 6,182671
9,277347 7,226944 5,954742
9,521487 7,261276 5,936623
9,643556 7,177353 6,065369
9,155275 7,234573 6,108284
9,521486 7,293701 6,148338
9,277344 7,120132 5,856514
12,20703 7,274628 6,163597
9,399416 7,255554 6,245613
8,422852 7,266998 6,132126
9,399415 7,293701 6,157875
10,49805 7,390976 6,234169
9,155276 7,293701 6,203651
9,643557 7,209778 6,00338
10,37598 7,455826 6,28376
9,887696 7,482529 6,239891
10,62012 7,377625 5,965233
10,13184 7,530212 6,110191
9,155278 7,453918 6,223679
12,32911 7,3452 5,8918
9,277344 7,389069 6,304741
9,887699 7,522583 6,379128
10,37598 7,463455 6,140709
11,23047 7,553101 6,463051
10,00977 7,78389 6,501198
10,74219 7,797241 6,579399
10,62012 8,039474 6,588936
9,887698 7,606506 6,183624
9,765627 7,675171 6,592751
11,23047 7,694245 6,643295
10,74219 7,854462 6,613731
11,1084 7,827759 6,705284
10,62013 7,974625 6,563187
9,765627 7,77626 6,337166
9,887698 7,768631 6,528854
10,86426 8,085251 6,594658
10,98633 7,823945 6,599426
10,62012 7,957459 6,6576
10,74219 7,957459 6,696701
10,25391 8,102417 6,577492
9,399418 7,762909 6,548882
10,00977 7,583618 6,426811
10,49805 7,909775 6,402016
11,35254 7,999421 6,639481
11,23047 7,852554 6,661415
11,71875 8,132935 6,842613
10,13184 8,050919 6,599426
10,13184 8,049011 6,84166
9,277346 7,669449 6,587029
10,62012 8,014679 6,691933
11,35254 8,188248 6,814957
10,62012 8,171082 7,015228
12,20704 8,094788 7,080078
11,59668 8,066177 6,671906
