0,8138021 0,4402799 0,3139185
0,8138021 0,4180275 0,3075605
0,8138021 0,4450485 0,3321978
0,8138021 0,4625326 0,3441189
0,8138021 0,4657115 0,3457083
0,8138021 0,4863746 0,3862388
0,8138021 0,4959114 0,3838547
1,017253 0,5149847 0,4013385
1,017253 0,5054481 0,4092855
1,017253 0,5404156 0,4212063
1,017253 0,5420051 0,4315375
1,831055 0,545184 0,4371005
1,017253 0,5324685 0,4339216
1,017253 0,5833304 0,4649155
1,220703 0,610351 0,4847835
1,220703 0,6786981 0,5205457
1,831055 0,7152557 0,5443882
1,627604 0,7390975 0,5849206
1,627604 0,7994967 0,6222735
2,034505 0,8726125 0,6890309
2,237956 1,028379 0,7804242
3,051758 1,096725 0,8281068
3,255208 1,200039 0,9123471
3,255208 1,341504 1,011689
4,475912 1,529059 1,132489
4,882813 1,719791 1,258851
3,86556 1,827875 1,370906
4,679363 2,009075 1,471838
5,289714 2,271333 1,644294
6,306966 2,565386 1,901787
5,696614 2,744993 2,024173
8,748369 3,094673 2,277692
10,17252 3,329912 2,505778
8,748369 3,588995 2,654395
9,562171 3,968875 2,883276
9,562171 4,285175 3,128051
10,57942 4,469553 3,29256
11,59668 4,641219 3,379187
10,17252 4,968639 3,670055
15,86915 5,229315 3,82026
12,00358 5,572635 4,072186
16,27605 5,952514 4,383722
13,02083 6,167096 4,382136
12,20703 6,599425 4,832746
13,42774 6,783802 4,938442
19,53126 7,427532 5,408924
25,22786 7,901192 5,691848
25,22786 8,557641 6,100339
26,04166 9,8149 7,034148
24,21061 10,81626 7,696156
29,9072 12,38823 9,033679
35,60379 13,8394 10,24326
40,4866 16,56532 11,74848
34,38309 19,43111 14,1112
36,82449 23,04554 18,01889
37,84174 26,41359 21,75172
39,46935 27,05731 22,60525
43,33493 29,56389 25,19051
41,91077 30,26801 25,79688
41,91076 31,55547 27,07163
42,92803 31,50779 27,53893
41,30041 32,98281 28,80176
50,45576 34,12403 30,05344
45,166 34,32112 30,22511
46,59017 34,71212 30,99996
44,14874 34,85993 30,85373
48,21778 34,83451 31,0246
44,7591 35,90738 31,90516
43,94529 35,65783 31,89005
47,40397 36,26023 32,62677
47,40397 36,46369 32,35656
48,82814 37,21868 33,4072
48,01433 36,09494 32,28822
49,03159 37,14715 33,21883
46,38671 36,85946 33,40241
46,99707 37,3522 33,71237
46,38671 36,80064 33,34439
47,20052 37,53497 33,95554
49,4385 38,19779 34,74789
47,20052 38,30269 34,66206
49,64195 38,75729 35,27639
48,82814 37,62241 34,60086
45,77636 37,80041 34,66525
51,06611 38,76682 35,05784
47,60743 38,4823 34,90367
55,74551 39,43438 35,59666
49,4385 38,90033 35,72541
49,64195 39,17371 35,79772
50,2523 39,30723 35,78659
56,55932 39,43121 36,05045
48,21778 39,16418 35,64515
50,65921 38,72707 35,44169
55,74551 39,37877 35,82079
52,08337 39,6156 36,1792
51,06611 39,24683 36,13232
48,21778 39,38352 36,15138
51,87992 40,83311 37,3689
51,06611 39,43916 36,31828
47,60743 39,5234 36,32224
54,72825 39,72367 36,03854
49,03159 40,29905 37,13446
51,26957 40,37057 36,99778
48,82814 40,25932 36,86427
52,89718 40,48185 37,06931
57,78003 40,35469 37,02479
51,06611 40,60265 37,26799
52,28682 40,82837 37,13607
51,67647 40,6694 37,10189
52,89718 40,91417 37,26958
51,06611 41,00795 37,6272
54,5248 40,8061 37,14402
50,65921 40,88874 37,74561
55,13515 41,40533 37,9888
52,69373 41,29246 37,75278
55,74551 40,68689 37,76072
49,23504 41,13829 37,75674
51,67647 40,91099 37,57713
51,67647 40,94596 37,41105
52,89718 41,06835 37,54534
51,26957 41,35922 37,66217
52,69373 41,59446 38,48629
55,54206 41,7868 38,26139
51,26957 41,49433 38,34327
50,2523 41,05087 37,53341
54,32135 41,18438 37,54057
49,03159 41,31631 37,8362
55,3386 41,46255 38,11436
54,72825 42,06495 38,52683
54,11789 41,5738 38,08654
50,45576 41,22095 37,86958
49,8454 41,30518 38,25584
49,64195 41,73276 38,20339
53,50754 42,01569 38,04763
53,91444 41,27022 37,95146
50,86266 41,46731 38,24154
54,72825 41,93779 38,45293
51,87992 41,58811 38,04763
51,87992 42,03475 38,27014
53,30408 42,25092 38,32735
55,13515 42,35741 38,9512
56,76277 41,53724 38,14296
51,06611 41,72638 38,17638
52,08337 41,92667 38,36949
54,5248 41,62626 38,53397
48,82814 41,78681 38,22883
54,72825 40,8633 37,43724
51,67647 41,55473 37,99356
50,86266 41,67872 38,05556
54,11789 41,8138 38,26377
55,74551 42,93917 39,27231
53,71099 41,73116 38,4275
55,13515 42,0872 38,61664
54,5248 42,00773 38,59199
52,28682 41,34492 38,20497
54,5248 42,07448 38,26696
52,89718 41,63738 38,38695
52,28682 41,44983 38,18671
57,16967 42,13013 38,73744
51,87992 41,63739 38,20576
57,57658 42,03635 38,53954
51,06611 42,05542 38,51173
54,32135 42,33516 38,95915
50,45576 42,01885 38,49742
53,71099 41,63102 37,88788
54,32135 41,71051 38,34325
54,32135 41,62466 38,28922
53,10063 41,96957 38,58245
55,13515 41,91394 38,36868
