0,8138021 0,298818 0,2177559
0,6103516 0,3369652 0,2511346
0,6103516 0,2829233 0,2161664
1,017253 0,3147127 0,2241137
0,4069011 0,2892812 0,2257032
0,6103516 0,3242495 0,2431873
0,6103516 0,3369653 0,2415979
0,8138021 0,2892812 0,2241137
0,6103516 0,3115338 0,2336505
0,6103516 0,2924601 0,2209348
0,6103516 0,2829233 0,2193453
0,6103516 0,3051759 0,2431873
0,8138021 0,2892812 0,2209348
0,6103516 0,3083548 0,2288821
0,6103516 0,3115338 0,2400084
0,4069011 0,2733865 0,211398
0,6103516 0,2797444 0,2177558
0,8138021 0,3083548 0,23524
0,6103516 0,3115337 0,2320611
0,6103516 0,3083548 0,2368294
0,6103516 0,2797444 0,2225242
0,6103516 0,3210706 0,2400084
0,6103516 0,3051759 0,2241137
0,6103516 0,3115338 0,2368295
0,6103516 0,2924601 0,2129875
0,6103516 0,2924601 0,2272926
0,6103516 0,2892812 0,2257032
0,6103516 0,3306074 0,2415979
0,6103516 0,3051759 0,2320611
0,6103516 0,2956391 0,2241137
0,6103516 0,3083549 0,2257032
0,8138021 0,3178916 0,2415978
0,6103516 0,3115338 0,2400084
0,6103516 0,3242495 0,2463662
0,6103516 0,3306074 0,2447768
0,8138021 0,3147127 0,2304716
0,6103516 0,3083548 0,2368294
0,6103516 0,3178917 0,2368295
0,6103516 0,3051759 0,2336505
0,6103516 0,3337863 0,2543136
0,6103516 0,298818 0,2288821
0,6103516 0,3147127 0,2400084
0,6103516 0,3019969 0,2288821
0,8138021 0,3051759 0,2272927
0,6103516 0,2924601 0,2209348
0,6103516 0,3306074 0,2511347
0,8138021 0,3401442 0,2479557
0,8138021 0,3242495 0,238419
0,6103516 0,3337863 0,2463663
0,6103516 0,3210706 0,2431873
0,6103516 0,3115338 0,2463662
0,6103516 0,3401442 0,2574924
0,8138021 0,3496808 0,2654396
0,6103516 0,2924601 0,2209348
0,6103516 0,2956391 0,2304716
0,6103516 0,2956391 0,2304716
0,6103516 0,3083548 0,2368294
0,8138021 0,3528598 0,2622607
0,6103516 0,3433231 0,2654397
0,8138021 0,3814698 0,2765656
0,6103516 0,3147127 0,2384189
0,6103516 0,3623964 0,2702079
0,6103516 0,3623964 0,2686185
0,6103516 0,346502 0,255903
0,8138021 0,3592176 0,2638502
0,6103516 0,3178917 0,2447768
0,6103516 0,3274285 0,2479557
0,6103516 0,3369653 0,255903
0,8138021 0,346502 0,2638502
0,6103516 0,3528597 0,267029
0,6103516 0,3306074 0,255903
0,6103516 0,3496809 0,2686185
0,8138021 0,346502 0,2670291
0,6103516 0,3496808 0,2606713
0,6103516 0,3655754 0,2749763
0,8138021 0,4005432 0,2876917
0,6103516 0,3623964 0,2733868
0,6103516 0,3910065 0,2845128
0,6103516 0,3655753 0,2765657
0,8138021 0,3846487 0,2876917
0,8138021 0,3592176 0,2702079
0,6103516 0,3719332 0,2829235
0,8138021 0,3719332 0,2765657
0,6103516 0,3719331 0,2797445
0,6103516 0,3814698 0,2829234
0,8138021 0,3814698 0,2845128
0,6103516 0,3878276 0,2908706
0,6103516 0,43869 0,317891
0,8138021 0,4641213 0,3274276
0,6103516 0,4450478 0,3369643
0,8138021 0,4673001 0,3449115
0,8138021 0,4768369 0,3576273
1,220703 0,4959103 0,3687535
0,8138021 0,4768369 0,3687536
0,8138021 0,4959103 0,373522
1,220703 0,5245206 0,3957745
1,017253 0,5435942 0,4291534
1,017253 0,5722047 0,427564
1,017253 0,5785626 0,4450482
1,220703 0,6198886 0,4673007
1,424154 0,6993613 0,5197532
1,424154 0,7756553 0,5928676
1,831055 0,8742011 0,6341929
2,237956 1,001358 0,7279708
2,034505 1,125337 0,8535389
2,644857 1,284281 0,9791059
3,458659 1,427332 1,08242
3,051758 1,538594 1,166661
3,86556 1,818339 1,333555
4,475911 1,945496 1,432101
3,86556 2,10762 1,598994
5,086263 2,209346 1,716614
5,086263 2,489089 1,912117
5,493165 2,60353 1,986821
4,882813 2,768834 2,102851
5,493164 3,032685 2,368291
4,882812 3,048579 2,366701
6,917317 3,401438 2,673466
5,493164 3,525416 2,738633
6,510417 3,884634 3,035863
6,917317 3,878275 3,110567
6,510417 4,024506 3,247261
6,713867 4,447301 3,54131
7,934569 4,466375 3,627141
6,713867 4,790625 3,905296
8,138021 5,00361 4,084906
8,341472 5,276998 4,30425
7,527669 5,42005 4,494984
8,138021 5,534488 4,577636
9,155274 6,049473 4,836718
8,748372 6,036757 4,88758
12,00358 6,573992 5,319913
9,969075 6,777446 5,582174
10,78288 6,99997 5,669592
10,37598 7,289251 6,073317
10,37598 7,413228 6,224313
10,78288 7,635751 6,400743
12,20703 7,909138 6,667774
10,37598 7,956823 6,729762
11,59668 8,157095 6,907782
14,85189 8,351008 7,03176
15,25879 8,662541 7,306734
13,02083 8,75473 7,375082
13,63119 9,307862 7,742246
14,64844 9,320578 7,928213
14,03809 9,508133 8,056959
12,41048 9,279252 7,832846
14,03809 9,794235 8,247695
12,41048 9,765626 8,203189
14,24153 9,927751 8,40187
14,85189 10,31876 8,656185
13,83464 10,19796 8,943873
14,44499 10,44909 9,104411
13,63118 10,72248 9,373027
13,63119 10,5985 9,269714
13,22428 10,88778 9,409587
13,83463 10,87189 9,420713
14,24154 10,61121 9,280841
13,63119 11,25018 9,778337
15,66569 11,46316 9,919803
15,05534 11,59986 10,07398
15,46224 11,23428 9,997684
16,27604 11,60621 10,08511
14,44499 11,37733 9,915033
15,25879 11,8351 10,33465
14,64844 11,62529 10,34737
14,85189 12,04173 10,54287
17,08984 12,14346 10,60009
14,24154 11,88914 10,43638
15,25879 12,19432 10,78765
14,85189 12,29286 10,6732
14,24154 12,20703 10,87348
16,07259 12,15935 10,6748
14,44499 12,25472 10,8242
15,05534 12,06716 10,71135
15,46224 12,37233 10,78764
15,05534 12,31511 10,82738
17,49674 12,50585 10,86235
14,85189 12,15935 10,59215
15,86914 12,80785 11,46158
18,1071 12,87142 11,30581
15,86914 12,89368 10,91162
17,08984 13,16071 11,48065
16,27604 13,04944 11,47906
17,29329 13,35144 11,64118
16,68294 13,1925 11,63165
18,1071 13,23064 11,57602
17,7002 13,24018 11,64913
18,71745 13,40548 11,88596
16,88639 13,58032 11,99086
16,07259 13,42774 11,98769
16,88639 13,55807 12,08623
17,08984 13,61211 12,05127
19,12435 13,45317 11,77629
18,1071 13,54536 12,02901
17,08985 13,54853 12,12915
19,93815 13,75834 12,15935
16,88639 13,91729 12,36121
18,31055 13,99358 12,49154
19,53125 13,98404 12,33895
16,68294 14,28922 12,74903
18,1071 14,52764 12,77129
17,08984 14,06987 12,58373
18,71745 14,12074 12,44227
19,93815 14,51175 12,97315
17,90364 14,60711 12,98586
18,514 14,97904 13,25607
18,1071 14,85507 12,96679
17,49674 14,78831 12,91593
18,1071 15,15706 13,42773
17,7002 14,94408 13,13369
19,7347 14,76288 13,01448
18,1071 14,43227 12,86825
18,514 15,01719 13,1464
18,1071 14,84235 13,14004
19,12435 15,05852 13,48019
18,9209 14,92501 13,26243
18,514 14,95361 13,35144
18,31055 14,75652 13,3419
17,70019 15,02991 13,40707
19,12435 15,04262 13,42456
20,5485 15,11256 13,35939
19,3278 15,06488 13,27674
19,12435 15,33508 13,53423
18,9209 15,07441 13,45953
21,15886 15,53536 13,54058
22,58301 15,6943 13,80603
19,93815 15,13163 13,42138
19,3278 15,13163 13,2974
19,12435 15,59893 13,86325
19,12435 15,35416 13,60893
19,7347 15,12209 13,6137
20,1416 15,20475 13,78219
19,53125 14,95679 13,44998
18,9209 15,23336 13,64231
20,34505 15,32555 13,42296
19,12435 15,83735 14,01742
20,34505 15,66887 13,93159
21,15886 15,83735 13,92683
21,15886 15,63708 13,93477
19,7347 15,37641 13,50244
19,3278 15,84053 14,16842
19,53125 15,618 14,05716
19,93815 15,17614 13,47701
19,12435 15,51946 13,63119
18,71745 15,44317 13,80444
19,12435 15,65933 13,71861
19,3278 15,56714 13,98722
19,3278 15,23654 13,64231
21,3623 15,55761 13,99517
20,1416 15,89457 14,2622
20,9554 15,68158 14,00629
19,3278 16,09484 14,27492
21,56575 16,06623 14,25584
20,5485 16,05034 14,20498
21,3623 16,67341 14,53718
21,76921 15,56079 14,03332
20,5485 15,80238 14,0206
19,7347 16,22836 14,47678
19,12435 15,8596 13,95066
20,75195 16,27922 14,19226
23,19336 16,18068 14,45611
19,53125 16,57804 14,64844
20,1416 16,12981 14,62936
21,3623 15,95815 14,36233
19,3278 16,13299 14,46406
19,7347 16,48267 14,59757
19,3278 16,49539 14,88844
20,1416 15,86278 14,21133
20,1416 15,92 13,96338
20,1416 16,33644 14,54354
20,34505 16,06624 14,43228
20,1416 16,23471 14,54671
20,9554 15,96769 14,06193
19,3278 16,10438 14,3385
20,34505 16,30465 14,6389
20,34505 15,9804 14,5785
20,5485 16,51128 14,28127
22,17611 16,23789 14,41161
20,1416 16,0567 14,13027
20,5485 16,60348 14,48314
21,3623 16,30783 14,49585
21,97265 16,27286 14,72473
21,15886 16,58758 14,7454
20,34505 16,43499 14,74857
21,76921 16,59394 14,7756
20,5485 15,96769 14,42432
21,15885 16,25061 14,56738
20,34505 16,57804 14,7152
21,15886 16,33962 14,32101
20,9554 16,52718 14,4434
20,34505 16,11074 14,2622
19,3278 16,2824 14,53717
21,97266 16,6448 14,66752
19,12435 16,55579 14,77877
21,15885 16,69566 14,8662
21,56575 16,45724 14,85824
20,5485 16,51128 14,65162
20,5485 16,49221 14,80897
20,1416 16,55261 14,42273
21,97265 16,92136 15,13163
20,1416 16,71791 14,86461
21,15886 16,67977 14,55466
20,1416 16,39366 14,8042
20,9554 16,86414 15,21747
19,53125 16,2665 14,18909
20,34505 16,31101 14,60711
21,15885 16,37141 14,86938
20,1416 16,27604 14,60552
22,78646 16,59712 14,93931
21,15885 16,96586 15,38753
21,97266 16,80057 15,05534
22,17611 16,88004 15,20316
19,93815 16,34598 14,81374
20,75195 16,88321 14,93136
22,17611 16,82917 15,04898
20,9554 17,27104 15,58463
21,56576 17,09303 15,30965
20,5485 17,04852 15,22541
20,9554 17,1566 15,32237
19,93815 16,91183 15,32555
20,1416 17,03262 15,27309
20,34505 16,63526 15,11574
21,97265 17,25514 15,20475
20,5485 17,08666 15,58622
21,76921 17,00084 15,47654
20,9554 17,07078 15,2731
20,5485 17,05487 15,13004
22,17611 16,87685 15,1364
23,39681 17,4427 15,45905
22,78646 17,13435 15,25879
21,56575 16,83236 15,14435
21,56575 16,72427 15,14435
20,5485 16,85779 15,16183
20,1416 17,10255 15,12368
21,56575 16,88004 15,14117
20,5485 17,32508 15,48131
20,34505 17,30283 15,46701
21,56576 16,90864 15,31124
21,76921 17,39502 15,57032
20,9554 17,01355 15,31283
20,9554 17,22018 15,57668
20,1416 17,20428 15,48131
21,56576 17,0962 15,34939
20,1416 17,07713 15,14435
19,93815 17,02627 15,29058
21,76921 16,98177 14,98541
20,75195 17,28693 15,51469
20,9554 17,3378 15,73403
19,7347 16,63208 14,91865
22,98991 17,66523 15,61006
24,82096 17,49039 15,78808
22,17611 16,98494 15,58304
21,97266 17,71609 15,73563
21,15886 17,25197 15,64185
20,75195 17,43317 15,68318
20,9554 17,27422 15,47495
21,56575 17,48403 15,75311
24,41406 17,67477 15,76424
22,78646 17,46177 15,7404
21,97266 17,15978 15,36528
23,60026 17,50946 15,84689
25,02442 18,47903 16,23472
23,80371 17,7447 15,89457
22,98991 17,67795 15,93272
22,78646 17,52536 15,83099
23,80371 18,08484 16,2824
21,3623 18,02127 16,15524
24,00716 18,43452 16,62731
24,21061 18,25014 16,53353
22,98991 17,75106 15,85325
21,3623 18,22154 16,40638
22,37956 18,39002 16,47314
24,82096 18,10392 16,3126
22,37956 18,27876 16,36188
22,78646 18,20565 16,45088
25,02442 18,32644 15,92159
22,17611 17,85278 16,2077
24,61751 18,24697 16,15841
21,3623 18,08167 16,33644
24,00716 18,70792 16,78149
22,37956 18,23743 16,51763
23,60026 18,39002 16,64479
25,43131 18,39638 16,26174
22,58301 18,36141 16,84984
23,39681 18,29782 16,54943
24,00716 18,4536 16,52876
29,90722 18,6634 16,54784
23,39681 18,78103 16,77195
24,41406 18,71109 16,68294
21,76921 18,10709 16,04398
21,97266 18,15796 16,53512
25,83822 19,11799 17,15183
23,39681 18,62526 16,89275
22,37956 18,22472 16,29989
25,63477 18,6189 16,84984
23,19336 18,89547 16,85937
21,76921 17,80192 16,02491
23,80371 18,45678 16,63526
23,39681 18,85732 16,4938
23,80371 18,92408 16,84666
23,60026 18,39002 16,36345
22,58301 19,00673 16,81487
21,97266 18,48221 16,60029
23,39681 18,69838 16,86255
24,00716 18,53307 16,88321
22,37956 18,89865 17,17091
23,19336 18,60937 16,92772
23,60026 18,8446 16,81328
22,98991 19,02898 17,14865
24,00716 19,08938 17,22336
22,37956 19,07031 17,19316
25,22787 19,06077 17,07077
22,37956 19,09892 17,21541
23,19336 19,18157 17,32985
23,80371 19,81735 17,55556
24,61751 19,95722 17,608
22,78646 19,62662 17,65251
23,80371 19,68066 17,77172
25,02442 20,04305 17,91477
25,02441 20,40863 18,27716
26,04167 20,31327 18,39638
25,63477 19,97312 17,87663
26,65202 20,70745 18,3169
23,39681 19,96358 17,81622
23,60026 20,60255 18,12934
25,22787 20,75513 18,76037
26,04167 20,67883 18,70314
24,21061 20,66612 18,41704
27,26237 20,95223 18,91931
25,02442 21,05395 18,47903
25,63477 20,94269 18,79692
27,26237 21,10164 18,78898
26,04167 21,38773 18,87322
25,22786 21,22243 19,47562
24,61752 20,68838 18,81122
25,63477 20,88865 18,75241
25,83822 20,86639 19,30237
25,43132 20,57711 18,54896
25,22786 21,15249 19,28806
25,63477 20,69156 18,79056
25,22787 21,08892 19,13071
25,43132 21,11435 18,70314
25,63477 21,10163 18,71745
27,05892 21,20018 19,17203
26,04167 20,88229 18,90182
24,82096 20,87911 18,83507
25,02442 21,0921 19,01467
26,44857 20,93951 18,70791
27,66928 21,99491 19,87298
26,04167 21,3337 19,55191
27,26237 21,66748 19,31509
27,26237 21,10799 19,24991
26,24512 20,84096 18,81759
26,65202 21,45449 19,41363
25,63477 21,89954 19,71086
27,05892 21,34323 19,31349
24,61751 21,02216 19,15932
26,04167 21,49264 19,37548
25,63477 21,11117 19,1466
24,82097 21,00309 19,26582
24,82096 21,05077 19,05124
27,05892 21,81689 19,77444
24,41406 21,33369 19,35004
27,05892 21,07302 19,33574
25,63477 21,64205 19,60596
24,00716 21,37502 19,29759
26,44857 21,6643 19,51854
26,04167 21,21608 19,50105
26,24512 21,33051 19,52807
26,04167 21,24786 19,05759
24,82097 21,54986 19,21177
27,46582 21,43541 19,37389
26,04167 21,11435 18,76354
26,04167 21,39727 19,14025
25,43132 21,62933 19,7188
26,85547 21,56257 19,60278
29,29688 21,73742 19,46131
26,24512 21,80735 19,58529
26,65202 21,53397 19,34051
26,85547 21,01898 19,19746
24,61752 21,21289 19,45019
27,05892 21,18428 19,37866
26,85547 21,43224 19,2833
26,44857 21,36548 19,58529
24,41406 21,18428 19,32303
25,83822 21,54669 19,44065
27,87272 21,76921 19,67589
25,83821 21,32734 18,87004
26,65202 21,40045 19,23084
25,43132 21,57212 19,64728
25,63477 21,55622 19,49787
25,63477 21,35595 19,33257
26,04167 21,62933 19,45337
30,11068 21,98537 19,41363
24,41406 21,15885 19,04805
26,85547 21,89001 19,84915
25,63477 21,67066 19,60754
26,85547 21,73742 19,87299
29,09343 21,80417 19,509
24,41406 21,09527 19,00355
