0,6103516 0,3083549 0,23524
0,6103516 0,3115338 0,2272927
0,6103516 0,2861022 0,2209348
0,6103516 0,3147127 0,23524
0,8138021 0,298818 0,2225243
0,6103516 0,2829233 0,2272926
0,6103516 0,2733865 0,2161664
0,8138021 0,3147127 0,2304716
0,8138021 0,3051759 0,2193454
0,4069011 0,2892812 0,2193453
0,8138021 0,3274285 0,2368295
0,8138021 0,3433231 0,2543135
0,6103516 0,2765655 0,2034507
0,6103516 0,2733865 0,2034507
0,4069011 0,2924602 0,2336505
0,6103516 0,3242495 0,2304716
0,6103516 0,2765655 0,2145769
0,6103516 0,2892812 0,2145769
0,6103516 0,298818 0,2209348
1,017253 0,2892812 0,2129875
0,8138021 0,3019969 0,2288821
0,6103516 0,2638497 0,2050401
0,6103516 0,3401442 0,2463663
0,4069011 0,2606708 0,211398
0,6103516 0,3051759 0,2257032
0,8138021 0,3115337 0,2288821
0,6103516 0,2924601 0,2177559
0,8138021 0,2797444 0,2209348
0,8138021 0,3274285 0,2400084
0,6103516 0,2924601 0,2161664
0,6103516 0,2765654 0,2129874
0,6103516 0,3083549 0,2288821
0,6103516 0,3083549 0,2288821
0,6103516 0,3178917 0,2336506
0,6103516 0,2670287 0,2018612
0,6103516 0,2861023 0,2257032
0,6103516 0,2765655 0,2066296
0,8138021 0,301997 0,2225243
0,6103516 0,2733865 0,2002718
0,6103516 0,3083548 0,2320611
0,4069011 0,2924602 0,2129875
0,6103516 0,3051759 0,2257032
0,6103516 0,3115337 0,214577
0,6103516 0,2765655 0,2129875
0,6103516 0,298818 0,2177559
0,6103516 0,2733865 0,2193453
0,6103516 0,2670287 0,2002717
0,6103516 0,298818 0,2129875
0,6103516 0,2670287 0,2082191
0,6103516 0,2733865 0,2098085
0,6103516 0,2638497 0,2002717
0,8138021 0,3115338 0,2272927
0,6103516 0,2924602 0,211398
0,6103516 0,3337863 0,2527241
0,6103516 0,2924601 0,2225243
0,6103516 0,2702076 0,2193453
0,6103516 0,2765654 0,2241137
0,6103516 0,298818 0,2368294
0,6103516 0,2956391 0,2272926
0,8138021 0,3115337 0,2304716
0,6103516 0,301997 0,2272927
0,8138021 0,3115338 0,2368295
0,4069011 0,2606708 0,2066296
0,6103516 0,3115338 0,2368295
0,8138021 0,2956391 0,2272926
0,6103516 0,2765655 0,2082191
0,6103516 0,3083549 0,2415978
0,6103516 0,2988181 0,2288821
0,6103516 0,2765655 0,2129875
0,4069011 0,2892812 0,2241137
0,6103516 0,3337863 0,2511347
0,6103516 0,3178917 0,2320611
0,4069011 0,2733865 0,211398
0,6103516 0,2861023 0,2225243
0,6103516 0,2892812 0,2193453
0,4069011 0,2956391 0,2336505
0,6103516 0,3274285 0,2431873
0,8138021 0,3019969 0,2209348
0,8138021 0,2574919 0,2034507
0,6103516 0,3083549 0,2415978
0,6103516 0,3019969 0,2368294
0,4069011 0,3051759 0,2336505
0,6103516 0,3369652 0,2320611
0,6103516 0,301997 0,2288821
0,8138021 0,3306074 0,2511347
0,6103516 0,298818 0,2288821
0,6103516 0,3019969 0,2193453
0,6103516 0,3465019 0,2543135
0,6103516 0,3210706 0,2463663
0,6103516 0,301997 0,23524
0,6103516 0,3178917 0,2336506
0,6103516 0,2924601 0,2241137
0,6103516 0,3433231 0,2590819
0,8138021 0,3274285 0,2431873
0,6103516 0,2924601 0,2193453
0,6103516 0,3496809 0,2543135
0,8138021 0,3115338 0,23524
0,6103516 0,2924602 0,232061
0,6103516 0,3083549 0,2304716
0,8138021 0,3178916 0,2511346
0,6103516 0,3083549 0,2304716
0,6103516 0,3178917 0,2384189
0,6103516 0,3274285 0,2511346
0,6103516 0,3337863 0,2574925
0,8138021 0,3115337 0,2368294
0,6103516 0,3115338 0,2400084
0,8138021 0,3115338 0,2272927
0,6103516 0,3115338 0,2320611
0,6103516 0,3274285 0,2543135
0,6103516 0,3178917 0,2400084
0,6103516 0,3147127 0,2304716
0,4069011 0,3242496 0,2431874
0,6103516 0,3147127 0,2320611
0,8138021 0,3274285 0,2431873
0,6103516 0,2988181 0,2336505
0,6103516 0,3274285 0,238419
0,6103516 0,298818 0,2304716
0,6103516 0,2924601 0,2241137
0,6103516 0,346502 0,2574924
0,6103516 0,2924601 0,2145769
0,8138021 0,3147127 0,2400084
0,6103516 0,301997 0,2288821
0,6103516 0,3147127 0,2463662
0,8138021 0,3019969 0,2288821
1,017253 0,3274284 0,2431873
0,6103516 0,3210706 0,2336506
0,6103516 0,2861023 0,2257032
0,6103516 0,3115338 0,2368295
0,6103516 0,3782909 0,2765656
0,6103516 0,3369653 0,2479557
0,6103516 0,3147127 0,2400084
0,6103516 0,3528597 0,2606713
0,6103516 0,3274285 0,2415979
0,6103516 0,3242495 0,2447768
0,6103516 0,3178917 0,2336506
0,6103516 0,301997 0,2384189
0,6103516 0,3623965 0,2781552
0,6103516 0,3083549 0,2431873
0,6103516 0,2829233 0,2209348
0,6103516 0,3210706 0,2463663
0,6103516 0,301997 0,2288821
0,6103516 0,3369653 0,2543136
0,8138021 0,3306074 0,2511347
0,6103516 0,3147127 0,2384189
0,6103516 0,3115338 0,23524
0,6103516 0,3051759 0,2415978
0,6103516 0,298818 0,2336505
0,8138021 0,3306074 0,2527241
0,8138021 0,2924601 0,2288821
0,6103516 0,2956391 0,2257032
0,6103516 0,3083549 0,2241138
0,6103516 0,3369653 0,2495452
0,6103516 0,3306074 0,2463663
0,6103516 0,3147127 0,2400084
0,6103516 0,3178917 0,2400084
0,8138021 0,346502 0,2622608
0,6103516 0,3051759 0,2384189
0,6103516 0,3560386 0,2574924
0,8138021 0,346502 0,2511346
0,6103516 0,3401441 0,2590819
0,6103516 0,3369652 0,255903
0,8138021 0,3274285 0,238419
0,6103516 0,3274285 0,2511347
0,6103516 0,3242495 0,2431873
0,6103516 0,3147127 0,2431873
0,6103516 0,3623964 0,2638501
0,8138021 0,3274285 0,23524
0,6103516 0,3115338 0,2400084
0,6103516 0,301997 0,2511346
0,6103516 0,2765655 0,2257032
0,8138021 0,3465019 0,2622607
0,6103516 0,298818 0,2241137
0,8138021 0,3051759 0,2463662
0,6103516 0,301997 0,2336505
0,8138021 0,3369653 0,2479557
0,6103516 0,3306074 0,2574924
0,6103516 0,3433231 0,2495452
0,6103516 0,3242495 0,2479557
0,6103516 0,378291 0,2717973
0,6103516 0,3592175 0,267029
0,6103516 0,2956391 0,232061
0,6103516 0,2892812 0,2336505
0,6103516 0,3433231 0,2574924
0,6103516 0,3178917 0,2400084
0,6103516 0,3592175 0,2749763
0,6103516 0,3528598 0,2686185
0,6103516 0,3147127 0,2400084
0,6103516 0,3242495 0,2431873
0,6103516 0,3592176 0,2638502
0,6103516 0,3242495 0,2431873
0,6103516 0,3178917 0,255903
0,8138021 0,3719331 0,2749762
0,8138021 0,3592176 0,2654396
0,6103516 0,3433231 0,255903
0,8138021 0,3051759 0,2415978
0,6103516 0,3083548 0,2400084
0,6103516 0,3496808 0,2590818
0,8138021 0,3210706 0,2415979
0,6103516 0,3019969 0,2384189
0,6103516 0,3306074 0,2479557
0,6103516 0,3337863 0,2574925
0,6103516 0,3369653 0,2479557
0,8138021 0,3687542 0,2733867
0,8138021 0,3496809 0,2638502
0,8138021 0,3306074 0,255903
0,6103516 0,346502 0,2543135
0,6103516 0,2892812 0,2368294
0,8138021 0,3592176 0,2686185
0,6103516 0,3178917 0,2368295
1,017253 0,3719332 0,281334
0,8138021 0,3560386 0,2622607
0,6103516 0,3592175 0,2749763
0,6103516 0,3274285 0,2511346
0,6103516 0,3528597 0,267029
0,6103516 0,3496809 0,2590818
0,8138021 0,3687543 0,2702079
0,8138021 0,3719332 0,2733868
0,8138021 0,3401442 0,2638502
0,6103516 0,3401442 0,2638502
0,8138021 0,3337863 0,2511347
0,6103516 0,3592176 0,2749763
0,6103516 0,3782909 0,281334
0,8138021 0,3274285 0,2527241
0,8138021 0,3401442 0,2638502
0,6103516 0,3528598 0,270208
0,6103516 0,3337863 0,2622608
0,6103516 0,3592175 0,2733868
0,8138021 0,378291 0,2781551
0,6103516 0,3782909 0,2797445
0,6103516 0,3369652 0,2606713
0,8138021 0,3941855 0,2940495
0,6103516 0,4037221 0,29246
0,6103516 0,3782909 0,2861023
1,017253 0,3910065 0,2861023
0,6103516 0,3973643 0,2940495
0,6103516 0,378291 0,2765656
0,8138021 0,3655754 0,2797446
0,8138021 0,3846487 0,2876917
0,6103516 0,3782909 0,2861023
0,6103516 0,3687543 0,2781551
0,6103516 0,3910065 0,2861023
0,8138021 0,4164377 0,3051755
0,8138021 0,3910065 0,2876917
0,6103516 0,4100799 0,2988178
0,6103516 0,3814698 0,2845129
0,8138021 0,3846487 0,2829234
0,8138021 0,3623964 0,2765657
0,6103516 0,3687542 0,2749762
0,6103516 0,3369652 0,2574924
0,6103516 0,375112 0,2797445
0,8138021 0,4323322 0,3099438
0,8138021 0,4037221 0,3019967
0,6103516 0,3814698 0,2892812
0,6103516 0,3814698 0,2829234
0,6103516 0,3655753 0,281334
0,6103516 0,4005432 0,2956389
0,8138021 0,3655754 0,2765657
0,8138021 0,4005432 0,3004073
0,8138021 0,4005432 0,3004073
0,8138021 0,378291 0,2861023
1,220703 0,4069011 0,3004073
0,6103516 0,378291 0,2845129
0,6103516 0,375112 0,2861023
0,6103516 0,4132588 0,3019966
0,8138021 0,4482267 0,3290171
0,8138021 0,4609423 0,332196
0,8138021 0,4609424 0,3274277
1,220703 0,4355112 0,3147122
0,8138021 0,4164377 0,306765
1,017253 0,4386901 0,32107
0,8138021 0,4418689 0,317891
0,6103516 0,375112 0,2829234
0,6103516 0,4132588 0,3051755
0,8138021 0,4545845 0,3226593
0,8138021 0,4545845 0,3290171
0,8138021 0,4164377 0,306765
0,8138021 0,4227956 0,3115333
1,017253 0,441869 0,3163016
0,8138021 0,4482267 0,3449116
0,6103516 0,4418689 0,3321959
0,8138021 0,4545845 0,3306065
0,8138021 0,4418689 0,3258382
0,6103516 0,4291533 0,3099438
0,8138021 0,4291533 0,3115332
0,6103516 0,4323322 0,317891
0,6103516 0,4355111 0,3194804
1,017253 0,4895525 0,3449115
1,017253 0,4227956 0,3131228
0,8138021 0,4736579 0,3528588
0,8138021 0,4291532 0,3242487
0,8138021 0,4450479 0,3226594
0,6103516 0,4450478 0,3274276
1,017253 0,4291533 0,3147122
0,6103516 0,4291533 0,3147121
0,6103516 0,43869 0,3226593
0,8138021 0,4514056 0,3433222
0,8138021 0,4355112 0,3178911
0,8138021 0,4450478 0,3321959
0,8138021 0,4450478 0,3258382
0,8138021 0,4355111 0,3242487
0,8138021 0,4482267 0,3290171
0,8138021 0,4196166 0,3099439
0,8138021 0,4609423 0,3480905
0,8138021 0,4386901 0,3163016
0,8138021 0,4450478 0,3496801
1,017253 0,4641213 0,346501
0,6103516 0,4545845 0,3353748
0,8138021 0,4545845 0,3274277
0,8138021 0,4831947 0,3576272
0,8138021 0,4418689 0,3321959
1,017253 0,4800158 0,3528588
1,017253 0,4704791 0,3544483
0,8138021 0,505447 0,3894167
0,8138021 0,508626 0,4084904
1,017253 0,4673001 0,3735221
0,8138021 0,4831947 0,3830588
1,017253 0,4895525 0,3957746
1,017253 0,4959103 0,3830588
0,8138021 0,4990892 0,3862377
0,8138021 0,4959103 0,3814693
0,8138021 0,4990892 0,3973641
0,8138021 0,5118049 0,4084904
1,017253 0,5499521 0,4307429
1,017253 0,5531311 0,4339219
1,220703 0,559489 0,4498166
1,017253 0,5880994 0,4736587
1,220703 0,6167096 0,4895533
1,017253 0,6802878 0,5165743
1,424154 0,7184347 0,5420055
1,220703 0,747045 0,5865096
1,424154 0,8010865 0,6389613
1,220703 0,7820132 0,6437297
1,220703 0,8996322 0,7136655
1,424154 0,816981 0,6755188
1,220703 0,8614855 0,7073079
1,424154 0,8996323 0,7041289
2,034505 1,010894 0,7915494
2,034505 1,042684 0,8312863
1,424154 1,017253 0,816981
1,831055 1,118979 0,8837389
1,831055 1,185735 0,9314225
1,831055 1,185735 0,9536751
2,441406 1,341501 1,058578
3,051758 1,328786 1,064936
1,831055 1,357396 1,133281
2,034505 1,446406 1,187323
2,237956 1,471837 1,187324
2,237956 1,513163 1,246135
3,86556 1,637142 1,296998
3,458659 1,75794 1,411439
3,66211 1,955032 1,513164
4,882813 2,22842 1,681646
4,272461 2,31425 1,791318
3,66211 2,48591 1,948674
4,475912 2,660752 2,136231
3,86556 2,581279 2,045631
4,679363 2,985001 2,344449
5,696614 3,302892 2,58128
6,917317 3,39508 2,651215
6,306965 3,458659 2,690951
7,731118 3,636678 2,859434
8,748369 3,989538 3,19004
7,120767 4,014969 3,191629
5,900065 4,199347 3,348987
9,765621 4,679362 3,646215
7,934568 4,529952 3,596942
8,341469 5,315143 4,110336
7,120767 4,771553 3,770193
8,951819 5,207061 4,110336
9,35872 5,544026 4,227955
8,544919 5,661645 4,514058
9,765621 5,782447 4,420281
9,969072 6,246566 4,841487
11,18978 6,326039 4,936855
8,95182 6,373724 5,013149
12,41048 6,437299 5,164145
10,37597 6,875992 5,574225
13,22429 7,092158 5,61714
10,78288 7,022222 5,517006
10,78288 7,104872 5,493163
12,00358 7,298787 5,666413
12,81738 7,47363 5,944571
14,24154 7,403692 5,86351
13,22429 7,778803 6,14802
11,59668 7,378258 5,836485
13,02083 7,950463 6,046294
13,63119 7,804235 6,248157
14,85189 7,899603 6,275178
12,20703 7,826486 6,270406
12,00358 7,747014 6,095567
13,63119 7,883708 6,322863
13,83464 8,157093 6,395976
14,03809 8,125303 6,488163
11,59668 7,842381 6,273587
12,61393 8,223851 6,505648
13,63119 8,39869 6,53108
14,24154 8,532204 6,864865
13,02083 8,331934 6,5581
12,81739 8,58307 6,944339
13,83464 8,840562 7,028581
13,02083 8,516311 7,0254
12,61393 8,25246 6,516773
14,03809 8,668898 6,950698
12,00358 8,754728 6,815592
14,85189 8,955004 7,03653
15,6657 8,954999 7,050832
12,81738 9,066259 7,214546
12,61393 8,115768 6,451605
12,20703 8,462268 6,783801
11,80013 8,850097 7,065136
15,05534 8,862811 7,057189
12,41048 8,376439 6,747246
15,05535 8,49088 6,987254
13,42774 8,703869 6,936392
11,80013 8,185704 6,693204
14,64844 8,649822 6,952283
12,41048 8,344648 6,515185
14,85189 8,942286 7,255873
15,05534 8,951822 7,246335
11,39323 8,153914 6,659824
18,51401 9,155273 7,216137
14,03809 9,260176 7,402101
13,83464 8,942286 7,170041
13,63119 8,691151 7,111229
14,85189 8,958179 7,303554
14,03809 8,707046 7,219313
13,63119 8,643468 6,848972
15,2588 8,681611 7,120765
16,0726 9,110771 7,346472
14,03809 8,878706 7,096925
12,00358 8,840563 7,212956
12,20703 8,764264 7,146196
12,41048 8,872349 7,108051
13,63119 9,444554 7,570584
10,98633 8,281069 6,66936
14,24154 8,843741 7,198652
13,63119 8,506774 6,76473
14,44499 8,716584 6,875992
11,80013 8,300142 6,753603
14,85189 8,815128 6,812413
13,02083 8,815126 7,149377
12,41048 8,910494 7,038114
13,42774 8,951821 7,041296
15,05534 9,053546 7,383026
13,42774 9,009043 7,214546
14,64844 8,586244 6,823537
14,64844 8,993149 7,189117
12,41048 8,69751 7,114409
13,63119 8,811949 6,96818
12,81738 8,770627 7,209779
12,61393 8,885064 7,286072
14,64844 8,713401 6,993609
13,02083 8,846918 7,14302
14,44499 8,789698 7,157325
14,8519 9,012219 7,236796
14,24154 9,454089 7,465682
14,85189 9,028114 7,410048
13,02083 8,862811 7,225672
13,83464 8,98043 7,274944
14,24154 9,355544 7,562638
10,98633 8,487701 6,653467
14,24154 9,765626 7,468859
15,86915 9,409587 7,376671
18,51401 8,846921 7,14938
12,81738 9,126661 7,319449
14,03809 9,164808 7,174807
14,24154 9,03765 7,410049
13,42774 9,346005 7,553101
20,14161 9,323752 7,379846
16,68295 9,145735 7,052421
13,02083 9,053545 7,402102
11,80013 8,958178 7,220903
13,22429 9,082157 7,43866
14,85189 9,263354 7,25746
15,2588 9,28879 7,500649
14,03809 9,27289 7,262227
18,71746 9,587607 7,826488
16,27604 9,209312 7,338521
14,64844 8,993147 7,003147
13,83464 9,0758 7,219315
17,29331 9,851456 7,99815
16,27605 8,980433 7,246333
16,27604 9,600321 7,829666
13,63119 9,603499 7,754963
13,22429 9,565351 7,640521
17,2933 9,4223 7,465679
14,64844 9,002683 7,328985
16,27604 9,288791 7,44661
17,49676 9,126663 7,041296
17,08984 9,368259 7,565816
14,44499 9,082157 7,543562
13,42774 9,120301 7,212955
15,6657 9,349186 7,462502
13,83464 9,171165 7,088976
16,27605 8,732479 7,184347
15,6657 9,126661 7,262227
13,63119 8,865992 7,061959
17,2933 9,066264 7,252694
13,83464 9,504955 7,669129
17,2933 9,48588 7,530847
14,85189 9,838738 7,721584
