0,6103516 0,2924601 0,2225243
0,6103516 0,2702076 0,211398
0,6103516 0,2702076 0,2066296
0,4069011 0,2861023 0,2098086
0,4069011 0,3147127 0,2336506
0,6103516 0,301997 0,2272927
0,8138021 0,2861023 0,2241137
0,6103516 0,2988181 0,2193454
0,6103516 0,2829233 0,2209348
0,6103516 0,2733865 0,2098085
0,6103516 0,3115337 0,2320611
0,6103516 0,2861023 0,2034507
0,6103516 0,301997 0,2257032
0,8138021 0,2765655 0,2034507
0,4069011 0,2638497 0,2066296
0,6103516 0,3147127 0,2320611
0,6103516 0,2511341 0,1939139
0,8138021 0,2924601 0,2209348
0,6103516 0,301997 0,2288821
0,6103516 0,3274285 0,2415979
0,6103516 0,3274285 0,2336506
0,6103516 0,2956391 0,2257032
0,6103516 0,301997 0,2320611
0,6103516 0,2797444 0,2193453
0,6103516 0,2988181 0,2193454
0,6103516 0,301997 0,2272927
0,8138021 0,3242495 0,2368295
0,6103516 0,2797444 0,2225242
0,8138021 0,301997 0,2272927
0,6103516 0,2892812 0,2288821
0,6103516 0,2924601 0,211398
0,6103516 0,3115338 0,2384189
0,8138021 0,2861023 0,2209348
0,6103516 0,3210706 0,2495452
0,6103516 0,3306074 0,2447768
0,6103516 0,3274285 0,2447768
0,6103516 0,2892812 0,2193453
0,8138021 0,3147127 0,2400084
0,8138021 0,3210706 0,2511346
0,8138021 0,2861023 0,2272926
0,8138021 0,3242495 0,2479557
0,6103516 0,3115338 0,2384189
0,8138021 0,3242495 0,23524
0,6103516 0,3210706 0,2447768
0,8138021 0,3433231 0,2543135
0,8138021 0,3306074 0,2527241
0,8138021 0,3306074 0,2400084
0,6103516 0,3083549 0,2384189
0,6103516 0,343323 0,2622607
0,8138021 0,3592176 0,2638502
0,6103516 0,3592176 0,2733868
0,8138021 0,3433231 0,2606713
1,017253 0,3751121 0,2702079
0,8138021 0,3941855 0,2876918
0,6103516 0,3592176 0,267029
0,8138021 0,3814698 0,2829234
0,8138021 0,3496808 0,2638502
0,8138021 0,3719331 0,2861024
0,8138021 0,4227955 0,3019966
0,6103516 0,3623964 0,2733868
0,6103516 0,3623964 0,2702079
0,6103516 0,3623964 0,2797446
0,6103516 0,3814698 0,2908706
0,6103516 0,3496808 0,270208
0,6103516 0,4069011 0,3035862
0,8138021 0,3878276 0,2876917
0,8138021 0,4164378 0,3035861
1,017253 0,4227955 0,3083544
0,8138021 0,4800158 0,3417326
0,6103516 0,4418689 0,3210699
0,8138021 0,4609423 0,3290171
1,017253 0,4768369 0,3512695
0,8138021 0,4482267 0,3258382
0,6103516 0,4355111 0,3242487
1,017253 0,4609423 0,3321959
1,017253 0,4831947 0,3671642
1,017253 0,4927314 0,376701
0,8138021 0,4736579 0,3639852
0,8138021 0,5276996 0,4132587
1,017253 0,5626679 0,4196166
1,220703 0,5976361 0,4593533
1,017253 0,55631 0,4450482
1,017253 0,6389619 0,4863741
1,220703 0,6993613 0,5308794
1,627604 0,7120768 0,5420054
1,220703 0,7375082 0,5531316
1,017253 0,7534029 0,569026
2,034505 0,8169811 0,6214774
2,034505 0,9727475 0,7057183
2,034505 1,128515 0,8312861
4,272461 1,335144 0,9473166
3,86556 1,535415 1,091958
6,713867 1,872381 1,354218
5,696614 2,301535 1,665751
8,138019 2,864202 2,090136
10,17252 3,519059 2,511342
10,78288 3,951391 2,923012
8,748369 4,67936 3,496805
11,80013 5,159377 3,889402
10,57942 5,470911 4,053115
8,54492 5,544026 4,280409
12,20703 5,947749 4,599887
11,18978 6,494522 5,033811
16,8864 7,050831 5,346934
14,64844 7,390975 5,64734
11,80013 7,352829 5,626679
12,41048 7,90914 5,879403
12,20703 8,118947 5,947751
14,03809 8,993148 6,656645
17,2933 9,778341 6,974538
16,4795 10,50313 8,379616
79,75282 12,93501 10,17094
67,54572 13,8855 11,06262
67,74918 15,31284 12,15776
110,2699 20,59619 15,03944
81,78728 26,41045 17,60961
89,51829 39,00216 24,30123
95,2148 61,72507 36,95174
101,5217 73,16605 59,63971
101,9286 77,56885 66,69057
122,0699 81,21503 67,9637
105,3872 77,35587 67,0625
118,0009 86,19951 72,72411
129,5974 87,48379 75,66618
117,7975 88,79668 77,23977
130,2078 90,39247 77,86758
121,0526 91,95329 80,94797
130,2078 98,01859 83,49106
130,2078 98,71161 85,57965
130,2078 102,2338 87,22313
130,2078 104,9263 87,74916
130,2078 102,113 83,00147
130,2078 103,9504 85,76555
130,2078 106,4489 87,26437
130,2078 108,2259 87,10857
130,2078 109,364 90,297
130,2078 111,9388 93,74609
130,2078 109,5801 86,08656
128,7836 105,3681 85,46992
130,2078 110,7976 88,65668
130,2078 108,2291 85,32523
130,2078 113,6141 91,53831
130,2078 114,2594 94,47248
130,2078 114,3802 96,4434
130,2078 113,0959 94,21973
130,2078 114,6758 93,33282
130,2078 113,7889 94,18637
130,2078 112,5396 90,17141
130,2078 118,2235 96,54666
130,2078 119,2153 98,40633
130,2078 114,4947 94,55511
130,2078 118,7861 95,77576
130,2078 116,0872 91,92931
130,2078 119,5649 102,2273
130,2078 119,3074 100,4408
130,2078 119,1517 98,15836
130,2078 114,6123 94,26904
130,2078 117,06 98,29032
130,2078 115,4102 92,80354
130,2078 118,4683 97,30324
130,2078 118,98 96,16204
130,2078 124,4953 103,4703
130,2078 122,1875 99,98621
130,2078 120,8174 100,0435
130,2078 122,2606 103,669
130,2078 124,1234 104,1839
130,2078 121,9109 104,0028
130,2078 122,5403 104,4716
130,2078 123,3255 103,3972
130,2078 123,246 104,6512
130,2078 123,7992 103,0586
130,2078 126,7714 109,6055
130,2078 126,1992 109,2574
130,2078 122,2543 102,8139
130,2078 126,4154 104,9278
130,2078 122,658 102,6756
130,2078 125,2837 104,4938
130,2078 120,1403 100,2167
130,2078 123,1316 102,55
130,2078 121,5899 102,8822
130,2078 124,9308 106,5776
130,2078 118,7639 98,84183
130,2078 123,8787 105,8989
130,2078 122,6262 102,887
130,2078 122,6389 103,6324
130,2078 122,2034 101,3611
130,2078 122,8296 101,2355
130,2078 123,5417 103,0189
130,2078 125,2932 107,571
130,2078 123,6593 104,6353
130,2078 125,8272 107,7554
130,2078 124,1329 103,8088
130,2078 124,9689 104,1362
130,2078 124,0948 105,4459
130,2078 123,316 103,2223
130,2078 124,9722 106,816
130,2078 124,4921 107,0926
130,2078 123,3954 104,4684
130,2078 123,3319 103,5847
130,2078 124,9467 107,3993
130,2078 122,9854 102,9076
130,2078 123,3891 105,856
130,2078 125,0262 105,8321
130,2078 124,3968 105,349
130,2078 124,6543 108,5024
130,2078 122,2956 104,3382
130,2078 123,1888 103,8088
130,2078 122,4768 102,5198
130,2078 124,5939 104,6941
130,2078 126,2469 106,5792
130,2078 124,5462 106,9146
130,2078 123,3732 105,5509
130,2078 126,2214 109,6675
130,2078 124,5208 104,764
130,2078 123,0967 105,0836
130,2078 122,3147 100,9304
