0,6103516 0,2892812 0,2082191
0,6103516 0,298818 0,211398
0,6103516 0,3147127 0,2288821
0,8138021 0,3051759 0,2288821
0,6103516 0,3210706 0,23524
0,6103516 0,2797444 0,2066296
0,8138021 0,3147127 0,2336505
0,8138021 0,3115338 0,2257032
0,4069011 0,2638497 0,2066296
0,8138021 0,2956391 0,2129875
0,8138021 0,2956391 0,211398
0,6103516 0,2765655 0,2066296
0,6103516 0,2924602 0,2257032
0,6103516 0,2670287 0,2082191
0,8138021 0,298818 0,2225243
0,6103516 0,3147127 0,23524
0,6103516 0,2861023 0,2145769
0,6103516 0,3083548 0,2368294
0,6103516 0,3178916 0,23524
0,6103516 0,2956391 0,2288821
0,6103516 0,2574919 0,1986823
0,6103516 0,3147127 0,2288822
0,6103516 0,3210706 0,2336506
0,6103516 0,298818 0,2304716
0,6103516 0,2670287 0,2098085
0,4069011 0,2829233 0,2082191
0,6103516 0,3051759 0,2225243
0,6103516 0,3210706 0,2272927
0,8138021 0,2797444 0,2145769
0,6103516 0,2797444 0,2129875
0,6103516 0,2765655 0,2066296
0,6103516 0,2733865 0,1955034
0,6103516 0,2892812 0,2161664
0,6103516 0,2574919 0,1955034
0,6103516 0,2892812 0,2161664
0,6103516 0,2861023 0,2082191
0,6103516 0,2892812 0,2129875
0,6103516 0,301997 0,2241137
0,6103516 0,3147127 0,2336505
0,6103516 0,3274285 0,2400084
0,6103516 0,2956391 0,2257032
0,4069011 0,2638497 0,2082191
0,8138021 0,301997 0,214577
0,6103516 0,2861023 0,211398
0,6103516 0,2861022 0,2241137
0,4069011 0,2702076 0,2066296
0,6103516 0,298818 0,2193453
0,6103516 0,301997 0,2225243
0,4069011 0,2765655 0,2098085
0,6103516 0,3051759 0,2336505
0,4069011 0,2765655 0,2066296
0,4069011 0,254313 0,2018612
0,6103516 0,3210706 0,2400084
0,6103516 0,2924601 0,2225243
0,6103516 0,301997 0,2177559
0,8138021 0,3147127 0,2288821
0,8138021 0,3083549 0,2336505
0,6103516 0,2829233 0,2161664
0,8138021 0,2733865 0,2034507
0,6103516 0,2670287 0,211398
0,6103516 0,2829233 0,2082191
0,6103516 0,2765655 0,2066296
0,6103516 0,3147127 0,2384189
0,6103516 0,2733865 0,2145769
0,6103516 0,3242495 0,2400084
0,6103516 0,3147127 0,2257032
0,6103516 0,3147127 0,2320611
0,6103516 0,2702076 0,2034507
0,6103516 0,254313 0,2002718
0,6103516 0,301997 0,2113981
0,6103516 0,3337863 0,2447768
0,6103516 0,2797444 0,2161664
0,6103516 0,2702076 0,2066296
0,6103516 0,3178916 0,2431873
0,6103516 0,3178917 0,2320611
0,6103516 0,3178917 0,2288822
0,6103516 0,3274285 0,2447768
0,6103516 0,2956391 0,2241137
0,6103516 0,298818 0,2209348
1,017253 0,2861022 0,211398
0,6103516 0,2829233 0,2098085
0,6103516 0,3147127 0,2320611
0,6103516 0,3115338 0,2384189
0,6103516 0,2861023 0,2161664
0,6103516 0,298818 0,2336505
0,6103516 0,2765655 0,1986823
0,6103516 0,2861023 0,2161664
0,6103516 0,301997 0,23524
0,6103516 0,3083549 0,2336505
0,6103516 0,2861023 0,2177559
0,8138021 0,3083548 0,2368294
0,6103516 0,301997 0,2288821
0,6103516 0,2733865 0,2082191
0,6103516 0,3051759 0,2368295
0,6103516 0,3433231 0,2479557
0,6103516 0,2829233 0,2177559
0,6103516 0,298818 0,2241137
0,6103516 0,2892812 0,2257032
0,8138021 0,3242495 0,2447768
0,6103516 0,301997 0,2304716
0,6103516 0,2956391 0,2209348
0,6103516 0,2829233 0,2193453
0,6103516 0,2892812 0,2129875
0,6103516 0,3083549 0,23524
0,6103516 0,3051759 0,2257032
0,6103516 0,2733865 0,1986823
0,6103516 0,2861023 0,2225243
0,8138021 0,3019969 0,214577
0,6103516 0,2924601 0,2193453
0,6103516 0,301997 0,2336505
0,6103516 0,3178917 0,2415979
0,6103516 0,3115337 0,2257032
0,6103516 0,298818 0,2177559
0,6103516 0,301997 0,2241137
0,8138021 0,298818 0,2161664
0,6103516 0,2956391 0,2257032
0,6103516 0,3051759 0,2431873
0,6103516 0,3019969 0,23524
0,6103516 0,2861023 0,2177559
0,6103516 0,2924602 0,2241137
0,6103516 0,3242495 0,238419
0,8138021 0,2702076 0,2145769
0,6103516 0,3178916 0,2336505
0,6103516 0,3210706 0,2272927
0,6103516 0,3083549 0,23524
0,6103516 0,2924602 0,2288821
0,6103516 0,2956391 0,232061
0,6103516 0,3274285 0,2400084
0,8138021 0,3051759 0,2304716
0,6103516 0,298818 0,2225243
0,6103516 0,298818 0,2225243
0,6103516 0,298818 0,2400084
0,8138021 0,3147127 0,23524
0,6103516 0,3051759 0,2304716
0,6103516 0,301997 0,2384189
0,6103516 0,2765655 0,2161664
0,8138021 0,3083548 0,2304716
0,6103516 0,3051759 0,2336505
0,6103516 0,2924602 0,2241137
0,6103516 0,3083549 0,2209348
0,6103516 0,3115338 0,2336506
0,6103516 0,3210706 0,2447768
0,6103516 0,3083549 0,2415978
0,6103516 0,3115338 0,2225243
0,6103516 0,3019969 0,2288821
0,6103516 0,2829233 0,2066296
0,6103516 0,2956391 0,2209348
0,6103516 0,3019969 0,2241137
0,8138021 0,3306074 0,2447768
0,8138021 0,3433231 0,255903
0,6103516 0,2956391 0,2257032
0,6103516 0,2829233 0,2145769
0,6103516 0,3433231 0,2574924
0,6103516 0,2956391 0,2257032
0,8138021 0,298818 0,2241137
0,6103516 0,3051759 0,2384189
0,8138021 0,3655753 0,2543134
0,6103516 0,3115338 0,2288822
0,6103516 0,301997 0,2415978
0,6103516 0,2892812 0,2257032
0,6103516 0,2892812 0,2225243
0,6103516 0,2861023 0,2257032
0,8138021 0,298818 0,2161664
0,6103516 0,3051759 0,2257032
0,8138021 0,3051759 0,2368294
0,8138021 0,3306074 0,2431874
0,6103516 0,2797444 0,2209348
0,4069011 0,2670287 0,2129874
0,6103516 0,2797444 0,2066296
0,6103516 0,3306074 0,2527241
0,6103516 0,3178917 0,2368295
0,6103516 0,3115338 0,2384189
0,6103516 0,3496809 0,2638502
0,6103516 0,3560386 0,2606713
0,6103516 0,3115338 0,23524
0,8138021 0,2861023 0,2257032
0,6103516 0,3465019 0,2622607
0,6103516 0,3147127 0,2368295
0,6103516 0,3115338 0,2431873
0,6103516 0,3178917 0,2431873
0,6103516 0,2956391 0,2193453
0,8138021 0,2924601 0,23524
0,8138021 0,3019969 0,2225243
0,8138021 0,3274285 0,23524
0,6103516 0,3274285 0,2463663
0,6103516 0,298818 0,2288821
0,6103516 0,3147127 0,2368295
0,6103516 0,3306074 0,2463663
0,6103516 0,2797444 0,2193453
0,6103516 0,3465019 0,2606713
0,6103516 0,2988181 0,2320611
0,6103516 0,3147127 0,2272927
0,6103516 0,3083548 0,2431873
0,6103516 0,2861023 0,2225242
0,6103516 0,3083549 0,2288821
0,8138021 0,3306074 0,2511346
0,8138021 0,3242495 0,255903
0,8138021 0,346502 0,2543135
0,6103516 0,3083549 0,2209348
0,6103516 0,301997 0,2336505
0,6103516 0,3083549 0,2415978
0,6103516 0,3147127 0,23524
0,6103516 0,2988181 0,2336505
0,6103516 0,3019969 0,2209348
0,6103516 0,3306074 0,2431873
0,6103516 0,3115338 0,2384189
0,6103516 0,2924601 0,2272926
0,6103516 0,3051759 0,2304716
0,6103516 0,3083549 0,2400084
0,8138021 0,298818 0,2225243
0,8138021 0,3178916 0,2400084
0,4069011 0,2861023 0,2193453
0,6103516 0,3178917 0,2431873
0,6103516 0,3178917 0,2384189
0,6103516 0,2892812 0,2209348
0,8138021 0,298818 0,23524
0,6103516 0,3401442 0,2527241
0,6103516 0,3083549 0,2241138
0,6103516 0,3147127 0,2479557
0,6103516 0,3433231 0,2590819
0,6103516 0,2956391 0,2257032
0,8138021 0,2892812 0,2225242
0,6103516 0,2956391 0,2304716
0,6103516 0,3019969 0,2336505
0,6103516 0,3178917 0,2479557
0,6103516 0,3147127 0,2415978
0,6103516 0,3433231 0,2447768
0,6103516 0,3178917 0,2320611
0,6103516 0,3083548 0,23524
0,6103516 0,346502 0,2543135
0,8138021 0,346502 0,2574924
0,6103516 0,301997 0,2272927
0,6103516 0,3274285 0,2479557
0,8138021 0,3147127 0,2431873
0,4069011 0,2829233 0,2193453
0,6103516 0,3083548 0,2225243
0,6103516 0,298818 0,2272927
0,8138021 0,3115337 0,2415978
0,6103516 0,3083549 0,23524
0,6103516 0,3115337 0,2336505
0,6103516 0,3274285 0,2431873
0,6103516 0,2765655 0,2193453
0,6103516 0,3051759 0,23524
0,6103516 0,301997 0,2336505
0,8138021 0,3051759 0,2368294
0,6103516 0,3147127 0,2320611
0,6103516 0,3083549 0,2384189
0,8138021 0,3433231 0,2590819
0,6103516 0,3115338 0,2304716
0,8138021 0,3274285 0,2527241
0,6103516 0,3242495 0,2479557
0,4069011 0,2956391 0,232061
0,6103516 0,3242495 0,238419
0,6103516 0,3274285 0,2527241
0,8138021 0,3274285 0,2527241
0,8138021 0,3433231 0,2495452
0,6103516 0,3051759 0,23524
0,6103516 0,3083549 0,23524
0,8138021 0,3337863 0,2543136
0,6103516 0,3178917 0,2431873
0,6103516 0,2861023 0,2225242
0,6103516 0,3274285 0,2527241
0,8138021 0,2956391 0,2288821
0,6103516 0,2956391 0,2288821
0,8138021 0,3147127 0,2336505
1,017253 0,3210706 0,2368295
0,6103516 0,3274285 0,23524
0,4069011 0,2988181 0,2225243
0,4069011 0,2988181 0,2225243
0,8138021 0,3178916 0,2415978
0,4069011 0,3178917 0,2447768
0,6103516 0,2733865 0,2082191
0,6103516 0,3210706 0,2368295
0,8138021 0,3115338 0,23524
0,6103516 0,3019969 0,232061
0,6103516 0,3178917 0,2415979
0,6103516 0,3051759 0,2304716
0,8138021 0,3019969 0,2288821
0,6103516 0,3178917 0,2415979
0,6103516 0,3147127 0,2431873
0,6103516 0,3051759 0,2288821
0,6103516 0,3274285 0,2447768
0,8138021 0,3369653 0,255903
0,6103516 0,3178917 0,2400084
0,6103516 0,3147127 0,2384189
0,6103516 0,3465019 0,2559029
0,6103516 0,3178917 0,2431873
0,6103516 0,2956391 0,2304716
0,6103516 0,3274285 0,2495452
0,4069011 0,2765655 0,2193453
0,6103516 0,3210706 0,2447768
0,6103516 0,3210706 0,2431873
0,6103516 0,3369653 0,2527241
0,6103516 0,3083549 0,2384189
0,8138021 0,3210706 0,2400084
0,6103516 0,2797444 0,2018612
0,8138021 0,3274285 0,2400084
0,6103516 0,3147127 0,2447768
0,6103516 0,2892812 0,2272926
0,6103516 0,3178917 0,2463662
0,6103516 0,3623964 0,2622607
0,6103516 0,3274285 0,2479557
0,6103516 0,3306074 0,2415979
0,6103516 0,2829233 0,2129875
0,6103516 0,2892812 0,2241137
0,6103516 0,2924602 0,2272927
0,6103516 0,3782909 0,2749762
0,8138021 0,3051759 0,2288821
0,6103516 0,3051759 0,2447768
0,6103516 0,3178917 0,2400084
0,6103516 0,2956391 0,2241137
0,8138021 0,3083549 0,2384189
0,6103516 0,3306074 0,2415979
0,8138021 0,3115338 0,23524
0,6103516 0,3115338 0,2431873
1,017253 0,3178916 0,2495452
0,6103516 0,3306074 0,2415979
0,6103516 0,2892812 0,2336505
0,6103516 0,3083549 0,2400084
0,6103516 0,3115338 0,2225243
0,6103516 0,3115338 0,2336505
0,6103516 0,3147127 0,2368295
0,6103516 0,3115337 0,23524
1,017253 0,3369653 0,2574925
0,6103516 0,3147127 0,2336505
0,8138021 0,3019969 0,2336505
0,6103516 0,2829233 0,2129875
0,8138021 0,3306074 0,2400084
0,4069011 0,3051759 0,2368295
0,6103516 0,3115338 0,2368295
0,6103516 0,301997 0,2400084
0,6103516 0,3306074 0,2543136
0,6103516 0,3115338 0,2431873
0,6103516 0,3115338 0,2336506
0,6103516 0,3528597 0,2702079
0,6103516 0,3210706 0,23524
0,8138021 0,3274285 0,2479557
0,6103516 0,3242495 0,2527241
0,6103516 0,3083548 0,2368294
0,6103516 0,3019969 0,2368294
0,8138021 0,3433231 0,2670291
0,8138021 0,3147127 0,2400084
0,6103516 0,3306074 0,2495452
0,6103516 0,2829233 0,2257032
0,6103516 0,3083549 0,2336505
0,6103516 0,301997 0,2288821
0,6103516 0,343323 0,2543135
0,6103516 0,2892812 0,2241137
0,8138021 0,3178916 0,2384189
0,6103516 0,3274285 0,2543135
0,6103516 0,3115338 0,2384189
0,6103516 0,3337863 0,2527241
0,8138021 0,3147127 0,2400084
0,6103516 0,3210706 0,2384189
0,6103516 0,3242495 0,2463662
0,6103516 0,3147127 0,2368295
0,8138021 0,3242495 0,2415979
0,6103516 0,3178917 0,2431873
0,6103516 0,3433231 0,2511346
0,6103516 0,3369653 0,2447768
0,6103516 0,3210706 0,2384189
0,6103516 0,3274285 0,2447768
0,6103516 0,3496809 0,2622607
0,6103516 0,3115338 0,2320611
0,6103516 0,3051759 0,2368294
0,6103516 0,3242495 0,2447768
0,6103516 0,3115338 0,2384189
0,8138021 0,3210706 0,2463663
0,6103516 0,301997 0,23524
0,6103516 0,3051759 0,23524
0,6103516 0,3306074 0,2511346
0,8138021 0,3337863 0,2495452
0,8138021 0,3274284 0,2479557
0,6103516 0,3369653 0,2463663
0,6103516 0,2924602 0,232061
0,6103516 0,3655753 0,2638501
0,8138021 0,3369653 0,2495452
0,6103516 0,3369653 0,2574925
0,8138021 0,3528598 0,2574924
0,6103516 0,3369653 0,2511347
0,6103516 0,3178916 0,2400084
0,6103516 0,3210706 0,2431873
0,4069011 0,3496808 0,2590818
0,6103516 0,3306074 0,2527241
0,6103516 0,3051759 0,2320611
0,6103516 0,3178916 0,2415978
0,6103516 0,3051759 0,2463662
0,6103516 0,301997 0,2320611
0,8138021 0,3306074 0,2495452
0,6103516 0,3274285 0,2463663
0,6103516 0,3083549 0,23524
0,8138021 0,346502 0,2495452
0,8138021 0,3019969 0,2368294
0,6103516 0,3210706 0,238419
0,8138021 0,3274284 0,2479557
0,8138021 0,3337863 0,2511347
0,8138021 0,3433231 0,2543135
0,6103516 0,3401441 0,2479557
0,6103516 0,2956391 0,2304716
0,6103516 0,301997 0,2368294
0,6103516 0,2956391 0,2209348
0,8138021 0,3496808 0,2606713
0,8138021 0,346502 0,2590819
0,6103516 0,3178917 0,2447768
0,6103516 0,3465019 0,2622607
0,6103516 0,3274285 0,2463663
0,6103516 0,301997 0,23524
0,6103516 0,3306074 0,2511346
0,8138021 0,3623964 0,2622607
0,8138021 0,3147127 0,2384189
0,6103516 0,2924601 0,2304716
0,8138021 0,3306074 0,2479557
0,8138021 0,301997 0,2241137
0,6103516 0,3242495 0,2479557
0,6103516 0,298818 0,2336505
0,6103516 0,3306074 0,2479557
0,6103516 0,298818 0,232061
1,017253 0,3433231 0,2622608
0,6103516 0,3210706 0,2479557
0,4069011 0,2956391 0,232061
0,6103516 0,3528597 0,2574924
0,6103516 0,3147127 0,2479557
0,8138021 0,3592176 0,2606713
0,6103516 0,3337863 0,2543136
0,6103516 0,3083549 0,2431873
0,6103516 0,3178917 0,2320611
0,4069011 0,2956391 0,2415978
0,8138021 0,3147127 0,23524
0,6103516 0,3592175 0,2654396
0,6103516 0,3083548 0,2479557
0,6103516 0,3051759 0,2272927
0,8138021 0,3751121 0,2702079
0,6103516 0,343323 0,2606713
0,6103516 0,346502 0,2590819
0,8138021 0,3496809 0,2622607
0,6103516 0,3178917 0,2463662
0,6103516 0,3051759 0,2320611
0,6103516 0,3178917 0,2479557
0,6103516 0,3115338 0,2368295
0,6103516 0,3496809 0,2638502
0,8138021 0,3655753 0,2765657
0,6103516 0,3147127 0,2384189
0,6103516 0,3115338 0,2447768
0,6103516 0,3242495 0,2543135
0,6103516 0,3242495 0,2463663
0,6103516 0,3083549 0,2320611
0,6103516 0,3369653 0,2574925
0,6103516 0,3242495 0,2495452
0,8138021 0,3433231 0,2574925
0,6103516 0,3178917 0,2479557
0,6103516 0,3401441 0,2543135
0,6103516 0,3274285 0,2463663
0,6103516 0,3337863 0,2463663
0,6103516 0,3210706 0,2447768
0,6103516 0,3369653 0,2511347
0,6103516 0,3210706 0,2495452
0,6103516 0,298818 0,2368294
0,8138021 0,3306074 0,2495452
0,6103516 0,3274285 0,2447768
0,6103516 0,3242495 0,2463662
0,8138021 0,3496809 0,2590818
0,6103516 0,3337863 0,2479557
0,6103516 0,301997 0,2336505
0,6103516 0,3369653 0,2543136
0,6103516 0,3242495 0,2463663
0,6103516 0,3274285 0,2479557
0,6103516 0,3306074 0,2415979
0,6103516 0,3115337 0,2384189
0,6103516 0,3433231 0,2463663
0,6103516 0,2829233 0,2209348
0,6103516 0,3465019 0,2686185
0,6103516 0,3178917 0,2495452
0,6103516 0,3496808 0,2622607
0,6103516 0,3719332 0,2702079
0,6103516 0,3147127 0,2400084
0,8138021 0,3496809 0,2606713
0,6103516 0,3083549 0,2415978
0,6103516 0,3210706 0,2431873
0,6103516 0,3306074 0,2447768
0,6103516 0,3274285 0,2479557
0,6103516 0,3178917 0,2447768
0,6103516 0,3210706 0,2527241
0,6103516 0,3433231 0,2511346
0,6103516 0,3178917 0,2447768
0,6103516 0,3147127 0,2415978
0,6103516 0,3306074 0,2495452
0,6103516 0,3274285 0,2495452
0,6103516 0,3147127 0,2400084
0,6103516 0,343323 0,2574924
0,6103516 0,2892812 0,232061
0,8138021 0,3337863 0,2574925
0,8138021 0,3369653 0,2574925
0,6103516 0,346502 0,255903
0,8138021 0,3210706 0,2511346
0,8138021 0,3306074 0,2511347
0,8138021 0,3051759 0,2384189
0,6103516 0,2861023 0,2241137
0,6103516 0,3433231 0,2638502
0,6103516 0,3401442 0,2606713
0,6103516 0,301997 0,2304716
0,6103516 0,3623964 0,2638501
