0,6103516 0,2733865 0,166893
0,4069011 0,254313 0,1414617
0,4069011 0,2288817 0,1478195
0,6103516 0,2320606 0,1478195
0,4069011 0,2384184 0,1509984
0,4069011 0,2288817 0,1398722
0,4069011 0,2511341 0,1684825
0,4069011 0,2574919 0,1637141
0,6103516 0,2574919 0,1796087
1,017253 0,2511341 0,1716614
0,6103516 0,2670287 0,1859666
0,8138021 0,2702076 0,190735
0,6103516 0,2320606 0,1573563
0,6103516 0,2892812 0,1986823
0,6103516 0,2606708 0,1827877
0,6103516 0,2861023 0,1811982
0,6103516 0,2892812 0,1923245
0,6103516 0,2733865 0,190735
0,6103516 0,254313 0,1764298
0,6103516 0,2924601 0,211398
0,4069011 0,2638497 0,1859666
0,6103516 0,2797444 0,2082191
0,6103516 0,2765655 0,1970928
0,6103516 0,2829233 0,2129875
0,6103516 0,3019969 0,2034507
0,6103516 0,301997 0,2209348
0,6103516 0,301997 0,2177559
0,6103516 0,2861023 0,211398
0,8138021 0,2956391 0,2241137
0,6103516 0,2733865 0,2209347
0,6103516 0,2765655 0,2050401
0,6103516 0,3019969 0,2241137
0,8138021 0,3019969 0,2161664
0,6103516 0,3337863 0,255903
0,6103516 0,3306074 0,2495452
0,6103516 0,3242495 0,2431873
0,8138021 0,3369653 0,2479557
0,8138021 0,3369653 0,2479557
0,8138021 0,3306074 0,2479557
0,6103516 0,3592175 0,2638501
0,6103516 0,3178916 0,2431873
0,8138021 0,3560387 0,2622607
0,6103516 0,3306074 0,2495452
0,6103516 0,3337863 0,2400084
0,6103516 0,3306074 0,2543136
0,6103516 0,3274285 0,2400084
0,6103516 0,3655753 0,2702079
0,8138021 0,4069011 0,29246
1,017253 0,3496809 0,2638502
0,6103516 0,343323 0,2559029
0,8138021 0,3719332 0,2733868
0,8138021 0,378291 0,2781551
0,8138021 0,4037222 0,2908706
0,6103516 0,406901 0,3004072
0,8138021 0,3910065 0,2861023
0,8138021 0,4259744 0,303586
0,8138021 0,4005432 0,2956389
1,017253 0,4641213 0,3290171
1,220703 0,4768369 0,3321959
0,8138021 0,4768369 0,3608062
1,017253 0,4641213 0,3337854
1,017253 0,5213417 0,3910061
0,8138021 0,4927314 0,3751114
0,8138021 0,4831946 0,3687536
1,220703 0,5149838 0,3862377
0,8138021 0,4768369 0,3671642
1,017253 0,5149838 0,4053114
1,017253 0,5499521 0,427564
1,017253 0,5658468 0,4355113
1,017253 0,5404154 0,4386904
1,424154 0,5690258 0,4514061
1,017253 0,5817415 0,4625324
1,017253 0,6039941 0,4688902
1,220703 0,607173 0,484785
1,220703 0,6580355 0,5118059
1,017253 0,6484987 0,4990899
1,627604 0,6834666 0,5229322
1,424154 0,7184347 0,5483631
1,424154 0,7279714 0,5578998
1,627604 0,7120768 0,5642574
1,220703 0,7088979 0,551542
1,220703 0,7152558 0,5912777
1,220703 0,7343293 0,5896884
1,220703 0,7565818 0,6008145
1,424154 0,7820131 0,6167089
1,424154 0,7883709 0,6294245
2,237956 0,788371 0,6373718
1,220703 0,7947288 0,6389613
1,424154 0,8296966 0,665982
1,220703 0,8678433 0,6866447
1,424154 0,8742011 0,70095
1,831055 0,8360544 0,6739293
1,424154 0,8233388 0,6612135
1,424154 0,8646644 0,6898237
1,424154 0,9187056 0,7390969
1,424154 0,9504946 0,7502229
1,424154 0,8837378 0,7041289
1,424154 0,9473158 0,7645283
1,627604 0,9536736 0,7724757
1,831055 0,9949998 0,8217494
1,424154 0,9695682 0,8058546
1,831055 0,9695681 0,8058546
1,627604 0,9886419 0,8201599
1,831055 1,004536 0,8296967
1,831055 1,017252 0,8281073
1,627604 0,9886419 0,7979072
1,627604 1,064937 0,886918
1,831055 1,0554 0,8614863
1,831055 1,087189 0,8916864
1,627604 1,106263 0,9187074
1,831055 1,17302 0,9552647
1,627604 1,1158 0,9187073
1,831055 1,207987 0,9806955
2,034505 1,265207 1,042684
1,831055 1,255671 1,041095
2,441406 1,265207 1,049042
1,831055 1,306533 1,072883
2,237956 1,255671 1,052221
2,441406 1,401901 1,150765
2,237956 1,408259 1,157123
2,237956 1,478195 1,249313
2,441406 1,490911 1,250903
2,848307 1,592637 1,335145
2,441406 1,637142 1,357397
2,441406 1,665752 1,405081
2,848307 1,668931 1,417797
3,662109 1,792907 1,495679
3,86556 1,856485 1,541773
4,272461 2,04722 1,664161
5,086262 2,355576 1,84377
7,93457 2,660751 2,07742
7,120768 3,045399 2,325377
5,289714 3,649394 2,756119
7,120769 3,903708 3,309251
10,17252 4,256566 3,533363
9,969077 4,638036 3,817875
14,85189 5,222958 4,208884
24,00716 6,0304 4,606247
26,04166 7,52131 5,52495
23,19336 8,246102 5,970003
71,41109 12,09895 8,387568
67,13868 18,21518 12,17365
88,90788 20,58665 14,00948
103,9632 26,34366 17,49198
109,253 32,34546 21,4847
95,21488 39,47893 27,40859
132,6498 50,44302 34,09226
143,6363 59,24543 40,79182
132,0396 65,50788 45,01819
123,2911 65,02151 45,8749
131,4291 68,09872 48,6215
122,0705 70,467 49,83583
132,0394 71,44292 48,64216
178,8331 73,452 50,40804
155,2328 69,09689 47,73617
136,1084 81,72353 55,4498
134,2775 73,96381 54,04155
132,2428 76,56098 54,59468
151,7742 85,47467 61,57399
132,4464 75,14319 54,35308
140,5844 74,68224 53,06879
197,347 82,50239 58,1805
128,9877 82,92517 59,4298
166,8295 92,24892 67,90955
161,5398 96,97282 69,43228
175,3744 92,64949 65,13123
183,5124 90,6404 65,10578
141,6017 88,24348 64,19819
173,1364 94,20714 71,18542
175,1709 96,74712 70,09031
145,6707 94,45191 70,60053
144,6535 94,41058 71,88638
139,3636 97,6054 76,16042
144,043 100,689 75,70268
166,2192 96,97279 76,6357
158,081 104,1921 83,38931
164,1847 102,1067 81,68539
177,2055 105,8356 86,53164
133,6671 104,0332 86,81456
164,1846 106,4078 86,57614
160,7259 106,4459 87,90015
157,2672 105,5877 88,28483
183,309 107,1771 87,68242
173,7467 107,5236 88,0845
168,0502 109,164 91,94055
150,5535 103,4419 85,632
129,8015 102,1227 87,65861
203,0437 107,3997 87,12135
198,7711 111,4814 92,34904
176,595 115,4773 92,27914
160,726 113,4332 94,63943
172,3226 113,0518 92,77822
178,6296 115,9255 93,05001
190,2262 116,752 95,64718
167,0329 120,3156 97,69762
170,2881 111,351 92,56206
167,8468 117,3242 97,37968
176,1882 118,9105 97,30181
194,0919 124,5117 100,6762
218,9127 120,6971 97,95033
191,6504 125,3287 102,369
174,357 119,4096 96,93781
172,3227 128,3233 104,0618
168,2536 125,2429 104,9185
203,4505 129,1625 105,7227
196,1264 136,4486 108,1896
192,871 132,8024 107,468
251,2614 128,7492 105,47
195,7194 126,2887 100,7239
196,7366 133,4922 107,5681
194,9056 127,3855 105,1983
222,3712 134,8686 104,3908
218,3024 131,5213 107,1469
232,137 136,4327 108,6331
222,5748 134,2901 107,3821
191,0401 133,3078 107,1263
210,1642 137,5199 112,0123
222,5747 138,2033 109,7838
203,2472 136,8046 108,8175
277,0996 152,8327 119,0122
231,7301 150,0702 119,9023
201,416 138,5912 112,4064
234,5783 145,5911 114,3758
268,9615 145,5116 117,8916
205,0782 144,9712 116,5867
213,6229 144,434 118,2604
224,4059 149,2882 120,2599
248,2096 156,7332 125,8437
248,4131 160,6591 123,7313
230,9164 154,2473 119,2443
249,8371 162,9225 129,0067
228,6783 157,0606 124,8439
284,4239 161,6637 128,4822
242,7164 167,3603 131,5832
263,6718 170,1863 131,944
263,265 169,6078 131,2399
262,858 168,4856 132,103
227,8646 167,9262 134,9386
223,1852 164,0034 130,8536
242,92 167,5606 128,6713
280,3548 166,982 130,1702
245,1579 169,5919 134,8416
274,4548 170,66 134,9449
246,7854 168,7177 137,6438
