0,6103516 0,2861023 0,2257032
0,6103516 0,3115337 0,2241137
0,6103516 0,2733865 0,2129875
0,6103516 0,3115338 0,2098086
0,8138021 0,3115337 0,23524
0,6103516 0,2606708 0,2066296
0,8138021 0,3083548 0,2209348
0,6103516 0,2829233 0,2193453
0,6103516 0,2702076 0,2034507
0,6103516 0,2765655 0,2050401
0,6103516 0,2956391 0,2304716
0,6103516 0,2829233 0,2098085
0,6103516 0,2924601 0,2145769
0,6103516 0,298818 0,2177559
0,6103516 0,2988181 0,2225243
0,6103516 0,2892812 0,2098086
0,6103516 0,301997 0,2336505
0,8138021 0,3178917 0,2209349
0,6103516 0,298818 0,2225243
0,6103516 0,2892812 0,2177559
0,6103516 0,2797444 0,2193453
0,6103516 0,2670287 0,2018612
0,6103516 0,2861023 0,2225242
0,6103516 0,2956391 0,2257032
0,6103516 0,3210706 0,23524
0,8138021 0,3051759 0,2415978
0,6103516 0,3051759 0,2288821
0,6103516 0,3210706 0,2415979
0,6103516 0,2924601 0,2225243
0,6103516 0,301997 0,2288821
0,4069011 0,2797444 0,211398
0,6103516 0,2829233 0,2098085
0,8138021 0,3337863 0,2415979
0,8138021 0,2861023 0,2129875
0,6103516 0,2892812 0,211398
0,6103516 0,2956391 0,2209348
0,6103516 0,2924601 0,2304716
0,6103516 0,2956391 0,2272927
0,6103516 0,2829233 0,2225242
0,6103516 0,3147127 0,2384189
0,6103516 0,3051759 0,2193454
0,6103516 0,2956391 0,2257032
0,8138021 0,298818 0,214577
0,6103516 0,2924601 0,2193453
0,6103516 0,2765655 0,2050401
0,6103516 0,2861023 0,2177559
0,4069011 0,2511341 0,1843771
0,6103516 0,2797444 0,2082191
0,6103516 0,2670287 0,2050401
0,6103516 0,2956391 0,2225243
0,8138021 0,2892812 0,2161664
0,6103516 0,3051759 0,2320611
0,6103516 0,2892812 0,2129875
1,017253 0,3242495 0,23524
1,017253 0,3083548 0,2400084
0,8138021 0,3147127 0,2241138
0,6103516 0,3115338 0,2463662
0,8138021 0,2924601 0,2193453
0,6103516 0,2892812 0,2272926
0,6103516 0,2956391 0,2368294
0,6103516 0,2924601 0,2241137
0,6103516 0,2956391 0,232061
0,6103516 0,3115338 0,2415978
0,6103516 0,2861023 0,2209348
0,6103516 0,3115338 0,2336505
0,6103516 0,3147127 0,2415979
0,6103516 0,301997 0,2304716
0,6103516 0,2829233 0,2257032
0,6103516 0,3147127 0,2320611
0,6103516 0,3242495 0,2431873
0,6103516 0,3178917 0,2415979
0,6103516 0,3147127 0,2336506
0,8138021 0,3147127 0,2336505
0,6103516 0,3210706 0,2463662
0,8138021 0,3623965 0,270208
0,8138021 0,3083549 0,2431873
0,6103516 0,3115338 0,2415978
0,6103516 0,3210706 0,2415979
0,6103516 0,3210706 0,2415979
0,6103516 0,3433231 0,2590819
0,6103516 0,3337863 0,2511347
0,6103516 0,3147127 0,2495452
0,8138021 0,3306074 0,2527241
0,6103516 0,3178916 0,2415978
0,6103516 0,3083549 0,2400084
0,6103516 0,3433231 0,2622608
0,6103516 0,2924601 0,2193453
0,6103516 0,3242495 0,2511346
0,6103516 0,3433231 0,2622608
0,8138021 0,3401442 0,2495452
0,6103516 0,3178917 0,2431873
0,6103516 0,3496809 0,2511346
0,6103516 0,3115338 0,2447768
0,6103516 0,3465019 0,2543135
0,8138021 0,2861023 0,2352399
0,8138021 0,3369653 0,2495452
0,6103516 0,3178917 0,2511346
0,6103516 0,3306074 0,2415979
0,6103516 0,3210706 0,2511346
0,6103516 0,3147127 0,23524
0,8138021 0,3496809 0,2590819
0,8138021 0,3083548 0,23524
0,6103516 0,2956391 0,2272926
0,6103516 0,3242495 0,2479557
0,6103516 0,3051759 0,2400084
0,6103516 0,2956391 0,2193453
0,6103516 0,3337863 0,255903
0,6103516 0,3147127 0,2447768
0,6103516 0,3401442 0,2574924
0,6103516 0,3083548 0,2384189
0,8138021 0,3019969 0,2368294
0,6103516 0,3274285 0,2415979
0,6103516 0,3274285 0,2543136
0,6103516 0,3465019 0,2543135
0,8138021 0,3401442 0,255903
0,6103516 0,3274285 0,2511346
0,6103516 0,298818 0,2304716
0,6103516 0,3401442 0,2495452
0,6103516 0,2924601 0,232061
0,8138021 0,346502 0,255903
0,6103516 0,2924601 0,2384189
0,6103516 0,3528597 0,267029
0,6103516 0,3655753 0,2702079
0,6103516 0,3083548 0,2400084
0,6103516 0,3528597 0,2702079
0,6103516 0,301997 0,23524
0,8138021 0,378291 0,2749762
0,8138021 0,3433231 0,2590819
0,8138021 0,3242495 0,2463663
0,8138021 0,3401442 0,2574925
0,6103516 0,3147127 0,2415979
0,8138021 0,3210706 0,2495452
0,8138021 0,3655753 0,2686184
0,6103516 0,3401442 0,2543135
0,6103516 0,3178917 0,2415979
0,8138021 0,375112 0,2781551
0,6103516 0,3687542 0,267029
0,6103516 0,3210706 0,2463663
0,6103516 0,3465019 0,2686185
0,6103516 0,3655753 0,2733868
0,6103516 0,3528597 0,2654396
0,6103516 0,3115338 0,2479557
0,6103516 0,3560387 0,2686185
0,6103516 0,3433231 0,2622608
0,6103516 0,3433231 0,2686186
0,8138021 0,3846487 0,281334
0,6103516 0,3592175 0,2702079
0,6103516 0,3623964 0,2733868
0,8138021 0,3751121 0,2845129
0,6103516 0,3465019 0,2670291
0,8138021 0,4037222 0,2988178
0,8138021 0,346502 0,2638502
0,8138021 0,3973644 0,2908706
0,6103516 0,3814698 0,2829234
0,6103516 0,3655753 0,2781551
0,8138021 0,3814698 0,2876918
0,6103516 0,3814698 0,2876918
0,8138021 0,3878276 0,2845128
0,6103516 0,3401442 0,2590819
0,8138021 0,3941855 0,2876917
0,6103516 0,3465019 0,2590818
0,6103516 0,3878276 0,2876917
0,6103516 0,3719331 0,2829235
0,8138021 0,3846488 0,2892812
0,8138021 0,3465019 0,2654396
0,6103516 0,3751121 0,2781551
0,8138021 0,4164377 0,306765
0,6103516 0,4196166 0,306765
0,8138021 0,4005432 0,3004073
0,6103516 0,3910065 0,2972284
0,6103516 0,403722 0,29246
1,017253 0,4514056 0,3321959
0,8138021 0,473658 0,3512695
0,8138021 0,4514056 0,3274277
0,8138021 0,4482267 0,329017
0,6103516 0,4355111 0,317891
0,6103516 0,4196166 0,3051755
1,017253 0,4831947 0,3480904
0,8138021 0,441869 0,3210699
0,8138021 0,4259744 0,3131227
0,8138021 0,4545845 0,332196
0,8138021 0,4514056 0,3258382
0,8138021 0,4609423 0,3353748
0,8138021 0,4609423 0,3337854
0,8138021 0,4895525 0,3592167
1,017253 0,4895525 0,3449115
1,017253 0,4641213 0,3337854
1,017253 0,4577635 0,3290171
0,8138021 0,4545845 0,3608063
0,8138021 0,4577634 0,3417326
0,8138021 0,4895525 0,3846483
1,017253 0,4768369 0,3608062
0,8138021 0,4736579 0,376701
1,017253 0,4959103 0,3846483
1,220703 0,4959103 0,3687535
0,8138021 0,5022681 0,3910061
0,8138021 0,4959103 0,3735219
1,017253 0,5245206 0,4100798
1,017253 0,5022681 0,3957746
1,017253 0,4800158 0,3862378
0,8138021 0,505447 0,3894166
1,017253 0,5118049 0,397364
0,8138021 0,5245207 0,4148482
1,424154 0,5785626 0,4498166
1,017253 0,5658468 0,4402798
1,017253 0,6484987 0,495911
1,831055 0,6930037 0,532469
2,034505 0,7057192 0,5372372
2,237956 0,7692975 0,5547214
1,627604 0,753403 0,5547212
2,237956 0,9727476 0,7073078
2,441406 1,150768 0,8153916
2,237956 1,309712 1,018842
2,644857 1,366932 1,098314
2,644857 1,532237 1,201628
3,051758 1,703899 1,333555
3,458659 1,875559 1,481374
3,051758 1,932779 1,557667
3,66211 2,021789 1,680056
3,86556 2,158484 1,753171
3,66211 2,13941 1,724562
3,458659 2,234777 1,832645
3,458659 2,282461 1,832644
3,66211 2,193452 1,69913
4,069011 2,323786 1,912117
3,66211 2,42551 1,935958
4,069011 2,323786 1,918475
5,086263 2,498625 1,951853
3,662109 2,381006 1,920064
3,66211 2,533595 2,031326
4,069011 2,539952 2,07742
5,493164 2,752941 2,1712
5,086263 2,854665 2,257029
5,086264 2,991358 2,40008
4,475912 2,921422 2,388953
5,900065 3,042219 2,449353
6,713866 3,204345 2,528827
7,120767 3,105798 2,493859
8,544919 3,487269 2,638499
9,969071 4,107158 3,04858
12,41048 4,962285 3,514289
8,341469 5,245208 3,868739
10,17252 6,230673 4,663466
10,17252 6,008149 4,502933
11,80013 6,736118 5,264281
18,51401 6,682076 4,927315
10,57942 6,701151 5,234082
15,6657 6,825129 5,251563
15,86915 7,715225 5,922318
13,63119 7,26382 5,550385
15,2588 7,658005 5,826951
10,17252 7,044473 5,431175
15,86915 8,39869 6,176629
14,03809 8,261998 6,451605
13,02083 8,118946 6,071726
18,71746 8,217494 6,337164
19,53125 9,136202 6,871225
19,93816 9,616214 7,419587
28,2796 10,12166 7,583299
25,8382 10,29015 7,769267
18,10711 10,43002 7,777214
15,6657 10,15027 7,863044
26,2451 11,5935 8,638701
22,37956 12,17842 9,350773
24,21062 12,16253 9,352367
26,85545 13,18614 10,1169
24,82096 13,02719 9,714762
20,14161 13,05262 10,09941
27,66927 14,27015 11,05944
25,43131 14,04126 11,04196
27,4658 13,92047 10,61757
21,56576 13,48496 10,68592
33,36587 15,25879 11,95749
27,87271 16,34598 12,48519
25,83819 17,18521 13,30058
36,8245 18,56804 14,27174
29,50031 17,00402 13,54377
31,5348 17,43317 13,41025
29,5003 18,7397 14,58645
38,85902 18,61573 14,49109
37,84176 18,93044 14,7136
30,3141 19,00673 15,0458
34,3831 19,24515 15,06964
27,66927 18,77467 14,92818
32,55206 18,71745 15,20792
28,2796 19,66477 15,32555
29,29687 18,81918 15,54966
40,28315 19,12117 15,13164
32,14514 19,77603 15,65616
35,60382 20,31327 16,1314
45,36947 20,62481 16,19816
50,04885 20,31009 16,21088
32,55207 19,81418 16,09485
30,72101 20,11617 16,10756
33,77277 20,49446 16,35075
31,94169 19,83325 15,70543
36,41762 20,85686 16,73857
31,73825 20,35459 16,14888
35,6038 21,46403 16,97858
38,45214 22,23332 17,7288
35,40036 21,31779 16,58758
40,69006 20,91089 16,57486
33,1624 22,281 17,63185
33,1624 22,96129 18,4838
31,1279 22,50353 17,48085
34,58654 22,40181 17,51105
48,82814 22,29373 18,07849
34,99345 23,65747 18,95746
37,43483 24,63976 19,31032
36,01072 23,31098 18,75559
47,20053 24,42359 19,45654
34,38309 24,37273 19,25309
37,02796 23,3523 19,12436
38,24864 23,79735 19,24038
52,08331 24,00398 18,87321
38,04523 24,39816 19,49945
40,0797 25,5235 20,12094
34,79 24,08345 19,14183
37,43484 24,89725 20,09391
38,65555 25,35183 20,30054
40,07974 24,96083 20,06054
40,0797 25,05938 20,2163
40,8935 26,27053 20,83619
38,04521 26,06709 21,26376
40,07972 26,09252 20,66612
38,45209 25,54575 20,93792
40,07972 27,10659 21,45607
50,86264 27,68197 22,2667
43,74187 27,99987 21,31461
39,67281 26,24829 21,41158
40,28318 25,77781 20,78693
43,74184 28,25417 22,56234
43,74187 26,8936 21,53396
37,23141 26,69969 21,36866
37,6383 27,44991 22,52737
49,43856 29,94536 24,02464
42,52113 28,30504 22,36683
46,59018 29,75145 23,05348
43,33494 30,52391 24,41882
56,96618 31,929 24,79075
42,52115 33,29274 26,89996
50,6592 32,27549 25,65224
50,25229 32,16423 25,959
51,67647 33,39128 26,50419
50,65919 34,56113 27,4817
51,26953 34,03342 26,28324
49,43853 34,28456 27,18924
49,84543 35,26049 26,99056
51,06613 33,91264 26,34047
52,69375 34,53251 27,1495
52,08335 35,75323 27,94583
54,52479 33,91581 27,0446
49,43848 35,53389 27,41655
48,21779 34,17966 27,81071
53,71093 35,94396 27,78211
58,39036 33,88084 26,95559
48,62464 35,57202 28,12702
50,04886 33,77912 26,98579
58,18688 36,45576 28,76916
49,84539 36,29364 29,26984
50,65919 36,39537 28,90268
52,69371 36,35722 28,31616
59,40769 36,33815 28,96308
52,49028 36,68782 29,59568
58,59386 36,87539 29,54005
48,42123 36,3 28,8979
51,67651 36,02343 28,33842
46,59019 35,57203 28,21922
51,26951 35,9535 27,71535
50,45576 36,48755 28,69128
57,78007 36,92624 29,36362
54,52475 36,65603 28,67221
50,04886 36,47483 28,4624
57,98346 38,54749 29,70217
48,6247 38,35359 30,08205
63,68006 37,92443 30,18855
59,00072 36,48437 29,66244
59,81451 38,13741 29,56547
61,84897 37,32042 29,37793
53,10065 38,96075 31,02619
55,13517 36,82133 29,60203
46,9971 35,97892 28,93605
53,91439 37,28862 30,11543
54,93172 37,25367 29,67197
54,1179 38,42351 29,99463
58,18699 38,41716 29,89927
54,52479 37,3395 30,36497
52,89722 36,6624 29,81185
55,1351 37,92443 29,57025
53,71101 39,81588 31,46012
54,11791 38,12152 29,76416
50,86271 38,52842 30,22987
58,79729 39,07837 30,60816
54,72827 37,33633 30,21874
52,69378 38,99572 29,73714
64,9008 38,97346 30,86565
59,40762 38,58882 31,65085
51,87987 39,02114 31,57614
52,69376 37,98165 29,98191
61,64551 40,52159 32,50279
52,89721 37,30453 30,46828
50,6592 39,14194 31,8543
52,69371 39,86038 32,13086
55,74551 38,46165 31,45057
57,16962 38,1088 30,75121
54,11789 39,97482 31,44263
55,54204 39,48211 30,95626
60,83176 38,82405 31,21693
54,72822 38,20418 29,81185
51,47305 39,16102 31,48396
52,28682 37,63196 29,9088
48,82815 39,16737 31,15175
60,01797 40,83948 33,16878
59,00068 40,49618 32,54731
49,84542 37,71462 30,05027
53,71093 38,2296 30,40631
51,67641 39,95256 32,47577
55,13512 39,55519 32,03389
55,54208 39,27547 31,07389
53,50752 40,42624 31,43469
