0,8138021 0,2956391 0,2129875
0,6103516 0,2733865 0,2145769
0,4069011 0,2670287 0,2161664
0,6103516 0,2956391 0,2288821
0,6103516 0,3083549 0,2304716
0,4069011 0,2924602 0,2225243
0,6103516 0,298818 0,2288821
0,6103516 0,3083549 0,2336505
0,6103516 0,2956391 0,214577
0,6103516 0,2924601 0,2225242
0,8138021 0,2861023 0,2272926
0,6103516 0,3274285 0,238419
0,6103516 0,2861023 0,2193453
0,6103516 0,2638497 0,1986823
0,6103516 0,3051759 0,2272927
0,8138021 0,3115338 0,2336505
0,6103516 0,2892812 0,2288821
0,6103516 0,2956391 0,2272927
0,6103516 0,3178917 0,2320611
0,6103516 0,2829233 0,211398
0,6103516 0,3178917 0,2463662
0,6103516 0,3147127 0,2368295
0,6103516 0,3147127 0,2415979
0,6103516 0,3274285 0,2479557
0,8138021 0,2765655 0,2209348
0,6103516 0,2892812 0,2241137
0,8138021 0,3369653 0,2511347
0,8138021 0,3369653 0,2543136
0,6103516 0,3115338 0,2320611
0,6103516 0,3178916 0,2431873
0,8138021 0,3051759 0,2272927
0,6103516 0,3369652 0,2495452
0,6103516 0,3337863 0,2511347
0,8138021 0,3115337 0,2447768
0,6103516 0,3369653 0,2638502
0,6103516 0,3242495 0,2527241
0,8138021 0,3306074 0,2463663
0,6103516 0,3465019 0,2590818
0,6103516 0,3496808 0,2638502
0,8138021 0,3210706 0,2479557
0,6103516 0,3433231 0,2574924
0,8138021 0,3719332 0,2781551
0,6103516 0,3592176 0,2638502
0,6103516 0,3687542 0,2733868
0,6103516 0,3687543 0,2733868
0,8138021 0,3941855 0,2908706
0,6103516 0,3814698 0,2765656
1,220703 0,4005432 0,2956389
0,8138021 0,3687543 0,2781551
0,8138021 0,4259744 0,3051755
0,8138021 0,4259744 0,3067649
1,017253 0,4641213 0,3258381
0,8138021 0,4800158 0,3401431
1,424154 0,5245206 0,3830588
1,220703 0,5245206 0,3989535
1,424154 0,5340574 0,4037219
1,627604 0,6039939 0,4482269
2,034505 0,683467 0,4927319
2,644857 0,7820131 0,5690261
3,458659 0,9854631 0,7009498
2,848307 1,287461 0,8916855
2,848307 1,529058 1,134872
6,103515 1,824697 1,336733
6,510417 2,085367 1,468658
5,900065 2,508164 1,800855
6,713865 2,969105 2,109209
5,493164 3,258388 2,320608
8,138019 3,776551 2,791088
6,917317 4,402797 3,124873
9,155272 4,552205 3,194809
8,34147 4,94957 3,612836
9,969072 5,540848 4,029274
14,44499 6,249745 4,666644
14,64844 6,570815 4,932085
17,2933 7,651646 5,588531
13,63118 7,905958 5,749064
14,24154 8,57353 6,513595
14,85189 8,865989 6,934801
16,68295 9,943644 7,853507
19,12436 10,57307 8,117361
15,66569 10,67797 8,308095
18,51401 11,43456 8,724532
19,73471 11,87007 9,14097
26,04166 13,22429 10,43002
27,05891 14,60076 11,15481
28,27961 17,10892 13,06057
30,11067 18,47267 14,06352
31,53482 20,47221 16,03604
34,17968 22,60844 17,31236
46,99706 24,56347 19,72358
33,77277 25,4027 20,54214
41,50391 27,43402 22,16497
44,55566 28,03484 22,83096
41,30046 30,48261 24,59049
46,79364 32,77778 27,2417
48,42122 33,62019 27,79484
52,69367 36,33499 30,1059
59,81447 37,25687 30,88792
50,04882 37,8259 31,85431
63,06968 39,75867 33,36428
55,33856 41,87902 35,1111
55,94889 43,28091 36,76574
53,71094 44,54613 37,40151
55,33857 44,59382 38,49666
62,86623 44,13923 37,15833
59,81446 45,83677 39,54251
57,77996 46,12288 39,8159
58,79725 47,94439 40,60109
68,15593 49,95029 42,23189
65,30764 50,14103 44,40309
71,81805 50,51931 44,1567
69,78355 53,57425 45,8161
71,61461 54,85854 47,36741
74,86982 55,93936 49,16828
70,3939 56,26996 49,31131
74,86983 58,04698 50,85946
71,20768 58,98476 51,5477
75,88704 59,46478 52,64283
70,39392 60,06559 53,25159
80,36298 61,34669 53,91439
76,70087 61,02881 52,73025
75,6836 61,80447 55,80267
79,1423 61,57875 54,37691
81,38025 61,94752 55,35922
95,4183 65,48882 58,35852
77,51464 64,43342 58,39824
86,66992 65,67638 59,42982
77,10776 64,35714 58,09467
80,36296 64,82761 57,84354
82,19398 65,84168 59,32013
87,07681 66,5919 59,63008
90,33205 69,34484 62,05082
83,41477 68,19408 60,40574
84,6354 68,33713 60,62666
86,46647 69,63094 62,25429
82,39751 68,08917 59,34239
81,58366 67,28172 58,99112
80,7699 69,73904 63,40505
77,7181 67,62187 61,08126
92,36652 69,50379 60,16573
87,68718 70,78492 63,1269
84,02506 69,99654 60,74112
81,17679 70,16501 62,6119
82,60094 69,45929 61,8855
96,63898 71,99288 64,06467
85,85612 71,60188 64,03765
88,90788 71,45883 62,58646
86,66991 73,02921 64,26494
86,26302 72,24083 64,65434
90,33202 72,66681 64,67025
92,97689 72,95609 63,52425
94,60451 73,3153 65,66206
87,89064 72,24084 64,97858
98,47005 72,93701 67,24197
87,28029 74,00832 66,62051
86,66991 73,61731 67,26106
88,90785 73,28034 65,94022
92,56999 73,01965 65,02628
92,57004 76,46561 67,09257
88,29754 75,01287 64,70363
90,33204 74,73946 66,43774
84,43199 72,53329 65,22655
102,946 74,2499 67,48518
92,57003 75,00967 67,26264
88,70441 74,10686 65,65094
91,95965 76,25263 66,58713
92,16308 76,04283 66,5331
93,79067 76,23037 67,60917
85,65267 76,53555 68,3419
91,7562 77,37795 70,66566
109,6598 78,69085 70,49083
101,7252 77,80077 69,72313
85,85613 76,46245 68,75517
92,77342 77,18087 69,33691
90,73893 77,75308 69,1255
92,77345 76,9488 67,99857
91,75617 77,64183 69,35598
95,21486 78,13773 69,52763
101,3184 78,89748 70,15546
96,84243 80,42653 71,74654
99,08038 81,75533 72,63979
110,2702 80,49966 70,91204
100,0977 80,68721 70,06009
102,3356 80,98285 73,01966
92,97691 79,59048 71,84664
97,8597 79,50781 71,68134
97,04591 79,90202 71,44769
115,7634 81,80937 73,65228
115,7634 81,3357 72,90997
107,8288 82,44197 71,58757
97,45282 82,06686 74,09257
