0,8138021 0,3115338 0,2209348
0,6103516 0,3178916 0,2320611
0,6103516 0,2829233 0,2209348
0,6103516 0,3051759 0,2368294
0,8138021 0,3274284 0,2479557
0,6103516 0,3147127 0,2415978
0,6103516 0,2924602 0,2161664
0,8138021 0,3369653 0,2511347
0,6103516 0,2956391 0,2161664
0,6103516 0,3178917 0,2336506
0,8138021 0,3019969 0,2177559
0,6103516 0,3147127 0,2304716
0,6103516 0,2956391 0,2209348
0,8138021 0,3051759 0,2257032
0,8138021 0,3306074 0,2320611
0,6103516 0,3147127 0,2415979
0,6103516 0,3274285 0,2527241
0,6103516 0,3115338 0,2384189
0,6103516 0,3051759 0,2288821
0,6103516 0,2892812 0,2241137
0,6103516 0,298818 0,2257032
0,4069011 0,2702076 0,2098085
0,6103516 0,2892812 0,2193453
0,6103516 0,3178916 0,2447768
0,8138021 0,3242495 0,238419
0,6103516 0,3465019 0,2527241
0,6103516 0,2892812 0,2193453
0,6103516 0,3147127 0,2431873
0,6103516 0,3242495 0,2431873
0,6103516 0,3115338 0,2447768
0,8138021 0,3496809 0,2527241
0,6103516 0,2797444 0,2193453
0,8138021 0,3083548 0,2241137
0,6103516 0,3242495 0,2368295
0,6103516 0,3306074 0,2606713
0,6103516 0,3083548 0,2415978
0,6103516 0,3274285 0,2463663
0,6103516 0,3083549 0,2368295
0,6103516 0,3592176 0,2749763
0,6103516 0,3592176 0,2590818
0,6103516 0,3560386 0,2622607
0,8138021 0,3814699 0,2781551
1,017253 0,3496808 0,2638502
0,6103516 0,3242495 0,2447768
0,6103516 0,3433231 0,2543135
0,8138021 0,3878277 0,2797445
0,6103516 0,3560386 0,2638501
0,6103516 0,3814698 0,2861023
0,8138021 0,3687543 0,2717974
0,6103516 0,3623964 0,2717974
0,8138021 0,4227956 0,3099439
0,6103516 0,4323322 0,3067649
0,8138021 0,4450479 0,317891
0,8138021 0,4227955 0,3067649
0,8138021 0,4323322 0,3163016
1,017253 0,4514056 0,3258382
1,017253 0,4704791 0,3544485
1,017253 0,5467732 0,424385
1,220703 0,5626678 0,4402797
1,017253 0,5467733 0,4132587
1,424154 0,6071729 0,4577639
2,034505 0,6135308 0,4609428
1,627604 0,6643932 0,5054478
2,034505 0,7534028 0,5579
2,237956 0,9218848 0,6723397
2,644857 1,188915 0,8535385
2,848307 1,398721 1,050632
4,06901 1,703899 1,281102
4,882813 2,028148 1,489321
5,696616 2,377829 1,753172
12,00358 2,994537 2,16484
13,42774 3,290176 2,331735
11,18978 4,27246 2,927779
14,85189 5,267459 3,590583
15,66569 6,691616 4,488629
16,4795 8,141201 5,497931
24,61751 11,14528 7,502239
22,583 13,33555 9,400049
32,95896 16,16478 11,92252
29,70377 18,8605 14,60234
32,95896 21,28919 17,31237
33,16243 24,7256 20,4881
38,04523 26,52804 21,90749
43,33496 28,21922 24,00239
40,48663 29,6243 25,47581
44,3522 31,17243 26,66473
42,52115 32,42492 27,78689
46,99709 32,64745 28,36226
44,14875 34,94897 30,54778
52,08334 35,54979 31,09455
61,44207 36,46532 32,10863
57,98342 38,44261 33,96828
55,94891 39,73007 34,85203
48,21779 38,62063 34,21148
64,90072 40,43896 35,55457
63,06967 42,65467 37,00257
63,88346 45,08654 39,18647
57,37302 44,18373 38,68421
57,77999 46,00525 40,29274
65,71455 47,58517 41,21939
67,54556 47,48661 41,28139
70,8008 47,69325 41,90762
76,9043 49,68961 43,42555
75,27669 49,5561 43,86584
63,88349 51,34901 45,5157
65,51107 51,19324 44,77819
70,3939 52,48706 47,12582
68,15593 52,56971 46,31996
69,17319 53,24045 47,44688
73,24217 54,34991 48,44188
90,53548 56,06016 49,91055
70,39388 56,41938 50,17757
70,80079 56,97886 50,13625
74,25942 58,73045 52,61741
79,34569 60,83171 53,43596
72,42837 60,11645 53,1419
86,46649 60,14824 53,54087
80,36296 60,43435 53,00999
82,80437 62,51972 54,51361
88,90786 63,08557 56,1571
78,93882 63,55286 56,08242
91,95965 63,35578 55,41484
86,66989 64,86575 55,69139
83,21126 65,65413 58,44752
81,17677 65,52697 58,79402
88,90789 70,09187 61,76789
91,14579 68,04784 59,75405
92,36655 70,11414 61,69161
92,77342 69,42113 61,51516
89,51819 69,75809 61,55331
90,33199 71,74175 63,95817
91,34929 74,43428 64,62097
105,7943 74,00829 63,88186
99,89421 77,06006 67,38345
93,18034 76,42746 66,64752
91,34929 76,29078 67,19907
111,8978 79,1804 69,35596
101,1149 77,98513 67,7411
103,1494 78,68767 69,14456
125,1221 79,22491 69,09055
98,67352 77,59731 67,32622
107,4218 78,70992 69,5578
107,015 81,4724 71,14884
113,9323 79,40293 68,8219
103,9632 79,41881 69,72948
112,3047 81,61543 72,44904
121,6634 82,14633 70,09188
104,3701 78,60503 68,58826
111,2875 81,45649 70,50196
108,6426 81,76169 71,74969
99,48721 82,81709 71,4
119,6289 85,52233 73,66975
109,8633 83,22079 72,55398
113,5254 85,64311 74,34366
113,9323 88,51688 75,95699
113,1185 82,10818 72,1868
116,984 85,50007 73,68087
117,1875 83,30664 71,17748
112,5082 84,46694 74,01467
122,4772 84,70216 73,35823
122,8841 87,22623 74,27055
107,8288 84,1109 72,88457
102,539 83,1 72,34731
113,322 87,45828 75,90137
118,0013 82,53732 72,57621
122,8841 85,42061 74,33415
112,3046 87,56003 76,41474
109,2529 86,99736 75,62796
114,1358 85,31253 74,60596
117,3909 91,21578 78,01215
117,3909 90,55773 77,85319
137,1257 91,56228 79,41882
118,0013 89,23212 77,71809
119,6289 92,96416 79,84478
128,7841 93,53637 81,21807
121,6633 91,61312 79,85274
129,3946 93,23438 79,79235
113,7288 89,47053 77,93903
123,291 93,05 80,25486
146,4844 99,38876 83,77235
132,2428 99,4269 85,39677
129,1911 97,32881 84,23965
135,4981 99,78297 84,92949
