0,8138021 0,3957747 0,2964339
0,8138021 0,4275643 0,3131238
1,017253 0,4227958 0,3107395
0,8138021 0,4609431 0,3449135
1,220703 0,4720694 0,3496819
0,8138021 0,4657115 0,3560396
1,627604 0,491143 0,3814705
0,8138021 0,4831957 0,3703445
1,017253 0,4879641 0,3790864
1,017253 0,5038587 0,4045172
1,017253 0,5133953 0,4116697
1,424154 0,5245214 0,416438
1,017253 0,5356473 0,4212063
1,220703 0,5722044 0,4617366
1,017253 0,5992247 0,4752468
1,220703 0,6246561 0,4919361
1,220703 0,6675719 0,5173668
1,424154 0,7232029 0,5563093
1,220703 0,7406869 0,5769731
2,848307 0,7836022 0,6087629
3,662109 0,8312861 0,6357839
2,848307 0,8980442 0,6937991
2,237956 0,9218864 0,7001572
4,069011 0,9775175 0,7375091
3,255208 1,023611 0,7692978
3,051758 1,045863 0,7756552
2,237956 1,060167 0,7899598
3,255208 1,139639 0,8567159
2,644857 1,13646 0,8535371
2,848307 1,153944 0,8813522
3,86556 1,185734 0,8702262
2,644857 1,212755 0,8964527
4,475913 1,287461 0,9322161
3,255208 1,405082 1,050631
3,051758 1,40985 1,033148
3,458659 1,49568 1,104674
3,66211 1,598993 1,168253
4,882813 1,748402 1,27236
4,679363 1,823107 1,308918
4,272461 1,880328 1,343886
4,272461 2,036095 1,463095
4,679362 2,228417 1,633961
4,882813 2,382596 1,704692
4,679362 2,476375 1,78655
5,086263 2,628963 1,918475
5,900065 2,822875 2,059936
6,510417 3,058116 2,253851
4,882813 3,261566 2,435048
6,713868 3,304481 2,348422
6,917318 3,682771 2,746583
7,527668 3,854433 2,826055
9,765626 4,064243 2,939702
7,527669 4,361467 3,286995
9,765621 4,645985 3,430048
9,155274 4,787443 3,635884
9,765626 5,130772 3,919603
11,59668 5,636215 4,310607
8,748374 5,537671 4,350346
9,562171 5,901656 4,682539
10,78288 6,124177 4,804133
10,98633 6,561281 5,185605
10,78288 7,085799 5,701384
16,0726 7,244744 5,798335
11,18978 7,576944 6,062986
11,80013 7,929805 6,406308
11,59668 8,111001 6,533465
13,63119 8,425715 6,812417
13,42774 8,605318 7,094542
12,00358 8,80877 7,225671
14,24154 9,117126 7,576149
12,81738 9,495418 7,814566
13,83464 9,504956 7,951261
16,8864 10,08352 8,394716
14,85189 10,3871 8,73248
15,86914 10,78606 8,912882
16,47949 10,8099 9,05514
15,46225 11,20249 9,493032
15,6657 11,46317 9,748939
17,2933 11,82556 10,04855
16,4795 12,04173 10,23928
18,10711 12,29922 10,34181
16,8864 12,8603 11,02289
17,2933 12,87461 10,98871
17,7002 13,13369 11,15004
18,71746 13,46271 11,64596
18,31056 13,49449 11,54502
19,32781 14,13186 11,99881
18,51399 14,15889 12,08464
20,9554 14,54989 12,48519
21,56576 14,99493 13,00017
20,14161 15,17455 13,0717
20,14161 15,17455 13,24097
20,34506 15,70543 13,48894
22,37956 16,00107 13,85768
21,76921 16,56374 14,23041
22,1761 16,58122 14,50698
24,61751 17,0676 14,97904
20,54851 17,19316 14,99732
21,97266 17,53331 15,08793
24,82096 18,00696 15,73801
24,21061 18,11027 15,82305
24,41406 18,19293 15,90094
24,00716 18,84619 16,36823
24,41405 19,32145 16,98018
26,65201 19,67431 17,39422
26,24511 19,99855 17,57145
25,63477 20,01126 17,58735
25,02441 20,0812 17,77093
24,41406 20,43406 18,0308
26,2451 20,8346 18,49651
24,82096 20,75037 18,50844
30,31412 21,20018 18,6499
26,65201 21,4386 18,71029
26,85546 21,63092 18,97811
27,0589 21,80736 19,15932
28,68651 22,52897 19,64967
30,11067 22,90725 20,2449
28,07616 23,19335 20,53181
28,6865 23,62569 21,01898
30,92445 24,02465 21,35674
33,36584 24,3171 21,44655
31,33135 25,20402 22,51466
30,92445 25,719 22,97163
30,11065 25,55529 22,9017
32,14515 26,31504 23,59231
31,73825 26,61863 23,52954
31,9417 27,10659 24,20027
33,1624 27,44038 24,56029
33,9762 27,40859 24,68268
33,1624 27,84092 25,12057
32,95895 28,06344 25,07288
33,77275 27,77099 24,91077
33,36585 28,2208 25,09514
34,38309 28,05232 25,35422
33,36585 28,36226 25,14203
34,58654 28,96784 26,05358
35,1969 29,12043 26,13464
34,38309 29,11724 26,16723
34,17965 29,34931 26,70366
33,9762 29,16335 26,06549
35,80724 29,60203 26,75214
35,6038 29,94217 27,09944
34,17965 29,95331 27,41893
34,58655 29,92469 27,47534
37,63829 30,06457 27,4515
37,23139 30,14086 27,39507
35,40034 30,90379 27,86317
37,23139 30,40948 27,51429
36,82449 30,74644 28,07775
36,21414 31,15176 28,36703
38,85899 31,31229 28,5387
36,41759 31,19944 28,04756
39,46935 31,49031 28,6285
36,62104 31,8225 29,04415
38,45209 31,84476 28,97499
36,62104 31,69693 28,6261
36,41759 31,71601 29,0028
37,02794 32,11338 29,32865
36,01069 31,99734 28,85738
38,04519 32,33749 29,30005
37,02794 32,14676 29,44152
36,21414 32,64585 30,07967
36,82449 32,5473 30,20048
38,45209 32,41696 29,58615
36,21414 32,40424 29,61872
39,67279 32,64425 30,11384
37,43484 32,67923 29,63542
37,63829 32,92399 30,05185
38,65554 33,41355 30,78857
38,65554 32,92877 30,3483
39,67279 33,45646 30,7679
37,84174 33,57248 30,72896
39,87625 33,09088 29,80469
39,26589 33,377 30,5748
40,0797 33,29594 30,32685
38,85899 33,39766 30,58591
38,85899 33,35473 30,57955
37,84174 33,31501 30,46512
37,2314 33,1497 30,39281
38,04519 33,37857 30,27994
40,0797 33,61223 30,3324
38,65554 33,41354 31,05798
38,24864 33,45805 30,59942
39,46935 33,58679 30,4381
39,67279 33,72507 30,3308
39,06244 33,57409 30,65983
39,67279 33,9603 31,34724
38,85899 33,79819 30,97295
38,45209 34,26387 31,48473
38,24864 33,93806 30,55412
38,65554 33,94919 30,78936
40,69006 34,51343 31,40129
40,28315 34,31952 31,50938
40,4866 34,66762 31,75178
40,0797 35,0745 32,20873
39,87625 34,79792 31,60235
41,09696 34,97595 31,73508
40,0797 35,26999 32,24448
41,09695 35,50365 32,09748
41,70732 35,29067 32,26516
41,70732 35,3908 31,88528
42,52113 35,77705 32,43286
41,50386 36,19188 33,315
41,70732 36,17281 33,08929
42,92803 36,72754 32,92877
42,52113 37,07721 33,81805
41,50386 37,25841 34,30285
45,166 37,55406 33,82996
42,92803 37,80677 34,39582
42,31767 37,69073 34,50787
43,74184 37,78611 34,6851
44,55564 38,09923 34,75902
43,53838 38,48706 34,74392
43,53838 38,59832 35,576
42,92803 38,40759 35,0181
43,74184 38,255 34,67238
44,35219 38,46481 34,31158
42,52112 38,70163 34,96804
44,7591 38,65078 34,9585
47,40397 39,07517 36,0409
43,33493 38,6349 34,85519
44,55564 38,7096 34,86074
44,96255 38,89716 35,80329
45,97981 39,4153 36,17999
45,166 39,32472 35,85257
44,14874 39,25954 36,30159
45,166 38,73819 35,31929
44,96255 39,4614 35,37573
45,166 39,14034 36,39378
44,7591 39,45665 36,11323
45,57291 39,28975 35,99005
44,7591 39,10059 34,92988
45,97981 39,46301 35,50606
44,35219 39,21663 36,33656
46,38671 39,31359 36,0584
45,166 39,66167 36,60518
45,97981 39,60287 36,46611
44,7591 39,13398 35,77627
44,14874 40,05746 36,66003
46,59017 39,92395 36,30001
45,97981 39,66485 36,17282
43,53838 39,43121 36,24754
45,9798 39,58379 36,38026
43,33493 39,28656 35,75163
44,55564 39,49319 36,62741
47,40397 39,79679 36,34211
44,96255 39,53293 35,66423
45,166 39,7046 35,29705
46,18326 39,94458 36,27934
44,7591 39,71413 35,82395
44,7591 39,69028 36,1927
44,35219 39,93348 36,66478
45,166 39,93826 36,38264
44,96255 40,17825 36,42557
44,35219 39,90486 36,72676
45,36945 40,00976 36,2539
45,36945 40,24818 36,71485
46,38671 40,5168 36,88967
45,36945 40,68371 36,76494
45,36945 40,70118 37,68601
48,21778 40,77113 37,66375
45,9798 40,42144 36,92704
44,96255 40,60423 36,80307
46,59017 41,11443 37,21154
47,40397 40,78543 37,43092
44,96255 41,3783 37,97846
44,96255 40,94436 37,06691
46,38671 41,17486 37,79251
46,38671 41,04292 36,92545
46,59017 41,69937 38,36232
50,04885 41,73751 38,22642
46,18326 41,34809 38,74538
46,59017 41,5738 38,00707
45,97981 41,54836 38,25025
47,60743 41,84877 38,5491
47,60743 42,16032 38,80658
47,20052 41,92826 37,28149
46,99707 41,65645 37,69873
47,20052 41,89806 38,24153
48,01433 42,146 38,78829
47,40397 41,99343 39,02115
46,79362 42,50206 38,61663
45,97981 41,72798 37,90773
47,40397 42,02523 38,08814
46,79362 42,60378 39,23811
49,03159 41,91395 38,62221
47,40397 42,23185 38,80817
50,04885 42,69757 38,88924
48,01432 42,38602 38,55465
46,59017 42,34311 38,72234
46,99707 42,28748 38,18272
50,04885 42,6753 38,91864
48,01433 42,67691 39,68715
47,60743 42,88194 38,61267
46,38671 42,76273 39,36607
49,4385 42,69758 38,95918
48,21778 42,92486 39,69749
