0,6103516 0,2956391 0,2272927
0,6103516 0,2829233 0,2082191
0,6103516 0,301997 0,23524
1,017253 0,3210706 0,2527241
1,220703 0,3019969 0,2288821
0,4069011 0,2892812 0,2145769
0,6103516 0,2861023 0,2145769
0,6103516 0,3178917 0,23524
0,6103516 0,3178917 0,2447768
0,8138021 0,2956391 0,2288821
0,6103516 0,2924601 0,2193453
0,8138021 0,3019969 0,2336505
0,6103516 0,3274285 0,2463663
1,017253 0,298818 0,2272927
0,6103516 0,3083549 0,2304716
0,8138021 0,3147127 0,2415978
0,6103516 0,3147127 0,2400084
1,017253 0,3147127 0,23524
0,6103516 0,2797444 0,2082191
0,6103516 0,3433231 0,2511346
0,6103516 0,2638497 0,2066296
0,8138021 0,2956391 0,2193453
0,6103516 0,2861023 0,2161664
0,6103516 0,3051759 0,2368294
0,6103516 0,3210706 0,238419
0,6103516 0,3496809 0,2638502
0,8138021 0,3147127 0,2415978
0,6103516 0,3019969 0,2288821
0,6103516 0,2861023 0,2288821
0,6103516 0,3051759 0,23524
0,8138021 0,2861023 0,2257032
0,4069011 0,301997 0,2368294
0,6103516 0,301997 0,23524
0,6103516 0,301997 0,2304716
0,6103516 0,3210706 0,2431873
0,6103516 0,3210706 0,2400084
0,6103516 0,2988181 0,2368294
0,6103516 0,3147127 0,2400084
0,6103516 0,3083549 0,2304716
0,6103516 0,3306074 0,2447768
0,8138021 0,3147127 0,23524
0,8138021 0,3337863 0,2527241
0,6103516 0,3019969 0,2415978
0,4069011 0,3083549 0,2288821
1,017253 0,3369653 0,2495452
0,6103516 0,3083548 0,2447768
0,8138021 0,3306074 0,2527241
0,6103516 0,3306074 0,2527241
0,6103516 0,3210706 0,2415978
0,8138021 0,3210706 0,2400084
0,8138021 0,3019969 0,2257032
0,6103516 0,2733865 0,2177558
0,6103516 0,3560387 0,2654396
0,8138021 0,3178916 0,2384189
0,6103516 0,3433231 0,2527241
0,6103516 0,2988181 0,2336505
0,8138021 0,3369653 0,2495452
0,8138021 0,3433231 0,2574924
0,8138021 0,346502 0,2590819
0,8138021 0,3496809 0,2590819
0,6103516 0,3210706 0,2479557
0,8138021 0,3528597 0,2638502
0,6103516 0,3306074 0,2622608
0,6103516 0,3306074 0,2527241
0,8138021 0,3655754 0,2749763
0,6103516 0,3337863 0,255903
0,6103516 0,3719332 0,2733868
0,6103516 0,3242495 0,2495452
0,8138021 0,3496808 0,2574924
0,6103516 0,3242495 0,2495452
0,6103516 0,3337863 0,2511347
0,8138021 0,3655754 0,2749763
0,8138021 0,3210706 0,2479557
0,8138021 0,3687543 0,2702079
0,6103516 0,3274285 0,2590819
0,6103516 0,3401441 0,2574924
0,6103516 0,3623964 0,2765657
0,6103516 0,3528597 0,2702079
0,8138021 0,375112 0,2733867
0,6103516 0,3941854 0,2892812
0,6103516 0,3655753 0,2717974
0,8138021 0,3973643 0,2924601
0,6103516 0,406901 0,2972283
0,6103516 0,3528597 0,2733868
0,8138021 0,3941855 0,2892812
1,424154 0,4164377 0,3035861
1,017253 0,4418689 0,3194804
0,8138021 0,4005432 0,2972284
0,8138021 0,43869 0,3163016
0,6103516 0,3941855 0,2908706
0,8138021 0,4545845 0,3226593
0,6103516 0,4037221 0,2988178
0,8138021 0,4227956 0,3115333
0,8138021 0,4673001 0,332196
1,017253 0,4673002 0,3337854
0,8138021 0,4545845 0,3385537
0,8138021 0,4609424 0,3290171
0,8138021 0,4927314 0,3687535
1,017253 0,5308785 0,3925956
0,8138021 0,4927314 0,3814693
0,8138021 0,4800158 0,373522
0,8138021 0,5181628 0,4116693
1,017253 0,505447 0,3782903
0,8138021 0,5149838 0,4100799
0,8138021 0,5658469 0,4482271
1,017253 0,559489 0,4402798
1,017253 0,6071729 0,4657112
1,220703 0,6326042 0,4895532
1,220703 0,607173 0,4879639
1,627604 0,7534028 0,5626682
1,627604 0,7851921 0,6119407
2,034505 0,9504946 0,7247917
1,627604 1,033147 0,7883704
2,237956 1,166663 0,9123493
5,086263 1,31607 0,9918213
3,458659 1,389185 1,077652
3,255208 1,509984 1,152356
4,272461 1,732509 1,279513
5,493164 1,878739 1,384418
7,731118 2,384186 1,713434
8,341469 2,965927 2,08219
10,17252 3,445943 2,428689
14,44499 4,727044 3,232956
12,20703 4,962285 3,499984
16,4795 6,106696 4,105569
18,31055 6,726584 4,622143
15,86915 7,769267 5,399385
24,21061 8,926392 6,170275
24,61751 9,899139 6,821951
21,56575 11,64754 7,883707
33,97622 12,69341 8,287434
29,70375 13,79013 9,315811
28,48306 15,03309 10,30922
51,87991 15,92 10,28697
35,1969 18,99401 12,88414
45,97985 21,13342 14,59598
43,53839 24,45538 18,43611
59,20418 29,70694 21,93609
64,9008 31,88132 23,96423
91,95969 35,16832 26,70288
63,27317 33,67741 25,54576
76,90437 38,24232 28,49896
75,88712 42,19372 31,78437
83,41476 41,97438 31,96557
100,5046 45,65556 34,51664
80,97344 46,0116 35,60702
78,53199 47,42623 35,81842
78,32862 47,78863 36,85474
97,65623 49,24456 37,02799
83,61824 51,25366 39,26437
78,32856 51,40625 38,75098
89,92508 50,4144 38,87177
91,55274 51,41261 38,08181
94,60448 56,14285 41,8552
103,7598 58,39669 43,67511
103,1493 57,96437 42,82158
101,9287 59,85265 44,32045
119,8323 58,2314 44,20601
89,51826 58,39035 43,66558
126,7496 63,62601 47,24345
113,1184 65,37762 48,82021
151,1635 62,5865 46,4503
132,4462 66,913 49,46074
129,3944 69,12553 51,45871
121,4599 65,58105 50,52251
165,2018 72,01199 53,30246
148,1118 72,225 53,15786
147,9084 67,32629 49,26368
114,7461 67,20551 50,88173
122,4772 65,60649 51,07247
181,4779 72,38712 53,6458
111,2874 63,93756 47,7505
130,2082 70,4734 52,07541
106,4045 67,61556 51,18056
120,8494 72,89892 54,90942
97,85969 69,16688 50,3461
135,091 69,96161 52,40442
121,4599 70,14916 53,58381
117,5944 69,59285 51,93715
131,6323 67,5488 49,76911
110,8804 73,94478 56,35582
103,7597 71,86259 55,39419
119,2218 70,10783 52,65557
113,1184 72,45386 54,96344
113,7288 71,09965 53,33585
117,3909 75,31492 57,0377
117,3909 75,35623 56,7993
109,2528 74,24362 56,61331
122,4771 74,53604 56,4337
115,7632 73,1405 55,02069
110,0666 70,83898 53,90011
137,3289 78,21091 58,61763
152,5877 75,18454 55,76136
131,8358 79,55875 60,36602
141,1945 76,09372 57,83721
123,6978 76,36391 57,05518
127,5634 78,26176 57,69732
142,8221 80,2295 60,69028
127,7667 76,44978 59,11989
115,3562 75,12733 58,67484
137,1255 73,69683 54,74889
127,5634 76,41163 57,61149
138,9564 74,56784 56,3574
158,081 83,32577 63,1619
123,2907 80,12459 60,74432
129,5979 80,41387 61,22752
134,4807 85,77351 66,13893
138,9566 85,86253 66,13099
123,0875 81,09734 62,80585
138,5496 85,71949 66,2184
135,9048 88,30391 69,11916
140,991 89,3307 68,22429
143,8394 84,46061 65,2965
152,5878 91,77845 70,20793
149,7393 89,39426 68,54695
156,8602 91,87064 68,97134
166,6259 95,84108 75,28146
137,5325 90,75483 70,06807
150,7567 89,92518 69,88687
125,7323 91,18401 70,90094
124,5117 89,26075 69,67863
137,7359 87,39475 67,05286
159,7085 93,82885 71,43181
183,1054 97,03002 75,19724
133,0565 96,75343 72,98949
146,4841 94,99229 74,61231
150,5533 97,31924 73,7047
132,853 95,54543 74,04806
170,2881 99,52862 77,84684
138,5497 90,38927 72,83532
145,8738 96,64536 73,54737
170,0846 98,7911 75,22108
176,7984 105,2189 80,0689
148,1119 97,3479 76,30667
139,3634 98,07905 78,06462
163,3707 105,9945 81,79028
180,2572 111,1221 84,02982
159,3017 109,3482 83,97258
