0,6103516 0,3210706 0,2400084
0,6103516 0,3178917 0,2431873
0,6103516 0,298818 0,2193453
0,6103516 0,2829233 0,211398
0,6103516 0,2797444 0,2193453
0,6103516 0,3274285 0,2257033
0,8138021 0,3083548 0,232061
0,6103516 0,3210706 0,23524
0,6103516 0,3147127 0,2257032
0,6103516 0,3083549 0,23524
0,6103516 0,2892812 0,2225243
0,6103516 0,2702076 0,2098085
0,4069011 0,2861023 0,2050402
0,8138021 0,2638497 0,1986823
0,6103516 0,2797444 0,2177558
0,6103516 0,3083549 0,2336505
0,6103516 0,3019969 0,2400084
0,8138021 0,3242495 0,2431873
0,6103516 0,2956391 0,2241137
0,6103516 0,3115338 0,2336505
0,8138021 0,3274285 0,2463663
0,8138021 0,3019969 0,23524
0,6103516 0,298818 0,2193453
0,6103516 0,3051759 0,2272927
0,6103516 0,298818 0,232061
0,6103516 0,3083549 0,2225243
0,6103516 0,3178917 0,2400084
0,6103516 0,3147127 0,2320611
0,8138021 0,3337863 0,2415979
0,6103516 0,3083548 0,2225243
0,6103516 0,2956391 0,2304716
0,6103516 0,3083549 0,2415978
0,6103516 0,2892812 0,2257032
0,6103516 0,3147127 0,2400084
0,8138021 0,298818 0,2272927
0,6103516 0,3274285 0,2431873
0,6103516 0,3306074 0,2415979
0,8138021 0,3051759 0,2304716
0,6103516 0,3306074 0,2431874
0,6103516 0,2924602 0,2336505
0,6103516 0,3083549 0,2288821
0,6103516 0,2924601 0,2257032
0,6103516 0,3147127 0,2479557
0,6103516 0,2797444 0,2177558
0,6103516 0,3528597 0,2590818
0,8138021 0,3369653 0,2463663
0,8138021 0,3178917 0,2431873
0,8138021 0,3242495 0,2463662
0,6103516 0,301997 0,2368294
0,6103516 0,3051759 0,2336505
0,8138021 0,3115338 0,2447768
0,4069011 0,3147127 0,2415979
0,6103516 0,3083549 0,2384189
0,6103516 0,3528597 0,2574924
0,6103516 0,3369652 0,2479557
0,6103516 0,3274285 0,2511346
0,6103516 0,3210706 0,2527241
0,8138021 0,3337863 0,2479557
0,6103516 0,3210706 0,2527241
0,6103516 0,3528597 0,2622607
0,6103516 0,301997 0,2400084
0,6103516 0,3306074 0,2479557
0,6103516 0,3719331 0,2686184
0,6103516 0,3274285 0,2511347
0,6103516 0,3178916 0,2431873
0,6103516 0,3337863 0,2495452
0,8138021 0,3274285 0,2495452
0,6103516 0,3178916 0,2431873
0,6103516 0,3274285 0,2463663
0,8138021 0,3337863 0,2495452
0,6103516 0,3274285 0,2495452
0,6103516 0,3465019 0,2606713
0,6103516 0,3560386 0,2638502
0,8138021 0,3242495 0,2495452
0,6103516 0,3337863 0,2543136
1,017253 0,3560387 0,2686185
0,6103516 0,3337863 0,2511347
0,6103516 0,3306074 0,2495452
0,8138021 0,3178917 0,2384189
0,6103516 0,3051759 0,2447768
0,6103516 0,3687543 0,2717974
0,6103516 0,3274285 0,2431874
0,8138021 0,3337863 0,2511347
0,6103516 0,3337863 0,255903
0,6103516 0,3401442 0,2574925
0,6103516 0,346502 0,2622608
0,8138021 0,3687543 0,2717974
0,8138021 0,3337863 0,2574925
0,8138021 0,3401442 0,2527241
0,8138021 0,3560387 0,2622607
0,8138021 0,3401442 0,2574925
0,8138021 0,3178916 0,2384189
0,6103516 0,3210706 0,2511346
0,8138021 0,3496808 0,2606713
0,6103516 0,3592175 0,2686185
0,8138021 0,3115338 0,2511346
0,6103516 0,3465019 0,2654396
0,6103516 0,3496808 0,2654396
0,6103516 0,298818 0,23524
0,6103516 0,3178917 0,2527241
0,6103516 0,3115338 0,2336505
0,8138021 0,3306074 0,2574924
0,6103516 0,3623964 0,2702079
0,6103516 0,3623964 0,2702079
0,6103516 0,3496808 0,2606713
0,6103516 0,3337863 0,2574925
0,8138021 0,3496809 0,2622608
0,6103516 0,3369653 0,2527241
0,8138021 0,3878276 0,2876917
0,8138021 0,3719331 0,2797445
0,6103516 0,3274285 0,2479557
0,8138021 0,3465019 0,2606713
0,6103516 0,3465019 0,2606713
0,8138021 0,375112 0,2845128
0,8138021 0,3496809 0,2670291
0,6103516 0,3655753 0,2765657
1,017253 0,3560387 0,270208
0,8138021 0,3846487 0,2845128
0,6103516 0,3496809 0,2733869
0,6103516 0,3306074 0,255903
0,6103516 0,3655753 0,2749763
0,6103516 0,3655753 0,2797446
0,6103516 0,3306074 0,255903
1,220703 0,3655754 0,2749763
0,6103516 0,3560386 0,2702079
0,6103516 0,3623964 0,281334
0,8138021 0,4164377 0,3019966
1,017253 0,3592176 0,2638502
0,6103516 0,3623965 0,2733868
0,8138021 0,3751121 0,2733868
0,8138021 0,378291 0,281334
0,6103516 0,3560386 0,2622607
1,017253 0,3623965 0,2717974
0,6103516 0,375112 0,281334
0,8138021 0,3973643 0,2940495
0,6103516 0,3814698 0,2845128
0,8138021 0,4005432 0,29246
0,8138021 0,4037222 0,2940495
0,6103516 0,3782909 0,281334
0,6103516 0,4100799 0,3004072
0,6103516 0,3846487 0,281334
0,8138021 0,3751121 0,2781551
0,8138021 0,3528598 0,2654396
0,6103516 0,3560387 0,2717974
1,017253 0,4005433 0,2956389
0,8138021 0,3878276 0,2924601
0,6103516 0,3973643 0,2908706
0,8138021 0,4418689 0,3306065
1,220703 0,3910065 0,2924601
0,6103516 0,403722 0,2940494
0,6103516 0,3687542 0,281334
0,8138021 0,4291534 0,3115333
0,8138021 0,4227956 0,3099439
1,017253 0,4514056 0,3274277
0,6103516 0,4227954 0,3115332
0,8138021 0,3910066 0,2924601
0,8138021 0,4291533 0,3147121
0,8138021 0,41008 0,3035862
0,6103516 0,3751121 0,2845129
0,8138021 0,4100798 0,3019966
1,017253 0,4450479 0,317891
0,6103516 0,4132589 0,3051756
0,8138021 0,4482267 0,3226593
0,6103516 0,4227954 0,3194804
0,8138021 0,4482267 0,3306065
0,8138021 0,4545845 0,352859
0,8138021 0,4450478 0,3274277
0,8138021 0,4577634 0,3417326
0,8138021 0,4641213 0,3385537
0,6103516 0,4323322 0,3131227
0,8138021 0,4355111 0,3321959
0,8138021 0,43869 0,3242488
0,6103516 0,43869 0,3306065
0,8138021 0,4482267 0,3306065
0,8138021 0,4673001 0,3337854
0,8138021 0,4418689 0,3274276
0,8138021 0,4482267 0,3353748
0,8138021 0,4545845 0,3321959
0,6103516 0,4482267 0,3480905
1,017253 0,4768369 0,3560378
0,8138021 0,4482267 0,3401432
1,017253 0,473658 0,3576273
0,8138021 0,470479 0,3576273
1,017253 0,4673001 0,3369642
0,8138021 0,4545845 0,3353748
0,8138021 0,441869 0,3210699
0,8138021 0,4863736 0,3639852
0,8138021 0,4736579 0,3639852
0,8138021 0,4577634 0,3417327
0,8138021 0,4641213 0,3353748
0,8138021 0,4514056 0,3306065
0,6103516 0,4227954 0,3163016
0,8138021 0,4831947 0,3576273
0,8138021 0,4609423 0,3369642
0,8138021 0,4450478 0,3321959
0,8138021 0,4768369 0,3608062
0,6103516 0,4450478 0,3449116
1,017253 0,4482267 0,3353748
0,8138021 0,505447 0,3846482
1,017253 0,4704791 0,3528589
1,017253 0,4831946 0,3687536
0,6103516 0,4514056 0,352859
0,8138021 0,473658 0,3560378
0,8138021 0,4673001 0,3655747
0,8138021 0,4609423 0,3814695
0,8138021 0,5022681 0,3910061
0,8138021 0,4736579 0,3639852
0,8138021 0,4704791 0,3544484
0,8138021 0,4673001 0,3512695
0,8138021 0,4959103 0,3878272
1,220703 0,4895525 0,3814693
1,017253 0,5372364 0,4132587
0,8138021 0,4831946 0,3655746
0,8138021 0,4514056 0,3560379
0,8138021 0,4895525 0,3782904
0,8138021 0,4673001 0,3560378
0,8138021 0,4577634 0,3353748
0,8138021 0,4959103 0,373522
1,017253 0,4768368 0,3592167
0,8138021 0,4895525 0,3767009
0,8138021 0,4895525 0,3782904
0,8138021 0,4577634 0,3544484
0,8138021 0,4641213 0,3608063
1,220703 0,4704791 0,3655747
0,8138021 0,4927314 0,3878272
0,8138021 0,4895525 0,3767009
0,8138021 0,4736579 0,3576273
1,017253 0,5118049 0,3894166
0,8138021 0,4768369 0,3703431
0,8138021 0,4927314 0,3910062
1,017253 0,473658 0,3671641
1,017253 0,4990892 0,3798798
0,8138021 0,4482267 0,3623958
1,017253 0,5022681 0,397364
0,8138021 0,4863735 0,3751115
0,8138021 0,4863735 0,3846483
0,8138021 0,4959103 0,3894167
1,017253 0,508626 0,3925956
1,017253 0,4831947 0,3814694
1,220703 0,4831947 0,3671641
1,017253 0,4895525 0,3862378
1,017253 0,5149838 0,3925956
1,017253 0,5276996 0,4116693
1,017253 0,5499521 0,4291535
1,017253 0,4800158 0,3941852
1,017253 0,5372364 0,4259745
0,8138021 0,5118049 0,3878272
0,8138021 0,505447 0,4100799
0,8138021 0,5181628 0,3925956
0,8138021 0,5118049 0,4196167
0,8138021 0,4959103 0,3878272
0,8138021 0,5118049 0,4212062
1,017253 0,5404153 0,4259745
0,8138021 0,5372364 0,4196166
1,017253 0,5245206 0,4148482
0,8138021 0,5245207 0,4084904
1,017253 0,5118049 0,4116693
0,8138021 0,5404153 0,4323325
1,220703 0,5435943 0,4355114
0,8138021 0,4800158 0,3910062
1,017253 0,5435943 0,4323324
1,017253 0,5308785 0,4164377
1,017253 0,5340575 0,4339219
1,017253 0,508626 0,4100798
0,8138021 0,505447 0,3989535
1,017253 0,5563101 0,4386903
0,8138021 0,5245207 0,4275641
1,017253 0,5118049 0,4116693
1,220703 0,5817415 0,4593534
1,017253 0,55631 0,4561745
1,017253 0,5722047 0,4593534
1,017253 0,5563101 0,4434587
1,220703 0,5435943 0,4291535
0,8138021 0,5404153 0,4164377
1,017253 0,5690257 0,451406
0,8138021 0,5531312 0,4418693
1,220703 0,5785626 0,4577639
0,8138021 0,5467733 0,4227956
1,424154 0,5944572 0,4625323
1,017253 0,5658469 0,460943
1,017253 0,5435942 0,4323324
1,017253 0,5499521 0,4450482
1,017253 0,5658468 0,4498166
1,017253 0,5404153 0,4307429
1,017253 0,5404154 0,427564
1,017253 0,5690258 0,4514061
1,017253 0,5435942 0,4482272
0,8138021 0,5690258 0,457764
1,424154 0,6262463 0,4831953
1,424154 0,5785626 0,4641218
1,220703 0,5722047 0,4529955
1,017253 0,5817415 0,4704797
1,424154 0,6071729 0,4673007
1,017253 0,6294252 0,49909
1,017253 0,5817415 0,4704798
1,017253 0,6008151 0,4784271
1,017253 0,6707512 0,5229322
1,220703 0,6866454 0,5261111
1,220703 0,6643932 0,5197533
1,017253 0,6484986 0,5118059
1,220703 0,7025402 0,5420054
1,220703 0,7120768 0,5531315
1,017253 0,638962 0,5149848
1,424154 0,7438661 0,5642576
1,017253 0,6294252 0,5086271
1,220703 0,6930034 0,5451841
1,424154 0,705719 0,5515419
1,017253 0,6930033 0,5626679
1,220703 0,6834666 0,5404158
1,017253 0,705719 0,5817411
1,220703 0,7311504 0,5928673
1,220703 0,7152558 0,5737939
1,220703 0,7247926 0,5833307
1,424154 0,7502239 0,6167088
1,220703 0,7565818 0,5976357
1,220703 0,7629396 0,6246561
1,627604 0,8042655 0,6326034
1,220703 0,747045 0,6119405
1,220703 0,7597607 0,5976357
1,627604 0,7979077 0,6214772
1,627604 0,8360544 0,6659819
1,017253 0,7629396 0,6087617
1,424154 0,8010865 0,6500875
1,627604 0,7788342 0,6262456
1,220703 0,7979076 0,6580349
1,627604 0,7915498 0,6405508
1,220703 0,8106232 0,6564453
1,627604 0,8360544 0,6786976
1,220703 0,7915498 0,6532664
1,424154 0,7915497 0,6659821
1,424154 0,8233388 0,6707504
1,627604 0,8932745 0,7168446
1,424154 0,8837377 0,7200237
1,220703 0,8646644 0,7025394
1,220703 0,8900955 0,7136655
1,627604 0,9218845 0,732739
1,424154 0,8519489 0,7025396
1,424154 0,9187056 0,7343286
1,424154 0,9250634 0,7470443
1,424154 0,9314212 0,7359179
1,831055 0,9504946 0,7708861
1,627604 0,9504946 0,7820125
1,424154 0,9409578 0,7597599
1,424154 0,9536736 0,7883704
1,627604 1,004537 0,810623
1,831055 0,9663894 0,8058547
1,831055 1,02361 0,8312863
1,831055 1,090368 0,8821495
1,831055 1,029968 0,8503599
2,034505 1,052221 0,8662546
1,424154 1,087189 0,8916864
1,424154 1,064937 0,8980443
1,627604 1,071295 0,8821496
1,627604 1,033147 0,8567179
1,627604 1,134873 0,9187072
1,627604 1,134873 0,9393704
2,034505 1,112621 0,9059916
1,831055 1,125336 0,9171177
1,627604 1,166662 0,9695696
2,034505 1,198451 0,9838746
2,237956 1,153946 0,9489067
1,831055 1,173019 0,9743378
2,441406 1,233418 1,034737
2,034505 1,173019 0,9965903
1,831055 1,214345 1,029968
1,831055 1,207987 1,020432
1,831055 1,246134 1,02679
1,831055 1,290639 1,074473
1,831055 1,262029 1,042684
2,034505 1,25885 1,069704
2,034505 1,293818 1,088777
2,034505 1,277923 1,077651
2,034505 1,420974 1,16666
2,034505 1,354218 1,165071
1,831055 1,331965 1,125334
2,034505 1,31607 1,10944
2,237956 1,373291 1,150765
2,034505 1,360575 1,141229
2,441406 1,331964 1,10944
2,441406 1,328786 1,126924
2,237956 1,443227 1,177786
1,831055 1,408259 1,153944
2,237956 1,389185 1,174608
2,848307 1,401901 1,160302
1,831055 1,379649 1,158713
2,034505 1,370112 1,142818
2,237956 1,417795 1,168249
2,237956 1,471837 1,233418
2,644857 1,440048 1,204808
2,237956 1,452763 1,211166
2,644857 1,427332 1,192092
2,237956 1,440048 1,211165
2,034505 1,471837 1,25885
2,034505 1,455942 1,231829
2,237956 1,465479 1,255672
2,237956 1,484553 1,273156
2,237956 1,500448 1,252492
2,644857 1,538595 1,277924
2,644857 1,471837 1,22865
2,034505 1,538595 1,312893
2,237956 1,538595 1,306535
2,441406 1,529058 1,29064
2,441406 1,551311 1,300177
2,237956 1,564027 1,316072
2,237956 1,586279 1,333556
2,441406 1,5831 1,354219
2,848307 1,627605 1,347861
2,644857 1,605353 1,357398
2,034505 1,506806 1,293819
2,237956 1,592637 1,35104
2,237956 1,665752 1,400313
2,441406 1,592637 1,346272
2,237956 1,668931 1,416207
2,441406 1,681647 1,389187
2,441406 1,659394 1,419386
2,441406 1,653037 1,392366
2,441406 1,630785 1,386008
2,644857 1,675289 1,419387
2,441406 1,67211 1,378061
2,644857 1,627606 1,376472
2,644857 1,653036 1,417797
2,644857 1,751582 1,46707
2,644857 1,684825 1,427334
2,237956 1,678468 1,433692
2,441406 1,738867 1,436871
2,441406 1,710256 1,435281
2,644857 1,748402 1,495679
2,441406 1,815159 1,535415
2,237956 1,716614 1,479785
2,237956 1,694361 1,476606
2,644857 1,67211 1,454354
2,644857 1,780191 1,527468
3,255208 1,767476 1,502037
2,644857 1,754761 1,489322
2,441406 1,761118 1,498858
2,644857 1,732509 1,481375
2,644857 1,780192 1,517931
2,644857 1,716614 1,460712
2,848307 1,757939 1,495679
2,441406 1,713435 1,476606
2,644857 1,866022 1,551309
2,441406 1,786549 1,537004
2,644857 1,843769 1,602171
3,051758 1,856485 1,556078
2,441406 1,751581 1,533825
2,644857 1,818338 1,554488
2,644857 1,878737 1,592635
2,441406 1,821517 1,591045
2,237956 1,796085 1,541773
3,255208 1,875558 1,595813
3,255208 1,87238 1,564025
2,644857 1,856485 1,597403
2,644857 1,885095 1,576741
2,441406 1,805622 1,562435
2,644857 1,926421 1,630781
3,458659 1,894632 1,619656
3,051758 1,862843 1,602171
2,644857 1,843769 1,589455
2,441406 1,904169 1,646677
2,441406 1,875558 1,606939
2,848307 1,913705 1,60535
2,848307 1,907347 1,63555
3,86556 1,850127 1,598992
2,644857 1,90099 1,63396
2,848307 1,916884 1,66575
2,848307 1,939137 1,672108
2,644857 1,850127 1,600582
2,848307 1,945495 1,66575
3,051758 2,002716 1,676877
2,644857 1,897811 1,63396
2,441406 1,96139 1,711845
2,441406 1,913706 1,675287
3,255208 1,980463 1,697539
2,848307 1,926422 1,673698
2,848307 2,031326 1,715024
2,644857 1,980463 1,694361
2,848307 1,983642 1,702308
2,644857 2,005895 1,705487
3,051758 2,091726 1,764298
3,255208 2,101263 1,778603
3,458658 2,047221 1,738866
3,255208 2,094905 1,775424
2,848307 2,098084 1,811982
3,458659 2,094905 1,794498
3,255208 2,202989 1,869203
3,051758 2,190273 1,885097
3,051758 2,085368 1,800856
3,255208 2,187094 1,881917
3,051758 2,158484 1,851719
3,255208 2,14259 1,859666
3,051758 2,142589 1,856487
3,255208 2,190273 1,873971
3,86556 2,202988 1,872382
3,662109 2,22842 1,897812
3,662109 2,326964 2,010664
3,051758 2,381005 2,004305
4,272461 2,346038 1,970927
3,458659 2,28246 1,953443
3,66211 2,371469 2,01861
3,86556 2,377827 1,991589
3,66211 2,406437 2,010663
