0,8138021 0,4498168 0,3290188
0,8138021 0,4323327 0,3147133
0,8138021 0,4577641 0,3337873
0,8138021 0,4609431 0,3393505
0,8138021 0,4529957 0,3457082
1,017253 0,4657115 0,352066
0,8138021 0,4498168 0,35445
1,017253 0,4688904 0,3647814
0,8138021 0,4625326 0,3600131
1,017253 0,467301 0,363192
0,8138021 0,491143 0,3870335
1,017253 0,4768378 0,3711391
1,220703 0,5022692 0,3989542
1,017253 0,5070375 0,4053119
1,017253 0,5133952 0,4076961
0,8138021 0,491143 0,3973647
1,017253 0,5261107 0,4061067
1,017253 0,4975009 0,3989542
0,8138021 0,5149847 0,4116696
1,220703 0,5133952 0,4045172
1,017253 0,5499523 0,433127
1,017253 0,5340579 0,4291533
1,017253 0,5340579 0,4331269
1,017253 0,5706149 0,457763
1,017253 0,5515417 0,4450476
1,017253 0,5547206 0,4482265
1,017253 0,5722044 0,4569684
1,220703 0,5769728 0,4585578
1,017253 0,6039931 0,4784257
1,017253 0,5722044 0,4537894
1,017253 0,607172 0,4768363
1,220703 0,637372 0,5030621
1,220703 0,6500877 0,5078303
1,017253 0,6659825 0,5157774
1,220703 0,6516773 0,5086251
1,220703 0,6945928 0,5380303
1,831055 0,6961821 0,5380303
2,034505 0,7406869 0,5650516
1,424154 0,7279713 0,5745888
1,831055 0,7502236 0,5873047
1,627604 0,8042651 0,6310158
3,458659 0,8614862 0,6651892
4,475912 0,9711599 0,7510201
4,882813 1,103083 0,8249283
4,679363 1,217522 0,9218838
11,18978 1,648269 1,17143
14,64844 2,042453 1,460711
14,03809 2,519289 1,772244
73,85274 4,355113 2,803009
47,60743 6,497699 4,033249
58,59384 10,46975 6,344318
100,7079 14,06987 8,508364
99,89412 21,64524 13,43966
88,50105 27,92836 18,13571
94,40105 38,53799 25,27873
139,7699 51,6415 35,11829
113,932 63,01884 42,64119
135,4974 74,46929 53,93109
125,5285 85,10281 65,04938
179,2397 90,89632 73,26689
155,4353 96,50542 79,90601
141,8043 99,33303 81,42873
169,6772 105,5001 87,56075
165,608 108,28 90,9121
163,9805 111,7577 95,73454
165,8115 115,1082 98,17989
179,0362 120,2007 103,2835
191,6505 125,9657 108,7957
174,5601 127,2387 111,2705
166,8289 129,2335 114,8165
190,2263 134,0067 117,5257
192,0574 136,44 118,9205
192,2609 138,5492 121,6424
191,8539 142,7898 124,2689
190,4298 142,2701 125,4404
192,0574 149,8312 128,5207
192,0574 150,1014 131,1123
192,2609 151,0471 132,3203
192,2609 150,7499 130,8985
192,2609 154,9302 133,0602
192,4643 154,3389 134,11
192,0574 158,1106 137,9215
191,4471 158,0375 136,4584
192,0574 160,7316 138,7456
192,2609 159,4664 137,7578
192,2609 160,8922 138,9793
192,4643 160,6172 138,9546
192,4643 161,9126 140,0546
192,2609 157,9406 136,8335
192,2609 159,7652 138,2418
192,2609 160,6839 138,6033
192,2609 160,1991 138,9546
192,2609 160,4678 139,8543
192,0574 162,1685 139,1994
192,2609 165,4858 141,2712
192,2609 166,6429 144,6798
192,0574 164,7196 142,8981
192,2609 168,2117 144,9787
192,4643 168,6552 146,2066
192,2609 164,6433 143,7531
192,4643 170,9329 147,266
192,2609 162,3418 138,8831
192,4643 169,504 145,2227
192,2609 171,6101 148,4485
192,4643 170,6564 146,96
192,2609 168,6759 145,3585
192,2609 171,7293 146,7741
192,2609 168,2292 146,3107
192,2609 171,7865 148,1624
192,4643 170,1144 146,3067
192,2609 168,8841 145,9483
192,4643 172,4891 148,2109
192,2609 167,5077 145,6972
192,4643 168,8046 144,0584
192,2609 169,992 145,547
192,4643 171,4606 147,4972
192,4643 172,4652 148,1004
192,2609 170,6103 147,1038
192,2609 172,6575 147,7817
192,4643 170,4211 145,4222
192,2609 171,0648 146,0984
192,2609 169,8473 148,1839
192,0574 171,8977 147,4964
192,2609 169,6502 146,2654
192,4643 171,3462 147,4813
192,2609 171,8262 147,6633
192,2609 168,9016 146,0579
192,2609 170,9123 147,0537
192,2609 170,8423 147,8508
192,2609 173,0867 150,8041
192,2609 173,012 150,5259
192,4643 174,2073 150,7087
192,4643 172,5447 148,768
192,4643 170,6072 148,9039
192,4643 174,7939 147,8318
192,4643 172,408 149,4229
192,4643 172,8562 148,125
192,2609 169,4039 147,6323
192,2609 169,806 145,9157
192,4643 173,0565 149,1988
192,4643 173,8481 149,2099
192,2609 171,9693 150,3375
192,4644 173,0533 150,2207
192,4643 175,9223 151,2165
192,4643 172,346 148,4421
192,4643 171,8723 149,4762
192,4643 174,0324 150,5021
192,4643 173,7018 150,2017
192,4643 174,406 150,855
192,4643 172,3682 149,5516
192,2609 172,3539 148,2149
192,4643 175,5648 152,8903
192,4643 177,8425 153,7843
192,4643 174,7907 150,0341
