0,6103516 0,3178917 0,2225243
0,6103516 0,2892812 0,2257032
0,6103516 0,2924601 0,2177559
0,6103516 0,3083549 0,2415978
0,6103516 0,3051759 0,2257032
0,6103516 0,2829233 0,2193453
0,8138021 0,3115337 0,2368294
0,6103516 0,3210706 0,2241138
0,6103516 0,3178917 0,2225243
0,8138021 0,298818 0,2304716
0,8138021 0,3051759 0,2272927
0,4069011 0,3051759 0,2384189
0,8138021 0,3147127 0,2336506
0,6103516 0,3051759 0,2400084
0,6103516 0,3210706 0,2400084
0,6103516 0,2892812 0,2145769
0,6103516 0,2956391 0,2272927
0,6103516 0,3147127 0,2368295
0,6103516 0,3210706 0,238419
0,6103516 0,3274285 0,2368295
0,8138021 0,3274285 0,2400084
0,8138021 0,2924601 0,232061
0,8138021 0,3083549 0,2320611
0,6103516 0,2956391 0,2209348
0,8138021 0,3051759 0,2272927
0,6103516 0,3083549 0,2384189
0,4069011 0,2892812 0,2193453
0,8138021 0,3337863 0,2368295
0,6103516 0,3401442 0,2463663
0,6103516 0,2861023 0,2177559
0,6103516 0,3147127 0,2447768
0,6103516 0,3178916 0,2368295
0,6103516 0,3019969 0,2257032
0,6103516 0,3178917 0,2400084
0,6103516 0,298818 0,2288821
0,6103516 0,3560386 0,2654396
0,6103516 0,3306074 0,2479557
0,6103516 0,3306074 0,2527241
0,6103516 0,2956391 0,2384189
0,6103516 0,3115337 0,23524
0,8138021 0,3560387 0,2495451
0,6103516 0,3369653 0,2495452
0,8138021 0,3210706 0,2479557
0,6103516 0,3496808 0,2559029
0,6103516 0,3210706 0,2463663
0,6103516 0,2924601 0,2336505
0,6103516 0,3401441 0,255903
0,8138021 0,3178917 0,2368295
0,6103516 0,3147127 0,2447768
0,6103516 0,3274284 0,2495452
0,8138021 0,3178917 0,2431873
0,8138021 0,3337863 0,2511347
0,6103516 0,3306074 0,2527241
0,6103516 0,3528598 0,2527241
0,6103516 0,3051759 0,2368295
0,6103516 0,3719332 0,2717973
0,6103516 0,3528597 0,267029
0,8138021 0,3623965 0,2702079
0,6103516 0,3369653 0,255903
0,6103516 0,3465019 0,2590818
0,8138021 0,3878277 0,2733867
0,6103516 0,3306074 0,255903
0,6103516 0,3623964 0,2733868
0,6103516 0,3814698 0,2861023
0,8138021 0,3846487 0,2861023
0,8138021 0,3623964 0,2765657
0,8138021 0,375112 0,2733867
0,6103516 0,3592175 0,2702079
0,8138021 0,3337863 0,2638502
0,8138021 0,3973643 0,2940495
0,6103516 0,378291 0,2829234
0,8138021 0,3941855 0,2972284
0,8138021 0,4037221 0,2940495
0,6103516 0,3973643 0,2892811
0,8138021 0,41008 0,3019967
0,6103516 0,406901 0,2892811
0,8138021 0,4227956 0,3131228
0,6103516 0,3687542 0,281334
0,8138021 0,378291 0,2797446
0,8138021 0,4164377 0,3035861
0,8138021 0,4005432 0,3004073
0,8138021 0,4037221 0,3035862
0,8138021 0,441869 0,3210699
1,017253 0,4704791 0,3401432
0,6103516 0,4323322 0,3274276
1,017253 0,4673001 0,3480905
1,017253 0,4895525 0,3798799
0,8138021 0,4609423 0,3592168
1,017253 0,4990892 0,3719325
0,8138021 0,4545845 0,34968
0,8138021 0,5149839 0,4053114
1,017253 0,5372364 0,424385
1,424154 0,5372364 0,4259745
1,017253 0,55631 0,4291534
1,017253 0,553131 0,4371008
1,424154 0,5658468 0,4355113
1,017253 0,6834666 0,5149847
1,424154 0,7088979 0,5451843
2,034505 0,84877 0,64214
3,255209 0,9791052 0,7279705
7,324218 1,281104 0,9171171
9,358721 1,811981 1,222293
7,934568 2,314249 1,598994
9,358721 3,029506 2,085369
10,78288 4,164376 2,819697
12,41048 5,226135 3,727277
12,81739 6,917318 4,858971
13,42774 7,90596 5,931854
15,66569 8,726118 6,512006
20,9554 10,26153 7,756549
25,43131 11,51085 8,536972
20,95541 12,58532 9,619399
36,01072 13,93954 10,74632
29,90723 14,89004 11,52516
35,40037 17,63026 13,08919
33,77277 19,14978 14,95044
28,2796 19,94133 15,71656
34,99348 21,79463 17,00242
47,81083 24,80188 18,32643
57,16963 26,48671 20,69314
41,09696 26,72831 21,03965
43,74185 26,69652 21,11275
42,3177 28,45446 22,76739
41,30044 28,09524 22,23968
47,404 29,65608 23,84026
60,22139 30,71467 24,93699
50,04883 31,23282 25,01805
58,39036 31,62702 25,2978
46,79363 32,64744 25,61728
48,42123 32,30094 26,32777
50,04885 34,84089 28,47512
56,55925 35,33363 29,45263
64,69727 35,9853 30,25055
60,62827 36,85314 30,66539
51,26954 36,98347 30,7846
57,77996 37,47622 30,40949
65,91799 39,25004 32,34386
60,22137 41,19873 33,36429
56,7627 41,06204 32,50282
57,57652 42,46712 33,88086
56,35582 44,24096 35,54822
68,76635 48,96165 39,51074
70,80081 51,74002 44,31406
68,5629 52,26137 45,53796
67,54558 53,06881 46,03387
71,20776 57,12828 49,41146
69,987 55,78043 48,08905
85,65273 57,08697 49,07609
83,00783 59,04517 52,97821
73,44572 59,74773 53,37717
70,80083 58,38079 52,22322
77,10783 63,24772 55,76614
80,36301 64,21729 55,5881
90,53555 63,24772 55,89646
87,07692 64,63055 58,11375
98,46996 65,45388 58,39509
91,75609 67,86987 59,33765
100,301 67,06559 58,05811
113,5251 71,02971 61,33241
102,9458 73,25815 63,83422
131,0216 77,99787 66,51085
158,2836 84,95014 70,52901
136,5147 97,2588 77,44946
152,1801 109,5547 91,76567
152,1801 115,7694 99,30915
161,5389 120,01 104,2396
160,7251 125,3982 105,6239
167,8461 127,8777 110,9677
177,612 135,4561 116,9233
190,6332 136,7976 119,8924
190,8367 137,958 120,5059
190,0229 140,6377 124,6257
190,4298 142,5228 125,004
184,9364 146,0418 127,8443
192,0574 147,3897 130,1633
190,0228 153,4328 137,8054
191,2436 151,5509 133,6617
190,0228 150,0472 135,987
191,4471 152,1931 134,0575
191,8539 154,5549 137,1775
192,0574 151,9896 135,3751
191,8539 156,4433 141,0081
192,0574 157,3429 139,1421
192,0574 157,9946 139,9639
191,8539 156,8501 137,5479
192,4643 159,5618 140,9239
188,3952 154,2275 134,6122
191,8539 157,7943 141,032
191,8539 161,8252 143,7038
192,0574 162,213 144,2125
192,4643 168,1513 148,5215
192,0574 167,8779 145,6223
191,8539 164,6607 144,7894
192,0574 162,4355 143,6165
191,8539 160,6775 144,0423
192,0574 166,9942 146,6491
192,0574 159,2185 141,5549
192,0574 165,1694 143,4702
192,0574 166,2535 150,7356
192,2609 165,055 147,0417
192,4643 162,283 144,3826
192,2609 168,5487 146,1627
192,2609 167,684 148,9523
192,0574 171,0378 149,3226
192,0574 167,4869 146,7159
192,0574 166,4378 147,927
192,0574 168,7616 146,9035
192,4643 176,0988 152,5063
192,0574 168,5455 149,2606
192,0574 171,1173 152,9131
192,0574 172,9357 149,8185
192,4643 169,7757 148,1893
192,4643 171,2667 149,8726
192,0574 169,3593 149,3083
192,0574 172,3666 151,915
192,0574 173,0946 151,3682
192,4643 173,9879 155,4595
192,4643 172,3729 151,5256
192,4643 169,6104 148,895
192,0574 170,3893 149,6087
