0,6103516 0,2892812 0,2161664
0,8138021 0,2797444 0,2129875
0,6103516 0,2924601 0,2177559
0,4069011 0,2924602 0,2304716
0,4069011 0,2511341 0,1923244
0,4069011 0,2924602 0,2257032
0,6103516 0,2956391 0,2225243
0,6103516 0,2956391 0,2129875
0,6103516 0,2988181 0,2241137
0,6103516 0,301997 0,2209348
0,6103516 0,2861023 0,2145769
0,8138021 0,3147127 0,2257032
0,6103516 0,3083548 0,2304716
0,6103516 0,3083548 0,2304716
0,8138021 0,2956391 0,2304716
0,6103516 0,2670287 0,1986823
0,6103516 0,3083548 0,2384189
0,4069011 0,2733865 0,1955034
0,6103516 0,298818 0,2225243
0,4069011 0,2670287 0,2161664
0,8138021 0,2733865 0,2050401
0,6103516 0,2765655 0,2161664
0,4069011 0,2892812 0,1986823
0,6103516 0,2988181 0,2225243
0,6103516 0,2924602 0,2193453
0,8138021 0,298818 0,2098086
0,4069011 0,2797444 0,2018612
0,8138021 0,3242495 0,2463663
0,6103516 0,2829233 0,2129875
0,8138021 0,298818 0,2161664
0,6103516 0,2956391 0,2225243
0,8138021 0,3178917 0,23524
0,6103516 0,3147127 0,2336506
0,6103516 0,2829233 0,2161664
0,6103516 0,2797444 0,2193453
0,6103516 0,3083549 0,2320611
0,6103516 0,2797444 0,2034507
0,6103516 0,2892812 0,2209348
0,8138021 0,2956391 0,2241137
0,6103516 0,3242495 0,2368295
0,6103516 0,2765655 0,2129875
0,8138021 0,2861023 0,2129875
0,6103516 0,2956391 0,232061
0,6103516 0,301997 0,2257032
0,4069011 0,2797444 0,2050402
0,6103516 0,2861023 0,2241137
0,8138021 0,298818 0,2161664
0,6103516 0,3051759 0,2304716
0,8138021 0,3051759 0,2257032
0,6103516 0,2956391 0,2129875
0,6103516 0,2892812 0,2177559
0,6103516 0,301997 0,2272927
0,6103516 0,2924601 0,2288821
0,6103516 0,2892812 0,2050402
0,6103516 0,2892812 0,2177559
0,6103516 0,2861023 0,2129875
0,8138021 0,3051759 0,2368294
0,6103516 0,2924602 0,2241137
0,8138021 0,2892812 0,2225243
0,6103516 0,2924601 0,2177559
0,6103516 0,2956391 0,2177559
0,8138021 0,2924601 0,2145769
0,6103516 0,2829233 0,2161664
0,6103516 0,3369653 0,2447768
0,8138021 0,2892812 0,2129875
0,6103516 0,2892812 0,2209348
0,6103516 0,2861023 0,2177559
0,6103516 0,2797444 0,2050401
0,6103516 0,2829233 0,2145769
0,6103516 0,298818 0,2177559
0,4069011 0,301997 0,2209348
0,8138021 0,3083549 0,2304716
0,8138021 0,2892812 0,2272926
0,8138021 0,3147127 0,23524
0,6103516 0,3242496 0,2400084
0,6103516 0,2892812 0,2209348
0,6103516 0,3115337 0,2241137
0,6103516 0,3274285 0,2431874
0,6103516 0,3019969 0,2368294
0,6103516 0,2861023 0,232061
0,6103516 0,2956391 0,2145769
0,8138021 0,3019969 0,2336505
0,6103516 0,2829233 0,211398
0,8138021 0,3083548 0,2368294
0,6103516 0,298818 0,2241137
0,6103516 0,3115338 0,2384189
0,6103516 0,2892812 0,23524
0,6103516 0,2924601 0,2161664
0,6103516 0,2733865 0,2145769
0,6103516 0,2797444 0,2050401
0,6103516 0,2892812 0,2177559
0,6103516 0,3242495 0,2495452
0,6103516 0,3274284 0,2400084
1,017253 0,3115338 0,2368295
0,6103516 0,2988181 0,2320611
1,017253 0,3306074 0,2431873
0,6103516 0,3083548 0,2304716
0,6103516 0,2892812 0,2161664
0,6103516 0,2829233 0,2272926
1,017253 0,3178916 0,2431873
0,8138021 0,3337863 0,2479557
0,6103516 0,3242495 0,2511346
0,6103516 0,3306074 0,2463663
0,4069011 0,2892812 0,2177559
0,6103516 0,3019969 0,2400084
0,6103516 0,3115337 0,2415978
0,8138021 0,3242495 0,2495452
0,6103516 0,2988181 0,2241137
0,6103516 0,2797444 0,211398
0,6103516 0,2797444 0,2257032
0,6103516 0,2956391 0,2241137
0,8138021 0,3115338 0,2304716
0,6103516 0,3337863 0,2463663
0,8138021 0,3369653 0,2574925
0,6103516 0,3274285 0,2447768
0,6103516 0,2892812 0,211398
0,6103516 0,3401442 0,255903
0,6103516 0,2797444 0,2177559
0,6103516 0,3115338 0,2384189
0,6103516 0,3242495 0,2368295
0,6103516 0,3401442 0,2574924
0,6103516 0,3242495 0,2415979
1,017253 0,3242495 0,2400084
0,6103516 0,298818 0,2129875
0,6103516 0,3306074 0,2415979
0,6103516 0,2988181 0,2320611
0,8138021 0,3210706 0,2384189
0,6103516 0,2924601 0,2288821
0,6103516 0,301997 0,2225243
0,8138021 0,3178917 0,2384189
0,6103516 0,3083549 0,2368295
0,6103516 0,3019969 0,2257032
0,6103516 0,3242495 0,2495452
0,6103516 0,3178917 0,2320611
0,6103516 0,3051759 0,2288821
0,6103516 0,2956391 0,2272927
0,6103516 0,3242495 0,2463662
0,8138021 0,3369653 0,2527241
0,6103516 0,3210706 0,2384189
0,6103516 0,3147127 0,23524
0,6103516 0,3210706 0,2527241
0,6103516 0,3115338 0,2384189
0,6103516 0,3178917 0,2415979
0,6103516 0,3369652 0,2511346
0,6103516 0,2829233 0,2161664
0,8138021 0,3337863 0,2511347
0,8138021 0,3369653 0,2527241
0,6103516 0,3178917 0,23524
0,6103516 0,2892812 0,232061
0,8138021 0,3147127 0,2431873
0,6103516 0,2956391 0,2304716
0,6103516 0,298818 0,2304716
0,6103516 0,3147127 0,2415978
0,6103516 0,3401441 0,255903
0,8138021 0,3210706 0,2415978
0,6103516 0,298818 0,2304716
0,8138021 0,3623965 0,2765657
0,6103516 0,3147127 0,2400084
0,8138021 0,3401442 0,2463663
0,6103516 0,3115338 0,2368295
0,6103516 0,3496808 0,2638502
0,6103516 0,3274285 0,2543135
0,6103516 0,3306074 0,2495452
0,8138021 0,3846487 0,2797445
0,8138021 0,3369653 0,255903
0,6103516 0,3337863 0,2638502
0,8138021 0,3178917 0,2463662
0,6103516 0,3719331 0,2686184
0,8138021 0,3210706 0,2431873
0,6103516 0,3274285 0,2511347
0,6103516 0,3306074 0,255903
0,6103516 0,3719331 0,2781551
0,6103516 0,3337863 0,2606713
0,6103516 0,3274285 0,255903
0,6103516 0,3306074 0,2527241
0,8138021 0,3401441 0,2543135
0,8138021 0,3528598 0,2590818
0,8138021 0,3433231 0,2590819
0,8138021 0,2892812 0,2193453
0,6103516 0,2924602 0,2288821
0,8138021 0,346502 0,2638502
0,8138021 0,3051759 0,2384189
0,6103516 0,3401441 0,2559029
0,6103516 0,3369652 0,255903
0,6103516 0,3147127 0,2431873
0,8138021 0,3560387 0,2606713
0,6103516 0,298818 0,232061
0,8138021 0,3242495 0,2431873
0,6103516 0,3051759 0,2304716
0,8138021 0,3592177 0,2654397
0,6103516 0,3242495 0,2511346
0,6103516 0,3083549 0,2288821
0,6103516 0,3337863 0,2431873
0,8138021 0,3337863 0,2463663
0,8138021 0,3465019 0,2606713
0,6103516 0,2892812 0,2304716
0,6103516 0,3147127 0,23524
0,8138021 0,3433231 0,2543135
0,6103516 0,3751121 0,2717973
0,6103516 0,3051759 0,2304716
1,017253 0,378291 0,2797445
0,8138021 0,346502 0,2606713
0,6103516 0,301997 0,2320611
0,6103516 0,3178916 0,2447768
0,4069011 0,2797444 0,2257032
0,6103516 0,3433231 0,2574924
0,6103516 0,3115337 0,2320611
0,6103516 0,3051759 0,2272927
0,8138021 0,3528598 0,2622607
0,6103516 0,3274285 0,2495452
0,6103516 0,3337863 0,2415979
0,8138021 0,3242495 0,2479557
0,6103516 0,3051759 0,2431873
0,6103516 0,298818 0,2400084
0,6103516 0,3274284 0,2368295
0,8138021 0,3210706 0,2431873
0,6103516 0,3560387 0,2638502
0,6103516 0,3306074 0,2368295
0,6103516 0,3210706 0,2495452
0,6103516 0,301997 0,2384189
0,6103516 0,298818 0,2336505
0,6103516 0,3178917 0,2431873
0,6103516 0,298818 0,2288821
0,8138021 0,3369653 0,255903
0,6103516 0,3433231 0,2622608
0,6103516 0,3274285 0,2511346
0,6103516 0,3433231 0,255903
0,6103516 0,3337863 0,2543136
1,424154 0,3592176 0,2654396
0,6103516 0,3401442 0,2638502
0,6103516 0,301997 0,2447768
0,8138021 0,3433231 0,2590819
0,8138021 0,3623965 0,2702079
0,6103516 0,3337863 0,2511347
0,6103516 0,3178917 0,2447768
0,6103516 0,3083549 0,23524
0,6103516 0,3147127 0,2384189
0,6103516 0,2924602 0,2241137
0,6103516 0,3337863 0,255903
0,8138021 0,3433231 0,2654397
0,6103516 0,3433231 0,2654397
1,017253 0,3592176 0,267029
0,6103516 0,3655754 0,2702079
0,6103516 0,3306074 0,2543136
0,4069011 0,3242496 0,2543136
0,8138021 0,3242495 0,2495452
0,6103516 0,3242496 0,2543136
0,6103516 0,3465019 0,2638502
0,6103516 0,3337863 0,2590819
0,6103516 0,346502 0,255903
0,6103516 0,3369653 0,2574925
0,6103516 0,3369653 0,2574925
0,6103516 0,3337863 0,2574925
0,6103516 0,3274285 0,2543135
0,6103516 0,3369652 0,2527241
0,6103516 0,3274285 0,2495452
0,6103516 0,3655753 0,2781551
0,8138021 0,3274284 0,2447768
0,6103516 0,3496808 0,2686185
0,6103516 0,3496808 0,2606713
0,6103516 0,3210706 0,2495452
0,8138021 0,3433231 0,2606713
0,6103516 0,3465019 0,2686185
0,6103516 0,3401441 0,2606713
0,6103516 0,3115337 0,2447768
0,6103516 0,3178917 0,2447768
0,8138021 0,3369653 0,2574925
0,6103516 0,3051759 0,2479557
0,6103516 0,3274284 0,2527241
0,8138021 0,3306074 0,2495452
0,6103516 0,3433231 0,2638502
0,6103516 0,3337863 0,2574925
0,6103516 0,3528598 0,2638502
0,6103516 0,3401441 0,255903
0,6103516 0,3655753 0,267029
0,6103516 0,3592176 0,2702079
0,4069011 0,3337863 0,2638502
0,8138021 0,3306074 0,2527241
0,6103516 0,3210706 0,2463662
1,017253 0,3401442 0,2622608
0,6103516 0,3306074 0,2511347
0,6103516 0,3242495 0,2543135
0,8138021 0,3115338 0,2400084
0,6103516 0,3274285 0,2543136
1,017253 0,3433231 0,2590819
0,8138021 0,3465019 0,2590818
0,6103516 0,346502 0,2654397
0,8138021 0,3369653 0,255903
0,6103516 0,3369653 0,2574925
1,017253 0,3623965 0,2733868
0,6103516 0,3369652 0,2527241
0,8138021 0,3496809 0,2638502
0,8138021 0,3274285 0,2527241
0,8138021 0,3496809 0,2638502
0,8138021 0,3306074 0,2495452
0,8138021 0,3910066 0,281334
0,6103516 0,3528597 0,267029
0,6103516 0,3528598 0,2654396
0,8138021 0,3528598 0,2622607
0,8138021 0,3465019 0,2670291
0,6103516 0,3528597 0,2686185
0,6103516 0,3306074 0,2527241
0,6103516 0,3147127 0,2431873
0,6103516 0,3655753 0,2733868
0,8138021 0,3496809 0,2670291
0,6103516 0,3210706 0,2543135
0,8138021 0,3560387 0,2622607
0,6103516 0,3528597 0,2654396
0,6103516 0,3306074 0,255903
0,6103516 0,3147127 0,2463662
0,8138021 0,3592176 0,267029
0,4069011 0,2797444 0,232061
0,6103516 0,3210706 0,2527241
0,6103516 0,3115338 0,2368295
1,017253 0,3369653 0,2495452
0,6103516 0,3560387 0,2686185
0,6103516 0,3274285 0,2511346
0,6103516 0,3401442 0,2574924
0,8138021 0,3655754 0,2654396
0,6103516 0,3337863 0,2606713
0,8138021 0,3528598 0,2670291
0,6103516 0,3178916 0,2479557
0,6103516 0,3274285 0,2511346
0,8138021 0,3751121 0,2765657
0,6103516 0,3592175 0,2717974
1,017253 0,346502 0,2638502
0,6103516 0,3655754 0,2765657
0,6103516 0,3242495 0,2479557
0,6103516 0,3878276 0,2892812
0,6103516 0,3242495 0,2511346
0,6103516 0,3274285 0,2590819
0,8138021 0,3242495 0,2495452
0,8138021 0,3147127 0,2431873
0,8138021 0,3496808 0,2686185
0,8138021 0,346502 0,255903
0,8138021 0,3496809 0,2733869
0,6103516 0,3496809 0,2686185
0,8138021 0,3401442 0,2574925
1,017253 0,3687543 0,2797446
0,6103516 0,3337863 0,2574925
0,8138021 0,3655753 0,2749763
0,6103516 0,3242495 0,2511346
0,8138021 0,3496809 0,2686185
0,6103516 0,3115338 0,2463662
0,6103516 0,3433231 0,2638502
0,6103516 0,3655754 0,2781551
1,017253 0,3496809 0,2606713
0,6103516 0,3687542 0,281334
0,8138021 0,3401442 0,2622608
1,017253 0,346502 0,2670291
0,6103516 0,3496808 0,2606713
0,6103516 0,3687543 0,2845129
0,6103516 0,3687542 0,2781551
0,6103516 0,3465019 0,2670291
1,017253 0,3592176 0,2702079
0,6103516 0,3528598 0,2686185
0,8138021 0,3878277 0,2908706
0,6103516 0,4005432 0,2956389
0,6103516 0,3623965 0,2781552
0,6103516 0,3560387 0,2733868
0,6103516 0,3910066 0,295639
0,8138021 0,3846487 0,2861023
0,8138021 0,3560387 0,2749763
0,6103516 0,3687543 0,2702079
0,6103516 0,3623964 0,2765657
0,6103516 0,3592176 0,2765657
1,017253 0,3623965 0,2686185
0,8138021 0,3910066 0,2940495
0,6103516 0,3719331 0,2781551
0,6103516 0,3941855 0,2940495
0,6103516 0,3337863 0,2590819
0,6103516 0,3655753 0,2829235
0,8138021 0,3751121 0,2765657
0,8138021 0,4005432 0,2956389
0,6103516 0,3560386 0,2654396
0,6103516 0,3910066 0,2861023
1,017253 0,3592176 0,2717974
0,6103516 0,4037221 0,2861022
0,8138021 0,4100799 0,3004072
0,6103516 0,3910065 0,2892812
0,6103516 0,3878276 0,2892812
0,6103516 0,3242495 0,2495452
0,6103516 0,3496808 0,2686185
0,8138021 0,3655753 0,2781551
0,6103516 0,3496809 0,270208
0,6103516 0,3560386 0,2717974
0,8138021 0,3846487 0,2892812
0,8138021 0,3496809 0,2717974
0,6103516 0,3751121 0,2845129
0,8138021 0,3496809 0,2686186
0,8138021 0,3878276 0,2845128
0,8138021 0,3560386 0,2702079
0,8138021 0,3878276 0,2924601
0,6103516 0,3433231 0,2590819
0,6103516 0,3496809 0,2670291
0,6103516 0,3528597 0,2733868
0,6103516 0,3878276 0,2829234
0,6103516 0,3433231 0,2638502
0,8138021 0,3782909 0,2829234
0,8138021 0,4132589 0,2988178
0,8138021 0,3910066 0,2908706
0,8138021 0,3846487 0,2876917
0,6103516 0,3687543 0,2829235
1,017253 0,3878277 0,2876917
0,8138021 0,3973643 0,2924601
0,8138021 0,4037221 0,3004072
0,8138021 0,4005432 0,2940495
1,424154 0,4291534 0,3115333
0,6103516 0,4323322 0,3226593
0,8138021 0,4196166 0,3099439
0,6103516 0,4323322 0,3115332
0,8138021 0,4323322 0,3163016
0,8138021 0,4386901 0,3131227
1,017253 0,4227956 0,3083544
0,6103516 0,3814698 0,2908706
0,8138021 0,4482267 0,3353748
0,8138021 0,4514056 0,3321959
0,8138021 0,4577634 0,3321959
0,8138021 0,4227955 0,3131227
0,8138021 0,4768369 0,3401431
0,6103516 0,4673001 0,3671642
0,8138021 0,4291532 0,3226593
1,017253 0,4514056 0,3242488
1,017253 0,4863736 0,3782904
0,8138021 0,4673001 0,3671642
0,8138021 0,4704791 0,3655747
0,8138021 0,4673001 0,3623957
1,017253 0,4831946 0,3751115
1,017253 0,4959103 0,3639851
0,8138021 0,4704791 0,3496799
1,017253 0,4641213 0,3353749
0,8138021 0,4768369 0,3560378
0,8138021 0,4768369 0,3798799
0,8138021 0,4863735 0,3767009
1,017253 0,5340574 0,4148482
0,8138021 0,4831946 0,3528589
0,8138021 0,4990892 0,3910062
1,017253 0,5149839 0,4132588
0,8138021 0,5276996 0,4069008
1,017253 0,5626679 0,4355113
1,017253 0,5435943 0,4466377
1,017253 0,5435942 0,4323324
1,017253 0,5404153 0,4355114
0,8138021 0,5213417 0,427564
1,220703 0,55631 0,4402798
1,017253 0,5626679 0,454585
1,017253 0,5340575 0,4339219
1,017253 0,603994 0,4736586
1,017253 0,5849205 0,4561745
1,017253 0,5849205 0,4720692
1,017253 0,5944573 0,4736587
1,017253 0,6675721 0,5149848
1,424154 0,6484988 0,5229321
1,220703 0,7152557 0,5563103
1,017253 0,6326042 0,505448
1,017253 0,6739299 0,5308792
1,017253 0,6866455 0,5435948
1,017253 0,7025401 0,5642573
1,017253 0,6898244 0,5451841
1,627604 0,7184347 0,5658469
1,017253 0,6739298 0,5435946
1,627604 0,7565818 0,6087617
1,424154 0,7184347 0,5690258
1,017253 0,7152558 0,5722046
1,220703 0,7565818 0,6167089
1,220703 0,7438661 0,588099
1,017253 0,7438661 0,6135299
1,220703 0,7788343 0,6119407
1,220703 0,7629396 0,6151194
1,424154 0,8392333 0,6739293
1,627604 0,8328755 0,665982
1,627604 0,8106232 0,6675715
1,424154 0,8106233 0,6532664
1,831055 0,8138021 0,6643927
1,220703 0,8424122 0,6914135
1,831055 0,8900957 0,7009501
2,034505 0,9536737 0,7454547
1,831055 0,9632103 0,7549915
2,644857 1,192094 0,8742016
4,069011 1,274745 0,944138
3,86556 1,529057 1,106263
4,679362 1,967748 1,414617
5,696615 2,314251 1,676878
5,289714 2,428692 1,778603
4,679362 2,75294 2,082189
8,341471 3,30925 2,485911
5,493164 3,480911 2,694129
6,713865 3,763835 2,93096
8,138021 4,065831 3,170966
7,934568 4,695255 3,499985
8,138018 5,121232 3,871917
8,74837 5,083083 3,956158
10,57942 5,505881 4,274052
14,03809 6,097157 4,752478
15,66569 6,863276 5,197526
10,57942 6,519953 5,114874
12,41049 6,987254 5,613963
10,98633 7,425944 5,833309
12,41048 7,683434 6,182986
11,59668 7,584889 6,078084
12,61393 8,31604 6,454786
