0,6103516 0,3083549 0,2272927
0,4069011 0,2861023 0,2241137
0,6103516 0,3051759 0,2384189
0,6103516 0,298818 0,2161664
0,8138021 0,298818 0,2241137
0,6103516 0,2829233 0,211398
0,6103516 0,3051759 0,2288821
0,6103516 0,298818 0,2225243
0,8138021 0,2702076 0,1970928
0,6103516 0,2924601 0,2177559
0,6103516 0,2829233 0,2129875
0,6103516 0,3147127 0,2336506
0,6103516 0,2765655 0,2082191
0,6103516 0,298818 0,2241137
0,6103516 0,2861023 0,2161664
0,6103516 0,298818 0,2257032
0,4069011 0,2733865 0,211398
0,6103516 0,2606708 0,1986823
0,8138021 0,2924601 0,2161664
0,6103516 0,2733865 0,2129875
0,6103516 0,2956391 0,2098086
0,6103516 0,3369652 0,2400084
0,6103516 0,301997 0,2241137
0,4069011 0,2988181 0,2177559
0,6103516 0,3496809 0,2606713
0,4069011 0,2924602 0,2193453
0,6103516 0,3051759 0,2209348
0,6103516 0,3210706 0,2495452
0,4069011 0,2956391 0,2272927
0,6103516 0,2765655 0,2098085
0,6103516 0,2829233 0,2161664
0,6103516 0,3019969 0,2368294
0,6103516 0,3115338 0,2336505
0,6103516 0,3306074 0,2479557
1,017253 0,2956391 0,2193453
0,6103516 0,2956391 0,2272926
0,8138021 0,3115338 0,2400084
0,6103516 0,3306074 0,2400084
0,6103516 0,3147127 0,2463662
0,6103516 0,3115338 0,2415978
0,6103516 0,3210706 0,2495452
0,6103516 0,298818 0,232061
0,6103516 0,3433231 0,2574925
0,6103516 0,3306074 0,23524
0,6103516 0,298818 0,2336505
0,8138021 0,3433231 0,2527241
0,8138021 0,3242495 0,2463663
0,6103516 0,3369652 0,2495452
0,6103516 0,3560386 0,267029
0,6103516 0,3337863 0,255903
0,6103516 0,3560387 0,2717974
0,6103516 0,3623964 0,2702079
0,8138021 0,3623965 0,2622607
0,8138021 0,3846488 0,2765656
0,6103516 0,3846487 0,2829234
0,8138021 0,3719331 0,2749762
0,6103516 0,3592176 0,2702079
0,8138021 0,3878276 0,2861023
0,8138021 0,4291533 0,3147122
0,8138021 0,43869 0,3210699
0,8138021 0,4545845 0,3242488
1,017253 0,4959103 0,367164
1,017253 0,5022681 0,3623956
0,8138021 0,4768369 0,3544483
1,220703 0,5785626 0,4450481
1,424154 0,5785625 0,4355113
1,220703 0,6294253 0,4800164
1,831055 0,7120769 0,5277006
1,627604 0,8328755 0,6214774
2,441406 1,014073 0,7565809
2,034505 1,138052 0,8249282
2,441406 1,382827 1,05381
3,255208 1,532237 1,180966
3,86556 1,659394 1,269976
6,713868 1,815161 1,425744
8,138021 2,304713 1,691182
8,951822 2,622605 1,862845
11,80013 3,315608 2,34286
10,98633 3,992716 2,853075
9,969072 4,679361 3,444354
17,90365 5,97 4,44571
14,85189 6,532668 4,987715
14,03809 7,658003 6,054242
37,63832 9,600322 7,274945
28,68652 11,27561 8,153916
64,08694 13,94908 9,862577
37,63833 15,92954 11,76993
47,20051 18,96222 13,89186
55,94893 22,65612 16,57486
68,76633 27,71377 19,41046
57,77997 29,11249 21,05395
68,76636 36,97077 27,14951
58,18685 39,26277 29,58456
64,69727 43,13151 33,40561
80,76987 44,74004 35,12858
76,29397 51,02477 41,86154
80,97339 49,75003 41,83769
85,85617 52,43938 44,02479
73,85255 54,47706 46,49798
90,53551 58,93073 50,61309
82,80439 58,48886 50,58131
85,44925 59,31855 51,3061
92,16308 63,60374 54,41189
87,48371 65,09147 56,36693
92,36651 64,08694 57,06151
79,75266 64,319 56,73728
92,97693 70,49245 60,29289
98,47005 68,68366 60,38033
90,33204 67,32309 59,0245
91,55273 66,58239 58,45866
88,09406 68,07649 60,62669
86,05956 69,53242 61,61691
104,1667 71,85938 62,64528
89,51821 69,99972 61,30062
110,677 70,16503 61,34986
87,68723 70,85487 63,0061
109,2529 74,72358 65,5079
98,47012 73,43613 63,93434
103,5562 74,6918 66,61893
99,89417 75,01605 66,00858
99,89425 75,39433 66,64915
96,43555 72,64776 63,59577
92,36659 76,54191 66,4266
92,97688 75,1591 66,47906
93,3838 73,80489 66,03719
93,58724 75,60732 66,46477
107,015 76,19859 67,90797
95,21481 74,21815 66,05627
95,62171 74,1323 64,3476
99,08038 76,84709 67,97791
97,6563 75,46746 67,02584
101,3184 75,5088 67,50268
102,1322 76,08418 66,69999
102,1322 79,20585 70,29534
101,3183 80,21355 71,94677
101,9287 79,18044 70,60213
105,5907 80,84296 70,98198
108,4391 80,14681 71,82919
100,7081 78,62411 70,95337
107,015 80,32802 70,66569
110,8805 76,75811 68,45954
108,6425 77,75311 68,34826
97,65622 77,38116 68,83464
103,1495 74,96519 66,73335
122,6807 81,12592 70,68159
98,26661 77,70543 69,33214
99,89422 79,04373 71,03761
101,1149 80,59504 71,75446
106,8115 81,48515 71,36665
107,6253 79,65726 70,99469
99,2839 79,67634 71,37461
100,3011 80,05462 71,1314
98,06313 78,96108 69,98701
99,8942 77,6927 69,28129
103,3528 81,93656 73,12778
95,01144 79,16134 70,55284
110,4735 81,06233 73,0451
104,5735 83,64679 73,55215
106,2012 81,07188 73,00536
101,1149 82,33709 72,3998
107,6252 78,4938 69,5658
105,1839 83,49103 74,11166
110,8805 82,57866 73,75876
107,8287 82,62 74,08619
95,62171 80,18494 71,83393
108,6426 85,05505 75,03828
114,7461 84,40653 75,18608
102,946 79,39978 70,07283
101,3184 79,1391 70,55285
100,3011 81,17678 71,80533
114,1357 82,54691 72,17569
103,3528 81,8221 72,34575
107,015 84,33979 74,46446
121,6634 85,57322 74,37231
108,846 81,63772 71,82283
102,1321 81,11002 72,31713
111,2874 80,84934 71,68454
105,3874 81,38657 72,3362
108,2356 82,73127 73,68249
103,5563 82,24171 73,30101
107,4219 83,7326 73,53148
111,8978 81,99057 73,60618
109,6598 83,44334 75,07169
114,746 80,33437 71,16319
115,7633 84,85796 75,77102
103,9632 83,91383 74,32623
104,3701 81,83163 71,97699
108,6425 84,43517 74,87934
102,1321 84,73082 76,02852
121,053 84,62592 74,30238
