0,8138021 0,3274285 0,23524
0,6103516 0,3147127 0,2241138
0,6103516 0,2765654 0,2034507
0,6103516 0,301997 0,2304716
0,6103516 0,2861023 0,2177559
0,6103516 0,2861023 0,2098085
0,6103516 0,2956391 0,2241137
0,6103516 0,2829233 0,211398
1,017253 0,3178916 0,2368295
0,6103516 0,2956391 0,2002718
0,6103516 0,2892812 0,211398
0,6103516 0,3242495 0,2463662
0,6103516 0,3147127 0,2272927
0,6103516 0,2988181 0,2225243
0,8138021 0,2892812 0,2257032
0,8138021 0,3115338 0,23524
0,6103516 0,2797444 0,2098085
0,6103516 0,3051759 0,2336505
0,6103516 0,3210706 0,2320611
0,8138021 0,3115338 0,2368295
0,6103516 0,2733865 0,2177558
0,6103516 0,2892812 0,2272926
0,6103516 0,3274285 0,2415979
0,6103516 0,2829233 0,2082191
0,6103516 0,3147127 0,2415978
0,8138021 0,2924601 0,2257032
0,6103516 0,2733865 0,2161664
0,6103516 0,2892812 0,2225243
0,6103516 0,2829233 0,211398
0,6103516 0,3147127 0,2384189
0,6103516 0,2892812 0,2225243
0,6103516 0,3274285 0,2495452
0,6103516 0,2988181 0,2257032
0,6103516 0,298818 0,2288821
0,6103516 0,2924602 0,2225243
0,6103516 0,2765655 0,2177558
0,6103516 0,2861023 0,2145769
0,6103516 0,2924601 0,2177559
0,6103516 0,2892812 0,2241137
0,6103516 0,2892812 0,2257032
0,6103516 0,3147127 0,23524
0,6103516 0,3115338 0,2320611
0,6103516 0,3051759 0,2288821
0,6103516 0,3178916 0,2431873
0,6103516 0,3369653 0,2415979
0,6103516 0,2924601 0,2257032
0,6103516 0,3147127 0,2368295
0,8138021 0,3592176 0,2638502
0,6103516 0,3306074 0,2447768
1,017253 0,3115337 0,2304716
0,6103516 0,3210706 0,2479557
0,6103516 0,3147127 0,2368295
0,8138021 0,3147127 0,2368295
0,6103516 0,3115338 0,2431873
0,6103516 0,3274284 0,2400084
0,6103516 0,2924601 0,2225243
0,8138021 0,3083548 0,2384189
0,6103516 0,3083549 0,23524
0,6103516 0,2892812 0,2288821
0,6103516 0,3306074 0,2463663
0,6103516 0,2892812 0,2241137
0,8138021 0,3496808 0,2574924
0,6103516 0,3147127 0,2415978
0,6103516 0,3337863 0,2590819
0,6103516 0,3274285 0,2431873
0,8138021 0,3147127 0,2431873
0,6103516 0,3337863 0,2527241
0,6103516 0,3083549 0,2415978
0,8138021 0,2892812 0,2161664
0,6103516 0,3178917 0,2463662
0,4069011 0,2988181 0,2209348
0,6103516 0,2829233 0,2145769
0,8138021 0,3115337 0,2384189
0,6103516 0,3115338 0,2431873
0,6103516 0,301997 0,23524
0,8138021 0,3210706 0,2320611
0,6103516 0,3178917 0,23524
0,6103516 0,2924601 0,2193453
0,8138021 0,3369653 0,2590819
0,8138021 0,3560386 0,2590818
0,8138021 0,3147127 0,2384189
0,8138021 0,3560386 0,2702079
0,6103516 0,3210706 0,2479557
0,6103516 0,3147127 0,2320611
0,8138021 0,3433231 0,2543135
0,6103516 0,346502 0,2606713
0,6103516 0,3051759 0,2463662
0,6103516 0,3242495 0,2479557
0,8138021 0,2956391 0,2257032
0,8138021 0,3306074 0,255903
0,6103516 0,3115337 0,2463662
0,6103516 0,3178917 0,2463662
0,6103516 0,3115338 0,2415978
0,8138021 0,3178917 0,2431873
0,6103516 0,3274285 0,2400084
0,6103516 0,3369652 0,2590819
0,8138021 0,3210706 0,2495452
0,6103516 0,343323 0,2717974
0,8138021 0,3210706 0,2463663
0,6103516 0,3496808 0,2638502
0,8138021 0,3306074 0,2495452
0,8138021 0,3528597 0,2622607
0,6103516 0,3242495 0,238419
0,6103516 0,2924601 0,2257032
0,6103516 0,3178917 0,2479557
0,8138021 0,3496808 0,2717974
0,8138021 0,3369653 0,2527241
0,8138021 0,3051759 0,2384189
0,6103516 0,301997 0,2431873
0,8138021 0,3401442 0,2574924
0,6103516 0,3274285 0,2511347
0,6103516 0,3337863 0,2495452
0,8138021 0,3401442 0,2622608
0,6103516 0,3496808 0,2717974
0,8138021 0,3496809 0,2670291
0,8138021 0,3465019 0,2654396
0,8138021 0,3401442 0,2606713
0,6103516 0,3115338 0,2400084
0,6103516 0,3178917 0,2479557
0,6103516 0,3465019 0,2717974
0,8138021 0,3337863 0,2574925
0,6103516 0,3147127 0,2447768
0,6103516 0,3369652 0,2574924
0,6103516 0,3178917 0,238419
0,6103516 0,3623964 0,267029
0,6103516 0,3433231 0,2622608
0,6103516 0,3337863 0,2527241
0,6103516 0,3401441 0,2622608
0,6103516 0,3369652 0,2511346
0,6103516 0,378291 0,2797445
0,6103516 0,3528597 0,2638502
0,6103516 0,3147127 0,2463662
0,6103516 0,3369652 0,2606713
0,6103516 0,343323 0,2622607
0,8138021 0,3274285 0,2495452
0,6103516 0,3560386 0,267029
0,6103516 0,3687542 0,2765657
0,6103516 0,3337863 0,2606713
0,6103516 0,3496809 0,270208
0,6103516 0,3560386 0,2574924
0,8138021 0,3687543 0,2733868
0,8138021 0,3751121 0,2717973
0,8138021 0,3782909 0,2781551
0,6103516 0,3560387 0,2733868
0,6103516 0,3115338 0,2431873
0,8138021 0,3369653 0,2638502
0,6103516 0,3465019 0,2670291
0,6103516 0,3369653 0,2543136
0,6103516 0,3687543 0,2702079
0,6103516 0,3719331 0,2765657
0,8138021 0,3655754 0,2717974
0,6103516 0,298818 0,2384189
0,6103516 0,3401442 0,2606713
0,8138021 0,3623964 0,2733868
0,8138021 0,3560387 0,267029
0,6103516 0,3242496 0,2543136
0,6103516 0,3433231 0,2638502
0,6103516 0,3496808 0,2622607
0,6103516 0,3623964 0,2733868
0,8138021 0,3306074 0,2543135
0,4069011 0,3306074 0,2590819
0,8138021 0,3846488 0,2876918
0,6103516 0,3337863 0,2654397
0,6103516 0,346502 0,2654397
0,8138021 0,3560387 0,267029
0,8138021 0,3687543 0,2749763
0,8138021 0,3337863 0,2622608
0,6103516 0,3814698 0,2765656
0,6103516 0,3687542 0,2765657
0,6103516 0,3337863 0,255903
0,6103516 0,3306074 0,2590819
0,6103516 0,3687542 0,2765657
0,8138021 0,346502 0,2654397
0,6103516 0,3528597 0,2638502
0,6103516 0,343323 0,2638502
0,6103516 0,3496808 0,2670291
0,8138021 0,4132588 0,2892811
0,6103516 0,3369653 0,2622608
0,6103516 0,3528597 0,2702079
0,6103516 0,3655754 0,2733868
0,8138021 0,3751121 0,2749763
0,8138021 0,3910065 0,2892812
0,6103516 0,3687542 0,2749762
0,8138021 0,3560387 0,2717974
1,017253 0,3687543 0,2749763
0,6103516 0,3337863 0,2590819
0,6103516 0,3655753 0,2781551
0,8138021 0,4005432 0,2972284
0,6103516 0,346502 0,2686186
0,8138021 0,3687542 0,2733868
1,017253 0,4005432 0,29246
0,6103516 0,3814698 0,281334
0,6103516 0,3878276 0,2845128
0,6103516 0,3306074 0,2527241
0,8138021 0,3623965 0,2686185
0,6103516 0,3433231 0,2622608
0,6103516 0,3560386 0,2765657
0,8138021 0,3878277 0,281334
0,8138021 0,3369653 0,2606713
0,8138021 0,3814698 0,281334
0,6103516 0,3846488 0,2892812
0,6103516 0,3274285 0,2527241
0,6103516 0,3846487 0,2765656
0,6103516 0,3306074 0,2590819
0,8138021 0,3560387 0,2654396
0,8138021 0,3592176 0,2654396
0,8138021 0,3941854 0,2908706
0,8138021 0,3973643 0,2908705
0,6103516 0,3401441 0,2638502
0,6103516 0,3433231 0,2543135
0,8138021 0,3751121 0,2861024
0,6103516 0,3401442 0,2670291
0,6103516 0,3846487 0,2892812
0,8138021 0,375112 0,281334
0,8138021 0,4005433 0,2972284
0,6103516 0,3751121 0,2717973
0,6103516 0,3687542 0,2781551
0,6103516 0,3433231 0,2606713
0,6103516 0,3433231 0,2670291
0,6103516 0,3528598 0,2686185
0,8138021 0,4037221 0,29246
0,6103516 0,3560386 0,2702079
0,8138021 0,3846488 0,2861023
0,8138021 0,3687542 0,2781551
0,8138021 0,3782909 0,2829234
0,8138021 0,3592175 0,2686185
0,8138021 0,3592176 0,2765657
0,8138021 0,3623965 0,2638502
0,6103516 0,3751121 0,2829235
0,8138021 0,375112 0,2749762
0,6103516 0,3401442 0,2574924
0,6103516 0,3687542 0,2797445
0,6103516 0,3878276 0,2892812
0,6103516 0,3401442 0,2654397
0,6103516 0,3941855 0,2892812
0,8138021 0,3592176 0,2717974
1,017253 0,3910066 0,2892812
0,6103516 0,3846488 0,2829234
0,6103516 0,3878276 0,2845128
0,8138021 0,3592176 0,267029
1,017253 0,3751121 0,2876918
0,8138021 0,3623964 0,2797446
0,6103516 0,3910065 0,2908706
0,6103516 0,3941854 0,2940495
0,8138021 0,41008 0,3019967
1,017253 0,4164377 0,306765
0,6103516 0,3782909 0,2861023
0,8138021 0,441869 0,317891
0,8138021 0,4037222 0,2972284
0,8138021 0,4164378 0,3099439
0,6103516 0,3814698 0,2845129
0,8138021 0,4132589 0,3019967
1,017253 0,3814699 0,2876918
0,6103516 0,3878276 0,2940495
0,6103516 0,4132588 0,3004072
0,8138021 0,4037221 0,2972283
0,6103516 0,4291533 0,3083543
0,8138021 0,3910065 0,2940495
0,6103516 0,375112 0,2876918
0,8138021 0,375112 0,2861023
0,8138021 0,4005432 0,2988178
1,017253 0,406901 0,3004072
0,8138021 0,3910065 0,2892812
0,6103516 0,4100799 0,3004072
0,8138021 0,4355112 0,3147122
0,8138021 0,4323322 0,3163016
0,8138021 0,4132588 0,3004072
0,8138021 0,3941854 0,2876917
0,8138021 0,4227956 0,306765
0,6103516 0,4132588 0,3051755
0,8138021 0,4482268 0,3163016
0,8138021 0,4418689 0,3274276
0,8138021 0,4514056 0,3242488
0,8138021 0,406901 0,3004072
0,8138021 0,4482267 0,3385537
0,8138021 0,4164377 0,3051755
0,8138021 0,4514056 0,3337854
0,8138021 0,4577634 0,3385537
0,8138021 0,4196166 0,3099439
0,8138021 0,43869 0,3226593
0,8138021 0,4482267 0,3258382
0,8138021 0,4227954 0,3115333
0,8138021 0,4196166 0,306765
0,8138021 0,4482267 0,3258382
0,8138021 0,4545845 0,3290171
0,8138021 0,4482267 0,3290171
0,8138021 0,4609423 0,3512695
0,8138021 0,4673001 0,3623958
0,6103516 0,4514056 0,3385537
1,017253 0,4577634 0,3369642
0,8138021 0,4641213 0,346501
0,8138021 0,4673001 0,3512694
0,8138021 0,4355111 0,3401433
0,8138021 0,4959103 0,3528588
1,017253 0,4863735 0,373522
0,6103516 0,4482267 0,3337854
0,8138021 0,4609424 0,3560379
1,017253 0,4704791 0,3608063
0,8138021 0,4736579 0,3655746
0,8138021 0,4800158 0,3719325
0,8138021 0,4895525 0,3782904
0,8138021 0,4736579 0,3703431
0,8138021 0,4800158 0,370343
0,6103516 0,4577634 0,346501
1,017253 0,4959103 0,370343
1,017253 0,5022681 0,3830588
1,220703 0,4990892 0,3878272
0,8138021 0,508626 0,3814692
0,6103516 0,4514056 0,3433221
0,8138021 0,5022681 0,3862377
0,8138021 0,4895525 0,3894168
1,220703 0,4863736 0,3782904
1,017253 0,4990892 0,3830588
0,8138021 0,508626 0,4021325
1,017253 0,5181628 0,4084903
1,017253 0,5467732 0,4180271
1,017253 0,5022681 0,3814693
1,017253 0,5181628 0,4021324
1,017253 0,5276996 0,4180272
1,017253 0,5181627 0,4132587
0,8138021 0,508626 0,4069009
1,017253 0,5499521 0,4323324
1,017253 0,5022681 0,4069009
0,8138021 0,5213417 0,4132588
1,017253 0,5340575 0,4371009
1,220703 0,5880994 0,4657113
1,017253 0,5753836 0,4561745
1,017253 0,6135308 0,4816059
1,017253 0,6198885 0,4847848
1,017253 0,5880994 0,4657113
1,017253 0,6230675 0,4911427
1,220703 0,6548565 0,5102164
1,017253 0,6262465 0,5006796
1,017253 0,7216138 0,5388268
1,424154 0,7184347 0,5642574
1,424154 0,7661185 0,61353
1,424154 0,7311504 0,5865095
1,424154 0,8010865 0,6373717
1,424154 0,8392333 0,6818767
1,627604 0,940958 0,726381
1,627604 0,9441368 0,7470441
2,034505 1,052221 0,8392336
2,034505 1,134873 0,9044018
1,627604 1,128515 0,9059914
2,034505 1,220703 0,9775167
2,237956 1,236598 1,007717
2,034505 1,360575 1,090367
2,644857 1,436869 1,161892
2,644857 1,678467 1,339913
3,051758 1,840591 1,497269
3,458659 1,964568 1,641908
3,66211 2,288819 1,856487
4,679362 2,549488 2,012252
4,882813 3,051757 2,431869
5,696614 3,499985 2,799033
9,15527 3,69072 2,967518
6,306966 4,030864 3,345809
5,900065 4,250208 3,555615
7,324219 4,520416 3,725688
7,934568 4,879633 4,024505
7,731119 5,070371 4,36624
7,527668 5,261103 4,366237
7,527668 5,162557 4,407565
7,93457 5,458195 4,674593
6,917318 5,346933 4,596711
8,138021 5,642574 4,822412
10,17252 6,014507 4,960697
9,765621 6,319682 5,332629
9,969072 6,170273 5,216598
9,358723 6,484985 5,483627
9,765624 6,796521 5,777676
9,765621 7,063548 5,860327
10,57942 6,93957 5,804698
10,57943 7,238388 6,267227
12,00358 8,284249 6,877581
14,03808 8,522667 7,127125
16,68295 9,18706 7,589656
17,2933 9,301504 7,658004
15,05534 10,39823 8,651413
18,92091 11,48542 9,387337
16,8864 11,93046 9,870532
18,514 12,98905 10,80195
18,31056 12,89686 10,78288
19,32781 13,69159 11,45522
22,78646 14,75652 12,27061
24,21062 15,98994 13,24813
27,46582 16,67977 14,03491
28,48306 17,92908 15,13163
24,41406 18,00855 15,3017
22,98991 17,5349 15,05852
24,61751 19,33098 16,21564
28,07615 19,76967 16,48267
34,79001 21,4386 17,65569
35,40035 22,31598 18,62685
38,0452 22,43042 18,81758
39,46935 23,99444 19,87776
39,2659 24,19472 20,42293
44,96255 26,40405 22,2222
48,21777 26,29915 22,3732
36,21415 26,7728 22,95017
36,21415 27,79324 23,1552
41,09697 28,16835 23,55734
37,6383 28,88678 24,60479
39,2659 28,71512 24,98467
43,13148 29,85635 25,35343
41,30042 28,3114 23,74807
39,87625 29,27143 25,42336
41,91078 29,78959 25,57436
44,35218 30,4508 25,52031
40,69006 30,40948 25,8398
57,16966 32,59338 27,64065
45,5729 31,82091 27,32275
46,79361 32,69193 27,54846
40,4866 32,90809 28,5212
56,76278 34,92034 29,26348
49,23504 36,32224 30,53028
59,40763 37,3999 31,86065
53,91442 39,44712 32,55685
55,94896 39,90171 32,99711
54,93169 41,43395 35,04434
57,16965 42,70232 35,84064
64,49394 46,85085 39,32795
63,27322 45,06745 39,11176
70,19059 45,56337 39,01161
78,73552 49,53705 41,85677
67,5457 50,22051 42,73417
70,19057 50,86266 44,07088
73,44582 53,37721 45,42356
78,53213 55,9108 48,2655
76,0907 56,39717 48,85676
85,44938 56,68963 49,20167
78,73556 58,63197 49,6658
83,00803 60,32317 51,33
78,73553 60,57431 51,94509
85,65278 59,28047 51,29818
74,66653 60,0307 51,89106
96,63897 65,0089 56,38128
84,63557 60,66331 52,78275
78,73552 58,89901 50,55432
80,97346 63,6515 55,23686
87,89071 65,53661 56,75799
99,89412 68,4771 57,89603
89,92519 69,55161 60,34859
95,41827 71,93898 61,22917
92,36655 70,89947 59,82566
100,7079 72,88946 62,75027
108,2355 74,47577 63,20487
95,82516 77,35902 66,47758
106,8113 77,82634 67,93831
115,1527 82,54699 71,65125
107,8286 82,34354 71,17442
109,8631 83,95208 71,99457
111,0837 86,22178 75,35786
115,5596 86,69543 75,56767
123,2906 90,30032 78,44933
115,7631 90,42427 79,77332
126,7492 90,29076 80,11509
123,2906 91,57819 81,08462
112,101 93,00235 82,81398
133,8699 92,95467 79,58897
124,3079 94,39785 83,47042
111,8976 93,03414 82,00655
131,0216 95,78068 84,22064
119,2216 94,3343 82,98247
123,4941 97,49407 85,69088
129,1906 96,72478 85,071
132,8527 95,01458 83,96158
119,6285 93,80025 81,63779
123,0871 96,89648 84,79446
118,001 96,15259 85,45884
121,6631 98,79424 87,10706
139,7699 102,5326 89,32907
118,2045 100,7302 87,77462
124,7148 101,0258 90,25255
124,9182 99,40778 88,31034
136,1078 101,7283 90,4274
125,732 100,2756 90,84547
139,7698 104,7959 90,97572
128,3768 103,1906 91,53526
119,0182 100,1961 88,91109
136,3112 105,0598 92,66374
141,8043 104,7165 92,52231
137,1251 106,5348 93,79542
123,2907 105,5017 92,89421
135,0905 108,3785 94,06403
128,5803 106,4235 93,98138
135,4974 106,9544 94,21504
126,7492 106,1597 93,28998
136,3112 104,8563 91,88332
139,1595 108,0352 95,28789
142,2113 104,3954 90,96622
139,7699 106,3759 91,80704
133,2595 107,1483 94,55039
128,3768 103,0158 90,68487
125,1217 106,023 94,22459
127,7664 106,6779 95,85694
129,8009 108,6806 94,88416
135,294 108,2482 94,88574
