0,6103516 0,2606708 0,1525879
0,6103516 0,2479552 0,1430511
0,4069011 0,2479552 0,1446406
0,6103516 0,2829233 0,1764298
0,4069011 0,2447762 0,1637141
0,6103516 0,2606708 0,1986823
0,6103516 0,2702076 0,1891455
0,6103516 0,2733865 0,190735
0,6103516 0,2765655 0,1939139
0,6103516 0,2415974 0,170072
0,6103516 0,2733865 0,2034507
0,6103516 0,2606708 0,1748403
0,6103516 0,2733865 0,1891455
0,6103516 0,2702076 0,1891455
0,6103516 0,301997 0,1955034
0,8138021 0,2861023 0,2082191
0,6103516 0,2479552 0,1811982
0,4069011 0,2861023 0,2050402
0,6103516 0,2765655 0,1875561
0,6103516 0,3083548 0,2177559
0,8138021 0,3178916 0,2193454
0,6103516 0,2829233 0,2066296
0,6103516 0,2638497 0,1970928
0,6103516 0,3178917 0,2431873
0,6103516 0,301997 0,2241137
0,6103516 0,2892812 0,2098086
0,6103516 0,3178916 0,2304716
0,6103516 0,3115338 0,2177559
0,8138021 0,2861023 0,2225242
0,6103516 0,3083548 0,2400084
0,8138021 0,3178917 0,2320611
0,6103516 0,2892812 0,2098086
0,6103516 0,3147127 0,2431873
0,8138021 0,3433231 0,2400084
0,6103516 0,301997 0,2320611
0,6103516 0,3115338 0,23524
0,6103516 0,3433231 0,2463663
0,6103516 0,3210706 0,2511346
0,8138021 0,378291 0,2702079
0,8138021 0,3910065 0,2908706
0,6103516 0,3814698 0,2733867
0,8138021 0,3655753 0,2765657
1,220703 0,4196166 0,3051755
0,8138021 0,4196166 0,3035861
0,8138021 0,4259744 0,303586
1,017253 0,4704791 0,3353748
0,8138021 0,4609424 0,3290171
1,017253 0,4577635 0,3433222
0,8138021 0,4577634 0,3306065
1,017253 0,4545845 0,3258382
1,017253 0,5118049 0,3798798
1,220703 0,508626 0,3878272
1,220703 0,5467732 0,4069008
1,424154 0,6167097 0,4561743
1,424154 0,6357832 0,4847848
1,424154 0,7184348 0,5420055
1,831055 0,8010865 0,5992253
2,237956 0,9409581 0,6850553
3,051758 1,141231 0,8217492
4,475912 1,443227 1,02679
7,120767 1,703899 1,25885
13,22429 2,091726 1,492501
18,71745 2,826056 1,961391
33,97623 3,601711 2,381006
23,80372 4,599888 3,005663
20,54851 5,811057 3,738404
20,95541 7,317861 4,669823
37,63831 10,88142 6,82354
34,99347 13,53264 8,95977
37,23144 17,94179 12,21657
40,69009 19,90636 14,10007
42,72461 22,5544 16,03922
109,8632 29,30641 21,18905
92,16309 34,1034 24,76851
77,31121 40,14334 28,69606
108,4391 47,89034 37,19171
108,4391 56,68323 41,71371
123,291 60,71727 48,23367
97,85972 64,8308 51,54292
130,2083 68,85848 55,72478
118,6116 75,45791 59,8685
128,3773 84,98192 69,15729
125,122 85,47784 68,51198
121,4599 90,99958 74,44701
127,7669 96,06678 79,74151
141,6016 100,0373 84,26505
143,636 94,86197 80,16426
138,9566 99,45235 83,76757
154,8258 103,8392 89,31638
164,795 107,7938 90,84066
152,3844 111,2557 95,32613
161,1327 112,9118 94,85721
161,9466 113,5826 96,23051
157,8775 119,1298 100,4044
178,8329 120,8496 102,663
180,0537 127,7447 110,3831
190,2262 130,9236 110,5849
172,7296 126,7338 110,2765
185,7504 131,2128 112,0503
190,0228 137,3482 117,6182
206,9092 148,1819 123,9093
198,9746 148,9703 129,1355
238,444 160,9643 133,4476
241,6992 161,9974 140,2712
217,0817 162,433 138,9774
216,0645 162,5697 139,4558
224,6094 165,9711 141,8225
229,6956 165,9584 144,6215
213,0127 164,5629 142,223
218,7093 166,0411 145,0698
213,6231 163,2245 138,9122
229,2887 169,487 141,503
225,0163 163,2627 138,5228
221,9646 165,1509 145,2764
245,5648 168,8448 142,2882
228,0682 176,0864 152,9567
223,7957 169,2677 144,0064
235,1888 173,858 147,5016
225,4232 169,7572 143,4326
210,1643 174,4397 148,3154
239,0544 182,724 152,7881
231,5267 175,6891 149,4106
227,6613 174,5892 144,8631
238,851 164,3848 141,2996
235,5957 174,3762 148,576
224,406 178,7949 152,4607
213,2162 162,9543 138,5927
219,3197 172,5928 149,2643
239,2578 176,932 150,9444
220,3369 175,1041 144,6184
224,8128 171,9666 144,4848
226,6439 177,5169 150,8506
209,7575 165,5419 142,5393
229,6957 176,7444 146,2078
262,0443 182,2122 152,7674
229,2887 174,2204 148,2328
231,9337 172,1954 141,5316
219,5231 178,0128 150,7123
233,9681 179,5451 150,7043
228,8819 182,1137 152,9709
227,6613 181,6431 155,7112
229,0853 178,4897 152,3527
215,0472 173,289 147,6208
225,0163 178,2099 153,1919
235,1888 179,8662 151,8377
220,7439 175,7272 152,1189
237,6302 178,6614 154,322
234,5785 181,8339 154,7941
245,7682 173,4797 143,102
217,692 174,675 147,2521
232,544 180,378 153,2635
222,9818 181,0773 156,9462
221,7611 178,512 152,5036
243,1234 172,6246 152,1603
213,623 173,7626 146,4001
242,1062 177,1895 150,787
225,0163 172,6468 145,4543
233,5612 176,1563 151,213
222,168 176,5665 147,9276
238,8509 174,7227 146,9692
219,5231 169,8717 146,2126
226,4405 177,5392 152,4449
219,1162 178,3911 146,354
233,5612 180,2317 154,8974
226,4404 168,0724 147,1551
224,2024 171,4007 142,0545
258,9926 180,1237 154,6733
259,6027 181,2267 151,8917
212,1989 173,4638 150,2449
223,1852 171,6328 144,7153
214,6404 171,709 148,4028
235,3923 170,2054 149,0831
212,1989 173,0792 149,5886
