0,6103516 0,2702076 0,2193453
0,6103516 0,2638497 0,2066296
0,6103516 0,2892812 0,211398
0,6103516 0,298818 0,2225243
0,8138021 0,2956391 0,2161664
0,6103516 0,301997 0,2241137
0,4069011 0,2638497 0,211398
0,6103516 0,2733865 0,2129875
0,6103516 0,3115338 0,2288821
0,6103516 0,2892812 0,2193453
0,6103516 0,2638497 0,2018612
0,6103516 0,2861023 0,1986823
0,6103516 0,2892812 0,2098086
0,6103516 0,2956391 0,2272927
0,8138021 0,2892812 0,2177559
0,8138021 0,2765655 0,2129875
0,8138021 0,2829233 0,2177559
0,6103516 0,2956391 0,2193453
0,6103516 0,2924602 0,2225243
0,6103516 0,3051759 0,2304716
0,6103516 0,2861023 0,2129875
0,6103516 0,2956391 0,2209348
0,6103516 0,2956391 0,232061
0,4069011 0,2670287 0,2082191
0,6103516 0,2924601 0,2336505
0,6103516 0,3051759 0,2241137
0,6103516 0,2861023 0,2082191
0,6103516 0,3401442 0,2447768
0,6103516 0,3115338 0,2288822
0,8138021 0,3083549 0,2241138
0,6103516 0,2924602 0,2225243
0,6103516 0,2956391 0,232061
0,6103516 0,298818 0,214577
1,017253 0,2924601 0,2082191
0,4069011 0,301997 0,2209348
0,6103516 0,2797444 0,2161664
0,6103516 0,2988181 0,2257032
0,6103516 0,2829233 0,2193453
0,6103516 0,3115338 0,2257032
0,6103516 0,3433231 0,238419
0,6103516 0,2861023 0,2145769
0,6103516 0,2956391 0,214577
0,6103516 0,2574919 0,211398
0,6103516 0,3083549 0,2368295
0,4069011 0,301997 0,2304716
0,6103516 0,3274285 0,2431874
0,6103516 0,2765654 0,2082191
0,6103516 0,3019969 0,2272927
0,6103516 0,2956391 0,2225243
0,6103516 0,2988181 0,2320611
0,6103516 0,3274285 0,2400084
0,6103516 0,2861023 0,2145769
0,6103516 0,3210706 0,2431873
0,8138021 0,2829233 0,2209348
0,6103516 0,3083549 0,2225243
0,6103516 0,2956391 0,2336505
0,6103516 0,3369653 0,2415979
0,6103516 0,3210706 0,2431873
0,6103516 0,3019969 0,2257032
0,6103516 0,298818 0,2225243
0,4069011 0,2797444 0,2129875
0,6103516 0,3147127 0,2320611
0,6103516 0,3147127 0,2415978
0,6103516 0,298818 0,2241137
0,4069011 0,2861023 0,2225243
0,6103516 0,3210706 0,2336506
0,6103516 0,3274285 0,2431874
0,6103516 0,3274285 0,238419
0,6103516 0,2861023 0,211398
0,6103516 0,3147127 0,23524
0,4069011 0,2702076 0,2209347
0,8138021 0,3210706 0,2511346
0,8138021 0,3369653 0,2447768
0,6103516 0,3210706 0,2368295
0,6103516 0,3306074 0,2495452
0,6103516 0,3083549 0,2368295
0,8138021 0,3306074 0,2495452
0,6103516 0,2861023 0,2161664
0,6103516 0,3210706 0,2431873
0,6103516 0,3306074 0,2368295
0,6103516 0,3083548 0,2384189
0,6103516 0,3592176 0,2654396
0,6103516 0,3178917 0,2463662
0,6103516 0,3147127 0,2400084
0,6103516 0,3560386 0,2686185
0,8138021 0,346502 0,255903
0,6103516 0,3369652 0,2543135
0,6103516 0,3306074 0,2495452
0,6103516 0,3210706 0,2495452
0,8138021 0,3274285 0,2463663
0,8138021 0,3210706 0,2479557
0,6103516 0,3051759 0,2272927
0,6103516 0,3306074 0,2495452
0,6103516 0,3369653 0,2622608
0,6103516 0,3306074 0,2495452
0,6103516 0,3306074 0,2527241
0,6103516 0,3178917 0,2447768
0,6103516 0,3274285 0,2511346
0,6103516 0,3242495 0,2463662
0,8138021 0,3274285 0,2527241
0,6103516 0,3528597 0,2654396
0,8138021 0,3019969 0,2400084
0,6103516 0,3433231 0,2606713
0,8138021 0,3401442 0,2479557
0,6103516 0,3496809 0,2527241
0,6103516 0,3115337 0,2415978
0,6103516 0,3178916 0,2415978
0,8138021 0,3369653 0,2511347
0,6103516 0,3019969 0,2336505
0,6103516 0,3592175 0,2717973
0,6103516 0,3306074 0,2543135
0,8138021 0,3401442 0,255903
0,6103516 0,3337863 0,2574925
0,6103516 0,3242495 0,2527241
0,6103516 0,3242495 0,2463663
0,8138021 0,3592175 0,2733868
0,8138021 0,3592176 0,2686185
0,6103516 0,3337863 0,2511346
0,6103516 0,3719331 0,281334
1,017253 0,3719332 0,281334
0,8138021 0,3846487 0,2829234
0,8138021 0,3210706 0,2495452
0,6103516 0,3210706 0,255903
0,6103516 0,3623964 0,2702079
0,8138021 0,3433231 0,2574924
0,6103516 0,3465019 0,2590818
0,8138021 0,3751121 0,2781551
0,6103516 0,3147127 0,2495452
0,8138021 0,3115338 0,2431873
0,6103516 0,3401441 0,2574924
0,6103516 0,3496809 0,2654396
1,017253 0,3751121 0,2765657
0,6103516 0,3369653 0,255903
0,6103516 0,3274285 0,2511346
0,6103516 0,3878276 0,2861023
0,8138021 0,3560387 0,2638502
0,6103516 0,3941853 0,2829233
0,8138021 0,3941855 0,2876917
0,6103516 0,3687542 0,2749762
0,6103516 0,3878277 0,2861023
0,6103516 0,3274285 0,2590819
0,8138021 0,3941855 0,2940495
1,017253 0,3751121 0,281334
0,8138021 0,3719331 0,2765656
1,017253 0,3623965 0,2749763
0,8138021 0,406901 0,3004072
0,8138021 0,4069011 0,2972284
0,6103516 0,3814698 0,2797445
0,8138021 0,41008 0,3004072
1,017253 0,441869 0,3131227
0,6103516 0,3973643 0,2988178
0,6103516 0,3592176 0,2781552
0,8138021 0,4164377 0,306765
1,017253 0,4514057 0,3210699
0,6103516 0,4132589 0,2988178
0,6103516 0,4164377 0,3083544
0,8138021 0,4069011 0,3004073
1,017253 0,4418689 0,3210699
0,8138021 0,4482267 0,3210699
0,8138021 0,4641213 0,3337854
0,6103516 0,4514056 0,3337854
0,8138021 0,4673001 0,3449115
0,8138021 0,41008 0,3004072
0,8138021 0,4609424 0,332196
0,6103516 0,4450478 0,329017
1,017253 0,4482267 0,3306065
0,8138021 0,4514056 0,3274277
0,8138021 0,4227954 0,3067649
1,017253 0,4609423 0,3449116
1,017253 0,4800158 0,3480905
0,8138021 0,4609423 0,3544484
0,8138021 0,4768369 0,3671641
0,8138021 0,4895525 0,3751115
1,017253 0,4990892 0,3798798
1,017253 0,5213417 0,3910061
1,017253 0,4895525 0,3655746
0,8138021 0,4673001 0,3576273
0,8138021 0,4673001 0,3592168
1,017253 0,5308785 0,4132587
1,017253 0,5340575 0,4148482
1,017253 0,55631 0,4307429
1,017253 0,5626678 0,4323323
1,220703 0,6484987 0,4895531
1,424154 0,6580355 0,4990899
1,627604 0,7534029 0,5563106
2,237956 0,7979077 0,6182985
1,831055 0,8455911 0,6532663
1,627604 0,9632103 0,7359179
2,237956 1,118979 0,8726126
2,237956 1,134873 0,9075809
2,441406 1,268386 0,972748
4,272461 1,37329 1,044273
2,644857 1,427332 1,145997
2,441406 1,516342 1,203218
2,644857 1,570385 1,244545
3,255208 1,719793 1,386008
3,458659 1,837412 1,459122
3,86556 1,770656 1,433691
2,848307 1,84059 1,54972
3,051758 1,907348 1,5227
3,255208 1,983642 1,597403
3,458659 2,024968 1,589456
3,86556 2,161663 1,719793
4,069011 2,358754 1,864434
4,882813 2,644856 2,0504
3,86556 2,657573 2,125104
4,679363 2,991358 2,369879
4,882813 3,213882 2,511341
5,900065 3,312429 2,635321
5,493164 3,54131 2,864202
5,493164 3,824234 3,139178
6,306966 4,084905 3,352165
5,900065 4,186629 3,533363
6,103516 4,281998 3,652572
6,510417 4,355114 3,673236
7,120767 4,266103 3,544489
6,103516 4,472733 3,646215
6,306965 4,545848 3,846487
6,103515 4,542667 3,819466
5,900065 4,647571 3,97841
6,713866 4,959107 4,103979
7,120767 4,758833 3,89258
6,510416 4,892351 4,231135
7,324218 5,216599 4,401206
6,713866 4,978182 4,30584
7,527668 5,035402 4,153252
7,527668 5,172095 4,377365
7,120766 5,261103 4,42028
8,13802 5,531311 4,57128
8,951819 5,496342 4,601478
7,324217 5,502699 4,755656
8,138019 5,963641 5,097389
7,731118 5,763372 4,97977
8,74837 5,893707 5,105335
7,934569 5,890527 5,086261
8,138021 6,0908 5,133945
7,934568 6,256102 5,265871
8,54492 6,316502 5,308787
8,34147 6,456373 5,61396
10,57942 6,469091 5,513827
7,93457 6,488165 5,621912
8,951819 6,739298 5,820592
8,34147 6,596246 5,785624
8,54492 6,67254 5,790393
9,765622 6,532667 5,750655
9,969072 6,844202 5,85238
9,765623 7,063549 6,192525
8,74837 6,923673 5,96841
9,358721 6,837845 6,003379
9,765621 6,914138 5,873044
8,138021 6,863276 6,014505
11,39323 7,349649 6,332398
10,37598 7,155737 6,082853
9,358722 7,12077 6,175042
9,155272 7,168452 6,140071
9,765622 7,177987 6,214778
10,17252 7,273356 6,411873
10,98633 7,406868 6,451608
8,951822 7,330576 6,23862
9,969075 7,343291 6,419817
9,969073 7,381438 6,367366
9,358722 7,301965 6,262463
9,358722 7,429122 6,432534
9,765623 7,524492 6,629627
10,57942 7,632573 6,728172
9,562171 7,638929 6,521543
10,57942 7,998145 6,82354
10,17252 7,696153 6,817181
9,562171 7,661185 6,837846
9,969071 7,969535 6,915727
9,765624 7,766088 6,823541
10,78288 7,918676 6,763139
9,765623 8,087156 6,879169
10,17252 7,902781 6,845792
9,765622 8,068084 6,930032
9,562171 7,921853 7,007915
10,37597 8,087158 7,022223
10,57942 8,064904 7,117589
10,78288 8,029936 7,030167
9,969075 8,179347 7,255873
10,57942 8,023579 7,020633
11,80013 8,34465 7,166862
10,78288 8,112588 7,149378
10,17252 8,093513 7,039705
9,562172 8,090337 7,150966
9,969073 8,083978 6,885527
11,80013 8,233386 7,225674
10,57943 8,223851 7,251104
9,765623 8,096693 7,115999
10,98633 8,239745 7,147789
10,37597 8,23021 7,162095
10,98633 8,249282 7,32263
9,765622 8,128482 7,187525
13,02084 8,274714 7,225671
12,00358 8,239745 7,26223
9,765622 8,201599 7,116002
10,78288 8,169809 7,163685
10,78288 8,296965 7,251104
10,37598 7,969535 6,950696
11,80013 8,277893 7,252692
10,98633 8,57353 7,414816
10,17252 8,37008 7,311503
10,57942 8,351007 7,286071
10,57943 8,271534 7,222495
10,98633 8,420942 7,40369
10,98632 8,446374 7,197061
10,17252 8,360542 7,4323
10,37597 8,567173 7,52767
10,57942 8,31604 7,181169
10,17252 8,249283 7,162095
10,37598 8,277894 7,246338
11,39323 8,446373 7,414815
12,00358 8,551278 7,565812
10,57943 8,328753 7,395742
12,61393 8,656184 7,662774
10,98633 8,668899 7,650055
10,37597 8,474984 7,484755
11,18978 8,811949 7,821717
12,61394 8,557636 7,535616
11,59668 8,640288 7,673899
10,57942 8,595781 7,246333
10,98633 8,659363 7,534027
10,17252 8,522666 7,513365
11,39323 8,678437 7,529259
10,98633 8,888245 7,727942
10,78288 8,764266 7,678667
10,98633 8,738837 7,632574
11,80013 8,878709 7,824899
10,17253 8,656181 7,487932
12,20703 8,843739 7,67072
11,59668 9,002683 7,90278
10,98633 8,878707 7,688205
11,18978 9,044007 8,042653
11,18978 8,815129 7,61827
10,57942 8,84374 7,758141
11,59668 8,850098 7,761321
12,41048 9,012223 7,96795
10,37598 8,862813 7,791519
11,80013 8,98679 7,960002
10,98633 8,910495 7,845559
10,98633 8,916853 7,931393
11,39323 9,078978 8,107821
10,98633 8,888244 7,724761
11,59668 8,846914 7,963181
12,00358 9,075797 7,960001
11,39323 9,171167 7,953643
11,59668 9,120302 7,940928
12,20703 9,396872 8,128484
12,41048 9,282432 8,126896
11,39323 9,619391 8,419353
11,18978 9,196598 8,072853
12,41048 9,638468 8,22862
11,59668 9,682968 8,5481
12,20703 9,892786 8,686385
12,61393 9,679789 8,273122
12,81739 10,01994 8,86281
15,05535 10,30604 9,145737
13,42773 9,803773 8,618038
14,64844 10,1312 8,788106
14,24154 10,45227 9,085341
14,24154 10,3569 9,02017
13,42774 9,988151 8,837384
12,61393 10,18524 8,907318
12,81739 10,20749 8,913676
12,41048 10,34419 9,117122
12,00358 10,19477 8,896191
13,02084 10,252 8,848512
14,64844 10,22657 8,966128
12,20704 10,06444 8,694329
16,0726 10,27425 8,940697
13,02083 10,21067 8,927979
12,61393 10,3124 8,926391
13,83464 10,54128 9,117128
12,61393 10,47452 9,140968
12,61393 10,30286 9,107591
12,20703 10,28379 9,140968
13,02083 10,20431 9,069441
14,44499 10,60486 9,299917
13,22429 10,19796 9,102818
13,02084 10,47452 9,245872
13,83463 10,36962 9,183883
14,03809 10,72248 9,290375
13,02084 10,47134 9,113949
13,22429 10,47452 9,191829
13,42774 10,3728 9,066263
13,02084 10,24882 9,145735
12,81738 10,63983 9,094875
12,81738 10,41731 9,148919
12,81739 10,60804 9,190245
13,22429 10,25835 8,942285
13,83463 10,62711 9,33806
14,03809 10,55082 9,258592
15,66569 10,56989 9,341239
14,24154 10,67797 9,37144
13,63119 10,3569 9,088515
12,41048 10,56989 9,206136
13,22428 10,51267 9,102821
12,81738 10,4332 9,185471
13,42774 10,7797 9,336472
12,81738 10,46499 9,271305
13,42774 10,46181 9,244287
14,24154 10,87189 9,565354
13,63119 10,92911 9,625753
13,63119 10,59532 9,258587
14,03808 10,72566 9,363491
12,81738 10,54128 9,298324
13,83463 10,47134 9,317402
13,02083 10,79241 9,477928
13,63119 10,91321 9,689326
13,42774 10,643 9,401639
13,42774 11,09441 9,500188
14,8519 11,04355 9,770393
13,63119 10,64301 9,384153
13,63119 11,04355 9,752908
13,02084 11,00222 9,754501
13,63119 11,17388 9,791054
13,63118 11,18342 9,867347
14,03809 11,12302 10,03742
13,42774 10,89414 9,528795
13,83463 10,91321 9,630518
14,85189 11,37416 10,07875
15,05535 11,10077 9,501775
14,64844 11,14845 9,899137
14,24154 11,07852 9,635288
13,42774 10,92911 9,625751
15,05534 11,26926 10,12007
14,03809 11,0054 9,622574
14,03809 10,88778 9,524028
13,22429 10,85599 9,469982
13,42774 11,25018 10,01358
14,64844 11,20885 9,872121
14,24153 11,20567 9,848279
14,44499 10,99269 9,818078
14,24154 10,95772 9,65118
14,44499 11,06898 9,87212
16,8864 11,27561 9,95
14,44499 10,89096 9,659129
14,03809 11,0658 9,730656
13,42774 11,21521 9,864171
14,03809 11,07216 9,848279
15,05534 11,14528 9,711589
14,24154 11,1421 9,717946
15,05534 11,56807 10,16299
16,0726 11,11031 9,504958
14,24154 11,26925 9,943642
13,42773 11,08805 9,940464
16,0726 11,32647 9,918213
14,24154 11,31694 9,864168
13,63119 11,31058 10,10259
14,44499 11,56489 10,21385
14,24154 11,51085 10,16299
15,25879 11,549 10,22657
14,03809 11,64436 10,25518
14,85189 11,58714 10,25041
14,24154 11,66661 10,12961
14,03809 11,73019 10,35213
15,86914 11,56807 10,06603
14,44499 11,88914 10,37438
15,05534 12,14981 10,52697
16,0726 11,90821 10,49042
14,85189 11,94954 10,3871
15,46224 11,99087 10,67638
16,8864 12,54399 10,92434
21,56576 12,3628 10,78765
15,86914 12,76652 11,13574
16,27604 12,65526 10,91162
16,68295 12,83963 11,19614
17,7002 13,13845 11,10713
15,86915 13,10031 11,549
17,49675 13,54535 12,11325
17,08985 13,42456 11,62211
18,1071 13,83146 11,93524
17,90365 13,98405 12,00199
18,514 14,47042 12,35009
19,93816 14,68976 12,695
25,63476 14,95361 12,68386
22,37956 15,55443 13,31965
23,80371 16,27287 13,88709
21,76921 16,3587 14,10326
19,73471 15,70066 13,58033
22,583 16,73699 14,46247
23,19336 17,22972 15,01561
21,56575 17,03898 15,03785
26,652 17,58576 15,02355
25,43131 17,8655 15,35416
25,02441 17,69702 15,43522
28,07617 18,59347 15,50039
25,83821 18,31691 15,95656
25,22786 18,8764 15,80239
27,26236 19,24833 16,33962
30,11066 19,28965 16,51605
28,6865 19,59801 16,87845
28,07616 20,0971 17,22178
29,5003 20,57711 17,22495
33,56933 21,47039 18,40909
34,99347 21,40045 18,10074
32,14517 22,18882 18,71585
31,33136 22,90089 19,37548
37,63832 24,28054 19,74264
48,01434 24,58255 19,89047
36,62107 25,78735 21,4672
35,40036 25,87636 21,74377
45,57289 28,00305 22,79599
41,30042 27,95536 23,41747
44,14875 30,07252 23,87364
46,38673 29,92947 24,98944
46,99706 30,68605 25,00374
54,72823 30,9054 25,11978
54,93171 31,16289 25,49489
45,36944 30,00258 24,57618
47,2005 31,14699 25,0101
52,49024 33,86178 27,55959
57,16968 34,09702 27,77417
54,32129 34,56114 28,51962
53,71094 34,29093 28,15405
49,23503 34,43717 28,12703
51,67645 36,24913 29,89768
53,5075 36,6179 30,33319
56,55929 36,98983 29,97715
57,98343 38,77002 31,59522
57,57652 39,28819 31,79709
60,01795 37,67329 31,27891
54,9317 40,16874 33,11314
64,29046 41,00481 32,91606
65,71464 40,7632 34,02709
58,59384 41,3068 33,71079
57,98344 40,12424 32,80162
62,05245 41,61198 33,6043
73,64924 44,45393 36,67195
73,24232 45,35676 35,16198
71,81817 46,39944 36,9803
72,2251 45,63332 35,90107
74,46307 48,38625 39,9208
64,69736 49,20643 40,50891
83,41486 51,94031 41,96645
72,42847 51,55248 41,88062
106,608 54,74411 44,5382
90,33213 54,36266 44,90059
116,7803 56,54339 45,73665
97,04591 57,75774 47,09406
98,87688 58,81633 47,09882
113,1183 61,88399 49,63718
103,5562 66,77635 52,97665
110,0666 71,45892 57,57655
105,9975 74,75227 60,63306
110,8803 78,36991 66,27411
105,1839 82,20368 68,73615
127,3596 85,99607 71,52248
132,0388 85,77038 73,13579
121,2561 86,02785 69,50703
115,9665 86,64777 73,27408
116,5769 86,0565 73,40283
129,801 89,11772 71,65279
128,9871 89,3784 74,74587
125,732 89,34981 76,43705
140,787 89,82347 76,89323
144,6526 94,72847 81,07029
118,001 90,5641 76,61191
124,9182 90,43061 76,8821
111,6941 89,16543 76,21295
114,5424 92,23304 78,63525
121,8665 90,64043 78,42707
137,1251 92,5001 80,53628
121,0527 91,67039 78,80058
126,1388 93,47599 79,99266
191,0401 94,16583 79,27424
167,2357 94,7857 80,68088
128,5804 95,04955 83,08734
123,2906 92,9038 78,86256
129,5975 95,04001 81,61075
148,5181 97,75793 82,74554
120,4423 89,73444 76,81218
125,3251 97,30337 81,58211
136,3113 95,5518 81,30554
131,0217 99,48408 84,05213
132,2423 96,50865 83,98219
128,5803 99,10895 85,4874
127,7665 98,26654 82,33231
152,5871 100,1326 85,41745
136,7182 100,7238 85,12339
129,8009 102,0526 82,79803
128,7837 98,48907 82,90292
139,9733 101,8078 87,04346
132,4457 102,7329 87,56797
157,0629 101,0481 85,84816
133,2595 102,3673 84,8277
132,0389 99,85599 86,45216
151,3664 99,78606 86,64772
135,4975 102,3132 87,49482
145,0594 100,9432 87,59821
131,0215 100,1008 85,10909
146,8905 103,6134 88,20376
134,4803 105,0948 86,49665
157,063 103,2192 87,00211
150,1456 106,7351 90,82949
139,7699 106,5825 93,26614
133,463 104,4908 90,41784
132,8526 104,0553 87,69986
136,5147 104,6434 89,95055
143,6354 105,8609 91,39059
132,2424 105,6638 92,23139
