0,8138021 0,3051759 0,2241137
0,6103516 0,2956391 0,2177559
0,6103516 0,301997 0,2272927
0,6103516 0,2956391 0,2288821
0,6103516 0,2797444 0,2193453
0,6103516 0,2924601 0,2098086
0,6103516 0,3274285 0,2304717
0,6103516 0,3083548 0,2336505
0,6103516 0,2956391 0,211398
0,6103516 0,3115337 0,2304716
0,6103516 0,2702076 0,2002717
0,6103516 0,2702076 0,2098085
0,6103516 0,3115338 0,2288821
0,6103516 0,2861023 0,211398
0,8138021 0,2861023 0,2193453
0,6103516 0,298818 0,2193453
0,6103516 0,3274285 0,238419
0,6103516 0,2924602 0,2193453
0,6103516 0,2956391 0,2272927
0,8138021 0,3274284 0,2400084
0,4069011 0,2670287 0,2002717
0,6103516 0,2924602 0,2161664
0,4069011 0,2670287 0,2050401
0,8138021 0,2924601 0,2177559
0,6103516 0,298818 0,2272927
0,6103516 0,2733865 0,2066296
0,6103516 0,301997 0,2384189
0,6103516 0,3115338 0,2384189
0,6103516 0,2956391 0,2177559
0,8138021 0,3083548 0,2209348
0,6103516 0,3147127 0,2415979
0,8138021 0,3274284 0,2400084
0,6103516 0,2861023 0,2177559
0,6103516 0,3051759 0,2304716
0,8138021 0,3147127 0,23524
0,6103516 0,2892812 0,2257032
0,6103516 0,298818 0,2241137
0,6103516 0,2956391 0,2241137
0,6103516 0,298818 0,2368294
0,6103516 0,2638497 0,1970928
0,6103516 0,2829233 0,2225242
0,6103516 0,3083548 0,2336505
0,6103516 0,3051759 0,2257032
0,6103516 0,2861023 0,2272926
0,6103516 0,298818 0,2257032
0,6103516 0,2924602 0,2241137
0,8138021 0,3178917 0,2400084
0,6103516 0,2956391 0,2209348
0,6103516 0,2892812 0,2129875
0,6103516 0,3083549 0,2304716
0,6103516 0,2892812 0,2209348
0,6103516 0,2924601 0,2272926
0,8138021 0,3115338 0,2241138
0,8138021 0,3178916 0,2368295
0,6103516 0,301997 0,2336505
0,8138021 0,3115338 0,2257032
0,6103516 0,301997 0,2272927
1,017253 0,3306074 0,2527241
0,4069011 0,2670287 0,2145769
0,8138021 0,3369652 0,2495452
0,4069011 0,2733865 0,2161664
0,6103516 0,2638497 0,2193453
0,6103516 0,3147127 0,2336506
0,6103516 0,3306074 0,2336506
0,6103516 0,298818 0,2209348
0,6103516 0,3274285 0,238419
0,6103516 0,2988181 0,2336505
1,017253 0,298818 0,2193453
0,6103516 0,301997 0,23524
0,6103516 0,3274285 0,2415979
0,6103516 0,3178917 0,2415979
0,8138021 0,3401442 0,2447768
0,6103516 0,2956391 0,2304716
0,6103516 0,3210706 0,2320611
0,6103516 0,2956391 0,2161664
0,8138021 0,3147127 0,2431873
0,8138021 0,3274285 0,2400084
0,8138021 0,3019969 0,2336505
0,8138021 0,3019969 0,2257032
0,6103516 0,3147127 0,23524
0,6103516 0,301997 0,2225243
0,6103516 0,3433231 0,2622608
0,8138021 0,3274285 0,2463663
0,8138021 0,3083548 0,2320611
0,8138021 0,346502 0,2495452
0,6103516 0,3147127 0,2304716
0,6103516 0,3051759 0,2320611
0,8138021 0,346502 0,255903
0,6103516 0,3401442 0,2574925
0,6103516 0,2765655 0,2225242
0,8138021 0,3051759 0,2257032
0,6103516 0,301997 0,2209348
0,8138021 0,3147127 0,23524
0,6103516 0,2956391 0,2336505
0,6103516 0,2924602 0,232061
0,6103516 0,3528598 0,2559029
0,6103516 0,3592175 0,2733868
0,8138021 0,3592175 0,2622607
0,6103516 0,298818 0,2336505
0,6103516 0,3496808 0,2654396
0,8138021 0,3592177 0,2622608
0,6103516 0,3560387 0,2590818
0,6103516 0,3210706 0,2479557
0,8138021 0,3306074 0,255903
0,6103516 0,3178916 0,2431873
0,6103516 0,3115338 0,2400084
0,6103516 0,2892812 0,2241137
0,6103516 0,3369653 0,255903
0,6103516 0,3369653 0,2527241
0,8138021 0,3846488 0,2829234
0,6103516 0,3528597 0,267029
0,6103516 0,3401442 0,2574924
0,8138021 0,3337863 0,2574925
0,6103516 0,3178917 0,2400084
0,6103516 0,3337863 0,2463663
0,8138021 0,3115338 0,2463662
0,6103516 0,3337863 0,255903
0,8138021 0,3560387 0,2622607
0,6103516 0,3178917 0,2431873
0,8138021 0,3369653 0,2574925
0,8138021 0,3528597 0,267029
0,6103516 0,3433231 0,2654397
0,6103516 0,3210706 0,2495452
0,8138021 0,3306074 0,2654397
0,6103516 0,3401441 0,2654396
0,6103516 0,3496808 0,2654396
0,8138021 0,3655754 0,2749763
0,6103516 0,3560386 0,2622607
0,8138021 0,3687543 0,2733868
0,6103516 0,3306074 0,255903
0,6103516 0,3623965 0,2765657
0,6103516 0,3274285 0,2527241
0,6103516 0,3878276 0,2908706
0,8138021 0,3623964 0,2702079
0,6103516 0,3369653 0,2590819
0,8138021 0,3560387 0,2717974
0,8138021 0,3910066 0,2876917
0,6103516 0,4005432 0,2908705
0,8138021 0,3528598 0,2654396
1,017253 0,3337863 0,2590819
0,6103516 0,3560387 0,2686185
0,6103516 0,3623964 0,2781551
0,6103516 0,3592176 0,2781552
0,6103516 0,3496809 0,2670291
0,8138021 0,3623965 0,2749763
0,6103516 0,3687543 0,2781551
0,6103516 0,3782909 0,2781551
0,6103516 0,378291 0,2797445
0,6103516 0,3878276 0,2797445
0,6103516 0,3433231 0,2527241
0,8138021 0,346502 0,2654397
0,6103516 0,4164376 0,3051755
0,8138021 0,3814699 0,2797445
1,017253 0,3751121 0,2797446
1,220703 0,4005432 0,2940495
0,8138021 0,4100799 0,3004072
0,6103516 0,3878276 0,2908706
0,8138021 0,4196166 0,306765
0,8138021 0,3973644 0,2924601
0,6103516 0,4005432 0,2956389
0,6103516 0,4323322 0,3194804
0,8138021 0,4323322 0,3163016
0,8138021 0,4577634 0,3258382
0,8138021 0,4450479 0,3210699
0,6103516 0,4418689 0,3210698
1,017253 0,43869 0,3194804
0,6103516 0,4259744 0,3051755
0,8138021 0,4577634 0,3433221
0,8138021 0,4609423 0,3353748
0,8138021 0,4895525 0,3496799
0,8138021 0,4355111 0,3178911
0,8138021 0,441869 0,3210699
0,6103516 0,4545845 0,3290171
0,6103516 0,43869 0,3226593
0,8138021 0,4577634 0,3417326
0,8138021 0,43869 0,3274276
0,8138021 0,4291532 0,3210699
0,8138021 0,4482267 0,3210699
0,8138021 0,4514056 0,3306065
0,8138021 0,4514056 0,3290171
0,8138021 0,4514056 0,3321959
0,8138021 0,4514056 0,3242488
0,8138021 0,4514056 0,3385537
0,6103516 0,4418689 0,3385537
0,8138021 0,4482267 0,3337854
0,8138021 0,473658 0,3496799
1,017253 0,4768369 0,3512693
0,8138021 0,4673001 0,3560379
0,6103516 0,4673001 0,3639852
0,8138021 0,4609423 0,332196
1,017253 0,4768369 0,3782905
1,220703 0,505447 0,3846482
0,8138021 0,4863736 0,373522
0,8138021 0,4831946 0,3846483
1,017253 0,4673001 0,3639852
0,8138021 0,4959103 0,3989536
1,017253 0,4768369 0,3751115
0,8138021 0,5022681 0,3862377
0,8138021 0,5022681 0,3878272
0,8138021 0,5181628 0,4053114
1,220703 0,5181628 0,4069009
0,8138021 0,5435943 0,4212061
1,017253 0,505447 0,4084904
0,8138021 0,5181628 0,4100798
1,017253 0,5467733 0,4386903
1,220703 0,5722046 0,454585
1,220703 0,6230675 0,4784269
1,220703 0,6135308 0,475248
1,220703 0,6993614 0,5181637
1,831055 0,7343293 0,5420057
2,034505 0,8169811 0,6357822
2,237956 0,9187058 0,6961815
3,255208 1,064936 0,7724756
4,882813 1,214346 0,8853279
4,679363 1,440048 1,037916
7,120767 1,770655 1,260439
8,748369 2,374649 1,595815
8,341469 3,118515 2,061526
11,39323 4,170735 2,772013
8,951819 5,146661 3,65893
21,76921 6,666183 4,674593
13,02083 6,856918 4,862148
27,26235 8,29379 5,958876
24,00716 9,622576 6,79811
31,9417 11,90503 8,481342
41,30041 14,03809 10,12802
50,65921 17,6398 12,23246
40,4866 20,9713 14,69771
58,79729 25,92404 18,51877
64,2905 32,02438 22,27306
79,75282 34,91082 25,27237
81,99073 37,42535 28,75169
81,58384 40,40401 29,75782
82,60107 47,72187 35,25417
89,72173 54,56613 39,70466
84,02521 54,90945 42,59431
88,09415 60,39946 47,74575
119,0182 59,97666 48,82975
96,4355 62,12563 50,38425
104,3699 65,85133 53,90173
85,2459 62,42128 52,10088
110,8803 67,25957 53,39626
124,7147 66,4744 55,61833
90,73898 64,22372 54,17353
117,1871 70,48302 58,25368
92,77345 67,43445 57,13152
94,60448 67,59973 56,12221
102,5389 72,28866 59,42037
108,8458 73,7319 62,19397
109,2527 76,9426 63,68806
114,1354 77,29226 67,50912
124,9181 76,32273 65,83385
106,8113 77,2446 66,03891
122,8837 81,37083 70,93126
113,7285 78,39219 68,73782
112,5078 79,57792 70,29229
109,4561 79,21553 69,11452
118,2044 83,12556 72,24254
120,8492 81,18009 71,99458
107,4217 81,93665 69,74072
101,7251 81,81587 71,40649
111,2872 84,54333 73,85265
117,7975 84,10783 73,94484
115,1527 82,70914 74,08635
127,9698 85,17593 76,3751
116,7802 84,86759 73,38375
105,5906 82,74409 74,4678
125,7319 87,59508 75,78225
129,394 85,2109 76,21935
106,6079 83,62782 72,89899
130,2078 85,15368 74,44709
105,1837 86,28219 76,67869
127,563 83,14147 74,44075
110,8803 85,94841 75,75838
112,7113 85,25224 75,55335
116,3733 87,00694 76,84875
108,6423 87,52831 75,35307
112,5078 88,43112 78,23637
124,1043 87,74445 77,67526
119,6285 87,23267 77,36057
117,594 87,37254 76,9155
109,0492 83,74229 76,51344
127,9698 88,38658 76,67867
125,7319 90,76439 78,47635
125,325 89,50558 79,32675
126,9526 88,62182 78,12189
128,1733 89,79801 78,9071
127,7664 89,69946 79,77654
116,7802 88,11004 77,9296
129,5974 91,50507 81,42641
120,8492 86,54285 77,8867
115,9665 88,01466 78,40485
127,563 89,95061 79,93231
124,5112 89,00649 78,17122
125,5285 91,3525 80,37576
126,3423 91,36838 80,6857
124,5112 91,89291 81,69026
121,8664 91,57185 81,01635
120,6457 92,20763 83,04927
118,2044 91,29847 81,21184
126,3423 94,19125 82,45794
121,8664 93,92422 82,29582
124,1043 91,99143 81,31989
129,5974 91,65131 80,40757
119,2216 91,35886 81,43435
129,1905 95,68846 83,64211
126,7492 93,93375 81,93182
130,2078 97,15076 84,0871
130,2078 98,10442 85,42862
123,6975 96,81377 86,43159
130,2078 97,6403 85,22996
124,3078 94,67759 83,75972
130,2078 102,1193 88,8793
128,7836 97,81513 83,81374
124,5112 98,05673 85,66068
129,5974 96,94729 83,91229
115,1527 92,26801 82,36896
128,9871 100,3169 86,88776
126,5457 98,51131 85,90388
130,2078 101,7982 87,36298
130,2078 102,4245 87,12296
129,5974 98,44772 86,4125
128,5802 98,52401 85,73061
130,2078 101,9286 87,50284
130,2078 100,835 87,5092
130,2078 104,7165 92,06139
126,3423 99,96087 87,41862
130,2078 104,9072 90,26368
130,2078 102,4308 89,36409
