0,8138021 0,4434589 0,321866
0,6103516 0,4402801 0,3242503
0,8138021 0,4529957 0,331403
0,8138021 0,443459 0,3337873
1,017253 0,467301 0,3560396
0,8138021 0,4641221 0,357629
1,017253 0,4927325 0,3822652
1,424154 0,5356474 0,4235904
1,220703 0,5213425 0,4148485
1,017253 0,5229319 0,4116697
0,8138021 0,5261107 0,4410739
1,220703 0,5420051 0,4371005
1,220703 0,5658466 0,457763
1,017253 0,6214772 0,4863731
1,424154 0,6564456 0,5062411
1,220703 0,7041296 0,5491568
1,424154 0,7311502 0,5690255
1,424154 0,7565813 0,5992259
1,424154 0,8010862 0,6333998
1,831055 0,8662547 0,6786996
2,034505 0,88056 0,680289
2,237956 0,947318 0,7208202
1,831055 0,9806964 0,7629404
1,831055 0,9775175 0,7565825
2,237956 1,007717 0,7836026
2,034505 1,031558 0,801086
1,627604 1,037915 0,8201591
2,237956 1,145997 0,8622788
2,644857 1,126924 0,8511527
2,441406 1,118976 0,8503579
1,831055 1,192093 0,9067843
2,848307 1,281104 0,9640055
2,848307 1,250903 0,9266527
2,441406 1,269977 0,9600319
2,441406 1,269977 0,9393682
2,848307 1,331967 1,007717
3,66211 1,365346 0,982285
3,255208 1,459123 1,06891
3,458659 1,567204 1,134873
4,069011 1,579919 1,153152
3,66211 1,697539 1,192888
3,458659 1,767476 1,273949
3,458659 1,891454 1,376469
3,86556 1,950264 1,413027
4,475912 2,182324 1,5831
4,679363 2,497037 1,807212
4,882813 2,737045 2,038478
5,086263 2,899169 2,155304
6,103516 3,031096 2,291999
5,289714 3,148714 2,396901
7,324217 3,418921 2,596378
7,731119 3,649393 2,831618
6,510417 3,890992 3,070037
6,917317 4,118282 3,242493
7,934568 4,294712 3,451504
6,713867 4,348756 3,506343
8,138021 4,440947 3,488859
7,324218 4,693665 3,744761
8,138021 4,895527 3,935495
8,341472 5,114873 4,009405
7,527668 5,173682 4,22875
7,934571 5,44707 4,39326
9,765626 5,742709 4,626909
9,358726 5,892121 4,804137
10,78288 6,179807 4,958313
11,59668 6,531082 5,2468
10,17253 6,686844 5,422431
10,57943 7,387799 5,929471
12,00358 7,505417 6,190938
14,03809 7,863047 6,550949
13,22428 8,432072 6,891887
12,81738 8,567171 7,097721
12,00358 8,916862 7,444226
13,22429 9,183879 7,620649
13,83464 9,380978 7,926624
13,83464 9,65754 8,149145
14,03809 9,846686 8,253256
13,63119 10,04378 8,459093
14,64844 10,2822 8,685591
14,44499 10,62075 8,978841
14,24154 10,60168 9,016994
15,46224 10,65731 9,156861
15,46224 11,12779 9,582832
16,27605 11,01017 9,388926
16,68295 11,5188 9,768808
15,86914 11,61576 9,996097
16,27604 11,75403 10,12881
15,6657 11,8637 10,16617
18,51401 12,19114 10,6128
16,47949 12,35008 10,75745
18,31056 12,00199 10,46657
17,08984 12,63141 10,80751
16,68295 12,61871 10,7352
16,27605 12,96361 11,20886
17,7002 12,85394 11,18978
18,10711 13,01289 11,40515
20,75196 12,9652 11,27879
17,90365 13,32919 11,71748
18,31056 13,61688 11,81682
17,90365 13,34985 11,64278
16,68295 13,45316 11,6833
17,2933 13,68682 11,89311
17,7002 13,87755 11,96703
18,51401 13,72973 12,0004
21,15886 14,09372 12,32306
19,3278 14,21134 12,28491
19,7347 14,1716 12,32306
17,7002 14,23677 12,64174
21,15887 14,38141 12,544
19,32781 14,54989 12,60439
17,90366 14,81692 12,79513
20,54851 15,07123 13,09634
19,53126 15,11733 13,2211
20,34506 15,19839 13,39435
19,32781 15,22064 13,35859
18,71746 15,00766 13,23938
19,73471 15,22859 13,24098
20,54851 15,13323 13,2537
20,34506 15,03468 13,3427
21,15886 14,99494 12,98905
21,56576 15,36846 13,59383
20,54851 15,60847 13,86961
19,93816 15,74516 13,90536
21,56575 16,02332 14,06749
20,34505 16,12028 14,20259
19,12436 15,83099 13,89663
20,75196 16,28876 14,40049
20,34506 16,27604 14,383
20,34506 16,0567 14,26776
19,73471 16,43976 14,63176
21,36231 16,56055 14,63572
20,95541 16,79103 14,80659
20,75196 16,86415 14,92898
24,21062 17,23131 15,09269
22,78646 17,53807 15,37562
22,78646 17,48879 15,34303
22,98991 17,51265 15,64583
23,80371 18,19293 15,94067
23,80371 17,88774 15,7078
23,39681 18,01014 15,83973
24,82096 18,16273 16,06942
22,58301 18,20088 16,12187
23,19336 18,59189 16,48347
23,80372 18,75719 16,42148
24,82096 18,77308 16,59314
25,43131 18,98448 16,69486
24,61751 18,95428 16,75446
25,63476 19,04964 16,92931
24,61751 19,17521 17,04852
28,07617 19,61549 17,33462
24,00717 19,89682 17,67715
25,22786 20,00968 17,61357
26,24511 20,45154 17,69224
27,05892 20,46586 17,96246
25,02441 20,67566 18,32803
26,44857 20,95223 18,43373
28,48307 20,62003 18,14842
27,66927 20,78375 18,38446
28,48307 21,28443 18,67454
28,68652 20,89341 18,51399
26,85546 21,47675 18,82076
29,50032 21,81054 19,25548
27,87272 22,22221 19,29999
28,07616 22,60049 20,10266
30,51758 22,90566 19,61232
29,29687 23,51919 20,65976
29,70377 23,99603 20,9395
33,77278 24,22492 21,28124
31,53483 23,98808 21,22561
31,73828 24,64771 21,64523
34,17968 25,40906 22,37319
33,16243 25,5076 22,42167
30,31411 25,30416 21,82802
34,38314 25,71105 22,87466
34,17968 26,11319 22,88977
31,33138 26,20538 23,10356
32,75552 26,54075 23,25932
34,58659 27,00806 23,82755
34,58659 26,81732 23,7894
32,34863 26,94925 24,22492
34,58659 27,13045 24,08982
32,55208 27,36251 24,19313
35,60384 27,96014 25,3272
33,97623 27,55642 24,64692
33,16243 27,59457 24,23446
33,56933 27,75033 24,65169
38,04524 27,57549 24,52374
33,77279 27,68197 24,88135
32,95899 28,30824 24,80825
33,97623 29,24601 26,07345
35,60382 28,63725 25,49807
37,43489 29,02826 25,68007
36,62109 29,39541 26,50498
37,23144 29,2921 26,22843
37,63833 29,29528 26,20776
35,60384 29,80074 26,61466
36,21419 29,76577 26,83163
37,84179 30,26961 27,20753
36,82454 29,6402 26,33175
36,82453 29,79279 26,36275
36,62109 29,95967 26,68143
37,02799 30,35546 27,20435
37,02799 30,53505 27,3919
37,84179 30,54459 27,18449
38,45214 31,21852 27,81947
37,02799 30,85613 27,72967
37,63834 31,56661 28,24943
41,70735 31,44741 28,23511
39,46939 32,04346 28,39246
39,46939 31,74464 28,48148
38,6556 32,60135 28,83275
38,6556 32,54414 29,36761
37,43488 32,43764 29,11489
41,91081 32,84771 29,26429
41,9108 32,91289 29,00361
38,85904 33,26575 30,05425
40,07975 33,50257 29,58932
42,11424 34,09386 30,61056
40,48665 34,02235 30,58911
42,92806 33,61541 29,92391
43,74186 34,4483 31,00157
41,50391 35,02051 31,33694
41,70736 34,98873 30,79971
40,28319 35,20965 31,81458
41,097 35,13814 31,94651
42,72461 35,27483 31,83842
43,1315 35,63561 32,28584
43,94531 36,05842 32,61804
42,52116 35,90584 31,98146
46,38672 36,5289 32,06809
42,72461 36,71328 33,41278
45,57291 36,83091 33,47714
46,79363 36,90719 33,58285
45,77637 36,70057 32,92323
43,9453 37,66218 34,07398
43,74186 37,73688 34,49199
44,55567 37,50166 33,94287
43,33496 38,18988 34,61758
43,9453 38,46009 34,37281
46,99708 38,43149 34,75665
