0,4069011 0,2352396 0,1446406
0,4069011 0,2447762 0,1573563
0,4069011 0,2447762 0,1478195
0,6103516 0,2733865 0,1748403
0,4069011 0,2352396 0,1446406
0,6103516 0,2384185 0,1716615
0,6103516 0,2447763 0,1748404
0,6103516 0,2797444 0,1811982
0,6103516 0,2511341 0,1716614
0,6103516 0,2797444 0,1939139
0,6103516 0,2829233 0,2018612
0,6103516 0,3210706 0,2193454
0,6103516 0,2670287 0,1939139
0,6103516 0,2733865 0,2018612
0,6103516 0,2574919 0,1939139
0,6103516 0,2829233 0,1939139
0,6103516 0,2924601 0,2145769
0,8138021 0,3210706 0,2257032
0,6103516 0,2638497 0,2034507
0,6103516 0,2892812 0,2145769
0,8138021 0,3274284 0,2304716
1,017253 0,3147127 0,2272927
0,6103516 0,301997 0,2257032
0,6103516 0,3242495 0,2384189
0,6103516 0,3115338 0,2257032
0,6103516 0,2765655 0,2098085
0,6103516 0,3083548 0,2320611
0,6103516 0,3051759 0,2209348
0,6103516 0,301997 0,2368294
0,8138021 0,3337863 0,2463663
0,6103516 0,3655754 0,2622607
0,6103516 0,346502 0,2479557
0,8138021 0,3178916 0,2479557
0,8138021 0,378291 0,2765657
0,8138021 0,3496808 0,2527241
0,8138021 0,3941854 0,2861022
0,8138021 0,3878276 0,2892812
0,8138021 0,3941855 0,2876918
0,6103516 0,3560386 0,2654396
0,8138021 0,3687543 0,2765657
0,8138021 0,4196166 0,3004072
1,017253 0,4291534 0,3115333
0,6103516 0,4545845 0,3258382
1,220703 0,473658 0,3401431
0,8138021 0,4609423 0,3465011
0,6103516 0,4355111 0,3226593
0,8138021 0,4450478 0,3242488
1,017253 0,4831947 0,3480904
1,017253 0,4736579 0,3576273
1,017253 0,5149838 0,3862377
1,220703 0,5467732 0,4164377
1,017253 0,5213417 0,4053114
0,8138021 0,5245206 0,3957745
1,220703 0,5435943 0,4307429
1,220703 0,6198887 0,4641217
1,017253 0,6389621 0,4784268
1,424154 0,7152557 0,5578997
1,220703 0,7216136 0,5483633
1,220703 0,7152557 0,5722045
1,424154 0,7661185 0,5865097
1,627604 0,7915499 0,6278351
1,627604 0,7979077 0,6326033
1,220703 0,8074443 0,6500878
1,627604 0,8710222 0,680287
1,831055 0,909169 0,7216129
2,441406 1,02361 0,8026757
13,22429 1,414617 1,022021
31,73825 1,824695 1,25726
30,3141 2,323788 1,5227
23,19336 2,819697 1,823107
59,6111 5,435945 3,252031
76,70107 8,443202 4,858974
90,53552 12,50903 7,38303
125,7319 19,02261 11,96384
94,60448 24,05802 15,68794
107,6251 31,1311 20,82665
138,956 42,06973 27,83457
150,756 54,24498 36,90401
151,5697 66,63004 45,36787
136,7181 82,01286 58,53177
144,4491 89,28933 63,25723
170,2876 103,3813 74,40561
165,608 109,7931 83,40829
162,5562 122,3973 93,9733
159,7078 122,6866 97,46056
178,6293 129,5243 107,1657
183,9191 136,0156 110,4081
175,5774 138,5237 116,6276
180,8673 140,7808 119,7445
177,612 146,2325 121,7376
192,0574 146,1086 123,5798
189,6159 149,6721 129,2367
186,5641 152,1167 129,3798
192,0574 152,8924 131,9371
192,0574 151,891 132,4314
190,8367 155,6644 135,5102
192,4643 155,941 134,2116
192,0574 158,6717 138,9148
192,2609 157,5527 138,5143
191,6505 159,8606 141,0876
192,4643 156,6498 140,9954
192,4643 159,0245 141,2942
192,4643 159,2757 141,5851
192,4643 158,2742 143,3096
192,2609 163,4559 145,8718
192,2609 163,8215 144,2299
192,0574 160,4009 143,3033
192,4643 162,7152 147,7394
192,0574 160,4836 142,1795
192,4643 163,262 146,5791
192,0574 165,6875 147,0782
192,0574 165,3283 147,8157
192,0574 162,5594 144,3857
192,0574 161,6248 143,8659
192,4643 165,1122 147,6123
192,0574 163,0712 141,9586
192,4643 163,1634 144,3205
191,8539 164,8674 151,9419
192,4643 164,8674 149,1699
192,4643 165,9895 146,5473
191,8539 164,772 149,7612
191,8539 167,8239 149,3798
191,6505 160,9604 145,6795
192,0574 163,2302 149,4306
192,2609 163,0521 147,1067
192,0574 167,5473 151,5414
192,0574 162,3878 145,8702
191,6505 165,7766 148,2878
191,6505 163,5831 147,2849
192,0574 168,3896 151,0662
192,0574 165,3061 151,2791
191,6505 161,6566 145,9052
191,8539 165,6144 148,9744
191,6505 167,188 148,8043
190,4297 166,9337 149,2018
192,4643 165,2934 150,726
192,0574 167,258 151,729
192,2609 167,2643 151,4905
192,0574 166,0372 151,0423
192,0574 170,3257 154,4278
192,0574 169,2416 149,5642
192,0574 170,4147 152,2996
192,0574 169,2321 151,8513
192,0574 171,3906 150,9756
192,4643 168,0527 151,3045
191,6505 169,5468 152,1517
192,0574 173,3839 152,7653
192,0574 172,551 153,5903
192,0574 170,5705 152,8082
192,0574 176,0733 159,4315
192,0574 170,421 149,5276
191,6505 170,2049 152,7907
191,6505 172,1123 154,0941
192,0574 169,3212 151,8148
192,0574 166,7525 147,9366
192,0574 172,4747 154,1704
192,0574 170,4846 153,9446
192,4643 167,7507 149,6309
192,0574 174,1246 154,0608
192,2609 175,8698 155,5088
192,0574 169,2639 149,2097
192,0574 170,2335 154,8872
192,0574 171,0537 153,6125
192,2609 167,4932 149,9902
192,0574 171,5655 152,9911
192,0574 175,2913 157,7324
192,2609 170,2208 150,13
192,0574 171,006 153,4853
192,0574 171,5973 157,1267
192,0574 172,5065 156,3591
191,6505 171,5432 156,4147
192,0574 174,6142 157,1093
192,2609 173,4697 157,0235
192,0574 168,8888 152,5555
192,4643 168,5836 149,8169
192,2609 168,8029 153,4757
