0,6103516 0,2956391 0,2193453
1,017253 0,298818 0,2225243
0,6103516 0,2956391 0,2241137
0,8138021 0,2924601 0,2129875
0,6103516 0,3210706 0,2304716
0,6103516 0,2702076 0,2050401
0,6103516 0,2956391 0,2241137
0,6103516 0,2861023 0,2145769
0,6103516 0,2829233 0,2098085
0,6103516 0,2829233 0,2129875
0,8138021 0,3083548 0,2288821
0,6103516 0,2797444 0,2161664
0,6103516 0,2702076 0,2066296
0,6103516 0,2892812 0,2209348
0,8138021 0,298818 0,2272927
0,6103516 0,3115338 0,2272927
0,6103516 0,2606708 0,2002717
0,4069011 0,2892812 0,2161664
0,8138021 0,3051759 0,2209348
0,4069011 0,2861023 0,2161664
0,6103516 0,2797444 0,2145769
0,8138021 0,2861023 0,2161664
0,6103516 0,2956391 0,2272927
0,8138021 0,2924601 0,2288821
0,6103516 0,2765655 0,2161664
0,6103516 0,3178917 0,23524
0,6103516 0,2924601 0,2257032
0,6103516 0,298818 0,2193453
0,4069011 0,2606708 0,2034507
0,6103516 0,2956391 0,2209348
0,6103516 0,2892812 0,2209348
0,6103516 0,2924601 0,2241137
0,6103516 0,3115338 0,2225243
0,4069011 0,301997 0,2336505
0,6103516 0,3083549 0,2368295
0,6103516 0,2892812 0,232061
0,8138021 0,346502 0,2606713
0,6103516 0,3019969 0,2225243
0,8138021 0,3178916 0,2463662
0,6103516 0,2861023 0,2304716
0,6103516 0,3147127 0,2479557
0,6103516 0,3115337 0,23524
0,6103516 0,2829233 0,2209348
0,8138021 0,3210706 0,2400084
0,6103516 0,3337863 0,2543135
0,6103516 0,3401442 0,2479557
0,6103516 0,2892812 0,2225242
0,8138021 0,3147127 0,2400084
0,8138021 0,346502 0,2622608
0,8138021 0,3210706 0,2495452
1,017253 0,3274285 0,2447768
0,8138021 0,3306074 0,2511347
0,6103516 0,3560386 0,2702079
0,8138021 0,3719331 0,2702079
0,6103516 0,301997 0,2241137
0,6103516 0,298818 0,2336505
0,6103516 0,3242495 0,2479557
0,6103516 0,3210706 0,2543135
0,8138021 0,3433231 0,2431873
0,6103516 0,301997 0,2400084
0,6103516 0,346502 0,2574924
0,6103516 0,3210706 0,2479557
0,6103516 0,3337863 0,2511347
0,4069011 0,2702076 0,2193453
0,6103516 0,3306074 0,238419
0,6103516 0,3401441 0,2511346
0,6103516 0,3274285 0,2479557
0,6103516 0,3147127 0,2384189
0,8138021 0,3337863 0,2511346
0,6103516 0,343323 0,2590818
0,6103516 0,3369653 0,255903
0,8138021 0,3115337 0,2400084
0,6103516 0,3178917 0,2447768
0,6103516 0,346502 0,2686186
0,8138021 0,3274284 0,23524
0,6103516 0,3465019 0,2559029
0,6103516 0,3274285 0,2527241
0,6103516 0,3210706 0,2463662
0,6103516 0,2956391 0,2384189
1,017253 0,346502 0,2670291
0,6103516 0,3051759 0,2400084
0,8138021 0,3401442 0,255903
0,6103516 0,3147127 0,2479557
0,6103516 0,343323 0,2606713
0,6103516 0,343323 0,2654396
0,8138021 0,3623964 0,2622607
0,6103516 0,3560387 0,2606713
0,6103516 0,3592175 0,2686185
0,6103516 0,375112 0,281334
0,8138021 0,3719332 0,2781551
0,6103516 0,3306074 0,2543136
0,6103516 0,3401442 0,2590819
0,6103516 0,3973643 0,2861023
0,6103516 0,3623964 0,2717974
0,6103516 0,3369653 0,255903
0,8138021 0,3560386 0,2733868
0,6103516 0,3592176 0,2638502
0,6103516 0,3274285 0,2543136
0,6103516 0,3973643 0,2861023
0,8138021 0,3782909 0,2829234
0,8138021 0,3433231 0,2622608
0,8138021 0,3560387 0,2717974
0,8138021 0,3846488 0,2797445
0,6103516 0,3973644 0,2908706
0,8138021 0,3528597 0,2733868
0,6103516 0,3433231 0,2670291
1,017253 0,3687543 0,2702079
0,6103516 0,3655753 0,2702079
1,017253 0,3751121 0,281334
0,8138021 0,406901 0,3004072
0,8138021 0,3719332 0,2845129
0,6103516 0,41008 0,3004072
1,017253 0,3814699 0,2876918
0,6103516 0,375112 0,281334
0,8138021 0,4291533 0,3099438
0,6103516 0,4100799 0,3035861
0,8138021 0,4545845 0,3258382
0,6103516 0,4291532 0,3115332
0,8138021 0,3751121 0,2829235
0,8138021 0,4227955 0,3099439
0,8138021 0,4577634 0,3290171
0,8138021 0,4482267 0,3226593
0,8138021 0,4577634 0,3369642
0,8138021 0,4577634 0,332196
0,8138021 0,4863736 0,3560377
1,017253 0,4768369 0,3385537
1,017253 0,505447 0,3767009
0,8138021 0,4990892 0,3719324
0,8138021 0,4959103 0,3878272
1,220703 0,4959103 0,3846483
1,220703 0,5563099 0,4116692
1,017253 0,5149838 0,4164377
0,8138021 0,5213417 0,4116693
1,017253 0,559489 0,4275639
1,424154 0,6548566 0,492732
1,220703 0,6580355 0,5070374
1,424154 0,7788342 0,594457
1,831055 0,8424122 0,6453189
1,424154 0,8646644 0,6675712
1,627604 0,9632104 0,7279707
2,034505 1,049042 0,8217494
2,034505 1,281102 0,9711582
2,034505 1,265208 0,9695692
2,644857 1,516342 1,184145
3,255208 1,681647 1,28905
3,865561 1,780193 1,360576
3,66211 1,916885 1,447996
4,679362 2,07901 1,611709
3,66211 2,148947 1,678468
4,679363 2,568562 1,983642
4,475912 2,749761 2,123514
6,510416 3,204345 2,473195
5,493164 3,242492 2,57969
4,475912 3,306071 2,590816
6,713866 3,538132 2,819697
7,324218 3,811519 2,951622
6,917317 4,21524 3,267923
9,155272 4,405973 3,404617
9,35872 4,908242 3,800391
9,562174 5,213418 4,062652
12,00358 5,658468 4,359881
10,78288 6,475448 4,924139
11,39323 7,441839 5,736351
14,85189 8,090338 6,267227
14,44499 8,452734 6,562869
18,1071 9,829206 7,788342
19,12435 10,29333 8,417764
16,27604 11,40912 9,373029
19,3278 12,29922 10,07716
18,514 12,80149 10,36326
19,12435 14,5944 11,97179
21,97266 14,66751 12,26902
21,76921 15,2874 12,88096
24,00717 15,89775 13,58668
22,37955 16,38094 13,74404
24,00715 16,84507 14,18909
22,17611 17,7606 15,31919
22,78645 17,50946 14,76764
24,00716 17,86868 15,42568
22,98992 18,28194 15,87709
26,24512 18,34551 15,53535
24,41408 18,48538 15,41932
27,26237 18,9972 16,09802
26,65201 20,08438 16,95951
32,14518 20,76467 17,88457
26,65201 21,20972 18,21041
27,87273 21,67066 18,212
29,90722 22,81825 19,54238
33,77277 23,67655 20,15432
27,87272 22,47811 19,34687
29,70377 24,20107 20,79169
31,12793 24,48717 20,64546
33,36588 24,53486 21,29873
33,97623 25,07527 21,34958
32,95896 25,65066 22,0108
37,63832 26,21332 22,99309
32,14518 25,9304 22,24604
33,56932 25,97809 22,27784
36,01073 27,10342 23,36661
33,77278 26,80142 23,07733
32,95898 27,17654 23,87682
38,85904 27,46264 23,63046
35,60383 28,66745 24,55075
35,60383 28,43538 25,15793
41,09698 28,88362 24,64613
37,23143 28,4799 24,35685
40,6901 29,40495 25,42972
35,19692 28,57844 25,4949
38,24869 28,67381 25,10866
37,02797 29,04892 25,62523
41,50389 30,06299 26,385
39,67283 30,41903 26,58685
38,45213 29,77689 25,47105
38,45213 30,41267 26,70447
33,56932 27,22104 23,58437
48,42123 29,86908 26,16882
45,36947 28,73103 25,35343
40,28318 31,14065 26,99534
37,63832 30,71148 26,83322
43,5384 32,44399 28,41949
47,81086 33,16243 28,79301
45,36945 33,19422 28,20014
41,9108 33,94127 29,64496
45,16601 33,4231 29,006
46,99708 34,21146 29,67674
51,06611 33,7378 29,29528
61,64558 34,64381 29,86272
60,83178 36,50665 31,22171
68,56294 37,57159 31,77325
69,17333 41,83133 34,22578
75,48033 47,89989 38,16923
74,66651 51,41578 43,30159
84,43211 51,34585 42,50369
89,72173 54,73141 46,51231
77,71826 51,99435 43,63856
74,05614 55,77092 47,76004
71,20782 55,38309 46,65854
70,39401 56,14286 47,14811
79,54936 55,01116 46,42489
75,07342 58,1297 48,0223
79,3459 59,26456 49,63878
78,73556 58,93396 50,4208
73,64922 57,35086 47,87608
71,81821 56,46711 47,5248
80,36311 55,54203 47,25139
86,26315 59,28682 49,53865
91,95966 58,69236 48,46735
77,10789 59,81453 50,77842
75,07347 58,04385 48,94896
87,07688 58,60334 49,16353
95,82515 59,63651 51,01525
85,04243 63,23823 52,60789
85,85619 64,07112 53,7221
80,77005 65,0661 54,48027
89,51833 66,52206 57,98663
94,40105 69,77093 59,27567
104,5734 71,43036 60,89536
99,69065 71,61153 59,9528
109,2527 74,31042 63,15873
106,201 73,48392 62,61197
95,41833 72,08202 62,87901
106,8113 77,38445 63,58153
115,3561 79,79086 67,50908
99,28378 79,03114 67,6665
98,87697 80,09289 68,45805
121,2561 82,39124 72,37128
113,5251 87,57918 74,5949
107,0148 85,84986 74,53767
120,6458 87,85575 75,65191
116,17 94,22939 83,09528
108,2355 90,49421 80,50926
117,5941 93,67307 83,34167
122,0699 94,02594 81,86346
111,2872 96,24478 84,15862
115,763 96,03497 84,99151
112,9148 95,911 84,1189
144,0422 99,39821 85,46835
122,2733 96,93457 86,00557
123,2906 101,1561 90,5609
133,463 100,994 88,25622
126,7493 100,2088 91,33019
126,9527 102,6788 91,76413
131,8354 103,0921 92,38082
114,7458 99,99268 89,09388
116,3734 100,5076 90,99167
121,663 100,9749 90,61175
126,1389 101,6202 87,61087
127,9699 104,2651 93,87806
123,2905 102,4182 91,32381
139,7698 105,0439 93,14693
136,5146 105,0566 93,3774
129,5975 107,0339 96,21614
130,8181 106,147 95,965
122,2733 105,082 89,94733
