0,6103516 0,2543135 0,1589457
0,8138021 0,2590819 0,1549721
0,6103516 0,2511346 0,1589457
0,6103516 0,2368294 0,131925
0,6103516 0,2431872 0,1541773
0,4069011 0,2368294 0,140667
0,6103516 0,2352399 0,1438459
0,6103516 0,2543135 0,1565615
0,8138021 0,2479557 0,1549721
0,4069011 0,2527241 0,163714
0,6103516 0,2415978 0,1502037
0,6103516 0,2479557 0,1486143
0,6103516 0,2463662 0,1525879
0,6103516 0,2415978 0,1589457
0,6103516 0,2559029 0,1629193
0,6103516 0,2479557 0,1517932
0,4069011 0,2511346 0,1565615
0,6103516 0,2543135 0,1597404
0,6103516 0,252724 0,1549721
0,6103516 0,2527241 0,1557668
0,6103516 0,2559029 0,1700718
0,6103516 0,2479557 0,1684824
0,6103516 0,2495451 0,1589457
0,6103516 0,2463662 0,1629193
0,8138021 0,2463662 0,1533826
0,8138021 0,2590819 0,1676877
0,4069011 0,2495451 0,1605351
0,6103516 0,2511346 0,1549721
0,6103516 0,2479557 0,1573562
0,6103516 0,2622608 0,1700718
0,6103516 0,2463662 0,1621246
0,8138021 0,2590818 0,1668929
0,8138021 0,2511346 0,1708665
1,017253 0,270208 0,1756349
0,6103516 0,2559029 0,1772243
0,6103516 0,2590819 0,1740455
0,6103516 0,2463662 0,158151
0,6103516 0,2495451 0,1597404
0,6103516 0,2511346 0,1772243
0,6103516 0,2511346 0,1597404
0,6103516 0,2574924 0,1708665
0,6103516 0,2622608 0,1859663
0,6103516 0,2670291 0,1788138
0,8138021 0,2559029 0,1716613
0,6103516 0,2559029 0,1764296
0,6103516 0,2606713 0,181198
0,6103516 0,2479557 0,1708665
0,6103516 0,2543135 0,1788138
0,6103516 0,2495451 0,1740454
0,6103516 0,2463662 0,1589457
0,6103516 0,2574924 0,1740454
0,8138021 0,2733869 0,1843769
0,6103516 0,2543135 0,1780191
0,6103516 0,2559029 0,172456
0,6103516 0,2717975 0,181198
0,8138021 0,2590818 0,1772243
0,6103516 0,2590819 0,1764296
0,4069011 0,2717974 0,1875557
0,6103516 0,270208 0,1851716
0,6103516 0,2574924 0,1700718
0,6103516 0,2892812 0,1978871
0,6103516 0,2686186 0,1883505
0,6103516 0,2543135 0,1764296
0,6103516 0,2670291 0,1819927
0,6103516 0,2511346 0,1605351
0,6103516 0,2559029 0,1748402
0,6103516 0,2638502 0,172456
0,6103516 0,2590818 0,1819927
0,6103516 0,2781552 0,1915293
0,6103516 0,2765658 0,1827874
0,8138021 0,2908706 0,1986818
0,6103516 0,281334 0,2034502
0,6103516 0,2749763 0,1931188
0,6103516 0,2717974 0,1947083
0,6103516 0,2717975 0,1947083
0,8138021 0,2670291 0,1875558
0,6103516 0,2829235 0,2034502
0,8138021 0,2749763 0,2050397
0,6103516 0,281334 0,2050396
0,6103516 0,2972284 0,2145762
0,6103516 0,2829235 0,2129869
0,6103516 0,3051756 0,220934
0,6103516 0,2972284 0,2121921
0,6103516 0,3226593 0,2360337
0,6103516 0,3099439 0,2296759
0,8138021 0,3083544 0,2272918
0,8138021 0,3353748 0,2503387
0,6103516 0,3608064 0,2630547
0,8138021 0,3528589 0,2566967
0,8138021 0,3671642 0,2662337
0,8138021 0,3782905 0,2773601
1,017253 0,403722 0,2884866
1,220703 0,4386903 0,3147132
1,017253 0,4895535 0,3377611
1,017253 0,4911429 0,3560396
1,017253 0,5261108 0,3965701
2,237956 0,5785623 0,4220012
2,644857 0,6723399 0,4831948
2,237956 0,777244 0,5586929
6,917317 0,9314225 0,6500893
7,120767 1,08401 0,7772458
6,917317 1,406669 0,9568533
6,917317 1,668931 1,132487
7,934568 2,174377 1,470246
19,3278 2,792678 1,874766
19,3278 3,913244 2,613068
17,08984 5,47568 3,693898
46,59017 7,890066 5,33263
45,77635 9,95795 6,77188
46,18327 14,93136 10,44591
58,39036 18,76513 13,35939
50,04884 24,37591 17,65172
60,22143 30,06298 23,15044
87,07692 36,34611 28,33685
91,95966 42,84542 33,10442
91,14587 49,24936 38,30833
85,2459 58,1138 47,04162
106,201 64,70054 54,57805
85,44934 66,2408 56,97815
89,51829 69,04775 60,80317
94,19758 70,43217 61,99049
100,7079 73,48553 65,07007
97,45274 75,03049 66,24467
103,1493 75,07655 67,29532
114,9492 78,35085 69,53647
99,69066 78,6958 71,27142
125,7319 81,73482 73,54272
110,4734 82,75366 74,24213
117,3906 84,01568 76,00325
119,4251 84,93597 76,19164
122,0699 87,78107 79,97849
123,0871 88,23409 80,11758
114,7458 89,81075 81,69671
114,9492 91,20306 83,5666
118,4078 91,93418 83,72874
117,594 94,48523 86,22651
124,5112 98,09327 88,01542
121,2561 96,95366 88,46525
118,8147 98,77514 90,11349
119,832 100,2755 90,88911
128,1733 101,0544 91,81422
123,6975 100,5331 91,32068
128,3767 102,4261 93,38302
120,6457 103,1429 94,52581
128,3767 104,0219 94,73878
130,2078 104,4066 95,94202
125,9354 104,3 95,28796
122,4768 104,3922 95,72588
124,9181 104,3096 95,65036
125,7319 105,2871 96,77885
128,5802 107,4995 98,05676
123,6975 105,7131 96,79395
129,5974 107,9303 97,86526
130,2078 106,6318 98,09806
129,394 108,7282 98,93008
129,5974 110,5465 100,5521
127,1561 109,8519 99,79479
129,394 111,0026 100,7723
127,9698 109,7899 100,4647
123,494 109,4275 100,5338
128,7836 110,9295 101,59
130,2078 111,6591 102,0224
128,7836 110,4145 101,6957
129,394 111,408 101,4645
127,563 111,3746 101,2086
130,2078 111,2824 100,5982
130,2078 113,5346 103,5125
130,2078 112,0787 102,6724
130,2078 113,9176 104,0441
129,1905 112,5062 102,9514
127,9699 113,1261 103,5259
130,2078 115,0366 104,2738
130,2078 113,9907 104,625
130,2078 114,5089 104,5344
130,2078 114,1258 103,878
130,2078 114,6599 102,9473
130,2078 114,6376 104,4223
129,394 112,7923 102,8361
130,2078 113,8302 104,2929
130,2078 113,9415 103,7532
130,2078 115,6453 105,9713
130,2078 114,2514 103,6142
130,2078 113,6808 103,7476
130,2078 115,9235 105,9387
130,2078 115,3879 105,1178
130,2078 114,8157 104,9119
130,2078 114,6059 104,3731
130,2078 114,5296 104,8158
129,394 114,0734 103,5156
130,2078 115,852 105,887
130,2078 116,1015 106,5125
128,3767 115,1447 104,9262
130,2078 115,248 105,2274
130,2078 114,8252 104,8579
130,2078 116,394 105,7957
130,2078 115,5468 105,1901
130,2078 114,6186 104,8912
130,2078 116,2812 106,5554
130,2078 116,0173 105,3538
130,2078 115,9871 106,6094
130,2078 115,7296 106,301
130,2078 115,7312 105,8926
130,2078 116,1985 105,7495
130,2078 117,3381 107,5567
128,5802 117,3874 108,0757
130,2078 117,505 107,7562
130,2078 117,7259 107,4304
130,2078 117,3906 106,9226
130,2078 117,0314 107,7666
130,2078 117,3333 107,2595
130,2078 116,8374 106,2701
130,2078 116,8104 105,837
130,2078 116,5021 106,1739
130,2078 118,5112 107,3716
