0,8138021 0,4212064 0,3107395
1,017253 0,4275641 0,3131237
0,8138021 0,4514063 0,331403
1,017253 0,464122 0,3496818
1,017253 0,4657115 0,3417347
1,017253 0,4784272 0,3679603
0,8138021 0,4736588 0,3608079
0,8138021 0,4752483 0,3639867
1,220703 0,487964 0,3767022
1,017253 0,4975009 0,394186
1,017253 0,491143 0,3830599
0,8138021 0,4863746 0,3918017
1,017253 0,5006798 0,3838547
1,017253 0,4895535 0,3846494
1,017253 0,4990903 0,3957754
1,017253 0,491143 0,4005435
1,017253 0,5404157 0,4283587
1,017253 0,5245214 0,4156433
1,220703 0,5245213 0,4172327
1,017253 0,5277002 0,4212062
1,220703 0,5515417 0,43869
1,017253 0,5547206 0,4394847
1,017253 0,5404156 0,4323322
1,017253 0,5722044 0,4665048
1,017253 0,5563101 0,4482265
1,017253 0,5483629 0,4426635
1,017253 0,5499523 0,4458423
1,220703 0,6055826 0,477631
1,220703 0,5722044 0,4593525
1,017253 0,5865093 0,4601473
1,220703 0,610351 0,4879623
1,220703 0,6389616 0,5030622
1,220703 0,6421403 0,5046515
1,424154 0,6214773 0,4943202
1,424154 0,6643928 0,5110093
1,220703 0,670751 0,5269039
1,424154 0,7120768 0,5626677
1,627604 0,720024 0,5753836
1,424154 0,786781 0,6294264
1,831055 0,8440019 0,6620104
2,237956 0,8948652 0,695389
3,865561 1,041095 0,7939348
4,882813 1,19686 0,9298309
8,748372 1,433693 1,078446
21,36231 2,032916 1,430511
22,37955 2,733866 1,879533
31,5348 3,865561 2,627374
92,97691 6,456376 4,111926
54,9317 9,536744 5,981923
137,7353 14,3973 9,282423
90,53554 18,84143 12,24915
74,4631 25,56802 16,68851
107,2182 34,06367 22,27307
122,4771 39,2135 26,64328
151,7732 46,35016 31,51099
140,9912 52,39806 36,28096
191,2436 57,2157 39,3828
134,2767 58,35852 41,49518
193,685 64,6814 46,71256
242,1062 69,19226 50,72435
263,0615 73,49967 53,36443
219,5231 73,52509 55,3139
185,9537 75,52146 56,81914
220,1335 77,14431 57,47397
217,8956 82,20512 59,66665
195,7195 85,16464 63,03385
195,109 89,43078 67,1728
222,168 96,58807 67,67267
213,4196 100,212 69,35667
218,5059 108,3437 75,21861
210,9782 112,1551 74,09326
203,654 125,3602 83,43124
228,0681 141,2516 97,6712
239,4613 146,5062 107,4439
215,0472 143,8438 107,3414
231,1199 152,8639 114,5758
218,9128 144,3572 111,2752
192,4643 152,3458 118,6773
220,5404 149,1699 121,2498
201,8229 155,7185 124,1068
192,4643 161,8809 130,0617
192,4643 155,1686 124,7275
192,4643 159,1216 129,8011
192,2609 157,8294 131,0162
192,4643 163,5085 131,6336
192,4643 163,4512 133,8803
192,4643 162,0684 135,0676
192,2609 163,1731 134,5496
192,2609 171,8739 144,7514
192,4643 174,5476 146,5468
192,4643 174,2535 143,6643
192,4643 177,0795 149,8337
192,4643 184,8713 158,1508
192,4643 185,6693 162,6647
192,4643 186,3606 164,0047
192,4643 185,2766 161,866
192,4643 186,7596 164,6333
192,4643 190,0992 171,4203
192,4643 189,573 170,2147
192,4643 189,0644 167,3107
192,4643 189,0104 169,4073
192,4643 188,9913 171,5784
192,4643 190,2963 172,7022
192,4643 188,4366 169,3771
192,4643 187,4686 165,8707
192,4643 189,8083 172,8994
192,4643 190,5617 172,2628
192,4643 190,8051 176,9598
192,4643 188,9564 171,5586
192,4643 190,3996 174,8663
192,4643 189,9625 174,1582
192,4643 190,0642 172,5378
192,4643 190,2041 174,3061
192,4643 190,6794 176,1006
192,4643 191,266 177,6249
192,4643 191,3789 175,755
192,4643 190,9656 177,2657
192,4643 190,4267 174,337
192,4643 191,0752 177,2275
192,4643 191,498 177,2672
192,4643 191,1563 176,6029
192,4643 190,4044 177,0368
192,4643 191,3312 177,8593
192,4643 191,3964 177,2403
192,4643 190,956 176,9827
192,4643 190,2852 173,4326
192,4643 191,3693 179,9185
192,4643 190,9878 174,9346
192,4643 190,565 174,7265
192,4643 190,9576 176,2944
192,4643 191,0864 177,125
192,4643 191,3216 177,1823
192,4643 191,506 178,4283
192,4643 190,9941 176,8293
192,4643 191,2707 176,8221
192,4643 190,9529 175,8925
192,4643 191,382 176,5702
192,4643 190,9417 174,5182
192,4643 190,7572 174,4157
192,4643 190,9178 178,4673
192,4643 191,2246 176,8531
192,4643 190,3853 175,5443
192,4643 190,8972 176,1562
192,4643 191,0036 178,8113
192,4643 191,5712 180,5789
192,4643 191,2628 177,0821
192,4643 191,4806 179,9074
192,4643 191,2532 177,9928
192,4643 191,7062 180,6926
192,4643 191,4281 177,4302
192,4643 191,2803 178,0247
192,4643 190,1151 176,3151
