0,8138021 0,4386905 0,318687
0,8138021 0,4418694 0,3202765
1,017253 0,4561747 0,3465029
0,8138021 0,4545852 0,3409399
0,8138021 0,4736589 0,3528608
1,220703 0,4800167 0,3806757
1,017253 0,487964 0,3790863
0,8138021 0,4863746 0,3806757
1,017253 0,5118058 0,4013384
1,017253 0,5133953 0,4116697
1,017253 0,5372368 0,4291534
1,220703 0,5674361 0,4514054
1,017253 0,5420051 0,4378951
1,220703 0,5849198 0,4680943
1,627604 0,6405509 0,5054462
1,220703 0,6230668 0,4967043
1,017253 0,6500878 0,5078304
1,220703 0,7168452 0,5499514
1,424154 0,7534025 0,5904837
1,220703 0,7979073 0,6405523
1,627604 0,8646653 0,6747259
1,627604 0,913939 0,7208201
2,237956 0,996591 0,7716826
1,831055 1,044273 0,8138021
2,034505 1,071293 0,8384378
2,644857 1,098313 0,8463845
2,848307 1,115798 0,8440005
2,237956 1,20004 0,9194998
3,458659 1,269977 0,9616209
2,848307 1,303356 0,9838743
2,644857 1,282693 0,9584426
2,848307 1,366935 1,032352
3,255208 1,325609 1,008511
2,441406 1,482964 1,125337
3,051758 1,516342 1,141232
2,848307 1,54813 1,188915
2,848307 1,651444 1,246134
2,848307 1,743634 1,355011
3,255208 1,783371 1,366932
3,255208 1,880329 1,427333
3,255209 1,951855 1,521908
4,475912 2,091726 1,5982
4,882813 2,16007 1,665751
5,086264 2,279281 1,771449
5,086263 2,388954 1,815159
5,493165 2,574923 1,95106
5,493163 2,770423 2,04404
12,81738 3,067651 2,257823
13,02083 3,336272 2,456507
7,731118 3,733634 2,766449
9,76562 4,442531 3,37839
18,31055 5,354884 4,049939
13,42773 6,20524 4,780294
20,75196 7,193884 5,531312
18,10711 8,473396 6,574791
22,37956 9,557405 7,501445
22,98991 11,18978 8,656982
36,62105 13,34826 10,101
65,30775 16,37936 12,43035
52,49028 18,32008 14,07464
40,89351 20,56758 15,52582
46,79362 22,96129 17,51899
46,38671 24,62228 19,36753
62,25597 26,82527 20,51512
64,29049 29,13951 22,61002
59,40765 30,44445 23,98889
64,49395 33,21487 25,77622
58,18694 35,55773 27,9514
72,02168 40,30385 30,4206
68,96988 42,62766 32,64427
64,90086 46,63628 36,45977
76,29417 51,19806 39,96455
74,66655 53,63947 41,65495
75,07346 55,55158 45,02856
71,81822 56,72779 46,56556
80,36315 58,84653 48,19954
75,88727 59,15331 47,2395
81,58385 61,95556 49,45045
77,92178 62,57865 50,98188
80,5666 62,13677 50,31116
78,53213 64,58774 53,56321
73,24239 62,95853 51,49767
76,70107 62,94742 52,68501
76,29417 66,06279 54,92853
77,71833 67,21673 56,70319
81,99073 67,76669 57,17844
79,34592 68,6329 57,6012
79,34592 69,78052 59,51572
80,77005 70,04913 59,84317
79,54936 71,2746 60,8763
81,58384 71,96125 63,17385
84,43211 73,17087 64,19747
81,38039 73,1232 65,59227
82,19418 74,06892 66,55153
82,19418 73,81779 64,97476
84,02521 74,40588 66,356
83,61832 75,01784 66,18437
82,39763 74,59501 65,24336
81,99073 75,38499 68,01222
81,78728 75,71084 67,83182
83,21142 75,5662 68,19824
82,80452 75,75217 68,17918
81,78728 75,38023 69,04065
83,82176 76,2481 70,59441
84,63555 76,47057 70,43782
83,00797 76,47375 68,64881
81,78728 76,39746 70,52921
83,61832 76,44199 69,48334
86,26313 76,76144 69,94107
84,02521 76,36409 69,94745
86,05968 77,09204 69,72574
83,41486 76,72966 69,35375
84,43211 76,86002 70,57771
84,43211 76,7551 69,48413
83,00797 76,35297 70,16286
84,02521 77,17474 70,55465
83,41486 76,744 69,24734
85,04244 76,84093 70,37187
86,67002 77,31618 70,22006
83,41486 77,35273 70,53397
85,04244 77,73103 72,46117
83,21142 77,1922 70,59834
83,41486 77,22557 71,22302
83,00797 76,84093 70,8773
83,21142 77,4354 71,0116
83,61832 77,42582 71,63309
85,2459 77,39564 70,62379
84,839 77,3861 71,09345
83,41486 77,30347 72,11471
83,21142 77,92175 71,11813
85,85623 77,78827 71,50674
83,41486 77,52914 72,4159
85,44934 77,65789 70,75256
84,63555 78,19038 72,54781
83,61832 78,35251 72,39527
86,67002 77,92973 69,65102
84,839 78,01237 72,33403
84,43211 77,67059 71,97164
82,80452 78,04254 70,22401
84,63555 78,5623 73,24638
84,43211 78,21107 72,22914
84,63555 78,54958 72,81327
85,2459 78,0553 72,52476
84,63555 78,42245 72,79184
85,24588 78,35093 71,3136
84,22865 77,73579 70,5149
86,26313 78,37473 71,26357
85,85623 78,27305 71,41055
85,65279 78,60364 72,27443
85,04244 78,22533 71,10539
86,26313 78,70538 74,73572
83,41486 78,4304 71,34934
84,02521 78,83409 73,10094
89,51829 78,64973 73,6104
84,43211 78,35728 71,42882
83,82176 78,76894 72,79023
84,43211 78,65611 73,83134
87,89071 78,95966 72,52635
85,65279 78,69107 72,3905
84,43211 79,08205 73,52774
87,68726 79,37449 73,84084
84,63555 78,95969 73,45142
87,28036 78,60364 73,36481
86,67002 79,51437 72,49055
84,63555 78,95176 73,6048
88,7045 79,34747 73,12396
85,65279 79,66701 73,7916
84,43211 79,09797 73,13113
