0,6103516 0,1120567 0,05602837
0,3051758 0,09059906 0,04529953
0,6103516 0,1263618 0,06318092
0,6103516 0,09536743 0,04768372
0,3051758 0,10252 0,05125999
0,3051758 0,0834465 0,04172325
0,6103516 0,0834465 0,04172325
0,3051758 0,1358986 0,0679493
0,6103516 0,09775162 0,04887581
0,6103516 0,09536743 0,04768372
0,6103516 0,1096725 0,05483627
0,3051758 0,1168251 0,05841255
0,6103516 0,1049042 0,05245209
0,6103516 0,08106232 0,04053116
0,6103516 0,09059906 0,04529953
0,3051758 0,1001358 0,0500679
0,6103516 0,128746 0,06437302
0,6103516 0,07867813 0,03933907
0,3051758 0,1001358 0,0500679
0,3051758 0,1168251 0,05841255
0,3051758 0,08583069 0,04291534
0,6103516 0,1192093 0,05960464
0,3051758 0,08583069 0,04291534
0,6103516 0,09298325 0,04649162
0,6103516 0,08583069 0,04291534
0,6103516 0,1215935 0,06079674
0,6103516 0,1168251 0,05841255
0,6103516 0,1072884 0,05364418
0,6103516 0,1120567 0,05602837
0,6103516 0,128746 0,06437302
0,6103516 0,1263618 0,06318092
0,6103516 0,1168251 0,05841255
0,6103516 0,1192093 0,05960464
0,6103516 0,1168251 0,05841255
0,3051758 0,140667 0,07033348
0,3051758 0,08821487 0,04410744
0,6103516 0,1263618 0,06318092
0,3051758 0,1049042 0,05245209
0,6103516 0,1335144 0,0667572
0,6103516 0,140667 0,07033348
0,6103516 0,1382828 0,06914139
0,6103516 0,1096725 0,05483627
0,6103516 0,1239777 0,06198883
0,6103516 0,140667 0,07033348
0,3051758 0,1311302 0,06556511
0,6103516 0,1335144 0,0667572
0,6103516 0,1049042 0,05245209
0,3051758 0,10252 0,05125999
0,3051758 0,140667 0,07033348
0,3051758 0,1168251 0,05841255
0,6103516 0,1001358 0,0500679
0,6103516 0,1144409 0,05722046
0,6103516 0,128746 0,06437302
0,6103516 0,128746 0,06437302
0,6103516 0,1692772 0,0846386
0,6103516 0,1645088 0,08225441
0,3051758 0,1430511 0,07152557
0,6103516 0,1239777 0,06198883
0,6103516 0,1525879 0,07629395
0,6103516 0,1382828 0,06914139
0,3051758 0,1382828 0,06914139
0,6103516 0,128746 0,06437302
0,6103516 0,1358986 0,0679493
0,6103516 0,1430511 0,07152557
0,6103516 0,1382828 0,06914139
0,6103516 0,1001358 0,0500679
0,6103516 0,128746 0,06437302
0,6103516 0,1454353 0,07271767
0,6103516 0,140667 0,07033348
0,6103516 0,1120567 0,05602837
0,6103516 0,1263618 0,06318092
0,6103516 0,1525879 0,07629395
0,3051758 0,1502037 0,07510185
0,6103516 0,1502037 0,07510185
0,6103516 0,1215935 0,06079674
0,3051758 0,140667 0,07033348
0,3051758 0,1263618 0,06318092
0,6103516 0,1549721 0,07748604
0,3051758 0,1311302 0,06556511
0,6103516 0,1549721 0,07748604
0,6103516 0,1478195 0,07390976
0,3051758 0,1335144 0,0667572
0,6103516 0,1215935 0,06079674
0,6103516 0,1358986 0,0679493
0,6103516 0,1358986 0,0679493
0,3051758 0,1454353 0,07271767
0,3051758 0,1263618 0,06318092
0,6103516 0,1192093 0,05960464
0,6103516 0,1621246 0,08106232
0,6103516 0,1382828 0,06914139
0,6103516 0,128746 0,06437302
0,3051758 0,1192093 0,05960464
0,6103516 0,1263618 0,06318092
0,6103516 0,1454353 0,07271767
0,3051758 0,1692772 0,0846386
0,6103516 0,1478195 0,07390976
0,6103516 0,1192093 0,05960464
0,9155273 0,1168251 0,05841255
0,6103516 0,1311302 0,06556511
0,6103516 0,1597404 0,07987022
0,6103516 0,1549721 0,07748604
0,6103516 0,1525879 0,07629395
0,6103516 0,1716614 0,08583069
0,3051758 0,1692772 0,0846386
0,3051758 0,1335144 0,0667572
0,6103516 0,1358986 0,0679493
0,6103516 0,1549721 0,07748604
0,3051758 0,1645088 0,08225441
0,6103516 0,1382828 0,06914139
0,3051758 0,1549721 0,07748604
0,6103516 0,1454353 0,07271767
0,6103516 0,1525879 0,07629395
0,3051758 0,1478195 0,07390976
0,6103516 0,1382828 0,06914139
0,6103516 0,1358986 0,0679493
0,6103516 0,1597404 0,07987022
0,6103516 0,1430511 0,07152557
0,3051758 0,1549721 0,07748604
0,6103516 0,140667 0,07033348
0,6103516 0,1692772 0,0846386
0,6103516 0,1358986 0,0679493
0,9155273 0,1597404 0,07987022
0,3051758 0,1335144 0,0667572
0,6103516 0,1597404 0,07987022
0,6103516 0,1764297 0,08821487
0,6103516 0,1478195 0,07390976
0,6103516 0,1549721 0,07748604
0,6103516 0,1740456 0,08702278
0,3051758 0,1621246 0,08106232
0,6103516 0,1621246 0,08106232
0,6103516 0,166893 0,0834465
0,6103516 0,1335144 0,0667572
0,6103516 0,1335144 0,0667572
0,3051758 0,1621246 0,08106232
0,6103516 0,1716614 0,08583069
0,6103516 0,1525879 0,07629395
0,6103516 0,1573563 0,07867813
0,6103516 0,1430511 0,07152557
0,6103516 0,1549721 0,07748604
0,6103516 0,1597404 0,07987022
0,6103516 0,1811981 0,09059906
0,6103516 0,140667 0,07033348
0,6103516 0,1645088 0,08225441
0,6103516 0,1549721 0,07748604
0,6103516 0,1716614 0,08583069
0,3051758 0,1430511 0,07152557
0,6103516 0,1788139 0,08940697
0,6103516 0,1645088 0,08225441
0,3051758 0,1478195 0,07390976
0,6103516 0,1621246 0,08106232
0,6103516 0,1621246 0,08106232
0,6103516 0,1549721 0,07748604
0,6103516 0,1621246 0,08106232
0,6103516 0,1621246 0,08106232
0,6103516 0,1835823 0,09179115
0,6103516 0,2002716 0,1001358
0,3051758 0,193119 0,09655952
0,6103516 0,1692772 0,0846386
0,6103516 0,1597404 0,07987022
0,3051758 0,1597404 0,07987022
0,6103516 0,1645088 0,08225441
0,6103516 0,166893 0,0834465
0,6103516 0,1907349 0,09536743
0,6103516 0,1525879 0,07629395
0,6103516 0,1740456 0,08702278
0,3051758 0,1716614 0,08583069
0,6103516 0,1716614 0,08583069
0,6103516 0,1788139 0,08940697
0,6103516 0,2074242 0,1037121
0,6103516 0,1883507 0,09417534
0,6103516 0,1764297 0,08821487
0,3051758 0,1454353 0,07271767
0,3051758 0,1907349 0,09536743
0,6103516 0,1788139 0,08940697
0,6103516 0,1740456 0,08702278
0,6103516 0,2145767 0,1072884
0,6103516 0,1835823 0,09179115
0,6103516 0,1859665 0,09298325
0,6103516 0,2098083 0,1049042
0,6103516 0,1883507 0,09417534
0,3051758 0,1883507 0,09417534
0,6103516 0,1835823 0,09179115
0,6103516 0,1835823 0,09179115
0,6103516 0,2241135 0,1120567
0,6103516 0,193119 0,09655952
0,6103516 0,1978874 0,09894371
0,6103516 0,1955032 0,09775162
0,6103516 0,20504 0,10252
0,6103516 0,1811981 0,09059906
0,6103516 0,1788139 0,08940697
0,6103516 0,2098083 0,1049042
0,6103516 0,1907349 0,09536743
0,6103516 0,2098083 0,1049042
0,6103516 0,2098083 0,1049042
0,6103516 0,1955032 0,09775162
0,6103516 0,1716614 0,08583069
0,6103516 0,2169609 0,1084805
0,6103516 0,2145767 0,1072884
0,6103516 0,1740456 0,08702278
0,3051758 0,1835823 0,09179115
0,6103516 0,2169609 0,1084805
0,3051758 0,1597404 0,07987022
0,6103516 0,1955032 0,09775162
0,6103516 0,20504 0,10252
0,6103516 0,1835823 0,09179115
0,6103516 0,1835823 0,09179115
0,3051758 0,1978874 0,09894371
0,6103516 0,1859665 0,09298325
0,6103516 0,20504 0,10252
0,6103516 0,1978874 0,09894371
0,6103516 0,2217293 0,1108646
0,6103516 0,1978874 0,09894371
0,6103516 0,2169609 0,1084805
0,6103516 0,1955032 0,09775162
0,6103516 0,20504 0,10252
0,6103516 0,2074242 0,1037121
0,6103516 0,2145767 0,1072884
0,6103516 0,2074242 0,1037121
0,6103516 0,1907349 0,09536743
0,6103516 0,2193451 0,1096725
0,6103516 0,2145767 0,1072884
0,6103516 0,1955032 0,09775162
0,6103516 0,2098083 0,1049042
0,6103516 0,231266 0,115633
0,6103516 0,2217293 0,1108646
0,6103516 0,2002716 0,1001358
0,6103516 0,2217293 0,1108646
0,6103516 0,2026558 0,1013279
0,6103516 0,2360344 0,1180172
0,6103516 0,2098083 0,1049042
0,6103516 0,1907349 0,09536743
0,6103516 0,2264977 0,1132488
0,3051758 0,193119 0,09655952
0,6103516 0,2336502 0,1168251
0,6103516 0,2408028 0,1204014
0,6103516 0,2121925 0,1060963
0,6103516 0,2026558 0,1013279
0,6103516 0,1859665 0,09298325
0,6103516 0,2026558 0,1013279
0,6103516 0,2264977 0,1132488
0,6103516 0,2169609 0,1084805
0,6103516 0,2193451 0,1096725
0,6103516 0,2002716 0,1001358
0,6103516 0,2098083 0,1049042
0,6103516 0,2360344 0,1180172
0,6103516 0,2408028 0,1204014
0,6103516 0,2670288 0,1335144
0,6103516 0,2098083 0,1049042
0,9155273 0,2098083 0,1049042
0,6103516 0,231266 0,115633
0,6103516 0,2169609 0,1084805
0,6103516 0,2288818 0,1144409
0,6103516 0,2098083 0,1049042
0,6103516 0,1978874 0,09894371
0,6103516 0,2002716 0,1001358
0,6103516 0,2336502 0,1168251
0,6103516 0,2288818 0,1144409
0,6103516 0,2145767 0,1072884
0,6103516 0,243187 0,1215935
0,6103516 0,2503395 0,1251698
0,6103516 0,2622604 0,1311302
0,6103516 0,2360344 0,1180172
0,6103516 0,2264977 0,1132488
0,6103516 0,2408028 0,1204014
0,6103516 0,2217293 0,1108646
0,6103516 0,2646446 0,1323223
0,6103516 0,2717972 0,1358986
0,6103516 0,2193451 0,1096725
0,6103516 0,2551079 0,1275539
0,6103516 0,2622604 0,1311302
0,6103516 0,2503395 0,1251698
0,6103516 0,2598763 0,1299381
0,6103516 0,2574921 0,128746
0,6103516 0,2241135 0,1120567
0,9155273 0,2765656 0,1382828
0,6103516 0,2288818 0,1144409
0,6103516 0,2288818 0,1144409
0,6103516 0,2717972 0,1358986
0,6103516 0,2646446 0,1323223
0,6103516 0,231266 0,115633
0,9155273 0,2813339 0,140667
0,6103516 0,2408028 0,1204014
0,6103516 0,269413 0,1347065
0,6103516 0,2765656 0,1382828
0,6103516 0,2551079 0,1275539
0,9155273 0,2980232 0,1490116
0,6103516 0,2765656 0,1382828
0,6103516 0,2837181 0,1418591
0,6103516 0,2455711 0,1227856
0,6103516 0,2789497 0,1394749
0,6103516 0,2717972 0,1358986
0,6103516 0,2884865 0,1442432
0,6103516 0,2908707 0,1454353
0,6103516 0,2861023 0,1430511
0,9155273 0,295639 0,1478195
0,6103516 0,2908707 0,1454353
0,6103516 0,2717972 0,1358986
0,6103516 0,3004074 0,1502037
0,6103516 0,2837181 0,1418591
0,6103516 0,2717972 0,1358986
0,6103516 0,2765656 0,1382828
0,6103516 0,2789497 0,1394749
0,6103516 0,3099442 0,1549721
0,6103516 0,3147125 0,1573563
0,6103516 0,30756 0,15378
0,6103516 0,2861023 0,1430511
0,6103516 0,3147125 0,1645088
0,9155273 0,30756 0,15378
0,6103516 0,2789497 0,1394749
0,6103516 0,3051758 0,1525879
0,9155273 0,3170967 0,1585484
0,9155273 0,3290176 0,1680851
0,9155273 0,3170967 0,1585484
0,6103516 0,2980232 0,1490116
0,6103516 0,3099442 0,1549721
0,6103516 0,3194809 0,1716614
0,6103516 0,2908707 0,1454353
0,6103516 0,3266335 0,166893
0,6103516 0,3099442 0,1585484
0,9155273 0,3218651 0,1633167
0,6103516 0,3170967 0,1728535
0,6103516 0,3004074 0,1502037
0,9155273 0,3242493 0,1692772
0,9155273 0,3123283 0,1561642
0,6103516 0,3099442 0,1549721
0,6103516 0,3314018 0,1752377
0,9155273 0,3170967 0,1764297
0,6103516 0,3361702 0,1859665
0,6103516 0,3170967 0,1585484
0,6103516 0,333786 0,1728535
0,6103516 0,3170967 0,166893
0,9155273 0,3194809 0,1752377
0,6103516 0,3194809 0,1597404
0,6103516 0,3314018 0,1752377
0,6103516 0,3290176 0,1764297
0,6103516 0,3290176 0,1788139
0,6103516 0,3266335 0,1692772
0,6103516 0,3290176 0,1835823
0,9155273 0,3218651 0,1692772
0,6103516 0,3242493 0,1704693
0,6103516 0,3409386 0,1883507
0,6103516 0,3194809 0,1895428
0,6103516 0,3242493 0,1740456
0,9155273 0,3361702 0,1943111
0,9155273 0,3361702 0,1764297
0,9155273 0,3242493 0,1883507
0,6103516 0,3361702 0,2074242
0,9155273 0,3361702 0,1943111
0,6103516 0,3290176 0,193119
0,6103516 0,3218651 0,1776218
0,6103516 0,3290176 0,191927
0,6103516 0,3123283 0,1704693
0,6103516 0,3290176 0,2014637
0,6103516 0,3218651 0,1752377
0,6103516 0,3314018 0,180006
0,6103516 0,3266335 0,1764297
0,9155273 0,3409386 0,1943111
0,9155273 0,3290176 0,2038479
0,6103516 0,3290176 0,2074242
0,6103516 0,3290176 0,193119
0,6103516 0,3194809 0,1907349
0,6103516 0,3266335 0,2002716
0,6103516 0,3242493 0,1990795
0,6103516 0,3123283 0,1847744
0,9155273 0,333786 0,2098083
0,6103516 0,3385544 0,2169609
0,6103516 0,3361702 0,2014637
0,6103516 0,3218651 0,1835823
0,6103516 0,3409386 0,1955032
0,6103516 0,3361702 0,2098083
0,9155273 0,3457069 0,2193451
0,6103516 0,3218651 0,1871586
0,6103516 0,3290176 0,2038479
0,6103516 0,3242493 0,1883507
0,9155273 0,3218651 0,191927
0,6103516 0,3194809 0,2038479
0,6103516 0,3290176 0,1680851
0,6103516 0,3242493 0,2014637
0,6103516 0,333786 0,2014637
0,9155273 0,333786 0,20504
0,9155273 0,3385544 0,2217293
0,6103516 0,3385544 0,2110004
0,9155273 0,3433228 0,1811981
0,6103516 0,333786 0,2038479
0,9155273 0,333786 0,193119
0,6103516 0,3385544 0,2157688
0,6103516 0,3290176 0,2157688
0,9155273 0,3433228 0,2169609
0,6103516 0,3266335 0,2014637
0,6103516 0,3409386 0,2169609
0,6103516 0,3361702 0,2086163
0,6103516 0,3290176 0,1871586
0,6103516 0,3314018 0,2014637
0,6103516 0,3504753 0,2217293
0,6103516 0,3433228 0,2288818
0,6103516 0,3385544 0,2110004
0,6103516 0,3361702 0,2062321
0,6103516 0,3218651 0,1955032
0,9155273 0,333786 0,2002716
0,6103516 0,3385544 0,2324581
0,9155273 0,3242493 0,1966953
0,6103516 0,3361702 0,2229214
0,6103516 0,3290176 0,2133846
0,9155273 0,3361702 0,2121925
0,9155273 0,3433228 0,2145767
0,9155273 0,3314018 0,2002716
0,9155273 0,3409386 0,218153
0,9155273 0,3409386 0,2121925
0,6103516 0,3290176 0,2121925
0,6103516 0,3314018 0,2169609
0,6103516 0,3266335 0,218153
0,6103516 0,3504753 0,2336502
0,6103516 0,3504753 0,2348423
0,6103516 0,3457069 0,2038479
0,9155273 0,3242493 0,2002716
0,6103516 0,3314018 0,2157688
0,6103516 0,3409386 0,2348423
0,6103516 0,3361702 0,2217293
0,9155273 0,3504753 0,2384186
0,6103516 0,3361702 0,2229214
0,6103516 0,3266335 0,2145767
0,6103516 0,3457069 0,2419949
0,6103516 0,3242493 0,2014637
0,9155273 0,3385544 0,2276897
0,6103516 0,3314018 0,2121925
0,9155273 0,3457069 0,2253056
0,9155273 0,3385544 0,2253056
0,9155273 0,3552437 0,2360344
0,9155273 0,3409386 0,2098083
0,9155273 0,3647804 0,244379
0,6103516 0,3361702 0,2408028
0,6103516 0,333786 0,2348423
0,6103516 0,3552437 0,2324581
0,6103516 0,3433228 0,2253056
0,6103516 0,3409386 0,2300739
0,9155273 0,3528595 0,2622604
0,9155273 0,3528595 0,243187
0,9155273 0,3457069 0,2467632
0,6103516 0,3433228 0,2324581
0,9155273 0,3385544 0,2253056
0,6103516 0,3409386 0,2372265
0,9155273 0,3600121 0,243187
0,6103516 0,3409386 0,243187
0,9155273 0,3504753 0,2563
0,9155273 0,3552437 0,2408028
0,9155273 0,3480911 0,2455711
0,6103516 0,3433228 0,2515316
0,6103516 0,3480911 0,2491474
0,6103516 0,3504753 0,2634525
0,9155273 0,3457069 0,2467632
0,6103516 0,3361702 0,2336502
0,6103516 0,3409386 0,2419949
0,9155273 0,3528595 0,2396107
0,6103516 0,3528595 0,2408028
0,9155273 0,3600121 0,2551079
0,9155273 0,3576279 0,2336502
0,6103516 0,3480911 0,243187
0,9155273 0,3480911 0,2455711
0,6103516 0,3457069 0,2455711
0,6103516 0,3480911 0,2527237
0,9155273 0,3480911 0,2467632
0,6103516 0,3457069 0,2563
0,9155273 0,3600121 0,2539158
0,6103516 0,3480911 0,2348423
0,6103516 0,3600121 0,2586842
0,6103516 0,3528595 0,2563
0,6103516 0,3433228 0,244379
0,6103516 0,3552437 0,2598763
0,6103516 0,3743172 0,2634525
0,6103516 0,3552437 0,2479553
0,6103516 0,3409386 0,243187
0,6103516 0,3576279 0,2503395
0,9155273 0,3695488 0,2706051
0,9155273 0,3552437 0,2610683
0,9155273 0,3552437 0,2682209
0,9155273 0,3385544 0,2670288
0,9155273 0,3623962 0,2551079
0,6103516 0,3528595 0,2527237
0,9155273 0,3647804 0,2741814
0,6103516 0,3695488 0,2670288
0,6103516 0,3576279 0,2586842
0,6103516 0,3433228 0,2396107
0,6103516 0,3409386 0,2539158
1,220703 0,3695488 0,2789497
0,6103516 0,3361702 0,2491474
0,9155273 0,3671646 0,2777576
0,6103516 0,3480911 0,2539158
0,6103516 0,3480911 0,2586842
0,9155273 0,3528595 0,243187
0,9155273 0,3695488 0,2884865
0,9155273 0,3790855 0,2861023
0,6103516 0,3480911 0,2646446
0,9155273 0,371933 0,2670288
0,9155273 0,3743172 0,2741814
0,9155273 0,3623962 0,2729893
0,9155273 0,3647804 0,2729893
0,9155273 0,3671646 0,2670288
0,6103516 0,3457069 0,269413
0,9155273 0,3600121 0,2634525
0,6103516 0,3623962 0,2801418
0,6103516 0,3671646 0,2813339
0,9155273 0,3695488 0,2729893
0,9155273 0,3743172 0,2658367
0,9155273 0,398159 0,2920628
0,9155273 0,3933907 0,2908707
0,6103516 0,3576279 0,2741814
0,9155273 0,3838539 0,2884865
0,9155273 0,3600121 0,2634525
0,9155273 0,3623962 0,2861023
0,9155273 0,3695488 0,2741814
0,9155273 0,371933 0,2849102
0,6103516 0,3767014 0,2884865
0,9155273 0,3743172 0,2813339
0,6103516 0,3457069 0,2384186
0,9155273 0,3767014 0,269413
0,6103516 0,3743172 0,2753735
0,6103516 0,3671646 0,2789497
0,6103516 0,3671646 0,2741814
0,6103516 0,3528595 0,2741814
0,6103516 0,3409386 0,2658367
0,6103516 0,3576279 0,2837181
0,9155273 0,3600121 0,2706051
1,220703 0,3838539 0,2849102
0,9155273 0,3814697 0,2968311
0,9155273 0,371933 0,2896786
0,9155273 0,3504753 0,2837181
0,9155273 0,3767014 0,3039837
0,9155273 0,3767014 0,2837181
0,9155273 0,3600121 0,2670288
0,9155273 0,3814697 0,2849102
0,9155273 0,3647804 0,2646446
0,9155273 0,3409386 0,2515316
0,6103516 0,3743172 0,2872944
0,9155273 0,3623962 0,2777576
0,9155273 0,3576279 0,2682209
0,9155273 0,3695488 0,2729893
0,6103516 0,3743172 0,2968311
1,220703 0,3838539 0,2920628
0,9155273 0,3695488 0,2706051
0,9155273 0,3862381 0,2729893
0,9155273 0,3743172 0,2813339
0,9155273 0,3600121 0,2682209
0,6103516 0,3647804 0,2837181
0,9155273 0,3623962 0,2646446
0,9155273 0,3838539 0,2861023
0,9155273 0,3957748 0,3004074
0,9155273 0,3862381 0,2884865
0,9155273 0,3814697 0,2920628
0,9155273 0,371933 0,2861023
0,9155273 0,3743172 0,282526
0,9155273 0,3862381 0,3004074
0,9155273 0,3671646 0,2944469
0,9155273 0,3743172 0,2920628
0,9155273 0,3886223 0,2968311
0,9155273 0,3862381 0,295639
0,9155273 0,3695488 0,2861023
0,6103516 0,3957748 0,3111362
0,9155273 0,3886223 0,2980232
0,6103516 0,3886223 0,2980232
1,220703 0,4029274 0,3087521
1,220703 0,3790855 0,2849102
0,9155273 0,3933907 0,3039837
0,9155273 0,4076958 0,3027916
0,9155273 0,3790855 0,2896786
0,6103516 0,4029274 0,2920628
0,9155273 0,3743172 0,2884865
0,9155273 0,3647804 0,2813339
0,9155273 0,3695488 0,2849102
0,9155273 0,3623962 0,2801418
0,6103516 0,3671646 0,2729893
0,6103516 0,3933907 0,3087521
0,6103516 0,3623962 0,2777576
0,9155273 0,3743172 0,2849102
0,9155273 0,3933907 0,2861023
1,220703 0,4076958 0,3159046
0,9155273 0,3600121 0,2789497
0,9155273 0,3695488 0,2884865
0,9155273 0,3957748 0,3015995
0,9155273 0,3886223 0,3087521
0,9155273 0,3886223 0,2992153
0,9155273 0,3814697 0,2944469
0,9155273 0,3743172 0,2849102
0,9155273 0,3814697 0,3015995
0,6103516 0,398159 0,3230572
0,9155273 0,4029274 0,3004074
0,6103516 0,3933907 0,2992153
0,9155273 0,3886223 0,3039837
0,6103516 0,3457069 0,2861023
0,9155273 0,3933907 0,295639
0,9155273 0,4029274 0,3123283
0,9155273 0,4053116 0,3194809
0,9155273 0,3886223 0,2968311
0,9155273 0,41008 0,3135204
0,9155273 0,3743172 0,2980232
1,220703 0,3790855 0,3087521
0,9155273 0,3910065 0,3147125
0,9155273 0,4029274 0,3063679
0,9155273 0,3933907 0,3087521
0,9155273 0,3910065 0,2992153
0,9155273 0,4029274 0,3135204
0,6103516 0,3933907 0,30756
0,9155273 0,4029274 0,3194809
0,9155273 0,3862381 0,3194809
0,9155273 0,41008 0,3170967
0,6103516 0,398159 0,3290176
0,9155273 0,4410744 0,3397465
0,9155273 0,398159 0,3230572
0,6103516 0,3957748 0,3147125
0,6103516 0,3933907 0,3099442
1,220703 0,4005432 0,2992153
0,9155273 0,4005432 0,3051758
0,9155273 0,3862381 0,295639
0,9155273 0,4076958 0,3170967
0,9155273 0,398159 0,3051758
0,9155273 0,4148483 0,3314018
1,220703 0,3957748 0,3242493
0,9155273 0,3838539 0,3027916
1,220703 0,4243851 0,3254414
1,220703 0,4053116 0,3087521
0,9155273 0,3957748 0,3242493
0,9155273 0,3862381 0,3135204
0,9155273 0,4053116 0,3135204
0,9155273 0,3910065 0,320673
1,220703 0,4196167 0,3278255
0,9155273 0,3767014 0,3027916
0,9155273 0,4220009 0,333786
0,9155273 0,3910065 0,3135204
0,9155273 0,4053116 0,3099442
0,6103516 0,3767014 0,295639
0,9155273 0,4005432 0,3194809
0,9155273 0,3790855 0,3039837
0,9155273 0,3838539 0,2932549
0,9155273 0,4029274 0,333786
0,9155273 0,3814697 0,2980232
0,9155273 0,398159 0,3123283
0,9155273 0,4172325 0,3278255
0,9155273 0,398159 0,3051758
0,9155273 0,4148483 0,3123283
1,525879 0,4220009 0,3230572
0,9155273 0,4339218 0,3457069
1,220703 0,4148483 0,3278255
0,9155273 0,4005432 0,3039837
0,9155273 0,3933907 0,320673
0,6103516 0,4076958 0,3302097
0,9155273 0,4124641 0,3290176
0,9155273 0,3743172 0,2944469
0,9155273 0,436306 0,346899
1,220703 0,4386902 0,3516674
0,9155273 0,4124641 0,3290176
0,9155273 0,4148483 0,3385544
0,9155273 0,4076958 0,3302097
1,220703 0,4267693 0,3492832
0,6103516 0,3957748 0,3087521
0,9155273 0,4434586 0,3457069
1,220703 0,4339218 0,3433228
0,6103516 0,4267693 0,346899
1,220703 0,4553795 0,3480911
0,9155273 0,4291534 0,3361702
0,9155273 0,398159 0,320673
0,9155273 0,4172325 0,3385544
0,6103516 0,4005432 0,3230572
0,9155273 0,41008 0,3230572
0,9155273 0,4243851 0,3254414
1,220703 0,4220009 0,3242493
0,9155273 0,4124641 0,3278255
0,9155273 0,4005432 0,3349781
0,9155273 0,4243851 0,3314018
0,9155273 0,4291534 0,3349781
0,9155273 0,4124641 0,3290176
1,220703 0,4148483 0,3397465
1,220703 0,4148483 0,3349781
0,9155273 0,4220009 0,3385544
0,9155273 0,4482269 0,35882
0,6103516 0,4386902 0,3397465
0,9155273 0,3933907 0,3170967
1,220703 0,4291534 0,3409386
1,220703 0,4076958 0,3314018
0,9155273 0,4076958 0,3290176
0,9155273 0,4291534 0,3385544
0,9155273 0,4339218 0,3445148
0,9155273 0,4339218 0,3409386
0,9155273 0,4291534 0,346899
0,9155273 0,4339218 0,3409386
1,220703 0,4482269 0,3480911
0,9155273 0,4601479 0,3612041
1,525879 0,4434586 0,346899
0,9155273 0,4434586 0,3540516
0,9155273 0,436306 0,3516674
0,9155273 0,4434586 0,3516674
1,220703 0,4410744 0,3540516
1,220703 0,41008 0,333786
0,9155273 0,4553795 0,3564358
0,9155273 0,4172325 0,3349781
0,6103516 0,4220009 0,3290176
0,9155273 0,4124641 0,3349781
0,9155273 0,4148483 0,3397465
0,9155273 0,4482269 0,346899
0,9155273 0,4386902 0,3552437
0,9155273 0,4434586 0,3564358
0,9155273 0,4196167 0,3445148
0,9155273 0,4315376 0,346899
0,9155273 0,4434586 0,3528595
0,9155273 0,4053116 0,3314018
0,9155273 0,4339218 0,3540516
0,9155273 0,4434586 0,3504753
0,9155273 0,4243851 0,3409386
0,9155273 0,4267693 0,3457069
0,9155273 0,4148483 0,3397465
0,9155273 0,4577637 0,3576279
0,9155273 0,436306 0,346899
1,525879 0,4506111 0,3635883
0,9155273 0,4458427 0,3564358
0,9155273 0,4410744 0,35882
0,9155273 0,4458427 0,3576279
1,220703 0,4506111 0,3683567
0,9155273 0,4267693 0,3480911
0,9155273 0,4386902 0,3492832
0,9155273 0,4410744 0,3552437
0,9155273 0,4482269 0,3540516
0,9155273 0,4029274 0,3349781
1,220703 0,4386902 0,3552437
1,220703 0,4458427 0,35882
0,9155273 0,4410744 0,346899
0,9155273 0,4196167 0,3397465
0,9155273 0,4339218 0,3445148
0,9155273 0,4315376 0,3433228
0,9155273 0,4220009 0,3457069
1,220703 0,4148483 0,3314018
0,9155273 0,4291534 0,3516674
0,9155273 0,436306 0,3457069
0,9155273 0,462532 0,3707409
0,9155273 0,4506111 0,3516674
0,9155273 0,4243851 0,3385544
0,9155273 0,4649162 0,3731251
0,9155273 0,4386902 0,346899
0,9155273 0,4410744 0,3504753
0,9155273 0,4148483 0,3373623
0,9155273 0,4220009 0,3409386
1,220703 0,4076958 0,3290176
0,9155273 0,4315376 0,3385544
0,9155273 0,4410744 0,3504753
0,9155273 0,4410744 0,3564358
1,220703 0,4434586 0,3552437
1,525879 0,4911423 0,3814697
0,9155273 0,4386902 0,3552437
0,9155273 0,4339218 0,3445148
0,9155273 0,4696846 0,3647804
0,9155273 0,4291534 0,3385544
1,220703 0,436306 0,3516674
0,9155273 0,4124641 0,3457069
0,9155273 0,4458427 0,3576279
0,9155273 0,4243851 0,3480911
0,9155273 0,4267693 0,3373623
1,220703 0,4339218 0,3457069
0,9155273 0,4410744 0,3552437
1,220703 0,4720688 0,3778934
1,220703 0,4768372 0,371933
0,9155273 0,4529953 0,3516674
0,9155273 0,4553795 0,3600121
0,9155273 0,4529953 0,3707409
0,9155273 0,4553795 0,3600121
0,9155273 0,4410744 0,3576279
0,9155273 0,4386902 0,3504753
0,9155273 0,4529953 0,3623962
0,9155273 0,4816055 0,3707409
0,9155273 0,4482269 0,3528595
0,9155273 0,4768372 0,3671646
0,9155273 0,4673004 0,3695488
0,9155273 0,4792213 0,3731251
0,9155273 0,4673004 0,3731251
0,9155273 0,4768372 0,3623962
0,9155273 0,4577637 0,3683567
0,9155273 0,4887581 0,3790855
0,9155273 0,4601479 0,3635883
0,9155273 0,4577637 0,3612041
0,9155273 0,4816055 0,3767014
1,220703 0,4911423 0,385046
0,9155273 0,4673004 0,371933
1,220703 0,4863739 0,3790855
0,9155273 0,4792213 0,3778934
0,9155273 0,4959106 0,3814697
1,220703 0,4863739 0,3862381
0,9155273 0,5102158 0,3945827
0,9155273 0,4839897 0,3802776
0,9155273 0,4649162 0,371933
0,9155273 0,4863739 0,3802776
1,525879 0,5054474 0,398159
1,220703 0,4935265 0,385046
0,9155273 0,5102158 0,3945827
0,9155273 0,4839897 0,3838539
1,220703 0,5149841 0,3993511
0,9155273 0,5030632 0,3945827
1,220703 0,5245209 0,4065037
1,220703 0,5078316 0,3945827
0,9155273 0,5340576 0,411272
1,220703 0,5030632 0,398159
0,9155273 0,4911423 0,385046
0,9155273 0,5316734 0,4076958
1,220703 0,5531311 0,4184246
1,525879 0,5340576 0,4124641
0,9155273 0,5030632 0,398159
1,220703 0,5149841 0,4053116
0,9155273 0,4911423 0,3933907
1,220703 0,5912781 0,4434586
1,220703 0,576973 0,4291534
0,9155273 0,5888939 0,4434586
0,9155273 0,5292892 0,4124641
1,220703 0,5602837 0,4255772
0,9155273 0,5340576 0,4160404
0,9155273 0,5674362 0,4315376
0,9155273 0,538826 0,4160404
1,220703 0,5722046 0,4339218
1,220703 0,5507469 0,4255772
1,220703 0,6079674 0,4529953
0,9155273 0,5960464 0,4470348
1,220703 0,6389618 0,4649162
0,9155273 0,6055832 0,4518032
1,220703 0,6628036 0,4756451
1,220703 0,6556511 0,4792213
1,220703 0,6270409 0,4649162
1,220703 0,6437302 0,4863739
1,525879 0,6461143 0,474453
1,220703 0,6604195 0,4863739
0,9155273 0,6461143 0,4756451
0,9155273 0,6556511 0,4863739
1,525879 0,6842613 0,5090237
1,220703 0,6651878 0,5102158
1,525879 0,6818771 0,5054474
0,9155273 0,6556511 0,4994869
1,220703 0,6604195 0,5054474
1,220703 0,6961823 0,5340576
1,220703 0,6842613 0,5102158
1,525879 0,7009506 0,5304813
1,525879 0,7176399 0,5614758
1,525879 0,7200241 0,5662441
1,525879 0,7247925 0,5710125
1,525879 0,743866 0,5936623
1,525879 0,7271767 0,5662441
1,831055 0,7629395 0,6091595
1,525879 0,7295609 0,5865097
1,220703 0,7390976 0,5865097
1,525879 0,8249283 0,654459
1,525879 0,7820129 0,6234646
1,220703 0,7987022 0,641346
2,13623 0,7987022 0,6568432
1,525879 0,8058548 0,6520748
1,525879 0,7987022 0,6616116
1,831055 0,8106232 0,6461143
1,525879 0,846386 0,6759167
1,525879 0,8392334 0,6735325
1,525879 0,8106232 0,6759167
1,525879 0,8320808 0,6878376
1,831055 0,8583069 0,6937981
1,525879 0,8392334 0,692606
1,831055 0,8893013 0,7069111
1,525879 0,8535385 0,7021427
1,525879 0,8392334 0,6854534
1,525879 0,9274483 0,7414818
1,525879 0,8940697 0,718832
1,220703 0,8440018 0,6866455
1,525879 0,8845329 0,7140636
1,525879 0,9012222 0,7247925
1,831055 0,9131432 0,7379055
1,525879 0,9298325 0,7474422
1,831055 0,8797646 0,7081032
1,831055 0,846386 0,6985664
1,220703 0,8702278 0,7152557
1,525879 0,9059906 0,7331371
1,525879 0,8964539 0,7283688
1,525879 0,8559227 0,6949902
1,831055 0,9346008 0,7390976
1,525879 0,9083748 0,7259846
1,831055 0,9441376 0,7498264
1,831055 0,9703636 0,7665157
1,525879 0,9775162 0,7784367
1,831055 0,9250641 0,7474422
1,525879 0,9536743 0,7581711
1,525879 0,9536743 0,7498264
1,831055 0,9584427 0,7677078
1,831055 0,9441376 0,7593632
1,831055 0,9822845 0,7784367
1,831055 0,9870529 0,7724762
1,525879 0,9655952 0,7688999
1,831055 0,9560585 0,7665157
1,525879 0,9942055 0,7820129
1,831055 1,041889 0,8130074
1,525879 0,9393692 0,7617474
2,441406 1,022816 0,8201599
1,525879 1,013279 0,821352
1,525879 1,022816 0,8070469
1,525879 1,022816 0,8094311
1,831055 1,006126 0,8070469
1,525879 0,9799004 0,7820129
1,831055 1,027584 0,8189678
2,13623 1,018047 0,8094311
1,831055 0,9965897 0,8046627
1,831055 1,0252 0,8022785
1,831055 1,027584 0,8165836
1,525879 1,013279 0,8165836
1,831055 0,9965897 0,795126
1,831055 1,020432 0,8094311
1,831055 1,056194 0,8583069
1,525879 1,039505 0,8249283
1,831055 1,039505 0,8273125
1,831055 1,006126 0,8010864
1,831055 1,015663 0,8201599
1,831055 1,065731 0,8440018
1,525879 1,006126 0,8058548
1,831055 1,029968 0,8499622
1,831055 1,0252 0,8189678
1,525879 0,9989738 0,7855892
1,525879 1,020432 0,8308887
1,831055 1,013279 0,8177757
1,525879 1,015663 0,8177757
1,831055 1,034737 0,8296967
2,13623 1,05381 0,8654594
1,831055 1,039505 0,8308887
1,831055 1,029968 0,8273125
2,13623 1,039505 0,8404255
1,525879 1,013279 0,834465
1,831055 1,013279 0,8356571
1,525879 1,046658 0,8487701
1,831055 1,020432 0,846386
1,831055 1,044273 0,8487701
1,831055 1,037121 0,8642673
1,525879 1,022816 0,8225441
1,831055 1,039505 0,8666515
1,831055 1,039505 0,8404255
1,831055 1,039505 0,8404255
2,13623 1,060963 0,8523464
2,13623 1,058578 0,8714199
2,13623 1,065731 0,8630753
1,525879 1,044273 0,8392334
1,831055 1,063347 0,8535385
2,441406 1,044273 0,8654594
1,831055 1,037121 0,8499622
1,831055 1,05381 0,8487701
1,831055 1,049042 0,8511543
1,525879 1,013279 0,8273125
1,831055 1,037121 0,834465
1,831055 1,068115 0,8440018
1,831055 1,032352 0,846386
2,13623 1,063347 0,8809566
1,831055 1,041889 0,8654594
1,525879 1,046658 0,872612
1,525879 1,049042 0,8511543
1,831055 1,056194 0,872612
1,831055 1,080036 0,8785725
1,831055 1,058578 0,8451939
2,13623 1,037121 0,8773804
1,525879 1,060963 0,859499
1,831055 1,101494 0,8869171
1,525879 1,070499 0,8690357
1,831055 1,060963 0,8630753
1,831055 1,063347 0,8630753
1,831055 1,094341 0,8893013
2,13623 1,084805 0,8773804
1,831055 1,068115 0,8809566
1,525879 1,072884 0,8893013
1,831055 1,115799 0,9214878
2,13623 1,101494 0,9226799
1,831055 1,101494 0,9059906
2,13623 1,132488 0,9274483
1,831055 1,134872 0,9274483
1,831055 1,09911 0,9119511
1,831055 1,142025 0,9489059
2,13623 1,173019 0,9846687
1,831055 1,153946 0,9524822
2,13623 1,175404 0,9739399
2,13623 1,270771 1,043081
2,13623 1,223087 1,003742
2,441406 1,327991 1,068115
2,746582 1,311302 1,056194
2,13623 1,251698 1,035929
2,13623 1,285076 1,059771
2,441406 1,330376 1,088381
2,13623 1,378059 1,106262
2,441406 1,306534 1,065731
2,13623 1,273155 1,058578
2,13623 1,33276 1,078844
2,13623 1,339912 1,093149
2,13623 1,330376 1,091957
2,13623 1,337528 1,113415
2,13623 1,380444 1,10507
2,441406 1,370907 1,113415
2,441406 1,401901 1,12772
2,441406 1,425743 1,169443
2,441406 1,368523 1,115799
2,441406 1,38998 1,144409
2,441406 1,382828 1,137257
2,13623 1,358986 1,111031
2,441406 1,380444 1,151562
2,441406 1,454353 1,18494
2,13623 1,401901 1,13368
2,13623 1,40667 1,175404
2,441406 1,449585 1,190901
2,441406 1,409054 1,169443
2,746582 1,459122 1,192093
2,13623 1,378059 1,170635
2,441406 1,451969 1,195669
2,13623 1,447201 1,20759
