0,6103516 0,2988181 0,2257032
0,6103516 0,3337863 0,2447768
0,6103516 0,3115338 0,2320611
0,6103516 0,2988181 0,2209348
0,6103516 0,2861023 0,2129875
0,8138021 0,2797444 0,2161664
0,6103516 0,2988181 0,23524
0,6103516 0,3051759 0,2177559
0,6103516 0,2956391 0,2177559
0,6103516 0,2638497 0,2082191
0,4069011 0,2733865 0,2050401
0,6103516 0,3019969 0,2209348
0,6103516 0,2702076 0,2034507
0,6103516 0,2924601 0,2241137
0,4069011 0,2765655 0,2066296
0,8138021 0,2956391 0,2161664
0,8138021 0,3019969 0,232061
0,8138021 0,2861022 0,2098085
0,8138021 0,3083548 0,2241137
0,6103516 0,3115338 0,2336505
0,4069011 0,2956391 0,2225243
0,6103516 0,2924602 0,2177559
0,6103516 0,2956391 0,2177559
0,6103516 0,3083549 0,2241138
0,6103516 0,2702076 0,1939139
0,6103516 0,2924601 0,2161664
0,6103516 0,2733865 0,2034507
0,6103516 0,2924602 0,2209348
0,8138021 0,3083548 0,2209348
0,6103516 0,2956391 0,2257032
0,6103516 0,3115337 0,23524
0,6103516 0,2829233 0,2241137
0,6103516 0,3019969 0,2241137
0,6103516 0,298818 0,2241137
0,6103516 0,3147127 0,2368295
0,6103516 0,2861023 0,2177559
0,6103516 0,2924602 0,214577
0,8138021 0,2670287 0,2098085
0,6103516 0,2797444 0,2161664
0,6103516 0,298818 0,211398
0,8138021 0,2702076 0,2034507
0,8138021 0,3115337 0,2304716
0,8138021 0,2861022 0,2304715
0,6103516 0,3019969 0,214577
0,6103516 0,3242495 0,2241138
1,017253 0,2861023 0,2209348
0,6103516 0,2861023 0,2129875
0,6103516 0,3051759 0,2336505
0,8138021 0,3051759 0,2241137
0,8138021 0,2829233 0,2193453
0,4069011 0,3051759 0,2320611
0,6103516 0,2956391 0,2177559
0,6103516 0,3051759 0,23524
0,6103516 0,2829233 0,2225242
0,6103516 0,3083549 0,2257032
0,4069011 0,2829233 0,211398
0,6103516 0,2733865 0,2209348
0,6103516 0,3083548 0,2193454
0,4069011 0,2797444 0,2225242
0,6103516 0,3274285 0,2479557
0,6103516 0,2829233 0,2225242
0,6103516 0,3051759 0,2272927
0,6103516 0,2956391 0,2129875
0,6103516 0,298818 0,2257032
0,6103516 0,2733865 0,2066296
0,8138021 0,2797444 0,2177558
0,6103516 0,298818 0,2288821
0,6103516 0,3083549 0,2400084
0,6103516 0,3083548 0,2241137
0,6103516 0,3242495 0,2304716
0,4069011 0,2924602 0,2304716
0,4069011 0,3051759 0,2209348
0,8138021 0,2956391 0,2241137
0,6103516 0,2670287 0,2018612
0,6103516 0,2702076 0,211398
0,6103516 0,2861023 0,2225242
0,4069011 0,2702076 0,2145769
0,8138021 0,3051759 0,2320611
0,6103516 0,3178917 0,2304716
0,6103516 0,298818 0,2225243
0,6103516 0,2924601 0,2193453
0,6103516 0,298818 0,2241137
0,6103516 0,3051759 0,2288821
0,8138021 0,3306074 0,2479557
0,6103516 0,2797444 0,2209348
0,6103516 0,2956391 0,2193453
0,8138021 0,3337863 0,2527241
0,8138021 0,3178917 0,2447768
0,6103516 0,3147127 0,23524
0,8138021 0,3147127 0,2400084
0,8138021 0,3083548 0,2336505
0,6103516 0,2765655 0,211398
0,6103516 0,301997 0,2225243
0,6103516 0,3369652 0,2527241
0,6103516 0,2924601 0,2177559
0,6103516 0,3115338 0,2368295
0,8138021 0,346502 0,2606713
0,8138021 0,3115337 0,2336505
0,6103516 0,3178917 0,2447768
0,6103516 0,3115338 0,2320611
0,6103516 0,3115338 0,2288821
0,6103516 0,3274285 0,2431873
0,6103516 0,2924602 0,2257032
0,6103516 0,3274285 0,2415979
0,8138021 0,3242495 0,2447768
0,6103516 0,3369652 0,2479557
0,6103516 0,3147127 0,2288821
0,6103516 0,3242495 0,2511346
0,8138021 0,298818 0,2161664
0,6103516 0,3083549 0,23524
0,6103516 0,3178916 0,2336505
0,8138021 0,3242495 0,2400084
1,017253 0,3051759 0,2336505
0,6103516 0,3337863 0,2527241
0,6103516 0,3083549 0,2225243
0,6103516 0,2956391 0,2272926
0,6103516 0,3115338 0,2320611
0,8138021 0,3210706 0,2400084
0,6103516 0,2924602 0,2304716
0,6103516 0,2892812 0,2241137
0,8138021 0,3051759 0,2272927
0,8138021 0,3051759 0,2336505
1,017253 0,3306074 0,2447768
0,6103516 0,2829233 0,2257032
0,6103516 0,3210706 0,2384189
0,8138021 0,3337863 0,255903
0,8138021 0,3051759 0,2320611
0,6103516 0,3465019 0,2511346
0,8138021 0,3274285 0,2463663
0,8138021 0,3115338 0,2415978
0,8138021 0,2924601 0,2225243
0,6103516 0,3115337 0,2368294
0,6103516 0,3178916 0,2415978
0,8138021 0,3147127 0,2368295
0,6103516 0,343323 0,2479557
0,6103516 0,298818 0,2225243
0,8138021 0,3051759 0,2257032
0,8138021 0,3306074 0,2320611
0,6103516 0,3147127 0,2431873
0,6103516 0,298818 0,2463662
0,8138021 0,3147127 0,23524
0,6103516 0,2892812 0,2241137
0,6103516 0,3306074 0,2479557
0,6103516 0,3274285 0,2479557
0,6103516 0,3051759 0,2304716
0,6103516 0,3147127 0,2415979
0,6103516 0,3496808 0,2590818
0,6103516 0,3274285 0,2447768
0,6103516 0,3147127 0,23524
0,6103516 0,301997 0,2320611
0,8138021 0,3210706 0,2479557
0,6103516 0,3369653 0,2511347
0,6103516 0,2956391 0,232061
0,6103516 0,3147127 0,2288821
0,6103516 0,2892812 0,2272926
0,6103516 0,3369653 0,255903
0,8138021 0,3369653 0,255903
0,6103516 0,3178916 0,2495452
0,6103516 0,2956391 0,2336505
0,8138021 0,3369653 0,2590819
0,6103516 0,3401441 0,2463662
0,8138021 0,3274285 0,2415979
0,6103516 0,3178917 0,2400084
0,6103516 0,3242495 0,2479557
0,6103516 0,3496808 0,2590818
0,6103516 0,3083549 0,2304716
0,8138021 0,3369653 0,2431874
0,6103516 0,3274285 0,2431874
0,6103516 0,2924601 0,2304716
0,8138021 0,3592176 0,267029
0,8138021 0,3560387 0,2574924
0,6103516 0,3242495 0,2400084
0,6103516 0,3115337 0,2400084
1,017253 0,3337863 0,2463663
0,4069011 0,2988181 0,2320611
0,8138021 0,3528598 0,2590818
0,6103516 0,3051759 0,2384189
0,6103516 0,3369653 0,2495452
0,8138021 0,3306074 0,2447768
0,6103516 0,3242495 0,2463663
0,6103516 0,3337863 0,2574925
0,6103516 0,3274285 0,2447768
0,6103516 0,3401442 0,2606713
0,8138021 0,3306074 0,2511347
0,6103516 0,3242495 0,2543135
0,6103516 0,3051759 0,23524
0,8138021 0,3115337 0,2447768
0,6103516 0,3306074 0,2527241
0,6103516 0,3210706 0,2447768
0,6103516 0,301997 0,2320611
0,8138021 0,3147127 0,2384189
0,6103516 0,2892812 0,2225243
0,6103516 0,3401442 0,2590819
0,6103516 0,3369653 0,2511347
0,6103516 0,301997 0,2336505
0,8138021 0,3337863 0,255903
0,6103516 0,3655754 0,2733868
0,6103516 0,2829233 0,2193453
0,6103516 0,3401442 0,2543135
0,6103516 0,3210706 0,2511346
0,6103516 0,3306074 0,2479557
0,6103516 0,298818 0,2272927
0,8138021 0,346502 0,2606713
0,6103516 0,3115337 0,2336505
0,6103516 0,2797444 0,2177558
0,6103516 0,3433231 0,2511346
0,6103516 0,3242495 0,2415979
0,6103516 0,298818 0,2400084
0,8138021 0,3178917 0,2431873
0,6103516 0,3051759 0,2415978
0,6103516 0,343323 0,2574924
1,017253 0,3528598 0,2654396
0,6103516 0,3083549 0,23524
0,6103516 0,3337863 0,2511347
0,8138021 0,3115338 0,2479557
0,6103516 0,3083548 0,23524
0,6103516 0,3496809 0,2622607
0,8138021 0,3337863 0,2495452
0,6103516 0,3496809 0,2622607
0,6103516 0,3528598 0,2606713
1,017253 0,3655753 0,2702079
0,6103516 0,2924601 0,2272926
0,6103516 0,3337863 0,2495452
0,8138021 0,3306074 0,2527241
0,6103516 0,3210706 0,2511346
0,8138021 0,2892812 0,2336505
0,6103516 0,3115338 0,2415978
0,8138021 0,3623964 0,2717974
0,6103516 0,3337863 0,2527241
0,8138021 0,3623964 0,2749763
0,6103516 0,3528597 0,2638501
1,017253 0,3592176 0,2717974
0,6103516 0,3687542 0,2749762
0,6103516 0,3496808 0,2638502
0,6103516 0,3369653 0,2447768
0,6103516 0,3623964 0,2702079
0,6103516 0,3560386 0,267029
0,6103516 0,3719332 0,2717974
0,6103516 0,3560386 0,267029
0,6103516 0,3210706 0,2431873
0,8138021 0,3719331 0,2717973
0,6103516 0,3433231 0,2622608
0,8138021 0,3560386 0,2622607
0,6103516 0,3083549 0,2431873
0,6103516 0,3496808 0,2654396
0,6103516 0,3337863 0,2606713
0,6103516 0,3337863 0,2527241
1,017253 0,3655754 0,2638502
0,6103516 0,3560386 0,2654396
0,8138021 0,3274285 0,2400084
0,6103516 0,3210706 0,2543135
0,6103516 0,3178917 0,2463662
0,6103516 0,3465019 0,2638502
0,6103516 0,3528598 0,2638502
1,017253 0,3560387 0,2654397
0,8138021 0,3433231 0,2622608
0,8138021 0,3846487 0,281334
0,8138021 0,3623965 0,2717974
0,8138021 0,378291 0,2861024
1,017253 0,3496809 0,2606713
0,6103516 0,3623964 0,2781551
0,6103516 0,3814699 0,2829234
0,8138021 0,3751121 0,2765657
0,8138021 0,3846487 0,2829234
0,8138021 0,3973643 0,2908706
1,017253 0,3401442 0,2606713
0,8138021 0,3592176 0,2702079
0,8138021 0,3719332 0,2797446
0,8138021 0,378291 0,281334
0,8138021 0,3528598 0,2654397
0,8138021 0,3496809 0,2670291
0,6103516 0,346502 0,2654397
0,8138021 0,3941854 0,2908706
0,8138021 0,3623964 0,267029
0,8138021 0,3496809 0,2733869
0,6103516 0,3401441 0,2574924
0,6103516 0,3337863 0,2606713
0,6103516 0,3496809 0,2559029
0,6103516 0,3910065 0,2845128
0,6103516 0,3623964 0,2654396
0,6103516 0,3337863 0,2606713
0,8138021 0,3941854 0,2908706
0,8138021 0,3655754 0,2749763
0,8138021 0,3623964 0,2749763
0,6103516 0,3623964 0,2765657
0,6103516 0,3528597 0,2717974
0,6103516 0,4196166 0,3083544
0,8138021 0,3719332 0,281334
0,6103516 0,3655753 0,2733868
0,8138021 0,3973643 0,2940495
0,6103516 0,3560386 0,2686185
1,017253 0,3751121 0,2765657
0,6103516 0,3401442 0,2606713
0,6103516 0,3782909 0,2749762
0,6103516 0,3496808 0,2638502
0,6103516 0,375112 0,2749762
0,6103516 0,3178917 0,2527241
0,8138021 0,3846487 0,2940495
0,6103516 0,3941855 0,2829234
0,6103516 0,3687542 0,2797446
0,8138021 0,3560387 0,270208
0,6103516 0,406901 0,3004072
0,8138021 0,3369653 0,2606713
0,6103516 0,3655753 0,2749763
0,6103516 0,406901 0,2940494
0,6103516 0,3687542 0,2717973
0,8138021 0,3560387 0,270208
0,6103516 0,3528597 0,267029
0,8138021 0,4005433 0,2892812
0,6103516 0,4164377 0,3051755
0,6103516 0,3528598 0,270208
0,6103516 0,3592176 0,2686185
0,8138021 0,3814698 0,2781551
0,8138021 0,3719332 0,2781551
0,8138021 0,375112 0,281334
0,6103516 0,375112 0,2797445
0,6103516 0,3814698 0,2797445
0,6103516 0,3719331 0,2797446
0,8138021 0,3687543 0,2686185
0,8138021 0,3623964 0,2749763
0,6103516 0,3496808 0,2622607
1,017253 0,3941855 0,2876917
0,8138021 0,3528598 0,2686185
0,8138021 0,3560387 0,267029
0,6103516 0,346502 0,2638502
0,8138021 0,3528597 0,2717974
0,8138021 0,3814698 0,2861023
0,6103516 0,4005432 0,2988178
0,8138021 0,3973643 0,29246
0,8138021 0,3592176 0,2686185
0,6103516 0,3910065 0,2797444
0,6103516 0,3878276 0,2892812
0,6103516 0,3814698 0,2876918
0,8138021 0,3878276 0,2876917
0,6103516 0,4100799 0,3004072
0,6103516 0,3623964 0,2797446
0,6103516 0,3846487 0,2876917
0,6103516 0,3846488 0,2876918
0,8138021 0,41008 0,3019967
0,8138021 0,3528597 0,267029
0,6103516 0,3941854 0,2892811
0,6103516 0,3592176 0,2781552
0,8138021 0,41008 0,3019967
0,8138021 0,3878277 0,2892812
0,6103516 0,3814698 0,2892812
0,8138021 0,4005432 0,2972284
0,8138021 0,4132588 0,3019966
0,8138021 0,4132588 0,3019966
0,8138021 0,3592176 0,2733868
0,8138021 0,4005433 0,2956389
0,8138021 0,3846487 0,2845128
0,6103516 0,3687543 0,2749763
0,6103516 0,3719331 0,2797445
0,8138021 0,3687542 0,2797446
0,8138021 0,4323322 0,3131227
0,8138021 0,4259744 0,3115333
0,8138021 0,3878276 0,2892812
0,8138021 0,3973643 0,2924601
0,6103516 0,3814698 0,2876917
0,8138021 0,4323322 0,3131227
0,6103516 0,4291533 0,3083544
0,8138021 0,3623964 0,2781551
0,6103516 0,3623964 0,2781551
0,8138021 0,3910065 0,2892812
0,8138021 0,378291 0,2797445
0,6103516 0,3814698 0,2876917
1,017253 0,4514056 0,3226593
0,8138021 0,4673001 0,3353748
0,8138021 0,4132588 0,306765
0,8138021 0,3782909 0,2797445
0,6103516 0,4227955 0,3099438
1,017253 0,4450478 0,3131227
1,017253 0,4545846 0,3274277
0,8138021 0,3846488 0,2892812
0,6103516 0,4291533 0,3099438
0,6103516 0,4323322 0,3131227
0,6103516 0,4577634 0,3417326
0,8138021 0,4609423 0,3306065
0,8138021 0,4577634 0,3321959
1,017253 0,4132589 0,306765
0,8138021 0,4132588 0,3083544
0,8138021 0,4323322 0,3147121
0,8138021 0,4514056 0,3290171
0,8138021 0,4450479 0,317891
0,8138021 0,4577634 0,34968
0,8138021 0,4450479 0,3226594
0,8138021 0,4609423 0,3417326
0,8138021 0,4609423 0,3496799
0,8138021 0,4514056 0,3449116
0,6103516 0,4355111 0,3242487
0,6103516 0,4418689 0,317891
0,8138021 0,4545845 0,3401431
1,017253 0,4609423 0,3417326
0,8138021 0,4609423 0,3449115
1,424154 0,4800158 0,3623956
1,017253 0,4641213 0,3512695
1,017253 0,4831947 0,3655746
1,017253 0,4768369 0,3719325
1,017253 0,4641213 0,3623958
1,017253 0,4609424 0,3512695
0,8138021 0,4673001 0,3512694
0,8138021 0,4895525 0,3830588
1,017253 0,505447 0,3894167
0,8138021 0,4641213 0,352859
0,6103516 0,4641212 0,3608063
1,017253 0,4831946 0,3846484
1,017253 0,5118049 0,3989535
1,017253 0,4990892 0,3735219
1,017253 0,508626 0,3814693
1,017253 0,508626 0,3957745
1,017253 0,505447 0,3910061
1,017253 0,5499521 0,4466377
1,017253 0,5435943 0,4164377
1,220703 0,5594889 0,4307429
1,017253 0,607173 0,4704797
1,017253 0,6262464 0,4911427
1,017253 0,6135308 0,478427
1,017253 0,7088979 0,5372372
1,220703 0,6834667 0,5229322
1,220703 0,7375082 0,5817413
1,627604 0,7979077 0,627835
2,237956 0,8138021 0,6437296
1,627604 0,8742012 0,6691608
1,831055 0,9346001 0,7247918
1,627604 1,036326 0,7915493
2,237956 1,122158 0,8757915
2,034505 1,141231 0,8757913
2,237956 1,325606 1,0252
2,848307 1,481374 1,126925
3,255208 1,640321 1,25726
6,917317 2,034505 1,517932
8,74837 2,438228 1,829465
27,87271 3,544489 2,436638
22,58301 3,712973 2,641677
18,10711 5,464555 3,593764
26,24511 7,899604 5,021098
30,72101 11,77788 7,406871
34,99345 16,15524 10,22974
39,87625 19,72198 13,15593
68,96989 25,66973 17,75105
56,35587 32,34225 22,80711
59,40765 38,54432 28,51645
64,29049 43,50978 32,43605
71,41132 48,26229 37,89742
91,55276 51,97211 41,60246
68,96989 55,58338 46,01959
81,78729 58,35542 49,65309
93,58723 61,68058 51,99119
91,55276 63,14608 54,91263
78,53213 61,47713 53,20236
76,29416 61,40084 53,58383
92,77345 63,45125 54,77752
97,65618 67,11972 58,51911
78,73557 64,637 56,06023
86,67002 66,86861 57,00753
88,09416 66,88132 58,01368
93,18034 67,55209 58,63517
97,65618 71,62109 62,68353
97,65618 71,45898 62,67877
97,65618 72,03436 61,57728
97,65618 74,37404 64,36678
97,65618 75,4771 65,53979
97,65618 75,72191 66,11517
97,65618 78,58926 67,19759
97,65618 80,43304 68,6631
97,85963 83,36397 71,40488
97,65618 82,22911 71,49709
97,65618 86,03739 74,4614
97,85963 88,05281 76,6596
97,65618 86,19317 75,49294
97,65618 84,24452 72,56837
97,85963 84,76903 74,16258
97,85963 87,49651 76,91232
97,6562 85,75768 74,89694
97,65618 87,14046 76,75181
97,65618 87,44883 76,73589
97,85963 87,55374 76,01271
97,65618 88,19588 76,55791
97,65618 87,76037 77,12055
97,85963 88,45336 77,88825
97,85963 87,98607 77,69912
97,85963 87,94156 75,4707
97,65618 88,71403 79,03108
97,65618 88,77443 79,24884
97,65618 88,45018 77,95343
97,65618 87,61731 75,20682
97,85963 89,41657 79,32037
97,85963 90,63088 79,43476
97,6562 89,76942 78,22998
97,65618 91,66087 80,69363
97,65618 88,75855 77,6546
97,65618 90,23988 78,95638
97,65618 89,97922 79,8147
97,65618 88,50739 78,05197
97,65618 90,07457 81,16733
97,65618 89,84571 79,68752
97,85963 89,3784 77,57674
97,85964 89,90613 78,77043
97,65618 90,30983 78,29356
97,65618 89,85208 79,84334
97,65618 90,08414 79,31561
97,65618 91,38112 80,66666
97,65618 91,48284 79,23291
97,85964 90,7326 79,51427
97,65618 90,40836 80,4314
97,85963 91,45104 81,24998
97,85963 90,4211 78,55582
97,85963 90,8121 81,38347
104,1665 91,23168 79,97519
97,65618 90,23038 79,14236
97,65618 90,18267 79,61122
97,65618 88,12276 78,34763
99,48721 90,17631 77,60059
99,8941 91,58455 82,01611
101,9286 91,94057 81,78562
99,8941 90,7803 80,66982
97,65618 88,38978 78,92778
110,6768 92,08999 81,18795
101,7251 92,52869 83,1605
98,26653 92,54456 82,62804
97,65618 91,88657 81,95094
97,65618 89,61366 79,61602
110,6768 91,3684 80,46161
101,9286 91,29213 81,34694
110,4734 89,41339 77,96617
103,9631 90,68176 81,3819
99,8941 90,32574 79,64147
103,1493 89,82663 78,79267
100,301 90,30032 82,32448
102,7424 90,58321 79,2997
105,9975 92,78298 81,07987
97,65618 92,58272 82,41662
100,7079 90,11591 79,07875
99,28377 93,41558 83,64371
107,2182 92,29662 83,04288
110,6768 91,92153 81,64258
98,26653 90,1795 78,42071
102,132 90,92017 82,10988
103,5562 91,79118 80,96706
98,06308 93,39014 82,1321
