0,1220703 0,003814697 0,001907349
0,2441406 0,009536744 0,004768372
0,1220703 0,005722046 0,002861023
0,3662109 0,01716614 0,008583069
0,1220703 0,01525879 0,007629395
0,2441406 0,01716614 0,00858307
0,3662109 0,01525879 0,007629395
0,2441406 0,01907349 0,009536744
0,1220703 0,003814697 0,001907349
0,1220703 0,001907349 0,0009536744
0 0 0
0,2441406 0,005722046 0,002861023
0,1220703 0,01144409 0,005722046
0,1220703 0,001907349 0,0009536744
0,1220703 0,003814697 0,001907349
0,2441406 0,01525879 0,007629395
0,1220703 0,001907349 0,0009536744
0,3662109 0,01907349 0,009536743
0,1220703 0,009536744 0,004768372
0,2441406 0,01907349 0,009536744
0,1220703 0,007629395 0,003814697
0,1220703 0,001907349 0,0009536744
0,1220703 0,007629395 0,003814697
0,1220703 0,005722046 0,002861023
0,1220703 0,005722046 0,002861023
0,1220703 0,01144409 0,005722046
0,1220703 0,007629395 0,003814697
0,2441406 0,01716614 0,00858307
0,2441406 0,005722046 0,002861023
0,2441406 0,007629395 0,003814697
0,2441406 0,007629395 0,003814697
0,2441406 0,01144409 0,005722046
0,1220703 0,001907349 0,0009536744
0,1220703 0,009536744 0,004768372
0,1220703 0,007629395 0,003814697
0,1220703 0,01335144 0,006675721
0,1220703 0,01525879 0,007629395
0,2441406 0,01335144 0,006675721
0,1220703 0,005722046 0,002861023
0,1220703 0,009536744 0,004768372
0,1220703 0,01716614 0,00858307
0,3662109 0,02288818 0,01144409
0,2441406 0,01716614 0,00858307
0,2441406 0,01716614 0,00858307
0,2441406 0,02479553 0,01239777
0,1220703 0,007629395 0,003814697
0,2441406 0,007629395 0,003814697
0,2441406 0,01335144 0,006675721
0,2441406 0,01907349 0,009536744
0,2441406 0,01144409 0,005722046
0,2441406 0,01335144 0,006675721
0,2441406 0,01716614 0,00858307
0,1220703 0,01144409 0,005722046
0,2441406 0,01525879 0,007629395
0,2441406 0,01525879 0,007629395
0,2441406 0,01144409 0,005722046
0,3662109 0,02479553 0,01239777
0,2441406 0,01335144 0,006675721
0,2441406 0,01144409 0,005722046
0,7324219 0,04005432 0,02002716
0,2441406 0,01335144 0,006675721
0,2441406 0,01716614 0,00858307
0,2441406 0,01525879 0,007629395
0,3662109 0,02288818 0,01144409
0,3662109 0,01525879 0,007629395
0,4882813 0,02479553 0,01239777
0,3662109 0,02288818 0,01144409
0,3662109 0,02479553 0,01239777
0,2441406 0,01335144 0,006675721
0,4882813 0,02861023 0,01430512
0,1220703 0,01144409 0,005722046
0,6103516 0,04196167 0,02098083
0,6103516 0,03623962 0,01811981
0,3662109 0,02479553 0,01239777
0,6103516 0,04577637 0,02288818
0,6103516 0,07247925 0,03623962
0,2441406 0,04577637 0,02288819
0,6103516 0,05531311 0,02765656
0,3662109 0,07247925 0,03623962
0,6103516 0,1029968 0,05149841
0,7324219 0,1010895 0,05054474
0,4882813 0,1678467 0,08392334
0,7324219 0,2098083 0,1049042
0,7324219 0,2479553 0,1277924
0,7324219 0,2937317 0,1707077
1,342774 0,3185272 0,1754761
0,8544922 0,3147125 0,1821518
0,7324219 0,3032684 0,166893
0,7324219 0,3128052 0,1764297
0,8544922 0,3089905 0,1707077
0,6103516 0,3318787 0,1869202
0,6103516 0,3471375 0,2088547
0,8544922 0,3795624 0,2117157
0,6103516 0,3204346 0,1983643
0,8544922 0,3910065 0,2336502
1,098633 0,3700256 0,2069473
0,8544922 0,3395081 0,1955032
0,8544922 0,3929138 0,2374649
0,8544922 0,3528595 0,1983643
0,7324219 0,3604889 0,2040863
0,7324219 0,371933 0,2164841
0,8544922 0,4043579 0,2336502
0,8544922 0,41008 0,2565384
0,9765626 0,4177094 0,2355576
0,7324219 0,3757477 0,2155304
0,8544922 0,4329681 0,2660751
0,8544922 0,4386902 0,2622604
0,8544922 0,4463196 0,2689362
1,098633 0,4081726 0,2393723
1,098633 0,4463196 0,2613068
1,098633 0,4367828 0,2574921
0,8544922 0,4577637 0,2794266
0,9765626 0,459671 0,2841949
1,098633 0,4940033 0,2908707
0,9765626 0,5111694 0,3032684
0,8544922 0,4444122 0,2613068
0,9765626 0,4520416 0,2717972
0,9765626 0,5226135 0,3185272
1,342773 0,5264282 0,3099442
1,220703 0,5340576 0,3137589
1,464844 0,5226135 0,3232956
0,9765626 0,5207062 0,3185272
1,342774 0,5207062 0,2985001
0,8544922 0,5168915 0,3347397
1,098633 0,5187988 0,3070831
1,220703 0,5340576 0,3213882
1,220703 0,5168915 0,3070831
1,098633 0,5130768 0,330925
0,8544922 0,497818 0,2946854
1,342774 0,5474091 0,3328323
1,342774 0,5435944 0,3185272
1,098633 0,5302429 0,3185272
1,220703 0,5722046 0,3576279
1,098633 0,5588531 0,3490448
0,8544922 0,5226135 0,3376007
1,342774 0,5474091 0,3528595
1,098633 0,5531311 0,3290176
1,098633 0,5683899 0,3633499
1,220703 0,6141663 0,4072189
1,220703 0,5989075 0,3728867
1,831055 0,6160736 0,3795624
1,098633 0,5645752 0,3490448
1,220703 0,5760193 0,3499985
1,098633 0,6122589 0,3929138
1,220703 0,6198883 0,3957748
1,220703 0,6351471 0,4024506
1,098633 0,6008148 0,3681183
0,9765626 0,6370544 0,4081726
1,342774 0,623703 0,3814697
1,464844 0,6351471 0,377655
1,220703 0,5893707 0,3585815
1,098633 0,6313324 0,3824234
1,586914 0,6465912 0,4110336
1,342774 0,5531311 0,3490448
1,342774 0,585556 0,3929138
1,464844 0,617981 0,3986359
1,464844 0,6713867 0,412941
1,220703 0,629425 0,4034042
1,098633 0,617981 0,4034042
1,342774 0,6713867 0,4234314
1,464844 0,6141663 0,3948212
1,586914 0,6141663 0,3852844
1,464844 0,617981 0,3843307
1,220703 0,6160736 0,3881454
1,220703 0,6332397 0,4005432
1,220703 0,6446838 0,3824234
1,220703 0,6866455 0,4482269
1,098633 0,6752014 0,4348755
1,220703 0,6446838 0,3976822
1,220703 0,6771088 0,4358292
1,098633 0,6198883 0,3728867
1,464844 0,7133484 0,4463196
1,220703 0,7076263 0,4367828
1,220703 0,749588 0,5073547
1,220703 0,7305145 0,4758835
1,342774 0,6999969 0,4262924
1,342774 0,711441 0,4549026
1,708984 0,7476807 0,4777908
1,342774 0,7305145 0,4730225
1,586914 0,7610321 0,4501343
1,831055 0,7991791 0,4873276
1,342774 0,7343292 0,4682541
1,220703 0,7629395 0,4787445
2,197266 0,7896423 0,4930496
1,464844 0,7457733 0,4720688
1,708985 0,8049011 0,4968643
1,464844 0,7820129 0,4968643
2,319336 0,8125305 0,4987717
1,586914 0,7801056 0,4796982
1,342774 0,7724762 0,4768372
1,464844 0,8239746 0,5397797
1,708984 0,8010864 0,5083084
1,708985 0,8068085 0,5140305
1,708985 0,8602142 0,5302429
1,708985 0,8411407 0,5235672
1,708985 0,7953644 0,5064011
1,464844 0,8640289 0,538826
1,342774 0,8430481 0,5455017
1,342774 0,8277893 0,538826
1,586914 0,8163452 0,5016327
1,464844 0,91362 0,5702972
2,075195 0,875473 0,5722046
1,708984 0,8983612 0,5750656
1,831055 0,9403229 0,6513596
1,831055 0,8983612 0,5779266
1,953125 0,9346008 0,5922318
1,708985 0,8544922 0,5302429
1,586914 0,9231567 0,5645752
1,586914 0,9059906 0,5664825
1,586914 0,9403229 0,6074905
2,441406 0,9117126 0,576973
2,075196 0,9040833 0,5836487
1,831055 0,9021759 0,5369186
1,831055 0,9288788 0,5588531
1,831055 0,9689331 0,6160736
2,075195 1,039505 0,6389618
1,831055 0,9384155 0,6093979
1,953125 0,8964539 0,5397797
2,075195 1,045227 0,66185
1,708985 0,91362 0,5588531
1,831055 0,9803773 0,6389618
1,953125 0,9746552 0,6456375
2,075196 1,123428 0,7209778
3,78418 1,089096 0,6952286
1,708985 1,068115 0,6799698
2,075195 1,081467 0,6732941
1,953125 1,096725 0,702858
1,831055 1,085281 0,6799698
2,197266 1,13678 0,7743835
1,708985 1,033783 0,6561279
1,953125 1,10054 0,749588
1,953125 1,12915 0,7038116
1,586914 1,131058 0,7324219
1,953125 1,167297 0,7429123
1,953125 1,068115 0,7066727
1,953125 1,054764 0,6923676
2,441406 1,123428 0,7534027
1,953125 1,195908 0,7867813
2,319336 1,228333 0,8268356
2,319336 1,256943 0,8440018
2,807617 1,188278 0,8087158
2,319336 1,256943 0,7896423
2,197266 1,190186 0,7658005
2,441406 1,192093 0,8335114
2,319336 1,178741 0,7095337
2,075195 1,163483 0,7572174
3,540039 1,251221 0,7829666
2,075196 1,188278 0,7572174
2,441406 1,226425 0,7553101
2,807617 1,173019 0,7677078
2,197266 1,214981 0,749588
3,662109 1,270294 0,8440018
2,563477 1,340866 0,8897781
3,662109 1,340866 0,8296967
2,929688 1,375198 0,8640289
3,173828 1,392365 0,9183884
4,516602 1,544952 0,9889603
3,173828 1,451492 0,8974075
3,051758 1,432419 0,8993149
2,441406 1,321793 0,8440018
3,051758 1,432419 0,9326935
2,441406 1,455307 0,9536743
2,685547 1,571655 1,058578
5,981444 1,684189 1,01757
5,004882 1,760483 1,137733
4,882812 1,676559 1,049995
8,30078 1,983643 1,187325
4,27246 1,791 1,121521
3,662109 1,779556 1,094818
4,02832 1,792908 1,093864
5,493164 2,004623 1,235008
8,30078 2,10762 1,316071
6,835936 2,033234 1,271248
5,737304 2,351761 1,423836
11,23047 2,477646 1,470566
7,934569 2,321243 1,399994
6,347655 2,218246 1,308441
7,202146 2,738953 1,592636
10,25391 2,664566 1,598358
10,98633 3,02887 1,80912
7,202147 3,103256 1,846313
8,30078 3,379822 2,078056
8,544923 3,202438 1,886368
7,934569 3,440857 2,069473
7,446289 3,517151 2,117157
10,25391 3,839493 2,41375
12,57325 4,03595 2,346992
8,422853 4,253387 2,497673
11,35254 4,814148 2,842903
10,86426 5,275726 3,050804
15,38087 5,548477 3,486633
12,45118 5,821228 3,546715
12,20704 6,807327 4,196167
12,45118 6,746293 4,29535
12,81738 7,377625 4,759789
12,32911 7,408143 4,815102
16,72364 8,459091 5,436897
15,86914 7,419586 4,963875
15,74708 8,415222 5,500793
14,4043 8,062363 5,455017
13,91602 8,693695 5,773544
15,74708 7,902146 5,184174
17,33399 8,527756 5,741119
16,35742 8,171082 5,58567
16,4795 8,644104 5,870819
14,89258 8,535385 5,815506
14,28223 8,983612 6,06823
19,28711 8,687973 6,020546
17,57813 8,562088 5,954742
20,50782 9,506226 6,449699
17,08985 9,498596 6,401062
19,7754 8,991241 6,299973
19,89747 10,43892 7,151604
17,7002 9,830475 6,598473
21,24024 10,93102 7,910729
18,43262 11,04927 7,727623
19,40918 10,30731 7,397652
19,04297 11,32393 8,063316
20,50781 10,87761 8,169174
20,50782 11,77406 8,128166
18,43262 11,87515 8,649826
21,85059 11,91139 8,467674
20,87403 11,36208 8,188248
19,89747 11,96861 8,648872
21,72852 12,29858 8,584976
22,09473 12,58659 9,207726
21,72852 12,40349 8,648872
20,01954 12,28714 9,325981
20,14161 11,69777 8,582115
19,40918 12,043 8,927345
24,41407 13,13591 9,61113
22,94922 12,4321 9,04274
23,0713 13,03101 9,587288
21,24024 13,51547 10,06222
21,97266 13,5231 9,748459
27,5879 13,61656 9,907722
21,97266 13,3419 9,548187
18,43262 12,20512 9,224892
21,72852 12,5351 8,930206
20,62989 13,1855 9,592056
22,33887 13,54027 10,20908
24,292 12,72011 9,370804
26,12306 13,49449 9,780884
22,21681 13,52692 9,928703
21,85059 12,88223 9,340286
21,97267 14,0419 10,62965
22,46094 13,42583 9,656906
30,0293 13,60321 10,04791
22,09474 13,49259 9,533882
25,87891 14,15253 10,35786
26,00098 13,52882 9,819984
21,72853 13,96179 10,37788
27,83203 14,00185 10,38075
31,86034 14,28604 10,37979
21,72852 14,38141 10,67925
30,02929 14,90975 11,00636
23,80372 15,19776 10,77843
28,68653 14,80866 10,71358
23,19336 15,31029 11,25717
21,97266 14,19258 10,43224
26,7334 14,12773 10,43606
24,78028 15,28359 11,33347
21,11817 14,21738 10,72788
22,33888 13,29231 9,855271
22,2168 13,82637 10,06699
24,78028 15,36942 11,6272
22,46094 14,53018 10,69641
23,0713 14,29749 10,59246
28,8086 14,52065 10,54955
25,63477 14,65035 10,86331
23,31544 14,53018 10,70881
28,19825 15,82146 11,43456
24,16993 15,0528 11,11698
21,72852 14,22691 10,55241
22,58302 14,91737 11,12747
26,12306 14,93836 11,24573
21,36231 14,74571 10,92339
26,00098 15,14244 11,28674
22,70508 15,32173 11,19804
28,32031 14,85062 10,80322
23,68165 14,44054 10,41985
25,63477 15,05661 11,17229
27,58789 15,19013 11,19232
24,78028 14,88686 10,952
28,19824 15,74707 11,65009
20,62989 13,50403 9,605408
23,68165 15,2607 11,42216
23,80371 14,40048 10,58006
22,58301 14,35089 10,59818
24,53614 14,8201 10,73456
23,19337 14,6389 10,55336
23,19337 14,38522 10,49042
27,46582 15,96832 11,74069
25,14649 14,95552 10,45609
20,50782 13,41057 10,18334
21,85059 15,05852 11,0178
23,0713 15,39421 11,53183
25,75684 14,99939 10,80513
20,62988 14,87541 10,81181
26,73342 14,71138 11,0302
27,46583 16,41274 12,146
21,48438 15,07568 10,98442
25,02442 15,39421 11,21807
24,41407 13,86833 10,01549
28,56445 15,53536 11,19423
24,292 15,08522 10,83946
21,72853 14,64462 10,73551
26,97755 14,86588 11,00063
26,24512 14,85252 10,89287
26,85548 14,51874 10,79083
23,43751 15,29694 10,72979
28,93066 15,47623 11,48701
28,68652 14,9231 10,57816
26,00098 15,31792 11,549
26,85547 14,74953 10,51426
22,82715 15,16152 11,29913
26,85546 15,27405 11,2505
25,39064 15,56969 11,59096
27,22169 14,78767 11,15799
31,86034 15,67078 11,74641
24,53614 15,46669 11,40404
32,10448 15,30075 11,6787
23,80372 16,02364 11,693
24,292 15,93209 12,01439
25,02442 14,55498 10,89954
27,09962 15,15579 11,1084
30,15137 15,58685 11,06453
22,82715 15,02037 11,24573
23,19337 15,14816 11,49845
25,51271 15,76424 11,60526
23,80372 15,62882 11,93905
22,46094 14,69422 10,82802
26,97754 15,22637 10,92911
26,24513 15,60211 11,2896
21,60646 14,72092 10,93483
25,1465 14,98222 10,92053
24,53614 15,3389 11,73115
25,26856 15,74326 11,73687
23,31544 14,83345 10,80799
26,85548 15,60593 12,23469
23,80372 15,84053 11,82079
22,09474 15,25688 11,49464
26,61133 15,66315 11,3802
25,02442 15,42092 11,11984
25,5127 14,91928 10,69164
25,14649 15,59258 11,67584
25,5127 16,01601 11,7302
24,16993 15,29503 11,36398
24,78028 15,79476 11,549
25,39064 15,25116 11,47747
24,78028 15,31983 11,51943
29,29688 14,78577 10,42843
26,24512 15,64217 11,52039
22,70508 15,51056 11,11126
23,68165 16,44707 12,28428
24,65822 16,3002 12,1851
28,44239 16,31737 12,01916
27,2217 16,37459 11,66439
27,22169 16,11519 11,73973
27,09962 16,34026 11,88088
26,85548 16,35361 11,78074
23,07131 15,9359 11,59477
21,11817 14,925 11,42693
24,65821 15,8329 11,55567
28,07618 15,58876 11,66153
25,75685 15,79285 11,87706
25,75684 15,70511 11,57284
22,94923 16,08277 12,00104
28,93066 17,02118 12,57706
29,29688 16,33263 11,57475
28,68653 16,19148 12,12788
25,26857 15,17868 11,48701
23,80372 16,17241 12,25948
29,1748 16,81519 12,11643
25,5127 15,75852 12,22611
28,56445 16,83426 12,27856
25,75685 15,25307 11,54518
27,09962 16,20102 12,12502
28,19825 16,90865 12,56275
26,00098 16,49857 12,52937
26,73341 16,52718 12,35771
32,34862 17,20047 12,92896
22,94923 15,69367 11,43456
21,72852 15,89394 12,25758
27,95411 17,01546 12,49504
26,12305 17,19094 13,09013
23,07131 16,14571 12,27856
26,12305 16,79039 12,4054
24,53614 15,07187 11,66916
23,80372 16,45661 11,8866
29,54102 16,64543 12,81834
29,41895 16,63208 12,59995
28,07618 17,01164 12,94708
25,14649 16,83235 12,59708
27,46584 16,61682 11,84845
24,16993 16,38985 12,80689
28,93067 16,79611 12,70866
30,0293 17,13753 12,4054
26,97755 16,15334 11,7712
24,65821 16,10756 11,75594
25,39064 16,35361 12,33578
