0,8138021 0,2924601 0,2288821
0,8138021 0,3465019 0,2479557
0,6103516 0,2733865 0,2193453
0,6103516 0,2829233 0,2145769
0,6103516 0,2956391 0,2288821
0,4069011 0,2733865 0,2209348
0,6103516 0,298818 0,2257032
0,4069011 0,3051759 0,2225243
0,6103516 0,3401442 0,2447768
0,6103516 0,3051759 0,2304716
0,4069011 0,2670287 0,2002717
0,6103516 0,2733865 0,2082191
0,8138021 0,3274284 0,2384189
0,4069011 0,2765655 0,2098085
0,6103516 0,2733865 0,2082191
0,6103516 0,2733865 0,211398
0,6103516 0,2892812 0,2209348
0,6103516 0,3242495 0,2415979
0,6103516 0,3178916 0,2336505
1,017253 0,3147127 0,2384189
0,8138021 0,3274285 0,2574924
0,6103516 0,3115338 0,23524
0,8138021 0,3083548 0,2320611
0,4069011 0,2670287 0,2145769
0,8138021 0,3051759 0,2304716
0,8138021 0,3051759 0,2336505
0,8138021 0,3019969 0,2368294
0,6103516 0,3051759 0,2368295
0,6103516 0,2861023 0,2241137
0,8138021 0,2924601 0,2272926
0,6103516 0,3274285 0,2463663
0,8138021 0,301997 0,2272927
0,6103516 0,3178917 0,2447768
0,6103516 0,3051759 0,2257032
0,6103516 0,2924601 0,2272926
0,6103516 0,298818 0,2288821
0,6103516 0,2765654 0,2177558
0,8138021 0,3433231 0,2495452
0,6103516 0,3242495 0,2431873
0,6103516 0,3242495 0,2463663
0,8138021 0,2956391 0,2241137
0,8138021 0,298818 0,2193453
0,6103516 0,3083549 0,2304716
0,6103516 0,3178917 0,2415979
0,6103516 0,301997 0,2336505
0,6103516 0,3242495 0,2495452
0,6103516 0,3178917 0,2463662
0,8138021 0,3846488 0,2781551
1,017253 0,3687543 0,2702079
0,6103516 0,3083549 0,2304716
0,6103516 0,3083548 0,2384189
0,6103516 0,3433231 0,255903
1,017253 0,3369653 0,2495452
0,6103516 0,298818 0,2304716
0,6103516 0,3210706 0,2400084
0,8138021 0,3306074 0,2479557
0,6103516 0,3210706 0,2463663
0,6103516 0,343323 0,2590818
0,6103516 0,3623964 0,267029
0,8138021 0,3528598 0,2622607
0,8138021 0,3623966 0,2670291
0,6103516 0,3274285 0,2511347
0,8138021 0,3623965 0,2733868
0,6103516 0,3369652 0,2606713
0,6103516 0,3242496 0,2527241
0,6103516 0,3337863 0,2606713
0,6103516 0,3560387 0,2702079
0,6103516 0,4132589 0,2988178
0,6103516 0,375112 0,2717973
0,6103516 0,3846487 0,2861023
0,8138021 0,4164378 0,3035861
0,8138021 0,375112 0,2829234
0,8138021 0,3878276 0,2876917
0,8138021 0,3814698 0,2845128
0,6103516 0,3592175 0,2749763
0,8138021 0,3846489 0,2908707
0,8138021 0,3655754 0,2781551
0,8138021 0,4164377 0,3035861
1,017253 0,4577634 0,3242488
1,017253 0,4355111 0,3163016
1,017253 0,4482267 0,317891
0,8138021 0,4800158 0,3592167
0,8138021 0,4609423 0,3258382
1,017253 0,473658 0,3544483
1,220703 0,4768369 0,3687536
0,8138021 0,4768369 0,3655746
0,8138021 0,470479 0,3655747
1,017253 0,5213417 0,4005429
1,017253 0,5690258 0,4371008
1,424154 0,5626678 0,4402797
1,017253 0,6167096 0,4720691
1,424154 0,6262465 0,4800164
1,424154 0,6898247 0,5213428
2,034505 0,8455911 0,6246563
5,493164 0,9409582 0,6930026
2,848307 1,163483 0,8296965
4,882812 1,459121 1,037916
5,493164 1,69754 1,206398
6,917316 2,209345 1,583099
5,493164 2,816518 2,026558
7,52767 3,770192 2,72274
8,95182 4,806519 3,522237
11,39323 6,020863 4,409154
27,26237 7,422764 5,634626
20,34506 8,220672 6,189347
23,39681 9,46045 7,155735
27,66927 11,26607 8,563995
35,80729 13,23064 9,846685
43,13151 16,12663 11,76516
61,44211 20,05259 14,14616
49,03158 23,01216 16,55578
59,81449 27,86636 19,52966
66,32494 34,221 24,66041
76,90441 41,85676 31,59046
65,10422 42,64832 35,69761
73,24224 45,82405 37,65107
85,44925 48,56747 41,0827
81,99062 53,13239 43,86425
94,40102 56,32721 46,24845
97,45276 60,58377 48,30998
96,84249 67,26586 55,85512
97,45283 69,71363 58,28541
104,9804 71,06149 60,07198
110,0667 70,93114 61,01132
104,1666 73,52198 62,02541
125,5289 76,67226 64,54469
114,1357 73,77628 63,37008
124,7151 77,06963 65,79717
108,0322 77,31759 65,37599
103,3528 79,59049 67,34372
109,2528 78,02012 67,7538
106,6081 82,44834 71,27604
110,6771 81,04327 70,5433
110,2702 85,18222 72,29173
110,0667 81,39291 71,56532
122,2737 84,4765 72,79398
114,5426 88,64403 75,53101
125,9359 84,60679 74,19745
122,2738 88,26256 75,40703
105,3873 85,67495 74,36595
145,0602 88,71398 75,38637
122,4772 91,3747 77,0823
118,8151 90,34156 78,89903
121,6634 88,39925 76,65479
135,2945 91,48916 79,73034
122,4772 90,74846 79,04528
131,8359 90,33203 77,59729
122,4771 89,40379 78,50012
128,1738 91,84519 77,35252
126,3427 92,16944 76,41476
129,1911 90,56726 77,3271
129,3945 91,58452 79,16768
122,6806 94,29614 78,83868
135,2945 93,75254 79,5269
137,1257 91,16488 78,35226
139,9738 95,63126 81,99372
132,4463 93,2725 78,82117
120,6461 95,18622 82,59615
119,0185 95,26571 82,78531
123,2909 97,31926 83,76756
131,0221 93,7017 80,72695
127,5635 93,55541 80,5521
112,1012 94,99866 81,56297
140,3808 98,8801 84,89132
145,2637 97,8438 82,95378
131,2256 97,47821 86,42674
136,3118 98,13309 83,07455
128,7841 98,86423 85,21078
132,6497 102,4977 87,19604
132,6497 101,4773 87,86835
135,0911 100,9782 86,10568
128,9876 96,87742 82,94107
133,6669 101,0418 88,61858
132,4462 99,85287 86,66994
126,3427 99,78294 85,35384
129,1911 99,79565 86,10726
140,9912 102,6408 88,60747
127,7668 101,9923 86,6143
132,6497 102,1703 87,96533
140,7878 102,9046 87,60291
150,9602 104,3192 90,70238
136,7187 103,5595 89,77095
150,9601 103,2638 89,14947
139,3634 102,9491 88,63129
127,7669 103,4895 88,10519
132,0394 106,4714 91,95962
144,8567 103,124 85,14242
129,3945 104,1984 88,98256
140,5842 106,3728 90,36064
132,6497 103,4355 88,10997
158,2844 108,7316 93,26617
142,8222 106,8656 89,19555
147,9084 106,9132 89,42287
140,7878 111,4972 94,60448
142,6187 107,123 92,9721
150,5534 107,5204 88,86494
132,0393 105,7561 88,9651
139,3635 110,5722 93,11993
155,843 104,2239 90,18262
143,636 106,7447 90,87242
155,8431 113,3219 95,31337
151,1637 113,287 95,29117
150,3499 109,361 92,76866
160,5224 108,6871 92,32996
141,6015 111,5322 94,76978
152,3844 110,5753 94,12445
129,8013 108,5408 92,21553
145,0601 115,3659 97,53384
150,1465 118,6148 100,5284
144,6531 113,7066 94,05611
156,4533 117,9854 98,621
165,6087 115,0004 92,23463
