0,6103516 0,2733865 0,2050401
0,4069011 0,2733865 0,2145769
0,6103516 0,3178916 0,23524
0,6103516 0,2892812 0,2241137
0,6103516 0,3115337 0,2304716
0,6103516 0,2765655 0,2145769
0,4069011 0,3115338 0,23524
0,6103516 0,2702076 0,1986823
0,6103516 0,2733865 0,2082191
0,6103516 0,2892812 0,2145769
0,6103516 0,3337863 0,2415979
0,6103516 0,2956391 0,2225243
0,8138021 0,3083549 0,2225243
0,6103516 0,3051759 0,2241137
0,8138021 0,2829233 0,2161664
0,8138021 0,2956391 0,2304716
0,6103516 0,2861023 0,2082191
0,6103516 0,2924602 0,2177559
0,6103516 0,3115338 0,2304716
0,6103516 0,2956391 0,214577
0,6103516 0,3147127 0,2384189
0,6103516 0,2797444 0,2098085
0,6103516 0,3083548 0,2272927
0,8138021 0,3433231 0,2511346
0,6103516 0,3147127 0,2320611
0,6103516 0,2829233 0,2098085
0,6103516 0,3115337 0,2304716
0,4069011 0,2765655 0,2193453
0,4069011 0,2638497 0,2082191
0,6103516 0,3210706 0,2288822
0,8138021 0,2797444 0,2129875
0,6103516 0,2797444 0,2225242
0,6103516 0,2892812 0,2193453
0,6103516 0,2861023 0,2161664
0,6103516 0,2861023 0,2304716
0,6103516 0,2765655 0,2066296
0,6103516 0,2861023 0,2129875
0,6103516 0,2861023 0,2225242
0,6103516 0,2765655 0,2129875
0,6103516 0,2765655 0,211398
0,6103516 0,2924601 0,2193453
0,8138021 0,3083548 0,2368294
0,6103516 0,3115337 0,23524
1,017253 0,3051759 0,214577
0,6103516 0,3083549 0,2193454
0,6103516 0,2765655 0,211398
0,6103516 0,298818 0,2193453
0,6103516 0,2892812 0,232061
0,8138021 0,2924601 0,2177559
0,8138021 0,2797444 0,2018612
0,8138021 0,2956391 0,2177559
0,6103516 0,2829233 0,2161664
0,6103516 0,2670287 0,2225242
0,6103516 0,3115338 0,214577
0,6103516 0,2892812 0,2241137
0,6103516 0,2702076 0,2082191
0,6103516 0,298818 0,232061
0,8138021 0,3210706 0,2415978
0,6103516 0,2733865 0,2066296
0,6103516 0,3019969 0,232061
0,6103516 0,2924601 0,2145769
0,8138021 0,3242495 0,2511346
0,8138021 0,3210706 0,2431873
0,6103516 0,2956391 0,2209348
0,4069011 0,2702076 0,2066296
0,6103516 0,3178917 0,2272927
0,6103516 0,2765654 0,2098085
0,8138021 0,3210706 0,2384189
0,6103516 0,3242495 0,2400084
0,6103516 0,2829233 0,2161664
0,8138021 0,2956391 0,2225243
0,4069011 0,2702076 0,2098085
0,6103516 0,2606708 0,2002717
0,6103516 0,3051759 0,2225243
0,6103516 0,301997 0,2288821
0,6103516 0,3083549 0,2304716
0,6103516 0,3115337 0,2320611
0,6103516 0,3242495 0,2527241
0,6103516 0,2924601 0,2177559
0,6103516 0,301997 0,2225243
0,6103516 0,3210706 0,238419
0,6103516 0,3401442 0,2543136
0,6103516 0,3242495 0,2336506
0,4069011 0,2956391 0,2193453
0,6103516 0,2924602 0,2209348
0,6103516 0,2956391 0,2193453
0,6103516 0,2924601 0,2241137
0,6103516 0,2861023 0,2257032
0,6103516 0,2924601 0,2272926
0,8138021 0,3147127 0,2400084
0,6103516 0,3623964 0,2686185
0,6103516 0,3147127 0,23524
0,6103516 0,3147127 0,2463662
0,8138021 0,3401442 0,2527241
0,6103516 0,2956391 0,2288821
0,6103516 0,2924602 0,2288821
0,6103516 0,3115338 0,2400084
1,017253 0,3242495 0,2400084
0,6103516 0,3051759 0,2320611
0,6103516 0,3242495 0,2511346
0,8138021 0,3083548 0,2272927
0,6103516 0,3115337 0,2288821
0,6103516 0,298818 0,2272927
0,6103516 0,3306074 0,2511347
0,6103516 0,2988181 0,2336505
0,8138021 0,3051759 0,2304716
0,6103516 0,3051759 0,2320611
0,8138021 0,3178916 0,2400084
0,6103516 0,3242495 0,2511346
0,8138021 0,3465019 0,2543135
0,6103516 0,3178916 0,2400084
0,6103516 0,3337863 0,255903
0,6103516 0,3115338 0,2463662
0,6103516 0,3369653 0,2590819
0,6103516 0,301997 0,2336505
0,6103516 0,3274285 0,2479557
0,6103516 0,3465019 0,2670291
0,8138021 0,3401442 0,2463663
0,6103516 0,3242495 0,2606713
0,6103516 0,2956391 0,2304716
0,8138021 0,3210706 0,2415979
0,8138021 0,3337863 0,2415979
0,6103516 0,2892812 0,2209348
0,6103516 0,2956391 0,2384189
0,6103516 0,3178917 0,2336506
0,6103516 0,3210706 0,2463663
0,6103516 0,3306074 0,255903
0,6103516 0,346502 0,2622608
0,6103516 0,3242495 0,2415979
0,6103516 0,3147127 0,2304716
0,8138021 0,3496809 0,2654397
0,6103516 0,3210706 0,2400084
0,8138021 0,346502 0,2622608
0,6103516 0,3178917 0,2527241
0,8138021 0,3306074 0,2495452
0,6103516 0,3115338 0,2415978
0,6103516 0,3337863 0,2574925
0,8138021 0,3242495 0,2463662
0,6103516 0,2956391 0,2336505
0,8138021 0,3592176 0,2717974
0,6103516 0,298818 0,2304716
0,6103516 0,3433231 0,2590819
0,6103516 0,3210706 0,2447768
0,6103516 0,3210706 0,2479557
0,6103516 0,3401442 0,2527241
0,6103516 0,3019969 0,23524
0,6103516 0,3496808 0,2590818
0,8138021 0,3306074 0,2495452
0,6103516 0,3401442 0,2638502
0,6103516 0,3337863 0,2463663
0,6103516 0,3274285 0,2431874
0,8138021 0,3337863 0,2479557
0,6103516 0,3433231 0,2479557
0,6103516 0,3433231 0,2670291
0,6103516 0,3147127 0,2463662
0,6103516 0,3401441 0,2574924
0,8138021 0,3465019 0,2590818
0,6103516 0,2924602 0,2272927
0,6103516 0,3337863 0,2527241
0,6103516 0,3083549 0,2479557
0,6103516 0,3274285 0,255903
0,6103516 0,3401441 0,2606713
0,6103516 0,3401442 0,2590819
0,8138021 0,3592175 0,2733868
0,6103516 0,3274285 0,238419
0,8138021 0,3210706 0,2479557
0,6103516 0,3337863 0,2447768
0,6103516 0,3496808 0,2670291
0,6103516 0,3528597 0,2654396
0,6103516 0,3433231 0,2638502
0,8138021 0,3178917 0,2400084
0,8138021 0,3655754 0,267029
0,6103516 0,3210706 0,2511346
0,8138021 0,3560386 0,2702079
0,6103516 0,3337863 0,2511347
0,6103516 0,3115338 0,2463662
0,8138021 0,3433231 0,2606713
0,8138021 0,3496809 0,2670291
0,8138021 0,343323 0,2622607
0,6103516 0,3369652 0,2622608
0,6103516 0,3369652 0,2622608
0,6103516 0,3592176 0,2733868
0,6103516 0,3369652 0,2622608
0,8138021 0,3719332 0,2686185
0,6103516 0,3465019 0,2606713
0,6103516 0,3719332 0,2781551
0,6103516 0,3465019 0,2543135
0,6103516 0,3973643 0,2876917
0,8138021 0,3401442 0,2654397
0,8138021 0,378291 0,2829234
0,6103516 0,3560386 0,2749763
0,6103516 0,3719332 0,2702079
0,8138021 0,3655753 0,2749762
0,6103516 0,3592175 0,2686185
0,6103516 0,3592175 0,2733868
0,8138021 0,3623964 0,2733868
0,6103516 0,343323 0,2638502
1,017253 0,3846487 0,2845128
0,8138021 0,4259745 0,3083544
0,8138021 0,3401442 0,255903
1,017253 0,3846487 0,2892812
0,6103516 0,3655754 0,2749763
0,8138021 0,375112 0,2861023
0,6103516 0,3496809 0,2654396
0,8138021 0,4037221 0,2956389
0,8138021 0,3623965 0,2717974
0,8138021 0,3401442 0,255903
0,6103516 0,3242496 0,2479557
0,8138021 0,3751121 0,2845129
0,8138021 0,3878277 0,281334
1,220703 0,3910066 0,2908706
0,6103516 0,3655753 0,2829235
0,6103516 0,3655753 0,2733868
0,6103516 0,3846487 0,2861023
0,6103516 0,4037221 0,2972284
0,6103516 0,3719331 0,2781551
0,6103516 0,3846487 0,2876917
0,8138021 0,3528598 0,2749763
1,017253 0,41008 0,2988178
0,6103516 0,4005432 0,2988178
0,6103516 0,406901 0,3019967
0,6103516 0,3846487 0,2876917
0,8138021 0,3941855 0,2908706
0,6103516 0,3528597 0,2733868
0,6103516 0,3655753 0,2749763
0,8138021 0,3973644 0,2940495
0,6103516 0,375112 0,2765656
0,6103516 0,3560387 0,2749763
0,8138021 0,3973643 0,2908706
0,8138021 0,4132589 0,3004072
0,8138021 0,406901 0,2988178
0,8138021 0,3814698 0,2829234
1,017253 0,4386901 0,3163016
0,8138021 0,3814698 0,2892812
0,6103516 0,375112 0,2845129
0,6103516 0,4196166 0,3115333
0,8138021 0,4450479 0,3147121
0,6103516 0,3814698 0,2924601
0,6103516 0,406901 0,2972283
0,8138021 0,4196166 0,306765
1,017253 0,4037222 0,2988178
0,6103516 0,4323322 0,3115333
0,8138021 0,3973644 0,2972284
0,8138021 0,3910065 0,2940495
0,6103516 0,4132588 0,3019966
0,8138021 0,4005432 0,2972284
0,8138021 0,4418689 0,3194805
0,8138021 0,4323322 0,317891
0,6103516 0,4227955 0,303586
0,6103516 0,43869 0,3210699
1,017253 0,4514056 0,3417327
0,8138021 0,4641213 0,332196
0,8138021 0,4545845 0,3449117
1,017253 0,4895525 0,3496798
1,017253 0,4577634 0,3369642
0,6103516 0,4418689 0,3226593
0,8138021 0,4514056 0,3385537
0,8138021 0,4831946 0,3576273
0,8138021 0,4641213 0,3608063
0,8138021 0,4641213 0,3480905
0,8138021 0,4990892 0,3751114
0,8138021 0,5118049 0,4196167
0,8138021 0,4990892 0,3894167
0,8138021 0,5435943 0,4259745
0,8138021 0,4990892 0,3989535
0,8138021 0,5245206 0,4227956
1,017253 0,5372364 0,4196166
1,017253 0,5404153 0,4339219
1,017253 0,5912783 0,454585
0,8138021 0,6071729 0,4736586
1,220703 0,6930035 0,5277006
1,220703 0,705719 0,52929
1,220703 0,7406872 0,5928673
2,034505 0,7661185 0,5880992
1,424154 0,816981 0,6707505
1,627604 0,8805589 0,6786975
1,831055 0,9504946 0,7454547
1,627604 1,049042 0,8106229
2,237956 1,1158 0,8932757
3,255208 1,271565 0,9743375
2,034505 1,293817 1,015664
2,848307 1,468658 1,153945
2,848307 1,541774 1,209576
3,051758 1,748403 1,355807
3,051758 1,907348 1,517931
4,475912 2,279283 1,751583
5,493165 2,797444 2,102851
5,086263 3,039042 2,368291
5,900065 3,468194 2,66393
6,103516 3,824234 3,066064
6,103516 4,151663 3,353756
6,917317 4,625321 3,743172
8,544919 4,854201 4,01338
8,138019 5,121232 4,194576
7,527668 5,544025 4,604655
9,765623 6,004969 4,895525
11,18978 6,202063 5,145073
9,562171 6,373724 5,197527
9,969072 6,395974 5,378724
9,358721 6,554921 5,53131
9,358721 6,723404 5,726815
10,37597 7,028579 6,0002
15,05534 7,371902 6,119409
10,17252 7,327395 6,12418
15,05534 7,511775 6,254513
13,22429 7,750191 6,361007
10,78288 7,664361 6,440479
12,41048 8,211136 6,845793
13,22428 8,347827 7,014273
15,05535 9,028118 7,271767
15,46224 9,679794 7,912319
14,24153 9,622572 7,81695
16,4795 9,956362 8,033119
18,71746 11,12938 8,80718
22,37956 11,67615 9,586013
21,56576 11,68251 9,681382
22,78646 11,46317 9,528796
17,90365 11,87961 9,835562
19,93815 12,35644 10,25041
23,39681 12,62029 10,32829
19,12436 12,90639 10,60009
20,54851 12,91911 10,63506
19,12435 13,26243 10,97043
21,97266 13,30693 10,91798
24,82094 14,21292 11,52992
24,61751 14,38141 11,88596
28,68649 15,49086 12,6187
29,09341 15,40184 12,51698
24,82096 16,20611 13,13051
24,61751 16,18385 13,15117
26,04167 16,57804 13,59304
29,70377 17,24243 14,05557
28,68651 17,56668 14,29081
34,58657 18,8605 15,64344
28,07617 19,31508 16,36346
33,97622 20,01126 16,6432
30,92447 20,76467 16,83235
28,68649 20,55804 17,14388
28,88996 21,12706 17,63026
45,97982 22,92633 18,75718
35,80729 23,69563 19,54873
50,65919 24,66519 20,28942
64,08702 27,9363 22,62592
54,72819 27,61205 21,5912
65,30769 30,49214 24,54757
64,69734 35,04118 27,45628
80,76997 42,10473 31,72398
75,07333 48,86629 36,65607
80,56654 56,47981 44,82747
91,14591 60,36127 50,04725
87,48378 63,11106 52,37106
98,06305 65,55565 54,26888
107,0149 67,86037 56,47982
115,1527 73,12145 60,31357
101,1148 74,50746 62,28767
106,8113 77,661 64,70687
116,9838 80,77631 66,88601
131,8354 88,14497 73,43296
125,9355 93,39333 78,91819
125,9355 92,12815 79,51265
135,0907 92,68762 80,21043
142,0077 98,61942 82,88225
161,1321 101,5662 86,25987
137,3285 102,8346 88,31339
139,3631 104,5003 89,14309
139,5664 105,9022 91,34763
156,4527 110,6069 95,87594
142,2113 112,4952 96,69295
135,294 109,9457 97,54807
165,2011 115,3307 101,8205
164,184 116,5864 101,7982
144,4493 116,4401 102,9649
146,4838 113,8939 103,1636
150,5526 117,1014 103,7151
155,6387 118,0106 104,4844
148,1113 118,7798 104,8341
150,5526 117,1586 103,0873
161,9458 113,4997 102,0176
170,4911 120,7285 106,9894
154,6216 121,307 106,5586
147,2975 119,7589 106,9131
182,4948 122,0859 106,6794
162,3528 123,9804 108,9046
168,6598 119,5745 105,8481
171,9154 122,0445 108,787
176,1878 124,0059 108,609
156,8596 126,7206 112,3219
170,0841 123,3955 108,1115
186,3606 125,0009 111,5463
158,6906 124,6607 110,4384
175,5774 126,3868 113,2025
152,5871 123,6308 110,146
169,4738 126,3678 111,2618
161,539 128,2719 114,4423
182,6983 132,2169 115,2417
162,9632 129,2351 115,1908
158,0802 129,5848 115,4881
189,4124 131,2092 117,7737
167,4391 131,1933 116,4576
169,0669 134,7028 116,4512
170,6946 133,7714 118,5636
162,1494 134,7949 117,9898
174,5604 135,9934 122,3751
183,7158 136,1619 122,8885
182,902 135,0747 121,1751
166,6255 135,8949 121,2704
171,1015 136,0665 120,4073
171,1014 134,8935 122,3386
170,8979 137,675 122,8393
172,1187 136,9248 123,5544
180,4604 140,3103 127,6918
180,2569 142,3766 128,6868
191,4471 143,3779 127,3087
188,8022 143,4702 128,3673
179,8498 140,6091 125,8448
181,6812 145,8193 128,5469
178,2225 141,4261 129,0237
184,3259 143,7245 127,6648
189,8193 143,3366 125,4522
188,3951 143,0409 126,8461
188,3952 144,284 129,9854
189,6158 150,5463 134,6361
184,9363 147,0019 129,1223
187,7848 142,5228 128,4547
182,0881 143,5782 129,2193
182,0881 145,8671 129,8026
181,6812 145,0627 128,0796
184,733 148,9855 132,929
179,0361 145,155 128,14
189,209 146,1118 131,0455
185,7502 147,1703 132,3965
189,6158 147,8379 132,9973
185,14 148,5246 133,115
187,1744 145,6286 128,7456
191,4471 148,7471 136,4051
182,495 147,7648 133,3994
185,9538 150,5622 136,9344
192,2609 149,9933 130,9613
188,3952 150,4733 133,2612
192,0575 149,0173 132,8654
187,9883 150,292 134,6138
185,7502 146,8175 130,4717
190,4298 152,0945 134,0496
