0,6103516 0,3051759 0,2304716
0,6103516 0,2861023 0,2129875
0,6103516 0,2988181 0,2241137
0,6103516 0,301997 0,2257032
0,4069011 0,2765655 0,2177558
0,6103516 0,2892812 0,2018612
0,6103516 0,3115338 0,2368295
0,6103516 0,2956391 0,2336505
0,6103516 0,3147127 0,2304716
0,6103516 0,2924601 0,2209348
0,4069011 0,2765655 0,2098085
0,6103516 0,2924601 0,2145769
0,6103516 0,2861023 0,2129875
0,4069011 0,2733865 0,2082191
0,6103516 0,2924601 0,2193453
0,6103516 0,2861023 0,2050402
0,4069011 0,2733865 0,1986823
0,6103516 0,2733865 0,2145769
0,6103516 0,2797444 0,2145769
0,6103516 0,2861023 0,2050402
0,6103516 0,3178917 0,2304716
1,017253 0,3115337 0,2272927
0,8138021 0,2924601 0,2225243
0,8138021 0,3210706 0,2304716
0,4069011 0,2702076 0,2066296
0,6103516 0,3019969 0,2272927
0,6103516 0,3178917 0,2368295
0,6103516 0,3178917 0,2415979
0,6103516 0,2956391 0,2241137
0,8138021 0,3019969 0,2225243
1,017253 0,3178916 0,2304716
0,6103516 0,2956391 0,211398
0,8138021 0,3210706 0,2368295
0,6103516 0,3051759 0,23524
0,6103516 0,2733865 0,2177558
0,6103516 0,3051759 0,2288821
0,6103516 0,3147127 0,23524
0,6103516 0,3242495 0,238419
0,6103516 0,2797444 0,2145769
0,6103516 0,2892812 0,2225242
0,6103516 0,3115338 0,2288821
0,4069011 0,2797444 0,2098085
0,6103516 0,2956391 0,214577
0,6103516 0,3051759 0,2336505
0,8138021 0,3465019 0,2511346
0,6103516 0,3147127 0,2447768
0,8138021 0,3115338 0,2415978
0,6103516 0,3178917 0,2320611
0,8138021 0,3147127 0,2400084
0,6103516 0,3306074 0,238419
0,6103516 0,3306074 0,2479557
0,6103516 0,2861023 0,2241137
0,6103516 0,3210706 0,2447768
0,6103516 0,3083549 0,2336505
0,8138021 0,3369653 0,2447768
0,8138021 0,3147127 0,2415978
0,6103516 0,3274285 0,238419
0,8138021 0,3051759 0,23524
1,017253 0,3178916 0,23524
0,4069011 0,2924602 0,2288821
0,8138021 0,3147127 0,2336505
0,8138021 0,3178916 0,2320611
0,6103516 0,3115338 0,2463662
0,6103516 0,3210706 0,2431873
0,6103516 0,2956391 0,2161664
0,6103516 0,3242495 0,2463663
0,8138021 0,3337863 0,2495452
0,8138021 0,3115337 0,2336505
0,6103516 0,3465019 0,2574924
0,6103516 0,3274285 0,2543135
0,6103516 0,3178917 0,2479557
0,6103516 0,3401442 0,2622608
1,017253 0,3623965 0,2686185
0,6103516 0,3401442 0,2511346
0,8138021 0,3306074 0,2495452
0,8138021 0,3242495 0,2495452
0,6103516 0,3051759 0,2320611
0,6103516 0,3210706 0,2384189
0,6103516 0,3496808 0,2670291
0,8138021 0,3751121 0,2781551
0,6103516 0,3369652 0,2511346
0,6103516 0,3433231 0,2654397
0,8138021 0,3496809 0,2638502
1,017253 0,3369653 0,2543136
0,6103516 0,3369653 0,2638502
0,6103516 0,3560386 0,267029
0,8138021 0,3782909 0,2781551
1,017253 0,4132589 0,2988178
0,8138021 0,3401442 0,2638502
0,6103516 0,3528597 0,2686185
0,6103516 0,3719331 0,2829235
0,6103516 0,3528598 0,2686185
0,8138021 0,4100799 0,2972283
0,8138021 0,3751121 0,2829235
0,6103516 0,3814699 0,2861023
0,6103516 0,3973643 0,29246
0,8138021 0,4069009 0,2972283
1,017253 0,4196167 0,3083544
1,017253 0,4673001 0,3401431
0,8138021 0,3719332 0,2797446
0,8138021 0,4514056 0,3258382
0,8138021 0,4386901 0,3178911
1,220703 0,4704791 0,352859
0,8138021 0,4641213 0,3608063
0,6103516 0,4609423 0,3687537
0,8138021 0,5149838 0,3830587
1,220703 0,5149838 0,3957745
1,017253 0,5499522 0,4323324
1,017253 0,5753836 0,4402797
1,627604 0,6357831 0,4863742
1,220703 0,6580355 0,5118059
2,034505 0,7375082 0,5451845
1,017253 0,705719 0,5388265
1,831055 0,8265178 0,6198879
1,831055 0,8551278 0,6357824
3,458659 0,9600315 0,7216129
3,86556 1,058578 0,7692968
4,06901 1,37647 0,9584427
4,272461 1,773834 1,168251
5,493164 2,346039 1,568794
7,120766 3,124873 2,234777
10,78288 3,751118 2,872148
9,562172 4,170735 3,182094
10,57942 4,943211 3,797214
14,24154 5,645753 4,150073
16,27605 7,158915 5,323091
26,44856 8,656184 6,278357
38,24864 11,70158 8,470222
54,93169 15,41773 11,02924
62,66288 18,59665 13,06852
61,84908 25,02759 17,49038
84,02522 32,38041 22,04735
111,4906 43,08383 30,37294
102,5389 53,57426 38,67149
98,0631 60,8572 45,29001
129,394 73,83038 55,61357
118,2044 82,9221 68,34039
129,8009 88,01781 74,63779
122,2733 94,41055 80,6968
129,5974 97,25247 84,2858
130,2078 101,776 86,47765
130,2078 103,3654 88,46127
129,8009 101,6202 88,82841
130,2078 106,3822 93,62536
130,2078 107,7586 94,29134
130,2078 106,1628 91,45417
128,9871 105,6574 91,1204
129,8009 111,4779 96,17957
129,5974 112,8067 98,0376
130,2078 111,6432 96,17323
130,2078 111,853 96,30515
129,8009 112,4538 96,19386
128,7836 113,9097 100,1007
128,9871 115,2671 100,2104
130,2078 112,6795 95,82195
129,8009 112,7145 98,08849
129,8009 114,6154 99,1105
129,8009 116,1699 98,57484
130,2078 115,6104 97,98675
129,8009 116,2017 100,6046
130,2078 114,3071 97,96128
130,2078 119,4982 102,0732
130,2078 115,5818 100,1436
130,2078 120,935 103,2001
130,2078 116,4465 100,2231
130,2078 119,8383 104,7752
130,2078 118,7416 100,6856
129,8009 116,7675 99,47124
130,2078 119,5872 104,6688
130,2078 118,9292 103,7978
130,2078 118,7066 103,5768
130,2078 120,0481 103,6133
129,5974 119,8288 105,1853
130,2078 120,5695 104,6878
130,2078 116,812 101,164
129,8009 120,1212 104,6131
129,8009 117,3906 100,4138
130,2078 119,6094 105,0136
130,2078 121,0018 102,5325
130,2078 119,3392 101,9985
130,2078 121,5994 105,7177
130,2078 119,5014 102,6915
129,8009 119,5586 102,6565
130,2078 118,7384 103,8454
130,2078 116,4655 100,4615
130,2078 120,6489 106,2534
130,2078 117,6671 101,671
130,2078 121,8378 106,9337
130,2078 122,6039 107,0974
130,2078 122,1366 106,9003
130,2078 122,7184 108,8919
129,8009 122,5276 104,7084
130,2078 122,9155 105,8703
130,2078 122,9345 109,9775
130,2078 123,0966 108,5947
130,2078 122,7788 109,0556
130,2078 122,5404 106,8526
130,2078 122,2924 105,4332
130,2078 122,8169 107,6871
130,2078 121,9046 107,4725
129,8009 121,5867 106,1835
130,2078 124,3364 109,5213
130,2078 123,7896 110,1443
129,8009 122,8868 107,9652
130,2078 124,2379 109,321
130,2078 122,7819 107,9557
130,2078 123,7674 109,5515
130,2078 123,5544 111,7433
129,8009 123,4686 109,596
130,2078 122,6739 110,0554
130,2078 125,8464 111,9865
130,2078 122,3751 108,4612
130,2078 123,707 110,2382
130,2078 124,2219 111,3936
130,2078 124,9308 112,7415
130,2078 122,925 106,4378
130,2078 122,3465 108,5787
130,2078 122,3147 105,9864
130,2078 124,346 110,7277
130,2078 123,0362 107,7093
130,2078 123,9867 110,4575
130,2078 124,8228 111,934
130,2078 122,4895 108,2291
130,2078 123,2079 106,2248
130,2078 122,7756 109,8424
130,2078 124,3682 111,0614
130,2078 122,7947 109,3735
130,2078 122,5626 106,584
130,2078 122,2034 108,4707
130,2078 123,6752 109,4529
129,8009 121,9872 110,7261
