0,6103516 0,2511341 0,14623
0,6103516 0,2479552 0,1478195
0,8138021 0,2638497 0,170072
0,6103516 0,2574919 0,1637141
0,6103516 0,2511341 0,149409
0,6103516 0,2352396 0,1462301
0,6103516 0,254313 0,1621247
0,6103516 0,2415974 0,1398722
0,4069011 0,2257028 0,1366933
0,6103516 0,2415974 0,1525879
0,6103516 0,2447763 0,1605352
0,6103516 0,2352396 0,1557668
0,6103516 0,2638497 0,1891455
0,6103516 0,2320606 0,1573563
0,8138021 0,2638497 0,1716614
0,6103516 0,2447763 0,1414617
0,6103516 0,2352396 0,1653036
0,4069011 0,2670287 0,1843771
0,4069011 0,2574919 0,1716614
0,6103516 0,2574919 0,1668931
0,4069011 0,2320606 0,1366933
0,4069011 0,2606708 0,170072
0,4069011 0,2447762 0,1557668
0,6103516 0,254313 0,1621247
0,6103516 0,254313 0,1605352
0,4069011 0,2511341 0,1716614
0,6103516 0,2320606 0,1637141
0,6103516 0,2733865 0,1891455
0,6103516 0,2606708 0,1796087
0,6103516 0,2352396 0,1462301
0,6103516 0,2797444 0,1843771
0,6103516 0,2638497 0,1684825
0,6103516 0,2511341 0,1573563
0,6103516 0,2574919 0,1732509
0,6103516 0,2638497 0,149409
0,6103516 0,2797444 0,1986823
0,6103516 0,2829233 0,1955034
0,4069011 0,2447762 0,1668931
0,6103516 0,2702076 0,1859666
0,6103516 0,2670287 0,1748403
0,6103516 0,254313 0,14623
0,4069011 0,2415974 0,1589458
0,6103516 0,2638497 0,1621246
0,6103516 0,2702076 0,1859666
0,6103516 0,254313 0,1780193
0,8138021 0,2606708 0,1716614
0,6103516 0,2574919 0,1589457
0,6103516 0,2638497 0,170072
0,8138021 0,254313 0,1684825
0,6103516 0,2574919 0,1843771
0,6103516 0,2702076 0,1891455
0,4069011 0,2670287 0,1843771
0,4069011 0,2511341 0,170072
0,6103516 0,2352396 0,170072
0,6103516 0,2670287 0,1843771
0,6103516 0,2606708 0,1859666
0,4069011 0,2574919 0,1827877
0,6103516 0,2670287 0,1637141
0,6103516 0,2829233 0,1986823
0,6103516 0,2702076 0,1796087
0,6103516 0,254313 0,170072
0,8138021 0,2765655 0,1970928
0,6103516 0,2638497 0,1970928
0,6103516 0,2511341 0,1621247
0,6103516 0,2606708 0,1843771
0,6103516 0,2702076 0,1764298
0,6103516 0,2638497 0,1827877
0,6103516 0,2765655 0,190735
0,6103516 0,2638497 0,1732509
0,4069011 0,2384184 0,1589458
0,6103516 0,301997 0,2002718
0,6103516 0,2670287 0,1939139
0,6103516 0,254313 0,170072
0,6103516 0,2574919 0,1780193
0,6103516 0,2702076 0,1986823
0,6103516 0,2702076 0,1716614
0,6103516 0,2797444 0,1780193
0,4069011 0,2797444 0,1939139
0,6103516 0,2606708 0,1796087
0,4069011 0,2447762 0,1796087
0,6103516 0,2638497 0,1796087
0,4069011 0,2511341 0,1605352
0,6103516 0,2861023 0,2034507
0,4069011 0,2733865 0,1939139
0,6103516 0,2797444 0,1923245
0,4069011 0,2511341 0,1780193
0,6103516 0,2638497 0,1827877
0,4069011 0,2702076 0,2002717
0,8138021 0,2733865 0,1923244
0,8138021 0,2956391 0,2050402
0,4069011 0,2511341 0,1827877
0,8138021 0,2765655 0,1970928
0,4069011 0,2511341 0,1668931
0,6103516 0,2638497 0,1780193
0,6103516 0,2733865 0,1891455
0,6103516 0,2606708 0,1891455
0,6103516 0,2861023 0,1955034
0,8138021 0,3019969 0,2098086
0,6103516 0,2479552 0,1605352
0,6103516 0,2606708 0,1827877
0,6103516 0,2733865 0,2066296
0,6103516 0,298818 0,211398
0,8138021 0,2861022 0,1939139
0,8138021 0,2829233 0,2034507
0,6103516 0,2702076 0,1843771
0,6103516 0,2924601 0,2161664
0,8138021 0,2797444 0,2018612
0,6103516 0,2702076 0,1843771
0,4069011 0,254313 0,1748404
0,6103516 0,2829233 0,2050402
0,6103516 0,2861023 0,2177559
0,6103516 0,2797444 0,2145769
0,6103516 0,3083548 0,2161664
0,6103516 0,3083549 0,2193454
0,8138021 0,2861023 0,2098085
0,8138021 0,2892812 0,2098086
0,6103516 0,3115338 0,2288821
0,8138021 0,2861023 0,2098085
0,4069011 0,2638497 0,1970928
0,6103516 0,2956391 0,2225243
0,6103516 0,2956391 0,2257032
0,6103516 0,2924601 0,211398
0,6103516 0,2924601 0,211398
0,6103516 0,3210706 0,2288822
0,6103516 0,2797444 0,2018612
0,6103516 0,2861023 0,211398
0,6103516 0,301997 0,2304716
0,6103516 0,298818 0,2241137
0,8138021 0,2861023 0,2161664
0,8138021 0,2956391 0,2161664
0,6103516 0,3083549 0,2320611
0,6103516 0,2892812 0,2145769
0,6103516 0,2924602 0,2209348
0,6103516 0,2861023 0,2145769
0,6103516 0,2924602 0,2209348
0,8138021 0,3178916 0,2415978
0,6103516 0,3242495 0,2400084
0,6103516 0,2829233 0,2050402
0,6103516 0,3115337 0,2272927
0,6103516 0,3051759 0,2225243
0,6103516 0,2670287 0,2050401
0,8138021 0,298818 0,2272926
0,6103516 0,3178916 0,2431873
0,6103516 0,3083549 0,2336505
0,6103516 0,3242495 0,2463663
0,8138021 0,3083548 0,2288821
0,6103516 0,3433231 0,2495452
0,8138021 0,3147127 0,2288822
0,6103516 0,2797444 0,2098085
0,6103516 0,3274285 0,2463663
0,6103516 0,3274285 0,2463663
0,8138021 0,3051759 0,2320611
0,8138021 0,3051759 0,2241137
0,8138021 0,3369652 0,2543135
0,6103516 0,3051759 0,2368294
0,6103516 0,3337863 0,2495452
0,6103516 0,3147127 0,2368295
0,6103516 0,2892812 0,2209348
0,6103516 0,3147127 0,2336506
0,6103516 0,3242495 0,2431873
0,8138021 0,3623965 0,2654396
0,6103516 0,301997 0,2272927
0,6103516 0,3210706 0,2384189
0,6103516 0,3274285 0,2336506
0,6103516 0,3147127 0,2368295
0,6103516 0,3242495 0,2400084
0,6103516 0,3115338 0,2336505
0,6103516 0,3178917 0,2384189
0,6103516 0,3655753 0,267029
0,6103516 0,3083549 0,2304716
0,6103516 0,3147127 0,2320611
0,6103516 0,3528598 0,2654396
0,6103516 0,3178917 0,2463662
0,8138021 0,3369653 0,2622608
0,6103516 0,3274284 0,2336506
0,6103516 0,3242495 0,2463663
0,6103516 0,3242495 0,2447768
0,6103516 0,3274285 0,2511347
0,8138021 0,3655754 0,2717974
0,8138021 0,3496809 0,2638502
0,8138021 0,3496809 0,2622608
0,6103516 0,3306074 0,2511347
0,8138021 0,3655753 0,2765657
0,8138021 0,3623965 0,2702079
0,6103516 0,343323 0,2590818
0,6103516 0,3782909 0,2797445
0,6103516 0,3719332 0,2765657
0,8138021 0,378291 0,2749762
1,017253 0,4196167 0,306765
0,6103516 0,375112 0,2765656
0,8138021 0,4005434 0,2876917
1,017253 0,3560387 0,2717974
0,8138021 0,3941855 0,2876917
0,6103516 0,3941854 0,2829233
0,8138021 0,4164377 0,3099439
1,017253 0,4005433 0,2924601
0,6103516 0,4037221 0,2908705
0,6103516 0,4132588 0,3019966
0,8138021 0,4164377 0,3035861
1,017253 0,4164378 0,3051756
0,8138021 0,4323323 0,3099439
0,8138021 0,4482267 0,3258382
0,8138021 0,4323322 0,3115333
0,8138021 0,4482267 0,329017
0,6103516 0,4514056 0,3433222
0,8138021 0,4450478 0,3306065
1,017253 0,4514056 0,3465011
1,017253 0,473658 0,3512694
0,8138021 0,4736579 0,3623957
1,017253 0,4863735 0,3528588
1,017253 0,4704791 0,3735221
0,8138021 0,4800158 0,3719325
0,8138021 0,4800158 0,3623957
0,8138021 0,5308785 0,4053114
1,017253 0,5245206 0,4148482
1,017253 0,4990892 0,3830588
0,8138021 0,4863735 0,3957747
1,017253 0,5022681 0,3957746
0,8138021 0,505447 0,4148483
1,017253 0,5213417 0,4069008
1,017253 0,5690257 0,4418692
1,017253 0,55631 0,4371008
1,017253 0,559489 0,4450482
1,424154 0,6103519 0,4831955
1,424154 0,6294254 0,4895533
0,8138021 0,5626679 0,460943
1,017253 0,603994 0,4800165
1,017253 0,6167096 0,4863743
1,017253 0,6389619 0,5038584
1,220703 0,6771089 0,5197533
1,017253 0,6580353 0,5181637
1,220703 0,6993611 0,5404159
1,424154 0,7120768 0,5563102
1,831055 0,7788342 0,5976359
1,627604 0,8265177 0,6389611
1,424154 0,9091689 0,7120762
1,831055 1,017252 0,8010862
2,441406 1,153947 0,9123491
1,831055 1,220703 0,979106
2,034505 1,284281 1,05381
2,441406 1,414616 1,147587
2,644857 1,497269 1,239776
2,644857 1,61489 1,304945
2,848307 1,72933 1,40826
3,255208 1,748403 1,463891
3,051758 1,834234 1,497269
5,086263 2,040863 1,643498
3,86556 2,209346 1,777014
5,696614 2,51134 2,010663
4,069011 2,600352 2,121926
4,679363 2,905528 2,360344
6,103515 3,334682 2,686182
5,289714 3,655752 3,032685
5,696614 4,024506 3,333092
5,493164 4,180272 3,515878
6,510416 4,45366 3,781319
6,103515 4,501344 3,822645
6,917316 4,45684 3,860793
6,713866 4,679361 3,981591
6,713866 4,682539 3,973643
6,510416 4,901886 4,134178
7,527668 4,688897 4,134178
6,510416 4,930498 4,234316
6,917316 5,041759 4,27246
6,713866 4,917781 4,229545
6,917316 5,137126 4,429819
6,713866 5,032224 4,251798
9,562171 5,229314 4,420281
7,324217 5,327858 4,512468
6,713866 5,216597 4,501344
7,120767 5,429585 4,658698
6,510416 5,276997 4,471143
6,713866 5,184808 4,432997
7,120767 5,556744 4,766784
6,917316 5,582177 4,919371
7,934568 5,811054 4,914602
7,527668 5,544028 4,733405
8,951819 5,820592 4,998844
8,138019 6,068546 5,181628
8,544919 5,976357 5,137123
8,138019 6,163916 5,286535
7,324217 5,979537 5,246799
9,765621 6,17981 5,230906
8,748369 6,230671 5,334219
8,544919 6,163915 5,267463
8,341469 6,068548 5,215011
8,341469 6,046295 5,102158
8,951819 6,395976 5,415279
8,138019 6,211599 5,232494
7,731118 6,354648 5,488392
8,544919 6,427764 5,478858
8,748369 6,580353 5,53608
8,544919 6,35147 5,540846
8,341469 6,602605 5,598066
11,80013 6,764729 5,712509
8,951819 6,691614 5,656877
8,951819 6,732939 5,698205
8,748369 6,504059 5,613965
9,765621 7,041294 5,973178
8,748369 6,764728 5,88099
9,765621 7,069906 6,076495
9,969071 6,968179 5,971588
10,37597 7,146199 6,066957
9,15527 7,031757 6,141664
8,951819 7,406869 6,20365
10,17252 7,260641 6,225907
10,78288 7,438658 6,276763
10,78288 7,61032 6,491343
9,765621 7,470447 6,405511
10,17252 7,343291 6,540616
9,35872 7,667542 6,516775
9,562171 7,584888 6,558098
10,78288 7,886887 6,852149
11,39323 7,731119 6,73453
9,562171 7,896421 6,732939
10,37597 8,169809 7,200241
10,98633 7,848739 6,672542
10,17252 8,052187 6,963411
10,37597 8,039472 6,999968
12,20703 8,080797 6,909369
12,00358 8,357364 7,127128
11,39323 8,331934 7,233622
12,00358 8,490876 7,214542
12,41048 8,449554 7,222495
12,20703 8,468623 7,37031
11,18978 8,865993 7,596016
11,39323 8,633931 7,460911
12,41048 8,799233 7,549919
11,80013 8,856455 7,67708
13,22429 8,920033 7,567407
11,80013 8,891423 7,777214
12,00358 9,015405 7,724764
12,61393 8,687972 7,433889
12,41048 9,253818 7,953643
11,59668 9,422298 8,002917
14,64844 9,555813 8,123715
14,44499 9,895956 8,314448
15,6657 9,969076 8,360548
16,27605 10,04219 8,463861
13,42774 10,06762 8,641877
13,83464 10,17253 8,824665
20,34506 10,40777 8,718172
16,68295 10,53493 8,738836
15,46225 10,71294 8,939106
14,24154 10,15981 8,600551
18,71746 10,56353 8,73407
16,68295 10,50949 8,907319
14,85189 10,62711 8,951821
15,86915 10,92911 9,183886
16,8864 10,70976 9,101231
16,27605 11,37098 9,406407
15,86915 11,14845 9,380978
19,53126 11,36462 9,543099
18,10711 11,3519 9,444559
15,86915 11,50449 9,873707
17,49676 11,851 9,972257
18,10711 12,0767 9,822845
19,73471 12,32465 10,36168
18,92091 11,8955 9,851459
20,95541 13,10349 10,70341
21,97266 13,37369 10,91798
30,721 13,80921 11,00381
21,76921 13,58668 11,09918
17,2933 13,02719 10,59532
24,00716 14,03809 11,44568
23,60026 14,0667 11,21998
23,39681 14,00948 11,5776
26,652 14,34962 11,5029
24,41406 15,0013 12,07034
21,97266 15,0013 11,92411
20,75196 15,75789 12,98746
21,56576 15,05534 12,05763
22,17611 16,64162 13,33555
20,14161 15,38595 12,82215
24,00716 16,06624 13,19409
20,75196 16,55261 13,50721
21,76921 16,12346 13,00971
23,19336 15,57668 12,13233
22,98991 16,32691 13,12892
21,97266 15,90729 12,45499
22,17611 16,09485 13,05262
24,00716 17,16932 14,08736
24,82096 16,16161 12,98905
25,02441 16,37141 13,42297
21,15886 16,69884 13,93955
24,41406 16,60029 13,48655
24,00716 17,23608 14,3989
22,78646 16,80375 13,60098
24,41406 16,58758 13,67887
23,19336 16,33645 13,32601
25,02441 16,92455 13,64549
29,5003 17,04852 13,78059
24,21061 17,23926 14,40684
25,63476 17,24879 14,41956
21,97266 17,5349 14,5483
21,97266 16,79103 13,80921
23,19336 17,45543 14,42274
21,97266 16,63526 13,82828
27,66925 18,19611 14,87891
24,82096 17,43953 14,30352
25,22786 18,22155 15,01243
24,41406 16,90547 13,72179
23,80371 18,25016 14,96315
24,21061 17,821 14,46248
24,00716 17,68431 14,75335
25,43131 17,62073 14,80421
24,00716 17,12799 14,51016
26,85546 17,90684 14,94726
28,07615 17,56987 14,40685
23,19336 17,3982 14,44658
31,9417 17,40775 14,33055
28,2796 17,53808 14,2479
26,24511 18,3487 15,21588
24,41406 18,123 14,97269
23,80371 17,30919 14,44022
25,43131 18,9972 15,67206
28,88995 18,15796 14,69771
25,02441 17,80829 14,774
27,4658 18,35824 14,83123
25,83821 18,10075 14,46248
25,63476 18,64116 15,46065
24,41406 17,54126 14,62937
24,82096 17,99903 14,7899
25,43131 18,19611 14,77242
26,652 19,13708 15,78808
27,26235 18,54897 15,37641
27,0589 19,0131 15,88186
24,41406 18,63481 15,4686
24,21061 18,94952 15,87074
31,9417 18,8764 15,34939
26,24511 18,39003 15,09667
24,41406 19,18794 15,96133
25,43131 18,94952 15,65139
24,82096 18,97813 15,84054
26,652 18,37095 15,30012
29,0934 18,34552 15,56397
28,07615 18,63798 15,40661
27,0589 19,42318 15,79603
29,29685 18,23426 15,07282
29,29685 18,97495 15,3335
27,0589 18,57123 15,06647
28,88995 19,31192 15,52424
29,9072 18,58394 15,29376
34,58654 19,5408 15,53059
27,4658 19,44224 15,87709
31,5348 19,2992 15,68318
28,88995 19,42317 16,13776
26,44855 20,20519 16,70838
25,02441 19,63298 16,04717
27,0589 19,27377 15,89775
27,4658 19,36277 16,1028
30,721 20,34188 16,57169
30,11065 19,83007 16,12982
30,11065 20,57076 16,63208
28,07615 20,0526 17,09462
27,26235 19,64253 16,59394
30,3141 20,38956 16,9325
27,4658 20,08121 16,43022
30,92445 19,83325 16,28399
27,0589 20,10982 16,95792
28,07615 19,72199 16,33962
23,39681 19,10211 16,11075
30,92445 19,97949 16,84825
30,3141 21,26377 16,84825
31,33135 20,99673 17,58098
26,04166 19,86504 16,80533
32,55205 20,2783 16,9611
28,2796 20,99355 17,13912
31,33135 20,90772 17,64298
32,14515 21,26694 17,61278
31,73825 20,99038 17,47449
33,77275 21,37502 17,43634
31,5348 21,15567 17,67477
31,9417 21,18746 17,37912
27,8727 19,99538 16,70679
29,5003 20,31963 16,6909
28,48305 21,12389 17,42522
28,6865 20,04306 16,11392
27,8727 20,90137 17,37277
32,95895 20,57076 16,70996
30,3141 21,42588 17,72881
33,5693 20,88865 17,26628
33,77275 20,10982 16,94362
31,33135 21,13025 17,23131
35,60379 20,5199 16,95951
33,9762 21,24787 17,52536
26,24511 20,32281 16,42228
28,07615 20,06849 16,70043
29,5003 20,90773 17,48562
32,14515 21,29237 17,43953
26,44856 19,92226 16,64162
29,29685 21,02853 17,46337
26,85546 20,35142 16,84348
29,70375 21,46085 18,16908
28,48305 20,93951 17,27264
28,48305 20,45632 16,91978
28,88995 20,91408 17,07871
31,9417 21,65159 17,54602
27,8727 19,83961 16,11551
30,11065 20,65341 17,08349
33,5693 21,68974 18,01968
32,14515 20,77102 17,16613
28,07615 21,36866 17,67953
32,3486 21,20654 17,66205
29,70375 21,78828 18,42658
30,92445 20,58348 17,12323
29,5003 20,70428 17,05488
28,48305 20,13525 15,86278
28,88995 20,42135 16,71791
29,9072 20,58983 17,07872
28,88995 20,89819 17,16455
29,9072 20,70428 17,74629
30,51755 21,29237 17,49039
33,5693 20,86957 17,16614
29,5003 20,90137 17,40456
29,0934 21,13343 17,46496
29,0934 20,6852 16,93567
30,51755 21,34641 17,77967
29,70375 21,18429 17,1868
28,6865 21,57847 17,76218
28,07615 20,91408 17,20588
30,3141 21,11435 17,88457
30,92445 21,60708 17,65411
30,11065 21,52444 18,0928
26,24511 19,85233 16,55738
34,78999 22,07756 18,07054
28,48305 21,44178 17,76854
29,29685 22,01398 18,42657
29,70375 21,33369 17,6096
33,77275 21,99491 17,83848
30,3141 20,75196 17,40933
26,24511 20,43089 17,36482
31,73825 21,08574 17,46177
28,6865 20,63116 16,92772
29,29685 20,36731 16,45724
28,88995 21,44178 17,8957
28,88995 20,51354 17,02786
28,2796 20,97766 16,4191
29,5003 21,60073 18,16273
34,99345 21,22243 16,9913
30,721 21,11754 17,0819
30,11065 21,30508 17,22972
30,721 22,19836 17,67
30,721 21,11435 16,84189
30,92445 21,24787 17,07713
29,9072 21,62615 18,06259
27,8727 20,89819 17,3823
29,0934 21,13025 17,3696
27,4658 21,09528 17,60006
30,92445 21,19382 17,43794
29,9072 21,54032 17,55079
31,33135 21,53714 18,03397
30,721 22,0712 18,15159
33,36584 21,2892 17,00879
28,48305 21,48946 17,36005
27,4658 21,21608 17,64933
30,721 21,81053 17,1264
31,9417 21,50854 17,68272
30,51755 21,84232 18,11505
29,29685 20,99991 16,65434
30,3141 21,52126 17,83053
28,2796 20,40228 16,7656
29,70375 20,93315 17,02309
31,5348 20,69473 16,60506
30,3141 21,87411 18,03557
28,2796 21,06349 17,12481
26,652 20,59301 17,22495
30,51755 20,49447 16,60825
31,33135 21,08257 17,0358
32,3486 21,66112 18,04351
29,5003 21,43224 17,14547
34,99345 21,81688 17,88934
32,7555 21,64522 17,69701
30,11065 20,99356 16,95792
36,82449 21,63251 18,02445
33,1624 21,45132 17,75106
30,51755 21,11753 17,88616
31,9417 21,95994 18,15955
33,9762 21,67701 18,0912
31,9417 21,58166 17,66842
26,652 20,91408 17,39661
30,721 21,07621 17,16932
28,2796 21,11435 17,19316
29,0934 21,56257 17,50947
29,0934 21,83914 17,95769
32,14515 22,38591 17,99901
35,40034 21,89318 17,9545
31,73825 20,79011 17,02468
32,7555 21,23197 17,55714
28,6865 21,73106 17,65411
32,7555 20,98401 17,18044
32,7555 21,83914 17,35847
27,8727 21,60072 17,83689
31,9417 21,53715 17,47608
29,29685 21,02852 17,1884
31,5348 21,41953 17,8496
31,73825 21,69927 17,93702
36,82449 22,27466 17,62231
31,9417 21,7851 18,1071
31,5348 22,09027 18,20882
33,9762 22,53214 18,70791
33,9762 22,00763 18,24379
30,92445 21,77874 18,09598
33,5693 22,05212 17,71449
34,17965 22,05531 18,08167
38,45209 22,22062 18,45678
31,5348 22,7197 18,4377
30,92445 21,79146 18,21518
30,721 21,47993 18,21995
30,11065 21,31145 17,37118
29,70375 22,63069 18,59825
32,7555 21,67384 17,83848
31,9417 22,30644 17,70814
34,17965 22,14431 17,49356
34,99345 22,15385 17,98312
30,51755 21,38774 17,40138
28,07615 21,9059 18,19293
31,5348 21,57529 17,60165
36,41759 22,63387 18,61413
31,5348 21,72788 18,11504
35,40034 21,30191 17,80193
28,07615 21,89318 17,93543
28,6865 21,48628 17,16455
29,70375 21,23833 17,0962
29,70375 21,28284 17,2631
28,07615 21,69291 18,07689
31,5348 21,72152 17,8655
32,7555 22,38909 18,21677
35,60379 21,9663 17,87344
32,55205 21,74377 17,43793
32,14515 22,27147 17,84006
28,6865 21,53397 18,00219
31,1279 21,89319 17,47131
29,70375 21,63887 17,9863
30,721 22,08073 18,50923
31,73825 22,79918 18,71586
30,721 21,62934 18,05942
29,9072 22,2524 18,47426
31,5348 20,98084 16,6448
28,2796 21,42588 17,39184
32,55205 22,14432 18,2867
30,51755 21,82007 18,09756
31,9417 21,40999 17,38707
28,48305 20,88229 17,39343
32,95895 22,89771 18,76036
31,73825 22,44313 18,32008
30,3141 22,17929 18,36459
31,1279 21,21926 16,85778
31,1279 22,09346 18,25333
28,48305 21,67066 17,62231
30,3141 21,68973 18,13094
31,5348 21,40681 17,78285
36,01069 23,46039 18,8605
28,07615 21,33687 17,78444
37,63829 21,85822 17,84007
32,95895 21,77556 18,23424
30,721 21,16521 17,19952
30,11065 22,14431 18,08325
32,14515 21,39092 17,20587
30,51755 21,08256 17,14548
28,07615 21,49582 18,27876
30,721 20,70745 17,3076
30,92445 21,35277 17,368
28,48305 20,82189 17,12482
29,9072 22,85957 18,77943
33,36584 22,68155 18,76195
31,73825 21,73741 17,3823
30,92445 21,16521 17,33144
30,721 21,89318 17,79556
30,721 21,94723 18,05306
33,9762 22,08391 17,59052
32,55205 22,27465 18,41545
30,51755 21,36549 17,19475
27,8727 21,20018 16,90864
30,11065 22,0871 17,86073
32,7555 22,97083 18,78103
31,33135 22,70062 18,82235
34,78999 21,62615 17,91
29,5003 21,79464 17,79716
33,77275 21,93769 17,94338
27,66925 21,75967 17,97359
31,5348 22,48446 18,28194
27,66925 21,16839 17,48879
30,3141 21,2733 17,31236
29,70375 21,83914 18,37571
28,88995 21,52761 17,30124
30,11065 22,1475 18,0912
31,1279 22,25558 18,22631
30,11065 21,93451 18,26445
35,60379 23,24104 19,32144
32,7555 22,09981 18,12299
29,0934 22,27783 18,34711
32,3486 21,50535 16,48903
34,78999 21,95676 17,90524
28,48305 22,63387 18,55055
28,2796 21,29555 16,87367
33,9762 22,37002 18,15001
28,6865 21,30508 17,28853
29,29685 21,36549 17,50787
30,11065 22,45585 18,92248
34,58654 22,14114 18,46154
31,73825 22,32869 18,33598
33,9762 22,38908 17,88616
30,721 21,57847 17,9577
32,7555 21,93451 17,91954
32,3486 21,43542 18,00219
32,3486 21,93133 17,80033
28,48305 21,05077 17,20429
30,92445 21,82642 18,04511
29,9072 22,05213 17,6986
31,1279 22,06166 18,23266
32,14515 21,55622 18,24697
29,9072 21,82643 17,8051
29,29685 22,41134 18,50287
29,70375 21,94404 18,3026
32,7555 22,39544 18,65387
31,33135 22,27465 18,18816
34,38309 21,67702 17,91954
29,5003 21,88365 18,21995
28,2796 21,26377 17,30124
34,78999 22,13478 18,74924
28,6865 21,37821 17,76378
30,3141 21,5753 18,29625
29,5003 21,73424 17,79715
28,88995 21,499 17,86072
30,92445 21,11753 17,1248
33,9762 21,97265 17,85596
32,7555 21,40363 17,62708
38,45209 21,65794 17,60642
34,58654 21,63251 17,5778
30,51755 21,62615 16,89911
29,5003 22,32551 18,70155
35,80724 22,60207 18,69519
38,24864 23,33958 19,26899
28,88995 21,44813 17,44111
30,3141 21,801 18,05305
33,9762 21,90272 18,42181
28,6865 22,09028 18,28512
35,80724 21,73423 18,39955
33,36584 23,37456 18,71904
30,11065 20,89183 17,34257
32,95895 22,86592 18,51876
27,8727 21,4386 17,96563
32,3486 23,3968 18,55215
39,26589 21,75649 18,60936
29,0934 21,33052 17,77491
30,721 22,20153 18,42339
29,9072 21,72788 17,89729
33,1624 22,29372 18,11663
31,9417 22,35412 18,48697
32,3486 22,34459 18,45995
30,92445 21,27012 17,32667
31,9417 22,48763 18,66023
32,95895 21,3178 17,66205
30,721 22,47174 18,49492
29,9072 22,03623 18,09596
33,77275 22,44949 18,52194
31,33135 21,77874 18,3328
30,721 21,31145 17,1566
31,1279 21,65794 17,48085
28,6865 21,41953 17,35528
30,51755 22,81824 18,70632
37,02794 21,79782 17,71291
31,5348 21,6198 18,0753
28,6865 22,53214 18,514
33,1624 22,28418 18,68883
35,80724 22,27783 18,56804
29,9072 21,49264 17,94815
28,48305 21,57847 17,90205
37,43484 22,34459 18,65069
27,8727 21,53715 17,59688
32,7555 21,58483 17,83689
30,11065 21,87411 18,90819
28,88995 21,71516 18,31373
32,55205 21,55622 17,49039
33,9762 20,99037 17,02945
30,51755 21,81054 17,79715
31,9417 21,57529 17,8798
32,55205 22,18883 18,16591
36,82449 21,80736 17,79875
31,73825 21,85821 18,01491
33,36584 21,92815 17,83212
30,51755 21,63569 17,59052
27,66925 20,53898 17,43635
30,721 21,63887 17,78603
31,33135 22,25876 18,22472
33,5693 22,70698 18,73971
33,1624 21,91225 18,35823
27,8727 21,83596 17,41727
30,721 21,80735 18,1071
31,5348 22,53532 19,04805
29,9072 22,03306 18,32167
30,92445 21,52125 17,67318
32,14515 22,74513 18,81758
29,9072 22,44313 18,50604
33,9762 22,57665 18,65069
27,4658 21,40045 18,06418
30,92445 22,14432 18,11186
29,29685 21,72152 18,40592
27,66925 21,54668 18,11822
30,51755 22,192 18,52672
31,5348 22,13796 18,01968
31,9417 22,42724 18,26605
33,77275 22,48763 19,08779
31,1279 22,0267 18,59188
31,5348 20,81872 17,24562
29,29685 22,69744 18,58393
30,11065 22,64022 18,67453
33,9762 22,51942 18,26922
29,70375 22,48764 18,31054
32,55205 21,46085 17,69702
30,3141 21,17793 17,69225
33,5693 21,11435 17,45224
29,5003 20,98719 17,76695
32,3486 21,51807 18,19452
29,29685 21,94405 18,18181
35,40034 22,01398 18,35347
29,0934 21,94405 17,80669
33,1624 21,93133 17,83212
40,4866 22,24605 18,02286
31,73825 21,81053 18,20564
34,78999 21,88365 17,97041
31,73825 22,3128 18,3169
32,3486 21,4831 18,08484
29,0934 21,69609 18,10233
28,88995 21,85503 18,14683
34,17965 21,38774 17,86073
35,60379 22,43996 18,26922
28,48305 20,5803 17,3537
33,5693 21,47993 17,40615
36,41759 21,79146 18,212
28,6865 21,71198 18,14366
31,1279 22,43678 18,84779
29,9072 21,74059 17,59688
28,6865 21,7247 18,37412
28,48305 21,91544 17,84324
31,33135 21,30191 17,31873
30,51755 21,50536 17,72881
34,99345 22,47492 18,12934
29,9072 20,86004 17,50946
33,5693 22,20789 18,44565
29,5003 21,89954 18,11028
27,26235 20,78057 17,46655
31,73825 21,53715 17,57304
27,8727 21,36549 17,7002
36,21414 22,94858 19,25309
31,73825 21,68019 17,77966
29,0934 21,93768 17,85278
27,66925 22,48764 18,62844
30,92445 21,82642 17,49039
29,9072 20,9713 17,63662
30,11065 21,45768 17,64934
32,95895 21,55305 17,91478
30,3141 21,54668 18,10392
30,51755 21,71517 17,87981
31,1279 21,54668 17,72563
30,51755 22,10935 18,29148
31,1279 21,96312 17,77331
28,07615 21,79464 17,83689
27,66925 21,68655 18,08326
29,9072 21,95994 17,90683
32,3486 22,49718 18,66818
32,7555 21,80418 17,75583
29,0934 21,55304 18,32803
31,33135 22,54486 18,76672
31,9417 22,48128 18,2422
30,721 21,08257 17,31396
33,1624 22,30644 17,70337
28,2796 22,57982 18,08007
31,33135 21,70881 18,2883
30,92445 22,43677 18,55691
36,62104 21,82324 17,32826
27,0589 21,59754 18,04987
28,48305 21,27648 17,91796
32,55205 22,192 18,37094
29,70375 22,25558 18,01173
27,4658 21,06985 17,5651
32,3486 22,30008 19,00832
31,1279 21,95676 18,44883
27,8727 21,30827 17,58257
29,29685 22,24604 18,35505
34,38309 21,21926 17,19475
38,45209 22,83731 18,72857
30,721 21,77238 17,82417
34,38309 22,67838 18,37095
30,3141 22,09663 18,42339
32,14515 21,41317 17,56668
29,9072 21,59437 17,73198
30,3141 22,01398 17,9704
28,07615 21,60708 17,52217
32,14515 22,64658 18,25332
27,66925 21,70563 18,21201
30,721 21,30509 17,74947
31,1279 21,75013 17,84802
30,92445 22,04259 18,1357
29,0934 20,92044 16,70679
33,5693 22,05213 17,71291
28,2796 22,23014 18,24856
27,4658 21,99173 18,212
27,8727 21,39728 17,31714
32,3486 22,38909 18,62208
30,11065 21,81371 17,39025
34,17965 22,27465 17,91477
34,38309 22,10617 18,16749
29,70375 21,51172 17,93067
29,5003 21,64841 18,06577
27,66925 21,8455 18,26445
28,2796 22,35412 18,30579
33,36584 21,46403 17,6684
32,3486 21,40364 17,56191
33,1624 21,61026 17,39343
33,77275 21,90272 17,75106
34,17965 22,46539 18,3773
33,77275 22,19836 18,14365
31,1279 22,0267 18,60777
30,11065 21,56894 17,18203
33,9762 22,23332 18,4536
31,5348 22,30644 18,41386
27,8727 20,82825 17,16137
35,80724 22,45267 18,5887
31,33135 21,53397 17,65251
29,29685 21,34959 17,13435
32,7555 21,93132 17,91795
29,0934 21,69291 17,41251
28,88995 20,72335 17,36642
31,33135 22,10617 17,87027
32,55205 21,35277 17,68748
29,29685 21,93769 18,07054
30,51755 21,97583 17,87662
30,3141 21,54668 17,80987
32,55205 21,02852 17,55873
32,7555 22,0712 18,44724
29,29685 21,36548 17,57304
31,1279 22,04259 18,25014
30,721 21,97266 18,01649
33,5693 22,06166 18,45518
29,29685 21,6802 18,11028
31,9417 21,499 17,9259
30,11065 21,67701 18,36777
33,5693 21,82643 18,71268
30,3141 22,28737 18,46154
31,33135 21,74377 17,37435
29,9072 21,17793 17,79239
32,3486 22,39545 18,21836
29,0934 21,88683 18,08167
32,7555 22,30326 18,53466
27,8727 21,68338 17,81941
33,9762 21,84868 17,5778
30,92445 20,83461 17,06282
33,9762 21,16521 17,1407
32,14515 21,69291 18,06577
32,55205 21,89636 18,3773
33,77275 21,52761 17,60483
31,5348 21,04123 17,07872
31,33135 20,82189 16,70361
31,33135 21,73106 18,13252
33,36584 22,82778 18,88752
29,9072 21,04442 17,69543
30,721 22,10617 17,69066
30,51755 22,15703 18,21199
29,70375 21,25423 17,32509
31,9417 22,66566 18,41545
30,51755 22,55757 18,35028
32,14515 22,0108 17,47449
29,9072 22,50353 18,19452
34,17965 22,87547 19,06713
37,84174 21,03488 16,54943
31,33135 22,49717 18,42498
32,3486 22,27465 18,37412
35,1969 22,13796 17,74947
29,0934 22,27465 18,78421
30,3141 21,58801 17,59052
33,77275 21,70245 17,55556
33,1624 21,76285 18,11981
28,88995 21,53079 17,36799
32,55205 21,83914 18,49652
32,7555 21,25104 17,10097
30,3141 22,01398 18,25174
29,5003 21,81371 17,51264
28,88995 21,0921 17,01673
28,48305 21,44496 17,40297
33,36584 22,23651 18,23426
31,9417 21,55304 18,08961
32,3486 22,01716 17,95133
32,14515 22,85957 18,93361
30,3141 22,45585 18,212
30,11065 22,31916 18,53307
36,01069 21,2288 17,87663
36,01069 22,45903 18,47109
31,33135 22,32552 18,13094
33,36584 21,39727 17,55556
28,6865 20,9109 17,05965
32,95895 21,44814 17,69543
28,88995 22,39545 18,84937
31,1279 21,21608 17,45224
34,78999 21,57847 18,01967
29,5003 22,27147 18,37889
30,92445 21,56258 17,7002
29,70375 21,36866 18,26604
30,92445 21,72153 18,212
31,1279 21,9663 17,519
