0,6103516 0,3210706 0,2320611
0,6103516 0,2892812 0,2082191
0,6103516 0,301997 0,2161664
0,6103516 0,2956391 0,2257032
0,6103516 0,2924601 0,2177559
0,6103516 0,3051759 0,2368295
0,6103516 0,3051759 0,23524
0,4069011 0,2606708 0,2050401
0,6103516 0,298818 0,2257032
0,8138021 0,3147127 0,23524
0,8138021 0,2956391 0,2177559
0,6103516 0,2702076 0,2066296
0,8138021 0,3115338 0,2304716
0,6103516 0,2892812 0,2177559
0,6103516 0,2892812 0,2177559
0,8138021 0,2924601 0,211398
0,8138021 0,2892812 0,2145769
0,8138021 0,2797444 0,2066296
0,8138021 0,2606708 0,2034507
0,6103516 0,2956391 0,232061
0,6103516 0,2924602 0,2304716
0,6103516 0,3274285 0,2288822
0,6103516 0,3051759 0,2288821
0,6103516 0,301997 0,2336505
0,6103516 0,2956391 0,2161664
0,8138021 0,3051759 0,2368294
0,6103516 0,2956391 0,2241137
0,6103516 0,2606708 0,1986823
0,6103516 0,3051759 0,2272927
0,6103516 0,2829233 0,2177559
0,6103516 0,298818 0,2257032
0,6103516 0,2861023 0,2161664
0,6103516 0,3051759 0,2384189
0,6103516 0,3242495 0,23524
0,8138021 0,2861023 0,2002718
0,8138021 0,3083548 0,232061
0,6103516 0,2924602 0,2209348
0,8138021 0,3274285 0,2431873
0,6103516 0,2956391 0,2209348
0,6103516 0,3274285 0,2400084
0,6103516 0,2924601 0,2145769
0,8138021 0,2956391 0,2336505
0,6103516 0,3147127 0,2431873
0,6103516 0,2892812 0,2161664
0,8138021 0,3242495 0,2384189
0,8138021 0,3051759 0,2225243
0,8138021 0,3210706 0,2368295
0,8138021 0,3242495 0,2415979
0,6103516 0,2765655 0,2193453
0,6103516 0,2924602 0,2161664
0,6103516 0,3115338 0,2384189
0,8138021 0,3083548 0,2241137
0,6103516 0,301997 0,2272927
0,6103516 0,2670287 0,2082191
0,6103516 0,3051759 0,2320611
0,6103516 0,2892812 0,2241137
0,6103516 0,2829233 0,2129875
0,6103516 0,2892812 0,2177559
0,6103516 0,3019969 0,2225243
0,6103516 0,3115338 0,2257032
0,6103516 0,3115337 0,2304716
0,8138021 0,298818 0,2193453
0,6103516 0,2892812 0,2193453
0,6103516 0,298818 0,2193453
0,6103516 0,2765655 0,211398
0,6103516 0,2924601 0,232061
0,6103516 0,2861023 0,211398
0,6103516 0,2765655 0,2193453
0,6103516 0,3115338 0,2193454
0,6103516 0,3274285 0,2400084
0,6103516 0,2797444 0,2209348
0,8138021 0,3051759 0,2272927
0,6103516 0,2892812 0,2177559
0,6103516 0,2892812 0,2193453
0,6103516 0,2797444 0,2129875
0,6103516 0,3115338 0,2304716
0,6103516 0,3210706 0,2368295
0,4069011 0,301997 0,2336505
0,6103516 0,301997 0,2257032
0,6103516 0,2924602 0,2209348
0,6103516 0,3051759 0,2272927
0,6103516 0,3083549 0,2177559
0,6103516 0,2956391 0,2304716
0,4069011 0,2797444 0,2082191
0,6103516 0,3274285 0,2368295
0,6103516 0,3147127 0,23524
0,6103516 0,3401442 0,2463663
0,6103516 0,3051759 0,2272927
0,4069011 0,2988181 0,2225243
0,6103516 0,3115338 0,2225243
0,6103516 0,2892812 0,2193453
0,6103516 0,2956391 0,2161664
0,6103516 0,3051759 0,2336505
0,8138021 0,3242495 0,2368295
0,6103516 0,2956391 0,232061
0,6103516 0,2892812 0,211398
0,6103516 0,3147127 0,2400084
0,6103516 0,3274285 0,2415979
0,6103516 0,298818 0,232061
0,8138021 0,2797444 0,2177558
0,6103516 0,3306074 0,2400084
0,6103516 0,3210706 0,23524
0,6103516 0,2797444 0,2257032
0,6103516 0,2924601 0,2225243
0,6103516 0,2956391 0,2368294
0,8138021 0,298818 0,2272927
0,6103516 0,3147127 0,2368295
0,6103516 0,3337863 0,2495452
0,6103516 0,2733865 0,2018612
0,6103516 0,3019969 0,2304716
0,6103516 0,3051759 0,2272927
1,017253 0,3274285 0,2400084
0,6103516 0,3178917 0,2400084
0,8138021 0,3083549 0,2304716
0,6103516 0,298818 0,2272927
0,6103516 0,2924601 0,2177559
0,8138021 0,2733865 0,211398
0,6103516 0,2988181 0,2241137
0,6103516 0,2861023 0,2193453
0,6103516 0,3115338 0,2336505
0,6103516 0,2829233 0,2257032
0,6103516 0,301997 0,2336505
0,6103516 0,3147127 0,2479557
0,6103516 0,3019969 0,2225243
0,8138021 0,3178917 0,2447768
0,8138021 0,3178917 0,2400084
0,8138021 0,298818 0,2177559
0,8138021 0,3369653 0,2574925
0,6103516 0,2924601 0,2209348
0,6103516 0,3242495 0,2368295
0,6103516 0,3147127 0,2336505
0,6103516 0,298818 0,2384189
0,6103516 0,3083548 0,2368294
0,6103516 0,2892812 0,2177559
0,6103516 0,3242495 0,23524
0,8138021 0,3178917 0,23524
0,6103516 0,2924601 0,2272926
0,6103516 0,3115338 0,2304716
0,4069011 0,2670287 0,2098085
0,8138021 0,3592176 0,2638502
0,8138021 0,3178916 0,2431873
0,8138021 0,3369653 0,2511347
0,6103516 0,3147127 0,2431873
0,6103516 0,2892812 0,2257032
0,6103516 0,2988181 0,2193454
0,6103516 0,3306074 0,2463663
0,8138021 0,2861023 0,2241137
0,6103516 0,2829233 0,2209348
0,8138021 0,3528598 0,2638502
0,6103516 0,2924601 0,2161664
0,6103516 0,3051759 0,2400084
0,6103516 0,2956391 0,2368294
0,6103516 0,3083548 0,23524
0,8138021 0,3242495 0,2415979
0,6103516 0,2924601 0,2304716
0,8138021 0,3433231 0,2511346
0,6103516 0,3147127 0,2257032
0,6103516 0,3306074 0,2447768
0,6103516 0,298818 0,2304716
0,6103516 0,3115338 0,2384189
0,8138021 0,3306074 0,2527241
0,6103516 0,3306074 0,2479557
0,6103516 0,3274285 0,2463663
0,8138021 0,3369653 0,2574925
0,6103516 0,3592176 0,2686185
0,8138021 0,3147127 0,2447768
0,6103516 0,2956391 0,2400084
0,6103516 0,3210706 0,2463662
0,6103516 0,2829233 0,2209348
0,6103516 0,2861023 0,2336505
0,8138021 0,3178917 0,2415979
0,6103516 0,3147127 0,2447768
0,6103516 0,3115338 0,2447768
0,6103516 0,3528597 0,2622607
0,8138021 0,3337863 0,2590819
0,8138021 0,3210706 0,2447768
0,6103516 0,3083549 0,2336505
0,8138021 0,3306074 0,2495452
0,8138021 0,3147127 0,2368295
0,6103516 0,3147127 0,2336505
0,8138021 0,3465019 0,2590818
0,6103516 0,3433231 0,2511346
0,6103516 0,3369653 0,2527241
0,6103516 0,3051759 0,2225243
0,8138021 0,3051759 0,2368294
0,8138021 0,3337863 0,2511346
0,6103516 0,3115338 0,2368295
0,6103516 0,301997 0,2272927
0,8138021 0,3019969 0,2241137
0,8138021 0,3623964 0,2717974
0,6103516 0,3337863 0,2543135
0,6103516 0,3083549 0,2320611
0,6103516 0,3369652 0,2574924
0,6103516 0,3274285 0,2495452
0,6103516 0,3115338 0,2384189
0,8138021 0,346502 0,255903
0,6103516 0,3242495 0,2463663
0,6103516 0,3210706 0,2479557
0,8138021 0,3019969 0,2288821
0,6103516 0,3115338 0,2495452
0,6103516 0,3147127 0,23524
0,8138021 0,3337863 0,2495452
0,6103516 0,3147127 0,2495452
1,017253 0,3369653 0,2574925
0,8138021 0,346502 0,2590819
0,6103516 0,3242495 0,2447768
0,6103516 0,3306074 0,2447768
0,8138021 0,2829233 0,2257032
0,6103516 0,3083549 0,2384189
0,6103516 0,2956391 0,2304716
0,6103516 0,3465019 0,2527241
0,6103516 0,3242495 0,2415979
0,6103516 0,3369653 0,255903
0,4069011 0,301997 0,2384189
0,6103516 0,3115338 0,2384189
0,6103516 0,3210706 0,2495452
0,6103516 0,3083549 0,2336505
0,8138021 0,3178917 0,2431873
0,6103516 0,3115338 0,2336505
0,6103516 0,3147127 0,2400084
0,6103516 0,3210706 0,2447768
0,8138021 0,3051759 0,2288821
0,8138021 0,3528599 0,2654397
0,6103516 0,3051759 0,2288821
0,8138021 0,3433231 0,2479557
0,6103516 0,2956391 0,2257032
0,6103516 0,3083549 0,2288821
0,4069011 0,2892812 0,2272926
0,6103516 0,3019969 0,2368294
0,6103516 0,3051759 0,2336505
1,017253 0,3433231 0,2511347
0,8138021 0,3242495 0,2447768
0,8138021 0,3306074 0,2622608
0,6103516 0,3528597 0,267029
0,6103516 0,3369652 0,2606713
0,6103516 0,3210706 0,2463663
0,8138021 0,346502 0,255903
0,6103516 0,3306074 0,2574925
0,6103516 0,3337863 0,2543136
0,6103516 0,3306074 0,2543136
0,8138021 0,3465019 0,2606713
0,6103516 0,3306074 0,2590819
0,6103516 0,3083548 0,2272927
0,6103516 0,3433231 0,2511346
0,6103516 0,3496808 0,2590818
0,8138021 0,3528598 0,2638502
0,6103516 0,3242495 0,2479557
0,6103516 0,3210706 0,2447768
0,6103516 0,3369652 0,2590819
0,6103516 0,3274285 0,2495452
0,8138021 0,3496808 0,2654396
0,6103516 0,3496808 0,2574924
1,017253 0,3719332 0,2781551
0,6103516 0,3401442 0,2590819
0,6103516 0,3306074 0,2590819
0,8138021 0,3560387 0,2686185
1,017253 0,3560387 0,2686185
0,6103516 0,3337863 0,255903
0,6103516 0,3242495 0,2479557
0,6103516 0,3719331 0,2654395
0,6103516 0,3083548 0,2447768
0,8138021 0,378291 0,2845129
0,6103516 0,3433231 0,2574924
0,6103516 0,3623964 0,2749763
0,8138021 0,3719332 0,2749763
0,6103516 0,3433231 0,2622608
0,6103516 0,3465019 0,2654396
0,8138021 0,3496808 0,2574924
0,8138021 0,3528598 0,2622607
0,6103516 0,3051759 0,2431873
0,8138021 0,3147127 0,2384189
0,6103516 0,3242495 0,2527241
0,6103516 0,3178917 0,2495452
0,6103516 0,3433231 0,2622608
0,6103516 0,3528598 0,2654396
0,6103516 0,375112 0,2733867
0,6103516 0,3083548 0,2400084
0,6103516 0,3210706 0,2543135
0,6103516 0,343323 0,2622607
0,6103516 0,3560386 0,2638502
0,6103516 0,3592175 0,267029
0,6103516 0,3623964 0,2686185
0,6103516 0,3623964 0,267029
0,6103516 0,3655754 0,2717974
0,6103516 0,3210706 0,2527241
0,6103516 0,3496808 0,2638502
0,6103516 0,3337863 0,2527241
0,6103516 0,3210706 0,2447768
0,8138021 0,3814699 0,2781551
0,8138021 0,3433231 0,2527241
0,8138021 0,3941854 0,2797445
0,6103516 0,3592175 0,2765657
0,8138021 0,3751121 0,2797446
0,6103516 0,3496808 0,2654396
0,6103516 0,3623964 0,2749763
0,8138021 0,3496809 0,2654396
0,6103516 0,3655753 0,2765657
0,6103516 0,3973643 0,2876917
0,6103516 0,3369652 0,2495452
0,6103516 0,3814698 0,2861023
0,6103516 0,3782909 0,2845129
0,6103516 0,3655753 0,2765657
0,8138021 0,3878277 0,281334
0,6103516 0,3274285 0,2574925
0,6103516 0,3623964 0,2781551
0,8138021 0,3433231 0,2686186
0,8138021 0,3782909 0,281334
0,8138021 0,3274285 0,2527241
0,6103516 0,3846487 0,2892812
0,6103516 0,3560386 0,2606713
0,6103516 0,3465019 0,2654396
0,8138021 0,3846488 0,281334
0,8138021 0,3814698 0,2829234
0,8138021 0,3623964 0,2781551
0,6103516 0,3592175 0,2765657
0,6103516 0,3687542 0,2781551
0,6103516 0,3496808 0,2702079
0,6103516 0,3528598 0,2670291
0,6103516 0,3560386 0,2654396
0,6103516 0,3719331 0,2765657
0,6103516 0,3910065 0,2876917
0,8138021 0,3910066 0,2924601
0,6103516 0,3465019 0,2686185
0,8138021 0,4259744 0,3115333
0,6103516 0,4164377 0,3083544
0,8138021 0,41008 0,3019967
1,017253 0,3719332 0,281334
1,017253 0,4132588 0,2988178
0,6103516 0,3878276 0,2845128
0,6103516 0,4069011 0,3019967
0,8138021 0,3623964 0,2781551
0,8138021 0,3814698 0,2892812
0,6103516 0,3910065 0,2908706
0,6103516 0,4005432 0,2956389
0,6103516 0,3782909 0,2876917
0,8138021 0,4132589 0,3004072
0,6103516 0,3560387 0,2717974
0,6103516 0,3878276 0,2876917
0,6103516 0,3973643 0,2940495
0,8138021 0,4609424 0,3258382
0,6103516 0,4005432 0,2956389
0,6103516 0,4355111 0,3099438
0,8138021 0,4355111 0,3194805
1,017253 0,4132589 0,306765
0,8138021 0,4291533 0,3147122
0,8138021 0,4609423 0,3401432
0,8138021 0,4418689 0,3194805
1,017253 0,4863736 0,3528588
1,017253 0,4577635 0,3369643
1,424154 0,470479 0,343322
0,8138021 0,4577634 0,3385537
0,8138021 0,4514056 0,3385537
0,8138021 0,4959103 0,370343
1,017253 0,473658 0,3608063
1,017253 0,4990892 0,3528587
1,017253 0,4609424 0,3417327
1,017253 0,4450478 0,3353748
0,6103516 0,4577634 0,34968
0,8138021 0,4800158 0,3608062
0,6103516 0,4577634 0,3735221
0,8138021 0,4641213 0,3782905
1,017253 0,4959103 0,3735219
1,017253 0,5245206 0,394185
0,8138021 0,4895525 0,3687535
0,6103516 0,4831946 0,3782904
1,017253 0,4800158 0,3846483
0,8138021 0,4927314 0,3719325
1,017253 0,5181628 0,4116693
0,8138021 0,5308785 0,4212061
1,017253 0,5149839 0,4148483
1,017253 0,5372364 0,4084903
1,017253 0,5276996 0,4196166
0,8138021 0,5499522 0,4514062
1,017253 0,5722047 0,4386902
0,8138021 0,5404153 0,4291535
1,017253 0,559489 0,4498166
1,017253 0,5308785 0,4402798
1,017253 0,5467732 0,4355114
1,627604 0,5690258 0,4514061
1,017253 0,5626679 0,4514061
1,017253 0,6071729 0,4768375
1,017253 0,5753836 0,4657113
0,8138021 0,5785626 0,4736587
1,017253 0,5563101 0,4450482
1,017253 0,5753837 0,4561745
1,220703 0,6294252 0,502269
1,220703 0,5817415 0,4673008
0,8138021 0,5690258 0,460943
0,8138021 0,5658469 0,4657114
1,017253 0,6103519 0,481606
1,017253 0,6103519 0,4879639
1,220703 0,607173 0,4863744
1,017253 0,6103519 0,481606
1,017253 0,6675721 0,5229321
1,017253 0,5944573 0,4704797
1,220703 0,6167096 0,4990901
1,220703 0,6421409 0,502269
1,017253 0,6039941 0,4831955
1,017253 0,667572 0,5165743
1,017253 0,6484987 0,511806
1,220703 0,6262463 0,4975006
1,424154 0,6326042 0,49909
1,017253 0,6643932 0,5213426
1,017253 0,6771088 0,5229321
1,220703 0,635783 0,5038585
1,017253 0,6039941 0,481606
1,220703 0,6898245 0,537237
1,017253 0,6739298 0,5292898
1,017253 0,6834666 0,5420052
1,220703 0,6294253 0,5054481
1,017253 0,6739298 0,5531312
1,424154 0,7088979 0,5467737
1,627604 0,7279714 0,5785623
1,424154 0,7343293 0,5753835
1,424154 0,6930033 0,5324687
1,017253 0,6898244 0,5531313
1,017253 0,6866455 0,5324687
1,017253 0,7279715 0,5801518
1,017253 0,705719 0,5451843
1,220703 0,7216136 0,5737941
1,220703 0,6898244 0,5578995
1,220703 0,7343293 0,588099
1,424154 0,7247925 0,5769728
1,017253 0,7184347 0,5817412
1,220703 0,7279714 0,5960461
1,627604 0,7279714 0,58492
1,220703 0,7343293 0,5896885
1,424154 0,7692975 0,6119406
1,424154 0,7534028 0,591278
1,220703 0,7597607 0,6087617
1,220703 0,7534028 0,6039934
1,017253 0,7247926 0,5912778
1,220703 0,7502239 0,6039934
1,424154 0,7629396 0,6103511
1,220703 0,7216136 0,5769729
1,220703 0,7502239 0,6246562
1,627604 0,8106233 0,651677
1,220703 0,7629397 0,6182983
1,424154 0,8106232 0,6437296
1,424154 0,7692975 0,6262456
1,424154 0,8646644 0,6898237
1,220703 0,8487699 0,6930029
1,627604 0,8328755 0,6723397
1,424154 0,8614855 0,6850555
1,424154 0,8710222 0,6977713
1,424154 0,9441368 0,7343284
1,627604 0,9822839 0,774065
1,831055 1,049042 0,8185707
1,831055 1,068116 0,8503602
2,034505 1,17302 0,9377806
1,627604 1,214345 0,9632116
2,034505 1,220703 0,9822853
1,627604 1,185735 0,9727482
2,441406 1,246134 1,037916
2,034505 1,290639 1,069704
2,034505 1,312891 1,088778
2,034505 1,376469 1,122156
2,034505 1,487732 1,187323
2,441406 1,452763 1,163481
2,441406 1,446406 1,171429
2,237956 1,500448 1,225471
2,237956 1,446406 1,180966
2,644857 1,573563 1,276335
3,66211 1,662573 1,312892
2,644857 1,576742 1,292229
3,66211 1,735688 1,397134
2,848307 1,770656 1,428923
3,051758 1,792908 1,438459
3,255208 1,777013 1,43528
2,644857 1,831054 1,476605
2,848307 1,856486 1,481374
2,644857 1,945495 1,584687
4,679362 1,951852 1,575151
4,475912 2,009073 1,605351
3,051758 2,104442 1,675289
3,662109 2,123515 1,699129
4,475912 2,307892 1,834234
3,458659 2,333323 1,885096
4,679363 2,527236 2,067883
4,679363 2,565385 2,13941
4,272461 2,587636 2,066294
3,66211 2,600353 2,090137
4,272461 2,778373 2,241136
4,679362 2,752941 2,258618
4,475912 2,883275 2,334912
5,289714 2,978642 2,470017
5,900065 3,239314 2,557438
5,493164 3,344217 2,648035
6,103515 3,398259 2,754528
5,086263 3,614426 2,924602
7,731119 3,767013 3,062885
6,103515 3,814698 3,042222
6,103515 4,1008 3,258388
8,34147 4,542667 3,522236
7,324217 4,704795 3,808339
10,57943 5,381902 4,274051
10,57942 5,779268 4,593532
12,20703 5,47409 4,434586
10,98633 6,148017 4,889168
9,765626 5,836486 4,641216
10,37598 6,675722 5,222956
