0,6103516 0,2956391 0,2209348
0,6103516 0,2606708 0,1986823
0,6103516 0,3083548 0,2304716
0,6103516 0,2892812 0,2241137
0,6103516 0,2861023 0,2161664
0,8138021 0,2924601 0,2209348
0,6103516 0,2861023 0,2193453
0,8138021 0,2479552 0,1939139
0,6103516 0,2861023 0,2129875
0,6103516 0,301997 0,2193454
0,4069011 0,2861023 0,2288821
0,8138021 0,3083548 0,2193454
0,8138021 0,298818 0,232061
0,8138021 0,3051759 0,2209348
0,6103516 0,2956391 0,2304716
0,6103516 0,3115338 0,2336505
0,8138021 0,3083548 0,2257032
0,6103516 0,346502 0,2463662
0,6103516 0,301997 0,2304716
0,4069011 0,2797444 0,2193453
0,8138021 0,2765654 0,2098085
0,6103516 0,2829233 0,2177559
0,6103516 0,3051759 0,2400084
0,6103516 0,3369653 0,2479557
0,6103516 0,3401442 0,2590819
0,6103516 0,3401442 0,255903
0,6103516 0,2765655 0,2161664
0,6103516 0,2924601 0,2336505
0,6103516 0,3178917 0,2415979
0,6103516 0,3274284 0,2431873
0,8138021 0,2829233 0,2288821
0,8138021 0,3274285 0,2415979
0,6103516 0,2956391 0,2257032
0,6103516 0,2861023 0,2161664
0,6103516 0,3147127 0,2479557
0,6103516 0,3147127 0,2384189
0,6103516 0,3274285 0,2400084
0,6103516 0,3115338 0,2400084
0,6103516 0,2892812 0,2257032
0,8138021 0,2702076 0,211398
0,8138021 0,3242495 0,2400084
0,6103516 0,3083549 0,2304716
0,6103516 0,3178917 0,2463662
0,6103516 0,3242495 0,2400084
0,6103516 0,3115337 0,2400084
0,6103516 0,3115338 0,2384189
0,8138021 0,3751121 0,2654396
0,8138021 0,3274285 0,2511346
0,4069011 0,2861023 0,2384189
0,6103516 0,3528597 0,2733868
0,8138021 0,3846488 0,2892812
0,8138021 0,3719332 0,2749762
0,8138021 0,3433231 0,2638502
0,6103516 0,3719331 0,2717973
0,6103516 0,3210706 0,2543135
1,017253 0,3210706 0,2400084
0,6103516 0,3592175 0,2654396
0,6103516 0,3623964 0,2686185
0,6103516 0,3560386 0,2702079
0,8138021 0,3623965 0,2717974
0,8138021 0,3623965 0,2717974
0,6103516 0,3528597 0,267029
0,6103516 0,3623964 0,2717974
0,6103516 0,3369653 0,2574925
0,8138021 0,3433231 0,2606713
0,6103516 0,3846487 0,2845128
0,6103516 0,3369652 0,2574924
0,8138021 0,3401442 0,2590819
0,8138021 0,3719332 0,281334
0,8138021 0,3655753 0,2686185
0,8138021 0,3496808 0,2686185
0,8138021 0,3687542 0,281334
0,8138021 0,3592176 0,2654396
1,017253 0,441869 0,3163016
0,8138021 0,4005432 0,29246
0,6103516 0,3910065 0,2924601
0,8138021 0,4132588 0,3035861
0,8138021 0,3814698 0,281334
0,8138021 0,4164377 0,306765
0,6103516 0,346502 0,2670291
0,6103516 0,3973643 0,2988178
0,6103516 0,4323322 0,3067649
0,6103516 0,3973644 0,2972284
1,017253 0,4196166 0,3004072
0,8138021 0,4577635 0,3226593
0,6103516 0,406901 0,2988178
0,8138021 0,4514056 0,3274277
1,017253 0,470479 0,3385537
0,8138021 0,4736579 0,3369642
0,8138021 0,4863735 0,3814694
1,017253 0,4959103 0,3767009
1,220703 0,508626 0,3798798
1,017253 0,4895525 0,3751114
1,017253 0,5149838 0,3878271
1,017253 0,508626 0,3925956
1,220703 0,55631 0,4355113
1,220703 0,5499521 0,4418693
0,8138021 0,5658469 0,4529956
0,8138021 0,5276996 0,4196167
1,017253 0,5372364 0,4339219
1,017253 0,603994 0,4768376
1,017253 0,638962 0,5038585
1,017253 0,6167096 0,4847849
1,220703 0,6898244 0,537237
1,424154 0,705719 0,5356477
1,220703 0,6993611 0,5388265
1,017253 0,6866455 0,5451842
1,220703 0,7343293 0,5880989
1,220703 0,7088979 0,5706151
1,424154 0,7152557 0,5801517
1,220703 0,7247926 0,5722047
1,424154 0,7661185 0,6008145
1,220703 0,7820131 0,6294243
1,424154 0,7788342 0,6278351
1,220703 0,7979077 0,6453192
1,220703 0,8233387 0,6659821
1,831055 0,8646645 0,7025396
1,424154 0,8519489 0,686645
1,627604 0,9282423 0,7486337
1,424154 0,8455911 0,6914133
1,831055 0,9218845 0,7708862
1,627604 0,9695681 0,7645282
1,627604 1,029968 0,8344652
2,034505 1,068116 0,8710232
1,831055 1,185735 0,9536752
1,831055 1,223882 1,014074
2,848307 1,341501 1,090367
2,034505 1,436869 1,187324
2,441406 1,370112 1,13805
2,034505 1,417795 1,19845
2,441406 1,519521 1,257261
2,644857 1,592637 1,32084
2,237956 1,624427 1,333556
3,86556 1,697541 1,411439
4,06901 1,710257 1,433691
2,644857 1,764298 1,475017
2,644857 1,745224 1,484553
4,069011 1,837412 1,533826
3,86556 1,894632 1,573561
2,644857 1,891453 1,573561
3,051758 1,964568 1,645087
3,255208 2,009073 1,672108
4,475911 2,028147 1,710256
4,475911 2,145768 1,84695
3,255208 2,25703 1,900991
3,66211 2,307891 1,937548
4,27246 2,447762 2,040862
4,06901 2,504984 2,13782
3,662109 2,571743 2,163251
3,458659 2,546312 2,163251
4,882813 2,667111 2,274513
3,66211 2,778371 2,401671
3,86556 2,845128 2,436639
4,272461 2,927778 2,527236
5,696614 2,943673 2,506575
5,086263 3,054936 2,581278
4,679362 2,969104 2,54631
4,272461 3,102621 2,697309
4,475912 3,016789 2,65916
4,069011 3,039042 2,689359
4,882813 3,096263 2,724328
4,882813 3,147126 2,773602
4,882812 3,153485 2,764066
3,86556 3,143948 2,773604
4,679362 3,239315 2,861025
4,272461 3,232958 2,849898
4,272461 3,363291 2,93096
4,069011 3,242495 2,843541
4,272461 3,290178 2,913478
4,679362 3,25521 2,918246
4,272461 3,33786 2,957981
5,086263 3,426868 3,010434
4,679362 3,455478 3,051756
4,882813 3,417332 3,008843
4,679362 3,59853 3,166198
4,272462 3,576278 3,177324
4,882812 3,617604 3,194809
4,882813 3,671647 3,258386
4,679362 3,646216 3,256799
4,679362 3,579456 3,190039
4,679362 3,716152 3,294944
5,289714 3,732047 3,317198
4,679362 3,798805 3,388725
5,086263 3,732048 3,329915
5,086263 3,884635 3,391903
5,696614 3,798804 3,334683
4,882813 3,821057 3,407798
5,289714 3,932317 3,503162
5,493165 4,091262 3,574689
5,696616 4,107156 3,660519
5,900065 4,119872 3,606478
5,289713 4,180272 3,700256
5,289714 4,291535 3,727277
5,493164 4,374189 3,84331
5,493164 4,447302 3,883044
6,917319 4,577635 4,041989
6,917317 4,587172 4,065831
6,510417 4,682539 4,146894
5,696614 4,847847 4,266103
6,306965 4,933677 4,334448
7,120768 5,016328 4,401208
5,696614 4,857384 4,36942
7,324218 5,019508 4,382136
7,120769 5,153018 4,547435
7,527668 5,207058 4,61737
9,155272 5,397795 4,765192
8,544919 5,696617 5,009971
9,562171 5,900066 5,021097
8,951821 6,481807 5,435945
9,358722 6,987254 5,807877
10,17252 7,727941 6,531081
9,765621 7,982254 6,806054
11,39323 8,198419 7,003147
11,59668 8,586246 7,324218
11,39323 8,519489 7,405282
12,20703 8,932748 7,519722
10,57942 8,637108 7,417995
14,03809 9,136197 7,84238
12,41048 8,989968 7,742244
12,61393 9,161627 7,95841
11,59668 9,158453 8,122127
11,80013 9,206139 7,925036
12,61393 9,822845 8,554457
13,02083 10,02947 8,676846
13,42774 9,89278 8,804003
12,81738 10,06126 8,673664
12,00358 10,24246 8,955
12,41048 10,00087 8,808774
13,22428 10,01994 8,637111
13,42774 10,32193 9,187061
12,61393 10,24246 8,8644
12,61394 10,08034 8,816718
13,42774 10,22338 8,823074
13,02084 10,57943 9,382564
13,22428 10,50313 9,152095
13,63119 10,44591 9,058317
13,22429 10,51585 9,229977
15,05534 10,69705 9,342832
13,02084 10,77016 9,231565
14,44499 11,16117 9,779931
12,61393 10,62075 9,199779
13,63119 10,76062 9,322164
14,85189 10,95772 9,409583
14,44499 10,69705 9,148913
14,03809 11,0658 9,670258
14,64844 10,92593 9,652776
14,24154 11,13574 9,66072
14,24154 11,71112 10,05332
15,25879 11,82556 10,32829
17,2933 12,08623 10,45863
15,25879 11,76516 10,37757
16,07259 12,28015 10,63188
15,05534 11,94954 10,29015
17,49675 12,83328 11,19455
16,27605 12,86189 11,46952
16,4795 12,846 11,13256
16,4795 13,24971 11,36462
16,68295 13,0558 11,42661
16,4795 13,23382 11,66503
18,514 13,26244 11,9861
16,68295 13,55171 11,90821
16,27605 13,49449 11,60781
16,8864 13,40548 11,70317
16,8864 13,79013 12,20067
17,7002 14,14299 12,53923
18,1071 14,17796 12,67592
16,8864 13,93 12,00517
17,90365 13,9904 12,03855
18,514 14,18432 12,35803
18,31055 14,11438 12,4073
19,3278 14,01901 11,9543
17,90365 14,4132 12,90003
20,54851 14,68658 12,59486
18,1071 15,17614 13,40707
20,14161 15,20475 13,37846
20,14161 15,50993 13,41661
17,90365 14,89322 13,1162
19,3278 15,19839 13,36416
18,9209 14,96951 12,84282
19,12435 15,34462 13,3276
18,9209 15,41774 13,10666
19,32781 15,59893 13,74404
18,514 15,43681 13,49926
20,14161 15,53854 13,7043
20,34506 16,12663 14,1716
19,93816 15,90094 13,95703
19,3278 16,15525 14,25585
19,53126 16,10438 14,22723
19,73471 16,33962 14,51175
20,14161 16,27922 14,37028
20,95541 16,5844 14,28127
19,93816 16,54943 14,50062
20,34506 16,524 14,50539
21,36231 16,95315 14,89957
19,73471 16,39684 14,17637
22,58301 16,2824 14,2622
19,93816 16,54307 14,41638
19,32781 16,33327 14,33214
20,14161 16,54943 14,51969
20,34506 16,59712 14,73109
19,53126 16,74652 14,55148
20,54852 16,80692 14,90434
20,34506 16,99448 14,64526
20,14161 16,6734 14,34644
21,97266 17,29648 15,2731
20,75195 17,35687 15,02514
22,37956 17,61437 15,04263
20,95541 17,35052 15,56396
21,56576 17,01673 15,076
21,36231 17,17249 14,89957
22,17611 17,11846 14,99018
20,75196 17,51582 15,23654
27,05891 17,1725 15,07441
20,75196 17,35687 14,95838
19,93816 16,97223 14,95044
20,75196 17,30283 15,15389
21,97266 17,3537 15,27787
20,75196 17,29966 15,05852
20,34506 17,36323 15,35893
22,78646 17,73835 15,34621
21,76922 17,61436 15,33508
24,00716 17,5794 15,75152
20,34506 17,39184 15,32237
26,44856 17,77649 15,64026
20,54851 17,26786 15,09666
20,95541 17,11527 14,99971
25,63475 17,76695 15,18567
21,15886 17,67795 15,30806
22,98992 18,02127 15,58781
21,36231 17,56668 15,33985
21,15886 17,70656 15,51152
24,21061 17,98312 15,7245
26,24512 18,41228 16,17431
22,58302 18,25015 15,69272
23,60026 18,35188 16,06941
25,63476 18,69838 16,10597
22,98991 18,5585 16,14094
25,8382 19,61708 16,84506
24,41406 19,33734 16,95951
25,83821 19,90636 17,17408
27,26235 20,68201 18,21677
26,44855 20,4595 17,83212
29,50031 20,22425 17,53489
26,04166 20,18293 17,5047
25,02441 20,0526 17,54284
26,65201 20,66295 17,59689
27,66926 20,78057 18,44088
26,04166 20,51671 17,69225
24,21062 20,31645 17,9863
25,63477 20,60255 18,43453
26,04167 21,05713 18,38525
28,6865 21,52126 18,41069
25,43132 20,53579 17,84802
28,48306 21,65476 19,05124
25,43131 20,90137 18,80964
26,652 21,23197 18,60619
29,09341 21,0921 18,4679
25,83821 20,99355 18,70314
27,26236 20,70427 18,25492
24,61752 20,87911 18,21518
25,22786 21,51171 18,95269
28,48307 21,40681 18,84143
26,04166 20,89183 17,67318
29,09341 21,02852 18,64751
26,44856 21,26058 18,28829
27,05891 21,2129 18,11981
28,48306 21,45449 18,7254
25,43131 20,92997 18,02603
27,26235 21,3337 18,32645
27,4658 21,62615 18,57916
26,44856 22,00762 19,00355
28,07616 22,41135 19,4343
27,0589 22,06802 19,36436
26,65201 22,04577 19,05123
26,24511 22,2079 19,51535
29,0934 22,96766 20,14637
26,44857 22,70063 19,87298
29,0934 23,56528 20,3069
28,48306 23,44131 20,68679
29,5003 23,14885 20,34346
29,70376 23,99444 21,05076
29,29686 23,5335 19,90001
28,27961 23,187 19,83485
29,5003 24,04849 20,9411
28,6865 23,37774 20,73447
28,27961 24,0612 21,17792
28,68651 24,32823 21,16839
28,27961 23,77828 20,77579
28,6865 23,59708 20,65499
28,88995 23,64794 20,94268
29,9072 23,89272 20,73606
28,27961 24,01351 21,04441
30,31411 24,182 21,71516
30,11065 23,94676 20,75038
26,85547 23,94994 21,10481
28,48306 23,74648 20,99991
28,2796 24,33777 21,40204
29,5003 24,57619 21,47039
31,5348 24,68426 21,86934
29,9072 24,26147 21,3925
29,29686 24,29644 20,99514
31,94171 24,49353 21,28919
30,92445 24,74149 21,48311
28,88996 24,19154 21,30985
34,17965 25,29462 21,87252
29,09341 24,45857 21,44019
29,70376 24,87818 22,30167
30,11065 25,25329 22,50194
28,07617 24,73195 21,92339
30,3141 25,25647 22,46379
32,55206 25,50443 22,03782
32,14515 25,73967 22,24605
31,12792 25,32323 21,9043
30,51755 25,01487 21,72946
29,0934 24,86229 21,95677
32,55205 25,61887 22,3732
29,70375 25,18017 21,89636
30,721 25,35819 21,91544
30,51756 25,23422 22,26671
31,1279 25,30416 22,2079
29,5003 25,21196 22,56075
30,721 25,82232 23,01693
28,48306 25,03395 21,9504
31,73826 25,81596 23,00262
29,70376 25,53304 22,50512
30,72101 25,69516 21,76921
32,34861 25,18018 21,79782
32,34861 25,60615 21,90908
31,94171 25,1166 21,88047
32,3486 26,14339 22,35571
31,94172 25,7492 22,77375
29,70376 25,45356 22,29054
28,68651 25,37727 22,4034
31,33135 25,69516 22,95017
31,73825 25,40588 22,08392
30,31411 25,90497 23,16633
30,92445 26,21968 22,91997
28,68652 25,03395 22,14908
30,72101 25,57436 23,01852
30,92446 25,73331 22,04894
29,5003 26,01305 22,25875
30,11066 25,7651 22,80234
29,29685 25,71105 22,95495
31,73827 26,01623 22,98832
30,11065 25,43131 22,06008
31,9417 26,06074 22,88819
31,1279 25,75874 22,55916
29,5003 25,98762 23,37774
31,94171 25,78099 22,63386
30,3141 25,25011 22,35731
32,95895 25,74602 22,59413
32,14516 25,96854 22,95335
30,31411 26,05756 22,48446
32,55206 25,99716 22,73083
32,14516 25,54257 22,39704
30,72101 25,1166 22,20631
29,50031 25,08799 22,30167
30,3141 25,87954 22,52102
32,3486 26,11159 22,98355
31,73825 26,04483 23,10752
29,29686 25,3423 22,14908
29,90721 25,23103 22,40975
31,73826 25,57754 22,25558
30,92446 25,60297 22,97242
30,721 25,61886 22,39862
30,92446 25,22468 21,51807
30,11065 25,25329 22,041
31,5348 26,02258 22,47492
31,9417 25,35819 22,78169
32,14516 25,77146 22,49241
31,12791 25,72377 22,5846
31,12791 25,6443 22,69586
31,5348 26,2165 22,89136
31,53481 26,14021 23,2315
29,09341 25,76191 21,96947
32,3486 25,87 22,5687
31,33135 26,35001 23,08527
32,34862 25,70787 21,65635
30,92445 25,72059 22,30803
29,0934 24,95129 21,7247
32,34861 26,27372 22,83573
31,53481 26,11795 22,85321
30,51756 26,19424 22,41771
32,75551 25,86683 22,78964
31,12791 26,28326 23,16793
29,90721 26,08298 22,88182
30,51755 26,24829 23,61296
31,9417 26,16246 22,83573
30,721 26,98261 23,6241
32,14515 27,16699 23,43176
31,1279 27,22739 24,26305
32,3486 26,5185 23,29667
31,9417 26,55664 23,53827
31,1279 26,47399 22,81348
31,5348 26,80778 23,60661
32,3486 26,62658 23,34276
32,7555 26,35955 23,20608
34,79 26,83639 23,62251
32,95895 26,71241 23,54621
32,95895 26,91904 24,16928
32,55206 26,99851 23,75284
31,73825 26,8491 23,52396
31,53481 26,54075 23,78622
33,36585 26,64883 23,15521
33,1624 26,59797 23,01216
32,55205 26,41359 23,81483
31,73825 26,52167 23,58436
30,51755 26,06391 22,77056
32,3486 26,25783 23,08845
32,95894 27,00169 23,50966
