0,8138021 0,4275641 0,3131237
1,017253 0,4275642 0,30915
0,8138021 0,4688904 0,3449136
0,8138021 0,4450485 0,3353768
0,8138021 0,4561747 0,3337873
0,8138021 0,4704799 0,3623973
0,8138021 0,4879641 0,3814705
1,017253 0,5038586 0,3918019
1,017253 0,4927325 0,3878282
1,017253 0,5213425 0,4100803
1,220703 0,5483628 0,4355111
1,220703 0,5626678 0,4450477
1,424154 0,5722044 0,4537895
1,017253 0,5849199 0,466505
1,220703 0,6548561 0,5030624
1,424154 0,7088979 0,5380301
1,627604 0,7406869 0,5825362
1,627604 0,7645286 0,5928679
1,424154 0,8042653 0,6318104
1,627604 0,8392336 0,6492945
2,237956 0,8980442 0,6763154
2,237956 0,9775179 0,7478412
3,255209 1,063347 0,8058546
2,644857 1,115798 0,8400271
3,051758 1,188912 0,8821472
3,458659 1,328788 0,975132
4,272461 1,516344 1,09752
5,493164 1,815159 1,283487
6,510416 2,148947 1,523495
6,917316 2,458889 1,788933
8,951819 2,837181 2,064705
10,57942 3,067653 2,261797
10,98633 3,436406 2,511341
10,78288 3,857612 2,786319
9,765621 3,959336 2,934931
14,85189 4,494982 3,324348
10,37597 4,620552 3,418128
11,39323 5,095798 3,755092
10,78288 5,621911 4,214445
12,20703 5,979537 4,508492
10,98633 6,491343 4,833541
13,83464 6,922087 5,149843
11,59668 7,34806 5,646544
13,02083 8,017223 6,113845
12,00358 8,513132 6,783803
16,4795 9,268124 7,487935
13,02084 9,770395 7,998149
12,81738 10,24405 8,485317
14,44499 10,46339 8,666514
15,05534 10,84487 9,051959
15,25879 11,26289 9,495415
18,514 11,59986 9,858611
17,08985 12,57579 10,48962
17,7002 12,68228 10,80036
18,9209 13,03197 11,27641
18,9209 13,60417 11,98053
18,31056 14,23995 12,14027
18,31056 14,50062 12,6489
20,54851 15,24131 13,49211
20,5485 15,67841 13,5978
21,97266 15,90094 14,0206
22,17611 16,51446 14,43704
22,78646 16,85302 14,84712
23,60026 17,51742 15,42091
26,44858 18,18816 16,00822
23,19336 18,26445 16,17352
24,21061 18,87003 16,79659
25,22786 19,24993 17,12799
24,21061 19,60437 17,49039
26,44856 20,34346 17,97278
26,24512 20,22902 17,99743
26,85547 21,05076 18,83586
27,05892 21,26059 19,06952
26,44856 21,68655 19,26502
30,92447 22,40499 20,23459
32,14518 22,76102 20,45551
28,6865 22,91044 20,40308
28,88996 23,45562 20,90215
32,95897 23,91973 21,30986
33,16243 24,1518 21,91861
31,12793 24,68427 22,35411
33,77278 25,01329 22,4789
30,72103 25,02759 22,18167
31,53483 25,67769 23,23071
36,01073 26,28326 23,60662
33,36588 26,26578 23,31019
33,97623 27,01282 24,22412
38,65559 27,61204 24,80824
40,07974 28,64202 25,49489
36,41763 28,43539 25,1166
36,82454 29,29687 25,98763
39,46939 30,33638 26,42076
37,63833 30,45241 26,86262
39,0625 31,08978 27,82346
39,4694 31,53801 27,67721
40,6901 31,65721 27,39826
40,48665 32,33592 28,39644
40,69012 32,45354 28,6913
41,91082 33,38337 29,55993
40,28318 33,40244 29,61477
42,11426 34,22738 30,05267
44,35221 34,63268 30,87758
45,36946 35,09363 30,95149
47,20051 35,63086 31,50145
44,35221 35,99326 32,21432
47,40396 36,08546 31,93142
49,23504 36,5019 32,22147
43,33496 36,35246 31,58648
47,40396 37,23462 32,66096
44,96258 37,51119 33,26575
46,59019 37,71464 33,39132
49,03157 38,07862 34,283
46,59016 38,08338 33,86498
44,75914 38,43628 34,60884
50,25228 39,25324 34,98474
46,79362 38,80978 34,6899
45,97983 39,17535 34,736
51,26951 40,48031 35,68252
50,65919 39,59497 35,42583
48,01432 39,89219 35,36462
46,99706 40,04638 35,51721
50,04884 40,25142 35,79218
48,01432 40,03843 36,04174
49,43849 40,50892 36,76654
53,91438 40,16877 35,17867
46,79362 40,80933 36,47011
49,03158 41,28934 36,84204
48,42123 41,10654 36,86586
48,21777 40,92535 35,89075
48,42122 41,6581 36,8937
53,71093 42,04592 36,59884
53,10057 42,69122 37,80365
50,86263 42,41943 37,95941
51,67643 42,29546 37,28153
52,6937 42,68326 37,86881
52,08332 42,19214 37,78776
51,26954 42,93761 37,97849
49,4385 43,52411 38,4752
51,47299 42,57203 37,74722
50,25226 43,13469 38,44975
51,67643 43,68465 38,74142
52,89713 43,96122 39,049
52,49024 43,64649 39,07682
55,94889 43,80227 39,25323
59,40754 43,69736 39,17614
53,50748 44,00095 39,41457
51,67643 44,19645 38,8344
54,72817 44,65898 40,01697
56,76268 44,36017 39,56002
50,65919 43,87219 38,89243
53,50749 44,89103 39,69271
55,54199 44,90534 39,88901
53,71092 45,35676 39,84295
55,94889 45,66669 40,77116
53,10061 45,30908 40,8451
56,15233 45,64761 40,65117
52,69368 46,07041 41,35291
55,33853 45,65716 40,46759
54,72817 45,51888 41,16217
54,52475 46,11652 41,39662
53,50748 46,20234 40,85144
53,9144 46,58062 41,76298
53,91438 46,21186 41,26389
58,59375 45,39014 40,56057
55,54201 46,28022 40,54228
52,89713 45,96075 40,69567
54,32129 46,80474 41,90445
55,94893 46,1642 40,48269
54,93165 46,17057 40,93965
56,35579 46,12286 41,73516
56,76267 46,90489 41,99265
58,79719 47,09402 41,33144
60,22134 47,59313 40,95714
56,96615 48,11444 43,35722
54,72822 47,69803 42,38923
58,18683 47,91896 41,99903
59,81446 47,95551 42,78501
61,84896 47,7044 41,90129
55,74544 47,27841 41,20031
56,55924 47,32132 42,56804
58,18684 48,18277 42,48141
59,61098 48,0302 42,01015
57,16961 48,31314 43,55592
58,39029 48,03339 41,52297
64,08689 49,25251 42,96621
58,79718 49,19212 42,82237
58,18686 49,50841 43,94451
62,0524 49,46869 43,85394
58,7972 48,9839 43,19032
60,8317 49,98685 43,69975
62,86619 50,89125 45,55624
61,44205 51,23933 45,15091
60,62824 52,04041 45,68736
61,23859 52,27087 46,70145
64,08691 51,77498 45,59358
62,8662 52,98932 47,06621
61,84896 52,90032 46,94697
63,2731 53,18325 46,55204
65,51105 53,99068 48,1216
62,8662 52,797 46,97959
62,05238 53,57584 47,47868
67,54556 53,71413 47,28636
65,71449 54,12101 47,57961
