0,6103516 0,2797444 0,2225242
0,6103516 0,2765655 0,2066296
0,8138021 0,2861023 0,2225242
0,6103516 0,2829233 0,2098085
0,6103516 0,3115338 0,2304716
0,6103516 0,3083549 0,2304716
0,6103516 0,2988181 0,2161664
0,6103516 0,2733865 0,2034507
0,6103516 0,2988181 0,2241137
0,8138021 0,3433231 0,2511347
0,6103516 0,3337863 0,2431874
0,6103516 0,2956391 0,2145769
0,6103516 0,3147127 0,23524
0,6103516 0,298818 0,2304716
0,4069011 0,2733865 0,211398
0,6103516 0,2924601 0,2241137
1,017253 0,3210706 0,2400084
0,8138021 0,3083548 0,2304716
0,6103516 0,3210706 0,2479557
0,6103516 0,2956391 0,232061
0,6103516 0,2956391 0,2257032
0,6103516 0,301997 0,2320611
0,6103516 0,2861023 0,2209348
0,4069011 0,2988181 0,2336505
0,8138021 0,3147127 0,2320611
0,6103516 0,298818 0,2193453
0,6103516 0,2797444 0,211398
0,8138021 0,3115338 0,23524
0,6103516 0,2956391 0,2288821
0,6103516 0,3210706 0,2447768
0,6103516 0,301997 0,2288821
0,6103516 0,298818 0,2368294
0,6103516 0,298818 0,2209348
0,6103516 0,3337863 0,2511347
0,6103516 0,2956391 0,2288821
0,6103516 0,3306074 0,2463663
0,6103516 0,3369653 0,2574925
0,8138021 0,3369653 0,2527241
0,6103516 0,2861023 0,2209348
0,6103516 0,3083549 0,23524
0,6103516 0,298818 0,2288821
0,6103516 0,3115337 0,2368294
0,6103516 0,3083549 0,2336505
0,8138021 0,3083548 0,2368294
0,6103516 0,3496808 0,2574924
0,6103516 0,2861023 0,2288821
0,6103516 0,3496808 0,2654396
0,6103516 0,3178916 0,2368295
0,6103516 0,3433231 0,255903
0,6103516 0,3242495 0,2543135
0,8138021 0,3528598 0,270208
0,6103516 0,3369653 0,2495452
0,6103516 0,3115338 0,2463662
0,8138021 0,3655753 0,2590818
0,6103516 0,346502 0,2670291
0,8138021 0,3083549 0,23524
0,8138021 0,3560387 0,2654396
0,8138021 0,3178917 0,2368295
0,8138021 0,3433231 0,255903
0,8138021 0,346502 0,2574924
0,8138021 0,3560387 0,2686185
0,8138021 0,3306074 0,2479557
0,8138021 0,3210706 0,2415979
0,8138021 0,3528598 0,2717974
0,8138021 0,3910066 0,2861023
0,6103516 0,4005432 0,2908705
0,8138021 0,3592176 0,2686185
0,6103516 0,3910065 0,2876917
0,6103516 0,3560386 0,267029
0,8138021 0,3751121 0,2749762
0,8138021 0,3592176 0,2733868
0,8138021 0,3560387 0,270208
0,8138021 0,3910066 0,2940495
1,017253 0,3687544 0,2749763
0,6103516 0,3528597 0,2638502
0,8138021 0,43869 0,3099438
0,6103516 0,3496808 0,2638502
0,8138021 0,3814698 0,2876918
0,8138021 0,3846488 0,2892812
0,6103516 0,4291533 0,3099438
0,8138021 0,4037221 0,3019967
0,6103516 0,4323322 0,3147121
0,8138021 0,4132589 0,3035861
0,8138021 0,4005432 0,29246
0,6103516 0,4164377 0,3083544
0,6103516 0,4227955 0,3083544
0,8138021 0,4164377 0,3051755
0,6103516 0,406901 0,2972283
0,8138021 0,4609423 0,3369643
1,220703 0,473658 0,3417326
1,220703 0,4673001 0,3321959
0,8138021 0,4768369 0,3592168
1,220703 0,4418689 0,3210699
0,8138021 0,4609423 0,3544484
0,8138021 0,441869 0,317891
0,8138021 0,4577634 0,346501
0,8138021 0,4482267 0,3306065
0,8138021 0,4863735 0,3830588
1,017253 0,4800158 0,3830589
0,8138021 0,4800158 0,3798799
0,8138021 0,5149838 0,4037219
0,8138021 0,5118049 0,4021324
1,017253 0,5181628 0,4005429
1,220703 0,5276996 0,4037219
1,017253 0,5690258 0,4355114
1,017253 0,6103519 0,4704796
1,220703 0,5849205 0,4673008
1,017253 0,6389619 0,492732
1,220703 0,7025401 0,5404159
1,627604 0,8010866 0,6103513
1,424154 0,8042654 0,6341928
1,424154 0,8678433 0,6818765
1,627604 0,9600314 0,7406862
1,831055 1,160304 0,9091699
1,831055 1,220703 0,9822848
2,237956 1,373291 1,104672
2,441406 1,427332 1,174608
4,069011 1,592637 1,304945
4,475912 1,745225 1,416208
5,086263 1,853307 1,484554
5,086263 2,056756 1,630782
5,696614 2,180735 1,689592
7,527668 2,511342 1,93119
8,54492 3,121695 2,309483
10,98633 3,525417 2,643269
10,57943 3,919602 2,923012
8,138019 4,523596 3,352166
10,17252 5,429585 4,008612
10,57942 5,620319 4,24544
13,02083 6,891888 5,331043
15,05534 7,785161 6,111463
17,49675 9,161631 7,247923
17,90365 10,29333 8,139608
17,49675 11,44727 9,171167
20,5485 12,81103 10,29651
19,73471 13,59622 11,1103
28,07617 15,74834 12,77924
26,24511 17,36006 14,17001
32,34862 18,23743 15,21588
29,50031 18,00855 15,24767
27,05892 18,7556 15,85007
26,65202 20,34823 16,86255
26,44857 20,24015 17,09779
29,09342 21,80099 18,04193
31,73828 21,93133 18,30578
30,72101 22,66884 18,82553
31,12792 22,79281 19,24038
33,16243 24,47764 20,57234
36,01072 24,96401 21,67543
43,1315 26,2483 22,1904
39,67285 27,41177 23,25216
42,11425 27,83139 23,24422
38,04523 28,08888 24,12636
38,85903 28,62612 24,39499
46,99709 29,89451 24,88613
50,86264 30,4222 26,00351
47,81089 31,4172 26,56301
43,33495 32,58704 28,09842
41,30045 32,66334 28,25418
46,99711 34,27505 29,53052
54,11787 34,38948 29,77053
49,0316 35,46396 30,94036
51,67643 39,25641 33,71398
54,72822 40,07021 34,19081
55,74549 40,31182 34,42765
61,03518 43,00753 36,726
57,37306 41,3545 35,70398
57,98343 41,78366 35,83113
59,40758 41,36404 35,42582
63,27313 42,65148 37,50165
59,81447 43,91671 38,21214
61,44212 45,77001 39,4535
61,84897 46,40897 39,80159
64,49384 46,72368 40,45645
68,96977 49,83903 42,72779
79,95609 49,32404 42,40036
67,13869 49,37809 42,24458
67,54561 50,83403 44,40308
80,76992 50,06155 42,82952
75,27674 52,62694 45,60312
86,05962 53,26271 45,46643
69,37669 52,78906 44,89421
81,58367 57,0679 48,62627
90,12862 54,849 47,01297
77,5147 55,21141 47,43261
97,04588 55,72002 47,74413
81,58366 56,58787 48,55951
90,33204 57,54154 48,48164
98,26664 62,63734 51,83062
94,8079 62,2241 51,6987
94,19761 60,69503 51,0057
101,5218 61,14326 51,18212
90,12859 63,82309 54,56926
95,21479 63,77541 53,84765
100,708 66,01972 54,81882
100,3011 67,17685 56,661
91,75619 66,51245 55,7089
88,50101 65,08511 55,37828
99,08043 71,16955 58,87191
101,5218 68,86168 57,1728
102,539 72,52377 60,38666
100,708 70,99155 60,72999
103,9632 75,76627 63,30332
138,5497 77,12048 62,66913
123,9014 76,99652 64,73067
122,884 77,44472 64,01062
143,0256 79,86387 66,42659
122,2736 79,91792 66,20725
115,5598 82,65178 67,90479
114,7461 82,17177 67,73949
137,9393 82,69948 69,49264
110,8805 84,62271 70,83894
125,9358 83,39882 69,58961
145,874 88,24984 72,28215
150,7567 89,23531 73,04668
151,3671 92,95781 77,01241
128,1738 92,04546 76,6309
148,7223 95,34836 80,65543
142,8223 95,82518 79,51417
126,3427 91,61631 77,34456
158,081 102,5295 85,40313
140,1773 99,63035 84,04573
147,2981 101,0577 85,01849
146,0774 100,7398 85,39199
139,7705 101,8015 85,30299
147,7051 102,8156 87,35178
161,5397 109,3546 91,03773
139,5671 104,5672 88,37382
167,8468 112,0949 94,41854
166,2191 110,0985 92,66694
168,864 112,594 95,78384
142,2118 106,945 91,28092
167,2363 109,1544 93,34563
157,0638 110,1748 93,1692
172,3226 114,1421 96,3036
148,3153 111,742 94,285
164,7949 114,2661 95,16397
166,4226 109,6408 92,6606
155,2327 112,2411 93,80815
157,0638 112,9309 94,57906
154,4189 112,2411 96,63424
167,2363 114,1961 95,46917
159,3017 115,8523 94,53932
174,5606 113,6525 95,67421
145,4671 112,6893 95,76479
160,319 119,5749 100,9798
151,1637 112,1775 93,64605
158,488 116,3546 97,34314
171,9158 114,603 95,55817
165,8121 112,4286 96,04294
