0,6103516 0,2352396 0,1351038
0,6103516 0,2225239 0,1271565
0,6103516 0,2479552 0,1557668
0,4069011 0,2447762 0,1605352
0,8138021 0,2606708 0,1637141
0,4069011 0,2320606 0,1446406
0,6103516 0,2384185 0,1430511
0,6103516 0,2479552 0,1541774
0,4069011 0,2161661 0,1303354
0,6103516 0,2479552 0,1589457
0,6103516 0,2415974 0,1509984
0,6103516 0,2606708 0,1684825
0,4069011 0,2415974 0,1653036
0,4069011 0,2288817 0,1621247
0,4069011 0,254313 0,1748404
0,4069011 0,2320606 0,1462301
0,4069011 0,2320606 0,1605352
0,4069011 0,2638497 0,1589457
0,6103516 0,254313 0,1668931
0,4069011 0,2415974 0,1525879
0,4069011 0,2415974 0,1605352
0,4069011 0,2447762 0,1366933
0,4069011 0,2479552 0,1589457
0,4069011 0,2574919 0,166893
0,6103516 0,2415974 0,1573563
0,6103516 0,2384185 0,1621247
0,6103516 0,2511341 0,1653036
0,4069011 0,2479552 0,1653036
0,4069011 0,2670287 0,1764298
0,8138021 0,2479552 0,1621247
0,6103516 0,2733865 0,1732509
0,4069011 0,2320606 0,1573563
0,4069011 0,2511341 0,1748404
0,6103516 0,2511341 0,1653036
0,6103516 0,2479552 0,1668931
0,6103516 0,2606708 0,1732509
0,8138021 0,2511341 0,1621247
0,6103516 0,2670287 0,1811982
0,6103516 0,254313 0,1573563
0,6103516 0,2606708 0,1653036
0,4069011 0,2606708 0,1573563
0,6103516 0,2733865 0,1732509
0,4069011 0,254313 0,1668931
0,6103516 0,2797444 0,1891455
0,6103516 0,2447763 0,1573563
0,4069011 0,2320606 0,1557668
0,4069011 0,2352396 0,1509984
0,6103516 0,254313 0,1366933
0,6103516 0,2574919 0,1748404
0,6103516 0,2574919 0,1684825
0,6103516 0,254313 0,1780193
0,8138021 0,2702076 0,1827877
0,6103516 0,2606708 0,1557668
0,6103516 0,2670287 0,170072
0,4069011 0,2384184 0,1605352
0,6103516 0,2479552 0,1509984
0,4069011 0,2479552 0,170072
0,6103516 0,2574919 0,1668931
0,6103516 0,2574919 0,170072
0,6103516 0,2765654 0,1843771
0,4069011 0,2479552 0,1780193
0,4069011 0,2415974 0,170072
0,8138021 0,2829233 0,1811982
0,6103516 0,2479552 0,1653036
0,6103516 0,2511341 0,1732509
0,4069011 0,2606708 0,1637141
0,4069011 0,2479552 0,1557668
0,6103516 0,2861023 0,190735
0,6103516 0,2606708 0,1716614
0,6103516 0,2702076 0,1796087
0,6103516 0,2829233 0,1859666
0,6103516 0,2606708 0,1780193
0,6103516 0,2733865 0,1891455
0,6103516 0,2670287 0,1811982
0,6103516 0,2765655 0,1891455
0,8138021 0,2479552 0,1843771
0,8138021 0,2797444 0,1923244
0,6103516 0,2574919 0,1811982
0,6103516 0,2797444 0,1955034
0,6103516 0,2670287 0,1843771
0,6103516 0,2924602 0,2161664
0,6103516 0,2670287 0,1970928
0,6103516 0,3019969 0,2225243
0,4069011 0,254313 0,1764298
0,6103516 0,2765655 0,2018612
0,6103516 0,2892812 0,2161664
0,6103516 0,2797444 0,2082191
0,6103516 0,2765655 0,2034507
0,6103516 0,3083549 0,2177559
0,6103516 0,301997 0,2113981
0,6103516 0,2670287 0,1923244
0,6103516 0,2511341 0,1923244
0,6103516 0,2511341 0,190735
0,8138021 0,3147127 0,2257032
0,6103516 0,2829233 0,2098085
0,6103516 0,2797444 0,2161664
0,6103516 0,2956391 0,2193453
0,6103516 0,2924601 0,2018612
0,6103516 0,298818 0,2272927
0,6103516 0,2702076 0,2050401
0,4069011 0,2606708 0,1923244
0,6103516 0,2702076 0,1970928
0,4069011 0,2892812 0,2050402
0,6103516 0,3242495 0,2320611
0,6103516 0,2956391 0,2304716
0,6103516 0,3115338 0,2272927
0,6103516 0,3178917 0,2272927
0,4069011 0,2924602 0,2225243
1,220703 0,2956391 0,2161664
0,6103516 0,3051759 0,2257032
0,6103516 0,2924602 0,214577
0,8138021 0,2829233 0,2161664
0,6103516 0,2733865 0,2066296
0,8138021 0,295639 0,2304716
0,6103516 0,2861023 0,2050402
0,8138021 0,2956391 0,2257032
0,6103516 0,3019969 0,214577
1,017253 0,346502 0,2479557
0,8138021 0,3083548 0,2257032
0,6103516 0,3147127 0,2320611
0,6103516 0,3242495 0,2320611
0,6103516 0,2924601 0,2145769
0,8138021 0,3337863 0,2368295
0,6103516 0,3210706 0,23524
0,8138021 0,3115338 0,2384189
0,6103516 0,3083549 0,2288821
0,6103516 0,3147127 0,2384189
0,6103516 0,3242495 0,2431873
0,8138021 0,3465019 0,2543135
0,8138021 0,3147127 0,2400084
0,6103516 0,3115338 0,2415978
0,6103516 0,3274285 0,2447768
0,6103516 0,3465019 0,2590818
0,6103516 0,3274285 0,2400084
0,8138021 0,2956391 0,2193453
1,017253 0,3178917 0,2415979
0,6103516 0,3401442 0,2622608
0,6103516 0,3306074 0,2400084
0,8138021 0,3401442 0,2495452
0,6103516 0,3496809 0,2590818
0,6103516 0,3496808 0,2559029
0,8138021 0,3528598 0,2559029
0,6103516 0,3083549 0,2415978
0,8138021 0,3369652 0,2479557
0,6103516 0,3210706 0,2431873
0,6103516 0,3687543 0,267029
0,8138021 0,375112 0,2765656
0,6103516 0,3337863 0,255903
0,6103516 0,3560387 0,2654396
0,6103516 0,3687542 0,2797446
0,6103516 0,3623964 0,267029
0,6103516 0,3655753 0,2749762
0,6103516 0,3814698 0,2845128
0,8138021 0,3560386 0,2765657
0,8138021 0,3973644 0,2940495
0,6103516 0,3814698 0,2892812
0,6103516 0,3814698 0,2797445
0,6103516 0,3973643 0,29246
0,8138021 0,3814698 0,2829234
0,8138021 0,4132588 0,3019966
1,017253 0,4514056 0,3274277
0,8138021 0,4005432 0,2988178
0,8138021 0,4386901 0,3147122
0,6103516 0,4227955 0,306765
0,6103516 0,4100799 0,3004072
0,8138021 0,4545845 0,3353748
0,8138021 0,4577634 0,3369643
0,8138021 0,470479 0,3496799
1,017253 0,4514056 0,329017
0,8138021 0,4673001 0,3560378
1,017253 0,4514056 0,3528591
0,8138021 0,4673001 0,3639852
1,017253 0,4863735 0,3592167
0,8138021 0,4673001 0,3735221
0,8138021 0,4641213 0,3576274
0,8138021 0,4863736 0,3846483
1,220703 0,5149838 0,3957745
1,017253 0,5276996 0,4005429
1,424154 0,5149838 0,4084903
1,017253 0,5722047 0,4498166
1,017253 0,5499521 0,4466377
0,8138021 0,5849205 0,4641218
0,8138021 0,5817415 0,4720692
1,017253 0,607173 0,4784271
1,220703 0,6612144 0,5086269
1,220703 0,6580355 0,5118059
1,627604 0,7343293 0,5563105
1,424154 0,7565818 0,591278
1,220703 0,7629396 0,5928674
1,424154 0,8265178 0,6421401
1,627604 0,8869167 0,6755185
1,220703 0,8646644 0,6930026
1,831055 0,9727471 0,7772442
1,831055 1,049042 0,8281073
2,034505 1,096726 0,8662547
2,237956 1,122158 0,8916864
2,848307 1,268387 0,9727482
3,255208 1,370111 1,064936
2,644857 1,519521 1,157124
4,069011 1,535416 1,195271
2,848307 1,81516 1,34627
3,255208 2,104442 1,605352
4,272461 2,307892 1,791319
6,713867 2,54313 2,036094
11,59668 2,826057 2,22842
16,68295 3,115337 2,447764
13,02083 3,360112 2,608301
12,61393 4,094442 3,023148
15,86915 4,847844 3,525416
18,1071 5,947747 4,089673
17,08985 7,731119 5,224546
16,68295 9,860992 6,923677
20,34506 12,57261 9,446146
24,61751 14,23518 10,96408
27,87271 15,75788 12,37869
29,70375 16,74334 13,49608
25,22786 17,71927 14,15889
30,11065 18,97176 15,35098
27,8727 18,93997 15,10938
25,83821 19,68385 16,01856
28,07615 20,34505 16,75606
31,33136 21,94405 18,01014
34,58655 22,80553 18,96699
33,77275 23,55893 19,27058
30,72101 24,17882 20,46426
34,17965 24,07709 20,34346
38,65555 24,10888 19,99219
31,73825 24,3632 20,72176
35,40035 25,18971 21,31462
39,67279 26,80141 22,60366
34,3831 26,11477 22,32392
38,24864 27,08752 23,30779
36,21414 27,69787 23,44608
38,0452 28,31458 24,46968
38,85899 28,74372 24,01351
37,84175 29,45898 25,38521
37,02794 29,82456 25,87794
41,70732 30,55571 26,04961
38,65554 31,1883 27,15428
42,72458 31,54116 26,90791
40,48661 32,24688 28,00781
42,92804 32,80954 27,96172
44,14875 32,73325 29,14109
44,14875 33,3881 28,75962
45,166 34,23051 29,34136
43,13148 34,13833 29,39063
49,03158 35,01889 30,04867
46,99707 35,96621 31,52369
45,97982 36,28727 31,43945
51,26957 36,88809 32,78095
48,42123 38,37264 32,90493
48,01433 38,04203 33,32772
53,91444 39,07835 33,47554
56,76276 40,71867 35,73257
51,26956 40,40078 35,29706
52,89716 39,93348 33,8125
57,57658 40,91895 35,82951
56,55931 41,45301 36,39377
52,89718 40,82675 35,42579
55,54205 41,63102 36,3127
53,91443 43,86263 38,68736
57,57657 43,05836 37,97528
62,25597 43,20141 37,23778
55,13515 43,64646 39,2532
55,94895 43,23003 36,43192
61,64561 44,5016 39,26274
60,62835 43,99615 38,45848
63,68013 45,02929 38,94009
57,78001 45,84629 39,88741
66,12155 45,59833 38,99412
63,06977 45,05791 39,35971
63,88358 45,31859 38,32816
69,37679 46,16737 39,59176
64,08704 46,62513 40,51842
59,40765 45,74456 39,45348
65,30775 46,75229 40,90307
63,8836 46,98436 39,52818
60,83182 46,36446 41,13513
64,29049 46,18008 40,9428
61,03527 46,49798 40,42942
65,91809 46,79998 39,98913
66,32502 47,72823 42,17624
64,90085 45,52203 39,29295
61,6456 46,55203 41,09381
57,98349 47,14649 40,61856
64,6974 48,03976 41,26866
63,27323 48,22097 42,05545
68,35953 48,21461 41,03025
63,47669 48,29409 41,89332
70,19061 48,97437 42,59109
81,17694 49,65149 42,70872
66,93536 47,69963 40,61062
68,56299 49,59109 42,91377
62,05251 48,39263 42,35746
67,13882 48,75184 42,44645
63,27323 47,49934 41,73756
63,06977 48,18282 41,41171
60,22145 48,45939 42,03
67,95264 48,57065 42,23664
63,06976 47,90943 42,4226
61,03526 48,80589 42,38446
72,02166 49,18736 44,10585
67,34227 47,83314 41,94099
70,5975 48,4117 42,50528
66,32502 48,72005 42,16989
74,25964 49,81043 42,39718
58,18694 48,55476 42,67215
67,34227 47,67419 40,8713
74,05619 49,40989 42,55613
76,9045 49,67692 41,28297
69,37679 49,16193 44,12333
76,70107 50,75776 44,91331
72,02166 49,20961 43,05363
64,90085 48,36084 41,32748
67,34226 48,78363 42,29386
68,35954 49,87083 43,53682
67,34227 49,95349 42,97417
65,91811 49,15239 43,71008
66,12157 49,45121 43,0727
70,39406 48,40216 41,94577
64,08704 48,43395 41,78683
59,81455 48,58018 41,63742
65,1043 49,95666 43,39536
71,81821 49,87083 43,54318
64,69739 47,71869 40,72506
67,74918 49,40987 43,16011
68,76644 49,99482 43,54637
63,06978 48,41807 41,55478
72,02165 48,57383 43,12674
