0,6103516 0,2829233 0,211398
0,8138021 0,2956391 0,2193453
0,6103516 0,2924601 0,2225243
0,6103516 0,3083549 0,2272927
0,6103516 0,2892812 0,2241137
0,6103516 0,298818 0,2209348
0,6103516 0,301997 0,2272927
0,6103516 0,2829233 0,2288821
0,6103516 0,2797444 0,2225242
0,6103516 0,2956391 0,2161664
0,6103516 0,2988181 0,2257032
0,6103516 0,2797444 0,2209348
0,6103516 0,2892812 0,2145769
0,6103516 0,2765655 0,2177558
0,6103516 0,3242495 0,2400084
0,8138021 0,2956391 0,2288821
0,6103516 0,2924601 0,2241137
0,6103516 0,301997 0,2272927
0,6103516 0,3147127 0,2368295
0,6103516 0,298818 0,2272927
0,6103516 0,3178917 0,2400084
0,6103516 0,2956391 0,2288821
0,4069011 0,254313 0,2050401
0,6103516 0,3083549 0,23524
0,8138021 0,3178916 0,2304716
0,6103516 0,3083549 0,2336505
0,6103516 0,2956391 0,2272927
0,6103516 0,2892812 0,2193453
0,6103516 0,301997 0,2320611
0,6103516 0,3019969 0,2241137
0,6103516 0,298818 0,2241137
0,8138021 0,3210706 0,2320611
0,6103516 0,3083548 0,2304716
0,8138021 0,2956391 0,2225243
0,6103516 0,3337863 0,2463663
0,6103516 0,3242495 0,2543135
0,6103516 0,3274285 0,2447768
0,8138021 0,3083549 0,2304716
0,6103516 0,3369653 0,2543136
0,6103516 0,3083548 0,2304716
0,6103516 0,3147127 0,23524
0,6103516 0,3147127 0,2368295
0,8138021 0,3083548 0,2336505
0,6103516 0,3178917 0,2415979
0,6103516 0,3274285 0,2511347
0,6103516 0,3274285 0,2479557
0,8138021 0,3210706 0,2431873
0,8138021 0,3147127 0,23524
0,6103516 0,3115338 0,2527241
0,6103516 0,3719332 0,2686184
0,6103516 0,3719331 0,2686184
0,6103516 0,3147127 0,2495452
0,8138021 0,3274285 0,2431873
0,8138021 0,3465019 0,2559029
0,6103516 0,3083549 0,2384189
0,8138021 0,3306074 0,255903
0,6103516 0,3210706 0,2479557
0,6103516 0,3178917 0,2447768
0,8138021 0,346502 0,2590819
0,6103516 0,343323 0,2590818
0,6103516 0,3941854 0,2829234
0,6103516 0,3242495 0,2479557
0,6103516 0,3623964 0,2654396
0,8138021 0,3433231 0,2654397
0,6103516 0,346502 0,2654397
0,6103516 0,3306074 0,2543136
0,6103516 0,3465019 0,2622607
0,6103516 0,3496808 0,2654396
0,8138021 0,3465019 0,2622607
0,6103516 0,3592176 0,2686185
0,6103516 0,3560386 0,2654396
0,8138021 0,406901 0,2972283
0,8138021 0,3878277 0,2797445
0,6103516 0,3782909 0,2845128
0,8138021 0,3592176 0,267029
0,8138021 0,3846488 0,2861023
0,8138021 0,4069011 0,2908706
0,8138021 0,346502 0,2670291
0,6103516 0,4164377 0,3051755
0,8138021 0,4069011 0,2972284
0,8138021 0,4291534 0,3083544
0,6103516 0,3719331 0,2733867
1,017253 0,3910066 0,2876917
0,6103516 0,3941854 0,2972284
0,8138021 0,406901 0,2988178
0,8138021 0,4132589 0,3035861
0,8138021 0,4355111 0,3115332
0,8138021 0,4164377 0,306765
0,8138021 0,406901 0,29246
0,8138021 0,4545845 0,3274276
1,017253 0,4418689 0,3258382
0,8138021 0,4641213 0,3337854
0,8138021 0,4514056 0,3449116
0,8138021 0,4259744 0,3083544
0,8138021 0,4577634 0,3433221
0,8138021 0,470479 0,346501
1,017253 0,4736579 0,3496799
1,627604 0,4863736 0,3560377
1,220703 0,4895525 0,3608061
0,6103516 0,4609423 0,3639852
0,8138021 0,4768369 0,3703431
1,017253 0,4959103 0,4021325
0,8138021 0,5022681 0,3814693
1,017253 0,5245207 0,4084903
1,220703 0,5499521 0,424385
1,220703 0,5435942 0,4307429
1,017253 0,5944572 0,4720692
1,017253 0,5531312 0,4418693
1,017253 0,5499521 0,4466377
1,017253 0,5753836 0,4688903
1,017253 0,6548564 0,5086269
1,424154 0,7057192 0,5388266
1,220703 0,7502239 0,576973
1,831055 0,8296967 0,6564453
1,627604 0,9409579 0,7359178
1,627604 0,9695681 0,7629388
1,831055 1,08401 0,8646652
2,034505 1,252492 0,9886428
2,441406 1,335143 1,095135
2,644857 1,446406 1,174607
2,848307 1,509984 1,195271
2,441406 1,6435 1,316071
3,051758 1,818339 1,495679
4,069011 2,040863 1,694361
3,255208 2,164841 1,746814
3,86556 2,42551 1,934369
4,679362 2,571742 2,093315
4,679362 2,775193 2,247492
4,882813 2,991357 2,420742
5,493165 3,274282 2,690951
5,493165 3,433228 2,827644
6,510417 3,808339 3,118515
6,510415 3,897349 3,158251
5,696615 3,964106 3,174145
7,731118 4,374186 3,490448
8,138019 4,774731 3,889402
7,93457 4,898706 4,000664
8,95182 5,200704 4,266104
8,34147 5,423227 4,404385
11,59668 5,788802 4,779498
10,78288 5,995433 4,94798
10,57943 6,453197 5,299248
11,39323 6,93957 5,531312
12,20703 7,120768 5,764963
15,6657 8,471807 6,674132
16,68295 9,215674 7,325809
14,64844 10,09623 8,149145
22,37956 11,10077 9,071033
17,08985 11,82556 9,649595
21,56577 13,67251 10,93864
25,43131 13,8696 11,27084
24,82096 15,10302 12,57579
19,73471 15,50357 13,11302
28,07616 16,08213 13,51833
28,07615 16,6448 14,30511
30,31412 17,65887 15,03944
24,41407 18,33598 15,62437
28,27961 18,72698 15,99789
27,05892 20,21154 17,19316
38,45212 20,63433 17,759
43,53841 22,03941 18,73016
42,92807 23,63841 19,33892
35,60382 23,82278 20,0208
40,28318 26,51214 22,041
42,52116 27,45627 23,13136
48,82815 28,36544 23,76079
43,94531 30,33319 25,49012
42,52114 29,31912 24,92587
50,45576 30,35863 24,81777
53,1006 32,4567 27,81073
51,26955 31,74781 26,67745
56,35579 33,23237 28,04438
53,9144 33,07977 27,82662
55,94889 35,10792 29,59728
55,1351 35,14925 28,78348
55,33855 33,73145 29,05686
91,75622 34,97124 29,52735
56,15236 35,56887 29,88815
53,9144 35,26687 29,66403
59,81444 35,79139 29,62271
60,62827 36,21419 30,59705
59,81448 36,44943 30,58752
62,86625 36,41129 30,59069
55,13511 36,48121 31,40131
55,33856 37,19647 31,7033
49,23504 37,8545 32,39473
60,22139 37,33952 31,51416
56,55928 37,90219 32,45989
50,65919 37,74961 32,4297
57,16964 38,64606 32,94469
59,40759 37,35542 32,01962
62,45933 38,1724 33,04958
62,66282 38,01981 32,79844
70,3939 40,83952 34,80434
57,37306 37,40628 32,00055
59,40757 38,64923 32,99713
54,93167 38,16922 33,21012
59,20416 39,07202 33,30548
54,11789 37,89902 32,59501
72,225 39,16104 33,048
60,62826 38,68738 33,35158
56,55927 38,7319 33,2578
67,34216 40,07339 34,07956
70,80085 41,13198 34,74236
53,10058 39,40264 34,00326
71,00428 40,35949 34,24804
57,77999 40,21326 34,73283
56,35582 40,94442 35,1588
63,4766 40,80772 35,0237
94,401 42,52115 36,87858
73,85259 42,06975 36,34612
58,39034 42,57203 36,55592
57,98344 41,51663 35,80729
61,23863 42,39718 36,44468
71,81806 42,87719 37,61609
77,71819 42,33995 36,78481
60,01794 42,72461 37,06932
68,7663 42,94395 37,20919
56,76271 43,65921 37,80841
67,95254 42,56884 37,09792
65,30772 42,10154 37,17423
59,00065 43,34449 37,98961
59,61103 42,89627 38,0802
57,77996 43,62742 38,1438
56,35582 42,22869 37,8561
59,00066 43,39854 38,28525
71,00429 43,97711 38,79229
63,88348 44,63513 38,89401
59,20409 45,14696 39,71576
67,74905 45,88445 40,24506
72,42839 47,00025 40,40717
63,8835 48,75819 41,63743
64,69725 50,07743 43,90398
73,24223 51,45074 45,16445
72,8353 51,98162 45,70326
77,71812 53,2818 46,55997
67,13869 54,5311 47,15443
78,125 53,96209 47,31814
68,35939 55,68823 49,47663
86,66989 55,68823 48,95846
73,85255 55,18278 48,29249
74,66634 55,94891 49,72298
84,2285 56,77859 49,3447
75,07323 58,53971 49,94073
76,90434 61,05106 52,3774
75,6836 58,33626 51,18687
85,04234 62,19865 54,41188
95,21481 63,54015 55,43235
98,87699 62,81217 55,04927
86,05959 64,67503 56,34625
94,40102 66,2454 58,05968
97,65622 67,29446 59,49022
113,1185 70,66409 59,9432
89,51823 68,89346 60,34375
95,2148 71,30941 61,28947
96,02863 71,03602 61,93637
124,1048 76,12549 64,65754
132,4463 80,75394 68,14159
148,3154 81,23398 67,83485
131,2256 84,53688 70,4686
144,2465 94,99232 77,6386
155,8431 104,0554 84,548
157,4707 101,5536 84,30321
155,6397 107,1898 89,34817
