0,6103516 0,2956391 0,2193453
0,6103516 0,2956391 0,2161664
0,6103516 0,3560386 0,2495451
0,4069011 0,2797444 0,2193453
0,6103516 0,2765655 0,2082191
0,8138021 0,2892812 0,2209348
0,6103516 0,2765655 0,2082191
0,6103516 0,3210706 0,2431873
0,6103516 0,3051759 0,2288821
0,8138021 0,3115338 0,2272927
0,6103516 0,2892812 0,2209348
0,6103516 0,298818 0,2288821
0,6103516 0,3242495 0,2400084
0,6103516 0,3242495 0,2447768
0,6103516 0,3242495 0,2431873
0,8138021 0,3369653 0,2590819
0,6103516 0,3051759 0,2336505
0,6103516 0,3115338 0,2320611
0,8138021 0,3306074 0,2479557
0,6103516 0,3210706 0,23524
0,8138021 0,3210706 0,2368295
0,6103516 0,3115338 0,2400084
0,6103516 0,3147127 0,2320611
0,6103516 0,3687542 0,2702079
0,6103516 0,3051759 0,2320611
0,6103516 0,375112 0,2686184
0,6103516 0,3560387 0,2622607
0,8138021 0,375112 0,2765656
1,017253 0,3719331 0,2781551
0,8138021 0,4482267 0,3163016
0,8138021 0,41008 0,3035861
0,8138021 0,4037222 0,2908706
0,6103516 0,4418689 0,3163016
0,8138021 0,4291534 0,3115333
1,017253 0,508626 0,367164
1,424154 0,5722046 0,4021322
1,627604 0,6135306 0,4323322
7,731119 0,7661188 0,5372375
5,289714 0,9759263 0,6755189
3,66211 1,249314 0,8567173
7,934571 1,66893 1,161894
6,917317 2,028148 1,390775
12,00358 2,60671 1,742046
19,53125 4,469553 2,829233
20,14161 6,208419 3,816286
18,71745 8,112592 5,265872
31,53481 10,17571 6,928447
30,72103 13,35144 9,088513
39,67284 16,70837 10,99427
46,38674 18,55215 13,11461
32,55207 18,91454 13,52787
36,01071 21,28283 15,0315
40,07974 23,06302 15,89934
44,96258 24,89407 18,25014
51,06609 27,64702 20,3371
49,84539 29,97716 22,13637
50,25229 33,74735 25,69516
64,90075 37,14561 28,56255
58,18688 40,64877 32,61406
68,15594 43,7069 35,52119
57,37305 45,2741 38,20897
66,32488 48,30041 39,89378
63,47656 50,07745 42,56567
78,12501 51,48888 43,26025
66,12143 49,90261 43,27614
71,00423 53,54564 46,2262
73,85257 54,26407 47,27999
85,85619 56,57833 48,08587
79,14235 58,5747 50,41122
86,87335 60,54563 51,68757
85,8562 61,19095 51,94029
79,75269 63,16507 53,62513
95,41832 65,22502 55,36558
93,38378 69,47202 59,62691
107,8287 72,26311 62,04289
94,19763 74,77449 64,76404
98,06312 75,86166 66,52676
94,40105 79,84801 69,82169
111,6943 82,69314 71,90707
105,9977 83,49104 73,35828
109,4563 87,25169 76,51014
132,6493 88,34524 78,12342
115,763 85,33799 75,22905
131,6322 89,35931 78,87207
125,3254 89,83932 79,03737
116,9839 91,04095 80,93519
125,9357 91,47325 81,45333
112,1012 91,46373 81,60433
124,3079 90,58318 80,46313
129,3941 92,19167 82,08912
114,1354 92,00097 80,93836
127,1566 93,86379 84,05688
126,1388 94,03863 84,30481
128,3768 96,34968 85,49213
121,8665 95,74251 86,147
120,4423 100,5966 88,57568
128,5803 97,84692 85,08839
134,0733 100,4886 89,5659
136,9216 103,6484 93,22482
137,532 105,1202 93,02454
133,463 103,7914 93,71751
140,9905 107,6506 94,80157
133,463 109,2273 95,50721
145,0595 112,279 97,9343
136,1078 111,6178 99,11364
154,2146 117,3715 104,3493
154,418 121,2593 108,0384
170,8979 122,2034 109,151
167,2357 126,5521 110,0267
179,2396 121,1321 109,0238
156,249 122,4959 110,0045
191,447 125,3092 110,68
169,0668 126,5394 113,4424
178,4258 129,8931 115,1574
179,0361 130,0235 118,3157
187,7848 131,9054 114,9985
163,37 128,5166 114,102
192,0574 133,9462 120,8858
161,9458 132,9257 119,5475
166,0149 133,8699 118,794
189,4125 135,097 118,0391
192,0574 134,814 120,5663
192,2609 138,4125 125,1662
192,0574 138,7908 124,5144
192,0574 137,2364 121,2402
192,2609 137,7005 123,4543
183,9191 139,0578 126,1214
169,2703 140,4724 128,3943
179,6465 140,4374 126,8128
172,729 138,5301 124,0996
182,4949 140,5773 125,43
176,1878 140,768 125,2249
183,7157 142,1572 127,3945
165,6081 138,2472 123,7356
169,6772 138,2058 125,8225
174,7636 139,7222 127,3802
192,2608 142,8788 125,1613
192,2609 142,9615 127,0512
192,0574 143,5273 128,4117
184,5295 146,2103 130,9756
185,3434 150,7275 134,5661
187,9883 143,2031 130,3238
185,5468 146,7221 132,1851
192,0574 145,5936 132,1087
192,0574 146,9732 131,2218
192,0574 148,2511 133,3692
185,9537 148,159 130,2142
192,2609 152,3615 133,8381
192,0574 148,8869 132,6826
188,1917 148,9505 132,9798
192,4643 150,0568 134,4087
192,0574 147,0845 132,247
192,0574 150,2316 132,2121
192,0574 149,0237 133,4662
192,0574 149,6149 137,3078
