0,6103516 0,2702076 0,2050401
0,4069011 0,3051759 0,2241138
0,6103516 0,298818 0,2257032
0,6103516 0,3147127 0,2193454
0,6103516 0,3083549 0,2257032
0,6103516 0,2574919 0,2034507
0,8138021 0,3019969 0,2288821
0,6103516 0,2892812 0,2177559
0,6103516 0,2670287 0,2034507
0,6103516 0,2829233 0,2002718
0,6103516 0,2829233 0,2241137
0,8138021 0,2892812 0,2129875
0,6103516 0,2861023 0,1986823
0,6103516 0,3051759 0,2304716
1,017253 0,3274284 0,2431873
0,8138021 0,2797444 0,2034507
0,4069011 0,2924602 0,214577
0,6103516 0,2924601 0,2225243
0,6103516 0,3051759 0,2336505
0,6103516 0,3242495 0,2447768
0,8138021 0,3115338 0,2209348
0,6103516 0,2797444 0,2082191
0,4069011 0,2797444 0,2098085
0,6103516 0,3147127 0,2400084
0,6103516 0,2988181 0,2304716
0,6103516 0,2829233 0,2161664
0,8138021 0,3274285 0,2415979
0,6103516 0,298818 0,2225243
0,6103516 0,2829233 0,2082191
0,6103516 0,2924601 0,2145769
0,6103516 0,2892812 0,2098086
0,4069011 0,2861023 0,2066296
0,6103516 0,2702076 0,2050401
0,6103516 0,2956391 0,2177559
0,6103516 0,3147127 0,2368295
0,6103516 0,3051759 0,2193454
0,6103516 0,3083548 0,2209348
0,6103516 0,2861023 0,2209348
0,6103516 0,2861023 0,2193453
0,6103516 0,3274285 0,2336506
0,6103516 0,298818 0,2193453
0,6103516 0,3115338 0,2257032
0,6103516 0,2892812 0,2177559
0,6103516 0,2829233 0,2225242
0,6103516 0,2892812 0,2177559
0,6103516 0,2829233 0,2193453
0,8138021 0,3019969 0,2368294
0,8138021 0,2797444 0,211398
0,6103516 0,3147127 0,2384189
0,6103516 0,3083548 0,23524
0,6103516 0,343323 0,2590818
0,6103516 0,3210706 0,2336506
0,6103516 0,2924601 0,2288821
0,6103516 0,3274285 0,2431874
0,6103516 0,3242495 0,2463662
0,6103516 0,2797444 0,2225242
0,6103516 0,2956391 0,2225243
0,6103516 0,3147127 0,2336506
0,6103516 0,3147127 0,2400084
0,6103516 0,3274285 0,2447768
0,6103516 0,3178916 0,2447768
0,6103516 0,2892812 0,2145769
0,6103516 0,3083548 0,2384189
0,6103516 0,298818 0,2177559
0,4069011 0,2861023 0,2066296
0,6103516 0,298818 0,2272927
0,6103516 0,3178917 0,2384189
0,6103516 0,3178917 0,2400084
0,6103516 0,3115338 0,2320611
0,6103516 0,3242495 0,2431873
0,6103516 0,2892812 0,2145769
0,8138021 0,3274285 0,2463663
0,6103516 0,3337863 0,2447768
0,6103516 0,2956391 0,2288821
0,8138021 0,2956391 0,2288821
0,6103516 0,3115338 0,2288821
0,6103516 0,298818 0,2336505
0,8138021 0,3115337 0,2320611
0,6103516 0,2861023 0,2161664
0,4069011 0,2702076 0,211398
0,6103516 0,2956391 0,2193453
0,6103516 0,3274285 0,23524
0,6103516 0,2733865 0,2066296
0,6103516 0,2924601 0,2304716
0,6103516 0,3306074 0,2511347
0,6103516 0,2924601 0,2272926
0,6103516 0,3274285 0,2415979
0,6103516 0,3274285 0,2400084
0,8138021 0,3592175 0,2622607
0,6103516 0,3178916 0,23524
0,6103516 0,3051759 0,2336505
0,4069011 0,2988181 0,2272927
0,6103516 0,3083548 0,2320611
0,8138021 0,2829233 0,2161664
0,6103516 0,3083548 0,2336505
0,6103516 0,3242495 0,2447768
0,6103516 0,298818 0,2304716
0,8138021 0,3560387 0,2606713
0,6103516 0,2892812 0,2257032
0,6103516 0,3115338 0,2431873
0,6103516 0,3178917 0,2400084
0,6103516 0,3051759 0,2304716
0,6103516 0,3306074 0,2479557
0,6103516 0,3306074 0,2527241
1,017253 0,3401442 0,2495452
0,8138021 0,3178917 0,2400084
0,8138021 0,2797444 0,2098085
0,6103516 0,298818 0,2336505
0,6103516 0,301997 0,2304716
0,6103516 0,2861023 0,2241137
0,6103516 0,298818 0,2288821
0,8138021 0,3274284 0,2479557
0,6103516 0,2670287 0,2066296
0,8138021 0,3019969 0,23524
0,6103516 0,3306074 0,2447768
0,6103516 0,2924601 0,2304716
0,6103516 0,3019969 0,2304716
0,6103516 0,3147127 0,23524
0,6103516 0,3337863 0,2400084
0,6103516 0,3337863 0,2463663
0,6103516 0,301997 0,2272927
0,6103516 0,3178917 0,2479557
0,8138021 0,3306074 0,2415979
0,6103516 0,3210706 0,2415979
0,8138021 0,3083548 0,2288821
0,6103516 0,3401442 0,2543135
0,6103516 0,298818 0,2272927
0,6103516 0,3115338 0,2415978
0,6103516 0,3306074 0,2511346
0,6103516 0,298818 0,2304716
0,6103516 0,2924602 0,232061
0,6103516 0,3115337 0,23524
0,6103516 0,3147127 0,23524
0,6103516 0,2861023 0,2272926
0,8138021 0,3242495 0,2304716
0,6103516 0,2956391 0,2225243
0,8138021 0,3878277 0,2765656
0,6103516 0,298818 0,2288821
0,6103516 0,3147127 0,23524
0,8138021 0,2765655 0,2241137
0,6103516 0,3210706 0,2495452
0,8138021 0,3242495 0,2511346
0,8138021 0,3178917 0,2447768
0,4069011 0,2733865 0,2209348
0,6103516 0,3401442 0,2447768
0,6103516 0,3147127 0,2304716
1,424154 0,378291 0,2717973
0,6103516 0,3178917 0,2415979
0,6103516 0,3147127 0,23524
0,8138021 0,3306074 0,2527241
0,6103516 0,3306074 0,2527241
0,6103516 0,3051759 0,2400084
0,8138021 0,3560387 0,2543135
0,8138021 0,3147127 0,2431873
0,8138021 0,3433231 0,2479557
0,6103516 0,3242495 0,2415979
0,8138021 0,3147127 0,2479557
0,6103516 0,3051759 0,23524
0,6103516 0,3592176 0,267029
0,6103516 0,3433231 0,2431873
0,6103516 0,3115338 0,2384189
0,6103516 0,3115338 0,2415978
0,6103516 0,2861023 0,2304716
0,6103516 0,3210706 0,2479557
0,8138021 0,3210706 0,2447768
0,6103516 0,3337863 0,2511347
0,8138021 0,3465019 0,2622607
0,8138021 0,3560387 0,2654396
0,8138021 0,3210706 0,2463662
0,6103516 0,3178917 0,2368295
0,8138021 0,3433231 0,2495452
0,8138021 0,298818 0,2384189
0,8138021 0,3306074 0,2590819
0,8138021 0,3433231 0,2590819
0,6103516 0,3306074 0,2511347
0,6103516 0,3242495 0,2511346
0,6103516 0,3337863 0,255903
0,6103516 0,3528597 0,2590818
0,6103516 0,343323 0,2622607
0,6103516 0,3401442 0,2543135
0,8138021 0,3369653 0,2543136
1,220703 0,3655754 0,2797446
0,6103516 0,3910065 0,2876917
0,6103516 0,3465019 0,2638502
1,017253 0,3528598 0,2622608
0,8138021 0,3306074 0,2574925
0,8138021 0,3496809 0,2606713
0,8138021 0,3623965 0,2686185
0,6103516 0,3369653 0,2543136
0,6103516 0,3687542 0,2749762
0,8138021 0,3210706 0,2415979
0,8138021 0,3814698 0,2845128
0,6103516 0,3878276 0,2765656
0,8138021 0,3147127 0,23524
0,6103516 0,3687542 0,2781551
0,6103516 0,3401442 0,2622608
0,6103516 0,3401442 0,255903
0,8138021 0,3369653 0,2638502
0,6103516 0,3623964 0,2749762
0,6103516 0,3560386 0,267029
0,8138021 0,3878276 0,2876917
0,6103516 0,3719332 0,2717973
0,8138021 0,3910065 0,2908706
0,8138021 0,3878276 0,2876917
0,6103516 0,3528597 0,2686185
0,6103516 0,3560387 0,2717974
0,6103516 0,3878276 0,2861023
0,8138021 0,3719331 0,2829235
0,6103516 0,3719332 0,281334
1,017253 0,3751121 0,2749762
0,8138021 0,3846487 0,2908706
0,6103516 0,375112 0,2797445
0,8138021 0,3592176 0,2749763
0,6103516 0,375112 0,2765656
0,6103516 0,3846487 0,2908706
0,6103516 0,3910065 0,2876917
0,8138021 0,3941854 0,2940495
0,8138021 0,3941855 0,2956389
0,8138021 0,3687543 0,281334
0,6103516 0,4227956 0,3035861
0,8138021 0,4259744 0,3099438
0,6103516 0,406901 0,2988178
0,8138021 0,4291534 0,3099439
0,8138021 0,3941855 0,2956389
0,8138021 0,43869 0,3115332
0,8138021 0,4259744 0,3051755
0,8138021 0,4100799 0,3004072
0,8138021 0,43869 0,3131227
0,6103516 0,43869 0,3131227
0,8138021 0,43869 0,317891
0,6103516 0,43869 0,317891
0,8138021 0,4355111 0,3147121
0,8138021 0,4482267 0,3242488
0,6103516 0,4291532 0,3194804
0,8138021 0,4736579 0,3608062
0,8138021 0,4609423 0,3512695
0,8138021 0,4609423 0,3353748
0,8138021 0,470479 0,3512694
0,8138021 0,4800158 0,373522
1,017253 0,5149838 0,4180272
1,017253 0,4990892 0,3814693
1,017253 0,553131 0,4323324
1,017253 0,5817415 0,4529955
1,627604 0,6103519 0,4736586
1,627604 0,6198886 0,4641217
1,627604 0,7311504 0,5404162
3,051758 0,8773802 0,645319
2,644857 1,071294 0,7549916
8,54492 1,433691 0,998179
8,341469 1,945495 1,351038
5,696614 2,419153 1,665751
24,21061 4,138947 2,710025
22,78646 5,21024 3,512701
37,2314 7,702509 5,114874
21,56576 9,101233 6,491343
23,19336 10,48406 7,575351
34,99345 13,23382 9,733836
36,41759 16,51128 12,06398
37,2314 17,93226 13,42138
46,18326 21,54668 15,5592
52,28682 26,70604 19,15771
55,7455 29,36362 22,73083
62,05253 33,04161 25,86522
59,20419 38,54114 30,88632
72,83547 39,43123 31,48237
68,35954 44,02795 35,22396
82,19417 44,85764 36,72757
72,22511 48,49752 38,65557
88,29761 51,3554 41,65967
85,65279 53,58383 42,76756
85,04244 58,1615 46,54253
95,01139 68,16559 53,90175
97,45274 76,04932 63,68648
108,8458 79,40308 70,19373
100,9113 79,75278 70,33043
105,3872 82,62012 73,21528
100,301 83,85353 74,35492
112,101 85,31581 76,58015
110,6768 84,4289 75,84901
102,9458 84,10783 76,42599
107,0148 87,4234 78,62897
120,0354 88,06871 78,36988
128,7836 88,75853 79,12485
124,3078 91,58456 81,48204
125,5285 90,59274 80,45207
128,1733 92,55092 81,91277
130,2078 94,16266 83,57693
120,2388 93,65719 84,22227
130,2078 97,80242 86,33305
123,9009 97,62758 86,41251
128,1733 99,37277 85,92453
124,7147 95,01456 84,33512
130,2078 100,5521 89,72967
128,7836 100,7524 88,85071
124,7147 101,6011 89,72968
124,9181 100,4822 90,44173
130,2078 100,3773 88,24827
130,2078 102,1098 91,52258
130,2078 106,2741 93,14376
130,2078 101,4613 90,76917
130,2078 105,6033 92,22981
130,2078 106,7032 92,93873
123,6975 104,691 92,78453
130,2078 106,2232 93,55859
128,1733 102,6152 91,95329
130,2078 106,6651 94,13081
130,2078 103,7501 91,12357
130,2078 106,9734 94,74428
130,2078 109,4021 96,54993
130,2078 111,6559 97,93272
130,2078 109,151 94,68231
130,2078 111,2268 96,13348
130,2078 110,9153 96,70885
129,394 111,6909 99,786
129,394 110,5592 97,07124
130,2078 108,3849 94,71568
130,2078 110,2668 98,59394
130,2078 110,4829 94,35167
130,2078 111,5002 99,13116
130,2078 111,3348 96,19226
130,2078 114,0909 101,1672
130,2078 114,8157 100,649
130,2078 113,7794 100,5648
130,2078 114,7203 101,3738
130,2078 116,3892 102,8791
130,2078 117,3429 104,6068
130,2078 116,7961 102,9394
130,2078 118,0486 103,7532
130,2078 118,0264 100,9781
130,2078 119,9496 103,723
130,2078 118,0899 105,152
130,2078 119,5236 104,3524
130,2078 117,4319 104,211
130,2078 118,5986 104,718
130,2078 118,7797 102,9537
130,2078 119,5713 104,5305
130,2078 118,2425 101,0988
130,2078 119,6953 105,6907
130,2078 122,0889 108,291
130,2078 116,3129 101,9842
130,2078 119,3615 104,4923
130,2078 121,2211 104,9167
130,2078 122,2733 107,7188
130,2078 119,7239 104,5734
130,2078 120,2515 106,2184
130,2078 122,9441 106,0054
130,2078 121,1703 105,3411
130,2078 122,1907 108,2323
130,2078 122,2225 108,6725
130,2078 122,6103 108,1528
130,2078 123,5195 108,3483
130,2078 123,7992 111,1648
130,2078 125,8177 112,7002
130,2078 125,2519 110,5544
130,2078 122,9091 108,7441
130,2078 124,8704 109,4545
130,2078 124,0821 110,3621
130,2078 124,7592 110,06
130,2078 124,4445 109,0937
130,2078 125,0294 112,1136
130,2078 124,0344 107,8444
