0,4069011 0,2670287 0,1986823
0,4069011 0,2861023 0,211398
0,6103516 0,2924601 0,2288821
0,6103516 0,2924602 0,211398
0,6103516 0,2956391 0,2161664
0,8138021 0,2797444 0,2257032
0,6103516 0,2829233 0,2177559
0,4069011 0,2829233 0,2177559
0,6103516 0,298818 0,2272927
0,6103516 0,2956391 0,2272927
0,6103516 0,2733865 0,2018612
0,4069011 0,2797444 0,1939139
0,6103516 0,3274285 0,2400084
0,6103516 0,3147127 0,2288822
0,4069011 0,2638497 0,2018612
0,6103516 0,2924602 0,2209348
0,6103516 0,3083549 0,2384189
0,6103516 0,2702076 0,2082191
0,4069011 0,2765655 0,2161664
0,6103516 0,298818 0,232061
0,8138021 0,2861023 0,2209348
0,6103516 0,2829233 0,2161664
0,8138021 0,3147127 0,2368295
0,6103516 0,2861023 0,2161664
0,6103516 0,3306074 0,2400084
0,6103516 0,2829233 0,2193453
0,6103516 0,2797444 0,2082191
0,8138021 0,2924601 0,2241137
0,6103516 0,2956391 0,2177559
0,6103516 0,2924602 0,2257032
0,6103516 0,2924601 0,2288821
0,6103516 0,3274285 0,2431874
0,6103516 0,2956391 0,2209348
0,6103516 0,2892812 0,2336505
0,6103516 0,2861023 0,2209348
0,8138021 0,3083548 0,2288821
0,6103516 0,2956391 0,2209348
0,4069011 0,2861023 0,2209348
0,6103516 0,2861023 0,2241137
0,6103516 0,2797444 0,2209348
0,6103516 0,298818 0,23524
0,8138021 0,2829233 0,2209348
0,6103516 0,3051759 0,2257032
0,6103516 0,2702076 0,1955034
0,8138021 0,2829233 0,2129875
0,6103516 0,3115338 0,2320611
0,6103516 0,2829233 0,211398
0,8138021 0,3051759 0,2209348
0,6103516 0,2924602 0,2272927
0,6103516 0,2924601 0,2241137
0,6103516 0,2797444 0,2098085
0,6103516 0,3083549 0,2320611
0,6103516 0,3147127 0,2304716
0,6103516 0,3178917 0,2384189
0,6103516 0,2861023 0,2336505
0,6103516 0,3083548 0,2193454
0,6103516 0,298818 0,2209348
0,6103516 0,2956391 0,2257032
0,6103516 0,3242495 0,238419
0,6103516 0,3210706 0,2431873
0,6103516 0,301997 0,2320611
0,6103516 0,3401442 0,2431873
0,6103516 0,3147127 0,2431873
0,6103516 0,2956391 0,2209348
1,017253 0,3242495 0,2400084
0,8138021 0,3369653 0,2447768
0,4069011 0,3051759 0,2320611
0,6103516 0,3019969 0,2209348
0,6103516 0,3210706 0,2384189
0,6103516 0,2892812 0,2098086
0,6103516 0,3115338 0,2304716
0,6103516 0,3147127 0,23524
0,6103516 0,298818 0,2336505
0,6103516 0,3242496 0,2495452
0,6103516 0,3274285 0,2400084
0,8138021 0,298818 0,2209348
0,6103516 0,3147127 0,23524
0,6103516 0,2924601 0,23524
0,6103516 0,3083549 0,2431873
0,8138021 0,3083548 0,2288821
0,6103516 0,2892812 0,2225243
0,6103516 0,3274285 0,2463663
0,6103516 0,3306074 0,2479557
0,8138021 0,2892812 0,2272926
0,4069011 0,3210706 0,2463663
0,6103516 0,3210706 0,2384189
0,6103516 0,3433231 0,2622608
0,6103516 0,3178917 0,2479557
0,6103516 0,301997 0,2368294
0,6103516 0,3178916 0,2415978
0,6103516 0,2956391 0,2241137
0,6103516 0,3115337 0,2384189
0,6103516 0,3242495 0,2431873
0,8138021 0,3719331 0,2638501
0,6103516 0,3687542 0,2749762
0,6103516 0,3178916 0,2447768
0,6103516 0,3433231 0,2447768
0,6103516 0,3019969 0,2336505
0,6103516 0,3433231 0,2495452
0,6103516 0,3083549 0,2384189
1,017253 0,3401442 0,2590819
0,6103516 0,3337863 0,2527241
0,6103516 0,301997 0,2304716
0,4069011 0,2956391 0,232061
0,6103516 0,2861023 0,2177559
0,6103516 0,2861023 0,2145769
0,6103516 0,3178917 0,2415979
0,8138021 0,3592176 0,2622607
0,8138021 0,3242495 0,2463663
0,6103516 0,3401441 0,2622608
0,6103516 0,3306074 0,2447768
0,8138021 0,3051759 0,23524
0,6103516 0,3242495 0,2511346
0,6103516 0,2924601 0,2257032
0,6103516 0,3274285 0,2495452
0,8138021 0,3465019 0,2574924
0,6103516 0,3274285 0,2495452
0,6103516 0,3242495 0,2447768
0,6103516 0,3210706 0,2415979
0,6103516 0,3115338 0,2384189
0,6103516 0,3369653 0,2527241
0,8138021 0,3178916 0,2415978
0,8138021 0,3242495 0,2527241
0,8138021 0,3337863 0,2495452
0,6103516 0,2924601 0,2241137
0,6103516 0,3051759 0,2320611
0,8138021 0,3719332 0,2749763
0,6103516 0,3401442 0,2574925
0,6103516 0,3210706 0,2527241
0,6103516 0,3560387 0,2606713
0,8138021 0,3814699 0,281334
0,8138021 0,3528598 0,2638502
1,017253 0,3560387 0,2622607
0,8138021 0,3051759 0,2384189
0,8138021 0,3592176 0,2702079
0,6103516 0,3401442 0,2495452
0,6103516 0,3369653 0,2527241
0,8138021 0,3306074 0,2574925
0,6103516 0,3115337 0,2384189
0,6103516 0,3210706 0,2463663
0,6103516 0,3210706 0,2479557
0,8138021 0,3147127 0,2400084
0,6103516 0,3401441 0,2590819
0,6103516 0,3592175 0,2622607
0,6103516 0,3115338 0,2463662
0,8138021 0,3528598 0,2654396
0,6103516 0,3369652 0,2527241
0,6103516 0,3306074 0,2511347
0,6103516 0,3242496 0,2447768
0,6103516 0,3719331 0,2797446
0,6103516 0,3560387 0,2654396
0,6103516 0,346502 0,2686186
0,6103516 0,3369653 0,255903
0,8138021 0,3433231 0,2606713
0,6103516 0,3401442 0,2543135
0,6103516 0,3178917 0,2400084
0,6103516 0,3147127 0,2384189
0,6103516 0,3592175 0,2686185
0,6103516 0,3242495 0,2463663
0,6103516 0,3115338 0,2447768
0,6103516 0,3496809 0,2590819
0,6103516 0,3306074 0,2590819
0,6103516 0,3306074 0,255903
0,8138021 0,346502 0,2574924
0,8138021 0,3051759 0,2415978
0,6103516 0,3274285 0,2527241
0,8138021 0,3369653 0,255903
0,6103516 0,3560386 0,267029
0,6103516 0,3401441 0,255903
0,6103516 0,3210706 0,255903
0,6103516 0,3528598 0,2638502
0,6103516 0,3210706 0,2415979
0,6103516 0,3369653 0,2606713
0,8138021 0,3528598 0,2638502
0,8138021 0,346502 0,270208
0,6103516 0,3814698 0,2861023
0,6103516 0,3687542 0,2702079
0,6103516 0,3687542 0,2765657
0,6103516 0,3274285 0,2543136
0,6103516 0,378291 0,2829234
0,6103516 0,3655753 0,2733868
1,017253 0,3814698 0,281334
0,6103516 0,346502 0,2622608
0,8138021 0,3560387 0,270208
0,8138021 0,3560387 0,2749763
0,6103516 0,3560387 0,2717974
0,8138021 0,3655753 0,2765657
0,8138021 0,3496809 0,270208
0,6103516 0,3719332 0,2781551
0,8138021 0,3941854 0,2861023
0,8138021 0,3655754 0,2765657
0,6103516 0,3782909 0,2829234
0,6103516 0,3782909 0,2845129
0,6103516 0,4323322 0,3115332
0,6103516 0,3655753 0,2797446
0,8138021 0,4164377 0,3083544
0,8138021 0,3973643 0,2972284
0,8138021 0,4545845 0,3306065
0,6103516 0,3814698 0,2781551
0,8138021 0,4227955 0,3099439
0,6103516 0,43869 0,3242488
0,8138021 0,4545845 0,3337854
0,8138021 0,4609423 0,343322
0,8138021 0,4514056 0,3258382
0,8138021 0,4291533 0,3147122
0,6103516 0,43869 0,3274276
0,8138021 0,4673001 0,3353748
0,8138021 0,4768369 0,3608063
0,8138021 0,4768369 0,3592168
1,017253 0,4768369 0,3449115
0,8138021 0,508626 0,4037219
0,8138021 0,4736579 0,3639852
1,220703 0,4895525 0,373522
0,8138021 0,5372364 0,4116693
1,220703 0,508626 0,4116693
1,017253 0,55631 0,4196166
1,627604 0,553131 0,4355114
1,017253 0,5372364 0,4227956
1,627604 0,5785625 0,4641218
1,017253 0,559489 0,4259745
1,017253 0,5849205 0,4704798
1,017253 0,607173 0,4609429
1,017253 0,6008151 0,4673008
1,831055 0,6516778 0,5006795
3,662109 0,6898246 0,5245218
4,069011 0,7247928 0,5372373
4,679363 0,7756554 0,5690262
4,069011 0,8773804 0,6278353
4,882813 0,9949998 0,7057181
4,679363 0,9886418 0,7343284
3,86556 1,207988 0,8455909
5,696614 1,455943 0,9838738
5,493165 1,770655 1,196862
8,95182 2,237956 1,497269
9,15527 2,584458 1,702309
6,510416 2,772014 1,842181
8,341469 3,401438 2,258619
9,765621 4,208882 2,770423
19,32781 5,350113 3,536542
20,75196 7,133484 4,798572
21,56576 9,078979 6,124179
19,93816 10,88778 7,834436
32,55204 14,93454 10,47293
36,62104 18,26923 12,89686
54,32132 21,81053 15,98994
61,64562 26,954 19,61866
52,08337 26,02258 19,90318
52,08337 28,56571 21,4068
59,00073 31,11201 23,98808
55,13514 34,71372 26,88089
71,41132 38,03251 28,96466
55,94897 36,90398 28,84387
58,79729 41,16056 32,25484
64,49395 41,02387 31,96873
67,54573 43,31905 33,2896
59,81454 42,59742 34,52299
59,40764 42,4798 34,65173
69,17332 46,18642 37,15354
70,39404 46,19598 37,22348
76,49762 47,067 37,66536
62,05251 46,49162 37,899
62,45942 47,97618 39,32951
70,80096 51,50163 41,88219
67,34227 51,01525 41,16695
75,07346 53,70781 44,18695
72,63203 52,58882 44,87357
65,51121 52,35676 43,29047
75,07344 53,43123 44,6272
76,09072 56,18738 46,83816
84,02521 58,69555 48,17649
76,29417 58,71463 47,86972
80,15971 59,60791 50,25231
75,88725 59,40129 50,84839
81,78728 59,55388 50,03297
81,99073 63,83907 54,63606
82,60107 62,0843 53,33586
89,1114 64,05524 55,60404
80,5666 64,78642 53,56796
95,41827 64,89764 55,83927
88,29761 66,02936 56,61653
87,48381 65,04072 54,55343
87,0769 67,11019 57,44464
99,8941 68,63609 58,03434
84,43211 69,86634 61,69488
89,51829 72,42855 62,96009
96,63895 72,40311 62,84723
101,1148 74,25006 63,73258
90,33208 74,03075 62,75348
91,75621 74,85724 65,55569
96,84239 75,71237 65,11543
121,4595 77,15242 65,97214
96,0286 78,94533 68,10043
98,67343 80,05793 68,11472
98,26653 79,89581 69,17329
97,65618 80,88447 71,06477
97,04585 80,97664 70,71032
100,0976 83,98705 72,89581
100,301 81,85081 71,24754
106,4044 81,02114 70,83749
97,04585 81,45984 71,09178
111,4906 83,08105 73,05952
98,67342 83,2877 74,20393
100,0976 81,73323 71,94214
96,0286 81,55518 70,66898
106,6079 83,08105 74,96528
112,5078 85,91026 75,2895
109,4562 85,86259 75,6392
109,4561 88,29762 79,39031
104,1665 86,93704 77,39555
109,6596 87,36617 76,39257
100,7079 84,59739 76,41645
107,2182 86,26312 77,8549
116,9837 84,66414 74,69029
102,7424 86,03105 75,80766
113,3216 86,44431 75,85217
112,101 86,06921 76,59924
108,6423 87,67453 77,89621
102,3355 85,98657 76,55633
109,4561 88,32301 77,14758
104,7768 85,51606 76,32425
103,5562 86,85441 76,70573
107,8286 87,76038 75,99362
110,0665 87,97971 79,109
109,863 88,41205 78,48431
109,4561 88,92066 78,16804
107,8286 89,42926 78,79426
112,7113 89,30848 79,13283
115,3561 92,95781 83,42276
115,5596 89,22266 80,32334
112,9147 90,75487 80,40119
108,6423 88,3262 77,51952
115,763 89,5469 77,32239
115,3561 91,55914 81,49951
113,7285 89,82347 78,26656
110,6768 90,98373 78,25063
113,3217 91,10136 79,6573
113,3216 91,5019 79,8846
109,2527 90,1636 79,7336
110,8803 91,08549 79,57944
110,8803 90,29391 77,62915
115,9665 91,45422 78,80695
110,6768 91,6672 79,9212
115,5596 93,03729 80,54741
116,3733 91,19992 79,43955
115,763 92,69716 80,08646
114,9492 92,58909 77,34783
