0,8138021 0,4227959 0,3107395
0,8138021 0,4355116 0,318687
0,8138021 0,4450485 0,3258398
0,8138021 0,4593536 0,3528606
1,017253 0,4720694 0,363192
0,8138021 0,4593536 0,3616024
0,8138021 0,4720694 0,3798809
1,017253 0,4943219 0,4045171
1,017253 0,5133952 0,4148485
1,017253 0,5245214 0,4132591
1,220703 0,545184 0,4315375
1,017253 0,545184 0,4259746
1,424154 0,5992249 0,4744522
1,017253 0,6182983 0,4823995
1,220703 0,6198878 0,4927307
1,220703 0,7104874 0,5594886
1,220703 0,7343291 0,5896891
1,424154 0,786781 0,6167104
1,220703 0,8026757 0,6286315
2,034505 0,8312862 0,6421416
1,831055 0,9346023 0,7279729
1,831055 0,9616231 0,7446622
1,831055 1,009306 0,7637349
1,831055 0,9886435 0,7716818
2,237956 1,050631 0,7804236
1,831055 1,064936 0,8090329
2,237956 1,118977 0,8535371
2,034505 1,150766 0,8765844
2,848307 1,165071 0,8551269
2,848307 1,23183 0,9091688
2,848307 1,271566 0,9314215
2,441406 1,308124 0,9965901
2,848307 1,428923 1,061758
3,458659 1,479785 1,093547
3,66211 1,540184 1,118978
2,848307 1,565615 1,14441
5,086263 1,688002 1,242955
4,272461 1,732508 1,257261
5,289714 1,800855 1,324812
5,086263 1,851717 1,334349
5,289714 2,010664 1,462301
5,696614 2,053579 1,492502
5,086263 2,10762 1,580715
4,882813 2,161661 1,567206
5,086263 2,247491 1,606941
5,696614 2,350807 1,744429
5,696614 2,417565 1,758734
6,510417 2,72751 1,950264
6,713867 2,622606 1,854102
5,696614 2,692542 1,864434
7,52767 2,940494 2,086957
5,696614 2,999305 2,147356
7,324219 3,137589 2,173582
6,713867 3,301302 2,257823
8,138021 3,410976 2,344451
6,713867 3,533365 2,450943
7,52767 3,786086 2,611477
9,358725 4,150074 2,903939
9,35872 4,450478 3,061294
10,78288 4,739764 3,308456
9,358725 5,118051 3,461837
11,18978 5,517006 3,629524
9,969077 5,993842 4,220006
12,61393 6,852148 5,036992
13,02083 7,818537 5,818998
13,02083 8,776979 6,82592
14,44499 9,538332 7,669129
14,03809 10,28856 8,649032
15,86915 10,98951 9,333295
15,05535 11,52356 9,912643
15,6657 12,09895 10,41651
16,27605 12,79831 11,20249
17,90366 13,55012 11,85099
17,7002 14,05558 12,55433
18,71746 14,58804 12,88971
20,14161 15,1666 13,60178
18,71746 15,69589 14,28365
18,71746 16,04239 14,66354
19,73471 16,36187 14,79149
19,53126 16,66386 15,35098
19,53126 16,92932 15,57907
21,76921 17,46498 16,07895
20,75196 17,62232 16,17988
21,36231 17,78285 16,43738
22,17611 17,94816 16,71076
21,56576 18,14525 16,73778
21,15886 18,20405 16,9158
22,98991 18,32644 17,09144
22,37956 18,79533 17,47608
22,37956 19,12436 17,72643
21,76921 19,05601 17,85676
22,98991 19,39933 18,14763
21,97266 19,77922 18,40513
24,21061 19,87936 18,59983
22,58301 19,96836 18,63559
24,00716 20,18769 18,85732
23,60026 20,34824 18,75401
23,60026 20,593 19,32383
24,21061 20,78216 19,46847
23,80371 21,26853 19,88888
24,21061 21,28123 20,09629
23,80371 21,21449 19,50105
24,00716 21,3337 20,08438
23,80371 21,48947 20,32043
24,21061 21,56576 20,23062
24,21061 21,95517 20,77341
25,22786 22,05531 20,76626
25,43131 21,92816 20,66295
25,63476 22,03942 20,686
25,43131 22,13002 20,94905
26,04166 22,30167 21,12547
25,43131 22,40499 21,08176
25,43131 22,35094 20,85526
25,02441 22,70381 21,38456
25,43131 22,68314 21,31621
26,24511 22,72606 21,48707
25,63476 22,91361 21,70404
25,83821 22,98354 21,60072
27,0589 22,99945 21,73425
27,66925 23,17906 21,94961
26,44855 23,16158 21,81054
25,83821 23,31416 22,09186
28,07615 23,50648 22,23015
27,4658 23,41748 21,92815
25,83821 23,28713 22,10696
27,0589 23,61456 22,33903
26,44855 23,57959 22,40261
27,66925 23,91974 22,48605
27,0589 24,16611 22,71891
26,44855 23,94518 22,69745
28,2796 24,02941 22,60446
27,66925 24,19154 22,80793
28,88995 24,37751 22,95494
27,26235 24,44426 23,09164
26,85546 24,77964 23,33322
27,8727 24,68904 23,25774
28,07615 24,77805 23,4437
28,6865 24,9052 23,57484
28,2796 24,96083 23,47311
28,48305 24,94653 23,39046
28,6865 25,04666 23,71391
27,26235 25,30574 23,87206
27,4658 24,91793 23,65987
29,5003 25,10229 23,25137
27,8727 24,99898 23,55098
28,2796 25,05302 23,51124
28,07615 25,41224 23,97139
28,48305 25,59821 24,0755
28,6865 25,30097 23,83947
29,9072 25,46152 24,10968
28,88995 25,70947 24,24954
28,6865 25,49012 24,03019
28,2796 25,54575 24,27895
29,29685 25,84139 24,41168
28,2796 25,65225 24,38625
28,6865 25,67926 24,41884
29,0934 25,69834 24,29566
28,07615 25,88113 24,66916
28,6865 25,90974 24,48956
27,8727 25,73648 24,53565
28,48305 25,85092 24,42996
28,07615 25,64429 24,24002
29,70375 25,81914 24,54598
28,48305 26,00193 24,60638
29,9072 25,88588 24,55234
29,0934 26,04803 24,6493
28,88995 25,85887 24,4665
30,11065 26,09731 24,56745
28,2796 25,99398 24,52452
29,0934 26,12908 24,67553
30,11065 26,0528 24,813
28,6865 26,01782 24,62863
29,70375 26,21014 24,7685
28,48305 26,06233 24,78519
28,6865 26,02577 24,71208
28,48305 26,11478 24,76532
28,88995 25,98444 24,84639
29,5003 26,17994 24,73512
28,2796 26,17677 24,78361
29,29685 26,22602 24,83287
28,2796 26,1259 24,63579
28,6865 25,97967 24,76929
29,9072 26,36908 24,97037
28,48305 26,09888 24,62227
30,11065 26,28167 24,73354
29,5003 26,00988 24,65011
30,721 26,18312 24,85117
28,6865 26,36908 25,09595
29,29685 26,2308 24,93778
29,0934 26,18948 24,80267
29,29685 26,17676 24,89249
29,29685 26,19742 24,82653
28,88995 26,3961 24,97752
28,88995 26,30868 24,87499
30,3141 26,27053 24,83845
29,70375 26,26735 24,66282
29,0934 26,28326 24,8146
30,51755 26,57095 25,11343
29,0934 26,34365 24,98149
30,11065 26,43108 24,92905
29,0934 26,43108 25,09516
28,88995 26,23875 24,93461
29,70375 26,40087 25,02044
28,6865 26,42314 25,12137
29,9072 26,54393 24,95288
29,5003 26,45651 25,09277
28,88995 26,35636 25,05302
31,1279 26,55824 25,00375
30,721 26,52168 24,91235
29,5003 26,51055 25,12693
30,3141 26,64884 25,20243
30,11065 26,41041 25,04746
29,70375 26,55347 24,91157
29,29685 26,46604 24,80427
29,0934 26,5789 25,3423
30,721 26,7156 25,42495
29,9072 26,67904 25,3868
31,1279 26,78711 25,43925
30,721 26,58208 25,39713
29,70375 26,66791 25,27236
30,51755 26,87136 25,42893
29,70375 26,70765 25,32561
29,70375 26,69812 25,4345
30,11065 26,88407 25,55767
30,3141 26,94288 25,541
29,0934 26,87135 25,37647
29,0934 26,82049 25,25328
30,3141 26,93651 25,40984
29,9072 26,83003 25,45118
30,92445 26,84434 25,50523
28,6865 26,59639 25,32323
29,5003 26,72671 25,24932
29,29685 26,80936 25,44006
30,11065 27,05891 25,66417
30,51755 27,09389 25,62126
29,0934 26,80459 25,57994
29,70375 26,88566 25,68881
29,70375 26,9699 25,53542
29,9072 26,69811 25,07845
29,9072 26,76486 25,28349
30,51755 26,96672 25,59106
29,70375 26,84115 25,39635
29,70375 26,9858 25,40668
30,3141 26,89836 25,52588
29,70375 26,91904 25,41462
30,11065 26,84909 25,62841
29,29685 26,7887 25,37092
29,5003 26,87294 25,62443
29,70375 27,09071 25,69199
29,29685 26,9556 25,58232
29,0934 27,0764 25,45834
30,11065 26,86658 25,55529
29,29685 26,625 25,0729
29,29685 26,97307 25,49171
29,5003 26,9842 25,63078
29,0934 26,83956 25,6014
29,0934 26,93811 25,40587
29,29685 26,78871 25,56722
32,95895 27,03507 25,57595
32,14515 27,00645 25,57991
30,11065 27,05255 25,72456
29,70375 26,93969 25,70946
29,29685 26,85863 25,63397
30,3141 27,03347 25,51317
30,721 26,89997 25,19529
29,70375 26,96514 25,62364
30,11065 27,01917 25,6737
29,29685 26,94765 25,47581
30,92445 26,83956 25,64749
29,70375 26,92063 25,56562
31,73825 27,26237 25,44086
29,70375 26,97785 25,43053
30,51755 27,05097 25,39158
30,51755 26,88089 25,59821
30,3141 27,13203 25,73252
29,9072 26,96036 25,39158
30,721 26,84115 25,65304
30,3141 27,12726 25,59661
30,92445 27,03029 25,6308
30,51755 26,71082 25,1166
29,9072 26,96515 25,65861
31,1279 26,86659 25,45437
30,51755 27,03189 25,37728
29,9072 27,17018 25,82152
30,11065 26,82843 25,56006
29,70375 27,105 25,75477
30,11065 27,14633 25,56403
29,29685 26,81255 25,54894
30,11065 27,1813 25,93755
29,29685 26,79347 25,36773
29,5003 27,0748 25,57754
29,29685 26,97467 25,52271
30,3141 27,27508 25,8684
30,3141 27,19084 25,69357
30,11065 27,08436 25,83266
30,51755 27,08752 25,77862
30,3141 27,32277 26,05677
31,33135 27,0287 25,71424
29,9072 27,00328 25,55053
29,70375 27,016 25,43449
29,5003 27,03506 25,43132
29,9072 26,95878 25,54813
29,9072 27,17176 25,61729
30,92445 27,19879 25,93279
30,51755 27,04938 25,7961
29,70375 27,21151 25,89543
30,3141 27,24807 25,71186
30,3141 27,28622 25,93358
30,721 27,06367 25,54576
30,3141 27,17494 25,77622
30,51755 27,08117 25,73728
30,3141 27,24646 25,77384
29,9072 26,9858 25,45198
30,92445 27,10182 25,82312
30,51755 27,06845 25,777
30,721 27,0605 25,59027
30,11065 27,26714 25,92405
29,9072 27,15906 25,81755
29,9072 27,00327 25,2064
29,70375 26,95241 25,71344
30,3141 27,07957 25,45356
30,3141 27,17971 25,63078
30,51755 27,23854 25,61649
29,9072 27,06846 25,61172
30,721 27,32436 25,83265
31,33135 27,12408 25,8104
30,721 27,15429 25,90179
30,51755 27,15906 25,74921
30,92445 27,25124 25,8549
31,1279 27,23217 25,66495
30,721 27,17018 25,72059
30,11065 27,0144 25,6586
30,11065 27,2878 25,81993
29,5003 27,3164 26,02894
30,11065 27,23217 25,62443
30,11065 27,20992 25,61649
29,70375 27,36726 25,97569
29,70375 27,29416 25,85888
31,1279 27,07957 25,70389
30,3141 27,17813 25,64112
29,9072 27,36568 25,93834
30,11065 27,04461 25,62364
30,51755 27,24489 25,69357
29,70375 27,18925 25,82866
29,29685 27,15588 25,81517
31,33135 27,16859 25,61171
30,11065 27,31959 25,8557
30,11065 27,29893 25,98524
30,3141 27,1829 25,94153
30,51755 27,07481 25,5998
30,51755 27,37362 26,13783
30,51755 27,14157 25,80643
29,9072 27,07321 25,79847
31,1279 27,15111 25,53781
30,11065 27,16858 25,75793
29,9072 27,16859 25,64034
30,51755 27,23853 25,92325
30,92445 27,14633 25,73331
31,1279 27,24647 25,60534
30,721 27,29257 25,68165
31,33135 27,0764 25,56721
29,0934 26,85386 25,52747
29,5003 27,19243 25,72853
29,70375 27,15906 25,8565
30,92445 27,08117 25,61409
30,3141 27,29416 26,03848
29,9072 27,09389 25,53463
29,9072 27,16064 26,01623
29,5003 27,21469 26,02338
30,3141 27,44037 26,07663
30,51755 27,50237 26,21412
29,9072 27,22582 25,82868
31,9417 27,13681 25,82232
30,11065 27,35615 25,7635
30,3141 27,10024 25,5823
30,3141 27,2433 25,78337
30,3141 27,20356 25,92007
30,3141 27,10343 25,80165
30,51755 27,20038 25,92721
31,73825 27,01918 25,7047
29,9072 27,12727 25,79926
30,51755 27,22105 25,75
30,11065 27,23058 25,81754
31,33135 27,26077 25,81755
30,51755 27,15587 25,89781
29,5003 27,24648 26,02339
29,70375 27,09705 25,32085
30,92445 27,12885 25,60376
29,9072 27,11614 25,79371
29,9072 27,13521 25,87556
30,92445 27,17496 25,61968
31,1279 27,167 25,90418
30,3141 27,19721 25,86364
30,11065 27,17813 25,71821
29,9072 27,19879 25,58151
29,70375 27,13681 25,49807
29,70375 27,15904 25,51475
30,721 27,52143 26,021
31,73825 27,37045 25,70471
30,3141 27,2433 25,93596
30,11065 27,33867 25,79689
30,3141 27,29257 25,78259
29,29685 27,1066 25,73808
30,51755 27,22422 25,83424
30,11065 27,36409 25,79928
31,1279 27,09866 25,74284
30,51755 27,34025 25,59423
29,70375 27,28462 25,73649
29,9072 27,33071 25,97649
30,11065 27,21786 25,95583
30,51755 27,12726 25,72297
29,9072 27,12885 25,86284
31,1279 27,28145 25,85251
31,33135 27,20039 25,45197
29,5003 27,44197 26,01862
29,9072 27,1972 25,84934
29,9072 27,30368 25,94073
29,70375 27,2433 25,66973
31,1279 27,41337 25,92563
30,721 27,37839 25,78178
30,51755 27,1352 25,56323
30,11065 27,13522 25,88271
29,5003 27,27667 25,87079
30,11065 27,32594 25,82232
29,70375 27,07322 25,71981
30,11065 27,34024 25,93278
29,29685 27,02395 25,76827
30,3141 27,29575 25,79291
31,1279 27,32277 25,66417
30,721 27,30369 26,02418
29,9072 27,28144 25,96935
30,721 27,03666 25,75
30,721 27,16065 25,52429
29,70375 27,21628 25,84138
30,51755 27,23852 25,77543
30,3141 27,20992 25,83027
30,11065 27,35455 26,13784
30,92445 27,20037 25,82867
30,721 27,27986 25,89543
30,51755 27,3021 25,72298
30,51755 27,07004 25,70788
30,11065 27,3021 26,0059
30,3141 27,1988 25,83026
29,5003 27,29416 25,93756
29,70375 27,01599 25,80243
29,9072 27,32278 25,73252
30,3141 27,17654 25,76113
30,11065 27,22264 25,90497
30,11065 27,27826 25,53702
31,33135 27,44516 25,9757
30,51755 27,36409 25,87715
29,9072 27,44037 26,09888
30,721 27,11772 25,63157
30,3141 27,35772 25,68959
30,3141 27,18608 25,78179
31,1279 27,49283 26,0067
30,3141 27,20673 25,66575
29,5003 27,39112 25,92007
30,51755 27,41812 26,18868
30,11065 27,55641 26,07346
30,721 27,39588 25,88272
29,9072 27,32277 25,89622
30,11065 27,26714 25,92882
32,14515 27,4817 26,09254
30,11065 27,17495 26,09094
29,70375 27,15588 25,86204
29,70375 27,23534 25,93359
30,721 27,28303 25,99638
31,73825 27,55959 26,1887
29,5003 27,13044 25,78417
30,721 27,37204 25,95982
29,70375 27,25918 25,97014
30,721 27,26395 25,89862
30,11065 27,34343 26,02576
30,3141 27,1845 25,79451
29,9072 27,34343 26,13704
30,721 27,42607 26,14815
30,51755 27,32912 26,06233
30,11065 27,28303 25,85331
30,721 27,55482 26,01703
29,9072 27,24011 25,79847
30,3141 27,36408 26,06472
30,51755 27,38952 25,96696
29,70375 27,33867 25,82152
29,70375 27,47852 26,04404
30,11065 27,27507 25,96218
30,11065 27,10342 25,54337
30,51755 27,38634 25,90576
30,51755 27,44516 25,79529
31,5348 27,45468 26,07505
30,51755 27,03349 25,72138
30,3141 27,24011 25,86602
30,51755 27,41495 26,052
30,721 27,24489 25,77145
30,51755 27,57866 26,00909
31,1279 27,25601 25,9765
29,9072 27,47216 26,13861
30,11065 27,36567 26,07028
29,70375 27,20673 25,75237
30,3141 27,34502 26,02656
31,33135 27,37839 26,10207
