0,6103516 0,2670287 0,2034507
0,6103516 0,2829233 0,211398
0,6103516 0,2797444 0,211398
0,6103516 0,298818 0,2272927
0,6103516 0,3051759 0,2288821
0,8138021 0,2956391 0,2225243
0,6103516 0,2829233 0,2034507
0,8138021 0,346502 0,2415979
0,6103516 0,3051759 0,2241137
0,6103516 0,2861023 0,2145769
0,6103516 0,2702076 0,2018612
0,8138021 0,3083548 0,232061
0,8138021 0,298818 0,2272927
0,8138021 0,2702076 0,1970928
0,8138021 0,2924601 0,2129875
0,6103516 0,3083548 0,2225243
0,6103516 0,2956391 0,2129875
0,6103516 0,2892812 0,2161664
0,6103516 0,3115337 0,2368294
0,8138021 0,2861023 0,2193453
0,6103516 0,2956391 0,2193453
0,6103516 0,301997 0,2082191
0,6103516 0,2924601 0,2241137
0,6103516 0,3051759 0,23524
1,017253 0,3210706 0,2415979
0,6103516 0,2797444 0,2082191
0,6103516 0,2861023 0,2209348
0,6103516 0,301997 0,2320611
0,8138021 0,298818 0,214577
0,6103516 0,3178917 0,2415979
0,6103516 0,3115338 0,2368295
0,6103516 0,3083549 0,2241138
0,6103516 0,2956391 0,2257032
0,6103516 0,3210706 0,2368295
0,6103516 0,2765655 0,2161664
0,6103516 0,2797444 0,2098085
0,6103516 0,3083549 0,23524
0,6103516 0,2892812 0,2177559
0,6103516 0,3083549 0,2209348
0,8138021 0,3147127 0,2225243
0,6103516 0,2956391 0,2257032
0,6103516 0,3115338 0,23524
0,6103516 0,3337863 0,238419
0,6103516 0,3306074 0,2511347
0,6103516 0,3147127 0,2336506
0,6103516 0,3083549 0,2177559
0,4069011 0,2829233 0,2034507
0,6103516 0,2956391 0,2257032
0,6103516 0,2892812 0,2209348
0,8138021 0,2892812 0,2241137
0,6103516 0,3051759 0,23524
0,6103516 0,301997 0,2288821
0,6103516 0,298818 0,2225243
0,6103516 0,3083549 0,2384189
0,8138021 0,3019969 0,2225243
0,6103516 0,3210706 0,2368295
0,4069011 0,2892812 0,2145769
0,6103516 0,2924602 0,2225243
0,6103516 0,2829233 0,2272926
0,6103516 0,3147127 0,2288822
0,6103516 0,3051759 0,2272927
0,6103516 0,2924601 0,2225243
0,6103516 0,3147127 0,2463662
0,8138021 0,3147127 0,2368295
0,6103516 0,2956391 0,2241137
0,6103516 0,2861023 0,2161664
0,8138021 0,2861023 0,2098085
0,6103516 0,2829233 0,2129875
0,6103516 0,2988181 0,2177559
0,6103516 0,2924601 0,2241137
0,6103516 0,298818 0,2225243
0,6103516 0,3083549 0,2304716
0,6103516 0,2924601 0,2098086
0,6103516 0,2733865 0,1970928
0,6103516 0,2829233 0,2241137
0,8138021 0,3306074 0,2368295
0,6103516 0,3306074 0,2527241
0,6103516 0,2638497 0,2050401
0,8138021 0,3051759 0,2288821
0,6103516 0,2765655 0,2098085
0,8138021 0,3083548 0,2336505
0,6103516 0,301997 0,2384189
0,6103516 0,3242495 0,2479557
0,6103516 0,3242495 0,2495452
0,6103516 0,2733865 0,211398
0,6103516 0,301997 0,2336505
0,8138021 0,3051759 0,2304716
0,8138021 0,2924601 0,2177559
0,6103516 0,3178917 0,23524
0,4069011 0,3051759 0,2336505
0,6103516 0,3274285 0,2400084
0,8138021 0,346502 0,2495452
0,6103516 0,3083549 0,2304716
0,6103516 0,3083548 0,23524
0,6103516 0,2956391 0,2225243
0,6103516 0,2702076 0,2161664
0,4069011 0,2797444 0,2129875
0,6103516 0,3147127 0,2384189
0,6103516 0,2797444 0,2145769
0,6103516 0,301997 0,2257032
0,6103516 0,3274285 0,2415979
0,6103516 0,2861023 0,2272926
0,6103516 0,3178916 0,2384189
0,6103516 0,3083549 0,2272927
0,6103516 0,3115338 0,2257032
0,6103516 0,3147127 0,2384189
0,6103516 0,2829233 0,2145769
0,6103516 0,301997 0,2257032
0,6103516 0,3306074 0,2463663
0,6103516 0,3115338 0,2368295
0,6103516 0,3083548 0,2272927
0,6103516 0,2797444 0,2050401
0,6103516 0,2829233 0,2288821
0,8138021 0,3019969 0,232061
0,6103516 0,3433231 0,2479557
0,4069011 0,2733865 0,2161664
0,6103516 0,301997 0,23524
0,6103516 0,301997 0,2241137
0,6103516 0,3115338 0,2304716
0,6103516 0,3051759 0,2257032
0,6103516 0,2861023 0,2209348
0,6103516 0,298818 0,2272927
0,6103516 0,2797444 0,2129875
0,8138021 0,2924601 0,2209348
0,6103516 0,3242495 0,2463663
0,6103516 0,2892812 0,2272926
0,8138021 0,3051759 0,2368294
0,6103516 0,2861023 0,2209348
0,6103516 0,2829233 0,2193453
0,4069011 0,2988181 0,2177559
0,6103516 0,3083548 0,2257032
0,6103516 0,3083549 0,2336505
0,6103516 0,3147127 0,2272927
0,6103516 0,298818 0,2304716
0,6103516 0,2956391 0,2272927
0,6103516 0,301997 0,2257032
1,017253 0,3051759 0,2177559
0,6103516 0,3051759 0,2304716
0,6103516 0,2829233 0,2082191
0,6103516 0,2670287 0,2050401
0,8138021 0,2892812 0,2161664
0,6103516 0,3147127 0,2415978
0,6103516 0,2924601 0,2209348
0,6103516 0,3115338 0,2320611
0,6103516 0,3083548 0,2241137
0,6103516 0,3306074 0,2479557
0,8138021 0,3115338 0,2304716
0,6103516 0,2924602 0,2257032
0,6103516 0,301997 0,2272927
0,6103516 0,2861023 0,2225242
0,6103516 0,3178917 0,2479557
0,6103516 0,2670287 0,2209347
0,6103516 0,3147127 0,2320611
0,6103516 0,301997 0,2320611
0,6103516 0,2956391 0,2257032
0,6103516 0,3115338 0,2336505
0,8138021 0,2892812 0,2177559
0,6103516 0,2765655 0,2082191
0,6103516 0,3242495 0,2463662
0,8138021 0,3147127 0,2384189
0,4069011 0,2670287 0,2082191
0,6103516 0,2924601 0,2272926
0,6103516 0,2829233 0,2082191
1,017253 0,3369653 0,2400084
0,6103516 0,2956391 0,2272927
0,6103516 0,3242495 0,23524
0,6103516 0,3147127 0,2272927
0,8138021 0,3083548 0,2225243
0,6103516 0,3083549 0,2161665
0,6103516 0,3115338 0,2257032
0,6103516 0,3115337 0,2320611
0,6103516 0,3178917 0,2415979
0,6103516 0,2829233 0,2145769
0,6103516 0,298818 0,2304716
0,6103516 0,2892812 0,2225243
0,6103516 0,2702076 0,2082191
0,6103516 0,2765655 0,2193453
0,6103516 0,3051759 0,2320611
0,4069011 0,2861023 0,2177559
0,6103516 0,2829233 0,2272926
0,6103516 0,2956391 0,2193453
0,6103516 0,298818 0,2384189
0,8138021 0,3147127 0,2400084
0,8138021 0,298818 0,2257032
0,8138021 0,3019969 0,2241137
0,6103516 0,3242495 0,2463663
0,6103516 0,2829233 0,2225242
0,6103516 0,3115338 0,2415978
0,6103516 0,2924601 0,2225243
0,6103516 0,3115337 0,23524
0,6103516 0,3051759 0,2384189
0,6103516 0,3242495 0,2447768
0,6103516 0,3019969 0,2288821
0,8138021 0,2861023 0,2288821
0,4069011 0,2892812 0,2257032
0,6103516 0,3242495 0,2463663
0,6103516 0,3083549 0,2336505
0,6103516 0,3051759 0,2368295
0,6103516 0,298818 0,2288821
0,6103516 0,3306074 0,2415979
0,6103516 0,3019969 0,2193453
0,6103516 0,2956391 0,2288821
0,6103516 0,3147127 0,2336506
0,6103516 0,3147127 0,2368295
0,6103516 0,3115338 0,2400084
0,6103516 0,2988181 0,23524
0,6103516 0,298818 0,2257032
0,6103516 0,3401442 0,2463663
0,6103516 0,3147127 0,23524
0,6103516 0,3401442 0,255903
0,6103516 0,3274285 0,2463663
0,6103516 0,3274284 0,2479557
0,6103516 0,2924602 0,2257032
0,6103516 0,3019969 0,232061
1,017253 0,3528598 0,2495451
0,6103516 0,3433231 0,2479557
0,6103516 0,343323 0,2590818
0,6103516 0,3147127 0,2400084
0,6103516 0,3306074 0,2511346
0,6103516 0,3306074 0,2495452
0,8138021 0,3115337 0,2368294
0,6103516 0,2892812 0,2241137
1,017253 0,3242495 0,2415979
0,6103516 0,3147127 0,2384189
0,6103516 0,2892812 0,2193453
0,8138021 0,3210706 0,2431873
0,6103516 0,3210706 0,238419
0,6103516 0,3210706 0,2400084
0,6103516 0,3369653 0,255903
0,6103516 0,3274285 0,2400084
0,6103516 0,3178917 0,2447768
0,8138021 0,3178916 0,23524
0,6103516 0,3147127 0,23524
0,6103516 0,301997 0,2209348
0,6103516 0,3623965 0,2733868
0,6103516 0,2988181 0,2257032
0,8138021 0,3242495 0,2479557
0,6103516 0,3178917 0,2479557
0,6103516 0,3083549 0,2368295
0,8138021 0,3337863 0,2495452
0,6103516 0,3306074 0,2447768
0,6103516 0,3306074 0,2400084
0,8138021 0,3178916 0,2431873
0,4069011 0,2797444 0,2257032
0,8138021 0,3019969 0,2288821
0,6103516 0,3655754 0,2638501
0,6103516 0,3274285 0,2479557
0,6103516 0,3210706 0,2415979
0,6103516 0,3401442 0,2447768
0,4069011 0,3306074 0,2495452
0,6103516 0,343323 0,2559029
0,6103516 0,3242495 0,2447768
0,6103516 0,3051759 0,2304716
0,8138021 0,298818 0,2272927
0,6103516 0,3401442 0,255903
0,6103516 0,3306074 0,2495452
0,8138021 0,3433231 0,2543135
0,4069011 0,301997 0,2400084
0,6103516 0,343323 0,2590818
0,6103516 0,2892812 0,2241137
0,6103516 0,3210706 0,2463662
0,6103516 0,3465019 0,2606713
0,6103516 0,2892812 0,2193453
0,6103516 0,3051759 0,23524
0,6103516 0,3178916 0,2447768
0,6103516 0,3051759 0,2304716
0,8138021 0,346502 0,2622608
0,6103516 0,3242495 0,2479557
0,6103516 0,3274285 0,2574925
0,6103516 0,3147127 0,2431873
0,6103516 0,3465019 0,2686185
0,6103516 0,3147127 0,2431873
0,6103516 0,3623964 0,2765657
0,6103516 0,3242495 0,2574924
0,6103516 0,3178917 0,2400084
0,6103516 0,3401442 0,2527241
0,6103516 0,3592175 0,2686185
0,6103516 0,3306074 0,2495452
0,6103516 0,3274284 0,2527241
0,6103516 0,3560386 0,2686185
0,8138021 0,3274285 0,2574924
0,6103516 0,3306074 0,2495452
0,6103516 0,3083549 0,2415978
0,6103516 0,346502 0,2543135
0,8138021 0,3210706 0,2543135
0,8138021 0,3433231 0,2606713
0,6103516 0,3178917 0,2415979
0,6103516 0,3274285 0,2511346
0,6103516 0,3147127 0,2415978
0,6103516 0,343323 0,2527241
0,6103516 0,2924602 0,2304716
0,6103516 0,3115337 0,2415978
0,8138021 0,3369653 0,2606713
0,6103516 0,2924602 0,2257032
0,6103516 0,3274285 0,2495452
0,6103516 0,3751121 0,2765657
0,6103516 0,3242495 0,2543135
0,6103516 0,3433231 0,2543135
0,6103516 0,3274284 0,2463662
0,6103516 0,3178917 0,2463662
0,6103516 0,3496809 0,2606713
0,6103516 0,3401442 0,2574925
0,8138021 0,3433231 0,2590819
0,6103516 0,3401441 0,2574924
0,6103516 0,3465019 0,2622607
0,6103516 0,3178917 0,2479557
0,6103516 0,3560387 0,2638502
0,6103516 0,3115338 0,2463662
0,8138021 0,3528598 0,2638502
1,220703 0,3687543 0,2765657
0,8138021 0,3560387 0,2717974
0,6103516 0,3528598 0,2670291
0,8138021 0,3941855 0,2861023
0,6103516 0,3719331 0,2749762
0,8138021 0,3401442 0,2654397
0,6103516 0,3719331 0,281334
0,8138021 0,3528598 0,2686185
0,8138021 0,3719331 0,2702079
0,6103516 0,3401442 0,2590819
0,8138021 0,3655754 0,2749763
0,6103516 0,3337863 0,2606713
0,8138021 0,3592176 0,2702079
0,6103516 0,3401442 0,2574924
0,6103516 0,3242495 0,2431873
0,6103516 0,3560386 0,267029
0,6103516 0,3592176 0,2654396
0,8138021 0,3592176 0,2686185
0,6103516 0,3878276 0,2908706
0,6103516 0,3528597 0,2606713
0,8138021 0,3846488 0,2876918
0,6103516 0,343323 0,2670291
0,6103516 0,3655754 0,2765657
0,8138021 0,3973643 0,2892811
0,8138021 0,3878277 0,2892812
0,6103516 0,3719332 0,281334
1,017253 0,4196167 0,3035861
0,8138021 0,4005433 0,2908706
0,8138021 0,3751121 0,2797446
0,6103516 0,3560387 0,2702079
0,8138021 0,4132589 0,2972283
0,6103516 0,4069009 0,2988177
0,6103516 0,3910065 0,2876917
0,8138021 0,3878276 0,2861023
1,017253 0,4609424 0,3290171
0,8138021 0,4545845 0,3306065
0,8138021 0,4545845 0,3226593
0,8138021 0,4959103 0,3576272
1,220703 0,4609424 0,346501
1,017253 0,4704791 0,3560379
0,8138021 0,4482267 0,3258382
0,8138021 0,4768369 0,3592168
1,017253 0,4800158 0,3592167
0,8138021 0,4800158 0,3751115
0,8138021 0,4863736 0,3480904
1,017253 0,4895525 0,3814693
1,220703 0,5149839 0,3925956
1,017253 0,4800158 0,3751115
1,017253 0,5118049 0,4132588
1,220703 0,5308785 0,4069009
1,220703 0,5785626 0,4529955
0,8138021 0,5404153 0,424385
1,220703 0,5658468 0,4371008
1,017253 0,5944572 0,4498165
7,120767 0,8646648 0,6055834
11,80013 1,109441 0,7247919
8,13802 1,064936 0,7088972
10,78288 1,173019 0,78837
11,80013 1,5227 0,9806948
22,37956 2,778371 1,624426
20,54851 3,169379 1,81675
24,61751 4,466375 2,525649
44,35219 6,82195 3,782907
32,95895 7,731119 4,353524
52,28682 9,921392 5,59648
76,09071 12,7856 7,082622
55,3386 16,37141 9,398463
78,93903 21,74697 12,11008
92,36655 27,26238 15,61802
100,5045 33,3945 18,91772
87,48381 42,19693 25,07211
94,60448 46,97803 29,192
95,82516 61,12108 39,17859
123,2906 74,09424 54,15922
123,0871 76,25276 59,97348
113,7285 78,76412 64,76257
118,2044 81,20548 65,56997
109,6596 82,49932 67,42014
116,5768 82,50886 70,26524
125,7319 85,13142 70,56564
119,4251 85,20454 74,59651
123,6975 87,62685 74,21661
120,6457 90,50374 78,59079
130,2078 92,39516 78,46521
130,2078 96,81699 81,48994
130,2078 95,68211 80,09918
130,2078 95,31656 79,09624
124,9181 96,69617 77,85164
130,2078 97,37646 80,36461
130,2078 95,49776 78,18863
130,2078 101,3119 85,76554
130,2078 101,9794 86,06755
130,2078 103,3749 88,85227
129,394 104,8881 88,20692
130,2078 107,9048 90,35266
130,2078 105,6828 89,49437
130,2078 111,373 95,61851
130,2078 110,1046 91,52722
130,2078 109,7041 91,59557
130,2078 114,2435 94,6489
130,2078 113,6141 94,08144
130,2078 114,8697 94,37388
130,2078 117,0441 94,58209
130,2078 113,6141 95,86002
130,2078 119,7557 101,1274
130,2078 119,7557 98,83389
130,2078 118,9355 99,69692
130,2078 118,5064 101,1418
130,2078 121,7806 97,80866
130,2078 122,5117 102,7407
130,2078 122,8105 101,69
130,2078 121,4214 103,5577
130,2078 121,024 102,8583
130,2078 123,1253 105,0946
130,2078 123,4018 106,8828
130,2078 125,4903 106,5331
130,2078 126,0021 106,0705
130,2078 124,1616 104,9261
130,2078 125,0484 104,2045
130,2078 124,9118 104,1044
130,2078 125,7986 109,1684
130,2078 122,7756 103,7468
130,2078 125,5475 105,7129
130,2078 124,4063 106,7031
130,2078 124,5875 102,8519
130,2078 126,0847 111,2935
130,2078 124,3618 105,7606
130,2078 125,592 107,5233
130,2078 122,6993 105,5603
130,2078 124,5939 107,2007
130,2078 124,8259 105,5333
130,2078 124,6479 105,8305
130,2078 125,0389 107,5884
130,2078 125,3663 106,7413
130,2078 123,494 103,1301
130,2078 124,5843 107,0131
130,2078 125,2868 106,0196
130,2078 124,6574 107,1339
130,2078 123,494 103,9328
130,2078 122,5499 103,0284
130,2078 126,1483 111,3332
130,2078 125,4617 110,4876
130,2078 125,4744 109,7691
130,2078 125,1629 110,5194
130,2078 124,3491 106,6905
130,2078 124,5144 105,9879
130,2078 125,1597 106,3661
130,2078 125,5221 109,2971
130,2078 124,9404 105,4856
130,2078 124,0217 103,521
130,2078 124,5907 106,8192
130,2078 124,8005 104,7688
130,2078 124,8958 105,4236
130,2078 124,5239 106,8287
130,2078 124,953 105,5079
130,2078 125,3631 105,1105
130,2078 125,5507 108,0033
130,2078 124,7146 106,425
130,2078 123,9899 102,5801
130,2078 123,1729 100,7459
130,2078 125,1342 105,1217
130,2078 124,9117 109,3734
130,2078 123,494 102,0508
130,2078 124,6543 108,1193
130,2078 125,7954 110,0696
130,2078 125,7319 106,0069
130,2078 123,9517 103,8136
130,2078 123,8595 107,0227
130,2078 124,5303 104,9245
