0,6103516 0,2702076 0,2129874
0,6103516 0,3051759 0,2225243
0,8138021 0,2829233 0,2050402
0,6103516 0,3210706 0,2431873
0,6103516 0,2956391 0,211398
0,6103516 0,3019969 0,2225243
0,6103516 0,3178917 0,2288822
0,6103516 0,2892812 0,2145769
0,6103516 0,3083549 0,23524
0,4069011 0,254313 0,1923244
0,6103516 0,3115338 0,2288821
0,6103516 0,3401442 0,2447768
0,6103516 0,2956391 0,2241137
0,6103516 0,3051759 0,2320611
0,6103516 0,2765655 0,2209348
0,6103516 0,2892812 0,2193453
0,4069011 0,2733865 0,2034507
0,6103516 0,2861023 0,2225242
0,6103516 0,2924602 0,2209348
0,6103516 0,3147127 0,2447768
0,6103516 0,3210706 0,2336506
0,6103516 0,3083548 0,2272927
0,6103516 0,2797444 0,2161664
1,220703 0,2924601 0,2145769
0,8138021 0,2924601 0,211398
0,6103516 0,2988181 0,2288821
0,6103516 0,298818 0,232061
0,6103516 0,3242495 0,23524
0,6103516 0,2797444 0,2050402
0,6103516 0,2892812 0,211398
0,6103516 0,2924601 0,2161664
0,6103516 0,2924601 0,2177559
0,6103516 0,2956391 0,2225243
0,6103516 0,298818 0,2225243
0,6103516 0,2574919 0,2066296
0,6103516 0,2892812 0,2177559
0,6103516 0,3051759 0,2225243
0,6103516 0,2829233 0,2034507
0,6103516 0,2829233 0,2145769
0,8138021 0,3369652 0,2479557
0,6103516 0,3083549 0,2272927
0,6103516 0,3019969 0,2225243
0,6103516 0,2829233 0,2272926
0,6103516 0,3051759 0,2225243
0,6103516 0,2861023 0,2129875
0,6103516 0,2956391 0,2272927
0,8138021 0,3147127 0,2368295
0,6103516 0,2765655 0,2129875
0,6103516 0,3178916 0,2400084
0,6103516 0,3242495 0,238419
0,6103516 0,2797444 0,2129875
0,6103516 0,298818 0,2304716
0,4069011 0,2733865 0,2129875
0,6103516 0,3274285 0,238419
0,6103516 0,2988181 0,2225243
0,6103516 0,298818 0,2272927
0,8138021 0,2829233 0,1986823
0,4069011 0,2892812 0,2129875
0,8138021 0,2670287 0,2050401
0,6103516 0,2956391 0,2272927
0,6103516 0,3115338 0,2288821
0,8138021 0,3242495 0,2400084
0,6103516 0,3306074 0,2479557
0,8138021 0,3337863 0,2511346
0,6103516 0,3051759 0,2241137
1,017253 0,3210706 0,2272927
0,6103516 0,2924601 0,232061
0,6103516 0,3115338 0,23524
0,6103516 0,3115338 0,2415978
0,8138021 0,3369653 0,2447768
0,6103516 0,3115338 0,2336505
0,6103516 0,2924601 0,2193453
0,6103516 0,3083549 0,2415978
0,6103516 0,3019969 0,2288821
0,8138021 0,301997 0,2336505
0,8138021 0,3115338 0,2257032
0,6103516 0,3369652 0,2495452
0,6103516 0,3083549 0,2400084
0,6103516 0,298818 0,2288821
0,6103516 0,3306074 0,2400084
1,017253 0,3178916 0,2400084
0,6103516 0,301997 0,23524
0,4069011 0,2702076 0,2209347
0,8138021 0,3560387 0,2654396
0,6103516 0,2988181 0,2336505
0,6103516 0,3051759 0,2431873
0,8138021 0,3274285 0,2495452
0,6103516 0,3178917 0,2384189
0,6103516 0,3242495 0,2447768
0,6103516 0,3274285 0,2479557
0,6103516 0,343323 0,2654396
0,8138021 0,3433231 0,2590819
0,6103516 0,3147127 0,2463662
0,6103516 0,3369653 0,2543136
0,6103516 0,3687542 0,2749762
0,6103516 0,3306074 0,238419
0,6103516 0,3306074 0,2415979
0,6103516 0,3210706 0,2511346
0,6103516 0,3496809 0,2574924
0,8138021 0,3306074 0,2511346
0,6103516 0,3242495 0,2495452
0,6103516 0,2956391 0,2400083
0,6103516 0,3115338 0,2495452
0,8138021 0,3115338 0,2368295
0,6103516 0,301997 0,2384189
0,6103516 0,3623964 0,2717974
0,8138021 0,3369653 0,2527241
1,017253 0,3782909 0,2765656
0,8138021 0,3401442 0,2654397
0,6103516 0,3337863 0,2495452
0,6103516 0,3465019 0,2686185
0,8138021 0,3433231 0,2622608
0,6103516 0,3147127 0,23524
0,6103516 0,3242495 0,2463662
0,6103516 0,3178917 0,2415979
0,6103516 0,3274285 0,2495452
0,6103516 0,3401442 0,2511346
0,6103516 0,3655754 0,2717974
0,6103516 0,3465019 0,2622607
0,6103516 0,3528597 0,2622607
0,6103516 0,3147127 0,2431873
0,8138021 0,3242495 0,2415979
0,8138021 0,3369653 0,2590819
0,6103516 0,3115338 0,2400084
0,6103516 0,3306074 0,2590819
0,6103516 0,3210706 0,2543135
0,8138021 0,3560386 0,2702079
0,6103516 0,2956391 0,232061
1,017253 0,3592176 0,2654396
0,6103516 0,3115338 0,2431873
0,4069011 0,3242496 0,2479557
0,6103516 0,3306074 0,2590819
0,6103516 0,301997 0,2368294
0,6103516 0,301997 0,2447768
0,6103516 0,3178917 0,2479557
0,6103516 0,2765655 0,2288821
0,8138021 0,3369653 0,2527241
0,6103516 0,3306074 0,2463663
0,6103516 0,3083549 0,2431873
0,6103516 0,3337863 0,2590819
0,6103516 0,346502 0,255903
0,6103516 0,3433231 0,2527241
0,6103516 0,3369653 0,2479557
0,6103516 0,3115337 0,2447768
0,6103516 0,3051759 0,2447767
0,6103516 0,3369652 0,2654397
0,6103516 0,3083549 0,2447768
0,6103516 0,3210706 0,2479557
0,6103516 0,343323 0,2670291
0,6103516 0,3337863 0,2495452
0,6103516 0,3115338 0,2463662
0,6103516 0,3274285 0,2527241
0,6103516 0,3306074 0,2463663
0,8138021 0,3401442 0,2543136
0,6103516 0,3242495 0,2431873
0,8138021 0,3051759 0,23524
0,6103516 0,298818 0,2257032
0,6103516 0,3147127 0,2463662
0,6103516 0,3369652 0,2590819
0,6103516 0,3401442 0,2495452
0,8138021 0,3337863 0,2479557
0,6103516 0,3306074 0,2479557
0,6103516 0,3401442 0,2479557
0,6103516 0,3369652 0,2527241
0,6103516 0,3306074 0,2511347
0,6103516 0,3401441 0,2638502
0,6103516 0,3147127 0,2320611
0,6103516 0,2956391 0,2336505
0,6103516 0,3242495 0,2384189
0,6103516 0,3274285 0,2495452
0,6103516 0,3433231 0,2606713
0,6103516 0,3274285 0,2415979
0,6103516 0,3369653 0,2527241
0,6103516 0,301997 0,2368294
0,6103516 0,3242496 0,238419
0,8138021 0,3210706 0,2447768
0,6103516 0,3210706 0,2527241
0,6103516 0,3115338 0,2368295
0,6103516 0,3433231 0,2590819
0,6103516 0,3337863 0,2479557
0,8138021 0,3560387 0,2622607
0,8138021 0,3401442 0,2511347
0,6103516 0,3465019 0,2559029
0,6103516 0,301997 0,2257032
0,6103516 0,3178917 0,2384189
0,6103516 0,3528597 0,2590818
0,6103516 0,3528597 0,2638502
0,6103516 0,3147127 0,2447768
0,8138021 0,3560387 0,267029
0,6103516 0,3496809 0,2574924
0,6103516 0,3465019 0,2543135
0,6103516 0,3306074 0,2495452
0,6103516 0,3178916 0,2495452
0,6103516 0,3401442 0,2543135
0,6103516 0,3083549 0,2304716
0,6103516 0,3051759 0,2431873
0,8138021 0,3496809 0,2574924
0,6103516 0,3401441 0,2606713
0,8138021 0,3496809 0,2511346
0,6103516 0,3369653 0,2511347
0,8138021 0,3115337 0,2463662
0,6103516 0,3465019 0,2543135
0,6103516 0,3083549 0,2431873
0,6103516 0,298818 0,2368294
0,8138021 0,3306074 0,2447768
0,6103516 0,343323 0,2606713
0,8138021 0,3401442 0,2590819
0,6103516 0,3178917 0,2495452
0,6103516 0,3210706 0,2511346
0,6103516 0,3051759 0,2400084
0,6103516 0,3560387 0,2654396
0,6103516 0,3178916 0,2463662
0,6103516 0,3496808 0,2638502
0,8138021 0,3751121 0,2654395
0,6103516 0,343323 0,2622607
0,8138021 0,3623964 0,2765657
0,8138021 0,3465019 0,2622607
0,6103516 0,3083549 0,2320611
0,6103516 0,3401442 0,2495452
0,8138021 0,3433231 0,2543135
0,6103516 0,3147127 0,2511346
0,6103516 0,3369652 0,2606713
0,8138021 0,3401442 0,2495452
0,6103516 0,3560387 0,2622607
0,6103516 0,3496808 0,2654396
0,8138021 0,3496809 0,2622607
0,8138021 0,3465019 0,2574924
0,6103516 0,3083549 0,2447768
0,8138021 0,3687542 0,2733868
0,8138021 0,298818 0,2336505
0,4069011 0,3147127 0,2400084
0,6103516 0,3274285 0,2511347
0,6103516 0,3210706 0,2543135
0,6103516 0,3306074 0,2511347
0,8138021 0,3306074 0,2543135
0,6103516 0,3433231 0,2638502
1,017253 0,3592176 0,2686185
0,8138021 0,346502 0,2654397
0,8138021 0,346502 0,2574924
0,8138021 0,3433231 0,2606713
0,6103516 0,3433231 0,2686186
0,6103516 0,3147127 0,2415979
0,8138021 0,3401442 0,2606713
0,6103516 0,2956391 0,2304716
0,6103516 0,3433231 0,2638502
0,6103516 0,3274285 0,2463663
0,6103516 0,3147127 0,2479557
0,6103516 0,301997 0,2368294
0,8138021 0,3306074 0,2495452
0,6103516 0,3306074 0,2479557
0,6103516 0,3528597 0,2686185
0,6103516 0,2988181 0,2336505
0,8138021 0,3210706 0,2495452
0,8138021 0,3687543 0,267029
0,6103516 0,3337863 0,255903
0,8138021 0,3401442 0,2527241
0,6103516 0,3019969 0,2336505
0,6103516 0,3242495 0,2495452
0,6103516 0,3337863 0,2479557
0,6103516 0,3655753 0,2702079
0,6103516 0,3306074 0,2511346
0,6103516 0,3083549 0,2431873
0,8138021 0,3115338 0,2336505
0,8138021 0,3274285 0,2543136
0,6103516 0,3719331 0,2717973
0,6103516 0,3337863 0,2511347
0,6103516 0,3083549 0,2384189
0,6103516 0,3560386 0,2717974
0,8138021 0,3814698 0,2797445
0,4069011 0,2988181 0,2336505
0,6103516 0,3433231 0,255903
0,8138021 0,3592176 0,2765657
0,6103516 0,3369653 0,2543136
0,6103516 0,3528597 0,2717974
0,6103516 0,3369653 0,2511347
0,6103516 0,3719332 0,2717973
0,6103516 0,3178916 0,2543135
0,6103516 0,375112 0,2765656
0,8138021 0,3178917 0,2479557
1,017253 0,3496809 0,2654397
0,8138021 0,3528598 0,2622608
0,6103516 0,3274285 0,2527241
0,6103516 0,3592175 0,2654396
0,8138021 0,3623964 0,2765657
0,6103516 0,3369653 0,2622608
0,6103516 0,3528597 0,2654396
0,6103516 0,3147127 0,2543135
0,8138021 0,3528598 0,2638502
0,8138021 0,3592176 0,2717974
0,8138021 0,3560387 0,270208
0,6103516 0,3369653 0,2670291
0,8138021 0,3528597 0,2702079
1,017253 0,3814699 0,2829235
0,6103516 0,343323 0,2654396
0,6103516 0,3369653 0,2638502
0,6103516 0,3306074 0,2511347
0,6103516 0,3115338 0,2384189
0,6103516 0,3496809 0,2622607
0,8138021 0,3878277 0,2876917
0,6103516 0,3369653 0,2574925
0,6103516 0,3592176 0,2702079
0,8138021 0,3623965 0,2717974
0,8138021 0,3941855 0,2908706
0,8138021 0,3655753 0,2765657
0,8138021 0,3592176 0,267029
0,6103516 0,3687542 0,2781551
0,8138021 0,3973644 0,295639
0,8138021 0,378291 0,2797445
0,8138021 0,3910065 0,2956389
0,6103516 0,3846487 0,2892812
0,8138021 0,3719332 0,2781551
0,8138021 0,4259745 0,3083544
0,6103516 0,3782909 0,2845129
0,8138021 0,4037221 0,2972284
0,8138021 0,3973643 0,2940495
0,6103516 0,4196166 0,306765
0,6103516 0,3941854 0,29246
0,8138021 0,3814698 0,281334
0,8138021 0,4100799 0,2988178
0,6103516 0,3846487 0,2908706
0,6103516 0,3910065 0,2956389
0,6103516 0,3878276 0,2861023
0,8138021 0,3910065 0,2908706
0,6103516 0,3941854 0,2956389
0,8138021 0,4227956 0,306765
0,6103516 0,3592175 0,2717974
0,8138021 0,4482268 0,3226594
0,8138021 0,3878276 0,2940495
0,6103516 0,3623964 0,2765657
0,8138021 0,4259744 0,3147122
0,8138021 0,4227956 0,3083544
0,8138021 0,3910065 0,2924601
0,8138021 0,4291533 0,3115333
1,017253 0,4291534 0,3115333
0,8138021 0,4196167 0,306765
0,6103516 0,4227955 0,3099438
1,017253 0,4609424 0,332196
0,8138021 0,4323323 0,3131227
0,8138021 0,4037221 0,2972284
0,6103516 0,4418689 0,3210699
1,017253 0,4831946 0,3417326
0,6103516 0,4259743 0,3258381
0,6103516 0,43869 0,3194805
0,8138021 0,4482267 0,3337854
0,6103516 0,4227954 0,3178909
0,8138021 0,43869 0,329017
0,6103516 0,4100799 0,3019967
0,8138021 0,4450478 0,3274276
0,8138021 0,4514056 0,3433221
0,8138021 0,4577634 0,3337854
0,8138021 0,4641213 0,3369642
1,017253 0,4863736 0,343322
1,017253 0,4418689 0,3194805
1,017253 0,4609423 0,3480906
0,8138021 0,4545845 0,346501
1,017253 0,473658 0,3544483
1,017253 0,4673001 0,3623958
0,6103516 0,4768368 0,3655747
0,8138021 0,470479 0,3496799
0,8138021 0,4831946 0,3751115
0,8138021 0,4736579 0,3623957
0,8138021 0,505447 0,3814692
0,8138021 0,5022681 0,3957746
1,017253 0,473658 0,3639852
0,8138021 0,4959103 0,3751114
0,8138021 0,4831947 0,370343
1,220703 0,5149838 0,4084903
0,8138021 0,5276996 0,4100798
1,017253 0,5753836 0,4466376
1,220703 0,5880994 0,4593534
2,034505 0,6071729 0,4720691
1,424154 0,6389621 0,4863742
2,237956 0,7247925 0,543595
1,424154 0,8106232 0,6182984
1,627604 0,9028112 0,7009499
2,237956 0,9981787 0,7518125
2,848307 1,166662 0,855128
3,458658 1,370111 1,017253
4,882813 1,799266 1,293817
5,086263 2,177555 1,570383
6,103515 2,69254 1,918474
5,493165 3,019968 2,279282
5,493165 3,563563 2,697309
7,731118 4,189809 3,151894
7,934568 4,526773 3,507931
9,562172 5,283355 4,178683
11,39323 5,744298 4,487038
11,80013 6,605784 5,111695
14,64844 7,81695 6,249745
15,46224 8,420943 6,783803
13,22428 9,469984 7,788341
15,6657 10,58896 8,668897
22,583 11,62211 9,593965
17,90365 11,78424 9,764037
19,73471 12,60757 10,43161
29,29686 13,1162 10,88142
25,83821 13,26561 11,0658
27,46582 14,18114 11,90345
21,97265 14,7756 12,28015
30,92447 17,44588 13,95543
32,55207 19,34687 15,11574
40,48666 24,95447 19,08461
40,28318 26,9413 21,99332
36,82453 27,3768 23,80052
40,28318 29,08706 24,66202
55,74545 30,80049 26,10524
37,63833 29,79278 24,47127
56,15236 31,12474 26,59479
41,91079 31,80185 26,96355
44,35221 32,4281 27,54688
61,03518 32,02438 27,21945
51,87989 33,51527 29,40812
45,36947 33,56932 29,2619
46,99707 34,58022 30,02008
49,03157 35,24144 30,08365
46,7936 35,90266 30,70037
46,59017 35,89947 30,67175
50,04885 37,78139 32,54732
48,42123 38,18512 33,02574
50,25229 37,30456 32,57434
61,84899 40,2673 33,86815
49,43848 38,19783 33,38813
50,04885 39,43761 34,00008
67,13872 40,10518 34,61837
61,23864 42,58792 36,66402
64,29043 41,60562 36,71963
67,34225 43,51299 37,20602
88,09418 44,61606 37,72258
71,81811 46,16421 38,90038
60,01789 46,89217 39,5012
62,86628 47,24503 41,27821
69,17325 49,10469 42,56407
71,61473 49,93757 41,763
74,86985 52,21686 44,46665
65,10421 50,12196 43,24596
77,7182 52,62058 44,90058
69,58011 52,81133 45,33132
76,49744 52,07381 45,75254
83,41482 54,4421 46,09586
74,66642 52,96073 45,28683
81,99059 54,55655 47,86334
76,29408 53,45664 46,49163
83,61828 56,21594 47,5248
72,22507 54,83947 46,66966
78,53209 57,93256 49,76432
84,83894 57,43347 48,43872
78,12515 56,90895 47,59155
81,78721 56,13964 47,90624
89,9251 56,9471 50,02023
86,26318 58,86081 50,42078
79,34577 59,25182 51,38557
80,15953 57,68776 50,50501
81,17686 60,86989 52,41872
76,49758 61,70913 53,90806
83,2113 61,94118 53,03862
91,95953 62,2273 53,25638
111,694 66,81446 56,10786
79,34588 63,22866 54,79816
100,301 67,64101 56,7373
104,37 71,32538 61,2911
98,26665 74,59332 64,77839
104,9804 74,36443 63,26682
104,9804 76,36717 65,0788
122,0699 80,11826 67,59332
125,3252 79,86717 68,90307
148,7215 84,94066 70,76746
116,3735 82,85214 72,25047
127,1562 84,7277 71,96275
107,8286 86,41568 73,57923
113,5251 87,59824 75,96816
122,4769 88,42794 77,74678
128,3768 90,828 78,5415
119,4251 93,13902 78,22359
128,7837 91,69898 80,19292
149,9423 91,96919 78,51446
113,5252 89,96967 79,27428
120,8493 93,18036 80,66023
140,1768 96,41645 84,192
128,377 96,26384 83,38612
135,4974 99,54446 85,63522
135,0907 101,2451 87,21984
141,194 100,6666 87,37087
126,139 99,04221 85,36024
147,5009 103,4894 88,06546
139,9733 104,0235 89,60563
168,8633 107,9367 93,49499
128,9871 102,2433 87,31524
131,4286 106,1343 91,0218
144,0423 107,8381 93,02292
138,9561 109,3131 93,57761
133,2596 106,8908 91,5797
145,0596 108,5566 92,04857
138,956 111,3889 94,90639
136,5149 106,5285 91,75455
137,7355 108,884 92,4682
134,0735 105,419 92,60333
139,7699 111,5034 96,93295
144,0424 109,0493 91,11079
144,0424 109,612 95,32288
175,9844 111,4017 93,13891
137,9389 111,0965 96,84393
141,8043 114,2022 101,9636
142,6181 113,4075 99,25674
