0,6835938 0,08811951 0,04405975
0,3417969 0,1014709 0,05073547
0,3417969 0,07476807 0,03738403
0,3417969 0,06942749 0,03471375
0,3417969 0,06408691 0,03204346
0,3417969 0,1094818 0,05474091
0,3417969 0,1041412 0,05207062
0,3417969 0,1094818 0,05474091
0,5126953 0,1281738 0,06408691
0,3417969 0,1041412 0,05207062
0,5126953 0,1041412 0,05207062
0,3417969 0,1281738 0,06408691
0,5126953 0,1522064 0,07610321
0,5126953 0,176239 0,08811951
0,6835938 0,1922607 0,09613037
0,5126953 0,194931 0,09746552
2,221679 0,2723694 0,1441956
5,126953 0,3978729 0,2202988
4,956054 0,7209778 0,4058838
4,956055 0,8331299 0,463295
4,272462 1,11618 0,6448746
4,443359 1,335144 0,7476807
5,639648 1,797104 1,037407
7,861326 2,205658 1,379204
7,177734 2,590179 1,602173
6,152343 3,041458 1,883888
11,4502 3,837204 2,41394
9,570313 4,288483 2,726364
8,886719 4,742432 3,212357
10,42481 5,511474 3,887939
12,98828 5,920029 4,58889
12,13379 6,200408 4,714394
11,96289 7,049561 5,229759
14,69727 7,548904 5,819893
20,50781 9,054947 7,120323
19,65332 10,35271 8,020211
19,31152 11,10306 8,693123
19,14063 11,92818 9,183121
23,41308 13,08975 10,32467
24,09668 14,52637 11,58504
21,3623 15,20996 12,40215
22,90039 16,81747 14,10446
23,92578 17,77878 15,17391
23,75489 18,3342 15,62519
24,43847 19,37027 16,57314
24,78027 19,71474 17,206
25,97656 20,91904 18,25943
25,46386 20,33424 17,6733
24,95117 20,24078 18,16063
25,12207 21,30356 18,55183
25,46387 21,3623 19,27948
27,51465 22,118 19,38362
26,14745 21,76819 19,0752
28,71093 22,63069 20,07389
25,97656 22,27554 20,12596
25,97656 22,53189 20,29819
27,17285 22,62001 20,05119
29,90723 22,85767 20,43705
31,10351 22,59064 20,09258
28,88184 23,16742 21,10462
28,36914 23,60001 21,57326
28,71094 23,95782 21,66538
28,54004 23,3036 21,03386
27,68555 23,83766 21,30756
30,93262 24,15543 22,05524
28,88184 24,34502 21,90304
28,54004 24,86572 22,7375
28,71093 25,21286 21,95911
30,59082 24,85771 22,28622
31,27441 24,98589 22,59064
29,90722 25,4158 23,04993
31,44531 25,98724 23,20747
31,27442 25,89912 23,6721
30,93262 25,69084 23,30494
28,71093 25,51727 23,5693
34,17968 26,68953 24,30229
31,958 26,2249 23,50521
31,10351 26,20621 24,04594
31,44531 26,44653 24,18613
36,74316 26,77231 24,30897
31,27441 26,78299 24,27959
34,52148 27,82173 24,60403
35,37598 27,82173 25,28095
35,37598 28,47328 25,46787
36,91407 29,9099 26,30768
36,23047 30,3772 26,92184
39,99023 31,44531 28,18623
38,28125 32,56683 29,57344
38,96484 32,16896 28,95527
40,33204 32,58018 29,54941
37,42675 32,444 29,33044
39,47754 33,09555 30,03006
39,13574 33,39462 29,88186
38,11035 32,87659 30,28908
37,59766 32,75642 29,99668
41,18653 34,14497 30,86319
39,13575 34,29184 31,46534
41,69922 34,11293 31,22101
40,84472 34,77249 31,71902
43,75 34,85794 31,9046
42,55372 35,62965 31,78444
41,01561 35,59494 32,7404
41,87012 35,97145 32,23171
42,8955 36,69777 32,38659
44,0918 37,07428 33,53214
44,43361 37,14371 33,26645
45,45897 38,12904 34,7805
42,72461 37,0182 33,19569
44,94629 37,33063 33,62026
43,9209 37,82463 34,63097
47,68066 38,20381 33,9407
44,94629 38,33733 34,04484
43,75 37,67509 34,37729
45,62989 37,68311 34,39198
46,65527 38,07564 34,57222
44,09179 37,66441 34,18903
42,89552 38,05161 35,37064
43,57911 37,9982 34,27181
46,82617 38,77525 35,31857
44,94629 37,5843 33,5722
44,26269 38,3213 35,10761
45,62988 38,30261 34,97143
45,62988 39,36806 35,43739
47,85156 38,4922 35,04086
46,48438 38,5376 34,92203
45,11718 38,43346 34,91936
45,62989 38,98621 35,37197
45,28807 38,46817 34,58958
44,94629 38,75923 35,04486
48,36425 39,35738 35,76317
45,97168 38,48419 34,65366
44,77539 38,48419 34,19971
45,62989 38,61237 35,48012
48,19335 38,44414 33,66699
48,02246 39,04228 35,06622
47,50976 39,19182 35,62565
47,50977 38,17177 34,37462
47,16797 38,29994 34,8259
46,31347 38,72452 35,60562
46,65526 38,57498 35,25715
47,16797 38,67912 35,35728
46,65527 39,23454 34,58157
47,50977 38,75923 35,46677
44,43359 39,83803 36,13434
45,80078 38,60435 35,11429
44,2627 39,08768 35,80322
46,48438 39,11171 35,96878
46,48437 38,78059 35,26649
49,04785 39,08234 35,87933
47,50977 39,50157 36,80058
43,57911 38,95683 35,06756
46,14258 38,89275 35,76183
48,87695 38,9595 35,52685
44,43359 38,71651 35,53352
48,53516 38,75389 34,61361
45,45899 38,60168 35,55756
46,82615 38,69247 35,18639
45,45897 39,08501 34,86462
46,48437 39,21585 35,95276
45,45898 39,20517 36,09962
45,97168 38,41743 35,36797
52,4658 38,62572 34,92336
48,53515 40,35072 36,46011
45,28807 39,17046 35,32391
46,14258 39,2746 35,68039
46,48438 39,29596 35,58292
47,33886 39,42947 35,40268
45,28807 39,45351 35,9621
46,99707 38,84201 35,92606
44,94629 38,82599 36,11431
45,80078 39,72587 35,72178
48,36425 39,78729 35,96878
48,87695 39,44817 36,42273
46,14257 39,49623 36,12766
49,90233 40,09171 35,89001
49,38966 39,16245 35,43205
48,36424 39,58168 35,7338
47,85155 39,25858 35,82458
48,70605 40,065 35,65102
44,26269 39,0583 36,19308
45,45898 39,14375 35,79521
45,97169 39,37607 35,94742
47,16796 39,42413 35,62832
46,65527 38,88741 35,19707
46,48437 39,75792 36,29723
43,9209 39,22119 35,19039
46,14259 39,27193 34,98878
44,0918 39,35204 36,23047
44,77539 39,60304 36,05556
45,97169 39,57634 36,29189
46,65527 39,3734 35,00881
47,33887 39,99825 36,12766
46,48438 39,81133 36,10497
48,87695 39,66713 36,11565
46,65527 39,20517 36,24916
44,60449 39,06898 36,08894
50,41504 40,11841 36,04488
45,62988 38,8607 35,77251
44,0918 39,73656 35,97679
45,45898 38,29994 35,38265
51,44042 39,55497 35,94207
48,87695 39,85672 36,06091
48,36426 39,81133 35,82726
46,65527 39,29062 36,48415
46,48438 39,41612 36,2278
45,11718 39,53896 36,28654
47,16797 40,5323 36,98082
44,94629 39,34669 35,73513
47,50977 39,67247 36,57227
46,99707 40,10773 36,15303
48,87695 39,88075 36,42673
48,87694 39,82201 35,64301
46,31347 40,63377 37,35867
47,50976 39,94751 36,13167
46,65527 39,30664 35,8633
44,6045 39,38942 35,84328
49,04784 39,73122 36,26652
48,19336 39,45351 36,376
45,97168 39,04762 36,18107
50,24414 40,25459 36,48148
50,07324 39,8407 36,40137
48,70605 39,97688 36,91673
47,50976 39,86206 36,58562
48,02245 40,2359 37,22115
49,90233 40,75127 36,82728
45,28808 40,03563 37,2385
46,48436 39,99557 36,17039
46,99706 39,8941 36,55224
49,90235 40,21187 36,51218
45,80077 39,96353 36,29189
49,38965 40,09972 36,33728
49,73145 40,50026 37,18643
47,68066 39,56566 36,62968
46,82617 40,24124 36,83662
46,31348 40,25192 36,63635
47,50977 40,52162 36,89938
45,80079 39,37073 35,86197
47,16797 39,83002 37,03022
49,56054 39,8407 36,48281
46,14257 39,86473 35,48412
48,70605 40,19852 36,67374
47,33887 41,06369 36,90739
49,38964 40,5056 36,72714
47,50975 40,22522 36,81793
48,53516 40,12642 35,87532
47,33887 39,29863 35,60829
46,14257 40,3614 36,4481
45,97167 40,86609 37,00619
47,85156 40,27061 36,54423
45,9717 40,18517 36,15837
48,53516 40,2092 36,47881
49,38963 40,1825 36,55624
46,82616 40,32402 36,40137
48,02246 40,25993 37,02621
48,19337 41,55235 37,26654
45,80077 40,46288 36,98616
45,97168 39,95018 36,76987
46,48437 39,82201 36,4254
48,53516 39,69116 36,2051
49,21873 40,67116 35,87532
49,21875 40,58838 37,7512
45,28809 39,82468 36,35464
48,87695 40,48691 36,31458
47,85156 40,81802 36,90739
45,80078 39,4001 36,37733
48,53515 40,92751 37,39204
45,11718 39,60838 36,04488
49,04785 39,41078 36,31859
50,24415 40,33737 36,80725
45,80077 39,94217 36,53622
49,21875 41,01563 36,94744
47,50977 40,14778 37,0142
48,70605 39,75525 36,06091
46,48437 39,67247 36,10897
47,16797 39,62173 35,84995
50,24413 40,00626 36,04488
46,99708 39,82201 35,79121
48,36425 40,20386 35,85663
48,02244 39,42413 35,6884
49,21874 39,98222 36,19175
47,33886 40,01961 36,45744
46,14259 39,47754 36,10897
45,28807 39,65111 36,25183
48,02246 40,24658 36,35998
46,65526 40,14511 37,10499
46,65528 40,61241 36,44009
48,02245 39,83536 37,35733
48,02246 39,75258 36,13834
47,68066 40,54031 36,58829
50,07324 40,14244 36,95679
48,87696 39,67514 35,91537
49,04784 40,14244 36,2999
50,07326 41,22391 36,68842
47,16796 40,37476 36,7178
49,21875 40,45486 36,9875
48,70605 40,48424 36,42941
47,85157 40,73524 37,27188
48,87694 40,51094 36,71246
50,41504 40,93552 37,15839
49,73144 40,56968 36,25317
45,45897 40,32402 36,22913
48,36425 40,1638 36,86867
47,68065 41,29066 37,17709
48,87696 40,35072 36,36532
48,02245 40,74059 36,65905
50,07325 40,24124 36,41071
47,50976 40,22255 37,27989
49,56054 41,08772 37,25853
48,02246 40,17181 36,69109
52,6367 41,37344 37,07161
47,50976 40,42015 36,62701
52,29491 41,17851 37,4361
47,33888 40,39612 37,33463
48,87695 41,05034 37,50153
49,04783 40,40413 37,23049
45,28808 39,61906 35,96478
46,31348 40,03029 36,26385
48,53514 41,03164 36,83796
48,19336 40,33737 36,92608
49,90234 40,60974 36,93943
50,24414 40,93552 36,67374
50,07323 40,80467 37,3827
48,36426 40,8474 36,66706
51,44043 40,32669 36,88736
47,50976 40,91415 36,52821
47,85156 41,07437 36,65237
48,36425 41,09039 37,60567
48,02246 40,25192 36,43341
47,33886 40,14244 36,73115
47,68066 40,29732 37,36534
48,02245 40,83938 37,1664
48,02246 39,95285 36,27987
46,99706 39,93149 36,9421
46,48437 40,34271 36,9381
45,97168 40,28664 36,08627
46,14257 40,10239 36,85131
48,53515 41,58707 37,38003
48,70605 40,94353 36,57227
51,44041 40,62843 36,35864
45,28809 40,88745 37,4054
49,38964 41,045 37,00752
48,87694 40,60974 36,34262
46,65527 40,57503 36,10229
48,36425 40,41748 37,06093
46,99709 40,31334 36,76853
47,16797 41,1171 37,25185
49,90233 40,68184 36,72447
48,36426 40,86609 36,83128
47,68066 40,65247 36,73115
46,31348 40,14778 36,70444
48,53517 40,68718 36,94611
51,78223 40,62576 36,83128
48,87694 41,00227 37,52422
49,38966 41,56036 38,15441
50,75682 40,76462 37,25853
46,31347 40,55634 36,87668
46,31348 40,85541 36,95946
46,82616 41,13045 37,56828
47,50977 40,89012 37,11834
49,04786 40,48157 36,96747
46,31348 40,31868 37,04758
47,33887 40,93285 37,09164
49,56054 40,33737 36,46545
47,16797 40,93552 37,42542
48,02246 41,40015 37,90073
46,82616 40,37476 36,99684
49,90234 40,8474 37,37068
48,02247 40,31334 36,29456
47,16796 40,5056 37,32395
45,97167 39,5256 35,92739
46,65528 40,30266 36,27853
47,85155 40,09705 36,4975
48,53514 40,50293 36,50818
47,68066 40,3801 37,0409
48,36426 40,62843 37,23183
47,33886 40,40413 36,64169
50,07324 39,84604 35,57091
48,87695 39,84871 36,36665
46,48438 40,55367 36,19843
47,85155 40,49225 37,11166
46,31347 40,25993 36,87267
48,36425 41,02631 37,47616
50,75683 40,24124 36,61499
46,48437 39,8674 35,7111
47,68066 40,44685 36,31058
52,12402 40,95421 36,81126
48,70605 39,65912 36,71913
45,97169 40,09438 36,58962
46,48438 40,47089 36,2011
49,38964 40,96756 37,1397
49,38965 40,52963 36,29189
46,14258 40,36942 36,43875
46,99706 40,15579 36,62033
49,21875 40,51361 36,83662
48,19336 40,17181 36,28788
49,90235 40,89546 36,78722
48,87696 40,49759 36,50551
48,36426 39,87541 36,71112
50,07325 41,40816 37,27055
48,53515 40,97023 37,04223
49,73145 40,95421 37,13169
50,75684 41,3414 36,79924
48,19336 40,63644 37,21581
50,58593 41,44287 37,56161
48,19336 40,98892 37,24918
49,04785 41,05568 37,52556
50,24414 41,09039 36,79523
46,65526 40,98358 37,47883
51,61133 40,802 37,05292
47,50977 40,68985 37,1851
45,97168 40,39078 36,26785
49,04785 41,48293 37,78591
48,19336 40,42816 37,09164
47,68066 40,85007 37,48817
51,78224 41,99829 38,17978
47,68066 41,27731 37,60834
46,99707 41,5123 37,92477
45,45898 40,11841 35,54955
49,56055 40,61775 37,22782
48,53516 40,81535 36,24783
54,6875 40,68718 36,85665
47,16797 40,67383 37,1397
52,12401 40,56168 37,01954
49,04785 41,00227 36,30257
51,61132 40,86075 37,41207
46,99706 40,78064 37,14504
48,53515 40,05966 36,60431
48,19337 40,68184 36,83529
47,50977 41,34674 37,69779
48,87695 40,86876 37,05692
48,02246 40,3614 35,67238
49,04785 39,78996 35,98881
47,68067 40,98358 37,10632
49,56055 41,44821 37,47482
47,33885 40,56702 36,75652
46,99707 40,44418 36,67507
52,12403 40,7299 36,90338
48,53517 41,09039 37,3867
47,50977 41,00227 37,22248
48,19335 40,61508 37,61768
50,07324 41,73393 37,35733
51,26953 41,16249 37,65507
47,16796 40,66315 37,38136
44,94628 40,59372 36,38401
45,62988 40,06767 36,63101
52,8076 40,9996 37,19978
47,16797 40,91148 36,99951
47,85156 40,24124 37,39471
47,50977 40,85541 36,97548
52,63672 41,80069 37,85
48,53515 40,89546 37,17442
49,73143 40,58571 36,7178
49,56054 41,07971 37,00352
52,9785 40,76729 36,866
45,28809 40,8474 37,24651
48,87694 40,61241 37,19044
48,36426 40,71121 37,05959
46,82618 41,39214 37,44011
48,02247 41,59508 37,86736
49,04785 41,01563 36,84464
47,16797 41,15181 37,54692
48,87696 41,28265 38,06229
46,48437 40,97824 37,01954
51,26954 41,28532 37,78191
48,87695 40,73524 37,46681
49,90233 41,62979 37,72583
52,12401 40,76996 37,53624
48,36424 41,19186 37,46681
49,04784 40,89279 37,44946
49,90234 40,76996 35,72445
48,87695 41,02631 37,99686
49,38964 40,95154 36,56158
52,12403 40,99693 37,66308
52,12402 41,4669 37,33997
46,48438 40,22522 36,16638
47,85155 40,73524 36,52153
50,41504 41,4402 37,25185
47,33886 41,07437 37,32929
48,53515 40,88745 36,99017
49,90234 41,0984 37,07695
48,19335 41,54968 37,35867
46,48437 40,86342 37,68845
48,53517 40,80734 37,36935
48,36424 41,10909 36,97147
46,99708 40,76195 36,8433
48,36424 41,21056 37,68711
46,82617 40,7486 37,26788
49,56055 40,3614 36,81526
48,02246 40,85274 37,61368
50,92772 42,43355 38,5416
46,65526 40,45753 37,28924
50,41504 40,1905 36,73381
48,36426 40,89279 37,82463
46,48438 40,59372 37,16106
47,16796 41,03432 37,66441
51,44041 40,34538 36,5469
52,80761 41,14113 37,117
46,82617 40,95955 37,91542
50,75683 41,46423 37,65774
48,87694 40,42549 36,88202
49,56055 41,8087 37,89673
50,24414 41,96625 37,51755
47,33887 41,10107 37,51087
50,92775 41,25061 37,10632
51,95313 41,07437 37,52022
51,78222 41,65649 37,88471
49,38964 40,91148 37,47883
48,70605 40,89813 36,94477
51,26953 40,92216 37,74452
47,16795 40,95421 37,1851
48,02246 40,0383 36,53755
48,87695 40,90614 37,51755
49,90233 40,73792 37,0369
48,53515 40,73792 36,82594
49,73145 40,27328 36,81927
46,99707 40,30533 37,28523
47,68068 40,74326 37,26788
52,29492 41,45355 37,92477
50,24414 41,06903 36,58962
46,31347 40,05165 35,886
50,41504 41,3868 37,25986
47,33886 41,72592 37,67109
46,65526 41,03966 36,7939
47,85155 41,06369 37,78725
50,92771 41,39481 36,94077
49,73145 40,34004 36,51886
49,90232 41,17317 37,51621
52,97852 41,54167 37,79926
50,58593 41,36276 37,74452
50,07325 40,84473 36,72314
47,85155 41,11443 36,80058
50,07323 41,70723 37,4361
53,66211 41,68854 38,00621
51,26952 41,04767 36,74316
52,12402 41,3147 36,86066
49,73145 40,68985 37,23583
49,04785 40,62843 35,91404
46,99706 40,7299 37,07962
49,56055 41,44821 37,23183
47,50977 41,48026 37,06627
49,21875 42,19589 38,30528
47,50976 40,72189 37,15438
49,04786 40,89279 37,67376
49,56054 40,5323 36,68442
47,16795 40,03563 36,50017
47,50976 41,45088 37,50687
50,07324 41,59775 36,76319
49,04785 41,84608 37,91542
51,26954 41,12511 37,29458
47,50976 40,97824 37,35867
49,38964 40,90347 37,10365
48,70605 41,33072 36,9875
48,02245 41,19987 38,01022
50,07323 40,59906 36,68709
48,36426 41,42151 36,56292
50,41503 41,54968 36,17306
49,56052 40,70587 36,87668
50,58593 40,98091 37,06894
49,04784 41,36543 37,52689
53,4912 41,32805 37,79125
47,68066 40,69519 36,60431
49,73143 40,76729 36,49349
46,48438 41,34674 37,74853
49,04784 41,09573 36,77521
50,92772 41,3681 37,24918
50,24415 41,4669 37,74586
48,02245 40,17181 36,54556
47,50977 41,09039 37,29858
49,38964 40,63911 36,71913
50,92773 41,49094 37,56428
45,45898 40,71922 37,14104
48,36425 41,39214 37,97817
52,46581 41,33339 37,24117
54,51659 40,56702 37,22248
49,56055 41,52031 36,93275
47,50976 40,51895 37,21313
51,61134 40,89279 37,20913
50,58594 41,06369 36,5469
50,58593 41,22391 37,56428
47,33886 40,81802 37,32395
50,24414 40,89012 36,95812
48,36426 41,01563 37,21848
51,44042 41,93153 37,85534
47,85155 40,94086 36,94878
47,16795 40,70053 36,72714
49,21875 41,25862 37,37735
48,70604 40,99426 37,51221
47,33886 40,95421 37,47482
51,78223 40,38544 36,97014
49,73145 40,99426 36,64169
46,31348 40,61241 37,04624
50,24414 41,32004 37,3333
49,90234 40,35339 37,06894
50,58594 40,44151 36,12633
47,33885 40,28931 36,62033
49,38965 40,97023 37,46548
46,99708 40,7299 36,48148
48,02246 40,79132 36,17573
49,21876 41,26396 36,89404
52,12402 41,23993 37,22248
48,02246 40,52429 37,37202
47,85156 41,18919 36,82194
48,36425 40,51895 36,88202
49,90233 40,83672 36,70979
47,16796 40,39345 36,70444
46,48437 40,62309 37,84332
44,26268 40,26527 36,98483
51,26953 41,37344 37,61902
50,07325 40,38277 35,74848
48,70605 40,76462 36,15837
48,87694 39,70184 35,4948
47,50977 41,04233 36,92741
49,73143 40,91682 37,25853
50,92774 41,38947 37,12769
46,48437 40,13443 36,09428
50,92773 40,55099 36,63635
47,50976 40,50026 37,07962
48,19335 40,74059 36,6497
50,24414 41,28265 37,26387
49,21875 40,23323 36,91406
45,62988 40,94353 37,18109
48,87695 40,53497 36,76453
50,24414 40,70854 36,78055
47,50976 41,23726 37,46948
49,56053 41,06102 37,51221
46,82616 40,80467 37,78057
46,14257 41,45889 37,37335
48,70605 40,55099 36,43208
50,58594 41,22658 36,45344
50,41503 41,7099 37,09297
47,50975 40,55099 36,68842
50,92773 41,31737 37,74586
52,12402 41,27998 37,24117
50,07322 41,14647 37,36134
49,56055 41,06903 36,96613
48,70605 41,26129 37,22782
49,38965 40,42549 36,73248
47,16796 40,36674 36,95679
48,02246 40,81001 37,28523
50,24413 40,68184 36,54022
47,50977 41,28265 36,91006
46,99708 40,57503 35,69107
48,02246 40,83138 37,15572
49,04786 41,15715 37,53223
48,36425 41,33873 37,12502
45,97169 40,13176 36,39603
47,85155 41,49361 38,15041
49,56055 40,71655 36,80325
51,78223 40,83137 37,07829
45,28807 40,48691 36,48281
50,07323 41,13045 37,854
50,75684 40,85007 36,98082
48,02247 40,4068 36,27186
48,36426 40,71656 37,2839
46,48436 40,16914 36,53755
49,04784 40,11307 36,55891
49,21876 41,17851 37,94746
47,85155 40,91148 37,45613
47,68066 40,57503 36,27987
47,33886 40,76996 36,38935
50,41504 40,67383 37,25986
49,04786 40,61241 36,83395
46,14259 40,83672 37,25319
49,56056 40,69519 37,44812
48,02246 41,3681 37,80994
50,92772 41,3227 37,75119
48,02245 41,70189 37,07829
49,04785 41,20255 37,0409
48,19336 40,94086 36,92875
48,70605 41,045 37,22382
50,58593 41,39214 37,33063
48,53517 41,59775 37,99019
53,3203 41,40816 37,59365
48,02246 41,64047 37,59232
47,33887 40,48691 37,08897
48,19336 40,8474 36,74183
46,99706 40,52963 37,2612
50,75683 41,03165 37,04624
49,21876 40,81802 37,11166
48,87696 40,7032 37,10098
49,90234 41,3868 37,69112
47,85156 41,24794 37,8727
48,36425 40,94887 37,35065
46,99706 40,33203 37,21313
52,80762 41,09039 37,48417
49,04786 40,63911 36,03687
46,82617 40,68184 36,44543
48,53515 41,06369 36,61633
50,75683 41,37344 37,34932
49,73144 40,60974 36,04488
48,87695 40,56168 37,01553
49,04785 40,27596 36,3533
49,90234 40,7753 37,28924
45,97166 40,73524 37,38403
51,26953 40,77263 36,58962
47,50977 41,20789 37,35466
45,45897 39,94217 36,66039
48,19335 40,7753 37,81662
47,33886 41,14647 37,4588
47,85155 40,82069 37,25452
47,85156 40,81802 37,61768
48,70605 40,87944 36,82327
47,68066 40,54031 36,76453
46,14257 40,59372 36,92875
52,63673 40,7299 37,18109
47,33887 40,67916 37,46948
48,19337 41,68053 38,46283
47,68064 41,17584 36,82995
48,53516 41,15448 37,71515
50,24413 40,27061 36,32259
49,21873 40,39612 36,55357
48,87695 41,43486 38,15975
48,36424 41,10107 37,40139
49,38964 40,76996 37,28924
47,33886 40,72189 37,03423
52,46582 41,34674 37,71248
50,92773 41,55502 37,06226
49,38964 41,31203 36,90605
50,24414 40,10506 35,81524
50,92772 40,95154 37,55493
51,61133 41,79268 38,04359
49,21875 41,61911 37,13036
49,38964 41,03699 37,24117
45,62988 40,47356 37,47215
47,16796 40,99693 36,48014
52,97852 41,24794 37,96482
46,82617 40,83405 36,85932
48,19335 40,69519 37,05292
47,85155 40,68985 37,4855
52,6367 40,51628 36,11565
47,16797 40,40947 36,63368
49,56054 41,25862 37,45213
45,62989 40,6044 36,18374
46,48436 40,91148 36,78322
48,19336 40,82069 37,14371
46,14258 41,82739 38,06229
44,94629 40,46288 36,68976
46,82618 40,55634 36,87134
48,70604 41,88881 37,78458
49,56054 40,85541 37,7058
48,87695 41,0717 36,55224
50,24414 40,62042 37,14637
46,82617 40,83672 36,95145
47,85156 40,83672 37,21046
48,70605 41,17584 37,41074
49,73143 41,16783 37,59899
51,09863 41,18652 36,5696
50,24413 40,74326 36,59096
47,33887 41,00494 37,59899
49,38964 41,539 38,01022
48,19336 40,81802 37,1624
48,36426 40,81802 37,19978
50,75684 40,90347 37,56027
47,50978 40,52162 36,9421
51,61132 41,69388 38,42678
48,02246 41,13312 37,76588
46,14257 40,88211 37,26521
52,80762 41,39214 37,34531
50,41504 40,64445 36,61499
50,24414 40,90881 36,7672
48,02245 41,06369 37,88071
49,56053 41,71524 37,87537
47,50975 40,92751 36,69777
47,50975 40,4335 37,32662
45,80078 40,9996 36,38134
51,61132 40,19852 36,73515
49,21876 41,42418 37,35466
49,38964 41,06102 37,6297
50,75683 42,08374 37,8046
45,62988 40,73792 36,63101
50,75684 40,47089 36,57093
48,19336 41,25328 37,76722
47,85156 41,33072 36,48148
46,99707 41,20789 37,46147
47,33886 41,59508 38,04493
48,87695 40,48157 36,35998
48,53516 41,37077 37,89806
49,56054 40,33203 36,37466
47,85156 40,19585 36,10497
50,58593 41,00494 37,03823
46,99706 40,8741 36,73115
46,82617 41,11176 37,22649
46,48437 39,9395 36,49883
46,48438 40,06767 36,05022
48,02246 41,13846 37,02221
47,16797 40,75127 36,58161
50,24413 41,7099 36,21178
46,82617 40,26794 36,3039
48,87695 40,91415 37,12502
45,28807 39,94751 36,41872
49,38964 41,29868 37,44678
46,31347 40,3347 36,30257
48,70605 41,43219 37,24518
47,68066 41,5123 37,86602
49,04784 40,61508 36,92207
47,68066 41,72058 36,98616
49,04785 40,86876 36,51619
48,87695 41,42418 37,54291
48,87695 41,46957 37,88471
48,02245 41,42685 36,87534
51,44042 41,0984 37,59499
49,21875 40,5323 36,64169
51,44044 42,01431 38,17177
47,50977 41,1171 36,92074
48,36425 41,25328 37,05158
52,12404 41,39481 37,91409
49,38963 40,38277 36,66706
49,21874 40,92216 37,27055
48,53515 41,20789 37,32395
49,21875 41,74995 36,90739
47,85156 40,81268 37,07161
52,46581 41,45622 37,53223
50,58594 40,3347 35,7832
47,85156 40,88211 36,7178
47,50977 41,41617 36,47079
50,24414 40,9729 36,62033
46,82618 40,6498 36,17306
45,62988 40,71121 37,31861
50,75683 40,63377 37,05158
47,85156 40,72456 37,44144
47,50977 41,11977 37,18777
48,36426 41,11176 36,92474
48,36425 40,65514 35,83794
49,21874 41,40015 37,15706
46,82615 40,50293 36,90338
45,80078 40,83939 37,0142
47,33887 39,69116 36,30657
49,04784 40,75928 37,51354
46,65527 41,08505 36,8433
46,48438 39,82735 36,03821
50,24414 40,59639 36,71646
46,65527 39,96887 36,42139
49,56054 41,24794 37,94746
47,33887 40,64445 36,67507
47,85156 40,86075 35,98213
48,36423 41,1705 37,18777
47,16796 40,77797 37,17041
48,53516 41,29066 37,87804
48,36425 40,93819 37,3333
46,99707 41,23192 37,48417
48,70604 40,84206 37,21447
51,61132 41,40815 37,77122
49,73145 41,08772 38,1197
45,97167 40,08636 36,15971
49,21876 41,11977 37,86201
50,07325 41,10374 37,12101
49,56055 40,802 37,62302
51,09863 40,97824 36,96079
48,53515 40,24124 36,83529
47,68066 40,89813 37,59365
52,9785 41,08505 37,04891
49,04785 41,21322 37,77523
47,85156 41,4135 37,84466
48,87693 41,00761 36,99417
48,19336 40,83138 37,42676
51,61132 40,9729 37,44946
51,61132 40,79933 36,68308
55,20019 41,57372 38,03024
46,48439 41,50696 37,26387
48,70605 40,88745 36,7672
48,87696 41,19453 37,65507
48,70605 41,49094 37,00886
52,29492 42,17186 38,54828
48,02246 41,40015 37,26387
48,70605 41,17851 37,32262
48,53515 41,15715 36,90605
47,50976 41,0183 37,14504
52,80763 41,69121 38,00621
47,85155 40,91148 37,1851
52,29492 41,15181 37,43877
51,44042 41,539 37,32529
48,36426 40,88745 37,06627
46,65528 41,30402 37,67109
50,75682 41,00761 37,11433
52,80762 41,62178 37,36534
46,82618 41,03699 36,37333
51,26952 40,2092 35,74715
46,31348 40,46021 36,34796
50,07325 40,78865 36,90338
51,61131 40,15045 37,02621
46,99707 40,71655 35,96478
49,21875 41,19453 37,41875
50,24413 40,58838 36,88602
49,04786 40,66849 36,96346
50,41504 41,06636 36,70979
49,04784 40,49759 36,74316
52,97851 41,77666 38,2225
48,02246 42,11845 38,18245
50,58593 40,94086 37,69245
50,41505 41,15448 37,63237
50,07324 40,91148 36,79256
49,56054 41,26129 36,9875
54,3457 41,8087 38,1237
51,09864 40,96756 37,25052
49,73144 41,52031 37,27188
52,97851 41,97159 37,86201
49,04786 41,1972 36,92207
48,19335 41,12511 37,54158
48,87695 41,45889 37,50954
50,41503 40,6311 37,14371
52,97851 41,83273 37,80193
50,24414 41,47491 37,22782
51,95313 41,72592 37,73651
52,80761 42,60178 37,74586
50,24413 41,79802 37,88471
51,09863 42,66052 38,98754
52,80761 42,96227 38,42545
54,0039 41,21056 36,90739
50,75683 42,25464 38,52959
49,38964 41,32004 37,52823
51,09863 41,48293 37,89406
45,80077 40,89546 37,12234
49,90234 41,42952 36,59496
53,6621 41,33873 36,89804
49,73145 42,03568 37,83398
51,61134 42,39349 37,33864
53,49121 42,11578 38,40008
48,53514 41,92619 38,0516
50,07325 41,70189 37,51888
50,92773 41,27197 37,51354
48,53516 42,00096 37,98351
49,56054 42,00096 37,85
51,78223 42,16652 38,58166
45,80079 40,8741 37,33063
52,80761 41,30135 37,07829
50,07325 41,92085 37,46414
48,19336 41,07704 37,01687
51,26954 42,53769 37,94613
50,24414 41,18919 35,82726
53,32032 42,01431 38,29994
52,63672 41,26396 37,54158
50,58595 41,73393 37,52956
48,70605 42,24129 37,5082
49,04785 41,38947 37,7512
46,65528 41,52031 37,52289
47,85156 40,91949 37,40273
49,56054 41,53366 37,45213
51,44044 41,70723 37,04357
51,26953 42,12646 38,22117
52,6367 41,81671 38,72585
49,90234 41,68053 37,37335
50,92774 41,86477 38,01822
48,70605 41,26129 37,03289
50,92772 41,66183 38,16109
46,31347 41,37344 37,32929
52,97852 41,53099 36,49216
47,85156 41,66718 38,04359
49,73145 42,12112 37,72984
49,04785 41,65115 37,73918
52,12402 42,8875 38,41877
53,3203 42,49229 37,64038
48,19336 41,91818 37,47616
49,04785 41,00227 37,05826
51,61133 41,90483 37,55226
56,22557 42,16919 38,27858
51,09863 42,29736 37,90207
52,29491 42,16652 38,05695
52,80761 41,82472 37,88071
48,36425 41,91017 38,55095
48,53514 41,27998 38,20114
49,73144 41,75797 38,6858
50,92774 41,97426 37,28657
50,75684 42,10243 38,48686
48,70605 41,83807 38,31863
49,56054 42,48428 38,4922
53,6621 41,58973 37,27989
51,09863 41,77131 38,13038
50,58593 42,03835 38,4655
49,90233 41,46156 37,78191
51,2695 41,91017 37,9034
51,78222 41,4402 37,18109
49,21874 41,91017 37,52556
51,95313 41,74194 37,86068
50,07324 41,61911 37,06093
52,6367 42,06505 38,48152
50,75684 42,88216 37,63237
49,38964 42,4202 38,66978
51,09863 41,85143 38,42545
49,38965 41,9529 36,85398
51,95314 42,62314 38,15174
50,92772 42,06505 37,70447
48,53516 41,44287 37,53357
50,41503 41,46957 37,42809
48,36426 41,55235 36,89938
49,21876 41,78467 38,344
50,24414 41,44821 37,29992
51,78223 42,24396 38,17043
54,34569 41,79268 37,79125
50,24412 41,82205 37,39605
48,87694 41,77666 37,58831
48,87695 42,11578 37,10365
50,75684 41,94489 38,41476
48,53515 42,06504 38,00755
47,16797 40,67383 37,13169
48,36425 42,10243 38,2719
51,61132 42,5003 38,18111
48,19336 41,64581 37,28123
49,90232 41,14914 36,69643
47,33885 41,67252 37,50687
48,53516 41,91284 37,26254
53,14941 41,52298 38,47218
49,90234 42,32941 38,95283
49,56055 42,02499 38,31329
51,78222 42,04102 38,99956
52,12402 42,64183 38,08098
46,65527 41,78734 37,41074
48,19335 41,47491 38,19179
51,26952 42,07038 37,82463
50,75684 41,53366 36,83395
49,38964 42,28668 38,43746
50,58593 41,89415 38,46016
50,24413 41,40816 38,03825
47,33887 41,52031 38,2452
50,92773 41,13579 37,81528
51,09864 41,81671 37,51221
46,99706 41,54434 38,47084
51,61132 42,62581 38,64975
49,56054 41,59241 36,15971
50,58594 42,11845 37,77657
48,70605 41,08238 38,07697
50,24413 42,74597 38,46016
50,92773 41,98494 37,94346
48,02246 41,4135 37,32128
53,4912 41,52832 37,07428
52,80761 42,58575 37,82463
51,61132 42,63382 38,46416
51,44043 42,16385 38,55228
51,95313 42,00897 38,41343
52,29492 42,56439 38,80997
54,0039 41,9075 37,71248
52,63672 41,72859 36,98883
51,09863 42,2226 37,75253
49,04786 41,20522 37,31728
51,61132 42,0784 38,25455
50,58593 42,59109 38,5603
50,07325 41,91551 37,19711
50,07324 42,2039 38,2225
50,24411 42,52701 38,08765
53,833 42,0784 38,04493
49,21875 41,99295 37,603
54,3457 43,16254 38,70316
50,92773 41,77399 38,46817
53,3203 41,93687 37,85133
50,58594 41,53099 37,117
49,73145 41,48026 37,46948
49,73144 41,8541 38,25054
52,12403 42,10243 37,67376
52,97852 41,55502 37,05292
49,21875 42,04636 38,26122
53,1494 42,85545 38,61504
53,4912 41,95023 36,86333
50,24414 41,39214 36,77521
52,63671 41,84608 37,35065
53,14942 42,0517 37,83932
49,56054 42,28668 38,58433
51,44041 41,66183 38,18913
49,90234 41,80069 36,78589
51,44043 42,58842 38,85937
51,09864 42,88216 38,67512
52,63672 42,38815 38,48553
52,80761 41,60843 37,70447
48,53516 41,1171 37,37869
51,61132 42,07573 38,15708
51,78221 42,4015 37,23183
51,44043 41,25328 38,1958
48,53516 41,95557 38,13972
50,92772 42,33742 38,33866
50,07323 42,65518 39,08367
50,07322 42,74063 39,03961
52,12403 42,17987 38,10501
