0,8138021 0,3242495 0,2384189
0,6103516 0,2797444 0,2082191
0,6103516 0,3210706 0,2400084
0,6103516 0,2956391 0,2225243
0,6103516 0,301997 0,2129875
0,6103516 0,301997 0,2225243
0,8138021 0,2892812 0,2050402
0,6103516 0,298818 0,2209348
0,6103516 0,3019969 0,2193453
0,6103516 0,2956391 0,2257032
0,8138021 0,2956391 0,2193453
0,4069011 0,3051759 0,2225243
0,6103516 0,2956391 0,2177559
0,6103516 0,2861023 0,2098085
0,6103516 0,2988181 0,2288821
0,6103516 0,2829233 0,2288821
0,4069011 0,2797444 0,2082191
0,6103516 0,2861023 0,2241137
0,6103516 0,2924601 0,2145769
0,6103516 0,2892812 0,2209348
0,6103516 0,2797444 0,2145769
0,6103516 0,2924601 0,2272926
0,6103516 0,2797444 0,2034507
0,8138021 0,301997 0,2225243
0,4069011 0,2861023 0,2225243
0,4069011 0,2861023 0,2193453
0,6103516 0,2861023 0,2193453
0,6103516 0,3337863 0,2447768
0,6103516 0,2956391 0,2241137
0,6103516 0,2797444 0,2098085
0,6103516 0,2924601 0,2288821
0,6103516 0,2924601 0,2209348
0,6103516 0,3210706 0,2415979
0,6103516 0,3401442 0,2543135
0,6103516 0,2988181 0,2288821
0,6103516 0,3178917 0,2415979
0,6103516 0,3051759 0,2209348
0,6103516 0,301997 0,2177559
0,6103516 0,2956391 0,2241137
0,6103516 0,3306074 0,2479557
0,8138021 0,3337863 0,2463663
0,6103516 0,3051759 0,2288821
0,6103516 0,3178917 0,2272927
0,6103516 0,2892812 0,2177559
0,8138021 0,298818 0,2336505
0,8138021 0,3369653 0,2511347
0,8138021 0,3369653 0,2479557
0,6103516 0,2956391 0,2257032
0,8138021 0,3147127 0,2415978
0,6103516 0,3178916 0,2431873
0,6103516 0,3051759 0,2384189
0,6103516 0,3178916 0,2495452
0,6103516 0,2892812 0,2177559
0,6103516 0,2924602 0,2304716
0,6103516 0,3210706 0,2447768
0,6103516 0,3115338 0,2415979
0,6103516 0,3147127 0,2384189
0,6103516 0,298818 0,2257032
0,4069011 0,2606708 0,2129874
0,6103516 0,3083549 0,2415978
0,6103516 0,2797444 0,2161664
0,6103516 0,2861023 0,2161664
0,6103516 0,3019969 0,2241137
0,6103516 0,2956391 0,2304716
0,6103516 0,3274284 0,2431873
0,4069011 0,2765655 0,2209348
0,8138021 0,3210706 0,2400084
0,6103516 0,3051759 0,2288821
0,6103516 0,3019969 0,232061
0,6103516 0,2861023 0,2304716
0,6103516 0,3242495 0,2384189
0,6103516 0,3083548 0,2320611
0,6103516 0,3115338 0,2400084
0,6103516 0,298818 0,2288821
1,017253 0,3178916 0,2400084
0,6103516 0,3147127 0,2384189
0,6103516 0,2924602 0,2225243
0,6103516 0,3051759 0,2400084
0,6103516 0,3274285 0,2447768
0,6103516 0,3178916 0,2495452
0,6103516 0,3178917 0,2447768
0,8138021 0,3337863 0,2511346
0,6103516 0,3083549 0,2415978
0,8138021 0,3178917 0,2400084
0,6103516 0,3210706 0,2400084
0,6103516 0,3306074 0,2511347
0,6103516 0,3178917 0,2479557
0,6103516 0,3337863 0,2463663
0,6103516 0,3147127 0,2400084
0,8138021 0,3528598 0,2559029
1,017253 0,346502 0,2574924
0,8138021 0,3369653 0,2447768
0,6103516 0,3115338 0,2431873
0,6103516 0,3147127 0,23524
0,6103516 0,3274285 0,2479557
0,6103516 0,3210706 0,2511346
0,6103516 0,3242495 0,2463663
0,6103516 0,3369653 0,2479557
0,6103516 0,3242495 0,2463662
0,8138021 0,3465019 0,2559029
0,6103516 0,2956391 0,2209348
0,8138021 0,3178917 0,2463662
0,6103516 0,2988181 0,2257032
0,8138021 0,3337863 0,2543136
0,8138021 0,3306074 0,2495452
0,6103516 0,3051759 0,2288821
0,6103516 0,298818 0,2384189
0,6103516 0,3115338 0,2272927
0,6103516 0,3083549 0,2368295
0,8138021 0,3369653 0,2527241
0,6103516 0,3306074 0,2447768
0,8138021 0,3306074 0,2543136
0,6103516 0,3274285 0,2431873
0,6103516 0,2829233 0,2241137
0,6103516 0,3623965 0,2638502
0,6103516 0,3147127 0,2320611
0,6103516 0,3051759 0,2320611
0,6103516 0,3178917 0,2495452
0,6103516 0,2988181 0,2368294
0,6103516 0,3242495 0,2415979
0,6103516 0,3051759 0,2320611
0,6103516 0,2892812 0,2272926
0,4069011 0,3083549 0,2400084
0,6103516 0,3274285 0,2447768
0,8138021 0,3178917 0,2336506
0,6103516 0,2956391 0,2336505
0,8138021 0,3306074 0,2479557
0,6103516 0,3083549 0,2384189
0,6103516 0,3115338 0,2415979
0,6103516 0,3147127 0,2447768
0,4069011 0,2956391 0,23524
0,6103516 0,3401442 0,2574925
0,6103516 0,3242495 0,2527241
0,6103516 0,3051759 0,2304716
0,6103516 0,3115338 0,23524
0,6103516 0,3147127 0,2384189
0,8138021 0,3306074 0,2431873
0,6103516 0,3465019 0,2638502
0,6103516 0,3242495 0,2431873
0,6103516 0,3369652 0,2527241
0,6103516 0,3147127 0,2431873
0,6103516 0,3560387 0,2574924
0,8138021 0,3560387 0,267029
0,6103516 0,3083549 0,2272927
0,6103516 0,3496808 0,2670291
0,6103516 0,3242495 0,2431873
0,6103516 0,298818 0,232061
0,8138021 0,3019969 0,2304716
0,6103516 0,3083549 0,23524
0,6103516 0,2956391 0,2336505
0,8138021 0,3178916 0,2368295
0,6103516 0,3337863 0,2543136
0,6103516 0,3496808 0,2527241
0,6103516 0,3210706 0,2431873
0,6103516 0,3306074 0,2590819
0,6103516 0,3178917 0,2431873
0,6103516 0,3465019 0,2606713
0,6103516 0,3274285 0,2527241
0,8138021 0,3147127 0,2400084
0,8138021 0,3274285 0,2495452
0,8138021 0,3242495 0,2400084
0,6103516 0,3401442 0,2606713
0,6103516 0,2892812 0,2257032
0,4069011 0,3083549 0,23524
0,8138021 0,3051759 0,2336505
0,6103516 0,3178916 0,2511346
0,6103516 0,3083549 0,2400084
0,6103516 0,3210706 0,2511346
0,8138021 0,2924601 0,2241137
0,6103516 0,3242496 0,2463663
0,6103516 0,3178917 0,2431873
0,8138021 0,3433231 0,2415979
0,6103516 0,3210706 0,2400084
0,6103516 0,3433231 0,2590819
0,6103516 0,3496809 0,2606713
0,8138021 0,3115337 0,2288821
0,4069011 0,3178917 0,2415979
0,6103516 0,3147127 0,2463662
0,6103516 0,3306074 0,2447768
0,6103516 0,301997 0,2368294
0,6103516 0,3337863 0,2511347
0,8138021 0,3528597 0,2511346
0,6103516 0,3019969 0,23524
0,6103516 0,3465019 0,2622607
0,6103516 0,3242495 0,2400084
0,6103516 0,3369653 0,2511347
0,6103516 0,3369653 0,2622608
0,6103516 0,3051759 0,2320611
0,6103516 0,3465019 0,2559029
0,6103516 0,2924601 0,2241137
0,6103516 0,3496808 0,2590818
0,6103516 0,3210706 0,2415979
0,6103516 0,3115338 0,2479557
0,6103516 0,3433231 0,2590819
0,6103516 0,346502 0,2590819
0,6103516 0,3465019 0,2638502
0,8138021 0,3369653 0,255903
0,6103516 0,3051759 0,2415978
0,6103516 0,3433231 0,2654397
0,6103516 0,3242495 0,2447768
0,6103516 0,3083548 0,23524
0,6103516 0,343323 0,2543135
0,8138021 0,3337863 0,2495452
0,6103516 0,2924601 0,2336505
0,6103516 0,3306074 0,2463663
1,017253 0,3051759 0,23524
0,6103516 0,3115337 0,2431873
0,6103516 0,3274285 0,2431873
0,8138021 0,3083548 0,2400084
0,6103516 0,2892812 0,2257032
0,8138021 0,3496809 0,2527241
0,8138021 0,3528597 0,2638502
0,6103516 0,3401442 0,2574925
0,6103516 0,3274285 0,2511346
0,6103516 0,298818 0,2336505
0,6103516 0,3337863 0,2479557
0,6103516 0,3401442 0,2622608
0,6103516 0,3655754 0,267029
0,6103516 0,3242495 0,2511346
0,6103516 0,3210706 0,2479557
0,6103516 0,3274285 0,2431873
1,017253 0,3528598 0,2717974
0,6103516 0,3337863 0,2511347
0,6103516 0,3560387 0,2606713
0,6103516 0,3433231 0,2622608
0,6103516 0,3083549 0,2368295
0,6103516 0,2892812 0,2272926
0,6103516 0,343323 0,2590818
0,6103516 0,3147127 0,2336506
0,8138021 0,3337863 0,2590819
0,8138021 0,301997 0,2415978
0,6103516 0,3465019 0,2654396
0,8138021 0,3274284 0,2511346
0,8138021 0,3496808 0,2638502
0,8138021 0,3401442 0,2574924
0,8138021 0,3496809 0,2654396
0,8138021 0,3687542 0,2797446
0,8138021 0,3051759 0,23524
0,6103516 0,3496809 0,2654396
0,8138021 0,3147127 0,2527241
0,6103516 0,3369652 0,2495452
0,6103516 0,3306074 0,2622608
0,8138021 0,3178917 0,2431873
0,8138021 0,378291 0,2781551
0,6103516 0,3369653 0,2622608
0,6103516 0,3306074 0,255903
0,6103516 0,3337863 0,2463663
0,6103516 0,3560386 0,267029
0,6103516 0,3592175 0,2702079
0,6103516 0,3306074 0,2527241
0,6103516 0,3210706 0,2463663
0,6103516 0,3433231 0,2590819
0,6103516 0,3178917 0,2415979
0,6103516 0,3210706 0,2495452
0,8138021 0,3560387 0,2606713
0,6103516 0,3242495 0,2527241
0,8138021 0,3655754 0,2622607
0,8138021 0,3337863 0,2527241
0,6103516 0,3274285 0,2463663
0,8138021 0,3337863 0,2543136
0,6103516 0,3369653 0,2574925
0,6103516 0,3147127 0,2447768
0,8138021 0,3433231 0,2622608
0,8138021 0,3274285 0,2574924
0,8138021 0,3465019 0,2543135
0,8138021 0,3306074 0,2511346
0,6103516 0,3369653 0,2590819
0,6103516 0,3465019 0,2638502
0,6103516 0,3465019 0,2590818
0,6103516 0,3560387 0,2638502
0,6103516 0,3115338 0,2400084
0,6103516 0,378291 0,2765656
0,6103516 0,343323 0,2622607
0,6103516 0,3178917 0,2543135
0,6103516 0,3115338 0,2257032
0,6103516 0,3401442 0,2543135
0,8138021 0,3306074 0,2574924
0,6103516 0,3560386 0,267029
0,8138021 0,3115338 0,2415978
0,6103516 0,3178917 0,2447768
0,6103516 0,3560386 0,2702079
0,6103516 0,3083548 0,2431873
0,8138021 0,346502 0,2495452
0,6103516 0,3465019 0,2543135
0,6103516 0,2924601 0,2336505
0,6103516 0,3528597 0,2622607
0,6103516 0,3687542 0,2702079
0,6103516 0,3496809 0,2622607
0,8138021 0,3242495 0,2463663
0,6103516 0,3337863 0,2543135
0,6103516 0,3465019 0,2574924
0,6103516 0,3592176 0,2733868
0,6103516 0,3433231 0,255903
0,8138021 0,3528598 0,2622607
0,6103516 0,3401442 0,2654397
0,6103516 0,3528597 0,2638502
0,6103516 0,3465019 0,270208
0,6103516 0,3433231 0,2670291
0,6103516 0,3592175 0,2749763
0,8138021 0,3401442 0,255903
0,6103516 0,3242495 0,2463663
0,6103516 0,3274285 0,2511347
0,6103516 0,3147127 0,2479557
0,6103516 0,3528597 0,2717974
0,6103516 0,3433231 0,2670291
0,6103516 0,3242495 0,2495452
0,8138021 0,3528598 0,2654396
0,8138021 0,4005432 0,2908706
0,8138021 0,346502 0,2717974
0,6103516 0,3306074 0,2590819
0,6103516 0,3560386 0,2654396
0,8138021 0,378291 0,2797445
0,8138021 0,3369653 0,2574925
0,8138021 0,3623964 0,2733868
0,6103516 0,3528598 0,2543135
0,6103516 0,3401442 0,2654397
0,6103516 0,3496808 0,2717974
0,6103516 0,3560386 0,2686185
0,8138021 0,3814698 0,2829234
0,8138021 0,3687542 0,2749762
0,6103516 0,3814698 0,2861023
0,8138021 0,3623964 0,2749763
0,8138021 0,3687542 0,2733868
0,8138021 0,3751121 0,281334
0,8138021 0,3655754 0,2781551
0,8138021 0,3910065 0,2876917
0,8138021 0,378291 0,2829234
0,8138021 0,3719331 0,2749762
0,6103516 0,4100799 0,2956389
0,6103516 0,3846487 0,2876917
0,6103516 0,3782909 0,2845129
0,8138021 0,375112 0,2797445
0,8138021 0,3687542 0,2749762
0,6103516 0,3592175 0,2749763
0,6103516 0,3655753 0,2781551
0,8138021 0,3878276 0,2908706
0,8138021 0,375112 0,2765656
0,8138021 0,346502 0,2670291
0,6103516 0,3528597 0,2686185
1,017253 0,4005433 0,2813339
0,8138021 0,3337863 0,2574925
0,6103516 0,3846487 0,2876917
0,8138021 0,3878277 0,2861023
0,8138021 0,4005432 0,29246
0,6103516 0,3623964 0,2717974
0,6103516 0,343323 0,2590818
0,8138021 0,3719332 0,2797446
0,6103516 0,3465019 0,2654396
0,6103516 0,3655753 0,2765657
0,6103516 0,4005432 0,29246
1,017253 0,3910065 0,2924601
0,6103516 0,3465019 0,2654396
0,6103516 0,3528597 0,2622607
0,6103516 0,3560386 0,2765657
0,8138021 0,3973643 0,2972284
0,6103516 0,3655754 0,2717974
0,8138021 0,3878277 0,2908707
0,6103516 0,346502 0,270208
0,6103516 0,3910065 0,2813339
0,6103516 0,3814698 0,2829234
0,8138021 0,3910065 0,2876917
0,6103516 0,3814698 0,2876917
0,6103516 0,375112 0,2781551
0,6103516 0,3814698 0,2829234
0,8138021 0,3496809 0,2622607
0,8138021 0,3846488 0,2829234
0,6103516 0,3655753 0,2765657
0,6103516 0,3401442 0,2606713
0,6103516 0,4005433 0,2988178
0,8138021 0,4196166 0,3019966
0,6103516 0,3433231 0,2686186
0,8138021 0,4291534 0,3147122
0,6103516 0,4005432 0,29246
1,017253 0,4259744 0,3083544
0,6103516 0,3941854 0,2940495
0,8138021 0,3846487 0,281334
0,8138021 0,3973644 0,2924601
0,6103516 0,406901 0,2940494
0,8138021 0,4164377 0,306765
1,017253 0,4704791 0,3385537
0,8138021 0,4514056 0,3321959
0,8138021 0,4355111 0,3147121
0,8138021 0,4545845 0,3290171
0,6103516 0,4418689 0,3210699
0,8138021 0,4450478 0,3274276
0,6103516 0,4577634 0,3496801
1,220703 0,4959103 0,3782904
0,8138021 0,4863735 0,370343
0,8138021 0,470479 0,3608063
0,8138021 0,4577634 0,3433221
1,017253 0,4895525 0,370343
1,017253 0,473658 0,3639852
1,017253 0,4863736 0,3719325
1,017253 0,4895525 0,373522
0,8138021 0,4863735 0,3608061
1,017253 0,4927314 0,3830588
1,017253 0,4800158 0,373522
1,220703 0,473658 0,3592167
0,8138021 0,4609423 0,3608063
0,8138021 0,5022681 0,3894167
0,8138021 0,4673001 0,3703431
0,8138021 0,4768369 0,3719325
1,017253 0,4704791 0,3687536
0,8138021 0,4736579 0,3592167
1,220703 0,4831947 0,3719325
0,8138021 0,4545845 0,3671643
1,017253 0,4990892 0,3814693
1,017253 0,4800158 0,370343
0,8138021 0,4863735 0,3719325
0,8138021 0,4990892 0,3973641
0,8138021 0,508626 0,4021325
1,017253 0,5372364 0,4069008
1,220703 0,4927314 0,3989536
0,8138021 0,4990892 0,400543
1,220703 0,5245206 0,4116693
0,8138021 0,508626 0,3925956
1,017253 0,4990892 0,4180273
0,8138021 0,4959103 0,400543
1,017253 0,5022681 0,403722
1,017253 0,5658469 0,4450482
1,017253 0,5785626 0,454585
0,8138021 0,5435943 0,427564
1,017253 0,5626678 0,4529955
1,220703 0,5976362 0,4498165
0,8138021 0,5626679 0,4466377
1,017253 0,5785626 0,457764
0,8138021 0,559489 0,4450482
1,017253 0,5912783 0,454585
1,220703 0,638962 0,5070375
1,017253 0,6262465 0,4863743
1,017253 0,6135308 0,4911428
1,017253 0,6516775 0,5118059
1,627604 0,705719 0,5467736
0,8138021 0,6739298 0,5388263
1,424154 0,6866455 0,5356476
1,424154 0,7375082 0,5785624
1,220703 0,7152558 0,5674363
2,034505 0,8074444 0,627835
1,627604 0,84877 0,6707503
1,831055 0,9123479 0,7279708
1,424154 0,8869166 0,6993605
1,627604 1,020431 0,8042651
1,831055 1,026789 0,8249283
2,441406 1,169841 0,9314228
1,831055 1,236597 0,9743377
3,051758 1,430511 1,093547
2,848307 1,513163 1,19527
2,848307 1,592637 1,298588
3,051758 1,735688 1,384418
3,051758 1,84377 1,478195
2,644857 1,843769 1,502036
3,66211 1,980463 1,573562
3,255208 1,99 1,629193
3,051758 2,015431 1,621246
3,051758 2,063116 1,672109
4,069011 2,323786 1,807213
4,475912 2,377828 1,894633
4,882813 2,320608 1,854897
4,272461 2,587637 2,059936
4,475912 2,794266 2,13623
4,272461 3,026326 2,392133
7,527668 3,353755 2,724329
7,934568 3,54131 2,819696
9,562171 3,856024 2,997717
21,15886 4,901886 3,6033
19,73471 6,071727 4,382133
25,22786 7,705687 5,21183
24,00716 9,524027 6,634394
38,65554 13,20521 9,001097
39,6728 17,74152 13,00176
50,65921 21,69609 15,73562
60,42491 24,12477 17,5476
52,69373 28,39405 20,52307
67,95264 31,4776 23,60503
60,83181 33,97303 25,63158
59,20419 40,47073 31,02301
81,17694 42,46394 31,8575
65,71466 46,97482 36,7403
88,09415 51,08518 39,73324
87,07692 52,75412 42,02207
91,14587 55,01117 44,08043
83,00797 58,12972 49,07135
87,07692 56,35268 47,95712
83,61832 58,09475 49,47033
109,4561 59,79863 50,97551
91,95966 57,76733 49,69921
90,53552 60,50437 51,36176
104,1665 61,45806 52,33134
74,87 59,42355 53,08952
83,00797 62,08115 54,51844
83,21142 63,12701 54,11154
94,40102 62,98076 54,03366
100,0976 63,96622 55,20985
79,75282 63,5784 54,75684
103,1493 66,10883 57,09973
95,01137 65,75915 57,79591
91,95966 65,48576 57,40649
88,90794 66,90356 58,00412
104,5734 66,25189 56,88515
87,89071 66,63655 57,71008
115,5596 69,2051 60,87788
97,24929 68,2737 58,90377
103,3527 70,66108 61,11156
101,3182 72,75279 63,99801
96,63895 73,28686 65,76871
110,4734 73,60474 66,00394
100,0976 74,36451 65,63995
107,4217 74,99393 66,91788
113,932 77,86449 67,95104
98,67342 75,21646 66,97829
104,7768 75,93489 65,92765
130,2078 78,15058 67,80479
120,2388 77,39085 68,70285
127,7664 76,37676 67,97964
118,8147 79,16148 69,00957
99,28377 76,84725 67,88906
110,2699 79,26321 70,77072
110,0665 78,9771 69,35928
116,9837 79,79727 70,77073
97,24929 78,3 70,78027
113,932 76,44987 67,7905
114,1354 79,77502 69,71214
123,6975 78,88175 70,03004
100,7079 79,86722 70,95989
108,8458 82,00341 70,08406
128,5802 81,66327 71,41286
112,7113 83,50384 72,89104
128,7836 82,83945 74,33904
102,132 81,32951 70,74847
123,9009 85,50653 74,1451
115,3561 85,59237 76,52609
106,8113 84,87395 75,56928
121,0526 87,38844 78,16485
121,4595 91,49236 81,45978
121,8664 86,42205 77,69756
110,8803 88,96198 77,29221
126,5457 92,51279 82,17824
122,0699 93,40606 83,57854
125,325 97,01089 85,04556
130,2078 96,61037 83,3862
130,2078 96,75658 85,23631
130,2078 97,68798 85,83078
130,2078 96,63261 86,87347
126,7492 97,2779 87,48382
123,0871 94,03548 84,26522
124,3078 94,70938 85,12031
125,5285 95,3261 85,01701
130,2078 99,58894 87,66179
130,2078 97,40823 84,74677
125,7319 95,51365 85,64483
130,2078 98,53673 87,52036
125,5285 100,9018 88,29602
130,2078 100,0117 88,70292
130,2078 99,19794 87,20087
130,2078 100,4695 88,67905
130,2078 96,51495 85,48746
123,6975 101,226 90,33524
130,2078 102,1384 88,92066
130,2078 100,7588 86,97195
127,1561 98,81646 86,95452
130,2078 103,2287 89,93787
130,2078 99,55078 87,37253
130,2078 104,6846 92,0391
127,9698 102,9045 90,93922
130,2078 101,6679 90,59907
130,2078 105,8672 92,21716
125,5285 104,8786 90,98055
130,2078 103,8454 91,29844
130,2078 102,8695 91,73873
130,2078 104,6243 90,32567
130,2078 106,4235 92,38242
130,2078 113,7222 97,47176
130,2078 113,6872 99,42678
