0,6103516 0,2606708 0,2034507
0,6103516 0,2829233 0,2129875
0,6103516 0,2733865 0,2082191
0,6103516 0,2829233 0,2161664
0,6103516 0,2956391 0,2209348
0,6103516 0,2924601 0,2177559
0,6103516 0,298818 0,2288821
0,6103516 0,2765655 0,2050401
0,6103516 0,3051759 0,2177559
0,6103516 0,2924601 0,2209348
0,6103516 0,3178916 0,2288821
0,6103516 0,3210706 0,2336506
0,6103516 0,3019969 0,2272927
0,8138021 0,3083548 0,2288821
0,6103516 0,3147127 0,2320611
0,6103516 0,2924601 0,2145769
0,6103516 0,301997 0,2241137
0,6103516 0,2988181 0,2257032
0,6103516 0,2956391 0,2225243
0,6103516 0,2956391 0,2145769
1,017253 0,346502 0,2495452
0,6103516 0,2765655 0,2193453
0,6103516 0,301997 0,2368294
0,6103516 0,2988181 0,2225243
0,6103516 0,2861023 0,2161664
1,017253 0,3019969 0,2193453
0,6103516 0,2861023 0,2098086
0,8138021 0,2924601 0,2098086
0,6103516 0,2924601 0,2225243
0,6103516 0,2924601 0,2177559
0,8138021 0,3178917 0,2384189
0,6103516 0,2733865 0,2018612
0,6103516 0,2988181 0,2225243
0,8138021 0,3210706 0,2463662
0,6103516 0,2924602 0,2336505
0,8138021 0,3242495 0,2336506
0,4069011 0,3083549 0,2415978
0,6103516 0,3592175 0,2654396
0,8138021 0,298818 0,214577
0,6103516 0,2892812 0,211398
0,8138021 0,3242495 0,2431873
0,6103516 0,2861023 0,2288821
0,6103516 0,3274285 0,2479557
0,6103516 0,3115338 0,2304716
0,6103516 0,3083548 0,2304716
0,6103516 0,2892812 0,2145769
0,8138021 0,3115338 0,2431873
0,6103516 0,3051759 0,2304716
0,6103516 0,2956391 0,2288821
0,6103516 0,3051759 0,23524
0,6103516 0,3083548 0,2288821
0,6103516 0,3083548 0,23524
0,6103516 0,3019969 0,2384189
0,6103516 0,3337863 0,238419
0,6103516 0,3178917 0,2447768
0,8138021 0,3147127 0,2431873
0,6103516 0,3178917 0,2368295
0,6103516 0,3210706 0,2431873
0,6103516 0,2733865 0,2193453
0,6103516 0,2861023 0,2177559
0,8138021 0,3465019 0,2590818
0,6103516 0,2956391 0,2177559
0,6103516 0,2892812 0,2241137
0,6103516 0,3115338 0,2272927
0,6103516 0,2988181 0,2225243
0,8138021 0,3147127 0,2384189
0,6103516 0,3115338 0,2384189
0,6103516 0,3178917 0,2479557
0,6103516 0,3274285 0,2368295
0,6103516 0,2765655 0,2193453
0,6103516 0,2924602 0,2272927
0,6103516 0,3369653 0,2527241
0,6103516 0,3115338 0,2368295
0,6103516 0,3369652 0,2543135
0,6103516 0,3210706 0,2479557
0,6103516 0,3051759 0,2400084
0,6103516 0,3083549 0,2384189
0,6103516 0,301997 0,2384189
0,6103516 0,3115338 0,2304716
0,6103516 0,3274285 0,2479557
0,6103516 0,3147127 0,2384189
0,8138021 0,3655754 0,2622607
0,6103516 0,2924601 0,232061
0,6103516 0,3242495 0,2400084
0,6103516 0,301997 0,2320611
0,6103516 0,2988181 0,2304716
0,6103516 0,2861023 0,2193453
0,6103516 0,301997 0,2336505
0,6103516 0,3083549 0,2368295
0,6103516 0,2988181 0,2336505
0,6103516 0,3083549 0,2368295
0,6103516 0,2765655 0,2177558
0,8138021 0,3210706 0,2415979
0,6103516 0,3147127 0,2479557
0,6103516 0,3147127 0,23524
0,6103516 0,3083548 0,2384189
0,6103516 0,298818 0,23524
0,6103516 0,3337863 0,2447768
0,6103516 0,3210706 0,2400084
1,017253 0,3655754 0,267029
0,6103516 0,3433231 0,2431873
0,8138021 0,3496808 0,2606713
0,8138021 0,3115338 0,2495452
0,8138021 0,3528598 0,2654396
0,8138021 0,3401442 0,2590819
0,6103516 0,3878276 0,2876917
0,6103516 0,3115338 0,2368295
0,6103516 0,3496808 0,2606713
0,8138021 0,3369653 0,2606713
0,6103516 0,3337863 0,2527241
0,6103516 0,3655754 0,2733868
0,8138021 0,3242495 0,2479557
0,8138021 0,3719331 0,2765656
0,6103516 0,3401441 0,255903
0,6103516 0,3401442 0,2638502
0,6103516 0,3592176 0,2686185
0,8138021 0,346502 0,255903
0,6103516 0,3274285 0,2543136
0,6103516 0,3337863 0,2511347
0,8138021 0,3369652 0,2543135
0,8138021 0,3369653 0,2606713
0,6103516 0,3465019 0,2622607
0,8138021 0,3655754 0,2733868
0,6103516 0,3337863 0,255903
0,8138021 0,3401442 0,2622608
1,017253 0,3719332 0,2765657
0,6103516 0,3560386 0,2686185
0,6103516 0,3465019 0,2654396
0,8138021 0,3560387 0,2606713
0,6103516 0,3528598 0,2670291
0,6103516 0,3401441 0,2606713
0,6103516 0,3242495 0,2511346
0,6103516 0,3369653 0,2527241
0,6103516 0,3337863 0,2527241
0,6103516 0,3465019 0,2654396
0,6103516 0,3369653 0,2606713
0,8138021 0,3560387 0,267029
0,8138021 0,3592176 0,270208
0,8138021 0,3465019 0,2670291
0,6103516 0,3465019 0,2654396
0,6103516 0,346502 0,2654397
0,6103516 0,3814698 0,281334
0,6103516 0,2924601 0,2368294
0,8138021 0,3592176 0,2733868
1,017253 0,3973644 0,2829234
0,6103516 0,3306074 0,2606713
0,6103516 0,3655753 0,2733868
0,6103516 0,3369653 0,2638502
0,8138021 0,3941855 0,2956389
0,6103516 0,3337863 0,255903
0,8138021 0,346502 0,2686186
0,6103516 0,3719331 0,2749762
0,8138021 0,3496809 0,2686185
1,017253 0,3528598 0,2670291
1,017253 0,3401442 0,2606713
0,8138021 0,4005432 0,2940495
0,6103516 0,3687542 0,2686184
0,6103516 0,3941855 0,2892812
0,6103516 0,3687542 0,2797446
0,8138021 0,3719331 0,2733868
0,8138021 0,3687542 0,2797446
0,8138021 0,3592175 0,2733868
0,8138021 0,3433231 0,2670291
0,8138021 0,3592175 0,2702079
0,8138021 0,3528597 0,2702079
0,6103516 0,3655753 0,2702079
0,6103516 0,3306074 0,2543136
1,017253 0,3401441 0,2638502
0,8138021 0,3592176 0,2717974
0,6103516 0,3496808 0,2717974
0,8138021 0,375112 0,2861023
0,6103516 0,3496808 0,270208
0,6103516 0,3528597 0,2717974
0,8138021 0,3623964 0,2733868
0,8138021 0,378291 0,2702079
0,8138021 0,3878277 0,281334
0,6103516 0,3306074 0,2590819
0,8138021 0,3814699 0,2861023
0,8138021 0,3528598 0,2733869
0,6103516 0,3655753 0,2749762
0,6103516 0,4037221 0,2956389
0,6103516 0,3655753 0,2733868
0,6103516 0,3401441 0,2574924
0,6103516 0,375112 0,2861023
0,6103516 0,3973643 0,29246
0,6103516 0,3369653 0,2574925
0,6103516 0,375112 0,2797445
0,6103516 0,378291 0,2797446
0,6103516 0,3655753 0,2781551
0,6103516 0,3496808 0,2654396
0,6103516 0,3560387 0,2702079
0,8138021 0,3910065 0,2908706
0,6103516 0,3910065 0,2892812
0,8138021 0,3878276 0,2876917
0,8138021 0,4259745 0,3083544
0,6103516 0,3496808 0,2733868
0,6103516 0,3369653 0,2590819
0,6103516 0,3528598 0,2686185
0,8138021 0,3878277 0,2908706
0,8138021 0,3941854 0,2876917
0,6103516 0,3719331 0,2749762
0,6103516 0,3814698 0,2797445
0,6103516 0,3083548 0,2527241
0,6103516 0,3941854 0,2908706
0,6103516 0,4005432 0,2988178
0,6103516 0,3941854 0,2924601
0,6103516 0,3878276 0,2845128
1,017253 0,3910066 0,2924601
0,6103516 0,3910065 0,2908706
0,6103516 0,3973643 0,2956389
0,6103516 0,3910065 0,2892811
0,6103516 0,406901 0,2940494
0,6103516 0,3941854 0,2940495
0,8138021 0,4259744 0,3115333
0,6103516 0,3719332 0,281334
0,6103516 0,4005432 0,2988178
0,6103516 0,3973643 0,2892811
0,8138021 0,3814698 0,2797445
0,6103516 0,3973643 0,2972284
0,8138021 0,4259744 0,3067649
0,8138021 0,4005432 0,2940495
0,8138021 0,3655753 0,2749763
0,8138021 0,3846487 0,2845128
0,8138021 0,4164377 0,3019966
0,8138021 0,4037221 0,3004072
0,6103516 0,3910065 0,2861023
0,8138021 0,3655754 0,2765657
0,6103516 0,4037221 0,3004072
0,8138021 0,4037221 0,2988178
1,017253 0,4196167 0,306765
0,8138021 0,43869 0,3210699
0,6103516 0,406901 0,3035861
0,6103516 0,4227955 0,3083544
0,8138021 0,4355111 0,3131227
0,8138021 0,4450478 0,317891
0,8138021 0,4323322 0,317891
0,8138021 0,441869 0,317891
0,8138021 0,4291534 0,3147122
0,8138021 0,4164378 0,2988178
0,8138021 0,4609423 0,3306065
1,017253 0,4227955 0,306765
0,8138021 0,4037222 0,2988178
0,6103516 0,4069009 0,3035861
0,8138021 0,441869 0,3210699
0,8138021 0,3846487 0,2876917
0,6103516 0,4005432 0,3004073
1,017253 0,3941855 0,2956389
0,8138021 0,4323322 0,3147122
0,6103516 0,4291533 0,3131227
0,8138021 0,4069009 0,2988178
0,6103516 0,4355111 0,317891
0,8138021 0,43869 0,3163016
0,6103516 0,4355111 0,3274276
0,6103516 0,4291533 0,3115332
0,6103516 0,4291533 0,3131227
0,6103516 0,4323322 0,317891
1,017253 0,4641213 0,3274276
1,220703 0,43869 0,3274276
0,8138021 0,4132588 0,3035861
1,220703 0,4609424 0,3480906
0,8138021 0,4482267 0,3274276
0,8138021 0,4450478 0,3321959
0,6103516 0,4291532 0,3194804
0,8138021 0,4132589 0,3051756
0,8138021 0,4800158 0,3592167
0,8138021 0,4418689 0,3321959
0,8138021 0,4609423 0,3337854
1,017253 0,4895525 0,3592167
0,8138021 0,473658 0,3480905
0,8138021 0,4609423 0,3306065
0,8138021 0,4768369 0,3576273
0,8138021 0,508626 0,3878272
1,017253 0,5181627 0,3814692
0,8138021 0,5022681 0,3798798
0,8138021 0,4863736 0,3782904
0,8138021 0,4768369 0,3782904
0,8138021 0,5118049 0,4100798
1,017253 0,5245207 0,4100798
1,017253 0,5149838 0,4116693
0,8138021 0,5372364 0,4339219
1,017253 0,5785625 0,4434586
1,220703 0,603994 0,4768376
1,220703 0,6326041 0,4895532
1,424154 0,7120769 0,5388267
1,831055 0,7597607 0,5753837
1,424154 0,7247925 0,5706152
1,627604 0,8138021 0,6421402
1,220703 0,7692975 0,6024041
1,831055 0,8932745 0,7057184
1,831055 0,940958 0,7295601
2,441406 1,134873 0,8455912
4,272461 1,475015 1,061758
3,458659 1,602173 1,188913
4,475912 1,958211 1,446407
6,306965 2,298356 1,686414
10,98633 3,147124 2,276102
15,6657 3,833771 2,756119
16,4795 4,434584 3,164609
20,75196 5,677541 4,115105
17,70021 7,317861 5,044937
34,58655 9,330115 6,392797
38,85899 13,36415 8,877118
55,3386 19,08938 12,69976
75,2769 24,25829 17,03421
69,7837 30,18696 20,71539
118,2044 45,49345 30,7099
83,41486 55,58975 39,28188
85,85623 65,53345 49,39882
107,2182 74,18968 61,29116
130,2078 81,42166 70,05068
130,2078 79,89578 70,24302
111,2872 78,9771 70,16357
128,3767 80,11833 71,36517
117,7975 81,12921 71,64648
121,2561 84,79765 74,33742
122,8837 87,91292 77,31603
122,8837 87,96698 79,2536
117,3906 89,04779 80,64118
114,1354 87,19768 79,20276
122,8837 88,69176 79,225
121,663 92,06136 81,29447
123,494 90,39565 79,38869
122,0699 94,30882 83,41955
129,5974 94,40103 84,29697
126,9526 95,14171 83,97908
129,5974 95,3515 83,83125
130,2078 97,37648 86,9482
122,0699 97,44319 85,92296
130,2078 106,0706 90,88676
130,2078 102,5326 89,37521
130,2078 110,2318 95,57875
130,2078 108,0574 94,1546
130,2078 113,9447 98,43655
130,2078 113,1532 98,15044
130,2078 114,0814 98,55734
130,2078 115,5818 100,5171
130,2078 115,7185 102,1416
130,2078 112,3648 98,68771
130,2078 116,9296 101,4692
130,2078 118,9133 104,1284
130,2078 114,8507 100,2422
130,2078 113,9098 99,34415
130,2078 113,6618 99,05961
130,2078 115,8075 100,8589
130,2078 116,4592 101,4883
129,5974 116,4878 100,8064
130,2078 115,07 99,9068
130,2078 114,625 100,382
130,2078 117,7244 102,6168
130,2078 119,05 103,7977
130,2078 114,5296 98,51441
130,2078 118,2775 103,1652
129,5974 115,9283 101,4946
130,2078 119,4664 103,1826
130,2078 118,0931 101,4295
130,2078 118,7607 104,149
130,2078 118,0518 102,6231
130,2078 120,3438 106,9909
130,2078 120,9318 106,4648
130,2078 121,0368 106,6508
130,2078 118,7035 102,4499
130,2078 121,5644 106,7747
130,2078 121,6757 106,9353
130,2078 122,3719 107,2674
130,2078 121,0654 106,3901
130,2078 119,6603 105,1552
130,2078 120,3342 104,9851
130,2078 121,0082 106,1899
130,2078 122,7057 108,0289
130,2078 122,7883 107,4932
130,2078 120,6585 103,9535
130,2078 122,0603 105,4905
130,2078 121,3737 105,8656
130,2078 121,7011 107,8397
130,2078 122,8932 108,2148
130,2078 122,5213 107,6871
130,2078 121,4278 107,4296
130,2078 121,6662 107,2802
130,2078 121,3769 105,802
130,2078 122,8392 105,7241
130,2078 123,0649 106,0055
130,2078 121,1194 105,7766
130,2078 120,4042 104,327
130,2078 123,9804 109,143
130,2078 124,3555 107,7809
130,2078 120,7316 103,1842
130,2078 120,7824 105,0565
130,2078 123,4686 107,6664
130,2078 122,8837 107,8937
130,2078 123,6116 108,725
130,2078 121,2497 105,5938
130,2078 122,6675 105,4587
130,2078 124,2442 108,6932
130,2078 123,8246 108,0113
130,2078 124,7465 109,7025
130,2078 123,1825 105,7877
130,2078 122,8265 103,9566
130,2078 123,2715 106,8828
130,2078 124,0535 110,2667
130,2078 125,4077 110,3383
130,2078 121,7933 103,0491
130,2078 124,2633 110,6704
130,2078 124,2697 106,2963
130,2078 120,1212 104,6338
130,2078 122,0286 106,557
