0,4069011 0,2765655 0,2098085
0,8138021 0,298818 0,2225243
0,4069011 0,2861023 0,2193453
0,8138021 0,3019969 0,2209348
0,6103516 0,3083548 0,2288821
0,6103516 0,3083549 0,2320611
0,6103516 0,2924601 0,2272926
0,6103516 0,2924602 0,2161664
0,6103516 0,3147127 0,23524
0,6103516 0,2797444 0,2288821
0,6103516 0,2956391 0,2304716
0,8138021 0,3051759 0,2225243
0,8138021 0,2733865 0,2066296
0,6103516 0,298818 0,2257032
0,6103516 0,2956391 0,2225243
0,6103516 0,2797444 0,2209348
0,6103516 0,2956391 0,211398
0,8138021 0,3210706 0,2368295
0,6103516 0,2702076 0,2034507
0,6103516 0,2797444 0,2066296
0,6103516 0,2797444 0,2098085
0,6103516 0,2733865 0,2098085
0,4069011 0,2702076 0,2209347
0,6103516 0,298818 0,2209348
0,6103516 0,2638497 0,2050401
0,6103516 0,2638497 0,2145769
0,6103516 0,2892812 0,2082191
0,8138021 0,3306074 0,2272927
0,6103516 0,3115338 0,2288821
0,6103516 0,2892812 0,2288821
0,6103516 0,298818 0,2272927
0,6103516 0,2797444 0,2145769
0,6103516 0,3115338 0,2257032
0,6103516 0,3019969 0,2161664
0,4069011 0,2861023 0,2082191
0,6103516 0,2924601 0,2225243
0,6103516 0,2892812 0,2082191
0,6103516 0,298818 0,2288821
0,8138021 0,2892812 0,2161664
0,6103516 0,2956391 0,2209348
0,6103516 0,2924602 0,2161664
0,6103516 0,2733865 0,2129875
0,8138021 0,3019969 0,2288821
0,6103516 0,2861023 0,2193453
0,4069011 0,2479552 0,1891455
0,6103516 0,298818 0,2193453
0,6103516 0,3210706 0,23524
0,8138021 0,2511341 0,1891455
0,6103516 0,3115338 0,2368295
0,6103516 0,2829233 0,2209348
0,8138021 0,2924601 0,2145769
0,6103516 0,2861023 0,2225242
0,6103516 0,3051759 0,2225243
0,6103516 0,3083548 0,2336505
0,6103516 0,298818 0,2193453
0,6103516 0,2765655 0,211398
0,6103516 0,301997 0,2336505
0,6103516 0,3051759 0,2304716
0,6103516 0,2988181 0,2209348
0,6103516 0,3115337 0,2288821
0,6103516 0,2861023 0,2225243
0,8138021 0,3178917 0,2272927
0,6103516 0,3083549 0,2304716
0,6103516 0,3083549 0,2384189
0,6103516 0,2956391 0,2288821
0,6103516 0,3051759 0,232061
0,6103516 0,301997 0,2241137
0,6103516 0,2956391 0,2272927
0,6103516 0,3178917 0,2384189
0,6103516 0,2956391 0,2304716
0,6103516 0,3369653 0,2495452
0,6103516 0,298818 0,2209348
0,6103516 0,2797444 0,2018612
0,6103516 0,2861023 0,2177559
0,8138021 0,3274285 0,2511346
0,6103516 0,3083549 0,2368295
0,6103516 0,3306074 0,2479557
0,6103516 0,3178917 0,2431873
0,4069011 0,2797444 0,2177559
0,6103516 0,298818 0,2257032
0,6103516 0,3147127 0,2336506
0,6103516 0,3210706 0,2400084
0,6103516 0,298818 0,2225243
0,6103516 0,3306074 0,2415979
0,6103516 0,3083548 0,2288821
0,6103516 0,2797444 0,2177558
0,6103516 0,2956391 0,2257032
0,6103516 0,3178917 0,2320611
0,8138021 0,3178916 0,2447768
0,6103516 0,3274285 0,2400084
0,6103516 0,3274285 0,2400084
0,6103516 0,3242495 0,2463662
0,6103516 0,3242495 0,2447768
0,6103516 0,3242495 0,2368295
0,8138021 0,3401442 0,255903
0,6103516 0,2861023 0,2209348
0,8138021 0,3115338 0,2320611
0,6103516 0,3115338 0,2320611
0,6103516 0,2924602 0,2225243
0,6103516 0,3274285 0,238419
0,4069011 0,3051759 0,2288821
0,8138021 0,3051759 0,2336505
0,6103516 0,2956391 0,2257032
0,8138021 0,3178917 0,2368295
0,6103516 0,2924601 0,232061
0,6103516 0,3115338 0,2288822
0,6103516 0,2956391 0,2209348
0,6103516 0,3083549 0,2384189
0,6103516 0,3115338 0,2320611
0,6103516 0,3051759 0,23524
0,4069011 0,2638497 0,2145769
0,8138021 0,3274285 0,2368295
0,6103516 0,2892812 0,2225243
0,6103516 0,2702076 0,2225242
0,6103516 0,2956391 0,2177559
0,6103516 0,3147127 0,2320611
0,6103516 0,2861022 0,2225242
0,6103516 0,3019969 0,2257032
0,6103516 0,3210706 0,2400084
0,6103516 0,3178916 0,2400084
0,4069011 0,2956391 0,2288821
0,8138021 0,3210706 0,2368295
0,6103516 0,2861023 0,2177559
0,6103516 0,3115338 0,2288821
0,8138021 0,3051759 0,23524
0,6103516 0,301997 0,2336505
0,8138021 0,3369653 0,2463663
0,6103516 0,3115338 0,2336505
0,8138021 0,2956391 0,2177559
0,4069011 0,2797444 0,2241137
0,6103516 0,3242495 0,2447768
0,6103516 0,2829233 0,2145769
0,6103516 0,3369653 0,2463663
0,6103516 0,3337863 0,2543136
0,6103516 0,2924601 0,2257032
0,6103516 0,298818 0,2304716
0,4069011 0,3147127 0,2479557
0,6103516 0,3147127 0,2415978
0,4069011 0,2670287 0,2129874
0,6103516 0,3083548 0,2384189
0,6103516 0,3115338 0,2447768
0,6103516 0,3083548 0,2304716
0,6103516 0,3337863 0,2527241
0,6103516 0,3178916 0,23524
0,8138021 0,3083548 0,2336505
0,8138021 0,3369653 0,2479557
0,6103516 0,298818 0,2304716
0,6103516 0,3051759 0,2257032
0,6103516 0,3051759 0,2336505
0,6103516 0,2892812 0,2288821
0,6103516 0,3306074 0,2527241
0,6103516 0,2892812 0,2225243
0,6103516 0,3274285 0,2543135
0,6103516 0,3051759 0,2384189
0,6103516 0,2670287 0,2209347
0,8138021 0,3147127 0,2320611
0,6103516 0,3242495 0,2463663
0,4069011 0,2702076 0,2177558
0,6103516 0,3147127 0,2304716
0,8138021 0,3147127 0,2336505
0,6103516 0,3178916 0,23524
0,6103516 0,3369653 0,2543136
0,6103516 0,2956391 0,2336505
0,6103516 0,3401442 0,255903
0,6103516 0,3115338 0,2336505
0,8138021 0,3147127 0,2384189
0,8138021 0,301997 0,2161664
0,6103516 0,3306074 0,2431874
0,6103516 0,3337863 0,2574925
0,6103516 0,3401442 0,2606713
0,6103516 0,3655753 0,267029
0,8138021 0,3369653 0,2463663
0,6103516 0,2892812 0,2257032
0,8138021 0,3051759 0,2320611
0,8138021 0,3210706 0,2415979
0,6103516 0,301997 0,2320611
0,8138021 0,3274285 0,2495452
0,6103516 0,3147127 0,2431873
0,8138021 0,3306074 0,2511347
0,8138021 0,2892812 0,2304716
0,6103516 0,3401442 0,2495452
0,6103516 0,3337863 0,2511347
0,6103516 0,3083549 0,2241138
0,6103516 0,3242495 0,2479557
0,6103516 0,3147127 0,2400084
0,6103516 0,346502 0,2574924
0,8138021 0,3210706 0,2384189
0,6103516 0,3306074 0,2527241
0,8138021 0,3274285 0,2511346
0,6103516 0,3051759 0,2415978
0,8138021 0,3369653 0,2463663
0,8138021 0,3147127 0,2431873
0,8138021 0,3115338 0,2415978
0,6103516 0,2892812 0,2336505
0,6103516 0,301997 0,2288821
0,6103516 0,3369653 0,2511347
0,6103516 0,3051759 0,2272927
0,6103516 0,3115337 0,2304716
0,8138021 0,298818 0,2225243
0,8138021 0,3369653 0,2527241
0,6103516 0,3306074 0,2606713
0,6103516 0,3083548 0,2400084
0,4069011 0,3115338 0,2431873
0,6103516 0,3306074 0,2447768
0,6103516 0,3178917 0,2463663
0,8138021 0,3433231 0,2574924
0,8138021 0,3814699 0,2733867
1,017253 0,3306074 0,2463663
0,6103516 0,3178916 0,2431873
0,8138021 0,346502 0,2590819
0,8138021 0,3592176 0,2733869
0,8138021 0,3274285 0,2495452
0,6103516 0,3242495 0,2543135
0,6103516 0,3306074 0,2479557
0,6103516 0,3115338 0,2400084
0,6103516 0,3147127 0,2384189
0,6103516 0,3178917 0,2431873
0,6103516 0,2988181 0,2368294
0,6103516 0,3115337 0,2415978
0,6103516 0,3274285 0,2527241
0,6103516 0,3401442 0,255903
0,6103516 0,301997 0,2400084
0,8138021 0,3369653 0,2495452
0,6103516 0,3528598 0,2543135
0,8138021 0,2924601 0,2288821
0,8138021 0,346502 0,2622608
0,6103516 0,3210706 0,2479557
0,4069011 0,3083549 0,2431873
0,6103516 0,3433231 0,2543135
0,6103516 0,3496809 0,2654396
0,8138021 0,3019969 0,2304716
0,6103516 0,3147127 0,23524
0,6103516 0,3178917 0,2336506
0,6103516 0,3178917 0,2431873
0,6103516 0,3306074 0,2527241
0,8138021 0,3623965 0,2606713
0,8138021 0,3178917 0,2495452
0,6103516 0,3115338 0,2400084
0,6103516 0,343323 0,2606713
0,8138021 0,3655753 0,2686185
0,6103516 0,3242495 0,2447768
0,8138021 0,3210706 0,2479557
1,017253 0,346502 0,2543135
0,8138021 0,346502 0,2495452
0,6103516 0,3401442 0,2606713
0,6103516 0,3592176 0,2702079
0,6103516 0,3274285 0,2511347
0,6103516 0,3337863 0,2622608
0,6103516 0,375112 0,2781551
0,8138021 0,346502 0,2622608
0,6103516 0,3623965 0,2749763
0,6103516 0,3401442 0,2543136
0,8138021 0,378291 0,281334
0,8138021 0,3496809 0,2606713
0,6103516 0,3560387 0,2654396
0,6103516 0,3337863 0,255903
0,8138021 0,3719332 0,2765657
0,6103516 0,3719331 0,2749762
0,8138021 0,3592176 0,2702079
0,6103516 0,3751121 0,2861024
0,6103516 0,3433231 0,2527241
0,8138021 0,3147127 0,2511346
0,8138021 0,3528598 0,270208
0,6103516 0,3210706 0,2495452
0,6103516 0,3655753 0,2686184
0,6103516 0,3623964 0,2749762
0,6103516 0,3719331 0,2797445
0,8138021 0,378291 0,2765657
0,8138021 0,3687543 0,2717974
0,8138021 0,3465019 0,2638502
0,8138021 0,3623965 0,2765657
0,6103516 0,3242495 0,2543135
0,6103516 0,3274285 0,2590819
0,6103516 0,3560387 0,2702079
0,8138021 0,3433231 0,2574925
0,6103516 0,346502 0,2654397
0,8138021 0,3465019 0,2574924
0,8138021 0,3687542 0,2733868
0,6103516 0,3115338 0,2543135
0,6103516 0,3274285 0,2447768
1,017253 0,3528598 0,2686185
0,8138021 0,3433231 0,270208
0,6103516 0,3337863 0,2574925
0,6103516 0,3592175 0,2717974
0,6103516 0,346502 0,2670291
0,6103516 0,3306074 0,255903
0,6103516 0,406901 0,3004072
0,6103516 0,3910065 0,2940495
0,6103516 0,3401442 0,255903
1,017253 0,3719332 0,2733868
0,8138021 0,3401442 0,2574925
0,6103516 0,3401442 0,2622608
0,6103516 0,3655753 0,2733868
0,8138021 0,3973643 0,2892812
0,8138021 0,3973643 0,29246
0,6103516 0,3528598 0,2749763
0,6103516 0,3496809 0,2670291
0,8138021 0,3846487 0,2861023
0,8138021 0,3528597 0,2749763
0,6103516 0,3655753 0,2733868
0,6103516 0,3719331 0,281334
0,6103516 0,3623964 0,2749763
0,6103516 0,3782909 0,2845129
0,6103516 0,3719332 0,2797446
0,6103516 0,375112 0,2845129
0,8138021 0,3846488 0,2892812
0,8138021 0,4132588 0,3035861
0,8138021 0,3910065 0,2924601
0,8138021 0,4609424 0,3306065
0,8138021 0,441869 0,3194805
0,8138021 0,3973643 0,2940495
0,8138021 0,4386901 0,3178911
0,6103516 0,4132588 0,3051755
0,8138021 0,4227955 0,3051755
0,8138021 0,4482267 0,3210699
0,6103516 0,4418689 0,3226593
0,8138021 0,4196166 0,306765
0,8138021 0,4831946 0,343322
0,8138021 0,470479 0,3385537
0,8138021 0,4545845 0,3449116
1,017253 0,4577635 0,332196
0,8138021 0,4831946 0,3560377
1,017253 0,4577634 0,3290171
0,8138021 0,5181628 0,3735219
0,8138021 0,4863736 0,367164
0,8138021 0,5022681 0,3846483
0,8138021 0,508626 0,4037219
1,220703 0,5245206 0,4100798
0,8138021 0,5149838 0,4053114
1,017253 0,5467732 0,4212061
0,8138021 0,5118049 0,4021325
1,017253 0,5976362 0,4641218
1,220703 0,5817415 0,4704797
1,220703 0,6675722 0,5070373
1,220703 0,7247925 0,5467738
1,424154 0,7788342 0,6119406
1,831055 0,8138022 0,6087619
3,662109 0,9028113 0,6882344
3,66211 1,042683 0,7565808
3,66211 1,05222 0,7581704
20,75196 1,637141 1,096726
7,934568 1,60853 1,112621
11,18978 2,02179 1,357397
29,9072 2,905528 1,789728
32,3486 3,757476 2,31266
28,48306 5,884171 3,603299
54,72825 9,940468 6,06378
55,74549 13,77741 9,053546
62,86633 19,71562 13,37528
61,84907 26,88089 17,73356
58,79728 35,46712 24,964
81,58384 46,19916 34,55479
71,0044 47,97936 37,53503
89,1114 54,21962 42,62132
96,23206 59,74141 47,25143
93,38379 66,95126 52,33295
102,5389 74,06887 61,94761
102,3355 76,59293 66,53639
103,3527 79,13287 68,41831
117,7975 79,54613 68,05432
112,7113 81,45033 73,00073
118,8147 86,01514 75,22273
117,594 84,49885 73,27885
114,3389 83,09058 73,92737
108,6423 84,72136 75,12897
120,6457 85,80534 76,08267
107,0148 85,17277 75,88873
114,9492 87,9988 78,45094
121,8664 89,18134 78,84991
121,0526 88,62183 78,28564
125,7319 92,16947 81,77132
125,7319 91,87384 83,80267
126,1388 95,80611 84,79926
129,394 99,2933 87,83031
127,1561 94,68078 84,79446
130,2078 97,34785 87,16912
129,394 99,86548 89,71539
127,9698 100,9177 88,73468
130,2078 104,8309 91,69421
130,2078 103,2923 91,75617
130,2078 103,4004 91,10294
130,2078 106,611 93,21527
125,325 105,7019 92,34424
130,2078 110,0633 96,25743
130,2078 106,6556 95,2784
130,2078 108,938 95,81557
130,2078 109,2432 95,6757
130,2078 110,537 95,98563
130,2078 109,6342 96,55627
130,2078 114,9206 100,4758
130,2078 112,7208 98,10593
130,2078 116,9106 100,5839
130,2078 117,4701 102,4372
130,2078 117,1204 103,0968
130,2078 117,0727 103,7055
130,2078 117,896 104,3191
130,2078 118,1917 102,4356
130,2078 120,1912 104,1999
130,2078 120,2007 105,2219
130,2078 120,935 103,456
130,2078 121,5835 105,9991
130,2078 118,5859 103,7962
130,2078 122,7406 106,3455
130,2078 119,1803 101,8363
130,2078 120,614 104,4637
130,2078 124,5716 107,6283
130,2078 121,7488 106,3011
130,2078 123,1729 107,4407
130,2078 121,8442 108,1115
130,2078 123,1889 109,7613
130,2078 124,1298 110,8914
130,2078 123,494 111,1139
130,2078 125,4553 110,3318
130,2078 124,667 107,7856
130,2078 125,1502 113,3057
130,2078 124,5939 110,5687
130,2078 125,2932 110,7753
130,2078 125,058 111,2601
130,2078 123,7165 108,6963
130,2078 125,1978 111,8625
130,2078 126,1356 113,3597
130,2078 123,9994 107,5201
130,2078 124,4413 112,9958
130,2078 124,9181 112,1454
130,2078 125,5793 110,138
130,2078 125,7891 113,0196
130,2078 125,0452 111,4111
130,2078 125,6874 115,6406
130,2078 126,0243 110,8357
130,2078 125,3568 113,2151
130,2078 126,5393 115,5643
130,2078 125,1311 112,9274
130,2078 125,1502 112,9894
130,2078 124,7751 113,5282
130,2078 124,4922 110,8087
130,2078 125,1406 112,2662
130,2078 124,8958 113,4265
130,2078 125,1375 112,4379
130,2078 125,7128 111,6225
130,2078 124,6003 112,2805
130,2078 125,4394 112,0087
130,2078 126,2151 111,8513
130,2078 124,8672 114,1338
130,2078 125,449 113,2215
130,2078 126,4566 114,9158
130,2078 126,1356 116,332
130,2078 125,4458 111,4826
130,2078 126,1324 114,5948
130,2078 125,1088 111,9944
130,2078 125,2709 111,2665
