0,8138021 0,3083548 0,2257032
0,6103516 0,3019969 0,2288821
0,4069011 0,3306074 0,2431874
0,6103516 0,2988181 0,2304716
0,6103516 0,2956391 0,2209348
0,6103516 0,3051759 0,2257032
0,4069011 0,2702076 0,2050401
0,6103516 0,3083548 0,2257032
0,6103516 0,3178917 0,2257032
0,6103516 0,3274285 0,2463663
0,6103516 0,2924601 0,2288821
0,6103516 0,2892812 0,2098086
0,8138021 0,301997 0,2257032
0,6103516 0,3337863 0,2463663
0,8138021 0,3083549 0,2415978
0,6103516 0,2797444 0,2066296
0,6103516 0,2733865 0,2034507
0,8138021 0,3019969 0,2288821
1,220703 0,3178917 0,2320611
0,6103516 0,298818 0,2257032
0,6103516 0,3306074 0,2304717
0,6103516 0,3274285 0,2447768
0,8138021 0,2829233 0,2145769
0,8138021 0,3051759 0,2209348
0,6103516 0,301997 0,2225243
0,6103516 0,2797444 0,2209348
0,6103516 0,3147127 0,2336506
0,8138021 0,3242495 0,2463662
0,6103516 0,3115337 0,2209348
0,6103516 0,3210706 0,23524
0,4069011 0,2861023 0,2272926
0,6103516 0,298818 0,2193453
0,6103516 0,301997 0,23524
0,6103516 0,2861023 0,2129875
0,6103516 0,3147127 0,2400084
0,8138021 0,3433231 0,2495452
0,6103516 0,3178917 0,2272927
0,6103516 0,3051759 0,2304716
0,6103516 0,3242495 0,2431873
0,6103516 0,3274285 0,23524
0,6103516 0,2892812 0,2193453
0,6103516 0,2861023 0,2241137
0,6103516 0,3178917 0,2479557
0,6103516 0,3083549 0,2368295
0,6103516 0,3274285 0,2495452
0,8138021 0,3115337 0,2384189
0,6103516 0,3051759 0,2304716
0,6103516 0,2892812 0,2161664
0,8138021 0,2956391 0,2161664
0,4069011 0,2892812 0,2257032
0,6103516 0,2924601 0,2241137
0,6103516 0,3178917 0,2320611
0,4069011 0,301997 0,2384189
0,6103516 0,3083548 0,2272927
0,6103516 0,3147127 0,2400084
0,6103516 0,3210706 0,2463663
0,8138021 0,3115338 0,2272927
0,6103516 0,3210706 0,2463663
0,8138021 0,3306074 0,2415979
0,6103516 0,2956391 0,2304716
0,6103516 0,2956391 0,2384189
0,6103516 0,3178917 0,2400084
0,8138021 0,3178917 0,2384189
0,4069011 0,2765655 0,2209348
0,6103516 0,3210706 0,2336506
0,8138021 0,3560387 0,2590818
0,6103516 0,3337863 0,2495452
0,6103516 0,301997 0,2288821
0,6103516 0,2861023 0,2209348
0,6103516 0,2956391 0,2209348
0,6103516 0,3083549 0,2368295
0,6103516 0,3083548 0,23524
0,6103516 0,3178917 0,2320611
0,6103516 0,2956391 0,2336505
0,6103516 0,3147127 0,2400084
0,8138021 0,3115338 0,2368295
0,6103516 0,3274285 0,2431873
0,8138021 0,3274284 0,2479557
0,6103516 0,3051759 0,23524
0,6103516 0,3051759 0,2400084
0,8138021 0,3337863 0,2527241
0,6103516 0,3115337 0,2257032
0,6103516 0,2733865 0,2145769
0,6103516 0,3401442 0,2511346
0,6103516 0,3306074 0,2511347
0,6103516 0,3401442 0,2590819
0,6103516 0,3337863 0,255903
0,6103516 0,3274285 0,2479557
0,8138021 0,3846488 0,2749762
0,6103516 0,3083549 0,2368295
0,6103516 0,3115338 0,2400084
0,6103516 0,3401442 0,2574924
0,6103516 0,3242495 0,2495452
0,6103516 0,3337863 0,2495452
0,6103516 0,3401441 0,2590819
0,4069011 0,2892812 0,2288821
0,8138021 0,3242495 0,2495452
0,6103516 0,3178917 0,2447768
0,6103516 0,3496808 0,2622607
0,6103516 0,3401441 0,2543135
0,6103516 0,3115338 0,23524
0,6103516 0,3719331 0,2765657
0,8138021 0,3242495 0,2368295
0,6103516 0,3401442 0,2654397
0,8138021 0,346502 0,2686186
0,8138021 0,3433231 0,2543135
0,6103516 0,3465019 0,2606713
0,6103516 0,3814698 0,2781551
0,6103516 0,3337863 0,2463663
0,6103516 0,2988181 0,2384189
0,6103516 0,3337863 0,2590819
0,6103516 0,3496808 0,2638502
0,6103516 0,3369653 0,2511347
0,6103516 0,3814698 0,2781551
0,6103516 0,343323 0,2622607
0,6103516 0,346502 0,2638502
0,6103516 0,3337863 0,2590819
0,8138021 0,3592175 0,2606712
0,6103516 0,3751121 0,2765657
0,6103516 0,3242495 0,2543135
0,6103516 0,3687543 0,2765657
0,6103516 0,3337863 0,2654397
0,8138021 0,3719332 0,2765657
0,8138021 0,3560387 0,267029
0,6103516 0,3369653 0,255903
1,017253 0,3655754 0,2733868
0,8138021 0,3687543 0,2829235
0,6103516 0,3306074 0,2606713
1,017253 0,3687543 0,2749763
0,6103516 0,3592175 0,2765657
0,6103516 0,3973643 0,2861022
0,6103516 0,3178917 0,2543135
0,6103516 0,3655753 0,2717974
0,6103516 0,3560387 0,2717974
0,8138021 0,3910066 0,2908706
0,8138021 0,3846487 0,2908706
0,6103516 0,3910065 0,2972284
0,6103516 0,375112 0,2829234
0,6103516 0,3560387 0,2670291
0,8138021 0,378291 0,281334
0,8138021 0,3719331 0,2765657
0,6103516 0,3623964 0,2749763
0,8138021 0,3592175 0,2749763
0,8138021 0,3973643 0,2924601
0,6103516 0,3337863 0,255903
0,6103516 0,3496808 0,2686185
0,6103516 0,3592175 0,2749763
0,6103516 0,3878276 0,2861023
0,8138021 0,3973643 0,2908706
0,8138021 0,378291 0,2829234
0,8138021 0,3910065 0,2892812
0,6103516 0,3655753 0,2749763
0,6103516 0,3782909 0,2861023
0,6103516 0,3941854 0,2892812
0,6103516 0,3337863 0,2606713
0,6103516 0,3623964 0,2733868
0,8138021 0,3910065 0,2876917
0,6103516 0,3941854 0,29246
0,6103516 0,3623965 0,2749763
0,8138021 0,4037221 0,2972283
0,8138021 0,4037222 0,2924601
0,6103516 0,3910065 0,2829234
0,8138021 0,4100799 0,3004072
0,6103516 0,3910065 0,2876917
1,017253 0,41008 0,3035861
0,6103516 0,3687542 0,2749762
0,8138021 0,3655754 0,2765657
0,6103516 0,403722 0,3019966
0,8138021 0,378291 0,2829235
0,6103516 0,3878277 0,2892812
0,6103516 0,3941854 0,2972284
1,017253 0,473658 0,3337854
0,6103516 0,3592176 0,2765657
1,017253 0,4164378 0,3019967
0,8138021 0,41008 0,3004073
0,6103516 0,4100799 0,3004072
0,6103516 0,3623964 0,2765657
0,8138021 0,3910066 0,2861023
0,6103516 0,3910065 0,2924601
0,6103516 0,406901 0,2972283
0,6103516 0,3878276 0,2940495
0,8138021 0,3878276 0,2876917
0,8138021 0,406901 0,2956389
0,8138021 0,4482267 0,3226593
0,8138021 0,4323322 0,3147121
0,8138021 0,3941855 0,2940495
1,017253 0,441869 0,3194805
0,8138021 0,4196166 0,306765
0,6103516 0,4227955 0,3067649
0,8138021 0,4291534 0,3083544
1,017253 0,441869 0,3178911
0,8138021 0,4514056 0,3353748
1,017253 0,441869 0,3147122
0,6103516 0,406901 0,2972283
0,8138021 0,441869 0,3163016
0,8138021 0,4418689 0,3210699
0,6103516 0,4418689 0,3210699
0,8138021 0,4577634 0,3226593
0,6103516 0,4418689 0,3194804
0,8138021 0,441869 0,3210699
0,8138021 0,406901 0,2972283
0,8138021 0,441869 0,3226594
1,017253 0,4482267 0,3274276
0,8138021 0,4482267 0,3210699
0,8138021 0,4482267 0,3194804
0,6103516 0,43869 0,3194804
1,017253 0,4545845 0,3433221
0,8138021 0,4355112 0,3147122
0,6103516 0,4450478 0,3417327
0,6103516 0,4100799 0,306765
0,6103516 0,4100799 0,3035861
1,017253 0,4514056 0,3321959
0,8138021 0,4577634 0,3290171
0,8138021 0,43869 0,3306065
0,8138021 0,4355111 0,3226593
1,017253 0,4577634 0,3306065
0,8138021 0,4641213 0,3449115
1,017253 0,4673001 0,3417326
1,017253 0,4704791 0,3417326
0,8138021 0,4482267 0,3353748
0,8138021 0,4418689 0,3226593
0,8138021 0,4450478 0,3369642
0,6103516 0,4196166 0,3083544
0,8138021 0,4673001 0,3671642
0,8138021 0,470479 0,3480904
1,017253 0,4609424 0,3449115
1,017253 0,4800158 0,3544483
0,8138021 0,4673001 0,3560379
0,8138021 0,473658 0,3623957
1,017253 0,4927314 0,3767009
0,8138021 0,4831946 0,3608062
0,8138021 0,4673001 0,3576273
0,8138021 0,4736579 0,3560378
0,8138021 0,473658 0,3671641
1,017253 0,5276996 0,394185
0,8138021 0,4927314 0,3957746
0,6103516 0,4609423 0,3544484
1,017253 0,4863736 0,3719325
1,017253 0,4959103 0,3910062
1,017253 0,4927314 0,3719325
0,8138021 0,4736579 0,3687536
0,8138021 0,4831946 0,3894168
0,8138021 0,4641213 0,3608063
1,017253 0,5022681 0,3925956
0,8138021 0,505447 0,4100798
0,8138021 0,5213417 0,4084903
1,017253 0,5340574 0,4180272
1,017253 0,5213417 0,4084903
0,8138021 0,508626 0,4069009
1,220703 0,5467732 0,4307429
0,8138021 0,4990892 0,403722
1,220703 0,5149838 0,4069009
1,017253 0,5149839 0,4148483
1,017253 0,5372364 0,4259745
1,017253 0,6135308 0,4688901
1,017253 0,5722047 0,4482271
0,8138021 0,5372364 0,4291535
0,8138021 0,5404154 0,4355114
1,220703 0,5753836 0,4466376
0,8138021 0,5404153 0,4355114
1,220703 0,5435943 0,4402798
1,220703 0,5467733 0,4339219
0,8138021 0,5404153 0,4291535
1,017253 0,5626679 0,4466377
0,8138021 0,5435943 0,4386904
0,8138021 0,5785626 0,4609429
1,017253 0,5276996 0,4418693
1,017253 0,5785626 0,4593534
0,8138021 0,5531311 0,4339219
0,8138021 0,5626679 0,454585
1,220703 0,5722047 0,4625324
1,017253 0,5880994 0,4657113
1,017253 0,6008151 0,4704797
1,017253 0,5722047 0,4450482
1,220703 0,6294252 0,4895532
1,017253 0,6167096 0,4879638
1,017253 0,6453198 0,5038584
1,017253 0,6326041 0,4943216
1,220703 0,6866454 0,5404158
1,017253 0,6802877 0,5197532
1,017253 0,6580354 0,5133954
1,220703 0,6961823 0,5499525
1,220703 0,7279714 0,5833306
1,424154 0,747045 0,5737942
1,424154 0,7247925 0,5578998
1,220703 0,747045 0,6039934
1,017253 0,7279714 0,5865095
1,424154 0,7851921 0,6262456
1,424154 0,8233387 0,6405506
1,627604 0,8932745 0,697771
1,424154 0,8233388 0,6723398
1,627604 0,9441369 0,7216126
1,831055 0,9822839 0,7661177
2,034505 1,0554 0,8058546
2,848307 1,211167 0,926654
2,237956 1,306533 0,9806951
2,848307 1,452763 1,106262
3,662109 1,608531 1,228649
3,86556 1,980464 1,49409
6,103516 2,390544 1,754761
5,086263 2,883275 2,086958
6,713867 3,296535 2,509753
6,306966 3,757477 2,799033
7,73112 4,409155 3,331504
8,951823 4,876454 3,644627
7,731121 5,302429 4,083315
10,17253 5,941391 4,599889
10,17253 6,132125 4,785855
10,78288 6,755193 5,378724
9,765625 6,841024 5,385082
11,80013 6,945928 5,405742
12,61393 7,136662 5,734759
12,81738 8,010862 6,426175
11,59668 8,424121 6,984073
11,59668 8,710227 7,306736
15,05534 8,916857 7,252694
16,27604 9,412769 7,414818
15,05534 9,578069 7,804233
17,08984 10,02948 8,255642
15,66569 9,997684 8,358953
17,08984 10,39187 8,618037
18,31055 10,46499 8,611682
17,49674 10,45863 8,557637
14,85189 10,86553 9,015402
16,68294 11,18024 9,349184
14,64844 11,37098 9,611445
17,08984 11,42184 9,333292
15,25879 11,71112 9,972257
14,64844 11,16117 9,325344
16,27604 12,1371 10,06127
21,97265 12,44227 10,32829
16,27604 12,19114 10,46181
17,90365 12,03537 10,14709
16,68294 12,28968 10,3871
17,08985 12,33737 10,52379
17,7002 12,95407 11,03242
16,07259 12,48995 10,57148
19,53125 12,57896 10,59214
17,70019 12,97315 10,83692
17,08985 13,38005 11,34396
16,88639 13,01765 11,08169
15,46224 13,01765 11,19613
17,49674 13,15753 11,09441
18,514 13,68205 11,86847
16,88639 13,4182 11,36144
18,514 14,22564 12,07669
17,90365 13,61847 11,45045
18,31054 13,96179 11,86212
19,12435 14,43863 12,04173
18,9209 14,74062 12,49313
18,514 14,8805 12,71725
18,9209 14,6993 12,64572
18,9209 14,96951 12,8603
20,9554 14,97586 12,92547
20,75195 14,76606 12,25949
17,49674 14,54671 12,11802
22,37956 15,21111 12,7395
20,5485 15,09984 13,06534
19,12435 15,30647 13,13209
23,19336 16,13935 13,52946
21,15885 16,15842 13,74245
23,60026 16,38095 14,02219
23,39681 16,34916 13,93
19,12435 15,68794 13,42455
21,97266 16,29511 13,96974
21,76921 15,70701 12,98586
20,9554 16,00901 13,53422
19,53125 16,2061 13,70748
19,7347 15,92954 13,55171
18,9209 16,05987 13,91252
22,98991 16,73063 14,47837
23,80371 16,71155 14,56261
23,19336 16,92455 14,55625
22,17611 16,43817 14,21293
21,97266 17,18203 14,7899
22,37956 17,15978 14,43704
21,15886 16,73381 14,64049
20,5485 16,9913 14,12392
20,5485 16,96904 14,59439
25,43132 17,24243 14,75175
20,75195 16,78785 14,59122
22,37956 17,45542 14,84394
24,82097 17,45542 15,04263
20,9554 17,14389 14,76606
22,37956 17,93862 15,6196
22,37956 17,49993 14,79944
20,9554 17,02627 14,7756
20,5485 16,88003 14,65639
23,19336 17,3219 14,60711
21,97265 17,57304 15,0601
22,98991 17,89411 15,33031
22,98991 17,52535 14,67069
22,98991 18,05623 15,40502
20,34505 17,12163 14,72791
22,17611 17,23925 14,70248
22,37956 17,28376 14,61824
21,56576 16,95951 14,8344
22,17611 17,74788 15,227
24,82096 17,89093 15,48132
22,58301 18,04351 15,62595
22,58301 17,71609 15,0919
24,41406 18,00219 15,52741
23,19336 17,64933 15,55284
22,78646 18,00855 15,15388
21,76921 17,81782 15,60212
24,00716 17,89411 15,34462
24,82096 17,91954 15,35575
22,37956 17,58893 15,34462
26,44857 18,26922 15,64821
21,15886 17,63344 15,26833
24,61751 18,37413 16,02332
21,76921 17,91001 15,28581
23,60026 18,51718 15,76106
22,98991 18,24697 15,64821
24,41406 18,63161 15,92
23,39681 17,79874 15,37641
24,21061 18,6189 15,98199
24,21061 18,31691 15,71338
22,98991 18,46631 15,64661
22,17611 18,47903 16,09961
23,80371 18,48857 15,5894
24,21061 18,5744 16,03127
22,17611 18,59664 16,32213
24,21061 18,34551 16,07895
23,80371 18,20564 15,6784
24,00716 18,6189 16,14094
24,00716 18,9654 16,45724
25,63477 19,26422 16,61619
24,41406 19,40409 16,80374
26,85547 19,04487 16,33167
24,82096 18,60619 15,7388
22,98991 18,27241 15,96451
25,83821 19,63933 16,77036
25,43131 19,34052 16,52718
22,98991 19,21018 16,61936
23,19336 19,19111 16,51764
23,80371 18,67295 16,00742
25,43132 19,47721 16,27763
23,19336 19,41363 16,87844
24,41406 19,69019 17,07236
24,61751 19,26105 16,72109
23,39681 19,57893 16,54625
25,02441 19,1466 16,64957
25,83821 19,9159 17,32191
25,22786 19,57576 16,85143
27,87272 19,70292 17,16932
25,63477 19,37548 16,89752
25,63477 19,30555 16,91818
24,41406 19,65205 17,11687
27,46582 19,86504 16,98653
25,02441 19,57257 16,64638
23,39681 20,17975 17,43317
24,00716 19,41363 17,01832
24,82096 20,0367 17,68748
24,41406 19,74424 17,42681
25,22787 19,67112 16,60665
24,21061 19,67748 16,98335
27,26237 19,81099 16,92771
27,26237 19,95086 17,65728
25,83822 19,69655 17,19475
26,85547 19,81099 16,95632
25,02441 20,24332 17,51581
23,80371 19,83325 16,48586
26,04167 19,80782 17,28376
26,24512 20,31962 17,87185
23,80371 19,91908 17,44111
28,27962 20,8187 18,45041
27,66927 20,28465 17,32349
26,65202 20,96812 18,20088
25,43132 20,66612 17,94974
24,82096 20,99673 18,1516
28,68652 21,16521 18,53148
24,41406 20,58029 18,2581
25,43132 20,96176 18,15637
26,85547 20,26875 17,67159
28,68653 21,06667 18,21041
26,24512 20,83461 18,23266
25,63477 20,45313 17,76059
25,83822 20,95858 18,07849
25,83822 21,41635 18,53308
28,88997 21,499 18,28193
25,83822 21,22561 18,53148
24,41406 21,22879 18,212
27,66927 21,18429 18,30896
30,51758 21,95041 19,34052
30,92448 21,40999 18,91931
26,85547 21,81053 19,31031
26,24512 21,19382 18,25651
28,07617 21,52443 18,46631
28,68652 21,33369 18,24696
28,68652 22,05531 19,2674
31,12793 20,95223 18,363
26,65202 21,83596 19,22767
27,05892 22,32234 19,74424
29,29688 22,30009 19,07031
27,26237 21,90908 19,32303
28,88997 22,15703 19,14819
26,85547 22,39863 19,42476
27,46582 22,34777 19,0719
28,27962 22,6148 19,37231
29,50033 22,51625 19,87934
