0,6103516 0,10252 0,05125999
0,3051758 0,07629395 0,03814697
0,6103516 0,1144409 0,05722046
0,6103516 0,1120567 0,05602837
0,3051758 0,09536743 0,04768372
0,6103516 0,1049042 0,05245209
0,6103516 0,1120567 0,05602837
0,3051758 0,1049042 0,05245209
0,6103516 0,09775162 0,04887581
0,3051758 0,1168251 0,05841255
0,6103516 0,1120567 0,05602837
0,3051758 0,1096725 0,05483627
0,3051758 0,1001358 0,0500679
0,3051758 0,1192093 0,05960464
0,6103516 0,08821487 0,04410744
0,6103516 0,1215935 0,06079674
0,3051758 0,1049042 0,05245209
0,6103516 0,1096725 0,05483627
0,6103516 0,1144409 0,05722046
0,6103516 0,1001358 0,0500679
0,3051758 0,1168251 0,05841255
0,6103516 0,09775162 0,04887581
0,6103516 0,1001358 0,0500679
0,3051758 0,1001358 0,0500679
0,3051758 0,10252 0,05125999
0,6103516 0,1049042 0,05245209
0,6103516 0,1168251 0,05841255
0,6103516 0,1192093 0,05960464
0,6103516 0,1215935 0,06079674
0,3051758 0,1144409 0,05722046
0,3051758 0,09298325 0,04649162
0,6103516 0,1335144 0,0667572
0,6103516 0,09536743 0,04768372
0,6103516 0,1001358 0,0500679
0,6103516 0,1120567 0,05602837
0,3051758 0,1096725 0,05483627
0,3051758 0,1144409 0,05722046
0,3051758 0,1192093 0,05960464
0,3051758 0,10252 0,05125999
0,6103516 0,1096725 0,05483627
0,3051758 0,1072884 0,05364418
0,6103516 0,1215935 0,06079674
0,6103516 0,1311302 0,06556511
0,6103516 0,1001358 0,0500679
0,6103516 0,1454353 0,07271767
0,6103516 0,1049042 0,05245209
0,6103516 0,1358986 0,0679493
0,6103516 0,1072884 0,05364418
0,3051758 0,08821487 0,04410744
0,6103516 0,1144409 0,05722046
0,6103516 0,1263618 0,06318092
0,3051758 0,1096725 0,05483627
0,6103516 0,1168251 0,05841255
0,6103516 0,1120567 0,05602837
0,3051758 0,1049042 0,05245209
0,3051758 0,128746 0,06437302
0,6103516 0,1382828 0,06914139
0,3051758 0,1144409 0,05722046
0,6103516 0,1192093 0,05960464
0,3051758 0,1192093 0,05960464
0,6103516 0,1168251 0,05841255
0,3051758 0,128746 0,06437302
0,6103516 0,1478195 0,07390976
0,6103516 0,1144409 0,05722046
0,6103516 0,1192093 0,05960464
0,6103516 0,1239777 0,06198883
0,6103516 0,1358986 0,0679493
0,6103516 0,1215935 0,06079674
0,3051758 0,09536743 0,04768372
0,6103516 0,1454353 0,07271767
0,6103516 0,1430511 0,07152557
0,6103516 0,128746 0,06437302
0,6103516 0,1549721 0,07748604
0,3051758 0,1144409 0,05722046
0,6103516 0,1168251 0,05841255
0,3051758 0,1335144 0,0667572
0,3051758 0,09775162 0,04887581
0,6103516 0,1239777 0,06198883
0,6103516 0,1072884 0,05364418
0,3051758 0,1168251 0,05841255
0,3051758 0,1168251 0,05841255
0,3051758 0,1215935 0,06079674
0,3051758 0,140667 0,07033348
0,6103516 0,1382828 0,06914139
0,3051758 0,1168251 0,05841255
0,6103516 0,1502037 0,07510185
0,6103516 0,1144409 0,05722046
0,3051758 0,1192093 0,05960464
0,6103516 0,1263618 0,06318092
0,3051758 0,1049042 0,05245209
0,6103516 0,1072884 0,05364418
0,6103516 0,1502037 0,07510185
0,3051758 0,1311302 0,06556511
0,3051758 0,1192093 0,05960464
0,6103516 0,1382828 0,06914139
0,3051758 0,1382828 0,06914139
0,3051758 0,1120567 0,05602837
0,3051758 0,1382828 0,06914139
0,3051758 0,1382828 0,06914139
0,6103516 0,1215935 0,06079674
0,6103516 0,1215935 0,06079674
0,6103516 0,1168251 0,05841255
0,6103516 0,1454353 0,07271767
0,6103516 0,128746 0,06437302
0,6103516 0,1597404 0,07987022
0,6103516 0,1382828 0,06914139
0,6103516 0,10252 0,05125999
0,6103516 0,1144409 0,05722046
0,3051758 0,1120567 0,05602837
0,6103516 0,1645088 0,08225441
0,3051758 0,128746 0,06437302
0,3051758 0,1072884 0,05364418
0,6103516 0,1144409 0,05722046
0,3051758 0,1335144 0,0667572
0,3051758 0,1335144 0,0667572
0,6103516 0,1335144 0,0667572
0,3051758 0,1239777 0,06198883
0,6103516 0,1358986 0,0679493
0,6103516 0,1502037 0,07510185
0,6103516 0,1001358 0,0500679
0,6103516 0,1192093 0,05960464
0,6103516 0,1311302 0,06556511
0,3051758 0,1478195 0,07390976
0,6103516 0,1120567 0,05602837
0,3051758 0,09298325 0,04649162
0,6103516 0,1239777 0,06198883
0,6103516 0,1168251 0,05841255
0,6103516 0,1478195 0,07390976
0,6103516 0,1239777 0,06198883
0,3051758 0,1239777 0,06198883
0,6103516 0,1502037 0,07510185
0,6103516 0,128746 0,06437302
0,6103516 0,1382828 0,06914139
0,6103516 0,1358986 0,0679493
0,6103516 0,1049042 0,05245209
0,6103516 0,1597404 0,07987022
0,6103516 0,1215935 0,06079674
0,6103516 0,1573563 0,07867813
0,6103516 0,1311302 0,06556511
0,6103516 0,1358986 0,0679493
0,3051758 0,140667 0,07033348
0,6103516 0,1430511 0,07152557
0,3051758 0,10252 0,05125999
0,3051758 0,1168251 0,05841255
0,6103516 0,140667 0,07033348
0,3051758 0,1358986 0,0679493
0,3051758 0,1382828 0,06914139
0,6103516 0,1144409 0,05722046
0,3051758 0,1192093 0,05960464
0,6103516 0,09298325 0,04649162
0,6103516 0,1358986 0,0679493
0,6103516 0,1549721 0,07748604
0,3051758 0,1263618 0,06318092
0,6103516 0,1311302 0,06556511
0,3051758 0,1001358 0,0500679
0,6103516 0,1192093 0,05960464
0,6103516 0,1096725 0,05483627
0,6103516 0,1621246 0,08106232
0,6103516 0,1358986 0,0679493
0,6103516 0,1549721 0,07748604
0,6103516 0,1573563 0,07867813
0,3051758 0,10252 0,05125999
0,3051758 0,1430511 0,07152557
0,6103516 0,1263618 0,06318092
0,3051758 0,09536743 0,04768372
0,3051758 0,128746 0,06437302
0,6103516 0,1430511 0,07152557
0,6103516 0,1478195 0,07390976
0,6103516 0,1311302 0,06556511
0,6103516 0,1096725 0,05483627
0,6103516 0,1478195 0,07390976
0,6103516 0,1502037 0,07510185
0,6103516 0,1239777 0,06198883
0,6103516 0,1621246 0,08106232
0,6103516 0,1502037 0,07510185
0,6103516 0,1072884 0,05364418
0,3051758 0,1525879 0,07629395
0,3051758 0,1168251 0,05841255
0,6103516 0,1192093 0,05960464
0,6103516 0,1215935 0,06079674
0,6103516 0,128746 0,06437302
0,6103516 0,1215935 0,06079674
0,6103516 0,1311302 0,06556511
0,3051758 0,1215935 0,06079674
0,6103516 0,1430511 0,07152557
0,6103516 0,140667 0,07033348
0,6103516 0,1239777 0,06198883
0,3051758 0,1192093 0,05960464
0,3051758 0,1001358 0,0500679
0,6103516 0,1430511 0,07152557
0,6103516 0,1502037 0,07510185
0,3051758 0,1239777 0,06198883
0,3051758 0,1430511 0,07152557
0,3051758 0,1525879 0,07629395
0,3051758 0,1263618 0,06318092
0,6103516 0,1502037 0,07510185
0,6103516 0,1716614 0,08583069
0,6103516 0,128746 0,06437302
0,6103516 0,1549721 0,07748604
0,6103516 0,140667 0,07033348
0,6103516 0,1239777 0,06198883
0,3051758 0,1430511 0,07152557
0,6103516 0,1382828 0,06914139
0,6103516 0,1525879 0,07629395
0,6103516 0,1525879 0,07629395
0,6103516 0,1382828 0,06914139
0,6103516 0,1430511 0,07152557
0,3051758 0,09298325 0,04649162
0,6103516 0,1120567 0,05602837
0,6103516 0,1358986 0,0679493
0,6103516 0,1454353 0,07271767
0,6103516 0,1072884 0,05364418
0,6103516 0,1192093 0,05960464
0,6103516 0,1144409 0,05722046
0,6103516 0,140667 0,07033348
0,6103516 0,1549721 0,07748604
0,6103516 0,1454353 0,07271767
0,3051758 0,1168251 0,05841255
0,3051758 0,1168251 0,05841255
0,3051758 0,1263618 0,06318092
0,3051758 0,1549721 0,07748604
0,6103516 0,1335144 0,0667572
0,6103516 0,1454353 0,07271767
0,3051758 0,1168251 0,05841255
0,3051758 0,1239777 0,06198883
0,3051758 0,1311302 0,06556511
0,6103516 0,1430511 0,07152557
0,3051758 0,1168251 0,05841255
0,6103516 0,1525879 0,07629395
0,6103516 0,1215935 0,06079674
0,3051758 0,1215935 0,06079674
0,3051758 0,1525879 0,07629395
0,6103516 0,1502037 0,07510185
0,6103516 0,1573563 0,07867813
0,6103516 0,1358986 0,0679493
0,6103516 0,1192093 0,05960464
0,6103516 0,1168251 0,05841255
0,6103516 0,1525879 0,07629395
0,3051758 0,128746 0,06437302
0,6103516 0,1478195 0,07390976
0,3051758 0,1311302 0,06556511
0,6103516 0,1454353 0,07271767
0,6103516 0,1525879 0,07629395
0,6103516 0,1454353 0,07271767
0,6103516 0,166893 0,0834465
0,3051758 0,1335144 0,0667572
0,6103516 0,1430511 0,07152557
0,6103516 0,1573563 0,07867813
0,6103516 0,140667 0,07033348
0,3051758 0,128746 0,06437302
0,9155273 0,1478195 0,07390976
0,6103516 0,1430511 0,07152557
0,6103516 0,1072884 0,05364418
0,6103516 0,1144409 0,05722046
0,6103516 0,1382828 0,06914139
0,3051758 0,140667 0,07033348
0,3051758 0,1573563 0,07867813
0,6103516 0,128746 0,06437302
0,3051758 0,1263618 0,06318092
0,6103516 0,1382828 0,06914139
0,6103516 0,1502037 0,07510185
0,6103516 0,1215935 0,06079674
0,6103516 0,166893 0,0834465
0,6103516 0,1382828 0,06914139
0,3051758 0,1263618 0,06318092
0,3051758 0,1168251 0,05841255
0,6103516 0,1597404 0,07987022
0,6103516 0,1263618 0,06318092
0,3051758 0,1597404 0,07987022
0,6103516 0,128746 0,06437302
0,3051758 0,1192093 0,05960464
0,6103516 0,1382828 0,06914139
0,3051758 0,1573563 0,07867813
0,3051758 0,1454353 0,07271767
0,6103516 0,1239777 0,06198883
0,6103516 0,140667 0,07033348
0,3051758 0,1716614 0,08583069
0,6103516 0,1549721 0,07748604
0,6103516 0,1597404 0,07987022
0,3051758 0,1168251 0,05841255
0,3051758 0,128746 0,06437302
0,6103516 0,1478195 0,07390976
0,6103516 0,1597404 0,07987022
0,6103516 0,1621246 0,08106232
0,3051758 0,1335144 0,0667572
0,6103516 0,1573563 0,07867813
0,6103516 0,1573563 0,07867813
0,3051758 0,128746 0,06437302
0,3051758 0,1430511 0,07152557
0,3051758 0,140667 0,07033348
0,6103516 0,1239777 0,06198883
0,6103516 0,1549721 0,07748604
0,6103516 0,1311302 0,06556511
0,6103516 0,1716614 0,08583069
0,6103516 0,1502037 0,07510185
0,3051758 0,1597404 0,07987022
0,6103516 0,1382828 0,06914139
0,6103516 0,1311302 0,06556511
0,6103516 0,1716614 0,08583069
0,6103516 0,1597404 0,07987022
0,6103516 0,140667 0,07033348
0,3051758 0,1478195 0,07390976
0,6103516 0,1239777 0,06198883
0,3051758 0,1311302 0,06556511
0,6103516 0,1215935 0,06079674
0,3051758 0,1144409 0,05722046
0,3051758 0,1001358 0,0500679
0,6103516 0,1573563 0,07867813
0,6103516 0,1645088 0,08225441
0,6103516 0,1597404 0,07987022
0,6103516 0,1716614 0,08583069
0,6103516 0,1573563 0,07867813
0,3051758 0,1549721 0,07748604
0,6103516 0,1430511 0,07152557
0,6103516 0,1358986 0,0679493
0,6103516 0,10252 0,05125999
0,6103516 0,1358986 0,0679493
0,6103516 0,1502037 0,07510185
0,6103516 0,1621246 0,08106232
0,6103516 0,1621246 0,08106232
0,6103516 0,1525879 0,07629395
0,6103516 0,1168251 0,05841255
0,6103516 0,1811981 0,09059906
0,6103516 0,140667 0,07033348
0,6103516 0,1502037 0,07510185
0,6103516 0,128746 0,06437302
0,6103516 0,140667 0,07033348
0,3051758 0,140667 0,07033348
0,6103516 0,1430511 0,07152557
0,3051758 0,128746 0,06437302
0,6103516 0,128746 0,06437302
0,6103516 0,1382828 0,06914139
0,6103516 0,1597404 0,07987022
0,6103516 0,1716614 0,08583069
0,6103516 0,1430511 0,07152557
0,3051758 0,1454353 0,07271767
0,3051758 0,1502037 0,07510185
0,6103516 0,1597404 0,07987022
0,3051758 0,128746 0,06437302
0,3051758 0,1215935 0,06079674
0,6103516 0,1049042 0,05245209
0,3051758 0,1311302 0,06556511
0,6103516 0,1478195 0,07390976
0,3051758 0,1120567 0,05602837
0,6103516 0,140667 0,07033348
0,6103516 0,1001358 0,0500679
0,6103516 0,1311302 0,06556511
0,6103516 0,1430511 0,07152557
0,6103516 0,1144409 0,05722046
0,6103516 0,1239777 0,06198883
0,6103516 0,1263618 0,06318092
0,6103516 0,140667 0,07033348
0,6103516 0,1358986 0,0679493
0,6103516 0,1430511 0,07152557
0,6103516 0,1311302 0,06556511
0,3051758 0,1168251 0,05841255
0,6103516 0,1454353 0,07271767
0,6103516 0,1454353 0,07271767
0,3051758 0,1239777 0,06198883
0,6103516 0,1430511 0,07152557
0,6103516 0,1215935 0,06079674
0,6103516 0,1573563 0,07867813
0,6103516 0,1430511 0,07152557
0,6103516 0,140667 0,07033348
0,6103516 0,1478195 0,07390976
0,3051758 0,1120567 0,05602837
0,6103516 0,1549721 0,07748604
0,6103516 0,1382828 0,06914139
0,3051758 0,1382828 0,06914139
0,6103516 0,1454353 0,07271767
0,6103516 0,1454353 0,07271767
0,6103516 0,1621246 0,08106232
0,6103516 0,1263618 0,06318092
0,3051758 0,1049042 0,05245209
0,3051758 0,1382828 0,06914139
0,3051758 0,128746 0,06437302
0,3051758 0,1573563 0,07867813
0,6103516 0,1382828 0,06914139
0,3051758 0,128746 0,06437302
0,6103516 0,1430511 0,07152557
0,6103516 0,1502037 0,07510185
0,6103516 0,1311302 0,06556511
0,6103516 0,1430511 0,07152557
0,6103516 0,140667 0,07033348
0,6103516 0,1430511 0,07152557
0,3051758 0,1215935 0,06079674
0,6103516 0,1502037 0,07510185
0,6103516 0,1192093 0,05960464
0,6103516 0,1573563 0,07867813
0,3051758 0,1311302 0,06556511
0,6103516 0,1549721 0,07748604
0,3051758 0,1454353 0,07271767
0,3051758 0,140667 0,07033348
0,6103516 0,1335144 0,0667572
0,6103516 0,1597404 0,07987022
0,6103516 0,1144409 0,05722046
0,6103516 0,10252 0,05125999
0,6103516 0,1382828 0,06914139
0,6103516 0,128746 0,06437302
0,6103516 0,1597404 0,07987022
0,6103516 0,1692772 0,0846386
0,6103516 0,1525879 0,07629395
0,3051758 0,1478195 0,07390976
0,6103516 0,1716614 0,08583069
0,6103516 0,1192093 0,05960464
0,6103516 0,1597404 0,07987022
0,6103516 0,1358986 0,0679493
0,6103516 0,1335144 0,0667572
0,6103516 0,1311302 0,06556511
0,9155273 0,1764297 0,08821487
0,6103516 0,1502037 0,07510185
0,6103516 0,1740456 0,08702278
0,3051758 0,1597404 0,07987022
0,6103516 0,1645088 0,08225441
0,6103516 0,1430511 0,07152557
0,6103516 0,1430511 0,07152557
0,6103516 0,1263618 0,06318092
0,3051758 0,140667 0,07033348
0,6103516 0,1430511 0,07152557
0,6103516 0,1239777 0,06198883
0,6103516 0,1382828 0,06914139
0,6103516 0,1478195 0,07390976
0,6103516 0,1692772 0,0846386
0,9155273 0,1430511 0,07152557
0,3051758 0,1502037 0,07510185
0,6103516 0,1430511 0,07152557
0,6103516 0,1573563 0,07867813
0,6103516 0,1525879 0,07629395
0,6103516 0,140667 0,07033348
0,3051758 0,1335144 0,0667572
0,6103516 0,1525879 0,07629395
0,6103516 0,1335144 0,0667572
0,6103516 0,1907349 0,09536743
0,6103516 0,1430511 0,07152557
0,6103516 0,1740456 0,08702278
0,6103516 0,1335144 0,0667572
0,9155273 0,140667 0,07033348
0,6103516 0,1478195 0,07390976
0,6103516 0,1788139 0,08940697
0,6103516 0,1335144 0,0667572
0,6103516 0,1430511 0,07152557
0,3051758 0,1525879 0,07629395
0,6103516 0,1740456 0,08702278
0,6103516 0,140667 0,07033348
0,6103516 0,1835823 0,09179115
0,6103516 0,1573563 0,07867813
0,6103516 0,1430511 0,07152557
0,6103516 0,1525879 0,07629395
0,3051758 0,1192093 0,05960464
0,3051758 0,1621246 0,08106232
0,6103516 0,1358986 0,0679493
0,6103516 0,1692772 0,0846386
0,6103516 0,1502037 0,07510185
0,6103516 0,1382828 0,06914139
0,6103516 0,1358986 0,0679493
0,6103516 0,1621246 0,08106232
0,6103516 0,1740456 0,08702278
0,6103516 0,1716614 0,08583069
0,6103516 0,166893 0,0834465
0,6103516 0,1502037 0,07510185
0,6103516 0,1645088 0,08225441
0,6103516 0,1049042 0,05245209
0,3051758 0,1239777 0,06198883
0,3051758 0,140667 0,07033348
0,6103516 0,140667 0,07033348
0,6103516 0,166893 0,0834465
0,6103516 0,1907349 0,09536743
0,6103516 0,1525879 0,07629395
0,6103516 0,1645088 0,08225441
0,9155273 0,1358986 0,0679493
0,6103516 0,1573563 0,07867813
0,6103516 0,1502037 0,07510185
0,3051758 0,1478195 0,07390976
0,3051758 0,1478195 0,07390976
0,3051758 0,1597404 0,07987022
0,6103516 0,1692772 0,0846386
0,3051758 0,1454353 0,07271767
0,6103516 0,1621246 0,08106232
0,6103516 0,1502037 0,07510185
0,6103516 0,1692772 0,0846386
0,6103516 0,1621246 0,08106232
0,6103516 0,1478195 0,07390976
0,6103516 0,1859665 0,09298325
0,6103516 0,1621246 0,08106232
0,6103516 0,1621246 0,08106232
0,6103516 0,166893 0,0834465
0,3051758 0,1597404 0,07987022
0,6103516 0,1835823 0,09179115
0,6103516 0,1740456 0,08702278
0,6103516 0,1621246 0,08106232
0,6103516 0,1597404 0,07987022
0,6103516 0,1716614 0,08583069
0,6103516 0,1716614 0,08583069
0,6103516 0,1978874 0,09894371
0,3051758 0,1859665 0,09298325
0,6103516 0,1978874 0,09894371
0,6103516 0,1645088 0,08225441
0,6103516 0,1788139 0,08940697
0,6103516 0,1740456 0,08702278
0,3051758 0,1192093 0,05960464
0,6103516 0,1573563 0,07867813
0,6103516 0,1835823 0,09179115
0,6103516 0,1764297 0,08821487
0,6103516 0,1621246 0,08106232
0,6103516 0,1525879 0,07629395
0,6103516 0,1478195 0,07390976
0,6103516 0,1692772 0,0846386
0,6103516 0,1740456 0,08702278
0,6103516 0,1740456 0,08702278
0,6103516 0,1573563 0,07867813
0,6103516 0,1740456 0,08702278
0,6103516 0,193119 0,09655952
0,6103516 0,1811981 0,09059906
0,6103516 0,1740456 0,08702278
0,6103516 0,1811981 0,09059906
0,6103516 0,1907349 0,09536743
0,6103516 0,1788139 0,08940697
0,3051758 0,1549721 0,07748604
0,6103516 0,1692772 0,0846386
0,6103516 0,166893 0,0834465
0,6103516 0,1811981 0,09059906
0,6103516 0,2145767 0,1072884
0,6103516 0,2145767 0,1072884
0,6103516 0,1716614 0,08583069
0,6103516 0,140667 0,07033348
0,6103516 0,166893 0,0834465
0,6103516 0,1645088 0,08225441
0,6103516 0,1454353 0,07271767
0,6103516 0,2169609 0,1084805
0,6103516 0,1811981 0,09059906
0,6103516 0,2098083 0,1049042
0,6103516 0,1502037 0,07510185
0,6103516 0,1549721 0,07748604
0,6103516 0,1621246 0,08106232
0,6103516 0,1645088 0,08225441
0,6103516 0,1716614 0,08583069
0,3051758 0,140667 0,07033348
0,6103516 0,1835823 0,09179115
0,6103516 0,1716614 0,08583069
0,6103516 0,1740456 0,08702278
0,6103516 0,1788139 0,08940697
0,6103516 0,1645088 0,08225441
0,3051758 0,1716614 0,08583069
0,3051758 0,1621246 0,08106232
0,3051758 0,1454353 0,07271767
0,6103516 0,1764297 0,08821487
0,6103516 0,1692772 0,0846386
0,6103516 0,1525879 0,07629395
0,6103516 0,1883507 0,09417534
0,6103516 0,1692772 0,0846386
0,6103516 0,1597404 0,07987022
0,6103516 0,1692772 0,0846386
0,6103516 0,1811981 0,09059906
0,6103516 0,1955032 0,09775162
0,6103516 0,1978874 0,09894371
0,3051758 0,1311302 0,06556511
0,6103516 0,1859665 0,09298325
0,6103516 0,2098083 0,1049042
0,6103516 0,1740456 0,08702278
0,6103516 0,1764297 0,08821487
0,6103516 0,1907349 0,09536743
0,6103516 0,20504 0,10252
0,6103516 0,2074242 0,1037121
0,6103516 0,193119 0,09655952
0,6103516 0,1835823 0,09179115
0,6103516 0,1692772 0,0846386
0,6103516 0,1621246 0,08106232
0,9155273 0,166893 0,0834465
0,6103516 0,1955032 0,09775162
0,6103516 0,1716614 0,08583069
0,6103516 0,2026558 0,1013279
0,3051758 0,1549721 0,07748604
0,6103516 0,1788139 0,08940697
0,6103516 0,20504 0,10252
0,3051758 0,1597404 0,07987022
0,6103516 0,2145767 0,1072884
0,6103516 0,1740456 0,08702278
0,6103516 0,2002716 0,1001358
0,6103516 0,2026558 0,1013279
0,6103516 0,20504 0,10252
0,6103516 0,1692772 0,0846386
0,6103516 0,2169609 0,1084805
0,3051758 0,1883507 0,09417534
0,6103516 0,1811981 0,09059906
0,6103516 0,1835823 0,09179115
0,6103516 0,2121925 0,1060963
0,6103516 0,2121925 0,1060963
0,6103516 0,2241135 0,1120567
0,3051758 0,1811981 0,09059906
0,6103516 0,1859665 0,09298325
0,6103516 0,1716614 0,08583069
0,6103516 0,1764297 0,08821487
0,6103516 0,2574921 0,128746
0,6103516 0,20504 0,10252
0,6103516 0,1859665 0,09298325
0,6103516 0,1740456 0,08702278
0,6103516 0,1788139 0,08940697
0,6103516 0,2026558 0,1013279
0,3051758 0,1788139 0,08940697
0,6103516 0,193119 0,09655952
0,6103516 0,1978874 0,09894371
0,6103516 0,2241135 0,1120567
0,6103516 0,2026558 0,1013279
0,6103516 0,2002716 0,1001358
0,6103516 0,1835823 0,09179115
0,6103516 0,20504 0,10252
0,6103516 0,1835823 0,09179115
0,3051758 0,1549721 0,07748604
0,6103516 0,193119 0,09655952
0,6103516 0,2145767 0,1072884
0,6103516 0,1740456 0,08702278
0,6103516 0,1883507 0,09417534
0,6103516 0,2145767 0,1072884
0,6103516 0,2098083 0,1049042
0,3051758 0,2264977 0,1132488
0,6103516 0,1764297 0,08821487
0,6103516 0,231266 0,115633
0,6103516 0,1955032 0,09775162
0,6103516 0,2264977 0,1132488
0,6103516 0,1955032 0,09775162
0,6103516 0,1764297 0,08821487
0,6103516 0,1978874 0,09894371
0,6103516 0,193119 0,09655952
0,3051758 0,2002716 0,1001358
0,6103516 0,2264977 0,1132488
0,3051758 0,2169609 0,1084805
0,6103516 0,2217293 0,1108646
0,6103516 0,2145767 0,1072884
0,6103516 0,2074242 0,1037121
0,6103516 0,193119 0,09655952
0,6103516 0,2193451 0,1096725
0,6103516 0,2145767 0,1072884
0,6103516 0,2384186 0,1192093
0,6103516 0,2145767 0,1072884
0,6103516 0,1835823 0,09179115
0,6103516 0,20504 0,10252
0,6103516 0,2288818 0,1144409
0,6103516 0,1716614 0,08583069
0,6103516 0,2098083 0,1049042
0,6103516 0,2121925 0,1060963
0,6103516 0,2074242 0,1037121
0,6103516 0,1955032 0,09775162
0,6103516 0,2217293 0,1108646
0,6103516 0,2217293 0,1108646
0,6103516 0,2193451 0,1096725
0,6103516 0,2384186 0,1192093
0,6103516 0,2121925 0,1060963
0,6103516 0,2336502 0,1168251
0,6103516 0,2121925 0,1060963
0,6103516 0,1978874 0,09894371
0,6103516 0,2264977 0,1132488
0,6103516 0,2551079 0,1275539
0,6103516 0,2336502 0,1168251
0,6103516 0,2026558 0,1013279
0,9155273 0,2503395 0,1251698
0,6103516 0,2217293 0,1108646
0,6103516 0,193119 0,09655952
0,6103516 0,2217293 0,1108646
0,6103516 0,243187 0,1215935
0,6103516 0,2098083 0,1049042
0,6103516 0,2145767 0,1072884
0,6103516 0,2384186 0,1192093
0,6103516 0,2074242 0,1037121
0,6103516 0,243187 0,1215935
0,6103516 0,2408028 0,1204014
0,6103516 0,2360344 0,1180172
0,6103516 0,2098083 0,1049042
0,6103516 0,2193451 0,1096725
0,6103516 0,2264977 0,1132488
0,6103516 0,2193451 0,1096725
0,6103516 0,2455711 0,1227856
0,9155273 0,2360344 0,1180172
0,6103516 0,2622604 0,1311302
0,6103516 0,2026558 0,1013279
0,6103516 0,243187 0,1215935
0,6103516 0,2503395 0,1251698
0,6103516 0,269413 0,1347065
0,6103516 0,2408028 0,1204014
0,6103516 0,2360344 0,1180172
0,6103516 0,2574921 0,128746
0,6103516 0,2455711 0,1227856
0,6103516 0,243187 0,1215935
0,6103516 0,2503395 0,1251698
0,6103516 0,2646446 0,1323223
0,6103516 0,2384186 0,1192093
0,6103516 0,2598763 0,1299381
0,6103516 0,2503395 0,1251698
0,6103516 0,2408028 0,1204014
0,6103516 0,2527237 0,1263618
0,6103516 0,2527237 0,1263618
0,6103516 0,2551079 0,1275539
0,6103516 0,269413 0,1347065
0,6103516 0,2670288 0,1335144
0,9155273 0,30756 0,15378
0,6103516 0,2765656 0,1382828
0,6103516 0,2861023 0,1430511
0,6103516 0,2741814 0,1370907
0,6103516 0,2622604 0,1311302
0,6103516 0,2527237 0,1263618
0,6103516 0,269413 0,1347065
0,6103516 0,2813339 0,140667
0,6103516 0,3004074 0,1502037
0,6103516 0,2884865 0,1442432
0,6103516 0,2813339 0,140667
0,6103516 0,2837181 0,1418591
0,6103516 0,2717972 0,1358986
0,6103516 0,2598763 0,1299381
0,6103516 0,2837181 0,1418591
0,6103516 0,2837181 0,1418591
0,6103516 0,2622604 0,1311302
0,6103516 0,2717972 0,1358986
0,6103516 0,3147125 0,1573563
0,6103516 0,3266335 0,1633167
0,6103516 0,3170967 0,1609325
0,6103516 0,2908707 0,1454353
0,6103516 0,3027916 0,1513958
0,6103516 0,3147125 0,1609325
0,6103516 0,3147125 0,1573563
0,6103516 0,2908707 0,1454353
0,6103516 0,2765656 0,1382828
0,6103516 0,295639 0,1478195
0,6103516 0,3194809 0,1597404
0,6103516 0,3004074 0,1502037
0,6103516 0,30756 0,15378
0,9155273 0,3123283 0,1561642
0,6103516 0,3147125 0,1573563
0,6103516 0,3242493 0,1633167
0,9155273 0,3242493 0,1776218
0,6103516 0,3266335 0,1633167
0,6103516 0,3266335 0,1716614
0,9155273 0,333786 0,1835823
0,9155273 0,333786 0,1704693
0,6103516 0,3123283 0,1561642
0,6103516 0,3218651 0,1859665
0,6103516 0,3218651 0,1823902
0,6103516 0,3266335 0,193119
0,6103516 0,3385544 0,2110004
0,6103516 0,3314018 0,1776218
0,9155273 0,3218651 0,1859665
0,9155273 0,333786 0,1895428
0,6103516 0,3194809 0,1823902
0,6103516 0,3194809 0,1847744
0,9155273 0,3385544 0,2002716
0,6103516 0,3170967 0,1823902
0,6103516 0,3385544 0,2002716
0,6103516 0,3194809 0,1764297
0,6103516 0,3242493 0,1823902
0,6103516 0,3242493 0,1740456
0,6103516 0,3409386 0,218153
0,6103516 0,3266335 0,1859665
0,9155273 0,3385544 0,1990795
0,6103516 0,3409386 0,20504
0,6103516 0,3266335 0,2026558
0,6103516 0,3242493 0,1859665
0,6103516 0,333786 0,2169609
0,9155273 0,3409386 0,191927
0,6103516 0,3242493 0,1966953
0,9155273 0,3361702 0,2157688
0,6103516 0,3314018 0,2014637
0,6103516 0,3314018 0,2110004
0,6103516 0,3290176 0,2026558
0,9155273 0,3433228 0,2133846
0,6103516 0,3242493 0,1943111
0,6103516 0,3266335 0,2074242
0,9155273 0,3385544 0,2038479
0,9155273 0,3409386 0,2110004
0,6103516 0,3314018 0,2026558
0,6103516 0,3314018 0,2014637
0,9155273 0,333786 0,2121925
0,6103516 0,3528595 0,2419949
0,6103516 0,3314018 0,2145767
0,6103516 0,3170967 0,1871586
0,6103516 0,3361702 0,2241135
0,9155273 0,3528595 0,2217293
0,9155273 0,371933 0,2527237
0,6103516 0,3290176 0,2253056
0,6103516 0,3242493 0,2110004
0,9155273 0,3504753 0,2205372
0,9155273 0,3361702 0,2086163
0,6103516 0,3433228 0,2217293
0,9155273 0,3528595 0,2288818
0,6103516 0,333786 0,2229214
0,6103516 0,3480911 0,2264977
0,6103516 0,3504753 0,2253056
0,6103516 0,3457069 0,231266
0,9155273 0,3409386 0,2264977
0,9155273 0,3600121 0,2336502
0,9155273 0,3457069 0,244379
0,9155273 0,3504753 0,244379
1,220703 0,3767014 0,2563
0,9155273 0,3600121 0,2610683
0,9155273 0,3314018 0,2217293
1,220703 0,3671646 0,2539158
0,9155273 0,3647804 0,2622604
0,6103516 0,3528595 0,2479553
0,6103516 0,3600121 0,2503395
0,6103516 0,3528595 0,2717972
0,6103516 0,3480911 0,2419949
0,6103516 0,3647804 0,2574921
0,6103516 0,3671646 0,2503395
0,9155273 0,3767014 0,2706051
0,9155273 0,3767014 0,2682209
0,6103516 0,3647804 0,2574921
0,6103516 0,3480911 0,2515316
0,6103516 0,3743172 0,2861023
0,6103516 0,3743172 0,2658367
0,6103516 0,3576279 0,2670288
0,9155273 0,371933 0,2717972
0,9155273 0,3767014 0,2872944
0,9155273 0,3528595 0,2515316
0,9155273 0,3838539 0,2777576
0,6103516 0,3767014 0,2837181
0,9155273 0,4005432 0,282526
0,9155273 0,3671646 0,2765656
0,9155273 0,3862381 0,295639
0,9155273 0,3910065 0,2837181
0,9155273 0,3790855 0,2896786
0,9155273 0,3886223 0,3004074
0,9155273 0,3790855 0,2765656
0,9155273 0,4005432 0,3111362
0,9155273 0,3790855 0,2789497
0,9155273 0,3671646 0,295639
0,9155273 0,4053116 0,3111362
0,9155273 0,3933907 0,295639
0,9155273 0,41008 0,3123283
0,9155273 0,4029274 0,3015995
0,9155273 0,3910065 0,3051758
0,9155273 0,3767014 0,2992153
0,9155273 0,4243851 0,3302097
0,9155273 0,41008 0,3218651
0,9155273 0,41008 0,3123283
0,9155273 0,3933907 0,2992153
0,9155273 0,4029274 0,320673
0,9155273 0,4029274 0,3182888
0,9155273 0,4220009 0,3314018
0,9155273 0,3838539 0,3004074
1,220703 0,4220009 0,3349781
0,9155273 0,4172325 0,3349781
0,9155273 0,4124641 0,3182888
0,9155273 0,4053116 0,3182888
0,9155273 0,4029274 0,3111362
0,9155273 0,4053116 0,320673
0,9155273 0,3933907 0,2968311
0,9155273 0,4029274 0,3135204
0,9155273 0,4172325 0,320673
0,6103516 0,3957748 0,3194809
1,525879 0,3886223 0,3111362
1,220703 0,4267693 0,3290176
0,6103516 0,3933907 0,3147125
0,9155273 0,4315376 0,3397465
0,9155273 0,4792213 0,3683567
1,220703 0,4386902 0,3385544
0,9155273 0,4172325 0,3290176
0,9155273 0,436306 0,3397465
0,9155273 0,462532 0,3552437
0,9155273 0,4339218 0,3504753
0,9155273 0,4339218 0,3457069
0,9155273 0,4386902 0,3409386
0,9155273 0,436306 0,3564358
1,220703 0,4720688 0,3635883
0,9155273 0,4577637 0,3480911
0,9155273 0,4339218 0,3445148
1,220703 0,4291534 0,3433228
0,9155273 0,4386902 0,3492832
0,9155273 0,4482269 0,3576279
1,220703 0,4816055 0,3707409
0,9155273 0,4768372 0,3647804
1,220703 0,4720688 0,3695488
1,220703 0,474453 0,3755093
1,220703 0,4482269 0,35882
1,220703 0,4816055 0,3778934
1,220703 0,5269051 0,3957748
1,220703 0,4649162 0,3635883
1,220703 0,5125999 0,3993511
0,9155273 0,4887581 0,3802776
0,9155273 0,4982948 0,3838539
1,220703 0,5102158 0,4041195
1,220703 0,4863739 0,3838539
1,220703 0,5483627 0,4184246
0,9155273 0,5483627 0,4172325
1,220703 0,5722046 0,4220009
1,220703 0,6008148 0,4398823
1,220703 0,5602837 0,4196167
1,220703 0,6079674 0,4541874
1,525879 0,6389618 0,4696846
1,220703 0,6055832 0,4482269
1,525879 0,6127357 0,4541874
1,220703 0,5865097 0,4386902
1,220703 0,576973 0,4351139
1,525879 0,6508827 0,474453
1,220703 0,6699562 0,5042553
1,525879 0,6771088 0,5042553
1,220703 0,667572 0,4959106
1,220703 0,679493 0,5161762
1,220703 0,6842613 0,5090237
1,220703 0,705719 0,5400181
1,831055 0,7271767 0,5578995
2,13623 0,7486343 0,5888939
1,525879 0,7820129 0,6091595
1,525879 0,7915497 0,6210804
1,831055 0,8559227 0,6711483
2,13623 0,9441376 0,731945
1,831055 1,001358 0,7641315
2,746582 1,125336 0,8487701
2,441406 1,187325 0,910759
2,441406 1,320839 1,019239
2,746582 1,456738 1,126528
2,746582 1,516342 1,181364
3,051758 1,792908 1,394749
3,662109 1,928806 1,50919
3,356934 2,095699 1,671314
3,356934 2,183914 1,752377
4,882813 2,372265 1,94788
3,967285 2,474785 2,017021
4,882813 2,636909 2,146959
4,577637 2,808571 2,287626
4,577637 2,908707 2,355576
4,577637 3,013611 2,429485
5,493164 3,125668 2,549887
5,187988 3,283024 2,646446
5,79834 3,511906 2,850294
5,493164 3,545284 2,845526
6,713867 3,652573 2,974272
5,493164 3,809929 3,156662
5,79834 4,005432 3,281832
6,408691 4,081726 3,409386
6,408691 4,141331 3,429651
6,713867 4,277229 3,563166
8,239746 4,446507 3,745556
7,019043 4,630089 3,848076
7,629395 4,737377 3,955364
7,629395 4,832745 4,006624
8,239746 5,030632 4,224777
7,629395 5,023479 4,221201
8,239746 5,347729 4,427433
8,544922 5,49078 4,5681
7,629395 5,352497 4,531145
7,93457 5,452633 4,593134
8,239746 5,488396 4,473925
9,460449 5,719662 4,740953
8,544922 5,781651 4,719496
9,155273 5,774498 4,844666
10,0708 6,318092 5,34296
9,460449 6,33955 5,270243
9,765625 6,508827 5,451441
9,460449 6,6185 5,640984
9,460449 6,775856 5,702972
12,81738 7,095337 5,959272
10,0708 7,116795 5,991459
11,2915 7,460117 6,257296
12,20703 7,481575 6,403923
10,98633 7,579327 6,3622
11,2915 7,667542 6,433725
11,2915 7,824898 6,560087
12,20703 7,841587 6,632805
13,12256 8,03709 6,738901
11,90186 8,044243 6,725788
12,81738 8,00848 6,835461
13,73291 8,091927 6,805658
11,2915 8,1563 6,937981
11,59668 8,170605 6,933212
12,81738 8,451939 7,225275
13,12256 8,540154 7,164478
11,59668 8,432865 7,152557
11,2915 8,401871 7,152557
14,03809 8,413792 7,169247
13,73291 8,745193 7,23362
13,42773 8,795261 7,423162
13,73291 8,659363 7,237196
13,12256 8,637905 7,252693
12,51221 8,671284 7,293224
16,47949 8,87394 7,497072
12,20703 8,80003 7,497072
13,42773 8,907318 7,697344
13,12256 8,916855 7,455349
12,81738 8,933544 7,545948
11,59668 9,064674 7,686615
14,64844 9,214878 7,8547
12,81738 9,255409 7,822514
14,03809 9,448528 8,040667
14,03809 9,458065 8,125305
14,95361 9,710789 8,182526
15,25879 9,725094 8,194447
15,25879 9,615421 8,099079
16,17432 9,973049 8,313656
14,03809 9,963512 8,425713
14,34326 10,04457 8,614063
16,17432 10,45227 8,724928
14,64844 10,21862 8,608103
16,78467 10,43558 8,80599
17,7002 10,18763 8,506775
16,17432 10,46419 8,940697
18,61572 10,66208 8,956194
18,00537 10,45465 8,949041
14,95361 10,66208 8,981228
16,78467 10,79798 9,026527
21,3623 10,70261 9,154081
15,25879 10,75268 8,962154
16,47949 10,96725 9,101629
16,17432 10,74553 9,021759
18,31055 10,83374 9,201765
