0,6103516 0,2829233 0,211398
0,8138021 0,2892812 0,2257032
0,8138021 0,3178916 0,2304716
0,6103516 0,2861023 0,2098085
0,8138021 0,3242495 0,2384189
0,6103516 0,2797444 0,2129874
0,6103516 0,2892812 0,2336505
0,6103516 0,2670287 0,2050401
0,6103516 0,3115338 0,2225243
0,6103516 0,2797444 0,2129875
0,6103516 0,2956391 0,2272927
0,8138021 0,3147127 0,2368295
0,8138021 0,3019969 0,2241137
0,6103516 0,3147127 0,2479557
0,6103516 0,3306074 0,2415979
0,6103516 0,2861023 0,2257032
0,8138021 0,3242495 0,2368295
0,6103516 0,3274285 0,2447768
0,6103516 0,3465019 0,2495451
0,6103516 0,3274285 0,2511347
0,6103516 0,3369653 0,255903
0,8138021 0,3147127 0,2336505
0,8138021 0,2924601 0,2241137
0,6103516 0,301997 0,2415978
0,6103516 0,3210706 0,2400084
0,6103516 0,3051759 0,23524
1,017253 0,298818 0,2241137
0,8138021 0,3401442 0,2511346
0,6103516 0,2861023 0,2225242
0,8138021 0,3306074 0,2543135
0,6103516 0,2892812 0,2272926
0,6103516 0,2861023 0,2225242
0,6103516 0,3051759 0,2384189
0,6103516 0,2956391 0,2241137
0,8138021 0,3401442 0,2511347
0,6103516 0,298818 0,2272927
0,6103516 0,2988181 0,2400084
0,6103516 0,3147127 0,23524
0,6103516 0,3147127 0,2400084
0,6103516 0,298818 0,232061
0,8138021 0,3083548 0,2431873
0,6103516 0,3274285 0,2447768
0,6103516 0,346502 0,2590819
0,8138021 0,3210706 0,2415979
0,6103516 0,2956391 0,232061
0,8138021 0,3496809 0,2606713
0,6103516 0,3147127 0,2336506
0,8138021 0,3210706 0,2447768
0,6103516 0,3115338 0,2400084
0,8138021 0,3337863 0,2527241
1,017253 0,3306074 0,2527241
0,8138021 0,3910065 0,2892812
0,6103516 0,3242495 0,238419
0,6103516 0,3210706 0,2495452
0,6103516 0,3274285 0,2543136
0,6103516 0,3337863 0,255903
0,8138021 0,3560387 0,2574924
0,8138021 0,4005432 0,2972284
0,6103516 0,3465019 0,2606713
0,8138021 0,3465019 0,2590818
0,8138021 0,3178917 0,2400084
0,6103516 0,3274285 0,2527241
0,6103516 0,3115338 0,2447768
0,6103516 0,3369652 0,2574924
0,6103516 0,3369653 0,2527241
0,8138021 0,3687542 0,2781551
0,6103516 0,3274285 0,255903
0,6103516 0,3337863 0,2543136
0,8138021 0,3210706 0,2511346
0,6103516 0,3560386 0,2733868
0,8138021 0,3814698 0,2749762
0,6103516 0,3496808 0,2702079
0,8138021 0,3941855 0,2845128
1,017253 0,3910066 0,2876917
0,8138021 0,3973643 0,2972284
0,6103516 0,3623964 0,2733868
0,8138021 0,4196167 0,3051755
0,8138021 0,3560387 0,2717974
0,8138021 0,4069011 0,3004073
0,6103516 0,3687542 0,281334
0,8138021 0,4323323 0,3131227
0,8138021 0,4227955 0,3115333
0,8138021 0,4164377 0,3019966
0,8138021 0,4323323 0,3099439
0,8138021 0,4323322 0,3115333
0,8138021 0,4450478 0,3417327
0,8138021 0,4482267 0,3210699
0,8138021 0,473658 0,3353748
0,8138021 0,4259744 0,3099439
0,8138021 0,470479 0,3576273
0,8138021 0,470479 0,3512694
0,8138021 0,4577635 0,3258382
0,8138021 0,4927314 0,3782904
0,8138021 0,4927314 0,370343
1,017253 0,4863736 0,3576272
0,8138021 0,4895525 0,3623956
0,8138021 0,4927314 0,3782904
0,8138021 0,5118049 0,3925956
0,8138021 0,5276996 0,4116693
1,017253 0,5976362 0,4593534
1,017253 0,5912782 0,4529954
1,220703 0,6516777 0,4911426
1,424154 0,6484987 0,49909
1,017253 0,7406872 0,5435951
1,424154 0,7947288 0,6055831
1,424154 0,8138022 0,6246562
1,831055 0,8996323 0,6961814
1,627604 0,9822839 0,7740652
2,034505 1,010894 0,7645283
2,034505 1,077652 0,8217494
1,627604 1,058579 0,8281073
2,237956 1,138052 0,8837389
1,831055 1,163483 0,8996335
2,034505 1,255671 1,010895
2,644857 1,408258 1,090367
2,848307 1,420974 1,103083
2,644857 1,589458 1,196861
3,255208 1,659394 1,273156
2,644857 1,67211 1,29064
2,644857 1,742045 1,31925
3,255208 1,904169 1,463889
3,458659 2,009073 1,57833
3,66211 2,075831 1,613299
3,458659 2,247493 1,748403
3,86556 2,425511 1,87397
4,069011 2,489088 1,951853
4,272461 2,651216 2,096494
4,475912 2,724331 2,072652
4,272461 2,756119 2,277692
5,086263 3,048578 2,438227
4,272461 2,997715 2,415974
6,103515 3,204346 2,560616
4,882813 3,391902 2,757707
5,493164 3,423691 2,729097
5,086263 3,385544 2,717972
5,493164 3,554025 2,924602
5,696614 3,588994 2,918244
5,493164 3,528596 2,865791
4,679362 3,474553 2,867382
5,086263 3,601709 2,983411
5,289713 3,738403 3,120104
5,086263 3,751119 3,053347
4,882813 3,719331 3,101031
4,882813 3,550846 2,913475
5,086263 3,709794 3,054936
5,086263 3,693899 3,094674
5,289714 3,716151 3,070831
5,493165 3,687541 2,997716
5,696614 3,821055 3,175735
4,679362 3,646215 3,023147
5,696614 3,719331 3,04699
4,882813 3,735224 3,064473
5,493165 3,922781 3,210704
5,086263 3,722509 3,043811
4,882813 3,66211 2,992949
5,289714 3,623963 2,965926
5,493165 3,712973 3,086725
6,103515 3,763835 3,140767
6,103516 3,856023 3,175735
5,493164 3,846486 3,153482
5,289714 4,059474 3,315608
6,103516 4,09762 3,356934
5,696614 3,980001 3,291767
6,103516 4,01179 3,320377
6,103515 4,034043 3,298125
5,493165 4,069011 3,310841
6,510416 4,33286 3,566742
5,696615 4,192988 3,430049
6,103516 4,301071 3,63032
6,713867 4,345575 3,509521
6,103516 4,243851 3,635089
5,900065 4,342397 3,506342
6,510416 4,418692 3,700257
6,306966 4,371007 3,63032
7,527669 4,234313 3,550847
6,306966 4,56492 3,808339
6,917317 4,701615 3,908476
7,120767 4,638037 3,794035
6,713867 4,796982 4,000664
6,713867 4,701616 3,887815
6,510417 4,89235 4,110336
6,103515 4,806518 4,034043
8,341469 4,854202 4,09762
6,306967 4,901885 4,065832
6,306966 4,841486 3,932317
6,917317 4,89235 4,181863
7,120766 5,076727 4,15961
6,713867 5,032223 4,21683
6,306965 5,022687 4,262925
7,527668 5,18799 4,185041
7,120768 5,025864 4,285177
7,120768 5,025866 4,299482
6,917316 5,324682 4,475911
9,358724 5,235672 4,445712
7,52767 5,276999 4,366239
7,731119 5,53767 4,547438
8,748372 5,518596 4,544259
7,324219 5,633038 4,836719
8,341471 5,826949 4,92255
8,544921 6,132126 5,151431
7,324216 5,763372 4,963876
8,138021 5,820593 4,849432
9,155272 6,173452 5,141894
9,358722 6,097157 5,162558
8,544921 6,0908 5,192757
8,544921 6,278356 5,366007
9,358724 6,17663 5,165734
8,341471 6,237031 5,408923
8,74837 6,465912 5,408922
8,74837 6,602604 5,574226
8,748372 6,297429 5,24203
8,748373 6,634394 5,551974
8,54492 6,481808 5,432765
8,54492 6,462733 5,5329
8,341472 6,504057 5,416868
7,934571 6,275177 5,338985
8,544919 6,500879 5,580584
8,54492 6,50088 5,521773
7,934569 6,326039 5,340575
8,951821 6,586709 5,669592
8,748371 6,583532 5,615552
8,54492 6,424586 5,486805
8,544922 6,430943 5,337397
8,748372 6,780626 5,768143
10,17253 6,853737 5,834896
8,951822 6,710688 5,707742
9,358725 6,806057 5,604427
8,544922 6,688437 5,685489
8,951821 6,930033 5,911191
9,562171 6,6789 5,691848
9,358722 6,923674 5,760191
10,37598 7,123946 6,084442
9,562174 6,869634 5,74271
9,765623 6,825129 5,803111
10,37598 7,022222 5,962055
10,37598 7,162093 6,046294
8,748372 7,047654 6,060598
9,765624 6,980897 5,957284
10,37598 7,568993 6,41187
8,951822 6,818771 5,71251
9,765623 7,263818 6,283124
9,765624 7,381439 6,340345
10,57943 7,375081 6,160738
10,98633 7,540383 6,35465
9,562174 7,37826 6,292661
9,969076 7,416406 6,314913
10,37598 7,648468 6,50247
10,98633 7,673899 6,450017
9,969073 7,553102 6,333987
9,765624 7,568995 6,233851
10,78288 7,661182 6,429353
12,00358 8,023581 6,694794
10,17253 7,807413 6,496109
10,78288 7,826488 6,647113
11,18978 8,147555 6,890295
10,98633 8,322399 7,069907
11,18978 8,598962 7,378259
11,18978 8,37644 7,238389
11,18978 8,586248 7,367134
11,59668 8,544922 7,22885
10,37597 8,618034 7,383027
11,18978 8,220673 6,893476
11,80013 8,856454 7,575351
12,00358 8,583066 7,451374
10,57943 8,738833 7,281302
10,98633 8,799237 7,522901
12,61393 8,818307 7,252693
11,59668 8,761086 7,52449
11,59668 8,675253 7,197059
12,00358 8,986793 7,675491
11,80013 9,113948 7,678669
12,61393 9,234745 7,896423
10,98633 8,818309 7,433891
14,85189 9,314219 7,715225
12,81739 9,358722 8,041063
12,00358 9,457273 8,036295
12,81738 9,476342 8,106231
11,80013 9,202954 7,974307
13,42774 9,320578 7,783574
12,61393 9,444557 8,093517
13,63119 9,670259 8,217492
13,63119 9,489058 7,99974
13,63119 9,469985 8,006095
12,41048 9,336473 7,901192
13,63119 9,469986 7,971128
12,00358 9,826023 8,427301
11,59668 9,533566 8,215904
12,00358 9,441379 8,090337
13,02083 9,49224 8,257232
12,61393 9,380975 7,960001
13,42774 9,530386 8,147557
12,61393 9,51449 8,069674
12,00358 9,323756 7,96318
12,00358 9,533566 8,050602
13,22428 9,778339 8,187294
13,02083 9,905499 8,276304
12,41048 9,593961 8,347827
12,41048 9,527208 8,238158
12,81738 9,368263 8,107822
12,41048 9,625755 8,234979
12,00358 9,358726 7,921855
13,22428 9,311042 7,859867
12,41048 9,52403 8,095106
11,80013 9,930929 8,441608
12,20703 9,835558 8,489291
12,41048 9,768805 8,282662
12,61393 9,422302 8,020402
12,41048 9,870532 8,373261
13,83464 10,18842 8,613267
13,02083 9,733835 8,398688
11,80013 9,473167 8,277894
12,81739 9,711585 8,298553
12,41048 9,682971 8,188882
13,22429 10,05173 8,651419
15,46224 10,05809 8,686385
12,61393 9,937285 8,57989
14,03809 10,04219 8,471807
14,24154 10,00087 8,570354
12,61393 9,57807 8,166632
12,81738 9,905498 8,451144
13,83464 10,16617 8,519487
12,81738 9,908674 8,514719
12,41048 10,08987 8,637109
14,64844 10,40141 8,800824
13,42774 10,41413 8,838973
13,42774 10,32511 8,699099
13,63119 9,984972 8,66413
14,24154 10,51903 9,094877
13,42773 10,32512 8,776984
14,44499 10,7034 9,179112
14,03808 10,55081 9,129841
15,05534 10,47134 9,037656
13,63119 10,7797 9,353955
14,85189 10,88778 9,495417
13,83464 10,74155 9,469984
14,03809 10,97361 9,377798
15,05534 10,8846 9,266536
15,05534 10,80831 9,125074
14,85189 11,01812 9,582841
15,25879 10,96408 9,346004
13,22428 10,70658 9,067853
13,22428 11,23428 9,703636
14,64844 11,24382 9,593963
14,24154 11,32647 9,77834
14,85189 11,37098 9,420717
13,42774 11,23428 9,558995
13,63119 11,25336 9,667078
13,63119 11,25654 9,881654
13,83464 11,37098 9,818077
15,25879 11,32329 9,851457
15,05534 11,65708 10,03107
16,07259 11,59668 10,00086
14,44499 11,73973 9,690922
15,05534 11,55853 10,16458
15,05534 11,55853 9,72112
14,44499 11,51721 10,14233
15,46224 11,8955 10,26312
16,88639 11,94954 10,00245
14,85188 11,97815 10,61916
15,86914 12,18796 10,33942
15,46224 11,80331 10,10418
15,86914 12,22611 10,62075
14,64844 11,92093 10,07398
15,25879 11,99086 10,39346
15,46224 11,94636 10,23292
15,46224 11,96861 10,26472
15,86914 12,10849 10,41094
16,47949 12,10849 10,38869
15,86914 12,1371 10,67797
16,47949 12,7093 10,79877
16,4795 12,6489 10,63824
17,29329 12,82056 10,69069
15,46224 12,63618 10,71771
17,90365 12,48042 10,52379
17,70019 12,43591 10,69387
16,88639 12,62347 10,68433
15,25879 13,09077 11,19613
16,47949 13,03673 11,19455
15,66569 12,65208 10,98474
16,68294 13,24336 11,49495
16,0726 13,04627 11,35031
17,29329 13,08441 11,03083
17,08985 13,31965 11,49018
17,08984 13,54853 11,60463
16,47949 13,35144 11,34078
16,4795 13,22429 11,51562
18,9209 13,72656 11,76676
20,54851 13,95543 11,93682
19,93815 13,75198 12,00835
19,7347 14,00948 12,04014
16,88639 14,13663 12,54558
18,92089 13,92047 12,17524
19,3278 14,34008 12,14822
17,7002 13,96179 11,81603
17,90365 14,30511 12,26584
17,90365 14,1875 12,19432
20,1416 14,54989 12,44545
17,90365 14,56897 12,54559
18,514 14,3083 12,43273
18,514 14,43545 12,46293
18,71745 15,11574 13,12256
20,1416 15,03627 13,07805
20,75195 15,47178 13,49608
19,7347 15,6943 13,4929
23,60026 16,58121 13,83463
20,75195 16,68294 13,86324
24,82096 17,84325 15,3478
23,19336 17,98948 15,66887
23,60026 18,88911 16,2681
23,80371 18,64751 15,84053
26,04167 18,97494 16,03285
24,21062 19,59165 16,65115
27,66928 19,92225 17,0056
29,90723 19,9763 17,26786
26,44857 20,49128 17,74628
24,61751 20,57711 17,70496
27,26237 21,2415 18,08484
26,65202 21,11117 18,08485
31,7383 21,47039 18,13729
29,70378 21,95676 18,63956
30,51759 22,54168 18,97812
31,94175 23,12342 19,81735
31,73829 24,01352 20,42452
37,43492 23,46039 19,44383
39,06253 25,22786 20,7901
40,48668 26,00988 21,52602
43,94532 25,90497 21,70722
43,74187 27,469 22,55122
40,07977 27,16383 22,69427
44,96258 28,64202 23,54145
43,13153 30,66382 24,57461
46,18328 33,42947 26,75852
50,25228 34,37679 26,90951
43,13153 34,3895 27,98557
47,20051 35,61021 29,01872
52,89711 35,55935 29,62113
49,03158 35,94399 29,39066
58,59371 35,71193 29,75941
49,23503 38,39811 31,93219
51,06607 37,72736 31,30914
50,65917 40,71555 33,20695
65,30756 42,39718 35,0364
52,28677 41,05569 34,30844
56,96611 40,39765 32,99237
54,52472 42,39717 35,4449
56,96612 42,52116 35,85975
57,77991 43,23642 36,61633
56,15231 44,21551 38,22485
56,96611 43,15377 35,94558
56,15232 43,36039 36,1983
55,54196 44,29499 37,05979
56,35577 46,20869 38,67625
55,94886 44,686 38,4442
53,91438 44,70506 37,16151
56,35577 45,02296 37,67649
56,76265 46,84448 40,35155
57,16957 45,47437 39,49801
58,59371 46,77772 39,2278
58,59372 47,57246 38,86859
56,15234 45,90989 37,60974
57,57647 46,68872 39,63947
57,98335 46,95256 40,24028
55,94887 47,17509 40,75846
57,16956 47,24501 40,19259
59,61097 48,28453 40,3293
58,59372 46,92395 40,18465
59,81441 49,12058 41,99187
60,01786 48,09061 40,72985
60,62822 49,84219 43,64808
62,45926 49,87079 41,9267
59,61096 49,99477 42,91376
62,66271 50,8054 43,99935
62,05235 49,94392 42,13173
62,66271 46,93031 38,71759
62,25579 49,64191 41,87107
59,61097 49,0284 42,3193
61,84892 49,9026 43,12038
57,77992 49,18733 42,634
70,59724 50,97389 41,44667
61,03512 49,78179 42,50684
67,5455 51,07879 43,26025
61,23856 50,23002 43,0568
60,62822 50,54155 42,81202
61,44201 50,72593 42,56567
60,6282 51,73046 44,21074
64,90067 50,93893 43,62744
60,83166 50,04247 43,05363
60,42477 51,16143 43,6926
61,23857 51,84172 45,28999
64,69721 50,75454 42,73732
60,83166 50,63055 43,03933
63,8834 50,97706 44,10902
60,62821 51,00248 42,67373
65,71446 52,13736 42,24776
62,05236 51,27271 43,19984
64,90066 51,46026 42,06974
65,71446 51,54609 44,86403
62,25581 51,20594 43,91989
68,76621 52,04517 44,51116
63,27304 50,65281 41,90922
64,08685 52,7509 45,25979
56,76268 50,59241 42,40353
63,88341 52,44888 45,35039
63,06961 52,84943 46,14989
61,23857 51,49204 44,35539
68,15585 51,77496 44,33632
60,62822 51,28223 43,50184
66,73171 51,83854 44,27751
67,13862 52,94163 45,87649
61,442 50,78951 43,72913
75,2766 53,3072 45,3647
70,59725 52,64915 45,0611
62,45926 52,6587 45,5443
65,91791 52,56334 45,29634
63,88341 51,47934 44,91169
62,05237 52,45524 45,28363
67,54551 52,3885 44,70666
64,49377 52,84307 45,35833
61,64547 51,31403 44,4889
62,86617 51,95617 44,08995
60,01785 51,95299 45,29476
62,25582 51,92438 44,28864
60,83168 51,47932 45,47913
62,25582 53,13237 47,4437
64,2903 52,39487 46,13242
