0,6103516 0,2892812 0,2209348
0,6103516 0,301997 0,2304716
0,6103516 0,2606708 0,2129874
0,6103516 0,3083548 0,2225243
0,6103516 0,2892812 0,2177559
0,8138021 0,3210706 0,2400084
0,4069011 0,2892812 0,2145769
0,6103516 0,2956391 0,2098086
0,8138021 0,3147127 0,2320611
0,6103516 0,301997 0,2288821
0,4069011 0,2702076 0,2161664
0,6103516 0,2733865 0,2129875
0,8138021 0,2956391 0,2288821
0,6103516 0,3019969 0,2209348
1,017253 0,3147127 0,2193454
0,6103516 0,3051759 0,2336505
0,6103516 0,2924601 0,2161664
0,6103516 0,3306074 0,2447768
0,6103516 0,2765654 0,2129874
0,6103516 0,298818 0,2161664
0,6103516 0,3115338 0,2225243
0,6103516 0,2861023 0,2145769
0,6103516 0,3051759 0,2320611
0,6103516 0,2861023 0,2177559
0,6103516 0,2892812 0,2209348
0,6103516 0,298818 0,2288821
0,6103516 0,2797444 0,2066296
0,8138021 0,2733865 0,2129874
0,6103516 0,2924602 0,2225243
0,6103516 0,3401441 0,2447768
0,6103516 0,2892812 0,2209348
0,6103516 0,3083549 0,2336505
0,6103516 0,2892812 0,2193453
0,6103516 0,2797444 0,2098085
1,017253 0,3115337 0,2368294
0,6103516 0,2956391 0,2209348
0,6103516 0,3083549 0,23524
0,6103516 0,2924601 0,2257032
0,6103516 0,2924601 0,2272926
0,6103516 0,3147127 0,2288821
0,6103516 0,3051759 0,23524
0,6103516 0,3083548 0,2384189
0,6103516 0,301997 0,2241137
0,6103516 0,3274285 0,2447768
1,017253 0,3083548 0,2336505
0,6103516 0,2988181 0,2415978
0,6103516 0,2861023 0,2209348
0,6103516 0,298818 0,2241137
0,6103516 0,2924602 0,2209348
0,6103516 0,3147127 0,2320611
0,6103516 0,301997 0,2241137
0,6103516 0,2829233 0,2161664
0,4069011 0,2956391 0,2225243
0,6103516 0,3147127 0,2320611
0,6103516 0,298818 0,2209348
0,6103516 0,2670287 0,2034507
0,6103516 0,2956391 0,2288821
0,6103516 0,3051759 0,2272927
0,6103516 0,2924601 0,2288821
0,6103516 0,301997 0,2272927
0,6103516 0,3051759 0,2368294
0,6103516 0,2829233 0,2209348
0,6103516 0,3083549 0,2384189
0,6103516 0,2861023 0,2161664
0,4069011 0,2638497 0,2050401
0,6103516 0,2892812 0,2193453
1,017253 0,3051759 0,2272927
0,4069011 0,2956391 0,2288821
0,6103516 0,3147127 0,2400084
0,8138021 0,2638497 0,1986823
0,6103516 0,298818 0,2225243
0,4069011 0,2797444 0,2225242
0,6103516 0,2892812 0,2082191
0,8138021 0,3147127 0,2400084
0,8138021 0,3115338 0,2415978
0,6103516 0,3147127 0,2304716
1,017253 0,3147127 0,2336505
0,6103516 0,3242495 0,2320611
0,6103516 0,2956391 0,2272927
0,6103516 0,3115338 0,2304716
0,6103516 0,3019969 0,2257032
0,6103516 0,3051759 0,2320611
0,6103516 0,2924601 0,2304716
0,6103516 0,3210706 0,2463663
0,6103516 0,3147127 0,2304716
0,6103516 0,2924601 0,2257032
0,6103516 0,2892812 0,2241137
0,6103516 0,2797444 0,2225242
0,6103516 0,301997 0,2288821
1,017253 0,3051759 0,2288821
0,6103516 0,2861023 0,2225243
0,8138021 0,3242495 0,2368295
0,6103516 0,2829233 0,1970928
0,6103516 0,2892812 0,2177559
0,8138021 0,3019969 0,2368294
0,6103516 0,2733865 0,2193453
0,6103516 0,3178917 0,23524
0,6103516 0,3115338 0,2368295
0,6103516 0,3083549 0,2257032
0,6103516 0,3115338 0,23524
0,8138021 0,2956391 0,2257032
0,8138021 0,3115338 0,2447768
0,6103516 0,2797444 0,2018612
0,6103516 0,2829233 0,2161664
0,6103516 0,2829233 0,2209348
0,8138021 0,2924601 0,2193453
0,6103516 0,298818 0,2304716
0,6103516 0,2765655 0,2145769
0,6103516 0,2670287 0,2066296
0,8138021 0,2733865 0,2098085
0,6103516 0,301997 0,2257032
0,6103516 0,2892812 0,2241137
0,6103516 0,3496808 0,2495451
0,6103516 0,3147127 0,2400084
0,6103516 0,3242495 0,2479557
0,6103516 0,301997 0,2320611
0,6103516 0,298818 0,2304716
0,8138021 0,3083548 0,23524
0,8138021 0,3306074 0,2511346
0,6103516 0,2670287 0,2129874
0,6103516 0,3019969 0,2177559
0,6103516 0,3115338 0,2447768
0,8138021 0,2924601 0,2241137
0,6103516 0,3147127 0,2431873
0,6103516 0,3115338 0,2368295
0,6103516 0,3178917 0,23524
0,6103516 0,2861023 0,2177559
0,6103516 0,2861023 0,2272926
0,6103516 0,3210706 0,2447768
0,4069011 0,2892812 0,2193453
0,8138021 0,3115338 0,2225243
0,6103516 0,298818 0,232061
0,8138021 0,2956391 0,2288821
0,6103516 0,298818 0,2304716
0,6103516 0,3051759 0,2384189
0,8138021 0,3147127 0,2368295
0,8138021 0,3401442 0,2543136
0,6103516 0,3274285 0,2543136
0,6103516 0,2924601 0,2336505
0,4069011 0,2988181 0,2304716
0,6103516 0,3274285 0,2495452
0,8138021 0,3147127 0,2304716
0,4069011 0,3051759 0,2272927
0,6103516 0,3147127 0,2336506
0,6103516 0,3369653 0,2447768
0,8138021 0,3242495 0,2431873
0,6103516 0,3210706 0,2400084
0,6103516 0,3369652 0,2590819
0,8138021 0,3242495 0,2479557
0,6103516 0,3083549 0,2288821
0,6103516 0,3210706 0,2479557
0,6103516 0,3051759 0,2272927
0,6103516 0,3337863 0,2431874
0,6103516 0,3019969 0,2447767
0,6103516 0,3401442 0,2479557
0,6103516 0,3433231 0,2527241
0,6103516 0,3051759 0,2336505
0,8138021 0,3019969 0,2400084
0,6103516 0,3242495 0,2511346
0,6103516 0,3242495 0,2495452
0,8138021 0,3242495 0,2479557
0,8138021 0,3242495 0,2463663
0,6103516 0,3655753 0,2654396
0,6103516 0,3242495 0,2479557
0,6103516 0,3274285 0,2511346
0,8138021 0,3401442 0,2638502
0,6103516 0,3051759 0,2384189
0,6103516 0,3337863 0,2495452
0,8138021 0,3147127 0,2368295
0,8138021 0,3178917 0,2495452
0,6103516 0,3242495 0,2463663
0,6103516 0,3401442 0,2495452
0,6103516 0,3210706 0,2431873
0,8138021 0,3337863 0,2479557
0,8138021 0,3337863 0,2511347
0,6103516 0,2892812 0,2288821
0,6103516 0,2797444 0,2177558
0,6103516 0,3178916 0,2368295
0,8138021 0,3337863 0,255903
0,8138021 0,3147127 0,2368295
0,8138021 0,3147127 0,2447768
0,8138021 0,3369653 0,2511347
0,6103516 0,3178917 0,2415979
0,8138021 0,3051759 0,2288821
0,6103516 0,3210706 0,2495452
0,6103516 0,3051759 0,2304716
0,6103516 0,2733865 0,2161664
0,6103516 0,346502 0,2574924
0,8138021 0,298818 0,2336505
0,6103516 0,3592176 0,2733868
0,8138021 0,3433231 0,2638502
0,6103516 0,3306074 0,2479557
0,8138021 0,3147127 0,2336505
0,6103516 0,3401441 0,2527241
0,8138021 0,3496809 0,255903
0,6103516 0,3369653 0,2527241
0,6103516 0,3083549 0,2431873
0,6103516 0,3115338 0,2368295
0,6103516 0,3083549 0,2384189
0,6103516 0,3433231 0,2574924
0,6103516 0,3274285 0,2511347
0,6103516 0,3242495 0,2527241
0,6103516 0,3655753 0,2717974
0,6103516 0,3051759 0,2336505
0,8138021 0,3496808 0,2543135
0,8138021 0,3242495 0,2479557
0,8138021 0,3147127 0,2304716
0,6103516 0,2861023 0,2257032
0,6103516 0,3369653 0,2606713
0,8138021 0,3019969 0,2304716
0,8138021 0,378291 0,2733867
0,6103516 0,3242495 0,2495452
0,8138021 0,3560386 0,2638502
0,6103516 0,3115338 0,2463662
1,017253 0,3560388 0,2638502
0,8138021 0,3592175 0,2686185
0,8138021 0,3465019 0,2527241
0,6103516 0,3210706 0,2447768
0,6103516 0,3337863 0,2431873
0,6103516 0,3178917 0,2415979
0,6103516 0,3147127 0,2368295
0,6103516 0,3147127 0,2495452
0,8138021 0,3401442 0,2590819
0,6103516 0,346502 0,2638502
0,6103516 0,3560386 0,2654396
1,017253 0,3751121 0,2765657
1,017253 0,3655753 0,2733868
0,8138021 0,3306074 0,2543136
0,6103516 0,3496808 0,2622607
1,017253 0,3369653 0,255903
0,8138021 0,3496808 0,2670291
0,8138021 0,3814698 0,2845129
0,6103516 0,3623964 0,2702079
0,8138021 0,3592176 0,2638502
0,6103516 0,3560387 0,2781552
0,8138021 0,3719332 0,2829235
0,6103516 0,3655753 0,2765657
0,8138021 0,3973643 0,2940494
0,8138021 0,3846488 0,2861023
0,6103516 0,3465019 0,2670291
0,6103516 0,3496808 0,2654396
0,8138021 0,4037221 0,2956389
1,017253 0,3973643 0,2908706
0,6103516 0,3878276 0,2813339
0,8138021 0,3496809 0,2733869
0,8138021 0,4132588 0,3004072
0,8138021 0,3878276 0,2876917
0,6103516 0,3878276 0,2861023
0,8138021 0,3782909 0,2861023
0,6103516 0,375112 0,2829234
0,6103516 0,3878276 0,2892812
0,6103516 0,3560386 0,2717974
0,6103516 0,3751121 0,2797446
0,6103516 0,4196166 0,3019966
0,8138021 0,4100799 0,3035861
0,8138021 0,3814699 0,2876918
0,6103516 0,3814698 0,2892812
0,8138021 0,3496809 0,2670291
0,8138021 0,4005432 0,2972283
0,8138021 0,3814698 0,2876917
0,6103516 0,3687542 0,281334
0,8138021 0,375112 0,2781551
0,6103516 0,3782909 0,2892812
0,8138021 0,4323322 0,3099438
0,6103516 0,4164377 0,3019966
1,017253 0,3941854 0,2972284
1,017253 0,3528598 0,2686185
0,6103516 0,3878276 0,2908706
0,8138021 0,406901 0,2988178
0,8138021 0,4291533 0,3163016
0,8138021 0,4355111 0,3163016
0,8138021 0,4196166 0,3051755
0,8138021 0,4291533 0,3163016
0,6103516 0,4291533 0,3099438
0,6103516 0,4227955 0,3083544
0,8138021 0,4514056 0,3306065
0,8138021 0,4355111 0,317891
0,8138021 0,4418689 0,3242488
1,017253 0,4577634 0,3369643
0,6103516 0,4482267 0,3306065
0,8138021 0,4673001 0,3512695
0,6103516 0,4482267 0,3306065
1,017253 0,5022681 0,3735219
1,017253 0,4959103 0,3782904
1,017253 0,4768369 0,3496799
1,017253 0,5245206 0,3973641
0,8138021 0,4768369 0,3751115
0,8138021 0,4990892 0,3894167
1,017253 0,4959103 0,3862377
0,8138021 0,4831946 0,3798799
0,8138021 0,4895525 0,3894168
1,220703 0,508626 0,397364
1,017253 0,5308785 0,4227956
1,017253 0,5340575 0,4275641
0,8138021 0,5372365 0,430743
0,8138021 0,5722047 0,4625324
1,017253 0,607173 0,4704797
1,017253 0,5880994 0,4673008
1,220703 0,6294253 0,4959112
1,017253 0,6866456 0,5213428
1,627604 0,712077 0,5292901
1,220703 0,7120768 0,5404161
1,220703 0,7279714 0,5769729
1,424154 0,8233388 0,6341928
1,424154 0,8583066 0,6723398
1,424154 0,9314212 0,7216129
1,831055 1,029968 0,7915494
1,424154 1,064937 0,8455916
2,237956 1,239777 0,9648012
2,237956 1,281102 0,9934109
2,237956 1,382827 1,079241
2,441406 1,424153 1,126925
2,441406 1,459121 1,182555
2,644857 1,503626 1,225471
3,051758 1,595816 1,274745
2,644857 1,554489 1,279514
2,441406 1,643499 1,352629
2,441406 1,72933 1,397134
2,848307 1,808802 1,446406
2,441406 1,866022 1,51952
2,848307 1,970926 1,627604
3,458659 2,053579 1,69754
2,644857 2,037684 1,715025
3,458659 2,021789 1,684824
3,051758 2,133053 1,761119
3,255208 2,190273 1,770656
3,255208 2,136231 1,783372
3,66211 2,266567 1,862845
3,458659 2,279282 1,87397
3,458659 2,393721 1,950264
3,662109 2,241135 1,829466
4,882813 2,301534 1,942317
3,255208 2,403258 1,970926
4,27246 2,606711 2,148947
3,66211 2,4573 1,999537
4,069011 2,708436 2,193452
4,069011 2,886454 2,315839
6,103515 3,061294 2,473196
5,493164 3,363293 2,708435
5,289714 3,391901 2,865792
6,306966 3,544488 2,959571
5,493164 3,646215 3,035864
5,493165 3,798803 3,194808
5,289714 3,843308 3,213883
5,493164 3,86556 3,274282
5,696614 4,005432 3,374418
6,103516 4,034041 3,406207
5,493164 4,135767 3,439585
6,306966 4,485448 3,722509
6,713865 4,266104 3,608068
6,306966 4,39326 3,727276
6,713866 4,54267 3,784498
6,917317 4,638038 3,92596
6,510415 4,704792 3,972053
7,120767 5,079906 4,30584
7,120767 4,933675 4,205704
8,138019 5,095801 4,299482
8,34147 5,652111 4,769961
7,93457 5,550384 4,599889
8,54492 5,887349 4,914602
8,544923 5,594888 4,793802
7,527668 5,690257 4,817644
7,73112 5,928675 5,043346
8,748372 6,065368 5,081496
8,951822 6,049475 5,076728
8,748372 6,055831 5,118052
8,544923 6,20842 5,294481
8,951822 6,087623 5,253159
9,562174 6,297429 5,283355
11,39323 6,507238 5,408925
9,155272 6,596247 5,583763
11,18978 6,821951 5,807878
16,07259 7,123946 5,88735
13,42774 7,279715 5,998613
19,93815 7,985434 6,453198
20,5485 8,974077 7,139842
19,53125 10,34419 7,96477
31,73827 12,0004 9,05514
20,1416 13,08759 10,42684
21,56575 13,83463 11,01971
21,56576 13,31647 10,96249
22,37956 14,09848 11,70158
23,60026 13,93318 11,09441
23,19336 14,91865 11,97815
19,12436 14,90911 12,23564
25,22786 15,21111 12,35803
30,92448 15,37641 12,42638
23,80371 15,31283 12,64413
27,66927 16,33644 13,35303
23,19336 16,36505 13,27674
32,14518 16,46996 13,42774
35,40038 16,48903 13,25607
28,88997 16,60983 13,93795
27,26237 16,94044 14,07305
29,90722 16,90229 13,71066
38,65559 16,20292 13,55489
28,07616 17,88457 14,41638
41,70737 18,13888 14,73427
25,63477 17,81464 14,46724
34,17968 19,46767 15,70702
33,77278 18,90819 15,70384
29,29687 19,43906 15,97564
29,50032 18,92408 15,55443
38,65559 19,32462 15,75788
29,50033 19,52171 16,27127
31,94172 19,18793 15,48926
28,68653 19,94133 16,63208
39,87629 20,61844 16,75287
36,82454 22,17293 17,79079
30,72103 21,84868 17,83212
37,23144 22,5544 18,46631
33,97623 22,83096 18,90501
38,85905 24,02623 20,11458
39,06249 23,28237 19,28806
39,26594 24,86865 20,72493
36,82454 24,05484 19,87775
38,24869 25,2978 21,1064
40,89355 24,49035 20,64387
46,79364 26,00352 21,65317
42,72461 25,74603 21,15727
37,63834 25,25965 21,04759
39,67285 25,66656 21,63727
35,80728 24,59208 20,58347
36,01074 25,81278 21,44654
40,07975 26,27691 21,61185
43,1315 26,97627 22,30009
41,30045 27,27826 22,16339
34,79004 27,35456 22,87547
34,99347 26,44857 21,88046
47,20053 27,66608 22,98355
47,20052 28,11432 23,87683
37,43488 27,21151 22,26035
38,65558 27,36091 23,28078
43,13151 28,82003 24,54281
41,9108 28,80097 24,3044
40,48662 29,1411 24,21538
39,87631 29,55119 24,46333
40,6901 29,80232 24,90202
64,0869 30,25055 26,20378
51,26954 30,70831 26,28009
42,52115 31,66516 26,76964
56,15237 32,26598 27,02872
46,79363 34,44353 28,86454
58,3903 37,41263 30,14564
72,63187 42,88354 34,66765
61,44206 44,12015 37,34906
64,29043 45,4553 37,23303
69,98713 44,86084 36,24279
68,56285 44,60017 36,9358
65,30769 44,85765 37,80524
90,73898 48,80271 39,88426
80,97353 46,15467 38,75255
76,49758 50,49072 40,16557
81,99072 54,86175 44,53342
86,46655 60,74595 48,66764
91,34935 57,71959 47,67421
94,40105 61,74096 51,42375
89,51829 61,31498 51,74164
84,43212 64,16966 54,78706
103,3527 66,44258 54,64717
88,50105 66,60153 55,58178
102,5389 66,18827 54,706
92,77349 65,90853 55,12878
97,45277 66,01341 55,20984
102,9458 67,66328 55,56109
107,4217 68,92532 58,81314
100,0976 68,78546 58,05973
99,0804 69,84721 58,26479
105,9975 71,1601 60,6601
94,60449 69,51978 58,13126
94,80795 71,22369 60,09744
106,4044 70,08882 60,99389
111,4906 70,13329 58,72254
119,832 74,62514 61,2514
113,1182 72,3681 62,13195
96,43558 73,20735 62,26069
120,4423 75,80452 64,24593
129,3941 78,17596 65,59378
119,6285 74,5266 62,33541
105,3872 75,66783 62,86311
100,9114 76,87265 66,04205
95,21481 74,93352 63,94873
108,8459 79,12011 65,58741
103,3528 78,64647 67,03863
107,4217 75,5343 63,91373
108,8458 77,41306 67,12766
117,594 78,28726 66,30746
99,48721 78,21095 66,33131
128,3768 80,49658 67,16419
129,5975 80,11513 68,7505
130,6148 80,67142 69,9505
110,6768 78,29044 67,12286
132,0388 84,13642 71,98978
103,5562 78,62423 66,59676
101,1148 78,61786 68,32926
118,4079 84,73405 72,59853
108,6424 82,40394 71,85309
102,3355 81,69185 69,85036
119,6286 85,31898 73,90508
112,5079 82,00658 69,92348
137,532 86,72721 74,35171
122,2734 85,3889 71,9739
139,363 85,96425 73,52518
143,2286 88,18632 75,45321
120,2389 90,76441 76,86935
134,6836 84,16185 72,9975
125,732 87,83665 72,93709
124,7147 86,57781 73,50772
116,3734 86,94974 74,95093
124,7147 83,51653 71,24274
117,5941 86,89252 75,33086
120,2389 85,65913 75,2466
124,1043 86,74947 75,57877
123,0872 88,85708 75,45162
131,4285 92,34433 77,28584
117,7976 90,16358 76,46407
147,7043 92,05185 78,72111
133,463 92,27436 79,14867
135,294 91,61633 78,16319
