0,6103516 0,2956391 0,2257032
0,6103516 0,2892812 0,2161664
0,6103516 0,301997 0,2161664
0,6103516 0,2924601 0,2145769
0,6103516 0,2765655 0,2225242
0,6103516 0,3147127 0,2320611
0,6103516 0,2861023 0,2193453
0,6103516 0,2702076 0,2193453
0,4069011 0,2702076 0,2002717
0,6103516 0,2702076 0,2050401
0,6103516 0,2892812 0,2082191
0,6103516 0,2892812 0,2209348
0,6103516 0,2797444 0,2082191
0,6103516 0,2892812 0,2145769
0,8138021 0,3528598 0,2527241
0,8138021 0,2861023 0,2177559
0,6103516 0,3178917 0,2304716
0,8138021 0,2956391 0,2209348
0,6103516 0,2892812 0,2272926
0,6103516 0,3083549 0,2288821
0,6103516 0,3083549 0,2257032
0,6103516 0,301997 0,2336505
0,6103516 0,2765655 0,2098085
0,6103516 0,2733865 0,2050401
0,6103516 0,2861023 0,2193453
1,017253 0,2956391 0,2177559
0,6103516 0,3210706 0,2400084
0,6103516 0,3083549 0,23524
0,6103516 0,3051759 0,2209348
0,6103516 0,3242495 0,2400084
0,8138021 0,3178917 0,2415979
0,6103516 0,3306074 0,2431873
0,8138021 0,3019969 0,23524
0,6103516 0,301997 0,2336505
0,6103516 0,3115338 0,2193454
0,6103516 0,3051759 0,2336505
0,4069011 0,2797444 0,2209348
0,6103516 0,3051759 0,2304716
0,6103516 0,3337863 0,2463663
0,6103516 0,3242495 0,2400084
0,6103516 0,3083548 0,2320611
0,4069011 0,2733865 0,211398
0,4069011 0,2956391 0,2304716
0,6103516 0,3051759 0,2320611
0,4069011 0,2797444 0,2257032
0,6103516 0,2924601 0,2272926
0,6103516 0,3337863 0,2479557
0,6103516 0,2956391 0,2272927
0,4069011 0,2892812 0,2129875
0,6103516 0,3401442 0,2606713
0,4069011 0,3210706 0,2431873
0,6103516 0,3242495 0,2495452
0,8138021 0,3147127 0,2384189
0,6103516 0,2988181 0,2320611
0,6103516 0,2956391 0,2241137
0,6103516 0,3401442 0,2495452
0,6103516 0,2924601 0,232061
0,6103516 0,3115338 0,2304716
0,6103516 0,3147127 0,23524
0,6103516 0,301997 0,2304716
0,6103516 0,2829233 0,2304716
0,6103516 0,3401442 0,2463663
0,6103516 0,3274285 0,2511347
0,6103516 0,298818 0,23524
0,6103516 0,2765655 0,2177558
0,6103516 0,2924601 0,2272926
0,4069011 0,2924602 0,2257032
0,8138021 0,3306074 0,2479557
0,6103516 0,3051759 0,2177559
0,6103516 0,3051759 0,2257032
0,8138021 0,3369653 0,2574925
0,8138021 0,3083548 0,2272927
0,6103516 0,3051759 0,2336505
0,8138021 0,346502 0,2543135
0,8138021 0,3496809 0,2511346
0,6103516 0,3083549 0,2368295
0,8138021 0,3147127 0,2415978
0,6103516 0,298818 0,232061
0,8138021 0,3210706 0,2384189
0,6103516 0,3496809 0,2654396
0,6103516 0,3433231 0,2511346
0,6103516 0,2861023 0,2209348
0,8138021 0,2892812 0,2304716
0,6103516 0,3337863 0,2574924
0,6103516 0,2892812 0,23524
0,6103516 0,3178917 0,2320611
0,8138021 0,378291 0,267029
0,6103516 0,3210706 0,2479557
0,8138021 0,3083549 0,2368295
0,6103516 0,3401441 0,2511346
0,8138021 0,3147127 0,2384189
0,6103516 0,3369653 0,2543136
0,8138021 0,3210706 0,2431873
0,6103516 0,3147127 0,2384189
0,6103516 0,3242495 0,2431873
0,6103516 0,3051759 0,2272927
0,6103516 0,3178917 0,2447768
0,6103516 0,3274285 0,2543135
0,6103516 0,3306074 0,2511346
0,6103516 0,3496808 0,2638502
0,8138021 0,3242495 0,238419
0,6103516 0,3496808 0,2717974
0,6103516 0,3369653 0,2638502
0,6103516 0,3083549 0,2431873
0,6103516 0,3306074 0,2320611
0,6103516 0,2861023 0,2304716
0,8138021 0,3687542 0,2654395
0,6103516 0,3655753 0,2749763
0,6103516 0,3210706 0,2463663
0,6103516 0,3083549 0,2415978
0,6103516 0,3178917 0,2495452
0,6103516 0,3814698 0,2765656
0,6103516 0,2892812 0,2257032
0,6103516 0,3242495 0,2400084
0,6103516 0,298818 0,2272927
0,6103516 0,2988181 0,2304716
0,6103516 0,2829233 0,2257032
0,6103516 0,3147127 0,2447768
0,6103516 0,3147127 0,2400084
0,6103516 0,3147127 0,2368295
0,6103516 0,3306074 0,255903
0,6103516 0,3337863 0,2511347
1,017253 0,3560387 0,2654396
0,6103516 0,3178917 0,2447768
0,6103516 0,3433231 0,2543135
0,6103516 0,3528597 0,267029
0,6103516 0,3337863 0,238419
0,6103516 0,301997 0,2431873
0,6103516 0,3083549 0,2431873
0,8138021 0,3051759 0,2384189
0,6103516 0,3147127 0,2384189
0,6103516 0,3306074 0,2495452
0,8138021 0,3337863 0,2543136
0,8138021 0,3274284 0,255903
0,6103516 0,3210706 0,2415979
0,6103516 0,3242495 0,2431873
0,6103516 0,3560386 0,2622607
0,8138021 0,375112 0,2765656
0,6103516 0,3306074 0,2511347
0,8138021 0,3592176 0,2702079
0,6103516 0,3210706 0,2511346
0,8138021 0,375112 0,2702079
0,6103516 0,3337863 0,2606713
0,6103516 0,3719332 0,2717974
0,6103516 0,3337863 0,2590819
0,6103516 0,3623964 0,2622607
0,6103516 0,3369652 0,2527241
0,8138021 0,3433231 0,2606713
0,6103516 0,3115338 0,2400084
0,6103516 0,3528597 0,2574924
0,6103516 0,3369653 0,2606713
0,8138021 0,3560387 0,2670291
0,8138021 0,3401442 0,2511346
0,6103516 0,3401442 0,2590819
0,6103516 0,3369653 0,2574925
0,8138021 0,3496808 0,2606713
1,017253 0,3719331 0,2797446
0,8138021 0,3655754 0,2702079
0,6103516 0,3814698 0,2781551
0,6103516 0,3687542 0,2654395
0,6103516 0,3687542 0,2733868
0,6103516 0,343323 0,2622607
0,6103516 0,3337863 0,2495452
0,8138021 0,3496809 0,2670291
0,8138021 0,3528598 0,2654396
0,6103516 0,3433231 0,2622608
0,6103516 0,3147127 0,2368295
0,4069011 0,3306074 0,2511347
0,8138021 0,3337863 0,2511347
0,6103516 0,3465019 0,2654396
0,6103516 0,3401442 0,2590819
0,6103516 0,3433231 0,2638502
0,8138021 0,3592175 0,267029
0,6103516 0,3274285 0,2463663
0,6103516 0,3306074 0,2574925
0,6103516 0,3337863 0,255903
0,8138021 0,3560387 0,2654396
0,6103516 0,3401442 0,2606713
0,8138021 0,3337863 0,2543136
0,8138021 0,3433231 0,255903
0,6103516 0,3337863 0,2543136
0,6103516 0,3369653 0,2543136
0,6103516 0,3433231 0,2622608
0,8138021 0,3655753 0,2702079
0,6103516 0,3306074 0,2495452
0,6103516 0,3401441 0,2622608
0,6103516 0,3465019 0,2590818
0,6103516 0,3528598 0,2686185
0,8138021 0,3306074 0,2495452
0,6103516 0,3115338 0,2479557
0,8138021 0,3719332 0,2765657
0,6103516 0,3496808 0,2686185
0,8138021 0,3941854 0,2908706
0,8138021 0,3560386 0,267029
0,6103516 0,3401442 0,2670291
1,017253 0,3687543 0,2733868
0,6103516 0,3433231 0,2670291
0,8138021 0,4037221 0,2940494
0,8138021 0,3655754 0,2781552
0,6103516 0,3465019 0,2574924
0,6103516 0,3655753 0,2733868
0,6103516 0,3560386 0,267029
0,6103516 0,3337863 0,2463663
0,6103516 0,375112 0,2829234
0,6103516 0,3592176 0,267029
0,6103516 0,3210706 0,2511346
0,6103516 0,3687542 0,2797446
0,8138021 0,3846487 0,2892812
0,8138021 0,3687543 0,2781551
0,8138021 0,3465019 0,2670291
0,6103516 0,3369653 0,2590819
0,8138021 0,406901 0,2988178
0,8138021 0,3592176 0,2733868
0,8138021 0,3687542 0,2702079
0,6103516 0,3878276 0,2892812
0,6103516 0,3623964 0,2686185
0,6103516 0,3592175 0,2638501
0,6103516 0,3083549 0,2368295
0,6103516 0,3433231 0,2654397
0,8138021 0,3687542 0,2781551
0,6103516 0,3623964 0,2781551
0,8138021 0,3623965 0,2638502
0,8138021 0,3560387 0,2717974
0,6103516 0,3401441 0,2606713
0,6103516 0,3465019 0,2590818
0,6103516 0,3337863 0,2590819
0,6103516 0,3178917 0,2511346
0,6103516 0,3687542 0,2717973
0,8138021 0,3306074 0,2511346
0,6103516 0,3528597 0,2686185
0,8138021 0,3592176 0,267029
0,6103516 0,3528597 0,2606713
0,6103516 0,3210706 0,2495452
0,6103516 0,3369652 0,2590819
0,8138021 0,3496809 0,2606713
0,8138021 0,3846488 0,281334
0,8138021 0,3560387 0,2670291
0,6103516 0,3369653 0,2511347
0,6103516 0,3210706 0,2574924
0,8138021 0,3751121 0,2654395
0,6103516 0,3401442 0,255903
0,8138021 0,375112 0,2797445
0,8138021 0,3433231 0,2606713
0,8138021 0,3496808 0,2638502
0,6103516 0,3592175 0,2638501
0,8138021 0,3115338 0,2400084
0,6103516 0,3337863 0,255903
0,6103516 0,3465019 0,2574924
1,220703 0,3814699 0,2781551
0,6103516 0,3592176 0,2654396
0,6103516 0,3242495 0,2543135
0,8138021 0,346502 0,2654397
0,6103516 0,3115337 0,2384189
0,6103516 0,3528597 0,2702079
0,8138021 0,3973643 0,2908706
0,6103516 0,3306074 0,2574924
0,8138021 0,3433231 0,2543135
0,8138021 0,3623965 0,2638502
0,8138021 0,3560387 0,2606713
0,6103516 0,3592175 0,2702079
1,017253 0,3242495 0,2527241
0,6103516 0,3242495 0,2511346
0,6103516 0,3623964 0,2686184
0,8138021 0,3465019 0,2574924
0,6103516 0,3496809 0,2638502
0,8138021 0,3306074 0,2574925
0,8138021 0,3337863 0,255903
0,6103516 0,343323 0,2670291
0,6103516 0,375112 0,2797445
0,8138021 0,3655753 0,2781551
0,8138021 0,3337863 0,2574925
0,8138021 0,4037221 0,2988178
0,6103516 0,3973643 0,2988178
0,6103516 0,3433231 0,255903
0,6103516 0,3528598 0,2686185
0,6103516 0,378291 0,281334
0,8138021 0,3496809 0,2622608
0,6103516 0,3655754 0,2702079
0,8138021 0,4005434 0,2876917
0,6103516 0,3655753 0,2702079
0,6103516 0,3751121 0,281334
0,6103516 0,3687542 0,2781551
0,6103516 0,3655753 0,2733868
0,8138021 0,4005432 0,29246
0,6103516 0,4100799 0,3004072
0,8138021 0,3528597 0,2686185
0,6103516 0,3687542 0,2781551
0,8138021 0,3655753 0,2829235
0,6103516 0,4164377 0,3035861
0,8138021 0,4196166 0,3035861
0,6103516 0,3719331 0,2845129
0,6103516 0,3814698 0,2892812
0,6103516 0,375112 0,2765656
0,8138021 0,3941855 0,2908706
0,6103516 0,3814698 0,2876917
0,8138021 0,3496809 0,270208
0,6103516 0,3814698 0,2845128
0,6103516 0,3623964 0,2749763
0,8138021 0,3687542 0,2717973
0,8138021 0,375112 0,2781551
0,8138021 0,3878276 0,2861023
1,017253 0,3719331 0,2781551
0,8138021 0,4259744 0,3115333
0,6103516 0,3878276 0,2845128
0,8138021 0,3560386 0,2702079
0,6103516 0,406901 0,2972283
0,8138021 0,3846488 0,2829234
0,6103516 0,3941854 0,2861022
1,017253 0,3814698 0,2861023
0,8138021 0,3846488 0,2845129
0,6103516 0,4164377 0,3051755
0,8138021 0,4227956 0,3131228
0,6103516 0,4482267 0,3210699
0,8138021 0,4196167 0,3083544
0,6103516 0,4291533 0,3099438
0,8138021 0,4132588 0,3035861
1,220703 0,4673001 0,3353748
1,017253 0,4259745 0,3083544
0,8138021 0,4196166 0,3083544
0,6103516 0,4482267 0,3417327
1,017253 0,4609424 0,3274276
0,6103516 0,4355111 0,329017
0,8138021 0,4514056 0,3258382
1,017253 0,473658 0,346501
0,8138021 0,4673002 0,3353749
9,15527 0,6548567 0,4545846
5,900065 0,5817413 0,414848
3,255208 0,5880991 0,4196164
3,458659 0,6294253 0,4625322
2,034505 0,7025404 0,5213428
8,341469 0,8360549 0,5674372
3,458659 0,8869174 0,6103519
5,493164 1,090367 0,7104867
8,748369 1,284282 0,8296962
22,37956 1,929601 1,165073
30,3141 2,918244 1,740456
59,20419 5,13077 2,915064
69,7837 10,90686 5,970001
73,64928 14,91547 8,314452
80,36315 26,48038 14,59441
81,99073 36,9104 21,23039
93,3838 53,64739 32,95581
110,2699 66,31863 48,32591
100,9113 70,3082 53,71898
108,6423 72,80684 56,81524
112,3044 75,45171 59,30912
122,2733 79,86718 64,12836
126,9526 83,32901 67,49166
124,5112 87,81439 72,83061
115,763 88,01784 73,2836
116,1699 88,80622 72,51114
122,8837 89,7535 73,30423
128,3767 94,03545 76,63098
128,9871 93,98775 78,84983
120,0354 96,75021 81,61551
122,8837 100,053 86,70177
130,2078 99,34415 81,67747
130,2078 99,13754 80,92245
130,2078 102,6152 88,03053
128,1733 101,5026 86,15176
130,2078 104,2015 88,71081
130,2078 104,3763 86,19782
129,5974 102,4595 88,57252
130,2078 107,4789 91,5781
129,394 105,7813 89,38944
127,1561 106,2041 88,4596
130,2078 109,3957 91,44613
130,2078 111,4652 95,06534
130,2078 112,8003 94,33257
130,2078 112,1773 93,64119
129,394 109,9807 92,15189
130,2078 111,4239 94,96677
130,2078 113,7222 92,87346
130,2078 110,3684 89,96316
130,2078 113,5982 96,51172
129,1905 114,6854 99,96401
130,2078 115,9442 97,49078
130,2078 117,2602 96,52438
130,2078 117,985 100,6888
130,2078 117,9278 98,14245
129,394 116,7516 99,33773
130,2078 116,5387 97,90089
130,2078 117,753 96,68813
130,2078 119,0532 94,17041
130,2078 116,704 98,25052
130,2078 121,9141 104,5924
130,2078 120,4677 99,0611
130,2078 120,8142 102,9028
130,2078 119,4854 99,97346
130,2078 119,4346 100,0259
130,2078 121,8759 103,758
130,2078 121,0209 102,4737
130,2078 118,8179 100,5886
130,2078 121,2656 105,6621
130,2078 120,5854 98,73213
130,2078 121,6344 102,5547
130,2078 120,401 101,6774
130,2078 120,7157 100,2946
130,2078 121,9809 100,0768
130,2078 120,881 102,5071
130,2078 123,2206 106,3201
130,2078 124,1616 105,2059
130,2078 123,0172 107,4661
130,2078 121,148 99,4267
130,2078 122,5086 105,2043
130,2078 123,4559 105,0867
130,2078 122,4704 105,5619
130,2078 123,068 106,5172
130,2078 121,0399 99,77157
130,2078 121,4945 103,75
130,2078 124,6797 109,0698
130,2078 122,96 103,4671
130,2078 123,6466 102,4959
130,2078 124,9785 105,8671
130,2078 123,3033 102,9075
130,2078 123,5957 104,3587
130,2078 125,0453 106,0006
130,2078 124,3428 107,1975
130,2078 124,7465 106,0896
130,2078 120,8238 98,26325
130,2078 124,1266 101,5978
130,2078 124,4032 110,4527
130,2078 125,2169 110,7419
130,2078 124,1202 107,1164
130,2078 124,9404 109,6293
130,2078 123,6879 107,056
130,2078 123,316 102,3497
130,2078 123,831 104,7784
130,2078 124,1457 110,3875
130,2078 124,613 105,4045
130,2078 123,8818 101,6137
130,2078 123,9835 105,4825
130,2078 123,049 104,6146
130,2078 124,7941 105,6271
130,2078 124,4127 106,0324
130,2078 124,044 105,7209
130,2078 124,3523 107,3946
130,2078 125,1756 110,4543
130,2078 125,2392 110,9501
130,2078 123,494 106,6173
