0,1068115 0,00667572 0,00333786
0,1068115 0,00834465 0,004172325
0,213623 0,01001358 0,00500679
0,213623 0,02837181 0,01418591
0,213623 0,01168251 0,005841255
0,213623 0,01001358 0,00500679
0,1068115 0,00667572 0,00333786
0,213623 0,00834465 0,004172325
0,213623 0,01168251 0,005841255
0,213623 0,00834465 0,004172325
0,1068115 0,00667572 0,00333786
0,3204346 0,01001358 0,00500679
0,213623 0,01168251 0,005841255
0,5340576 0,03004074 0,01502037
0,213623 0,01502037 0,007510185
0,213623 0,0166893 0,00834465
0,213623 0,0166893 0,00834465
0,213623 0,00667572 0,00333786
0,3204346 0,0166893 0,00834465
0,1068115 0,01168251 0,005841255
0,1068115 0,00166893 0,000834465
0,3204346 0,0166893 0,00834465
0,213623 0,01168251 0,005841255
0,213623 0,02002716 0,01001358
0,213623 0,01001358 0,00500679
0,1068115 0,00834465 0,004172325
0,213623 0,00667572 0,00333786
0,3204346 0,01502037 0,007510185
0,213623 0,01168251 0,005841255
0,213623 0,0166893 0,00834465
0,213623 0,01502037 0,007510185
0,213623 0,01502037 0,007510185
0,1068115 0,00333786 0,00166893
0,3204346 0,0166893 0,00834465
0,213623 0,01835823 0,009179115
0,213623 0,02336502 0,01168251
0,1068115 0,01502037 0,007510185
0,213623 0,01835823 0,009179115
0,213623 0,01835823 0,009179115
0,1068115 0,00834465 0,004172325
0,3204346 0,02002716 0,01001358
0,213623 0,01001358 0,00500679
0,213623 0,01835823 0,009179115
0,3204346 0,02503395 0,01251698
0,3204346 0,01835823 0,009179115
0,1068115 0,00500679 0,002503395
0,1068115 0,01001358 0,00500679
0,213623 0,01335144 0,00667572
0,213623 0,0166893 0,00834465
0,213623 0,00834465 0,004172325
0,1068115 0,00667572 0,00333786
0,213623 0,01168251 0,005841255
0,213623 0,01502037 0,007510185
0,3204346 0,00834465 0,004172325
0,213623 0,01001358 0,00500679
0,213623 0,01502037 0,007510185
0,213623 0,01335144 0,00667572
0,1068115 0,00500679 0,002503395
0,213623 0,01502037 0,007510185
0,213623 0,00834465 0,004172325
0,213623 0,01335144 0,00667572
0,5340576 0,0333786 0,0166893
0,213623 0,02169609 0,01084805
0,213623 0,01001358 0,00500679
0,3204346 0,01168251 0,005841255
0,213623 0,00667572 0,00333786
0,213623 0,02169609 0,01084805
0,213623 0,01502037 0,007510185
0,1068115 0,01001358 0,00500679
0,1068115 0,01001358 0,00500679
0,213623 0,01502037 0,007510185
0,213623 0,00667572 0,00333786
0,213623 0,02002716 0,01001358
0,213623 0,00667572 0,00333786
0,3204346 0,0166893 0,00834465
0,1068115 0,01168251 0,005841255
0,213623 0,02169609 0,01084805
0,3204346 0,01835823 0,009179115
0,213623 0,00834465 0,004172325
0,3204346 0,01335144 0,00667572
0,213623 0,01502037 0,007510185
0,213623 0,01168251 0,005841255
0,213623 0,01168251 0,005841255
0,213623 0,01335144 0,00667572
0,213623 0,01502037 0,007510185
0,213623 0,01835823 0,009179115
0,213623 0,01335144 0,00667572
0,213623 0,01001358 0,00500679
0,213623 0,00667572 0,00333786
0,213623 0,00667572 0,00333786
0,213623 0,0166893 0,00834465
0,4272461 0,01168251 0,005841255
0,213623 0,01502037 0,007510185
0,213623 0,0166893 0,00834465
0,213623 0,00667572 0,00333786
0,1068115 0,00834465 0,004172325
0,1068115 0,00834465 0,004172325
0,1068115 0,01001358 0,00500679
0,1068115 0,00500679 0,002503395
0,213623 0,00667572 0,00333786
0,213623 0,01168251 0,005841255
0,1068115 0,01168251 0,005841255
0,213623 0,00834465 0,004172325
0,213623 0,00834465 0,004172325
0,213623 0,02002716 0,01001358
0,213623 0,00667572 0,00333786
0,213623 0,01168251 0,005841255
0,213623 0,0166893 0,00834465
0,213623 0,01502037 0,007510185
0,1068115 0,01168251 0,005841255
0,213623 0,0166893 0,00834465
0,213623 0,02002716 0,01001358
0,213623 0,00667572 0,00333786
0,3204346 0,01168251 0,005841255
0,1068115 0,00333786 0,00166893
0,213623 0,00667572 0,00333786
0,3204346 0,01335144 0,00667572
0,213623 0,0166893 0,00834465
0,213623 0,0166893 0,00834465
0,3204346 0,02002716 0,01001358
0,1068115 0,00667572 0,00333786
0,213623 0,01835823 0,009179115
0,1068115 0,00834465 0,004172325
0,213623 0,0166893 0,00834465
0,3204346 0,02169609 0,01084805
0,3204346 0,01168251 0,005841255
0,1068115 0,01335144 0,00667572
0,3204346 0,02002716 0,01001358
0,213623 0,02503395 0,01251698
0,4272461 0,01502037 0,007510185
0,1068115 0,00500679 0,002503395
0,213623 0,00834465 0,004172325
0,213623 0,01502037 0,007510185
0,213623 0,02002716 0,01001358
0,1068115 0,00333786 0,00166893
0,213623 0,01835823 0,009179115
0,213623 0,01001358 0,00500679
0,1068115 0,01335144 0,00667572
0,213623 0,01502037 0,007510185
0,3204346 0,03170967 0,01585484
0,3204346 0,01001358 0,00500679
0,213623 0,01502037 0,007510185
0,213623 0,0166893 0,00834465
0,3204346 0,0166893 0,00834465
0,3204346 0,0166893 0,00834465
0,213623 0,01335144 0,00667572
0,3204346 0,03004074 0,01502037
0,213623 0,01502037 0,007510185
0,213623 0,01001358 0,00500679
0,213623 0,01835823 0,009179115
0,213623 0,0166893 0,00834465
0,3204346 0,01001358 0,00500679
0,213623 0,01001358 0,00500679
0,1068115 0,01835823 0,009179115
0,213623 0,01502037 0,007510185
0,1068115 0,01001358 0,00500679
0,213623 0,01168251 0,005841255
0,213623 0,01335144 0,00667572
0,213623 0,01001358 0,00500679
0,213623 0,01335144 0,00667572
0,213623 0,01001358 0,00500679
0,213623 0,01335144 0,00667572
0,213623 0,01168251 0,005841255
0,1068115 0,00834465 0,004172325
0,213623 0,01335144 0,00667572
0,213623 0,01335144 0,00667572
0,213623 0,01168251 0,005841255
0,213623 0,02670288 0,01335144
0,3204346 0,01335144 0,00667572
0,213623 0,00834465 0,004172325
0,213623 0,01502037 0,007510185
0,213623 0,0166893 0,00834465
0,213623 0,01001358 0,00500679
0,3204346 0,0166893 0,00834465
0,1068115 0,02002716 0,01001358
0,3204346 0,02336502 0,01168251
0,213623 0,00667572 0,00333786
0,1068115 0,01168251 0,005841255
0,213623 0,0166893 0,00834465
0,213623 0,02002716 0,01001358
0,1068115 0,01001358 0,00500679
0,1068115 0,01335144 0,00667572
0,213623 0,01001358 0,00500679
0,1068115 0,00834465 0,004172325
0,1068115 0,00667572 0,00333786
0,213623 0,01502037 0,007510185
0,213623 0,01168251 0,005841255
0,213623 0,0166893 0,00834465
0,213623 0,00834465 0,004172325
0,1068115 0,00500679 0,002503395
0,3204346 0,02169609 0,01084805
0,213623 0,01335144 0,00667572
0,1068115 0,00500679 0,002503395
0,213623 0,02169609 0,01084805
0,213623 0,01168251 0,005841255
0,213623 0,01001358 0,00500679
0,3204346 0,02002716 0,01001358
0,213623 0,01835823 0,009179115
0,3204346 0,0333786 0,0166893
0,1068115 0,00834465 0,004172325
0,213623 0,01335144 0,00667572
0,3204346 0,02002716 0,01001358
0,213623 0,0166893 0,00834465
0,213623 0,01335144 0,00667572
0,3204346 0,0166893 0,00834465
0,1068115 0,01001358 0,00500679
0,1068115 0,01168251 0,005841255
0,213623 0,0166893 0,00834465
0,213623 0,02002716 0,01001358
0,1068115 0,01168251 0,005841255
0,1068115 0,00166893 0,000834465
0,213623 0,01168251 0,005841255
0,1068115 0,00834465 0,004172325
0,1068115 0,00667572 0,00333786
0,213623 0,01335144 0,00667572
0,3204346 0,02503395 0,01251698
0,213623 0,0166893 0,00834465
0,4272461 0,02837181 0,01418591
0,213623 0,02169609 0,01084805
0,3204346 0,01502037 0,007510185
0,213623 0,02837181 0,01418591
0,213623 0,01335144 0,00667572
0,3204346 0,0166893 0,00834465
0,3204346 0,01835823 0,009179115
0,3204346 0,02336502 0,01168251
0,213623 0,01835823 0,009179115
0,1068115 0,01502037 0,007510185
0,213623 0,02169609 0,01084805
0,3204346 0,02002716 0,01001358
0,213623 0,01001358 0,00500679
0,3204346 0,02002716 0,01001358
0,213623 0,02002716 0,01001358
0,4272461 0,02002716 0,01001358
0,213623 0,02169609 0,01084805
0,213623 0,0166893 0,00834465
0,213623 0,01502037 0,007510185
0,4272461 0,01335144 0,00667572
0,3204346 0,01335144 0,00667572
0,213623 0,01335144 0,00667572
0,3204346 0,01502037 0,007510185
0,213623 0,02002716 0,01001358
0,213623 0,01168251 0,005841255
0,213623 0,02169609 0,01084805
0,213623 0,02503395 0,01251698
0,3204346 0,02503395 0,01251698
0,213623 0,01835823 0,009179115
0,3204346 0,02336502 0,01168251
0,3204346 0,03170967 0,01585484
0,213623 0,02002716 0,01001358
0,213623 0,02169609 0,01084805
0,213623 0,00834465 0,004172325
0,3204346 0,02837181 0,01418591
0,5340576 0,02670288 0,01335144
0,3204346 0,0166893 0,00834465
0,4272461 0,0333786 0,0166893
0,213623 0,0166893 0,00834465
0,213623 0,02002716 0,01001358
0,213623 0,01835823 0,009179115
0,213623 0,03671646 0,01835823
0,3204346 0,03004074 0,01502037
0,3204346 0,01835823 0,009179115
0,3204346 0,0166893 0,00834465
0,213623 0,00834465 0,004172325
0,1068115 0,02169609 0,01084805
0,3204346 0,01835823 0,009179115
0,213623 0,01168251 0,005841255
0,213623 0,0166893 0,00834465
0,6408691 0,03504753 0,01752377
0,213623 0,02837181 0,01418591
0,3204346 0,02336502 0,01168251
0,213623 0,02670288 0,01335144
0,213623 0,01502037 0,007510185
0,3204346 0,03170967 0,01585484
0,213623 0,0166893 0,00834465
0,3204346 0,02169609 0,01084805
0,3204346 0,03838539 0,0191927
0,213623 0,01835823 0,009179115
0,213623 0,03004074 0,01502037
0,4272461 0,02336502 0,01168251
0,4272461 0,03004074 0,01502037
0,3204346 0,01502037 0,007510185
0,213623 0,01835823 0,009179115
0,3204346 0,0333786 0,0166893
0,1068115 0,01835823 0,009179115
0,213623 0,02837181 0,01418591
0,3204346 0,01835823 0,009179115
0,3204346 0,03671646 0,01835823
0,213623 0,01335144 0,00667572
0,213623 0,02336502 0,01168251
0,213623 0,02169609 0,01084805
0,3204346 0,02336502 0,01168251
0,213623 0,02169609 0,01084805
0,213623 0,02837181 0,01418591
0,213623 0,02169609 0,01084805
0,3204346 0,02002716 0,01001358
0,213623 0,0166893 0,00834465
0,213623 0,01835823 0,009179115
0,213623 0,01168251 0,005841255
0,1068115 0,01502037 0,007510185
0,213623 0,01335144 0,00667572
0,213623 0,02670288 0,01335144
0,213623 0,0166893 0,00834465
0,3204346 0,02169609 0,01084805
0,213623 0,02002716 0,01001358
0,213623 0,02336502 0,01168251
0,213623 0,01502037 0,007510185
0,213623 0,0166893 0,00834465
0,4272461 0,02169609 0,01084805
0,213623 0,01835823 0,009179115
0,1068115 0,00834465 0,004172325
0,213623 0,01502037 0,007510185
0,4272461 0,01835823 0,009179115
0,3204346 0,02002716 0,01001358
0,3204346 0,02169609 0,01084805
0,213623 0,01168251 0,005841255
0,213623 0,01835823 0,009179115
0,3204346 0,03004074 0,01502037
0,1068115 0,01168251 0,005841255
0,1068115 0,01001358 0,00500679
0,213623 0,0166893 0,00834465
0,213623 0,02336502 0,01168251
0,213623 0,01335144 0,00667572
0,1068115 0,00834465 0,004172325
0,3204346 0,02002716 0,01001358
0,4272461 0,03004074 0,01502037
0,213623 0,02169609 0,01084805
0,4272461 0,02169609 0,01084805
0,213623 0,01335144 0,00667572
0,213623 0,0333786 0,0166893
0,4272461 0,04172325 0,02086163
0,213623 0,02169609 0,01084805
0,213623 0,01502037 0,007510185
0,213623 0,02169609 0,01084805
0,213623 0,02336502 0,01168251
0,213623 0,01835823 0,009179115
0,213623 0,02503395 0,01251698
0,213623 0,01168251 0,005841255
0,213623 0,01502037 0,007510185
0,4272461 0,02670288 0,01335144
0,213623 0,02670288 0,01335144
0,213623 0,0166893 0,00834465
0,3204346 0,02670288 0,01335144
0,3204346 0,02336502 0,01168251
0,1068115 0,01001358 0,00500679
0,213623 0,0166893 0,00834465
0,213623 0,02169609 0,01084805
0,1068115 0,02002716 0,01001358
0,4272461 0,02169609 0,01084805
0,3204346 0,03504753 0,01752377
0,213623 0,02336502 0,01168251
0,4272461 0,03671646 0,01835823
0,213623 0,02503395 0,01251698
0,213623 0,0333786 0,0166893
0,1068115 0,01335144 0,00667572
0,5340576 0,03671646 0,01835823
0,213623 0,01502037 0,007510185
0,3204346 0,04005432 0,02002716
0,213623 0,02002716 0,01001358
0,213623 0,02670288 0,01335144
0,213623 0,03004074 0,01502037
0,213623 0,0166893 0,00834465
0,3204346 0,03004074 0,01502037
0,3204346 0,03170967 0,01585484
0,213623 0,02002716 0,01001358
0,213623 0,0166893 0,00834465
0,4272461 0,03671646 0,01835823
0,3204346 0,02837181 0,01418591
0,1068115 0,01335144 0,00667572
0,213623 0,03170967 0,01585484
0,213623 0,0333786 0,0166893
0,213623 0,02336502 0,01168251
0,213623 0,01502037 0,007510185
0,3204346 0,04172325 0,02086163
0,213623 0,01502037 0,007510185
0,3204346 0,03004074 0,01502037
0,213623 0,02169609 0,01084805
0,213623 0,03004074 0,01502037
0,4272461 0,02336502 0,01168251
0,213623 0,01835823 0,009179115
0,3204346 0,03838539 0,0191927
0,213623 0,02670288 0,01335144
0,213623 0,01001358 0,00500679
0,3204346 0,03838539 0,0191927
0,213623 0,01835823 0,009179115
0,213623 0,03004074 0,01502037
0,5340576 0,03004074 0,01502037
0,3204346 0,02837181 0,01418591
0,213623 0,02169609 0,01084805
0,1068115 0,02503395 0,01251698
0,1068115 0,00667572 0,00333786
0,213623 0,02503395 0,01251698
0,213623 0,03004074 0,01502037
0,4272461 0,03504753 0,01752377
0,213623 0,01335144 0,00667572
0,213623 0,0166893 0,00834465
0,3204346 0,02503395 0,01251698
0,3204346 0,02002716 0,01001358
0,3204346 0,03170967 0,01585484
0,3204346 0,02169609 0,01084805
0,213623 0,02670288 0,01335144
0,213623 0,01001358 0,00500679
0,213623 0,02002716 0,01001358
0,6408691 0,03170967 0,01585484
0,213623 0,02503395 0,01251698
0,1068115 0,01168251 0,005841255
0,3204346 0,03671646 0,01835823
0,4272461 0,02336502 0,01168251
0,213623 0,01502037 0,007510185
0,213623 0,01502037 0,007510185
0,3204346 0,03170967 0,01585484
0,213623 0,02837181 0,01418591
0,213623 0,02670288 0,01335144
0,5340576 0,02503395 0,01251698
0,3204346 0,03170967 0,01585484
0,4272461 0,02336502 0,01168251
0,3204346 0,01335144 0,00667572
0,213623 0,01001358 0,00500679
0,3204346 0,02169609 0,01084805
0,3204346 0,03170967 0,01585484
0,3204346 0,02002716 0,01001358
0,213623 0,03004074 0,01502037
0,213623 0,0166893 0,00834465
0,213623 0,02002716 0,01001358
0,213623 0,02503395 0,01251698
0,213623 0,01835823 0,009179115
0,213623 0,0333786 0,0166893
0,213623 0,02002716 0,01001358
0,213623 0,03170967 0,01585484
0,213623 0,01335144 0,00667572
0,3204346 0,03170967 0,01585484
0,213623 0,01835823 0,009179115
0,213623 0,02002716 0,01001358
0,213623 0,02169609 0,01084805
0,213623 0,02503395 0,01251698
0,3204346 0,03671646 0,01835823
0,213623 0,02837181 0,01418591
0,213623 0,01502037 0,007510185
0,1068115 0,00667572 0,00333786
0,213623 0,02837181 0,01418591
0,3204346 0,02670288 0,01335144
0,4272461 0,02336502 0,01168251
0,213623 0,03504753 0,01752377
0,4272461 0,0333786 0,0166893
0,213623 0,02002716 0,01001358
0,213623 0,02503395 0,01251698
0,1068115 0,01001358 0,00500679
0,213623 0,01168251 0,005841255
0,1068115 0,01001358 0,00500679
0,213623 0,02002716 0,01001358
0,213623 0,0166893 0,00834465
0,213623 0,03004074 0,01502037
0,213623 0,01168251 0,005841255
0,213623 0,02503395 0,01251698
0,213623 0,03838539 0,0191927
0,213623 0,02837181 0,01418591
0,213623 0,03004074 0,01502037
0,3204346 0,04172325 0,02086163
0,213623 0,0333786 0,0166893
0,213623 0,04005432 0,02002716
0,213623 0,01502037 0,007510185
0,213623 0,03504753 0,01752377
0,213623 0,02837181 0,01418591
0,213623 0,02169609 0,01084805
0,213623 0,02002716 0,01001358
0,1068115 0,01335144 0,00667572
0,213623 0,0166893 0,00834465
0,213623 0,03170967 0,01585484
0,5340576 0,02670288 0,01335144
0,4272461 0,03504753 0,01752377
0,213623 0,02336502 0,01168251
0,3204346 0,03671646 0,01835823
0,213623 0,01835823 0,009179115
0,213623 0,02002716 0,01001358
0,213623 0,03004074 0,01502037
0,213623 0,02837181 0,01418591
0,213623 0,03004074 0,01502037
0,3204346 0,02837181 0,01418591
0,213623 0,03170967 0,01585484
0,213623 0,04339218 0,02169609
0,213623 0,02503395 0,01251698
0,213623 0,02002716 0,01001358
0,213623 0,03504753 0,01752377
0,213623 0,0333786 0,0166893
0,213623 0,02336502 0,01168251
0,213623 0,03838539 0,0191927
0,213623 0,02837181 0,01418591
0,3204346 0,02670288 0,01335144
0,3204346 0,02837181 0,01418591
0,213623 0,02503395 0,01251698
0,213623 0,02503395 0,01251698
0,213623 0,03170967 0,01585484
0,213623 0,02837181 0,01418591
0,213623 0,03004074 0,01502037
0,213623 0,03004074 0,01502037
0,3204346 0,03838539 0,0191927
0,3204346 0,02503395 0,01251698
0,213623 0,02670288 0,01335144
0,213623 0,03170967 0,01585484
0,3204346 0,03004074 0,01502037
0,213623 0,02002716 0,01001358
0,213623 0,0166893 0,00834465
0,3204346 0,04172325 0,02086163
0,213623 0,02336502 0,01168251
0,213623 0,02670288 0,01335144
0,213623 0,0166893 0,00834465
0,213623 0,02002716 0,01001358
0,3204346 0,02670288 0,01335144
0,213623 0,02336502 0,01168251
0,3204346 0,02503395 0,01251698
0,213623 0,02503395 0,01251698
0,5340576 0,03838539 0,0191927
0,213623 0,01835823 0,009179115
0,213623 0,03504753 0,01752377
0,3204346 0,03004074 0,01502037
0,5340576 0,03170967 0,01585484
0,4272461 0,04005432 0,02002716
0,213623 0,02002716 0,01001358
0,213623 0,02002716 0,01001358
0,3204346 0,02837181 0,01418591
0,3204346 0,02837181 0,01418591
0,1068115 0,00667572 0,00333786
0,213623 0,02002716 0,01001358
0,3204346 0,02002716 0,01001358
0,213623 0,0166893 0,00834465
0,213623 0,00834465 0,004172325
0,1068115 0,02336502 0,01168251
0,213623 0,02837181 0,01418591
0,213623 0,01835823 0,009179115
0,213623 0,02336502 0,01168251
0,3204346 0,02670288 0,01335144
0,3204346 0,04005432 0,02002716
0,213623 0,02670288 0,01335144
0,3204346 0,02670288 0,01335144
0,213623 0,02503395 0,01251698
0,3204346 0,02169609 0,01084805
0,213623 0,02670288 0,01335144
0,1068115 0,01335144 0,00667572
0,213623 0,01835823 0,009179115
0,213623 0,02336502 0,01168251
0,213623 0,0166893 0,00834465
0,213623 0,02670288 0,01335144
0,213623 0,02336502 0,01168251
0,213623 0,03004074 0,01502037
0,213623 0,02670288 0,01335144
0,213623 0,02503395 0,01251698
0,213623 0,02169609 0,01084805
0,213623 0,02336502 0,01168251
0,213623 0,02837181 0,01418591
0,3204346 0,05340576 0,02670288
0,213623 0,02837181 0,01418591
0,213623 0,03838539 0,0191927
0,213623 0,03004074 0,01502037
0,213623 0,0166893 0,00834465
0,3204346 0,01502037 0,007510185
0,213623 0,02503395 0,01251698
0,4272461 0,03170967 0,01585484
0,3204346 0,02837181 0,01418591
0,213623 0,03004074 0,01502037
0,213623 0,03170967 0,01585484
0,4272461 0,04172325 0,02086163
0,1068115 0,01335144 0,00667572
0,4272461 0,04005432 0,02002716
0,3204346 0,03004074 0,01502037
0,213623 0,02336502 0,01168251
0,213623 0,03004074 0,01502037
0,3204346 0,04005432 0,02002716
0,3204346 0,05173683 0,02586842
0,3204346 0,04339218 0,02169609
0,3204346 0,02002716 0,01001358
0,213623 0,03004074 0,01502037
0,213623 0,03004074 0,01502037
0,3204346 0,03838539 0,0191927
0,3204346 0,03004074 0,01502037
0,3204346 0,03004074 0,01502037
0,213623 0,02336502 0,01168251
0,3204346 0,04005432 0,02002716
0,213623 0,02169609 0,01084805
0,3204346 0,03504753 0,01752377
0,213623 0,05173683 0,02586842
0,3204346 0,03671646 0,01835823
0,213623 0,03838539 0,0191927
0,3204346 0,03170967 0,01585484
0,213623 0,03838539 0,0191927
0,3204346 0,04673004 0,02336502
0,4272461 0,03504753 0,01752377
0,213623 0,02336502 0,01168251
0,3204346 0,03004074 0,01502037
0,3204346 0,04005432 0,02002716
0,3204346 0,04673004 0,02336502
0,213623 0,04506111 0,02253056
0,3204346 0,03504753 0,01752377
0,3204346 0,03170967 0,01585484
0,4272461 0,04506111 0,02253056
0,213623 0,03170967 0,01585484
0,4272461 0,04839897 0,02419949
0,213623 0,03004074 0,01502037
0,3204346 0,0500679 0,02503395
0,3204346 0,03671646 0,01835823
0,3204346 0,04673004 0,02336502
0,213623 0,0333786 0,0166893
0,3204346 0,04172325 0,02086163
0,3204346 0,04005432 0,02002716
0,3204346 0,04005432 0,02002716
0,213623 0,03504753 0,01752377
0,3204346 0,04339218 0,02169609
0,213623 0,02503395 0,01251698
0,3204346 0,04839897 0,02419949
0,3204346 0,04506111 0,02253056
0,3204346 0,05173683 0,02586842
0,3204346 0,04005432 0,02002716
0,213623 0,04339218 0,02169609
0,213623 0,04005432 0,02002716
0,3204346 0,05674362 0,02837181
0,3204346 0,05841255 0,02920628
0,3204346 0,06842613 0,03421307
0,4272461 0,04839897 0,02419949
0,213623 0,04172325 0,02086163
0,4272461 0,06508827 0,03254414
0,3204346 0,05507469 0,02753735
0,3204346 0,06842613 0,03421307
0,213623 0,04172325 0,02086163
0,4272461 0,06008148 0,03004074
0,4272461 0,05674362 0,02837181
0,5340576 0,08845329 0,04422665
0,4272461 0,06842613 0,03421307
0,213623 0,04673004 0,02336502
0,213623 0,04506111 0,02253056
0,3204346 0,07510185 0,03755093
0,3204346 0,05340576 0,02670288
0,3204346 0,05841255 0,02920628
0,3204346 0,05841255 0,02920628
0,4272461 0,06341934 0,03170967
0,3204346 0,0333786 0,0166893
0,3204346 0,07176399 0,035882
0,4272461 0,06341934 0,03170967
0,3204346 0,0500679 0,02503395
0,3204346 0,05674362 0,02837181
0,3204346 0,04673004 0,02336502
0,213623 0,03004074 0,01502037
0,213623 0,04005432 0,02002716
0,3204346 0,06175041 0,03087521
0,3204346 0,05841255 0,02920628
0,213623 0,06008148 0,03004074
0,4272461 0,07510185 0,03755093
0,213623 0,04839897 0,02419949
0,3204346 0,06175041 0,03087521
0,3204346 0,0667572 0,0333786
0,213623 0,05841255 0,02920628
0,213623 0,05507469 0,02753735
0,3204346 0,06842613 0,03421307
0,4272461 0,07009506 0,03504753
0,3204346 0,05507469 0,02753735
0,3204346 0,06008148 0,03004074
0,3204346 0,05841255 0,02920628
0,3204346 0,04673004 0,02336502
0,213623 0,05173683 0,02586842
0,4272461 0,07677078 0,03838539
0,213623 0,04339218 0,02169609
0,3204346 0,06008148 0,03004074
0,3204346 0,06175041 0,03087521
0,3204346 0,05507469 0,02753735
0,5340576 0,06842613 0,03421307
0,4272461 0,07677078 0,03838539
0,213623 0,04172325 0,02086163
0,4272461 0,05507469 0,02753735
0,213623 0,06175041 0,03087521
0,4272461 0,07510185 0,03755093
0,3204346 0,06341934 0,03170967
0,3204346 0,0834465 0,04172325
0,3204346 0,06175041 0,03087521
0,3204346 0,06508827 0,03254414
0,5340576 0,07343292 0,03671646
0,213623 0,06175041 0,03087521
0,4272461 0,09179115 0,04589558
0,3204346 0,06842613 0,03421307
0,3204346 0,05841255 0,02920628
0,3204346 0,06508827 0,03254414
0,3204346 0,0834465 0,04172325
0,3204346 0,04673004 0,02336502
0,3204346 0,05507469 0,02753735
0,4272461 0,07677078 0,03838539
0,3204346 0,07843971 0,03921986
0,3204346 0,09179115 0,04589558
0,3204346 0,08511543 0,04255772
0,4272461 0,09346008 0,04673004
0,4272461 0,1018047 0,05090237
0,4272461 0,08010864 0,04005432
0,4272461 0,09346008 0,04673004
0,213623 0,07510185 0,03755093
0,3204346 0,08511543 0,04255772
0,4272461 0,120163 0,06008148
0,5340576 0,120163 0,06008148
0,4272461 0,09346008 0,04673004
0,3204346 0,09679794 0,04839897
0,3204346 0,1151562 0,05757809
0,4272461 0,1335144 0,0667572
0,3204346 0,1218319 0,06091595
0,5340576 0,1235008 0,06175041
0,4272461 0,1618862 0,08094311
0,4272461 0,1702309 0,08845329
0,4272461 0,1685619 0,09179115
0,4272461 0,1785755 0,1084805
0,5340576 0,2336502 0,1335144
0,6408691 0,2002716 0,1176596
0,5340576 0,2319813 0,1502037
0,5340576 0,2286434 0,1410246
0,5340576 0,2903938 0,1835823
0,9613037 0,3120899 0,1869202
0,5340576 0,2920628 0,1819134
0,7476807 0,3237724 0,190258
0,6408691 0,310421 0,2061129
0,7476807 0,3187656 0,191927
0,7476807 0,3304482 0,2077818
0,7476807 0,3654957 0,2403259
0,7476807 0,3504753 0,2269745
0,9613037 0,3871918 0,2444983
0,7476807 0,3788471 0,2470016
0,7476807 0,4222393 0,2753735
0,9613037 0,3972054 0,2678633
0,8544922 0,4355907 0,2753735
1,174927 0,4606247 0,2937317
1,068115 0,4739761 0,3029108
0,9613037 0,5090237 0,3287792
0,8544922 0,4873276 0,321269
1,174927 0,5540848 0,3771782
1,38855 0,5607605 0,369668
1,174927 0,620842 0,4113913
1,708984 0,6976128 0,45228
1,174927 0,690937 0,4906654
1,38855 0,7977486 0,5549192
1,922607 0,8645058 0,6116629
2,670288 0,9179115 0,6408691
1,922607 0,9212494 0,6575584
2,349854 1,031399 0,7318258
2,13623 1,148224 0,8519888
2,243042 1,268387 0,918746
2,990723 1,443624 1,023889
2,7771 1,565456 1,14572
3,631592 1,744032 1,274228
4,486084 1,884222 1,39606
3,52478 1,972675 1,478672
4,272461 2,274752 1,663089
3,52478 2,333164 1,800776
4,272461 2,503395 1,922607
4,058838 2,691984 2,096176
4,379272 2,800465 2,177119
4,379272 3,050804 2,356529
4,272461 3,087521 2,449989
4,699707 3,154278 2,530932
4,379272 3,107548 2,406597
4,592896 3,387928 2,668619
5,233765 3,407955 2,741218
6,515503 3,606558 2,87056
5,020142 3,528118 2,804637
6,622314 3,686666 2,955675
5,554199 3,893614 3,090858
5,767822 3,8836 3,056645
6,088257 4,015446 3,21269
5,661011 4,013777 3,265262
5,661011 4,225731 3,552318
5,554199 4,177332 3,307819
6,622314 4,224062 3,468037
7,369995 4,562855 3,629923
6,408691 4,340887 3,538966
6,942749 4,529476 3,663301
7,263184 4,662991 3,837705
6,408691 4,763126 3,94702
7,156372 4,883289 4,10223
7,904053 5,155325 4,257441
7,263184 5,343914 4,44603
7,263184 5,215406 4,325032
7,69043 5,175352 4,279971
8,43811 5,55253 4,443526
8,43811 5,759478 4,819036
7,369995 5,273819 4,353404
7,156372 5,697727 4,794836
8,331299 5,714417 4,715562
7,263184 5,554199 4,59373
8,758545 5,772829 4,777312
8,43811 6,038189 5,183697
8,43811 5,809546 4,752278
8,117676 5,903006 4,811525
8,544922 5,787849 4,798174
8,544922 5,909681 4,873276
8,651733 6,283522 5,204558
8,010864 6,183386 5,147815
8,010864 5,801201 4,850745
8,758545 5,991459 4,990101
9,078979 6,05154 5,083561
9,185791 6,311893 5,341411
8,010864 6,173372 5,032659
9,82666 6,058216 4,914165
9,933472 6,241798 5,150318
9,078979 6,346941 5,17869
9,399414 6,245136 5,301356
10,89478 6,20842 5,254626
16,23535 6,103277 5,192876
12,28333 6,712437 5,542517
17,6239 6,907701 5,535841
12,28333 7,09796 5,66268
19,65332 8,219481 6,437898
16,02173 9,878397 7,483482
19,86694 11,80935 8,880377
17,94434 11,91115 9,441972
19,97375 12,50362 9,963512
19,76013 12,55369 10,08201
19,22607 12,19153 9,784102
20,61462 13,52167 10,91814
22,2168 13,59677 10,92565
20,29419 14,33277 11,37042
28,41187 15,67292 12,34925
29,80042 16,82281 13,06772
24,45984 16,80946 13,35645
26,27563 17,05647 13,38565
26,38245 16,40391 12,92336
30,01404 17,88259 13,87882
29,80042 17,05146 13,61263
26,27563 17,88926 14,29772
26,48926 18,48006 14,58645
26,16882 18,45837 14,70995
26,27563 18,84723 15,20979
29,6936 19,34123 15,49101
35,35461 18,88227 15,33496
29,15955 19,15097 15,52939
34,2865 20,18905 16,21366
29,90723 20,44106 16,23953
33,53882 20,67304 16,17611
30,86853 20,39766 16,44063
29,15955 21,32559 17,04144
38,0249 21,58761 17,20333
37,49084 21,73114 17,34435
36,74316 22,94612 18,38577
36,95679 23,73719 18,90314
36,52954 24,69516 20,04469
32,04346 24,56498 19,7326
36,63635 25,7566 20,83075
46,46301 25,22922 20,33674
37,91809 26,51095 21,12197
35,99548 26,30901 21,64685
37,59766 25,51627 20,70391
39,30664 26,83306 21,78704
46,46301 26,86977 21,99232
38,77258 26,87645 22,08662
39,52026 26,01027 21,41654
35,46143 26,35074 21,63184
36,10229 27,46558 22,99701
41,44287 27,28033 22,58229
43,04504 28,15485 23,02539
38,55896 29,06775 24,03259
34,71375 27,85611 23,63288
42,93823 28,37515 22,95029
44,54041 30,48801 24,84536
37,38403 28,04136 23,47934
42,6178 28,68223 23,31495
39,52026 29,68693 23,93078
44,96765 29,6886 24,88375
43,25867 28,42355 23,22816
38,98621 28,39851 24,00589
38,45215 28,49197 23,80895
46,99707 29,29473 24,00422
41,87012 29,9139 24,52576
45,50171 31,18563 25,83085
41,87012 29,1729 24,04762
40,58838 29,43659 24,45148
40,48157 30,6282 25,12407
42,08374 29,43158 23,79393
38,98621 28,8291 23,80561
40,16113 29,34647 24,36805
55,22156 30,66993 24,5124
39,73389 29,72031 24,7978
40,16113 30,10249 25,39777
42,40417 29,96063 25,07066
44,43359 29,49834 24,85036
40,37476 30,7951 26,1997
40,48157 30,56645 24,49239
41,01563 30,17092 25,33769
45,07446 30,51972 25,18332
43,36548 32,2187 27,48978
42,6178 30,84183 25,43615
43,68591 31,03542 25,51627
43,68591 31,07381 25,98859
41,44287 30,99036 25,60388
39,52026 30,56312 25,50877
41,76331 31,44264 27,15182
45,18127 31,74472 26,21889
42,40417 30,78842 25,16913
44,11316 30,89023 25,71988
52,33765 31,85654 26,39162
42,93823 30,72 25,88594
45,07446 31,77977 27,1126
47,74475 32,09519 26,61191
53,83301 32,9063 27,15434
44,32678 32,94134 26,27813
50,52185 33,7758 27,96709
42,19055 32,73606 27,83357
46,03577 32,51409 27,86778
49,1333 32,46903 26,48758
47,85156 32,94801 27,51564
44,64722 33,44035 27,37296
42,29736 32,60922 27,68338
43,25867 33,33354 27,72427
58,74634 33,04982 27,69505
44,54041 32,92132 26,9165
46,24939 32,20034 27,04585
46,46301 32,29713 27,76599
45,71533 32,81951 27,77767
55,11475 33,65565 28,18657
47,42432 33,19836 27,63414
45,71533 33,49209 28,07891
42,93823 34,54685 28,69141
41,87012 33,26177 27,86445
46,99707 33,56552 28,05554
45,82214 32,5675 27,46809
46,99707 33,69069 28,0714
42,51099 33,8726 28,13148
43,36548 32,57418 27,34542
48,49243 32,99141 27,46558
49,24011 33,79082 28,30838
45,50171 33,89097 28,4903
47,10388 33,53882 27,71342
46,56982 33,67734 27,98379
46,78345 34,4901 28,59795
47,74475 34,21807 28,78153
44,75403 33,48541 27,91952
53,61938 34,00611 29,04104
45,82214 33,62226 27,73512
46,46301 34,0612 28,62465
50,41504 34,11961 28,97847
42,29736 32,56583 27,1902
50,30823 34,40332 28,69224
45,3949 34,98745 29,25801
46,14258 34,79052 28,99098
43,47229 34,07955 28,74314
48,91968 35,76017 30,07495
46,89026 34,17969 28,86331
50,52185 34,53684 28,71478
