0,3417969 0,08544922 0,04272461
0,3417969 0,08010864 0,04005432
0,3417969 0,1094818 0,05474091
0,8544922 0,09078979 0,0453949
0,3417969 0,1174927 0,05874634
0,3417969 0,08811951 0,04405975
0,5126953 0,1361847 0,06809235
0,3417969 0,1522064 0,07610321
0,5126953 0,1495361 0,07476807
0,5126953 0,1415253 0,07076263
0,5126953 0,2029419 0,1014709
0,3417969 0,2056122 0,1054764
0,6835938 0,2056122 0,1028061
0,6835938 0,213623 0,1068115
2,22168 0,2670288 0,1468658
1,196289 0,3017426 0,1882553
2,563477 0,352478 0,2256393
2,221679 0,435257 0,2803802
3,417969 0,7022858 0,4325867
3,759766 0,8277893 0,5140305
4,443359 1,046753 0,6515503
4,443359 1,636887 1,021385
4,272461 2,04277 1,320457
6,835936 2,518082 1,654243
8,886717 3,134918 2,041435
11,6211 3,436661 2,161598
12,30469 4,288483 2,753067
11,6211 5,711746 3,714371
13,50098 7,260513 5,022812
14,01368 8,43277 6,259155
15,55177 9,826661 7,36599
21,3623 11,8454 9,284592
20,84961 12,90817 10,62775
19,82422 13,44223 11,17783
25,46385 14,75334 12,20722
22,38768 15,28473 13,29937
19,48243 16,00571 13,61179
22,04589 16,52107 14,35547
23,92576 17,12723 15,15656
22,72948 17,67998 15,09113
24,09666 18,74542 16,33282
21,87499 18,88428 16,74271
28,54 19,42634 16,77608
29,0527 19,49844 16,92562
25,63474 20,19005 17,67063
26,83103 20,44372 17,93098
24,95115 20,73211 18,48373
27,34372 21,15135 18,99376
27,17282 21,54121 19,10858
25,97654 21,7762 19,32354
27,00192 22,0726 19,51313
29,0527 22,13935 19,76414
28,8818 22,27554 20,03784
31,27437 22,81761 20,82824
26,83103 22,612 20,78552
26,14744 22,89504 20,21408
26,48923 22,99651 20,50113
26,83103 23,39171 21,00582
28,19821 23,35166 21,57993
27,51462 23,69079 21,37832
27,51462 23,62403 21,04988
28,02731 24,21683 21,81358
28,8818 24,47318 22,31292
34,17965 25,6935 23,41709
35,54685 25,82168 23,66542
33,83784 26,62543 23,96984
33,15425 27,11409 24,61604
32,81245 26,59606 23,40507
35,71774 27,24494 24,49588
32,29976 27,89915 25,59069
34,35055 27,77365 25,37574
35,54684 27,66951 25,50792
33,15425 28,1822 25,4238
33,49605 28,26764 25,58802
32,47065 28,24094 25,5947
31,95796 28,30236 25,9178
35,71774 28,68955 25,74023
33,83785 28,83641 26,28096
34,69234 29,2156 26,59739
33,15425 28,71358 25,60938
35,88865 29,03936 26,39445
33,15425 29,28502 26,62009
34,86325 29,05271 26,63478
35,71774 29,59478 27,13545
36,05954 29,9072 26,91916
35,54685 29,41587 26,98992
34,86325 29,512 27,07404
34,17965 29,68557 27,12744
34,69234 30,60414 27,35575
35,37595 30,20894 27,58673
37,08494 30,79374 28,07807
34,35055 30,55074 28,03267
35,54684 30,75101 27,77499
34,69234 30,79907 28,10877
36,91404 30,46262 28,0033
36,91404 30,68158 27,38513
36,05954 31,17025 28,76299
39,64844 31,19962 27,97526
37,76854 31,50403 28,90452
38,79394 31,3812 28,99531
35,37595 31,26905 28,54403
34,86325 30,90055 28,11678
35,37595 31,30109 28,64283
38,62303 31,14354 28,63616
35,37595 30,83112 27,96992
35,37595 31,42125 28,40518
39,99024 31,43193 28,64684
38,28124 31,4079 28,62681
34,69234 30,92725 28,17286
36,40134 31,72567 28,68022
35,88865 31,55477 28,51866
35,37595 31,93128 28,90719
35,88865 31,45864 28,33441
36,05954 31,01003 28,63349
36,57224 31,33847 28,56806
35,20504 31,09281 28,5694
36,40134 31,31177 29,20626
35,54684 30,88186 28,17019
37,08494 31,80311 29,24098
36,91404 31,70164 28,88049
35,54684 31,54943 28,80305
36,40134 31,38921 29,20359
35,54684 31,62954 28,79103
34,52145 30,96997 27,89114
34,86325 31,15689 28,45858
34,69234 30,7697 28,05537
36,23045 30,85248 28,55071
35,71774 31,17025 28,63749
37,76854 31,31978 28,68556
36,91404 31,22632 28,02065
35,54684 31,27172 28,33174
37,42674 31,36785 28,97528
35,54684 31,30109 28,31439
37,08494 31,71766 29,06607
35,37595 31,60818 28,83109
36,23045 30,82311 27,79368
35,54684 31,34916 27,99395
36,57224 31,81646 29,35713
36,74314 31,37853 28,95793
37,08494 31,58147 28,85913
38,28124 31,99003 29,47329
35,54684 31,58414 29,20893
36,74314 31,39188 28,65218
35,88865 31,42125 28,58542
36,23045 31,2824 28,19823
36,74314 31,67493 29,02602
35,88865 31,26905 27,82038
37,25584 32,12888 28,03401
36,74314 31,60283 28,71226
35,54684 31,50403 29,22495
34,35055 31,73902 29,29972
35,54684 31,32779 28,98863
37,93944 32,2624 28,96727
38,28124 32,20365 29,56942
37,93944 31,54142 28,78302
36,05954 32,27842 29,29171
37,59764 32,38523 29,44258
36,57224 32,42529 29,19825
39,81934 32,06212 29,10746
38,11034 32,84452 29,7737
37,08494 31,76839 28,6455
36,40134 31,77106 29,39051
36,05954 32,32915 29,90588
36,05954 31,76305 28,98062
37,42674 32,24371 29,82844
36,57224 32,08616 29,76168
37,76854 32,33183 29,24498
36,40134 31,65624 29,12348
36,23045 31,56278 28,12213
35,20504 31,51738 28,62948
37,42674 31,47466 28,14215
37,76854 31,53341 28,30771
37,59764 32,02207 29,48931
36,57224 32,20632 29,30373
35,54684 31,35984 28,69624
37,59764 32,16627 29,10212
36,91404 31,9927 29,27569
37,42674 32,22768 29,63084
37,42674 32,08348 29,69626
35,88865 31,65624 28,83376
37,93944 31,39989 29,05539
35,20504 31,92861 29,42122
36,57224 31,85651 29,57343
36,91404 31,95798 29,92324
37,08494 31,84316 28,09676
38,28124 32,19564 29,25967
37,42674 31,88322 29,30507
35,88865 32,06479 29,46528
36,57224 31,99537 29,79506
36,40134 32,25706 29,01934
35,71774 31,59215 28,73629
36,57224 32,09417 29,75234
35,71774 32,16627 29,4546
39,99024 32,00872 29,8498
36,57224 32,20365 29,51735
36,74314 32,35051 28,94724
36,05954 32,11286 28,45725
37,42674 31,97935 29,39452
36,57224 32,76174 30,37185
36,23044 31,73368 29,24231
37,42674 32,67896 29,66155
36,74314 32,6309 30,00335
37,25584 32,03809 29,53337
35,54684 32,00338 28,24095
37,59764 32,78577 29,77504
37,08494 32,41727 29,73899
38,28124 32,3158 29,65621
37,08494 32,217 29,04071
34,86325 32,0194 29,48264
36,74314 32,01406 28,62414
36,91404 32,15825 29,51735
36,57224 32,35853 29,83245
36,57224 32,09417 29,31975
36,74314 31,77373 29,49999
36,05954 32,30512 29,74166
36,05954 31,98469 29,54539
36,23045 31,95264 29,34645
36,23045 32,10752 29,00733
37,76854 32,35052 29,02869
37,93944 32,41727 28,92989
36,91404 32,22234 29,43858
36,40134 31,93929 28,94457
37,42674 31,7951 29,05272
37,25584 32,29711 28,94858
37,42674 32,2891 29,26101
38,11034 32,37188 29,30774
37,93944 32,47335 30,3892
36,74314 32,44398 29,66155
36,74314 32,97269 29,43724
40,33204 32,69499 29,75902
37,08494 32,37722 29,39452
37,25584 33,28779 30,07945
38,45214 32,45199 28,88583
37,93944 32,39591 29,27035
37,08494 32,76441 29,86449
37,76854 32,60152 29,42389
38,11034 32,66294 30,41457
38,11034 32,14758 29,13283
36,91404 32,7831 30,51871
35,88865 32,17161 29,7737
36,23045 31,89924 28,56539
39,99024 32,40125 29,81776
37,42674 32,28376 29,79907
38,11034 32,36921 28,89918
36,40134 32,41994 29,81108
38,62304 32,22501 29,73632
39,30664 32,6309 30,08746
38,79394 32,57482 30,14354
38,11034 32,69231 29,22763
36,23045 32,33717 30,25168
37,42674 32,23302 29,5801
37,93944 32,3345 29,17422
37,08494 32,57215 30,14754
37,76854 32,90327 29,84446
36,57224 32,74572 29,9713
37,42674 32,5855 29,92457
38,28124 32,32381 29,86583
36,91404 32,35052 29,57343
37,42674 32,04076 29,12482
37,76854 32,7297 30,00869
36,40134 32,23569 28,94458
39,64844 33,38659 30,83648
39,47754 32,44665 29,73498
36,57224 32,1449 29,79506
36,91404 31,98735 29,48264
39,13574 32,72436 29,82444
37,25584 32,54278 29,92724
39,30664 32,25172 29,4052
37,76854 32,47869 30,45329
36,91404 32,27842 29,83645
38,62304 32,48937 29,14084
38,45214 32,78578 30,28907
37,25584 32,87923 30,45729
37,76854 32,56681 29,89119
35,88865 32,51608 29,77637
37,42674 32,82316 29,97664
36,40134 32,57482 30,2677
35,71774 31,974 28,87648
35,88865 32,16093 29,41588
37,42674 32,96201 30,16623
37,76854 32,45733 29,37716
36,57224 31,94997 29,27436
38,79394 32,6576 29,90989
36,40134 32,36387 30,0661
37,08494 33,04746 29,94994
37,76854 33,04212 29,47196
39,99024 32,59084 29,49199
38,28124 32,37455 29,1849
36,57224 32,29444 29,41187
36,74314 32,6843 30,20762
36,74314 32,25706 29,41321
36,74314 32,55079 29,52136
39,99024 32,93264 29,77103
39,13574 32,18229 29,21695
39,30664 32,41727 29,30239
36,74314 33,00741 30,14087
36,40134 32,49204 30,1422
36,74314 32,74305 29,31842
36,23045 32,30245 29,66422
38,28124 32,88992 30,03806
37,42674 32,67095 29,49065
38,11034 32,94065 30,02337
37,42674 32,78844 29,84446
39,99024 33,19967 30,12618
36,91404 32,96735 29,7243
36,91404 32,5321 29,69493
37,42674 32,26774 29,50801
38,96484 32,15291 29,63751
38,96484 32,33183 29,84446
37,93944 32,10485 28,77902
38,11034 32,77776 29,38784
37,76854 32,21967 29,48397
39,64844 32,66828 29,99533
37,93944 32,99139 30,06343
36,91404 32,27575 29,72964
38,28124 33,31983 30,60283
37,08494 32,68697 30,14754
36,91404 32,73237 29,87384
39,30664 32,80714 29,80708
36,74314 32,83117 30,39054
36,74314 32,48136 29,74833
39,47754 33,15961 29,89119
36,91404 32,75907 29,78305
38,11034 32,96735 30,33847
38,11034 32,76174 29,39051
39,81934 32,94867 30,2637
37,08494 32,66828 30,10215
37,08494 32,86855 30,26236
37,93944 33,30648 30,6095
36,57224 32,88725 30,04874
38,62304 32,91395 29,71762
37,76854 33,2691 30,54675
38,45214 32,64959 29,24231
38,28124 32,88992 30,41724
37,93944 32,6843 29,50133
38,11034 32,71635 30,30776
37,76854 33,09019 30,46931
39,99024 33,12757 29,72564
37,08494 32,6309 29,58812
37,76854 32,95934 29,95395
36,74314 32,89526 30,14888
36,05954 32,70567 30,01536
36,74314 32,40392 29,56275
38,45214 32,63891 29,61215
37,59764 32,82583 29,95395
38,45214 33,44801 30,9059
36,74314 32,46534 29,22896
37,59764 33,1516 29,57343
38,11034 32,87656 29,68425
36,91404 33,10087 30,5334
39,64844 33,07684 30,04874
38,62304 33,39193 30,29975
37,08494 32,72703 30,25969
36,74314 32,80447 30,30776
36,05954 32,54544 30,19961
38,28124 33,45602 30,63487
37,76854 33,10087 30,78574
36,91404 32,79646 29,14485
39,13574 33,21836 30,39721
39,99024 32,86588 30,18359
38,62304 33,27444 30,35716
39,47754 33,46136 30,2864
37,08494 33,06348 30,20095
39,47754 33,08752 30,09414
38,96484 32,67629 29,84847
38,45214 32,87923 30,49601
38,79394 33,30114 30,31978
40,84474 32,89259 29,51869
37,42674 33,06081 30,58547
37,08494 33,08752 30,53473
37,08494 33,06615 30,48934
38,11034 32,81248 29,9446
37,93944 33,11155 30,45596
37,76854 33,07417 30,05408
37,25584 32,96201 29,8458
37,76854 33,01809 30,43059
37,08494 32,38523 29,53471
36,74314 33,25842 30,59348
37,25584 32,74572 30,02337
37,08494 33,18365 30,11683
38,11034 32,94599 29,7243
37,93944 32,8018 30,1195
37,93944 33,28245 30,92593
36,23045 32,82316 29,84179
37,93944 32,86588 29,8191
38,11034 33,14092 30,39054
37,42674 32,5321 29,67356
40,50294 33,09286 30,22498
36,23045 32,72703 29,7243
36,40134 32,68697 29,56275
38,62304 33,19166 29,98065
37,42674 32,91929 30,05408
36,91404 32,98605 29,81108
38,79394 32,93531 29,77771
37,42674 33,17297 30,52005
37,25584 33,16496 30,88588
38,11034 32,55613 29,8191
39,30664 33,49874 31,32781
38,62304 32,8285 30,00068
37,93944 33,75776 30,61217
37,76854 32,98605 30,37051
37,59764 32,82316 29,61882
38,11034 33,31716 30,35182
36,74314 33,02877 30,57612
39,30664 33,40796 30,69495
37,25584 32,74572 29,34779
38,11034 33,60288 30,91925
37,76854 32,99139 29,39719
38,79394 33,41597 30,03139
38,11034 32,74038 29,60147
38,11034 32,84452 30,24901
38,45214 33,13558 30,16356
38,11034 32,88725 30,01403
38,96484 33,20234 30,3398
39,13574 32,82049 30,56678
38,45214 32,8552 29,69626
39,13574 32,93798 29,83912
39,30664 33,10087 30,47999
38,28124 33,34653 30,47198
37,42674 33,18365 30,05542
38,96485 33,27444 29,96463
38,45214 32,87389 29,77504
38,45214 33,28245 30,53607
39,64844 33,19433 30,21029
38,28124 33,43732 30,62953
37,76854 33,07417 30,25702
37,76854 32,81782 29,78038
39,13574 32,74038 29,86316
36,57225 32,5134 29,47329
37,08493 32,70567 30,04874
37,25584 32,69765 30,24234
39,47754 32,88992 30,65223
38,28124 32,72436 29,73231
38,11034 32,29444 29,49065
37,25584 32,65226 30,35048
39,81934 33,06081 30,58814
36,74314 32,80447 30,44528
37,25584 33,28779 30,61217
39,99023 33,49073 31,01138
40,33204 33,15962 30,31978
38,28124 32,7297 30,35716
36,74314 32,26506 29,70828
37,76854 33,15427 30,52272
36,40134 32,59885 29,83378
38,79394 33,10354 29,79106
39,47754 33,42131 30,67626
37,93944 32,69231 30,00602
36,57224 32,78577 29,90855
38,45214 33,27711 29,83378
39,30664 33,3946 30,74302
41,87014 33,23973 30,86318
37,76854 32,88457 30,12618
40,67384 33,39727 30,7804
36,23045 32,94332 29,84179
39,30664 33,72305 30,21564
39,30664 33,32251 30,57746
38,11034 33,23171 30,51204
36,91404 32,7297 30,01002
40,16114 33,50409 30,64288
40,50294 33,80316 31,19163
38,28124 33,26109 30,50002
38,45214 33,59488 30,99536
37,42674 32,95934 29,90855
38,28125 33,93934 31,04476
39,81934 33,53346 30,43593
37,25584 32,97002 30,39321
38,79394 33,70703 30,15422
38,45214 33,04479 29,77637
38,62304 33,99542 30,23299
37,76855 33,0715 30,2864
39,64844 33,38125 30,26771
38,62304 33,17564 29,53204
39,64844 34,28648 31,88991
36,57224 32,80447 30,26103
38,96484 33,23972 30,77773
37,08494 32,94599 29,92057
39,13573 33,57618 30,26103
38,45214 33,65896 30,8565
38,11034 34,01945 30,45997
39,13574 33,38659 30,54809
37,76854 33,13291 30,22097
37,76854 33,05547 29,994
39,30664 33,13558 29,64553
39,47754 33,197 30,08346
37,59764 33,42397 30,25969
40,16114 33,84855 30,37452
38,62304 33,5388 30,63354
38,45214 33,0261 29,88719
38,79394 33,42131 30,4346
37,76854 33,74975 31,35985
40,84474 33,69902 30,93795
39,13574 33,14093 30,71231
39,30664 33,88594 30,81244
39,13574 33,94735 30,94863
38,11035 33,48005 31,07947
39,47754 33,34387 30,94329
37,25584 33,23972 30,38253
38,45214 33,06615 29,84713
38,62304 33,18899 29,5227
38,96484 33,09553 29,71629
39,64844 32,94332 30,26904
41,52833 33,56817 30,1422
38,79394 33,2237 30,52405
38,96484 33,49607 30,77639
37,25584 32,76975 29,8685
37,59764 32,92997 30,30242
38,45214 33,82185 30,84849
40,50294 33,71504 31,06879
39,64844 33,67498 29,94193
38,11034 33,36523 30,71364
38,28124 33,32784 30,32512
39,13574 33,37324 30,28106
40,50293 33,92332 31,32247
39,30664 34,09155 30,58547
37,59764 32,9994 29,79774
37,42675 32,92463 30,45329
38,45214 33,5388 30,06343
38,62304 34,19302 31,23168
38,62304 32,8739 30,28506
40,16113 33,24507 30,7804
39,64843 33,55482 30,92193
38,28124 33,8352 30,66424
40,84474 33,87526 31,0234
37,42674 33,38392 30,46531
38,28124 32,98605 29,83378
39,81934 33,24774 30,11683
39,81934 33,79515 31,18094
39,13574 32,9994 30,20896
38,45214 33,84054 30,66691
39,30664 33,92599 30,54809
38,96484 33,21302 29,60681
39,81934 33,47471 29,67223
38,79394 33,81918 30,85116
39,13574 32,92196 30,12885
39,13573 33,66163 31,28509
40,84474 33,90463 30,92994
38,28124 33,35455 30,50937
38,11034 33,45602 29,92858
38,79393 33,38392 30,70964
38,96484 33,50943 30,95664
39,81934 33,61624 30,34114
39,81934 33,14092 30,39721
38,62304 33,00741 29,70962
39,47755 33,60289 30,59215
40,33204 33,4934 31,04877
36,40134 32,73237 29,94727
39,99023 33,90463 31,44664
37,93944 33,69368 30,19294
38,96484 33,78714 30,91792
38,11034 33,61357 30,11683
39,13574 33,73907 31,23034
36,91405 32,92997 30,3665
37,25584 33,52812 29,90588
38,11034 33,07417 30,40523
38,28124 33,62158 30,54542
39,13574 33,1249 30,23032
38,79395 33,15962 30,31177
38,96484 33,75509 30,60817
38,96484 32,96201 30,34648
38,28124 33,82185 30,4119
36,91404 33,28779 30,12484
39,13574 33,25575 29,66155
38,45214 33,41063 30,61484
41,35744 33,16229 30,54675
38,79395 33,1703 30,1422
39,47754 33,73373 31,26239
37,42674 33,29046 30,20629
37,25585 33,60288 30,76037
40,33204 33,55749 30,97266
37,93945 33,23172 30,72566
38,45214 33,27444 30,54408
38,96484 33,17831 30,30642
39,13574 33,6643 30,33446
38,62304 33,65362 30,30776
37,59764 33,5388 30,36383
39,81934 33,5388 30,91258
39,99023 33,62158 30,57078
38,45214 34,18501 31,21432
38,79393 33,87526 30,89122
38,28124 33,76311 30,95264
39,47754 33,88594 30,8752
37,76854 33,2691 30,26771
38,45214 33,40261 29,65354
40,84474 33,78447 30,99135
37,59764 33,34119 29,84446
38,96484 33,94201 30,61885
41,52833 34,24643 30,94463
39,47754 33,75509 30,41057
36,74314 33,50942 30,61351
38,96484 33,51477 30,99135
40,33204 33,5922 30,58146
39,99024 33,72572 31,05411
39,64844 33,79515 30,78574
39,47754 34,11559 30,87386
39,81934 34,02213 31,50405
41,18654 33,43199 30,54809
39,81934 33,87526 31,46132
38,45215 33,36256 29,98599
39,13574 33,52278 30,46664
38,79393 34,17433 31,65092
38,79394 33,81117 30,86986
40,67384 33,78447 30,39054
39,13574 33,56016 30,41057
39,13574 33,7364 30,88721
41,52833 33,73373 30,43727
40,33204 34,56954 31,46533
40,50294 33,72038 30,61217
38,45214 34,06752 31,69497
39,64844 33,93934 30,95531
38,11034 33,71237 30,54809
37,93944 33,77645 30,95263
39,81934 34,00877 30,98468
39,81934 33,7631 31,10885
38,28124 33,66697 31,25571
37,42673 33,18899 30,32244
39,30664 34,43602 31,35852
37,93944 32,89526 29,39452
43,06643 33,69902 30,56411
40,84473 34,07553 30,38119
39,30664 33,41063 30,84582
37,08494 33,3946 30,17558
39,30664 33,59221 30,95263
40,16114 33,37324 30,67626
39,47754 33,80583 29,99801
38,28124 33,78447 30,2597
40,67384 33,89128 30,37185
36,57224 33,26109 29,95261
39,13575 33,9607 31,42394
38,79394 33,58152 30,88321
38,96484 33,80583 30,88721
38,28125 34,10757 31,28642
39,81934 33,63226 30,84716
40,33203 33,72572 31,25438
40,16114 33,73106 30,56811
40,50294 34,46806 31,52808
38,62304 33,43733 30,4386
38,96484 33,95269 30,99536
39,13573 33,95269 31,15958
37,93944 33,6189 31,14356
39,47754 34,28648 31,03141
38,79394 34,4467 31,10484
37,42675 33,34921 30,46264
39,99023 34,09956 30,7083
38,96484 33,69368 30,65089
39,99023 33,49874 30,67893
40,33204 33,84321 31,14089
38,62303 33,39727 30,43994
39,99024 33,64561 30,5334
37,25584 32,96468 30,81511
38,28124 33,44267 30,44929
38,96483 33,42664 30,64154
39,99024 33,6643 30,5828
39,99023 33,50676 30,20095
40,33204 34,16632 31,35718
37,08494 33,34653 30,47065
40,33204 33,49607 30,20228
38,62304 33,52011 30,46264
39,13574 34,02212 30,81111
38,28124 33,87259 30,70163
38,28124 33,65362 30,2904
41,52834 33,85122 30,91258
38,11034 33,87793 31,63222
39,30664 33,52011 30,32912
41,52833 33,74441 30,52672
39,47754 33,83253 31,0728
42,72464 33,85122 30,97133
38,96484 34,33722 31,43462
39,47753 33,46937 30,83648
37,93944 33,60556 30,56544
41,69923 33,73907 30,66825
39,13573 34,04348 31,37321
38,11034 34,09155 31,74171
39,13573 33,86992 31,09817
39,47754 34,14496 31,40926
38,96484 33,86724 31,25972
37,59764 33,43466 30,69228
40,33204 33,18098 30,51738
38,79394 33,60021 30,20896
40,16113 33,71771 31,01539
38,79394 33,74174 30,96599
39,81934 33,80049 31,19563
41,87014 33,74975 30,66291
39,13574 34,05684 31,20097
42,38284 34,19302 30,71765
39,30664 33,66964 30,66691
39,47754 33,64561 29,92991
41,69923 33,76844 30,68961
39,13574 34,07553 31,11552
39,47754 33,92065 31,19964
38,11034 33,8619 30,44127
40,50294 34,26245 31,14757
39,47754 33,44534 29,61215
38,62304 33,59488 30,86185
40,50293 33,72038 30,68694
39,99024 33,91264 31,07547
40,16114 33,6643 30,61885
38,79395 33,69635 30,76171
38,28125 33,35989 30,51738
38,96484 34,04882 31,40258
37,42674 33,15427 29,91256
37,25584 33,58419 30,61885
39,30663 33,41597 31,23302
41,01564 34,22239 31,00871
37,76854 33,87793 30,79509
39,99025 33,86992 31,00204
37,93945 33,55215 30,66958
39,47754 33,85656 31,50004
38,45214 33,6376 30,0661
38,11034 34,35324 31,35051
37,59764 33,33051 30,70563
38,11034 33,98207 31,35985
38,62304 34,18768 31,27841
39,13574 33,67231 30,76171
38,79394 33,51744 30,02604
38,28124 33,7364 30,31844
38,11034 34,39063 31,66293
39,64843 34,12359 31,41326
40,84474 33,89395 30,95263
38,96484 33,59221 31,02607
40,16114 33,69368 31,49737
38,79394 34,30518 31,33582
38,28124 33,87259 31,02073
41,35744 33,79515 30,96332
39,13574 33,85122 31,23569
41,35744 33,53613 30,34915
38,62304 34,4734 30,94596
38,11034 33,89128 31,06078
39,47754 34,0328 31,05144
40,50294 34,25711 30,98067
38,28125 33,6376 30,54809
38,28124 33,80583 30,83114
39,99024 33,48806 30,33713
39,64844 34,07019 31,2477
40,50294 34,1503 30,69495
38,79394 33,76577 31,19563
38,79395 34,0782 31,16759
40,16114 34,35858 30,45997
40,84473 34,09155 30,63888
38,96484 34,60959 30,85651
38,11034 34,06752 31,30244
40,67384 34,30785 31,32114
38,96484 33,39994 29,97531
39,47754 33,83253 31,03541
37,25584 34,09689 31,33048
39,47754 34,06485 30,96599
39,47754 34,41466 31,18762
39,81934 34,1503 31,51473
38,11034 34,23842 31,37454
41,69923 33,32784 30,93661
39,30664 34,07286 30,68694
40,50293 33,9073 31,16893
39,30664 33,85389 30,89389
38,62304 33,5121 30,84449
38,45214 34,25978 31,37454
38,79394 34,09689 30,30776
38,96485 34,08888 30,84315
38,79394 34,11825 31,30912
38,11034 34,16899 30,52005
39,64843 34,23308 31,47067
38,62304 34,17166 31,2704
39,99024 34,3479 31,20765
40,33203 33,65363 29,88853
40,67384 34,23842 31,38255
39,64844 34,65766 31,90593
39,81934 34,3479 31,09683
39,64844 33,42131 31,16225
39,64844 33,92332 30,74435
39,30663 33,22638 30,60283
38,28124 33,93667 31,08615
39,99024 34,63363 31,3879
41,18653 33,7097 31,16759
38,79394 33,82719 31,21432
38,62304 33,58686 30,66958
39,47754 34,17967 30,99002
39,13574 33,77378 30,79375
38,45214 33,52011 30,05675
38,62304 33,80583 30,83381
38,11034 33,69634 30,71765
38,45215 33,72038 30,98735
38,11035 34,37727 31,08348
39,64844 34,09155 31,28242
38,62304 34,04883 31,09683
38,96484 34,66033 31,88056
38,28124 33,45068 30,45462
39,13574 34,22773 31,05144
38,79395 34,09689 30,91792
39,47754 33,76578 30,85918
37,93945 33,62959 31,04342
38,79394 34,01144 31,03942
39,47754 33,96338 30,5334
41,87014 33,82185 30,09147
38,79395 33,92065 31,07681
38,28124 33,73907 31,10751
39,64844 33,82452 31,01806
38,28125 33,93934 31,1756
39,47754 34,08087 31,10618
39,30664 33,53345 30,88588
39,13573 33,52011 30,53607
38,96484 33,31984 30,67626
38,96484 33,47204 30,50803
39,13574 33,99275 30,72967
39,81934 33,7818 30,10482
39,47753 34,08888 31,02607
39,47754 33,75242 30,99803
39,30664 33,2691 30,61351
42,21193 34,00344 31,06212
41,69923 33,80049 31,14223
38,45214 33,87259 30,1649
38,45214 33,34119 30,91792
39,30664 34,03814 30,92059
42,04103 34,31853 31,16626
38,11034 33,97673 30,85784
38,45214 33,7364 30,26637
37,42674 33,89662 30,97533
42,04103 34,04616 30,53073
39,30664 33,67231 31,02607
38,96484 33,68032 31,0728
40,84473 33,66964 29,81509
37,59764 33,65896 31,10751
37,76855 33,64828 30,84315
38,11034 34,11825 30,35316
39,99024 34,20905 31,20631
41,18653 34,07286 31,21165
41,01564 33,55215 30,92193
42,72463 34,27313 31,3465
39,81933 33,78981 31,06612
40,84473 34,00877 30,34915
38,11034 33,68032 30,88988
38,45214 34,08621 31,2477
39,64844 33,58953 30,52005
38,79395 33,76577 30,73634
40,33204 34,35858 31,91394
39,99024 33,77111 30,88054
39,30664 33,5655 30,65623
41,35744 34,16632 30,62152
40,16114 33,05548 30,23032
39,81933 34,00343 31,31579
42,04103 33,93133 31,36786
39,64844 34,03281 30,71765
40,67384 33,59488 30,52406
37,93945 33,85656 31,06345
39,99024 33,61624 30,88588
39,30664 34,20904 31,0995
41,52834 34,44403 30,69896
38,62304 33,60556 30,95798
39,13574 33,87526 31,39857
39,47754 34,15297 30,91125
39,47754 34,11024 31,17561
39,81934 34,28915 31,05811
41,35744 33,65629 30,98868
37,59764 33,87793 31,32114
39,13574 34,19836 30,80043
39,30664 33,89662 30,974
41,18654 34,09155 31,4146
39,64844 33,81117 31,06212
38,62304 33,92332 31,48135
39,13574 34,36926 31,62955
37,25584 34,26512 31,23035
39,30664 34,70573 31,95934
41,18653 34,33188 31,77375
41,01564 34,57221 31,12888
38,79394 34,08088 30,70297
38,28123 33,88861 31,36119
38,45214 33,58152 31,03274
41,01563 34,16365 30,93394
37,59764 34,31585 31,98203
39,81934 34,22773 31,62688
38,79394 33,74975 30,37986
40,33204 33,85657 30,74302
39,13574 33,97406 30,85517
43,23734 34,52414 31,45599
40,16113 33,72305 30,38386
43,06643 34,01945 30,66291
38,62304 34,06752 31,3692
40,84474 33,81117 29,98599
39,47755 33,68032 30,9246
38,62304 34,03814 31,02473
40,16114 34,01678 30,5601
39,99023 34,15564 30,68694
40,67384 34,45205 31,03008
40,84474 34,83657 31,1449
37,93945 33,48272 30,91659
40,16114 34,3292 31,66427
37,93945 33,52011 30,91258
41,01564 33,69101 30,82179
38,79394 34,17967 31,32514
38,96484 34,19035 31,52541
42,38284 33,76043 30,21564
38,45214 33,45068 30,31043
38,11034 33,57351 30,78441
44,94633 34,4467 31,46533
40,67384 34,42801 31,50272
45,28813 33,83787 31,10618
40,33204 34,16098 30,82847
39,81934 34,44403 31,51607
38,62304 33,66964 30,50269
38,62304 33,44534 30,46664
42,21193 34,3212 31,76574
40,33203 33,89662 30,92593
40,50294 34,50278 31,41593
39,30664 34,19035 31,30511
41,35743 33,95536 31,11552
39,30664 34,51079 31,6389
39,30664 34,79384 31,80045
41,52834 34,01945 31,35585
40,84474 34,33188 31,32514
41,18653 33,64294 30,09948
39,81934 33,78447 30,54408
41,01564 34,74578 31,48269
42,55373 34,35324 31,66427
39,81934 34,15564 31,23702
40,84473 33,95269 31,26639
39,81934 34,55352 31,66694
40,33204 34,13428 30,81245
41,01563 33,97673 30,72165
38,62304 34,24643 30,68828
42,21193 34,28915 30,90591
38,28124 33,72839 30,44795
38,28125 33,98474 30,70296
37,93944 34,20637 31,15157
38,11034 33,60823 30,5561
38,62304 34,49744 31,32781
42,04103 34,09956 31,00337
39,13573 33,98474 30,70296
37,76854 33,87793 30,64021
39,99024 33,78447 30,3625
37,93944 33,54681 31,08214
38,79394 33,3412 30,47465
39,81934 33,42932 30,31444
40,84474 33,82452 30,23032
40,67384 34,01945 31,51206
40,33204 34,07286 30,79375
38,28125 33,33051 30,25435
38,79395 33,47204 30,77239
39,30664 33,7818 30,68427
38,96485 33,39727 30,49468
40,84474 33,60289 30,35316
40,50294 33,60823 31,01806
40,84474 33,69635 30,96465
38,62304 34,36659 31,08882
39,30664 33,91264 30,978
39,30664 34,01144 31,22233
37,25585 33,49607 30,34781
39,99024 34,16899 31,36253
39,99024 34,04349 31,03141
39,99024 33,80316 31,26372
38,11034 34,16899 31,0995
42,04104 34,44136 30,82981
39,81933 33,42932 30,51604
37,93944 33,9794 30,20629
41,52834 34,4467 31,10618
39,99024 33,81117 30,52672
40,50294 33,67232 29,80708
39,13573 34,29449 31,18095
39,64843 34,33188 31,01406
39,30664 34,01945 31,19697
41,87013 34,2224 31,07413
41,87013 34,94071 31,50005
39,13574 33,82452 31,15691
41,87014 34,51346 31,55612
41,52833 34,40131 31,44798
40,33204 34,55886 31,96868
41,01563 34,30251 30,63087
41,69923 34,91134 31,52141
39,99023 34,35057 31,73103
42,89553 34,56687 31,82716
40,50294 34,23842 31,42127
42,21193 34,98611 31,62689
39,64844 34,4921 30,98201
39,30664 35,11962 31,75106
39,64844 34,43335 30,67626
41,01563 34,5642 31,42528
44,43363 34,5909 31,79111
38,11034 34,5455 31,23302
42,72462 34,32387 30,61084
41,69923 34,91401 31,43863
41,35743 34,16632 31,11552
44,94633 34,7618 31,12888
41,18653 35,25581 31,60953
43,40823 34,81521 31,65092
40,50294 34,25711 30,32378
40,16114 34,18501 30,83114
40,50294 34,71641 31,47869
40,50294 34,12093 30,05676
40,16114 34,00343 30,59749
39,81934 34,64164 31,65626
38,96484 34,2304 30,64555
46,82623 34,69504 31,78043
40,67383 35,26649 31,86989
39,47754 34,78049 32,05146
40,50294 33,75776 31,00337
40,33204 34,4467 30,95531
41,52834 35,52017 31,97403
41,69924 35,0769 32,05413
40,67384 34,92736 32,04345
39,64843 33,95803 29,94861
42,21193 34,99145 31,57081
40,50294 34,88464 32,01809
44,43364 34,84458 31,19297
41,69923 35,21575 32,39059
42,21193 35,01815 31,8592
42,21193 35,13832 31,68564
41,87014 35,29053 31,79245
41,35744 34,38261 31,16759
39,81935 34,6176 31,5361
40,50293 34,86327 31,79779
38,96484 34,31318 31,32781
46,48442 35,31989 32,1289
38,96484 33,82185 30,81645
41,01564 34,87663 31,82583
38,96484 34,1236 30,85784
41,35743 35,18638 31,63757
42,04104 34,84192 31,55212
40,67383 34,40665 30,88588
42,21193 35,30655 31,75373
40,33204 34,76714 31,47468
39,13574 34,31585 31,86988
40,67383 35,40535 31,95667
43,75002 34,98344 31,50539
42,72462 35,08758 32,21969
41,01564 34,23308 31,29176
40,16114 35,13832 31,02608
39,99024 34,60692 31,03275
39,64844 34,35858 31,62555
41,01563 34,60425 30,9019
39,64844 34,80987 32,05413
40,84473 35,26115 31,82449
44,26273 34,5455 31,32381
42,38284 34,88464 31,73904
41,01563 34,69504 31,29577
44,26273 35,07156 31,3612
41,52834 35,21041 32,26909
42,38284 34,63363 31,02874
41,01563 34,26779 30,94596
42,72463 35,45608 32,20234
39,64844 34,42801 31,48669
39,81934 34,5188 31,49871
44,60453 35,12229 32,21836
40,33204 35,01014 32,05013
41,52833 35,01014 30,93395
38,62304 34,31852 30,88988
39,99024 34,36392 31,08882
42,72464 35,13298 32,0034
42,04103 34,94605 31,35051
42,55373 34,72976 31,55079
40,67384 35,27183 31,22368
39,13573 35,28251 32,14626
40,16113 34,83924 32,10888
41,18653 34,9594 31,48803
41,18653 34,80453 31,50005
42,89553 34,82589 31,79912
41,69923 35,6163 32,13024
41,35744 34,41733 31,5134
39,99024 34,54016 31,31046
41,69923 34,47875 31,82983
41,69923 34,61761 30,66024
43,40823 35,12764 31,29043
42,55373 34,70305 30,70697
41,87013 34,82589 31,49738
40,33204 34,91935 31,38656
40,16114 34,45204 31,64157
41,18653 35,6697 32,197
41,35744 34,74845 31,46801
41,87014 35,28518 31,76441
