0,4069011 0,2733865 0,2241137
0,6103516 0,3115338 0,2209348
0,4069011 0,2638497 0,2018612
0,6103516 0,2892812 0,2241137
0,6103516 0,2638497 0,2082191
0,4069011 0,2765655 0,2018612
0,6103516 0,3178917 0,23524
0,6103516 0,2670287 0,1939139
0,6103516 0,298818 0,2257032
0,6103516 0,3210706 0,2431873
0,6103516 0,3083549 0,2257032
0,4069011 0,2892812 0,2145769
0,4069011 0,2829233 0,2161664
0,6103516 0,2956391 0,2241137
0,6103516 0,3178917 0,2415979
0,8138021 0,298818 0,2257032
0,6103516 0,3051759 0,2320611
0,6103516 0,2956391 0,2288821
0,6103516 0,2829233 0,2161664
0,6103516 0,3051759 0,2320611
0,8138021 0,301997 0,2241137
0,6103516 0,2829233 0,2129875
0,6103516 0,298818 0,2193453
0,6103516 0,301997 0,2272927
0,6103516 0,3051759 0,2288821
0,6103516 0,2924601 0,2129875
0,6103516 0,254313 0,1955034
0,6103516 0,2956391 0,214577
0,6103516 0,298818 0,2304716
0,4069011 0,2892812 0,2145769
0,4069011 0,2797444 0,2129875
0,6103516 0,2924602 0,2288821
0,6103516 0,2924602 0,2161664
0,6103516 0,3051759 0,2304716
0,6103516 0,3051759 0,2304716
0,6103516 0,3306074 0,2463663
0,8138021 0,298818 0,2288821
0,6103516 0,298818 0,2272926
0,8138021 0,3274285 0,2368295
0,6103516 0,3019969 0,2225243
0,6103516 0,3019969 0,2288821
0,6103516 0,3019969 0,2225243
0,6103516 0,2892812 0,2002718
0,8138021 0,3210706 0,2495452
0,6103516 0,301997 0,2288821
0,6103516 0,2892812 0,2177559
0,6103516 0,2861023 0,2272926
0,6103516 0,3178916 0,2368295
0,8138021 0,3242495 0,2304716
0,8138021 0,3178916 0,2400084
0,6103516 0,3401441 0,2559029
0,6103516 0,3147127 0,2384189
0,6103516 0,3242495 0,2479557
0,6103516 0,2861023 0,2193453
0,6103516 0,3019969 0,2225243
0,6103516 0,298818 0,2272927
1,017253 0,2924601 0,2288821
0,8138021 0,3147127 0,2384189
0,6103516 0,3242495 0,2400084
0,6103516 0,3242495 0,2527241
0,6103516 0,3115338 0,2384189
0,6103516 0,3178917 0,2400084
0,6103516 0,3210706 0,2400084
1,017253 0,3210706 0,2447768
0,8138021 0,3210706 0,2527241
0,6103516 0,3401442 0,255903
0,6103516 0,3083549 0,2384189
0,6103516 0,2892812 0,2161664
0,6103516 0,3337863 0,2495452
0,6103516 0,3306074 0,2415979
0,6103516 0,3083548 0,23524
0,8138021 0,3210706 0,2479557
0,6103516 0,3147127 0,2479557
0,6103516 0,301997 0,2288821
0,6103516 0,2892812 0,2272926
0,6103516 0,3274285 0,2574925
0,8138021 0,3242495 0,2431873
0,8138021 0,3433231 0,2511347
0,6103516 0,3083549 0,2415978
0,6103516 0,3496809 0,2574924
0,6103516 0,3051759 0,2431873
0,8138021 0,3369653 0,2574925
0,6103516 0,3401442 0,2543136
0,6103516 0,3623964 0,2717974
0,8138021 0,3401442 0,2590819
0,6103516 0,3274285 0,2495452
0,6103516 0,3210706 0,2511346
0,8138021 0,346502 0,2638502
0,8138021 0,3274285 0,2495452
0,8138021 0,3337863 0,2527241
0,8138021 0,3592176 0,2702079
0,6103516 0,3623964 0,2702079
0,8138021 0,346502 0,2622608
0,6103516 0,3719332 0,2797446
0,6103516 0,3496808 0,270208
0,8138021 0,3369653 0,2622608
0,8138021 0,3782909 0,281334
0,6103516 0,3814698 0,2876917
0,8138021 0,4069011 0,2988178
0,8138021 0,406901 0,3004072
0,8138021 0,4259745 0,3051755
0,8138021 0,4704791 0,3385537
0,8138021 0,470479 0,3369642
0,6103516 0,4323322 0,3147122
0,6103516 0,4545845 0,3369642
0,8138021 0,4482267 0,3226593
0,8138021 0,4482268 0,3210699
0,8138021 0,4736579 0,3496799
1,424154 0,4990892 0,3655746
1,017253 0,505447 0,3767008
1,017253 0,5276996 0,3989534
0,8138021 0,4927314 0,3894167
0,8138021 0,5149838 0,4084903
1,017253 0,5245206 0,4132588
1,017253 0,5785626 0,4609429
1,017253 0,5976362 0,4657113
1,220703 0,6739298 0,5277004
1,220703 0,7120768 0,5531314
1,424154 0,7184347 0,5658469
1,424154 0,7692975 0,591278
1,220703 0,7279714 0,5706153
1,424154 0,8010865 0,6167091
1,220703 0,816981 0,6310138
1,627604 0,8805588 0,6866447
1,831055 0,8900957 0,7057185
1,831055 0,9568526 0,7216129
2,237956 1,001357 0,7581707
2,848307 0,9886416 0,7470442
1,627604 1,001358 0,7979072
1,627604 1,061758 0,8471811
1,831055 1,169841 0,8869176
2,441406 1,20163 0,9155279
4,679362 1,239776 0,936191
4,679362 1,37329 1,042684
3,458659 1,398722 1,049042
3,86556 1,532237 1,153945
4,475912 1,761119 1,34945
5,493164 1,853307 1,432101
3,86556 1,996358 1,503626
4,475912 2,075831 1,595814
4,882813 2,225241 1,684824
4,882813 2,352397 1,792908
5,289714 2,409617 1,840592
5,493164 2,816518 2,152125
6,103515 3,271104 2,436637
5,696614 3,738404 2,791086
7,324219 4,275639 3,364881
6,306965 4,529954 3,728866
8,341469 5,102159 4,231135
9,969072 5,318324 4,520418
7,120767 5,381901 4,591943
9,155272 5,528131 4,71115
7,934568 5,715691 4,900297
8,138021 5,702976 4,943214
10,98633 6,00179 5,04017
9,765621 6,109872 5,210241
10,37598 6,450016 5,44707
11,39323 6,939571 5,815824
10,57942 7,616678 6,402333
13,63119 8,157093 6,863274
17,7002 8,881889 7,305146
20,75195 10,17253 8,3224
20,14161 10,07716 8,556048
17,90366 10,99269 9,13938
17,90365 11,70794 9,625754
23,80371 11,8351 9,770394
19,93815 11,97179 9,87371
19,53126 12,59804 10,40618
21,7692 13,55172 11,04991
18,31056 12,90004 10,90845
21,76921 13,48496 11,17866
25,22786 14,76606 12,17524
26,24512 14,83918 12,14981
21,97266 14,99176 12,51062
26,24509 14,93454 12,43432
26,652 14,81056 12,39618
22,17611 14,92501 12,55671
24,61751 15,37959 12,6489
21,76921 15,68795 12,94454
23,60026 15,6339 13,10349
27,0589 15,54172 12,8444
22,98991 15,31601 12,71248
24,82096 15,9359 13,27674
23,39681 15,65934 13,40549
22,78645 16,37141 13,56443
26,24511 16,75924 13,81874
26,2451 15,30647 12,83328
25,83821 16,30147 13,58668
24,41406 16,33326 13,54059
22,9899 16,55579 13,77742
23,60026 16,09802 13,41661
28,2796 16,75606 14,21293
24,41405 16,91501 13,96656
27,87271 17,18204 14,38459
25,83821 17,46814 14,43545
28,88995 18,0022 14,82646
26,04164 17,8814 14,82169
26,04167 17,73199 14,72314
25,43132 18,29148 15,36846
24,61751 17,78603 14,68182
31,73826 18,25016 15,28263
28,68651 19,28965 15,91205
28,68651 18,78103 15,70543
28,27962 17,89411 15,06488
30,3141 18,25015 15,15707
27,46581 19,13707 15,92636
29,90721 19,36595 15,90252
27,05891 19,32463 15,84689
33,77274 20,22744 16,7958
33,1624 19,69974 16,3142
31,5348 19,42635 16,071
34,79002 20,32916 16,94044
34,79002 19,86186 16,6591
29,90722 19,40092 16,51605
28,68653 20,47222 17,03898
34,99345 21,72469 18,0149
33,56929 20,72017 17,30601
36,21416 21,45767 17,76855
35,60381 22,09027 18,56645
30,72101 21,7088 18,37889
27,66925 21,11117 17,7002
30,11064 21,41635 17,38548
30,11065 21,40999 18,00537
32,14517 21,27648 17,87663
28,48305 21,28284 17,75901
32,75549 21,96629 18,50446
31,33134 22,20472 18,57917
32,95893 23,03123 19,5233
34,78999 22,87229 18,88275
38,65557 22,18882 18,62844
31,33136 21,88047 18,45996
29,09341 22,14431 18,37095
35,19691 22,17929 18,95586
35,80725 22,77374 18,74923
32,34859 22,2079 18,6952
32,95898 22,62433 18,91613
35,60382 23,94358 19,45813
37,02796 22,8405 18,73175
34,79002 22,86275 19,15772
37,23143 22,5989 19,21177
31,94169 22,89454 18,94315
32,75549 23,59389 19,69337
32,7555 23,08846 19,30555
34,58656 22,61479 19,29284
40,48662 23,85457 19,71721
36,62104 22,87229 19,1927
42,7246 23,62251 19,59324
34,78999 24,71605 20,40386
35,19691 23,74331 19,84438
37,02798 24,80507 20,88228
44,14877 24,82096 19,75377
33,97621 24,47446 20,17339
38,859 24,271 20,15114
44,3522 25,47263 20,53737
35,6038 25,63476 21,04282
50,25222 26,25464 21,09526
36,01072 26,38498 21,72152
38,24869 25,42177 20,99037
43,53842 26,80459 21,81848
41,70731 25,93994 21,32098
41,5039 24,59843 20,12729
49,0316 24,88136 20,60572
40,69007 25,73966 21,42587
41,50392 26,2928 21,53396
44,55569 27,69787 22,42247
46,38671 26,56618 21,27806
37,84179 26,76645 22,08551
40,28315 24,79552 20,7599
37,43486 25,55528 21,59118
39,26591 27,09705 22,1316
47,8109 25,61887 21,22084
36,21416 26,58525 22,22855
45,166 26,24511 21,39568
38,6556 26,40088 21,86139
40,48664 28,15563 22,97401
41,70734 27,62475 22,50988
48,42126 26,54074 21,76125
37,63832 27,32276 22,19677
43,53841 27,05573 22,44471
37,84175 26,87771 21,9345
42,31768 27,17653 22,33345
39,46935 26,69015 22,0712
44,14875 27,73284 22,95493
39,87625 26,45492 21,85345
40,48663 27,33229 22,52895
34,17965 26,23875 21,65635
39,67283 27,38634 22,20789
39,46936 27,23693 22,85163
42,52112 26,63294 22,47969
46,59018 28,54982 22,97878
40,07969 27,72012 22,823
42,92809 27,32593 22,67043
43,33498 27,34182 22,25398
37,43487 27,56435 22,24127
42,72459 27,34501 22,41134
39,67281 26,51214 21,54986
36,62105 27,38634 23,15203
42,72456 27,33865 22,92473
43,33493 26,68062 21,9504
38,65555 27,26236 22,17133
41,30042 27,78688 22,97083
46,38665 27,54528 22,70221
37,63831 27,38634 22,17928
39,67282 26,82367 22,26193
43,1315 27,03983 22,15862
41,50386 27,31958 22,44154
41,30045 27,00487 22,56075
37,63831 27,7233 22,24445
42,31765 27,57707 22,15861
41,70733 27,54847 22,91202
49,23507 27,4976 22,81506
42,52111 26,09252 21,62615
39,26588 27,06526 22,16656
37,84177 28,91221 23,84503
45,36945 28,02529 23,34593
39,26588 26,82685 22,24444
38,45209 28,48305 23,48899
44,55566 26,76962 22,11887
35,4004 26,24511 21,45131
43,53838 27,83774 23,09957
41,70732 28,27007 23,24263
39,26592 28,39087 23,5939
42,52117 28,18424 23,036
36,62104 26,41994 22,20153
37,84177 26,02258 21,91066
50,25225 29,03937 23,90702
46,38665 29,00122 24,182
42,11426 28,11748 22,88499
44,35219 27,73602 22,81188
40,07971 27,45944 23,00739
44,35221 27,23693 22,60525
36,82452 28,07934 22,72128
42,11422 27,6788 22,29372
40,89351 28,45763 22,96447
40,07974 27,92993 22,93745
55,33862 28,52439 22,85956
50,45576 27,79642 23,07732
48,21774 29,1093 23,49693
38,04518 27,34501 22,78646
45,77639 27,89814 23,28237
42,11423 28,88042 23,41588
43,13146 27,58661 22,75783
41,9108 27,70741 21,87093
39,67279 28,95354 23,60185
41,09697 26,89996 22,49081
51,67645 28,74373 23,61137
46,18327 28,52756 23,46356
43,5384 29,51938 23,85933
42,92809 27,85681 22,60366
54,72831 28,18425 23,11389
41,70731 27,02712 22,77055
42,52113 29,20786 23,12979
41,70736 28,7787 23,38409
43,94529 27,58342 22,76261
51,67643 28,98851 23,32051
38,45211 28,0094 22,84526
49,23505 28,19378 23,12819
