0,1068115 0,00500679 0,002503395
0,213623 0,01001358 0,00500679
0,213623 0,01835823 0,009179115
0,213623 0,02169609 0,01084805
0,3204346 0,01502037 0,007510185
0,213623 0,01001358 0,00500679
0,213623 0,02002716 0,01001358
0,1068115 0,00500679 0,002503395
0,213623 0,01335144 0,00667572
0,1068115 0,00834465 0,004172325
0,3204346 0,01502037 0,007510185
0,213623 0,02670288 0,01335144
0,213623 0,01502037 0,007510185
0,213623 0,01001358 0,00500679
0,213623 0,00667572 0,00333786
0,4272461 0,0166893 0,00834465
0,213623 0,0166893 0,00834465
0,1068115 0,01001358 0,00500679
0,213623 0,0166893 0,00834465
0,213623 0,0166893 0,00834465
0,3204346 0,02169609 0,01084805
0,213623 0,01835823 0,009179115
0,213623 0,02336502 0,01168251
0,213623 0,0166893 0,00834465
0,213623 0,01835823 0,009179115
0,3204346 0,02336502 0,01168251
0,213623 0,01335144 0,00667572
0,1068115 0,01335144 0,00667572
0,3204346 0,02169609 0,01084805
0,213623 0,0166893 0,00834465
0,3204346 0,02169609 0,01084805
0,1068115 0,01168251 0,005841255
0,4272461 0,02837181 0,01418591
0,4272461 0,02503395 0,01251698
0,3204346 0,01835823 0,009179115
0,3204346 0,02002716 0,01001358
0,213623 0,01335144 0,00667572
0,3204346 0,02169609 0,01084805
0,213623 0,02169609 0,01084805
0,213623 0,02837181 0,01418591
0,213623 0,02169609 0,01084805
0,213623 0,03838539 0,0191927
0,1068115 0,01335144 0,00667572
0,213623 0,02670288 0,01335144
0,3204346 0,03170967 0,01585484
0,3204346 0,02670288 0,01335144
0,213623 0,02503395 0,01251698
0,213623 0,01502037 0,007510185
0,213623 0,02837181 0,01418591
0,4272461 0,03504753 0,01752377
0,213623 0,02002716 0,01001358
0,213623 0,02336502 0,01168251
0,1068115 0,02169609 0,01084805
0,213623 0,02336502 0,01168251
0,213623 0,01335144 0,00667572
0,213623 0,01001358 0,00500679
0,4272461 0,03838539 0,0191927
0,3204346 0,04339218 0,02169609
0,1068115 0,01502037 0,007510185
0,213623 0,01335144 0,00667572
0,3204346 0,02670288 0,01335144
0,213623 0,02670288 0,01335144
0,213623 0,02002716 0,01001358
0,213623 0,02002716 0,01001358
0,213623 0,02837181 0,01418591
0,213623 0,02169609 0,01084805
0,213623 0,0166893 0,00834465
0,5340576 0,02837181 0,01418591
0,3204346 0,04339218 0,02169609
0,3204346 0,03838539 0,0191927
0,213623 0,02169609 0,01084805
0,213623 0,03504753 0,01752377
0,4272461 0,02336502 0,01168251
0,213623 0,02002716 0,01001358
0,213623 0,02670288 0,01335144
0,3204346 0,02169609 0,01084805
0,213623 0,02837181 0,01418591
0,3204346 0,0166893 0,00834465
0,3204346 0,0166893 0,00834465
0,4272461 0,03170967 0,01585484
0,1068115 0,01168251 0,005841255
0,213623 0,02670288 0,01335144
0,4272461 0,02336502 0,01168251
0,3204346 0,0166893 0,00834465
0,213623 0,01835823 0,009179115
0,213623 0,02336502 0,01168251
0,3204346 0,03004074 0,01502037
0,3204346 0,03504753 0,01752377
0,3204346 0,03004074 0,01502037
0,3204346 0,03004074 0,01502037
0,3204346 0,03170967 0,01585484
0,213623 0,03170967 0,01585484
0,4272461 0,04005432 0,02002716
0,4272461 0,03004074 0,01502037
0,213623 0,02503395 0,01251698
0,3204346 0,03838539 0,0191927
0,1068115 0,02169609 0,01084805
0,3204346 0,03170967 0,01585484
0,4272461 0,03004074 0,01502037
0,213623 0,0166893 0,00834465
0,213623 0,02503395 0,01251698
0,4272461 0,02169609 0,01084805
0,1068115 0,01168251 0,005841255
0,213623 0,03170967 0,01585484
0,3204346 0,02670288 0,01335144
0,213623 0,02837181 0,01418591
0,3204346 0,03838539 0,0191927
0,213623 0,02336502 0,01168251
0,213623 0,02336502 0,01168251
0,213623 0,02670288 0,01335144
0,213623 0,02503395 0,01251698
0,213623 0,02002716 0,01001358
0,3204346 0,03671646 0,01835823
0,213623 0,02169609 0,01084805
0,3204346 0,04839897 0,02419949
0,213623 0,02002716 0,01001358
0,3204346 0,02837181 0,01418591
0,213623 0,02670288 0,01335144
0,5340576 0,0333786 0,0166893
0,213623 0,01502037 0,007510185
0,213623 0,01835823 0,009179115
0,213623 0,02503395 0,01251698
0,3204346 0,03504753 0,01752377
0,3204346 0,03170967 0,01585484
0,213623 0,0333786 0,0166893
0,213623 0,02169609 0,01084805
0,213623 0,02336502 0,01168251
0,213623 0,02169609 0,01084805
0,3204346 0,03671646 0,01835823
0,3204346 0,02837181 0,01418591
0,4272461 0,02169609 0,01084805
0,213623 0,02503395 0,01251698
0,3204346 0,02837181 0,01418591
0,3204346 0,02336502 0,01168251
0,3204346 0,03671646 0,01835823
0,4272461 0,03170967 0,01585484
0,1068115 0,02002716 0,01001358
0,213623 0,02336502 0,01168251
0,3204346 0,02837181 0,01418591
0,1068115 0,01835823 0,009179115
0,213623 0,01835823 0,009179115
0,213623 0,01835823 0,009179115
0,213623 0,02169609 0,01084805
0,213623 0,02503395 0,01251698
0,213623 0,02169609 0,01084805
0,213623 0,01502037 0,007510185
0,213623 0,02503395 0,01251698
0,213623 0,01835823 0,009179115
0,213623 0,03671646 0,01835823
0,213623 0,03504753 0,01752377
0,5340576 0,04005432 0,02002716
0,3204346 0,03838539 0,0191927
0,213623 0,02503395 0,01251698
0,213623 0,02336502 0,01168251
0,3204346 0,0333786 0,0166893
0,213623 0,02503395 0,01251698
0,3204346 0,02169609 0,01084805
0,3204346 0,02670288 0,01335144
0,213623 0,03504753 0,01752377
0,213623 0,04005432 0,02002716
0,213623 0,01502037 0,007510185
0,3204346 0,03671646 0,01835823
0,1068115 0,0166893 0,00834465
0,213623 0,02837181 0,01418591
0,213623 0,04005432 0,02002716
0,3204346 0,02169609 0,01084805
0,213623 0,03004074 0,01502037
0,213623 0,03170967 0,01585484
0,213623 0,02336502 0,01168251
0,213623 0,02837181 0,01418591
0,1068115 0,01335144 0,00667572
0,3204346 0,03004074 0,01502037
0,4272461 0,04339218 0,02169609
0,213623 0,01502037 0,007510185
0,213623 0,03170967 0,01585484
0,3204346 0,0333786 0,0166893
0,213623 0,03170967 0,01585484
0,5340576 0,03504753 0,01752377
0,3204346 0,02670288 0,01335144
0,213623 0,01335144 0,00667572
0,213623 0,02169609 0,01084805
0,213623 0,02002716 0,01001358
0,213623 0,02002716 0,01001358
0,4272461 0,02837181 0,01418591
0,213623 0,03004074 0,01502037
0,213623 0,02336502 0,01168251
0,213623 0,03170967 0,01585484
0,1068115 0,0166893 0,00834465
0,4272461 0,02169609 0,01084805
0,3204346 0,02169609 0,01084805
0,3204346 0,02670288 0,01335144
0,213623 0,03170967 0,01585484
0,3204346 0,03504753 0,01752377
0,213623 0,00667572 0,00333786
0,3204346 0,02503395 0,01251698
0,213623 0,02670288 0,01335144
0,213623 0,02002716 0,01001358
0,3204346 0,03004074 0,01502037
0,3204346 0,02837181 0,01418591
0,3204346 0,03170967 0,01585484
0,3204346 0,02002716 0,01001358
0,213623 0,03170967 0,01585484
0,213623 0,02169609 0,01084805
0,213623 0,0166893 0,00834465
0,4272461 0,02336502 0,01168251
0,213623 0,0166893 0,00834465
0,3204346 0,03671646 0,01835823
0,3204346 0,01335144 0,00667572
0,3204346 0,04506111 0,02253056
0,3204346 0,0333786 0,0166893
0,213623 0,02336502 0,01168251
0,213623 0,02837181 0,01418591
0,213623 0,02670288 0,01335144
0,213623 0,02336502 0,01168251
0,3204346 0,02002716 0,01001358
0,3204346 0,01335144 0,00667572
0,213623 0,01835823 0,009179115
0,213623 0,03004074 0,01502037
0,5340576 0,04005432 0,02002716
0,3204346 0,03004074 0,01502037
0,3204346 0,03671646 0,01835823
0,213623 0,03504753 0,01752377
0,1068115 0,01001358 0,00500679
0,3204346 0,03838539 0,0191927
0,3204346 0,03004074 0,01502037
0,213623 0,02336502 0,01168251
0,213623 0,03004074 0,01502037
0,213623 0,0166893 0,00834465
0,213623 0,02503395 0,01251698
0,3204346 0,03671646 0,01835823
0,213623 0,02169609 0,01084805
0,3204346 0,04339218 0,02169609
0,213623 0,04339218 0,02169609
0,3204346 0,0333786 0,0166893
0,213623 0,02503395 0,01251698
0,213623 0,02169609 0,01084805
0,4272461 0,03004074 0,01502037
0,213623 0,02336502 0,01168251
0,4272461 0,05173683 0,02586842
0,3204346 0,04172325 0,02086163
0,3204346 0,02837181 0,01418591
0,3204346 0,02503395 0,01251698
0,3204346 0,04339218 0,02169609
0,4272461 0,04839897 0,02419949
0,4272461 0,03504753 0,01752377
0,213623 0,02837181 0,01418591
0,213623 0,03170967 0,01585484
0,4272461 0,02670288 0,01335144
0,213623 0,02837181 0,01418591
0,3204346 0,03838539 0,0191927
0,213623 0,03004074 0,01502037
0,5340576 0,05507469 0,02753735
0,213623 0,0333786 0,0166893
0,3204346 0,03671646 0,01835823
0,4272461 0,03671646 0,01835823
0,4272461 0,03504753 0,01752377
0,4272461 0,03838539 0,0191927
0,213623 0,0333786 0,0166893
0,4272461 0,03838539 0,0191927
0,3204346 0,0333786 0,0166893
0,3204346 0,03170967 0,01585484
0,4272461 0,03671646 0,01835823
0,213623 0,02169609 0,01084805
0,3204346 0,03504753 0,01752377
0,5340576 0,04005432 0,02002716
0,3204346 0,03838539 0,0191927
0,3204346 0,04839897 0,02419949
0,5340576 0,04339218 0,02169609
0,213623 0,02503395 0,01251698
0,213623 0,0333786 0,0166893
0,213623 0,02336502 0,01168251
0,213623 0,04005432 0,02002716
0,213623 0,03838539 0,0191927
0,3204346 0,04172325 0,02086163
0,213623 0,02670288 0,01335144
0,213623 0,03170967 0,01585484
0,213623 0,03671646 0,01835823
0,3204346 0,0333786 0,0166893
0,3204346 0,03504753 0,01752377
0,3204346 0,06008148 0,03004074
0,4272461 0,03004074 0,01502037
0,3204346 0,0333786 0,0166893
0,3204346 0,05340576 0,02670288
0,3204346 0,03838539 0,0191927
0,213623 0,03004074 0,01502037
0,3204346 0,04339218 0,02169609
0,213623 0,04339218 0,02169609
0,213623 0,03004074 0,01502037
0,213623 0,03838539 0,0191927
0,3204346 0,04673004 0,02336502
0,4272461 0,0500679 0,02503395
0,3204346 0,04839897 0,02419949
0,5340576 0,06341934 0,03170967
0,3204346 0,04839897 0,02419949
0,3204346 0,02837181 0,01418591
0,3204346 0,04673004 0,02336502
0,3204346 0,04005432 0,02002716
0,213623 0,03004074 0,01502037
0,213623 0,03170967 0,01585484
0,213623 0,03671646 0,01835823
0,213623 0,04839897 0,02419949
0,4272461 0,05340576 0,02670288
0,4272461 0,04339218 0,02169609
0,3204346 0,05674362 0,02837181
0,3204346 0,04673004 0,02336502
0,213623 0,03504753 0,01752377
0,213623 0,03838539 0,0191927
0,4272461 0,0500679 0,02503395
0,213623 0,03838539 0,0191927
0,3204346 0,05507469 0,02753735
0,213623 0,02670288 0,01335144
0,213623 0,0333786 0,0166893
0,3204346 0,03838539 0,0191927
0,3204346 0,03671646 0,01835823
0,5340576 0,05340576 0,02670288
0,3204346 0,04339218 0,02169609
0,3204346 0,02503395 0,01251698
0,3204346 0,04339218 0,02169609
0,3204346 0,03838539 0,0191927
0,4272461 0,04339218 0,02169609
0,213623 0,04339218 0,02169609
0,213623 0,02336502 0,01168251
0,3204346 0,0500679 0,02503395
0,4272461 0,05674362 0,02837181
0,4272461 0,0500679 0,02503395
0,3204346 0,03504753 0,01752377
0,3204346 0,03838539 0,0191927
0,213623 0,03004074 0,01502037
0,213623 0,04673004 0,02336502
0,213623 0,03504753 0,01752377
0,213623 0,03671646 0,01835823
0,213623 0,04673004 0,02336502
0,213623 0,03838539 0,0191927
0,213623 0,03838539 0,0191927
0,213623 0,04506111 0,02253056
0,213623 0,04339218 0,02169609
0,3204346 0,03838539 0,0191927
0,213623 0,04339218 0,02169609
0,213623 0,03838539 0,0191927
0,5340576 0,05674362 0,02837181
0,3204346 0,0500679 0,02503395
0,3204346 0,03671646 0,01835823
0,3204346 0,06842613 0,03421307
0,213623 0,04839897 0,02419949
0,3204346 0,05173683 0,02586842
0,213623 0,06008148 0,03004074
0,3204346 0,04506111 0,02253056
0,213623 0,0500679 0,02503395
0,3204346 0,06508827 0,03254414
0,3204346 0,05841255 0,02920628
0,213623 0,04839897 0,02419949
0,3204346 0,03838539 0,0191927
0,213623 0,0333786 0,0166893
0,3204346 0,03838539 0,0191927
0,213623 0,05507469 0,02753735
0,4272461 0,05340576 0,02670288
0,4272461 0,06341934 0,03170967
0,213623 0,04339218 0,02169609
0,213623 0,06008148 0,03004074
0,3204346 0,09012222 0,04506111
0,4272461 0,04172325 0,02086163
0,5340576 0,07009506 0,03504753
0,5340576 0,05674362 0,02837181
0,3204346 0,06842613 0,03421307
0,3204346 0,07176399 0,035882
0,3204346 0,08010864 0,04005432
0,3204346 0,05507469 0,02753735
0,213623 0,07176399 0,035882
0,3204346 0,06842613 0,03421307
0,3204346 0,06341934 0,03170967
0,213623 0,07510185 0,03755093
0,4272461 0,07343292 0,03671646
0,4272461 0,08511543 0,04255772
0,5340576 0,09679794 0,04839897
0,3204346 0,1151562 0,05757809
0,3204346 0,1018047 0,05090237
0,3204346 0,09512901 0,04756451
0,3204346 0,08010864 0,04005432
0,3204346 0,08010864 0,04005432
0,3204346 0,1051426 0,0525713
0,6408691 0,1101494 0,05507469
0,4272461 0,1068115 0,05340576
0,4272461 0,07843971 0,03921986
0,4272461 0,07510185 0,03755093
0,3204346 0,07009506 0,03504753
0,3204346 0,1051426 0,0525713
0,3204346 0,1251698 0,06258488
0,4272461 0,118494 0,05924702
0,4272461 0,09512901 0,04756451
0,4272461 0,118494 0,05924702
0,3204346 0,09846687 0,04923344
0,4272461 0,1301765 0,06508827
0,3204346 0,118494 0,05924702
0,4272461 0,1001358 0,0500679
0,3204346 0,143528 0,07176399
0,7476807 0,1568794 0,07843971
0,4272461 0,1401901 0,07009506
0,4272461 0,1401901 0,07009506
0,5340576 0,1468658 0,07343292
0,7476807 0,1235008 0,06175041
0,5340576 0,1318455 0,06592274
0,3204346 0,1151562 0,05757809
0,5340576 0,1802444 0,09346008
0,4272461 0,1568794 0,07843971
0,8544922 0,1718998 0,0859499
0,4272461 0,1852512 0,09846687
0,5340576 0,1635551 0,08177757
0,5340576 0,1952648 0,1193285
0,5340576 0,1819134 0,1026392
0,5340576 0,1585484 0,09095669
0,5340576 0,1986027 0,1126528
0,5340576 0,190258 0,1068115
0,5340576 0,2336502 0,1285076
0,6408691 0,2369881 0,1351833
0,7476807 0,238657 0,1343489
0,5340576 0,2119541 0,1343489
0,6408691 0,2403259 0,1360178
0,7476807 0,2419949 0,1410246
0,9613037 0,2570152 0,1468658
0,7476807 0,2369881 0,1393557
0,6408691 0,2236366 0,1335144
0,7476807 0,287056 0,1693964
0,5340576 0,2553463 0,1593828
0,7476807 0,2453327 0,1451969
0,6408691 0,2570152 0,156045
0,6408691 0,2737045 0,1710653
0,7476807 0,3221035 0,1986027
0,6408691 0,2970695 0,1802444
0,6408691 0,2903938 0,1777411
0,9613037 0,3371239 0,2061129
0,7476807 0,3120899 0,1986027
0,8544922 0,3538132 0,2186298
0,7476807 0,3187656 0,2011061
1,068115 0,3221035 0,2186298
1,068115 0,3521442 0,2303123
0,7476807 0,3204346 0,2102852
0,7476807 0,3721714 0,2394915
0,9613037 0,3488064 0,2253056
1,281738 0,4456043 0,2945662
1,174927 0,4689693 0,3179312
0,9613037 0,4739761 0,3129244
1,495361 0,5106926 0,3221035
1,38855 0,5390644 0,3554821
1,281738 0,4639626 0,3145933
1,174927 0,4973412 0,3379583
1,38855 0,5574226 0,3755093
1,281738 0,5691051 0,3838539
1,38855 0,5640984 0,3880262
1,174927 0,5624294 0,3771782
1,281738 0,6542206 0,4447699
1,815796 0,6508827 0,4689693
1,38855 0,6859303 0,4931688
1,815796 0,7343292 0,5182028
2,13623 0,7960796 0,5666018
3,204346 1,004696 0,6917715
3,52478 1,121521 0,7401705
3,952026 1,333475 0,8803606
7,69043 1,667261 1,109838
10,46753 2,079487 1,359344
6,30188 2,660275 1,75488
7,263184 3,164291 2,132893
7,049561 3,613234 2,47252
6,622314 3,481388 2,449989
10,36072 3,898621 2,76041
6,942749 4,158974 2,883077
6,30188 4,128933 2,872229
8,544922 4,138947 2,90978
7,476807 4,093885 2,894759
8,117676 4,272461 2,989054
10,68115 4,719734 3,162622
8,010864 4,229069 3,024936
9,82666 4,294157 3,008246
8,117676 4,431009 3,150105
8,010864 4,649639 3,242731
9,399414 4,799843 3,314495
12,28333 5,056858 3,553987
10,57434 5,335569 3,614902
19,11926 5,188704 3,545642
9,82666 5,000114 3,546476
12,28333 5,816221 3,945351
13,77869 5,687714 3,901958
16,02173 5,874634 4,037976
11,74927 5,854607 4,056334
15,38086 6,515503 4,440188
18,69202 7,08127 4,682183
18,26477 8,112669 5,582571
15,38086 8,182764 5,629301
19,86694 9,240866 6,413698
19,4397 9,104013 6,298542
22,64404 10,19549 6,892681
25,9552 10,06198 6,644011
19,54651 10,41245 6,956935
21,89636 11,36541 7,738829
25,31433 11,77263 8,281231
22,10999 12,37512 8,437276
18,05115 11,93619 8,403063
22,10999 13,1278 9,135723
25,31433 12,68888 9,169102
21,3623 13,18789 9,13322
24,45984 13,31472 9,472847
23,1781 14,54306 10,53762
25,74158 14,22429 10,36823
27,34375 14,92023 10,79547
21,68274 13,22961 9,728193
28,51868 14,09078 10,17964
23,71216 14,75334 10,92482
28,83911 14,11581 10,0286
27,771 14,31108 10,25474
23,49854 13,99899 10,06031
26,70288 13,62514 9,844184
30,44128 15,24234 10,79631
29,90723 14,16588 10,50675
22,85767 14,86683 11,14345
35,46143 17,699 12,6313
28,83911 15,92326 11,64913
24,24622 15,35082 11,62076
22,2168 15,45262 11,97958
26,06201 16,8395 12,60209
30,97534 16,21366 11,88946
24,78027 15,98001 11,99961
25,74158 17,04979 12,67469
28,41187 16,81948 12,71641
25,31433 16,37554 12,55953
26,80969 17,14492 12,61044
26,48926 17,30514 13,16619
29,05273 17,44533 13,46743
23,1781 16,64758 12,59959
34,82056 18,30649 14,04154
26,48926 17,28344 13,52835
29,58679 17,87257 13,91637
28,19824 17,70902 13,85295
28,7323 19,19603 14,72664
28,83911 19,74344 15,27739
32,15027 18,99076 14,26351
31,82983 19,90533 15,22982
29,15955 18,93234 14,90104
29,6936 19,01078 14,88352
27,55737 19,39464 15,24985
29,6936 18,98742 14,90939
28,83911 18,99743 15,04791
28,30505 19,29951 14,75835
28,94592 19,52481 15,58948
31,5094 19,57154 15,07878
30,65491 20,65635 16,1736
30,76172 20,14899 15,77806
27,13013 19,40966 15,59615
31,5094 20,56289 16,11352
30,22766 20,47777 16,0017
38,55896 21,72112 16,81196
31,82983 19,39964 15,72299
31,40259 21,48581 17,16745
40,16113 21,14201 16,27874
30,01404 20,0839 15,92493
27,98462 19,85526 16,15023
31,61621 21,24548 16,66093
32,79114 21,01684 17,09819
28,94592 20,86496 16,30628
32,57751 20,99514 16,13271
33,85925 20,18738 16,33799
30,5481 20,28751 15,76388
30,44128 19,84358 16,15191
32,25708 21,59762 16,69765
35,67505 20,8199 16,59835
32,57751 21,02518 16,94131
29,47998 21,0669 16,78276
29,05273 20,93005 16,50572
33,3252 21,99149 17,25173
29,26636 20,62798 16,4665
30,22766 21,23713 17,07816
30,65491 20,58625 15,99586
31,29578 20,34426 16,67678
31,18896 21,42739 17,09735
30,97534 21,12198 17,33017
32,79114 21,49415 17,4303
34,50012 21,9965 17,98689
35,56824 22,18008 17,825
33,11157 21,51918 17,42614
35,56824 21,35563 17,13407
35,03418 21,78288 17,04561
35,14099 22,69244 18,44085
33,64563 22,2652 18,13126
34,07288 21,95144 18,08787
32,25708 22,51554 17,78913
31,72302 21,80958 17,21418
29,80042 21,44742 17,14825
31,08215 21,28887 17,1516
36,52954 21,5559 17,31766
31,93665 22,60566 17,69567
32,4707 22,02821 17,326
33,3252 22,49551 17,66562
36,52954 23,42343 18,37575
37,49084 22,99452 18,33904
32,89795 22,01819 18,19467
33,3252 22,53723 17,92681
33,21838 22,69912 17,85504
30,65491 21,12365 17,24839
40,37476 22,36366 18,25976
35,03418 22,99118 18,19634
28,7323 22,02153 17,76159
32,79114 22,85099 18,33987
32,15027 22,47381 18,11708
31,82983 21,73615 17,78996
34,07288 22,86434 18,41664
30,22766 21,86966 17,27426
34,92737 22,48049 18,33987
29,15955 23,12303 18,36324
32,89795 23,25654 18,59438
35,46143 22,76587 17,81499
32,04346 22,63236 18,24141
33,3252 23,06795 18,49175
34,82056 22,9094 18,64445
35,67505 22,45545 18,01026
36,63635 21,98648 17,73823
33,3252 22,20011 18,00191
31,08215 21,78121 17,6239
30,33447 21,95311 18,04364
32,79114 22,76254 18,38327
31,93665 22,54725 18,14294
35,78186 22,73583 18,47589
36,74316 21,84963 17,98022
36,42273 23,45681 18,76545
33,96606 23,1781 18,76128
36,10229 23,93746 18,76043
35,67505 23,80395 19,01161
30,5481 22,64905 18,39579
36,10229 23,14639 18,32151
32,79114 23,55194 19,05918
33,11157 22,69077 18,50593
34,17969 23,31495 18,90314
34,17969 23,12136 18,7788
37,81128 24,80364 19,8419
31,82983 22,7809 18,2172
34,39331 23,68045 18,87309
32,4707 24,35637 19,69337
34,39331 23,22817 18,47839
33,53882 22,60399 18,34487
34,82056 23,35334 19,28615
33,3252 23,68379 18,85807
34,92737 23,21148 18,88811
32,04346 24,21117 19,60826
30,97534 24,45984 19,66667
44,00635 23,77391 19,055
34,17969 23,63038 19,26279
37,70447 24,79696 19,49644
33,64563 23,48351 18,86225
35,35461 23,49687 19,56319
35,35461 23,12803 18,87894
36,10229 23,6187 19,33872
36,74316 22,87936 18,23306
33,43201 23,27991 18,54515
32,36389 22,56393 17,79913
31,5094 23,3233 19,18268
34,07288 23,02957 18,55182
30,86853 22,83096 18,99242
34,60693 23,5219 19,20187
34,17969 22,16673 18,0695
33,53882 23,20647 19,00076
30,76172 23,06795 18,76712
36,20911 24,17445 19,04166
35,67505 23,26322 19,28616
43,36548 23,01455 18,40245
37,91809 25,01225 20,49947
33,75244 22,97783 18,57185
33,64563 23,36836 18,77212
38,34534 23,44847 19,34707
30,76172 22,07661 18,08953
33,11157 22,67075 18,1371
31,61621 22,71414 18,32317
30,97534 23,67043 19,39463
35,35461 22,98951 18,32903
32,04346 23,95582 19,42134
44,32678 24,14107 19,12844
33,11157 22,73083 17,84671
33,53882 23,27323 19,13928
33,64563 22,41373 18,3115
38,13171 22,73917 18,15963
35,56824 23,53191 18,96321
32,4707 24,00589 19,64665
33,96606 23,81063 19,23692
34,92737 23,78225 19,32454
34,07288 23,55194 18,86975
33,00476 24,01423 19,24693
36,84998 23,49687 18,57019
32,4707 23,95082 19,80686
35,14099 23,24986 18,20386
39,09302 23,27991 18,85641
38,66577 24,37806 19,98377
39,73389 23,67711 18,79465
35,14099 24,44148 19,55902
32,25708 23,17142 18,95487
36,63635 25,30599 20,06221
36,52954 24,54495 19,55485
33,85925 22,82262 18,64362
38,55896 23,89407 19,75011
36,84998 24,04094 19,10925
35,99548 24,41478 19,23776
35,78186 23,77558 19,16182
35,99548 23,8924 19,09757
37,81128 24,54662 20,08055
37,91809 24,21784 19,4472
34,92737 24,40977 19,75596
36,31592 24,39642 19,52064
36,95679 24,65177 20,34342
32,15027 25,10571 19,8127
33,96606 25,07067 20,20573
32,68433 24,64008 20,25664
37,38403 24,44148 19,96124
36,10229 25,16246 20,41518
36,63635 24,56999 19,88614
37,17041 23,71216 19,27614
32,36389 25,19917 20,56038
34,17969 23,81063 19,10508
35,46143 24,32132 20,26498
32,04346 24,26791 20,31338
31,5094 24,06597 19,80686
38,23853 24,28126 19,73009
34,17969 24,64843 19,58739
35,03418 24,34301 19,91451
34,2865 24,38641 19,42301
35,2478 25,84338 21,07191
33,3252 23,6721 18,98825
40,58838 24,32632 19,68502
37,59766 24,73354 20,20657
35,46143 24,40643 20,40851
37,49084 26,11709 20,76817
34,82056 24,24955 19,48976
38,45215 25,23088 20,47025
38,98621 24,56999 20,11811
31,61621 24,38807 20,22576
38,55896 25,23088 20,78401
37,91809 25,51126 21,0669
38,23853 23,9625 19,35291
33,75244 23,80896 18,46754
36,52954 24,64175 19,99462
39,41345 24,86205 19,75763
36,10229 25,00725 19,6917
37,91809 25,17247 20,38181
33,85925 24,5049 19,82856
42,29736 24,56164 19,7351
38,0249 25,24257 19,5248
40,16113 23,87571 19,80603
35,46143 25,11239 20,37347
37,81128 26,08037 20,77818
32,89795 24,24788 19,52898
37,27722 24,09267 19,41884
38,98621 26,48425 20,72811
34,71375 25,1441 20,12647
36,31592 25,13909 20,82992
38,34534 24,2362 19,91534
37,38403 25,16246 20,21992
37,81128 25,26927 20,58625
36,95679 26,09539 21,19625
35,99548 25,28596 20,41018
36,20911 24,62339 19,53983
34,92737 24,41812 19,6483
36,42273 25,50125 20,97845
33,64563 24,7035 20,35177
37,91809 24,7035 19,53316
37,0636 24,62339 20,18153
35,03418 24,42646 19,77182
34,82056 24,48654 20,41019
36,63635 25,15411 20,82073
34,71375 23,95916 19,59908
33,43201 24,69182 20,4035
36,52954 25,57468 20,87748
34,07288 25,44451 20,63382
36,20911 25,87509 21,10862
43,04504 25,87008 20,75481
38,0249 25,58637 21,03353
37,27722 25,30098 20,43187
40,05432 25,27094 20,11311
32,15027 24,29628 20,59377
34,2865 24,39976 20,22826
35,99548 25,07567 20,75063
34,50012 23,86403 19,51229
42,40417 25,069 20,40517
37,27722 25,53964 20,75565
34,92737 27,16184 21,68107
36,63635 25,75326 21,08526
36,52954 25,2893 21,04688
40,69519 25,27428 20,81406
33,96606 25,54297 20,61378
40,05432 25,48289 20,47776
34,60693 24,43314 20,07222
34,92737 24,62173 20,75481
39,8407 25,71321 21,21293
37,17041 26,18217 21,0669
35,78186 26,08705 21,3139
32,89795 24,28293 19,62913
38,23853 25,30599 20,37095
40,05432 25,8584 20,63298
33,43201 24,63675 19,40882
36,52954 25,07734 20,14315
32,36389 24,99056 21,16119
37,27722 24,54996 19,86026
39,73389 24,82533 20,70642
36,95679 25,2943 20,2099
34,17969 25,52128 20,84327
40,69519 26,64113 21,24465
34,92737 24,96719 20,51032
35,88867 25,30932 20,78652
42,93823 25,40278 21,37815
40,05432 25,79165 20,90502
33,85925 26,23892 21,46911
41,01563 25,90346 20,46276
36,10229 24,66345 19,8803
40,05432 24,63675 20,25747
38,98621 25,88844 20,55455
40,16113 25,93684 21,69276
41,22925 24,74689 20,27499
36,20911 26,97492 21,43992
38,0249 25,85173 20,54619
33,11157 25,33937 20,81239
32,79114 25,13075 20,5946
37,38403 26,29566 20,75146
35,46143 26,08037 21,32642
38,0249 26,49426 21,44157
39,52026 26,38412 21,51251
37,38403 26,51596 21,19957
34,60693 25,23422 20,73979
38,13171 25,06232 20,88916
36,10229 25,80166 21,75534
38,87939 25,33436 20,9192
33,21838 25,62976 21,31557
39,94751 26,20888 20,7982
32,79114 25,67816 21,27885
33,96606 25,05064 20,4811
39,52026 26,47591 22,02321
41,12244 26,92151 21,95228
36,74316 26,18384 20,53952
35,14099 25,72322 21,45326
37,81128 25,92015 21,07191
42,19055 26,40414 21,4783
36,20911 25,40445 20,34008
36,42273 25,44284 20,65968
35,67505 26,05033 21,10111
44,21997 27,18854 22,00234
42,72461 25,65479 21,03687
38,45215 25,23756 21,00014
35,88867 25,01893 20,11394
37,81128 26,7663 21,06941
37,70447 26,00694 21,16454
40,48157 26,16382 20,57123
41,33606 25,29931 20,42019
46,03577 25,1658 20,50948
31,72302 25,14911 20,86079
35,67505 25,20752 20,23911
32,15027 25,1224 20,58625
35,03418 24,92881 20,48779
38,77258 25,54297 20,76148
32,79114 24,68348 20,10143
34,82056 25,61808 20,70391
35,67505 25,31934 20,63214
35,14099 24,55664 20,34092
41,12244 25,52128 21,1445
44,21997 26,59941 21,36731
41,54968 26,48258 21,40986
