0,8138021 0,4323326 0,315508
0,8138021 0,4116696 0,3051763
1,220703 0,4593536 0,3329925
0,8138021 0,4625326 0,3425294
0,8138021 0,4561747 0,3401453
0,8138021 0,4561747 0,3488871
0,8138021 0,4800167 0,3695498
0,8138021 0,4816062 0,3790863
1,017253 0,4863746 0,3886228
1,220703 0,4975009 0,3949807
1,017253 0,5181636 0,4100802
1,017253 0,5118058 0,4156432
1,017253 0,5245214 0,4275639
1,017253 0,5658466 0,4506106
1,220703 0,5690255 0,4625313
1,017253 0,5865093 0,4680944
1,220703 0,6230667 0,4911413
1,424154 0,6755193 0,5245196
1,220703 0,7184346 0,5555148
1,831055 0,7295607 0,5555145
1,424154 0,7581708 0,5984312
1,424154 0,8026757 0,6349893
1,831055 0,8408229 0,6524736
1,627604 0,8964548 0,6842626
2,034505 0,9218864 0,7049255
1,831055 0,9616233 0,7120781
2,034505 1,006127 0,7692978
2,237956 1,036326 0,7828079
2,034505 1,071294 0,8368483
2,441406 1,084009 0,8122119
2,237956 1,123745 0,8304901
2,034505 1,087188 0,8249272
3,051758 1,134871 0,851153
2,237956 1,150766 0,865458
2,034505 1,238188 0,9226787
4,475912 1,276335 0,9258584
3,86556 1,268388 0,9346004
4,475912 1,374882 0,9997689
5,900065 1,417797 1,008511
4,679363 1,46707 1,062552
4,882813 1,521111 1,08401
5,086263 1,613299 1,142821
5,289714 1,675286 1,208781
5,086263 1,778602 1,242161
5,289714 1,985232 1,397132
4,679363 2,148948 1,532238
8,951824 2,501805 1,767476
6,713868 2,826055 2,04881
10,78288 3,226598 2,307097
16,27605 3,801981 2,679824
8,951824 4,150073 2,950032
10,78288 4,690486 3,352165
11,59668 5,102156 3,631909
11,80013 5,580584 4,057091
10,17252 5,734765 4,173916
20,34506 6,594657 4,69446
13,63119 7,092156 5,166532
18,51401 7,731118 5,593298
14,64844 8,567171 6,297429
14,44499 8,660954 6,517571
15,6657 9,401643 7,216932
15,86915 9,729066 7,555486
15,05534 10,39505 7,972715
16,8864 10,98315 8,683203
20,54851 11,45681 9,035274
17,2933 12,16412 9,520058
20,14161 12,90321 10,24643
19,73469 13,68682 11,14845
18,51399 14,18114 11,85338
18,51401 14,66275 12,53764
19,73471 14,97587 12,97315
19,73471 15,3033 13,40628
19,53126 15,26038 13,53264
22,78646 15,65615 13,84815
20,75196 15,58145 13,95942
20,34506 16,04874 14,19305
25,02441 16,03603 14,27809
22,98991 15,98994 14,11676
20,75196 15,69907 14,12471
20,95541 16,1918 14,43942
19,53126 15,80239 14,13266
19,93816 16,22518 14,46486
21,76921 16,33327 14,654
20,14161 16,33168 14,6238
24,00716 16,04875 14,37505
21,36231 16,08372 14,39572
20,34506 16,17909 14,53957
21,56576 16,11233 14,58406
22,98991 16,47154 14,94884
21,76921 16,64003 15,03388
19,73471 16,26492 14,685
21,56576 16,48427 14,91229
23,80371 16,70838 15,10382
23,80371 16,65275 15,13878
20,14161 16,81011 15,09031
21,76921 16,56215 15,01719
22,37956 16,74176 15,20237
23,60026 16,83871 15,11097
22,78646 16,98812 15,33906
21,15886 16,76242 15,16978
22,98991 17,07236 15,3486
22,37956 16,84826 15,39151
22,37956 16,59394 15,04421
21,76921 16,92454 15,21349
22,98991 16,81806 15,39628
20,34506 16,9007 15,39707
20,54851 17,23291 15,75073
21,97266 16,97859 15,40503
20,54851 16,92454 15,45191
19,73471 16,59393 15,33667
21,36231 17,00084 15,50198
20,54851 17,16774 15,53297
21,36231 17,12005 15,62913
20,34506 17,12482 15,62437
21,15886 17,1725 15,77298
19,93816 17,03104 15,43919
21,36231 17,17409 15,56873
20,54851 17,04058 15,63152
20,14161 16,98336 15,59338
20,14161 17,21383 15,63709
21,56576 17,0231 15,59099
21,76921 17,25039 15,75391
20,34506 17,20429 15,80556
21,76921 17,10575 15,62358
20,95541 17,14707 15,7245
21,56576 17,32191 15,75153
21,36231 17,33781 15,85643
21,15886 17,01991 15,50992
20,34506 17,23926 15,73642
20,75196 17,19635 15,67284
19,73471 17,02627 15,67285
21,15886 17,37436 15,84371
21,76921 17,43636 15,69112
22,98991 17,1725 15,69272
21,15886 17,18681 15,72848
20,75196 17,18204 15,64106
21,76921 17,16932 15,7992
20,95541 17,56669 16,09088
20,75196 16,92296 15,5584
21,56576 17,59848 16,13538
21,56576 17,41409 15,94147
22,58301 17,33145 16,00107
20,34506 17,05966 15,62119
20,95541 17,38072 15,89855
21,36231 17,31078 15,8755
20,95541 17,34575 15,98438
22,37956 17,4888 15,98597
22,58301 17,24244 15,76266
21,56576 17,22496 15,84133
23,80371 17,2329 15,78887
21,76921 17,53331 16,02094
21,36231 17,57782 16,0273
20,34506 17,31872 15,98676
20,75196 17,14866 15,67523
20,75196 17,38866 15,99868
21,36231 17,3219 15,95576
21,56576 17,1725 15,72371
21,97266 17,48563 16,05034
20,75196 17,36482 15,86597
20,34506 17,38707 15,98518
23,39681 17,40774 15,90888
21,97266 17,49834 16,20213
21,15886 17,2027 15,88424
20,95541 17,35052 15,94464
20,95541 17,20111 15,8461
20,54851 17,35211 15,82543
22,58301 17,42841 16,06306
21,36231 17,22336 15,86357
19,93816 17,38231 16,05908
23,19336 17,48245 16,17591
21,76921 17,31874 15,70941
19,93816 17,38548 15,99391
21,15886 17,14548 15,64106
21,97266 17,54602 16,12822
21,97266 17,63026 16,18226
21,76921 17,36482 15,96769
21,36231 17,49835 16,04637
22,58301 17,69703 16,14729
20,95541 17,58259 16,09882
20,95541 17,3235 15,89934
20,95541 17,69862 16,18942
22,58301 17,46972 15,93034
20,54851 17,40456 15,94862
21,76921 17,5794 16,00743
21,15886 17,7018 16,24108
20,75196 17,34417 15,87312
21,76921 17,68431 16,19658
22,58301 17,79557 16,45088
21,36231 17,78763 16,30306
22,98991 17,51423 15,89616
21,36231 18,0165 16,51049
21,56576 17,77014 16,29909
21,76921 17,5333 16,19498
21,15886 17,69385 15,91126
21,76921 17,73836 16,27684
20,95541 17,80828 16,24664
21,56576 17,77014 16,18307
21,36231 18,02445 16,42147
21,15886 17,16456 15,68
21,36231 17,58258 16,17829
24,00716 17,69227 16,26333
22,17611 17,62392 16,29116
23,80371 17,94339 16,3881
20,75196 17,80828 16,40003
20,95541 17,70974 16,17273
22,37956 17,821 16,36506
21,76921 17,78127 16,36426
22,17611 17,55557 16,13141
22,37956 17,96405 16,44374
23,19336 17,74948 16,23711
22,78646 17,48722 16,01856
20,75196 17,70021 16,28717
22,98991 17,69385 16,12108
21,15886 17,86392 16,28241
20,95541 17,79079 16,2673
23,60026 17,64935 16,2379
21,36231 17,75107 16,36426
21,56576 17,77014 16,25141
20,95541 17,70021 16,29115
21,15886 17,60802 16,24426
20,34506 17,80828 16,38015
24,00716 17,72722 16,40718
22,17611 17,5651 16,02094
21,76921 17,61597 16,2387
21,97266 17,82895 16,49858
24,61751 17,49516 16,00504
21,76921 17,69226 16,10279
21,76921 18,00855 16,46201
22,98991 18,14206 16,50095
21,76921 17,66683 16,24267
22,37956 17,57941 16,23869
22,17611 17,94974 16,52638
21,36231 17,72404 16,29432
21,15886 17,56669 16,09485
22,78646 17,77491 16,29273
21,97266 17,72246 16,29671
21,56576 17,69861 16,20134
23,39681 17,81465 16,2546
21,56576 17,86709 16,49777
22,58301 17,89729 16,46916
20,75196 17,75107 16,27684
22,37956 17,75424 16,3428
24,21061 17,96881 16,51923
21,56576 17,67795 16,33565
22,58301 18,03238 16,63685
22,58301 18,06417 16,62333
21,97266 17,72882 16,24823
22,37956 17,83053 16,37936
22,17611 17,97199 16,42545
22,17611 17,87028 16,40241
21,36231 17,76219 16,19816
20,95541 17,89092 16,57565
21,56576 17,89888 16,46996
21,56576 17,83848 16,47631
20,95541 17,82736 16,49618
22,98991 17,83213 16,34598
20,75196 17,79557 16,22439
23,19336 17,98789 16,53036
22,37956 17,91318 16,56214
21,56576 17,7765 16,35314
23,39681 18,01015 16,3126
21,36231 17,79398 16,34678
21,97266 17,75742 16,35155
22,17611 17,821 16,44135
21,56576 17,78922 16,31499
21,36231 17,9561 16,39842
25,02441 18,01809 16,58043
22,17611 18,07054 16,53433
21,15886 17,90524 16,24903
21,76921 17,95769 16,41909
21,76921 17,98789 16,65354
24,41406 17,75107 16,20532
23,60026 17,99106 16,26412
20,95541 17,8814 16,51049
21,97266 17,78921 16,25936
22,58301 17,821 16,35472
20,54851 17,71451 15,99312
21,97266 17,89887 16,63606
21,76921 17,89889 16,30943
21,76921 17,88616 16,33565
20,95541 17,66365 16,30784
21,76921 17,83848 16,42068
20,54851 17,72881 16,29353
22,37956 17,82259 16,33009
22,37956 17,86073 16,53433
21,97266 17,70815 16,29512
21,97266 17,90205 16,41353
21,36231 18,01968 16,44294
21,76921 17,93226 16,47394
24,82096 17,95133 16,54784
21,76921 17,72087 16,33088
23,19336 18,08327 16,45327
21,76921 17,94021 16,43737
24,61751 17,77173 16,26651
22,17611 17,87027 16,52559
21,36231 17,83054 16,52241
21,76921 18,05782 16,56135
21,76921 18,14524 16,69487
22,98991 17,67 16,27525
21,97266 17,96245 16,43817
22,17611 17,83371 16,2832
24,21061 18,05305 16,46201
22,58301 17,98153 16,58202
22,37956 17,84008 16,38969
21,97266 17,80829 16,3738
21,36231 17,96245 16,59711
22,17611 17,92908 16,54069
20,54851 17,78603 16,33327
22,58301 17,94179 16,27525
21,56576 17,85119 16,36823
21,36231 17,97994 16,59393
22,37956 17,95133 16,57009
22,37956 17,82735 16,3738
22,98991 17,91318 16,4334
22,17611 17,77809 16,28876
21,97266 17,91318 16,38412
22,98991 17,84484 16,42863
21,36231 17,79557 16,27207
21,56576 17,95769 16,49777
22,37956 17,80034 16,46996
22,37956 17,94339 16,46201
22,37956 17,86073 16,57168
21,15886 18,00696 16,58757
21,97266 17,99583 16,56613
22,17611 17,9402 16,55181
22,58301 17,92431 16,43499
21,15886 17,95133 16,435
21,97266 18,00219 16,52479
22,37956 18,07531 16,67023
21,15886 17,90365 16,43181
22,37956 17,99106 16,49062
21,36231 17,90364 16,44771
22,98991 18,23425 16,65831
21,97266 17,92908 16,50969
21,97266 17,73358 16,31181
22,37956 18,05464 16,45168
21,36231 17,68113 16,32056
22,37956 17,83531 16,50016
22,17611 18,15002 16,72348
20,95541 17,84484 16,45168
21,97266 17,86073 16,38572
22,17611 17,6112 16,20055
23,39681 18,08325 16,69804
21,97266 17,82418 16,19498
22,58301 17,72564 16,40003
23,19336 18,06736 16,69407
21,97266 17,72563 16,38811
21,56576 17,87821 16,38969
20,75196 17,69385 16,3134
21,76921 17,86709 16,25299
22,37956 17,83689 16,20214
21,76921 18,01015 16,49221
22,78646 17,79716 16,33962
21,15886 17,99106 16,51128
21,56576 17,88935 16,30704
21,97266 18,0467 16,39923
21,36231 17,82895 16,46042
21,56576 17,72087 16,39923
21,56576 17,86232 16,51764
21,15886 17,78762 16,20372
22,78646 17,61914 16,34916
20,75196 17,85914 16,42943
22,17611 18,11982 16,57567
21,15886 17,87981 16,44373
21,36231 18,08963 16,63765
22,37956 17,9402 16,65354
22,17611 18,01967 16,62015
21,36231 17,83212 16,31419
24,21061 18,16114 16,76163
21,56576 17,98471 16,49936
21,15886 18,06259 16,59553
21,56576 18,0928 16,49698
21,36231 18,09757 16,63844
20,14161 17,80192 16,34279
24,61751 17,81306 16,32373
22,58301 18,05942 16,74414
20,95541 17,87026 16,28637
21,56576 18,04036 16,586
21,36231 18,01332 16,51446
21,97266 18,0165 16,5375
20,95541 17,85914 16,48029
21,36231 18,06895 16,49778
21,56576 17,83372 16,44611
21,97266 17,74788 16,41909
22,78646 18,20087 16,78784
20,95541 17,99426 16,70838
21,76921 18,00061 16,50731
20,95541 18,22631 16,66546
21,56576 17,91159 16,35154
21,36231 17,97359 16,66229
21,56576 17,8957 16,4938
21,76921 18,12141 16,7505
21,15886 18,18816 16,6003
23,39681 18,20406 16,69089
21,76921 17,9704 16,36823
21,97266 17,93544 16,64479
21,97266 18,05783 16,55897
21,97266 17,86073 16,57804
23,39681 18,11663 16,7195
21,56576 17,98153 16,66306
21,36231 17,78762 16,34678
22,78646 17,91 16,54466
21,56576 18,10711 16,71792
22,98991 17,88616 16,63367
21,56576 18,06577 16,54863
21,97266 18,04193 16,64877
21,36231 17,85437 16,40956
21,97266 17,97517 16,55022
23,39681 17,98472 16,52003
22,17611 18,28354 16,85222
23,19336 18,05942 16,67182
21,97266 17,8512 16,44532
22,78646 18,19294 16,73142
22,17611 17,90046 16,60108
21,56576 18,39162 16,77831
21,76921 18,14525 16,49618
23,19336 18,18657 16,57168
22,37956 18,28989 16,82519
21,97266 17,7002 16,40241
22,17611 17,99583 16,46757
22,17611 18,3042 16,69011
24,21061 18,03557 16,54704
22,37956 18,16114 16,63605
20,95541 17,94179 16,54148
21,56576 18,08009 16,6297
22,17611 18,14844 16,69487
21,76921 18,30738 16,68136
22,37956 18,00219 16,34439
21,36231 18,13571 16,74494
24,21061 18,33758 16,70997
21,97266 18,08168 16,7354
21,97266 18,07213 16,45406
22,37956 18,06736 16,57724
21,56576 18,05466 16,59235
20,95541 18,12142 16,53751
21,76921 18,02444 16,53989
22,78646 18,1389 16,86733
21,36231 18,0165 16,69725
21,36231 18,06577 16,73937
21,36231 18,02126 16,64241
21,97266 17,94656 16,58281
22,98991 18,08485 16,78944
21,36231 18,10234 16,62016
22,37956 18,06577 16,53433
22,17611 18,15479 16,66307
21,36231 18,08961 16,64559
22,37956 18,20565 16,74652
21,56576 18,08326 16,6758
23,60026 18,1071 16,53036
21,36231 17,99266 16,4191
22,17611 18,01491 16,55896
21,56576 17,71769 16,33327
21,15886 18,0451 16,64639
21,97266 18,1675 16,74493
22,17611 17,94338 16,43658
23,19336 18,11982 16,65513
23,19336 18,13253 16,73779
22,17611 18,04034 16,49301
22,17611 17,92113 16,50731
22,37956 18,15002 16,64799
22,78646 18,34076 16,87686
23,39681 18,19135 16,55022
22,98991 18,12618 16,63685
21,76921 18,24539 16,62016
20,75196 17,84643 16,36108
21,76921 17,92271 16,5391
22,17611 18,25493 16,71712
20,34506 18,05942 16,7195
23,19336 18,17067 16,79658
20,95541 17,99583 16,4183
23,19336 17,97199 16,63526
21,36231 17,96405 16,55261
22,98991 18,13572 16,6297
22,98991 18,20564 16,69486
22,78646 18,19453 16,70838
21,97266 17,99742 16,60268
23,60026 18,08644 16,72427
22,58301 18,11981 16,7195
22,17611 18,11823 16,69248
21,97266 18,0022 16,43658
23,19336 18,24221 16,81089
21,97266 18,05784 16,58123
21,97266 18,0181 16,65911
20,34507 17,8512 16,58916
21,36231 18,22472 16,6448
21,76921 17,88775 16,50413
21,97266 17,93703 16,47393
21,56576 18,05465 16,81726
22,78646 18,14365 16,64797
20,95541 18,02128 16,71157
21,97266 18,19452 16,5828
22,58301 18,24698 16,81964
21,15886 18,06101 16,61698
21,56576 18,09915 16,45565
22,98991 17,94338 16,69407
22,98991 18,11665 16,82441
21,97266 18,15797 16,71633
22,78646 18,25651 16,75686
22,58301 18,12937 16,84666
20,75196 18,06101 16,58917
22,78646 17,93065 16,68612
