0,213623 0,01502037 0,007510185
0,213623 0,01335144 0,00667572
0,3204346 0,01502037 0,007510185
0,3204346 0,01335144 0,00667572
0,1068115 0,00667572 0,00333786
0,213623 0,01335144 0,00667572
0,213623 0,01168251 0,005841255
0,1068115 0,00166893 0,000834465
0,213623 0,01835823 0,009179115
0,213623 0,01335144 0,00667572
0,1068115 0,00500679 0,002503395
0,1068115 0,00333786 0,00166893
0,1068115 0,00667572 0,00333786
0,213623 0,01001358 0,00500679
0,213623 0,02670288 0,01335144
0,1068115 0,01168251 0,005841255
0,213623 0,01168251 0,005841255
0,1068115 0,00667572 0,00333786
0,213623 0,01502037 0,007510185
0,3204346 0,01001358 0,00500679
0,1068115 0,00834465 0,004172325
0,213623 0,01168251 0,005841255
0,213623 0,01168251 0,005841255
0,213623 0,00834465 0,004172325
0,213623 0,00834465 0,004172325
0,213623 0,01001358 0,00500679
0,213623 0,01835823 0,009179115
0,3204346 0,01001358 0,00500679
0,213623 0,01502037 0,007510185
0,1068115 0,00667572 0,00333786
0,1068115 0,01335144 0,00667572
0,213623 0,00667572 0,00333786
0,4272461 0,01835823 0,009179115
0,213623 0,01168251 0,005841255
0,3204346 0,00834465 0,004172325
0,3204346 0,02002716 0,01001358
0,213623 0,01502037 0,007510185
0,213623 0,01502037 0,007510185
0,213623 0,0166893 0,00834465
0,213623 0,01502037 0,007510185
0,3204346 0,02002716 0,01001358
0,213623 0,01502037 0,007510185
0,1068115 0,00333786 0,00166893
0,213623 0,01168251 0,005841255
0,1068115 0,00667572 0,00333786
