0,6103516 0,2479552 0,1398722
0,6103516 0,2511341 0,1478195
0,4069011 0,2447762 0,1509984
0,6103516 0,2288817 0,1462301
0,6103516 0,2638497 0,1637141
0,6103516 0,2447763 0,1509984
0,6103516 0,2479552 0,1478195
0,4069011 0,2288817 0,1398722
0,6103516 0,2415974 0,1303354
0,4069011 0,2352396 0,149409
0,6103516 0,2511341 0,1573563
0,6103516 0,2415974 0,149409
0,6103516 0,2415974 0,1446406
0,4069011 0,2320606 0,1414617
0,6103516 0,2511341 0,1637141
0,6103516 0,2797444 0,1923244
0,4069011 0,2606708 0,1716614
0,4069011 0,2415974 0,1557668
0,4069011 0,2225239 0,1303354
0,6103516 0,254313 0,1605352
0,6103516 0,2511341 0,1621247
0,6103516 0,2288817 0,1414617
0,8138021 0,2606708 0,1621247
0,8138021 0,298818 0,1939139
0,6103516 0,2797444 0,1859666
0,4069011 0,2511341 0,1589457
0,6103516 0,2384185 0,1653036
0,6103516 0,2415974 0,1605352
0,8138021 0,2733865 0,1827877
0,6103516 0,2733865 0,1891455
0,6103516 0,2384185 0,1668931
0,6103516 0,2574919 0,1573563
0,8138021 0,2670287 0,1780193
0,8138021 0,2702076 0,1827877
0,4069011 0,2638497 0,1780193
0,4069011 0,2574919 0,1653036
0,6103516 0,2670287 0,1859666
0,4069011 0,2638497 0,1764298
0,6103516 0,2765655 0,1637141
0,6103516 0,2702076 0,1970928
0,6103516 0,2606708 0,1923244
0,8138021 0,2702076 0,190735
0,6103516 0,254313 0,1827877
0,6103516 0,2415974 0,1557668
0,6103516 0,2511341 0,1764298
0,6103516 0,254313 0,1827877
0,8138021 0,2733865 0,1764298
0,4069011 0,2765655 0,1875561
0,6103516 0,2574919 0,1732509
0,6103516 0,2829233 0,2018612
0,8138021 0,2924601 0,1986823
0,6103516 0,2765655 0,1970928
0,6103516 0,3083548 0,2098086
0,6103516 0,2797444 0,2034507
0,6103516 0,2829233 0,1970928
0,6103516 0,2924602 0,2034507
0,6103516 0,2670287 0,1923244
0,4069011 0,2638497 0,2082191
0,6103516 0,2702076 0,1986823
0,6103516 0,2956391 0,2161664
0,6103516 0,2797444 0,2098085
0,6103516 0,2892812 0,2145769
0,8138021 0,298818 0,2129875
0,6103516 0,2765655 0,2098085
0,6103516 0,2702076 0,2002717
0,6103516 0,301997 0,2304716
1,017253 0,3337863 0,2463663
0,6103516 0,3115338 0,2177559
0,6103516 0,3306074 0,2415979
0,6103516 0,2956391 0,2288821
0,8138021 0,3306074 0,2479557
0,6103516 0,3337863 0,2463663
0,6103516 0,3306074 0,2495452
0,6103516 0,3337863 0,2400084
0,8138021 0,4069011 0,2876917
0,6103516 0,343323 0,2559029
0,6103516 0,3687543 0,2765657
0,8138021 0,3973643 0,2892811
0,6103516 0,3846487 0,2829234
1,017253 0,4641213 0,3242488
1,017253 0,4641213 0,332196
0,8138021 0,4355111 0,3178911
0,8138021 0,4291533 0,303586
0,8138021 0,4768369 0,3496799
0,8138021 0,473658 0,3337854
1,220703 0,5022681 0,3767009
1,017253 0,4990892 0,3751115
1,220703 0,5276996 0,397364
1,017253 0,559489 0,4323324
1,220703 0,6008151 0,4450481
1,627604 0,6484989 0,4816058
1,220703 0,7534029 0,5404163
1,220703 0,7788342 0,5865099
2,034505 0,8710223 0,6643924
1,627604 0,9886417 0,7502234
1,627604 1,014073 0,7994968
2,237956 1,071295 0,8233391
2,237956 1,23024 0,9346015
2,034505 1,128515 0,8821494
2,237956 1,290639 0,9791055
3,255208 1,389185 1,060168
2,848307 1,49091 1,126925
2,644857 1,630784 1,214345
2,848307 1,840592 1,395544
3,051758 1,907348 1,449585
3,662109 2,263387 1,759529
3,86556 2,346039 1,781782
4,272461 2,590814 1,947085
5,086263 2,915066 2,128283
5,086263 2,93096 2,23001
8,74837 3,201166 2,412796
6,510415 3,474552 2,63214
5,900065 3,655752 2,857843
7,527668 4,234315 3,318786
9,765623 4,431405 3,463428
7,120767 4,812876 3,779729
8,748372 5,4423 4,24385
11,39323 6,338753 4,738171
13,22429 7,143021 5,639395
13,42773 7,816949 6,229082
14,44499 8,818308 6,891888
15,86914 8,986793 7,03176
15,86914 10,23293 7,958413
15,05534 11,17389 8,842152
17,7002 12,55353 10,25677
20,34506 13,62483 11,05626
18,71745 14,13345 11,75721
21,36231 14,91865 12,48042
19,53125 15,48449 13,30217
21,97266 16,09802 13,90775
23,19336 17,79238 15,29694
23,60026 17,59529 15,13799
21,97267 18,11664 15,68794
21,56577 17,8973 15,50039
27,0589 18,85096 16,62095
25,02441 18,82871 16,40479
24,21061 19,36277 16,89911
23,8037 19,13707 16,65116
27,4658 19,53761 16,7354
24,21061 19,7347 17,39343
23,19336 19,39138 17,24084
27,05892 20,42771 17,74947
25,22786 20,66612 18,02603
25,83821 20,64069 18,34075
25,43131 20,44677 17,87027
26,24511 20,42452 17,88139
29,09341 20,67566 18,20724
30,31411 21,20336 18,8446
26,24511 21,77239 19,29919
35,19692 22,20471 19,32303
25,22787 21,50536 19,00037
27,05892 21,70881 19,30872
28,2796 22,59254 19,87775
28,48307 22,98673 20,41658
28,07615 22,49082 19,85073
28,48307 23,05984 20,33709
30,31413 22,69427 20,24174
35,60383 23,86729 20,93474
32,34862 23,62569 20,92839
30,51757 23,81325 20,73923
32,95898 24,80507 21,32098
36,82451 24,82413 21,44178
36,21417 26,06074 22,80235
38,85901 26,89679 23,23945
37,02798 26,84911 23,17906
38,65558 26,82685 22,93587
36,62106 27,03984 24,24557
44,55566 28,89632 24,76056
40,48664 27,86318 24,37433
38,65558 29,77371 24,82414
37,63834 28,24783 24,47287
43,74183 29,43356 25,4933
41,30043 29,89133 26,36115
41,30042 29,4431 26,0051
38,859 29,90721 26,03531
45,36945 29,90722 26,09412
45,16599 30,57797 26,65043
46,38672 31,40766 27,31481
37,63835 31,21057 27,80119
45,16601 32,73009 27,7853
40,48663 32,02755 28,45763
46,59015 32,76188 28,82638
52,08334 35,36859 30,40949
43,94529 33,38494 28,88679
42,72459 33,79502 29,78165
49,03158 34,60881 30,5271
46,59017 33,62018 30,17584
48,21777 35,03479 31,08501
46,99707 34,68829 30,4381
49,23505 35,10789 30,14722
50,04883 34,13834 29,92788
57,57656 35,37811 31,27574
54,9317 36,31908 31,98782
50,45574 36,40172 31,92265
46,79362 35,68646 30,87996
46,18326 36,45576 31,91946
55,94896 35,94714 30,98804
45,77637 36,77048 32,47895
45,97981 36,34132 32,24053
55,54204 37,34268 32,84135
53,91443 39,11333 33,58362
60,22144 39,16737 34,41492
62,25596 40,81088 34,84885
62,45942 40,10833 34,4626
56,76276 39,65375 35,14128
56,35586 40,08608 35,12381
55,54204 40,23231 35,03162
63,88358 40,54067 35,2589
61,03524 41,32586 36,82453
56,76276 41,76772 37,20123
56,1524 42,75637 38,0929
59,20419 43,05519 37,39672
64,08702 42,12694 37,0232
67,5457 43,16645 38,37105
62,66286 43,98662 38,50934
56,15238 43,64328 38,53953
60,8318 44,00251 38,59835
63,47668 44,0947 39,30407
60,22145 43,86263 38,66352
67,74918 43,82767 39,05929
59,61107 44,88625 39,50593
55,94895 43,74184 38,26299
64,69739 45,28044 38,23279
60,018 45,21687 39,49005
60,42488 43,69097 38,63172
67,95261 45,26455 39,85563
61,44217 44,64783 38,28683
59,00072 46,43757 40,84266
65,10431 45,98935 40,68531
61,84908 44,7591 38,49026
62,66288 45,23276 40,0241
64,49393 47,60425 41,2623
62,25598 45,50296 40,04159
63,68012 46,30407 41,19872
60,01798 46,68236 41,47052
58,39037 46,99709 41,77409
59,81455 47,47073 42,26365
60,22144 45,54113 41,29727
61,44216 46,73004 41,87424
65,71464 45,96392 40,89513
58,59383 46,48845 40,49618
59,61109 46,24685 40,85539
66,73192 48,23687 42,81363
64,29047 48,14786 42,05703
62,45941 45,63649 40,34995
63,47667 48,28136 42,77707
64,29047 48,5325 43,03455
59,81456 48,20827 41,27026
59,00072 47,48662 41,58814
78,53213 49,90899 42,57047
76,70107 48,75503 42,15715
63,88358 49,05066 42,70554
70,5975 48,31951 43,37471
68,15607 49,88989 44,08202
67,34226 49,61016 44,25368
75,27689 50,04248 44,62083
64,90083 50,33177 44,01843
69,37679 49,49889 43,50663
72,22513 51,65739 46,21826
65,71464 51,73369 45,34562
71,81821 53,04339 47,25457
80,56659 52,60789 45,85108
68,15608 52,35357 45,90514
