0,8138021 0,2511346 0,1446407
0,6103516 0,2400083 0,1486143
0,6103516 0,2447767 0,1517932
0,4069011 0,2415978 0,1486143
0,4069011 0,2288821 0,1319251
0,6103516 0,2400083 0,140667
0,6103516 0,2654397 0,1597404
0,6103516 0,2431872 0,1509984
0,6103516 0,2606713 0,1684824
0,6103516 0,2463662 0,1533826
0,6103516 0,2495451 0,1557668
0,6103516 0,2400083 0,154972
0,6103516 0,2352399 0,1502037
0,6103516 0,2431872 0,1509984
0,6103516 0,2463662 0,1509984
0,6103516 0,2368294 0,1478195
0,6103516 0,2590819 0,1629193
0,6103516 0,2511346 0,1676877
0,6103516 0,2384188 0,1454353
0,4069011 0,2431872 0,1517932
0,6103516 0,2400083 0,1525879
0,6103516 0,2527241 0,1645088
0,4069011 0,2495451 0,1565615
0,4069011 0,2527241 0,1605351
0,6103516 0,2638502 0,1668929
0,6103516 0,2447767 0,1541773
0,6103516 0,2415978 0,1557668
0,6103516 0,2447767 0,154972
0,6103516 0,2543135 0,1525879
0,6103516 0,2495451 0,1629193
0,6103516 0,2368294 0,1597404
0,6103516 0,2400083 0,1517932
0,4069011 0,2463662 0,1573562
0,6103516 0,2463662 0,1660982
0,6103516 0,2463662 0,1613299
0,8138021 0,2622608 0,1764296
0,6103516 0,2495451 0,1645087
0,6103516 0,2415978 0,1621246
1,017253 0,2638502 0,1645088
0,6103516 0,2463662 0,1676876
0,6103516 0,2574924 0,1780191
0,8138021 0,2590818 0,1748402
0,6103516 0,2447767 0,1525879
0,6103516 0,2527241 0,1629193
0,4069011 0,2431872 0,1684823
0,8138021 0,2733869 0,1788138
0,6103516 0,2495451 0,1645087
0,6103516 0,2527241 0,1645088
0,6103516 0,2511346 0,1740454
0,6103516 0,2638502 0,1756349
0,6103516 0,2527241 0,1668929
0,6103516 0,2606713 0,1772244
0,6103516 0,2495451 0,1597404
0,6103516 0,2654397 0,1756349
0,6103516 0,2511346 0,1653035
0,6103516 0,2574924 0,1668929
0,8138021 0,2622608 0,1796085
0,8138021 0,2574924 0,1629193
0,6103516 0,2590818 0,1605351
0,6103516 0,2559029 0,1660982
0,6103516 0,2479557 0,1502037
0,6103516 0,2654397 0,1764296
0,6103516 0,2431872 0,1629193
0,6103516 0,2479557 0,1621246
0,6103516 0,2590819 0,1660982
0,8138021 0,2686186 0,181198
0,6103516 0,2543135 0,1740454
0,6103516 0,2447767 0,1732507
0,6103516 0,270208 0,1716613
0,8138021 0,2495451 0,1629193
0,6103516 0,2574924 0,1684824
0,6103516 0,2717974 0,1859663
0,6103516 0,2670291 0,1732507
0,6103516 0,2622608 0,1764296
0,6103516 0,2717974 0,1796085
0,8138021 0,2590818 0,1708665
0,6103516 0,2622608 0,1780191
0,6103516 0,2543135 0,1653035
0,6103516 0,2574924 0,1796085
0,4069011 0,2559029 0,1653035
0,6103516 0,2638502 0,186761
0,6103516 0,2654397 0,1796085
0,6103516 0,2495451 0,1756349
0,6103516 0,2574924 0,1716613
1,017253 0,270208 0,1780191
0,6103516 0,2606713 0,1907347
0,6103516 0,2638502 0,186761
0,6103516 0,2717975 0,1899399
0,6103516 0,2574924 0,1835821
0,6103516 0,2622608 0,1788138
0,6103516 0,2876918 0,1986818
0,6103516 0,2749763 0,1939135
0,6103516 0,2622608 0,1756349
0,6103516 0,2670291 0,1764296
0,8138021 0,2574924 0,1756349
0,6103516 0,2765658 0,1931188
0,6103516 0,2797446 0,1962977
0,6103516 0,2543135 0,181198
0,6103516 0,2797446 0,2002713
0,6103516 0,2749763 0,1883505
0,6103516 0,2686186 0,1907347
0,6103516 0,2749763 0,1875557
0,6103516 0,2543135 0,1804032
0,6103516 0,270208 0,1939135
0,6103516 0,2606713 0,1788138
0,6103516 0,2559029 0,1788138
1,017253 0,2670291 0,1843769
0,8138021 0,2781552 0,2042449
0,6103516 0,2654397 0,1907347
0,8138021 0,2733869 0,1986819
0,6103516 0,2797446 0,1978871
0,6103516 0,2908707 0,2113974
0,8138021 0,2781552 0,2042449
0,6103516 0,2638502 0,186761
0,8138021 0,2829235 0,2066291
0,4069011 0,270208 0,1986819
0,8138021 0,2892812 0,2082185
1,017253 0,2654397 0,1970924
0,6103516 0,2654397 0,1875558
0,6103516 0,2781552 0,1994766
0,6103516 0,2733869 0,1994766
0,6103516 0,2781551 0,209808
0,6103516 0,2845129 0,2090132
0,6103516 0,2892812 0,2074238
0,8138021 0,2829235 0,201066
0,6103516 0,2686186 0,2026555
0,6103516 0,2670291 0,1939136
0,6103516 0,2717974 0,2121922
0,6103516 0,270208 0,195503
0,6103516 0,2749763 0,201066
0,6103516 0,2670291 0,1947083
0,6103516 0,2781552 0,2058344
0,6103516 0,2749763 0,1986819
0,8138021 0,2892812 0,2050396
0,6103516 0,2829235 0,2066291
0,4069011 0,2892812 0,2090132
0,8138021 0,2908707 0,2121921
0,6103516 0,2781552 0,1970924
0,6103516 0,2829235 0,2145763
0,6103516 0,2924601 0,2161657
0,8138021 0,3131227 0,2296759
0,6103516 0,306765 0,220934
0,6103516 0,2829235 0,1986818
0,8138021 0,2908707 0,2066291
0,6103516 0,2845129 0,2121921
1,017253 0,3131227 0,2264971
0,6103516 0,3051755 0,2280865
0,6103516 0,2829235 0,2106027
0,6103516 0,2956389 0,2161657
1,017253 0,3035862 0,2225235
0,6103516 0,2924601 0,2129868
0,6103516 0,3147121 0,2280865
0,6103516 0,2829235 0,215371
0,8138021 0,3115333 0,2241129
0,8138021 0,3035861 0,2145762
0,8138021 0,2892812 0,2074238
0,6103516 0,3035861 0,2288812
0,6103516 0,306765 0,2193446
0,6103516 0,2861024 0,2177552
0,6103516 0,3115333 0,2312654
0,6103516 0,2940495 0,220934
0,8138021 0,2908706 0,2177552
0,6103516 0,2861023 0,2217288
0,8138021 0,3194805 0,2296759
0,8138021 0,3019967 0,220934
0,6103516 0,2638502 0,2018608
0,6103516 0,3035861 0,2328549
0,6103516 0,2924601 0,2098079
1,017253 0,3163016 0,2264971
0,6103516 0,2861023 0,2169605
0,6103516 0,3004073 0,220934
0,6103516 0,2908706 0,2193446
0,8138021 0,3337854 0,2415967
0,6103516 0,3051755 0,2272918
0,6103516 0,3099439 0,2249076
0,8138021 0,2940495 0,2217288
0,8138021 0,3131227 0,2225234
0,8138021 0,3178911 0,2360337
0,8138021 0,2829235 0,2113974
0,6103516 0,2908707 0,2193446
0,8138021 0,3465011 0,249544
0,8138021 0,3147121 0,2272917
0,6103516 0,2972284 0,2257024
0,6103516 0,3163016 0,235239
0,6103516 0,3019966 0,2257023
0,6103516 0,3035861 0,2312654
0,6103516 0,2956389 0,229676
0,6103516 0,3115333 0,2376232
0,6103516 0,3051755 0,229676
0,6103516 0,3051756 0,2241129
0,8138021 0,317891 0,2344443
0,6103516 0,2988178 0,2241129
0,6103516 0,3004072 0,2280865
0,8138021 0,329017 0,2447756
1,017253 0,306765 0,2344443
0,6103516 0,317891 0,2439809
0,6103516 0,2956389 0,2288813
0,6103516 0,3306065 0,2487492
0,8138021 0,3401432 0,2566966
0,8138021 0,3321959 0,2503387
0,8138021 0,3051756 0,2312654
0,6103516 0,3194804 0,2392126
0,6103516 0,352859 0,2638494
0,6103516 0,3306065 0,2495439
0,8138021 0,3465011 0,2590809
0,6103516 0,3210699 0,2455704
0,8138021 0,3353748 0,2503387
0,8138021 0,359217 0,2582863
0,6103516 0,3210699 0,2487493
0,6103516 0,3480906 0,2543125
0,6103516 0,3210699 0,2463651
0,6103516 0,3242488 0,2463651
0,8138021 0,3290171 0,2519282
0,6103516 0,3353748 0,2511334
0,8138021 0,3369642 0,2519282
0,8138021 0,3337854 0,2503387
1,017253 0,3449116 0,2638493
0,8138021 0,3465011 0,2614651
0,8138021 0,3306065 0,2511334
0,8138021 0,3306065 0,2551071
1,017253 0,3560379 0,2582862
0,6103516 0,2956389 0,2257024
0,6103516 0,3194804 0,2439809
0,8138021 0,3226593 0,2503387
0,8138021 0,352859 0,2646441
0,6103516 0,3449116 0,2566966
0,8138021 0,3480905 0,2574914
0,8138021 0,3878273 0,2813339
0,6103516 0,3465011 0,2590809
0,6103516 0,3051755 0,2392126
0,6103516 0,3449117 0,2614651
0,8138021 0,34968 0,2662335
0,8138021 0,3623958 0,2702073
0,8138021 0,3337854 0,2551071
0,6103516 0,332196 0,2559019
0,8138021 0,3751116 0,2765653
0,8138021 0,3751116 0,2757706
0,8138021 0,3623959 0,2662337
0,8138021 0,3782905 0,2829233
0,8138021 0,3719327 0,2781548
0,8138021 0,41008 0,2964341
0,8138021 0,3671643 0,2749758
0,8138021 0,3703431 0,27736
0,8138021 0,37988 0,2805391
0,8138021 0,37988 0,2781549
0,6103516 0,3449116 0,2614651
0,8138021 0,3910063 0,290076
0,6103516 0,3830591 0,2876918
0,8138021 0,3751116 0,2813338
0,8138021 0,3973642 0,2900761
0,8138021 0,3989537 0,296434
0,8138021 0,4116695 0,3019973
0,8138021 0,4069011 0,2972288
0,6103516 0,3639854 0,2781548
0,8138021 0,4100799 0,296434
0,8138021 0,4084905 0,2964341
0,6103516 0,3671643 0,2757706
0,8138021 0,3687538 0,2813337
0,8138021 0,4084906 0,2996131
0,8138021 0,4037222 0,2972288
0,8138021 0,4148484 0,3043815
0,8138021 0,4069012 0,3012026
0,8138021 0,44028 0,3210712
0,8138021 0,4243851 0,3123289
0,8138021 0,4498168 0,3218661
0,8138021 0,4609431 0,3361715
0,8138021 0,4355115 0,3139185
1,017253 0,4577641 0,3226608
1,017253 0,467301 0,331403
1,017253 0,4561747 0,328224
1,017253 0,4545852 0,3306083
0,8138021 0,4657115 0,3337873
1,017253 0,4529957 0,3337873
0,8138021 0,4688904 0,3512712
0,8138021 0,4784273 0,3552449
0,8138021 0,4609431 0,3321978
1,017253 0,4545852 0,343324
0,8138021 0,4704799 0,3616025
1,017253 0,4927325 0,377497
0,8138021 0,4816062 0,3751127
1,017253 0,5149847 0,3933913
1,017253 0,5213425 0,3925967
1,017253 0,5118059 0,3949807
1,627604 0,5435947 0,4092857
1,220703 0,5435946 0,4243852
1,017253 0,5213425 0,410875
1,017253 0,5420051 0,4259745
1,017253 0,5435945 0,4363058
1,017253 0,5499523 0,4259746
1,017253 0,5865093 0,4569685
1,424154 0,6421403 0,492731
1,220703 0,6214771 0,4831942
1,220703 0,6596243 0,5110092
1,220703 0,705719 0,5475673
1,424154 0,7009505 0,5427988
1,627604 0,7597603 0,5880992
1,220703 0,7390974 0,5833309
1,220703 0,7549919 0,5912783
1,424154 0,7470447 0,599226
1,424154 0,7979073 0,6270421
1,627604 0,7867809 0,632605
1,424154 0,847181 0,6858518
1,627604 0,8551285 0,6818786
1,831055 0,9361916 0,7311516
1,831055 0,9377813 0,7446623
1,627604 0,9775176 0,7748615
1,627604 0,9997694 0,7994975
1,627604 0,9425497 0,7669143
1,627604 1,02679 0,8201599
1,831055 1,05222 0,8622796
2,237956 1,076062 0,8757897
1,831055 1,071293 0,8837366
1,831055 1,134871 0,9139363
2,441406 1,203219 0,9624153
2,237956 1,192093 0,9830782
1,831055 1,209577 0,998179
2,237956 1,281104 1,041889
2,441406 1,293819 1,068116
2,644857 1,35263 1,097521
2,441406 1,389187 1,137259
2,441406 1,487732 1,196069
2,441406 1,564024 1,279512
2,441406 1,633959 1,337526
2,441406 1,684823 1,39872
3,458659 1,699128 1,413821
2,848307 1,804035 1,517933
3,255208 1,956624 1,604559
3,051758 2,015432 1,694362
3,255208 2,004306 1,689594
3,051758 2,086956 1,773832
2,848307 2,190271 1,835028
3,255208 2,241134 1,888274
4,069011 2,344451 1,982848
3,86556 2,427104 2,0504
3,662109 2,532004 2,110797
3,66211 2,547898 2,164047
4,272461 2,670285 2,281666
3,86556 2,719559 2,310276
3,662109 2,684592 2,29915
4,475911 2,835593 2,396107
5,289714 2,93891 2,513726
4,475912 2,923014 2,494651
4,882813 3,099443 2,621017
5,086263 3,159838 2,715588
5,900065 3,377595 2,871352
5,086263 3,485681 2,965925
5,696616 3,679593 3,16461
6,103515 3,913243 3,363291
6,713867 3,992717 3,455479
5,900065 3,968875 3,471375
5,900065 4,046759 3,524622
6,306965 4,089676 3,581845
6,306966 4,146894 3,599326
6,103515 4,259746 3,692309
5,900065 4,358289 3,755888
5,900065 4,418687 3,859993
6,917317 4,461603 3,878274
6,713867 4,704796 4,098416
6,917317 4,83036 4,181067
7,52767 4,665061 4,096032
7,324218 4,952746 4,349548
7,93457 5,102154 4,386903
7,527668 5,170504 4,48624
7,527669 5,28336 4,65473
8,34147 5,577403 4,816054
9,562175 5,623496 4,912215
7,324219 5,710922 4,996461
8,138021 5,882583 5,155407
7,324219 5,728406 5,076729
8,341471 5,855563 5,161766
8,544922 5,931857 5,230904
9,155272 6,127354 5,319909
8,138021 5,822186 5,173683
7,934569 6,011327 5,283354
7,527669 6,065364 5,325472
8,544921 6,081264 5,41369
7,93457 6,106691 5,37395
8,341469 6,181396 5,415277
7,934569 6,068544 5,350906
8,13802 6,187753 5,464553
8,54492 6,303786 5,533698
8,138021 6,222721 5,435943
10,78288 6,252923 5,544823
8,138021 6,279945 5,539261
8,341471 6,264049 5,543234
9,969075 6,265637 5,506678
7,93457 6,337164 5,645751
8,544921 6,38167 5,575819
8,951821 6,513594 5,697408
9,969072 6,561279 5,839663
8,544921 6,395975 5,609992
11,18978 6,445251 5,648932
9,562174 6,596249 5,843637
8,95182 6,515184 5,753831
8,951821 6,68208 5,865889
8,748372 6,715457 5,964438
8,544921 6,766317 5,920727
9,155272 7,009506 6,10034
11,80013 7,158913 6,264844
10,78288 7,308324 6,355443
9,765623 7,187524 6,357032
9,765624 7,316272 6,485783
10,98633 7,610323 6,655854
11,18978 7,437069 6,557308
10,98633 7,64211 6,745656
9,765623 7,406872 6,533463
10,57942 7,559458 6,647906
12,41048 7,750191 6,826716
12,81738 7,948874 6,876783
11,59668 8,118951 7,028584
11,18978 8,435247 7,287662
11,80013 8,800826 7,572177
13,22429 8,55446 7,486343
11,39323 8,818305 7,630189
12,81738 9,013806 7,80185
12,20703 8,834207 7,662774
15,25879 9,067853 7,801852
15,25879 9,03924 7,788339
17,49675 8,945466 7,673106
13,63119 9,013806 7,791516
13,63119 9,20296 7,895631
15,05534 9,392105 8,105439
15,6657 9,118716 7,840792
12,41048 9,13938 7,921854
13,83464 9,215672 7,923442
15,46224 9,501775 8,143584
14,44499 9,530382 8,21908
12,81738 9,53992 8,099078
14,44499 10,0104 8,590221
16,4795 9,783112 8,406641
16,4795 10,2663 8,74281
13,22428 10,26313 8,893811
17,2933 10,6287 8,997918
14,24154 10,75426 9,367466
16,0726 11,47429 9,71794
19,53126 11,52198 9,879272
18,71745 11,68887 10,08988
18,1071 12,0465 10,23928
17,08985 12,16094 10,47213
16,07259 12,24041 10,62393
16,68295 12,24359 10,65732
17,90366 12,47565 10,73996
16,4795 12,62188 10,7185
16,68295 12,84917 11,15402
19,12436 13,05421 11,16594
20,75196 13,49767 11,64119
23,80371 13,45794 11,38767
20,54851 13,39436 11,66026
20,95541 13,92842 11,87961
20,14161 14,16207 12,18717
22,17611 14,24631 12,37471
24,82096 13,98404 12,00756
22,37956 14,76129 12,72599
18,71746 14,28286 12,43114
21,15886 14,6246 12,65685
20,54851 14,84077 12,8905
20,9554 15,17137 13,11462
21,97267 14,87097 12,966
21,3623 15,22382 13,20441
22,78646 15,83099 13,66694
21,97266 15,18408 13,21475
24,00716 15,86756 13,60099
24,82097 15,97087 13,91014
22,98991 16,49698 14,25744
26,85546 17,40615 14,86222
25,22786 17,9418 15,38833
25,63476 18,54579 16,01856
26,04167 19,12435 16,4461
29,5003 19,22926 16,66228
26,85546 19,03057 16,76401
26,24511 18,91772 16,45247
28,48306 19,27535 16,76481
29,29686 19,55986 16,90627
28,27961 19,34052 16,92375
29,29686 19,79193 17,12879
26,85545 20,113 17,2472
28,07615 19,63139 17,21143
23,8037 19,09733 16,40081
31,12791 19,97152 17,08745
27,46581 19,90636 17,18998
26,44855 19,79033 17,1574
33,16241 19,5837 16,96904
35,6038 20,03988 17,17567
26,85546 19,90477 17,24879
27,26236 20,44042 17,74867
30,72101 20,37843 17,62311
27,66926 20,61367 18,03955
27,46581 19,63934 17,05488
32,34861 20,91885 18,06657
26,652 20,53896 17,89092
31,73826 20,31962 17,56351
27,4658 20,47539 17,82339
34,79 20,96494 18,05147
27,05891 21,07144 18,26763
31,53481 21,50853 18,35901
32,14516 21,27012 18,27399
30,11066 20,87116 17,95928
32,95896 21,48309 18,76592
30,721 21,3639 18,16829
29,29685 21,56734 18,73255
30,51756 21,71674 18,53784
33,97621 22,39069 19,38899
32,95895 22,88183 19,66635
39,46935 22,48128 19,38264
31,12791 22,29214 19,36515
33,9762 22,37478 19,11799
32,75551 22,6291 19,41602
28,48306 22,01557 19,35244
34,3831 22,51943 19,30474
34,99345 22,41612 19,44541
33,36585 22,07438 19,05441
33,1624 22,67202 19,45734
34,79001 22,80394 19,93258
32,14515 23,22992 19,80066
31,73826 22,68791 19,62741
36,21415 22,43837 19,61629
37,43486 23,17746 20,06292
30,92446 23,01375 20,03193
32,7555 23,58436 20,46902
38,04521 23,57005 20,23061
35,80726 23,5923 20,44359
33,56931 22,76261 19,99775
34,38311 23,66702 20,42611
40,28316 23,94516 20,58584
31,73825 23,17588 20,00571
32,75551 23,80688 20,4269
30,92447 23,3237 20,49605
37,23143 23,33958 20,322
30,92446 22,43359 19,81973
36,21415 23,27442 20,27274
33,16241 23,30144 20,49287
37,02795 23,27442 19,99695
33,1624 22,51784 19,47561
30,31411 22,96129 20,02001
34,99347 23,13931 20,22822
30,31411 22,8278 19,94928
31,94171 23,57801 20,51274
35,1969 23,72265 20,54692
31,53481 23,03282 19,97549
36,21416 24,13909 20,75592
31,53481 23,37774 20,33711
38,24867 23,87364 20,47935
32,95896 23,48582 20,41658
33,56932 23,59867 20,52865
35,1969 23,6686 20,76229
29,9072 23,31734 20,25048
34,79 23,90384 20,67804
32,14516 23,87365 20,72811
31,33135 23,65112 20,71858
33,56931 23,81483 20,68678
33,16241 23,4127 20,4571
36,21414 23,89432 20,74003
34,58656 24,17088 20,9856
33,36586 23,55415 20,75672
38,24865 23,83232 20,76864
39,67281 24,05006 20,95063
34,38311 24,06596 21,11673
35,1969 24,02305 20,94267
37,84176 24,91315 21,7406
34,58656 24,62705 21,43065
37,43486 25,12455 22,04259
36,62105 25,82073 22,53374
43,33493 25,93994 22,48605
37,02795 26,27214 23,11946
40,69006 27,03984 23,41589
41,09697 26,52963 23,37932
37,84176 27,74398 24,13829
41,70732 27,96966 24,48399
43,5384 28,11431 24,47685
37,23141 27,76781 24,53486
39,87626 28,6881 24,91871
37,84175 28,1477 24,89249
36,21416 28,41154 24,89487
39,46936 29,006 25,32006
39,26591 28,84863 25,62999
45,36945 28,45288 25,00772
40,28316 29,30323 25,81994
38,45211 28,54505 25,24137
41,30043 28,65791 24,99977
41,30045 28,99963 25,44163
45,77637 29,70217 26,01862
42,92803 29,93105 26,05595
41,70732 29,68946 26,03926
39,87625 29,9247 26,15133
42,72459 30,45716 26,72355
42,72458 30,85453 26,88964
40,89351 31,60952 27,93549
47,40396 32,98917 28,95752
49,84538 33,7219 29,62748
46,59017 34,45306 30,44525
43,53838 34,39902 30,65744
44,55564 34,5373 30,53109
45,16599 35,13811 31,08579
53,50751 34,8679 30,94672
44,14875 34,81862 30,84578
44,75911 35,847 31,47759
48,62469 36,19829 32,25167
46,79362 35,61495 31,64132
47,20052 36,23483 31,8996
51,06612 35,34635 31,5849
54,72825 35,75482 31,94888
54,11787 35,87403 31,98305
47,2005 35,63403 31,71046
50,65921 36,07589 31,99338
46,99705 36,47324 32,28743
48,21779 36,25709 32,27073
48,62468 36,44783 32,47817
51,26958 36,63221 32,66732
46,18328 36,27456 32,2151
53,71098 37,98006 33,77357
49,64193 38,00391 33,76245
45,77637 37,97052 33,72269
50,04882 39,0752 34,59771
51,26955 39,463 35,09282
53,91444 39,54567 35,0992
55,13513 40,32769 35,96782
55,33857 40,52795 36,03934
53,71097 41,03181 36,77288
53,10062 40,86811 36,66877
51,26955 40,13058 36,16888
50,25231 40,72982 36,34531
52,89717 40,27205 36,55272
55,74552 41,76455 37,55091
51,87991 40,82996 36,5448
51,87992 40,65828 36,27776
51,47301 41,38467 37,01529
53,10061 41,10175 37,00017
52,49027 40,86014 36,65127
53,50752 40,84425 36,54479
52,08335 40,9142 36,71883
54,52478 41,52773 37,35542
51,87993 42,16352 37,82588
54,11789 42,29069 37,77423
52,49025 42,03476 37,74482
54,1179 40,91261 37,10826
51,26957 41,01593 36,93025
54,32134 41,89491 37,64232
52,28682 41,53091 37,59225
55,74549 40,90466 36,54003
53,10061 41,47051 37,38163
53,50748 41,66284 37,54061
51,47298 41,89489 37,62801
62,86633 41,82655 37,42296
60,42487 41,77887 37,91331
53,50754 42,01253 37,56045
50,86265 41,03499 36,74984
54,1179 42,33041 38,18433
58,59381 41,83132 37,43328
59,00075 41,9569 37,77187
53,50754 40,7616 36,93738
61,44213 42,03319 37,50245
53,71096 41,95053 38,06987
56,76275 42,34631 38,15095
55,7455 42,52591 38,00152
53,30408 42,23026 38,03173
53,50752 42,2716 38,20099
57,78 42,12696 37,69637
53,10063 41,54521 37,36575
55,542 42,34789 38,16842
61,84903 42,72143 38,34884
56,35584 41,61037 37,7019
53,30408 42,17464 37,73132
56,96621 42,64831 38,61269
54,93167 41,97915 38,12789
57,78001 43,39695 39,57271
56,15239 44,17579 39,7833
56,96622 42,96619 38,34406
58,79727 44,55089 39,87472
52,28682 43,51617 39,35337
55,94894 43,31111 38,97031
58,59381 44,00253 39,72848
55,94894 43,07111 38,8384
52,08336 42,14921 38,35121
56,35584 43,34766 39,27706
56,76276 43,98822 39,60529
57,57657 44,12968 39,42252
53,50753 43,34609 39,48927
58,39036 43,43986 38,92661
60,01797 44,46029 39,82465
59,40762 44,67646 40,18149
59,00069 45,06431 40,43025
59,6111 44,10584 39,99867
56,55931 44,78613 40,4342
57,16966 44,55725 40,03843
59,20419 44,26479 40,19102
59,81454 44,95145 40,19738
61,23867 44,37605 40,27684
57,78002 44,7178 40,64878
60,01798 44,81157 40,2832
55,54205 43,91512 39,35178
59,81451 44,83702 40,26336
60,42487 45,6953 41,27105
58,39037 45,0786 40,60668
60,01798 45,39809 40,74418
56,55931 43,25072 39,16265
