0,6103516 0,2924601 0,2272926
0,6103516 0,2924601 0,2161664
0,6103516 0,2892812 0,211398
0,6103516 0,2797444 0,2082191
0,8138021 0,3496809 0,2415978
0,8138021 0,3274285 0,2368295
0,6103516 0,3178916 0,2336505
0,6103516 0,2829233 0,2225242
0,8138021 0,3210706 0,2209349
0,8138021 0,2861023 0,2082191
0,6103516 0,298818 0,2257032
0,6103516 0,3051759 0,2272927
0,8138021 0,3083549 0,2336505
0,8138021 0,3019969 0,2304716
0,6103516 0,3147127 0,2400084
0,4069011 0,2956391 0,2304716
0,6103516 0,2924601 0,2145769
0,6103516 0,298818 0,2177559
0,6103516 0,3369653 0,2447768
0,6103516 0,3147127 0,2400084
0,6103516 0,3242495 0,2415979
0,6103516 0,3147127 0,23524
0,6103516 0,2924601 0,2193453
0,6103516 0,3242495 0,2431873
0,8138021 0,3147127 0,2400084
1,017253 0,3019969 0,2368294
0,6103516 0,3369653 0,2495452
0,6103516 0,3465019 0,2543135
0,6103516 0,3274285 0,2479557
0,8138021 0,3147127 0,2384189
0,8138021 0,3592176 0,2702079
0,8138021 0,3369653 0,2606713
0,6103516 0,3178917 0,2479557
0,6103516 0,3465019 0,2654396
0,8138021 0,3115338 0,2431873
0,6103516 0,3242495 0,2543135
0,6103516 0,3337863 0,2511347
0,6103516 0,3210706 0,2415979
0,6103516 0,3655754 0,2749763
0,8138021 0,3560386 0,2686185
0,6103516 0,3623964 0,2686185
0,6103516 0,378291 0,2829235
0,6103516 0,375112 0,2797445
0,6103516 0,375112 0,2797445
0,6103516 0,3623964 0,2733868
0,8138021 0,3878277 0,2829234
0,6103516 0,378291 0,2876918
0,6103516 0,3878276 0,2940495
0,8138021 0,4673001 0,3242487
1,017253 0,4577634 0,3337854
0,6103516 0,4291534 0,3147122
0,8138021 0,4577634 0,3401432
1,017253 0,4800158 0,3401431
1,220703 0,508626 0,397364
1,424154 0,5690257 0,4291534
1,220703 0,5880993 0,4418691
3,255208 0,7311507 0,5213426
3,86556 0,8964537 0,623067
3,051758 0,9759263 0,6786976
4,272461 1,258851 0,9012228
6,510416 1,509984 1,064937
6,917316 1,964569 1,336733
5,696614 2,047221 1,414617
14,03809 2,943675 1,926422
16,4795 3,652572 2,350807
15,05534 4,669826 3,069242
33,97623 5,998612 3,767015
50,25229 7,839203 4,749299
31,94172 8,169808 5,159378
41,91079 10,20749 6,36101
40,6901 12,53128 7,777215
55,13511 18,03398 11,32011
59,81454 23,58118 15,02991
76,29401 29,11567 19,64251
92,36653 39,91444 26,74739
88,09414 43,48755 30,37294
88,7045 48,44984 35,1302
95,01136 51,14875 35,75167
95,62174 55,89489 40,85544
103,7598 62,80267 47,50095
96,23209 64,17597 46,3788
101,7252 66,60464 50,13944
131,8354 76,23038 55,93299
104,777 81,1736 65,74155
122,0702 87,46786 72,87503
107,0149 84,93106 71,44293
125,3254 90,68491 74,61073
144,856 90,08092 74,07508
112,3047 90,97735 76,38137
128,7841 95,56134 81,02098
130,8186 95,96825 81,14815
134,0738 96,75026 82,76938
126,5462 96,56588 85,09319
124,1047 99,24569 87,45035
129,5979 101,6013 88,04638
146,2808 100,5999 88,0162
124,5116 101,2007 87,76186
149,5361 105,1648 92,01685
150,9602 105,292 92,41582
151,1636 105,4001 94,17694
147,5016 108,2134 95,74254
135,091 106,6748 91,34132
145,06 108,2039 95,16081
137,9392 108,2484 92,0947
140,5843 107,7652 95,14333
146,8908 110,8678 98,27132
144,0429 108,7506 95,21646
128,5807 107,3583 95,78385
148,9256 110,9695 96,71847
141,398 113,2488 98,5797
140,1773 111,0108 98,3095
155,4361 115,509 100,0865
137,7359 115,3024 102,0844
135,9049 112,8101 100,9464
158,0807 115,4072 99,37919
143,4325 115,7442 100,7906
141,8047 116,1511 103,3067
157,6742 119,8323 104,3733
159,7086 124,0348 112,4015
175,1708 122,8554 109,7519
158,6913 124,2128 106,4268
148,9258 124,0984 109,8076
150,3498 125,2078 112,0821
157,674 127,7413 114,8843
178,4262 130,1731 113,4569
156,6567 130,1763 117,2875
172,9329 130,3957 116,4292
154,4188 130,5768 119,2028
180,0538 132,7417 118,78
175,9845 130,6246 115,9301
152,5879 131,9502 119,4126
167,2363 131,3938 119,5588
201,2127 135,4819 119,0534
162,1498 136,3974 120,8494
191,2436 133,6127 122,5295
175,9845 137,2461 123,7136
176,1877 138,8547 124,9232
188,8021 139,004 124,0378
179,2396 143,3845 128,3707
184,9364 141,3755 124,0934
171,9152 138,1171 124,7403
171,1014 140,2437 125,7321
181,8846 142,2909 127,8301
173,5433 140,6665 127,1085
183,9191 139,646 126,212
169,0672 140,7395 127,0465
189,4125 144,2204 130,1189
192,2609 144,6496 127,8269
192,0574 145,1868 133,5521
192,2609 144,9229 127,4931
192,0574 146,5441 133,4392
192,0574 148,5341 131,1615
192,0574 149,0905 136,0729
187,1745 147,2657 130,6274
189,6159 150,7434 134,7568
185,3433 147,6725 132,5506
181,6811 152,3265 134,8474
192,0574 148,8964 133,482
178,2223 150,4255 136,378
192,4643 153,9732 138,368
184,733 150,8356 137,2983
181,6811 150,3015 135,7804
170,491 149,1761 132,123
185,5468 149,6276 136,8819
190,6332 149,9106 133,0624
188,8021 155,4132 140,3929
192,0574 153,9096 139,1643
192,2609 152,6699 136,9852
192,4643 151,1026 138,0739
192,0574 155,0509 141,0828
192,0574 153,1689 136,6101
192,2609 155,9219 142,8391
192,2609 157,7371 141,7774
192,2609 156,6022 141,1416
