0,8138021 0,3337863 0,2495452
0,6103516 0,2861023 0,2272926
0,4069011 0,2638497 0,2161664
0,6103516 0,2956391 0,2177559
0,6103516 0,2892812 0,2098086
0,6103516 0,3115337 0,2320611
0,8138021 0,3210706 0,23524
0,8138021 0,3051759 0,2304716
0,6103516 0,2670287 0,2066296
0,8138021 0,2765654 0,2066296
0,6103516 0,3051759 0,2257032
0,6103516 0,2733865 0,2066296
0,6103516 0,2924601 0,2209348
0,6103516 0,2924601 0,2145769
0,8138021 0,2861023 0,2050402
0,8138021 0,2892812 0,211398
0,6103516 0,2924601 0,2225243
0,8138021 0,3115337 0,2241137
0,6103516 0,3242495 0,2288822
0,6103516 0,2924601 0,2129875
0,6103516 0,2670287 0,1986823
0,4069011 0,2829233 0,211398
0,6103516 0,2829233 0,2050402
0,6103516 0,3083549 0,2336505
0,6103516 0,301997 0,2225243
0,6103516 0,2924602 0,2129875
0,6103516 0,3115337 0,2336505
0,6103516 0,2956391 0,23524
0,8138021 0,3337863 0,255903
0,6103516 0,3115338 0,2336505
0,4069011 0,2829233 0,2129875
0,6103516 0,2829233 0,2098085
0,6103516 0,2797444 0,2177558
0,6103516 0,3083548 0,2320611
0,8138021 0,2892812 0,2225242
0,6103516 0,2892812 0,2193453
0,6103516 0,2892812 0,2225243
0,4069011 0,3147127 0,2400084
0,4069011 0,301997 0,2304716
0,6103516 0,3178916 0,2320611
0,6103516 0,301997 0,2384189
0,6103516 0,301997 0,2288821
0,6103516 0,301997 0,2288821
0,8138021 0,2924601 0,2193453
0,8138021 0,2829233 0,2209348
0,6103516 0,3051759 0,2320611
0,6103516 0,2988181 0,2209348
0,6103516 0,301997 0,2209348
0,8138021 0,3306074 0,2431873
0,6103516 0,3115338 0,2320611
0,6103516 0,3115338 0,2257032
0,8138021 0,2733865 0,2177558
0,6103516 0,3147127 0,2368295
0,8138021 0,3274284 0,2415979
0,6103516 0,3210706 0,2368295
0,6103516 0,2797444 0,2209348
0,6103516 0,3115337 0,2320611
0,6103516 0,3051759 0,2257032
0,6103516 0,301997 0,2304716
0,6103516 0,3115337 0,2225243
0,6103516 0,3274285 0,2431873
0,8138021 0,298818 0,2336505
0,6103516 0,2956391 0,2257032
0,8138021 0,3274284 0,2415979
0,6103516 0,3401441 0,2622608
0,6103516 0,2892812 0,2241137
0,4069011 0,301997 0,2272927
0,8138021 0,346502 0,2606713
0,8138021 0,3242495 0,2415979
0,6103516 0,301997 0,2272927
0,8138021 0,3083548 0,2336505
0,8138021 0,3369653 0,2495452
0,8138021 0,3528598 0,2574924
0,8138021 0,3401442 0,2495452
0,8138021 0,3560387 0,2654396
0,6103516 0,3115337 0,2368294
0,6103516 0,3242495 0,2400084
0,6103516 0,3337863 0,2415979
0,8138021 0,3210706 0,2479557
0,8138021 0,298818 0,2288821
0,6103516 0,3433231 0,2606713
0,6103516 0,3306074 0,2511346
0,6103516 0,3528597 0,2463662
0,6103516 0,3083548 0,2400084
0,6103516 0,3083549 0,2384189
0,6103516 0,3274285 0,2511347
0,6103516 0,3337863 0,2527241
0,6103516 0,3147127 0,2447768
0,8138021 0,3147127 0,2463662
0,6103516 0,3242495 0,2479557
0,8138021 0,3369653 0,2543136
0,6103516 0,3115338 0,2431873
0,6103516 0,3433231 0,255903
0,6103516 0,3147127 0,2447768
0,6103516 0,3369653 0,2479557
0,8138021 0,3401442 0,255903
0,6103516 0,3210706 0,2447768
0,8138021 0,3846488 0,2749762
0,6103516 0,3178917 0,2511346
0,6103516 0,3369653 0,2606713
0,6103516 0,3337863 0,2574925
0,6103516 0,3306074 0,255903
0,6103516 0,4037221 0,29246
0,6103516 0,343323 0,2638502
0,6103516 0,3337863 0,2622608
0,6103516 0,3814698 0,281334
0,8138021 0,3623964 0,2717974
0,6103516 0,3751121 0,2749762
0,8138021 0,3846487 0,2845128
0,8138021 0,3846488 0,2781551
1,017253 0,3433231 0,2590819
0,6103516 0,3719332 0,2749762
0,6103516 0,3623964 0,2702079
0,6103516 0,3878276 0,2908706
0,6103516 0,3623964 0,2733868
0,6103516 0,3528598 0,2654396
0,6103516 0,3496808 0,2606713
0,6103516 0,343323 0,2622607
0,6103516 0,3910066 0,2892812
0,6103516 0,4005432 0,2908705
0,8138021 0,3719332 0,2829235
0,8138021 0,3910065 0,2892812
0,8138021 0,3941855 0,2908706
0,8138021 0,4259744 0,3115333
0,8138021 0,4164377 0,3083544
0,6103516 0,41008 0,3035862
0,8138021 0,4355111 0,3163016
0,8138021 0,4355111 0,3147121
0,8138021 0,4545845 0,3290171
0,8138021 0,4450478 0,3163016
0,8138021 0,4227956 0,3051755
0,8138021 0,4577635 0,3385537
0,8138021 0,4800158 0,3592167
1,017253 0,4609423 0,34968
1,424154 0,5118049 0,3846482
1,220703 0,5245206 0,4005429
1,627604 0,5817415 0,4227954
1,627604 0,5849204 0,4386902
1,220703 0,6008151 0,4466375
1,627604 0,7184347 0,5340583
1,627604 0,7406871 0,5531316
1,831055 0,8773801 0,6580346
1,424154 0,9314215 0,6930027
2,237956 1,141231 0,8408229
2,034505 1,246134 0,9409589
2,237956 1,249313 0,9727482
3,051758 1,37329 1,044274
3,255208 1,401901 1,118977
2,848307 1,509984 1,147588
3,458659 1,678468 1,271566
3,662109 1,754761 1,344681
3,458659 1,904169 1,428922
3,86556 2,07901 1,589457
3,66211 2,110799 1,594225
4,272461 2,520878 1,869202
4,882812 2,597172 1,942317
5,289714 3,01679 2,328555
5,086263 3,226598 2,423923
7,73112 3,493627 2,633731
11,18978 3,856024 2,926192
7,934568 4,53631 3,409385
8,54492 4,463197 3,364882
7,527668 4,711153 3,662111
8,34147 5,029041 3,941854
10,98633 5,706151 4,434586
13,63119 6,275177 4,792214
14,64844 6,745656 5,253155
13,83464 6,869635 5,092623
13,63119 7,330576 5,695024
20,95541 8,449558 6,151201
14,03809 8,370082 6,373724
22,58301 9,606682 7,103285
18,514 9,651183 7,538794
20,14161 10,6589 8,026759
23,80371 12,08305 8,912086
19,7347 11,5935 8,7293
21,97265 12,91911 9,89914
29,29686 14,44499 10,9005
30,72102 16,45088 12,06875
34,99346 19,21336 13,87596
37,84176 20,41817 15,26674
49,4385 22,9613 17,26151
40,07971 23,43813 18,00696
52,69373 27,69151 20,29736
49,23501 29,27143 21,39569
51,06611 29,85 22,54168
79,95624 32,32001 24,47287
65,71462 33,98894 25,32322
64,49392 34,65015 26,1116
77,31138 35,5784 26,94925
67,9526 38,74141 29,2015
83,41485 39,58383 29,68311
69,5802 41,2909 30,5891
70,19059 45,01662 33,18469
72,83545 47,72823 37,02323
101,5217 52,61741 38,90834
89,92517 56,26049 40,62178
95,41828 64,89442 49,64037
92,57003 64,12515 50,80544
149,7388 67,2373 52,7573
113,932 76,25591 60,54887
119,6286 76,50069 62,68508
99,89413 74,23731 61,48026
128,3768 78,03292 61,63602
97,85966 77,67692 64,07587
123,2907 84,88029 70,90099
116,9837 84,40981 69,20506
104,1666 86,18044 73,18825
131,225 88,24988 75,8585
120,6458 90,01417 73,95592
114,1355 90,70084 75,82193
115,3562 92,02006 78,57488
143,6355 95,59311 77,90092
136,7182 95,37377 78,80373
137,3285 97,83421 82,46268
137,9388 99,23611 83,43221
123,4941 101,8332 89,72167
124,7147 101,4804 89,80913
130,2079 102,895 90,08565
144,2457 105,1774 91,43826
145,2629 104,5416 90,51159
134,4802 102,3355 88,73142
136,7182 106,1025 90,47823
132,2422 105,0694 88,18783
132,4458 107,2628 90,54493
144,2458 109,1001 94,9557
135,7009 109,8344 97,4813
128,7837 109,9616 96,54515
158,4873 112,759 96,47993
138,7526 111,0202 93,55217
144,0423 113,185 97,88658
146,2802 111,6909 97,94067
132,2424 110,4448 94,45975
150,7561 112,4284 99,70015
152,1802 115,3721 100,0498
136,7182 114,11 102,5453
142,0078 119,0214 102,7297
152,3836 118,8275 101,911
148,9251 118,1727 104,9342
155,2319 121,2275 103,7119
138,1423 117,7085 102,6676
145,8732 121,5486 106,7318
160,7252 125,6938 107,8269
152,1802 123,3255 109,0524
158,4871 124,8324 109,7772
154,0111 128,2433 114,1306
182,4949 128,9204 113,4567
194,4989 132,3472 118,0677
167,6427 134,779 119,8288
166,8289 134,067 119,7716
154,2146 130,9072 117,1474
183,3087 132,4617 117,7228
170,0841 134,2005 122,0047
170,2876 133,498 116,5085
168,8634 137,1251 124,4398
160,5217 136,591 126,6332
165,4046 135,5483 118,1646
167,6426 139,3121 124,3889
174,5602 137,0297 124,133
171,5083 137,3952 123,4988
164,7942 137,9961 121,8982
156,4525 138,759 126,9638
194,092 141,3117 126,6205
179,2396 141,2131 128,6661
195,3127 139,0769 126,3614
195,3127 143,0315 128,2878
177,612 138,9752 127,2261
179,2396 139,2104 124,4938
167,4391 141,1177 126,1929
168,6599 140,5932 126,5283
182,9019 143,7212 130,9247
178,6293 141,9315 128,5501
184,7329 143,6799 129,1922
174,5602 145,5523 131,2187
186,1572 145,5809 130,8214
185,7502 143,7022 129,0237
186,7676 147,3801 132,8702
195,1093 143,8325 129,3718
181,8846 147,5327 134,4469
184,733 146,5981 133,3279
187,1745 147,218 131,7845
195,3127 146,1818 131,7878
195,3127 149,6276 135,2734
193,4816 147,0432 131,9801
