0,4069011 0,2479552 0,170072
0,6103516 0,2415974 0,1382827
0,6103516 0,2447763 0,1430511
0,6103516 0,2574919 0,1478195
0,6103516 0,2479552 0,1509984
0,4069011 0,2257028 0,1335144
0,4069011 0,2479552 0,1557668
0,6103516 0,2702076 0,1621246
0,8138021 0,2670287 0,1732509
0,6103516 0,2415974 0,1557668
0,6103516 0,2606708 0,1605352
0,8138021 0,2797444 0,1811982
0,6103516 0,2574919 0,1573563
0,4069011 0,2447762 0,1541774
0,6103516 0,254313 0,1653036
0,6103516 0,2638497 0,1589457
0,6103516 0,2384185 0,1684825
0,4069011 0,2511341 0,1541774
0,6103516 0,2574919 0,1843771
0,6103516 0,2638497 0,1605352
0,4069011 0,2447762 0,1668931
0,6103516 0,2574919 0,1684825
0,6103516 0,2511341 0,1716614
0,4069011 0,2352396 0,1525879
0,6103516 0,2574919 0,1589457
0,6103516 0,2638497 0,1716614
0,6103516 0,2702076 0,1732509
0,6103516 0,2479552 0,1621247
0,6103516 0,2702076 0,1780193
0,6103516 0,2670287 0,1716614
0,8138021 0,2447763 0,1525879
0,6103516 0,2384185 0,1351038
0,6103516 0,2733865 0,1891455
0,4069011 0,2447762 0,1684825
0,4069011 0,2320606 0,149409
0,6103516 0,2574919 0,1637141
0,6103516 0,254313 0,1557668
0,6103516 0,2574919 0,170072
0,6103516 0,2384185 0,1430511
0,4069011 0,2511341 0,14623
0,6103516 0,2511341 0,1637141
0,6103516 0,2447763 0,1557668
0,6103516 0,2447763 0,1748404
0,6103516 0,2606708 0,1716614
0,4069011 0,2765655 0,1716614
0,4069011 0,2447762 0,1780193
0,4069011 0,2606708 0,170072
0,6103516 0,2447763 0,1637141
0,6103516 0,2733865 0,190735
0,6103516 0,2447763 0,1827877
0,6103516 0,2574919 0,1780193
0,6103516 0,2574919 0,1732509
0,6103516 0,2702076 0,1811982
0,6103516 0,2670287 0,1716614
0,6103516 0,2670287 0,1859666
0,6103516 0,2415974 0,1589458
0,6103516 0,2733865 0,1748403
0,6103516 0,2415974 0,1605352
0,6103516 0,2733865 0,190735
0,6103516 0,2511341 0,170072
0,4069011 0,2320606 0,1589458
0,6103516 0,2924601 0,1843772
0,6103516 0,2797444 0,1668931
0,8138021 0,2479552 0,1668931
0,6103516 0,2702076 0,1780193
0,8138021 0,2670287 0,1811982
0,6103516 0,2479552 0,1605352
0,4069011 0,2479552 0,1653036
0,6103516 0,2733865 0,1764298
0,6103516 0,2574919 0,1637141
0,6103516 0,254313 0,1637141
0,4069011 0,2511341 0,1621247
0,6103516 0,2733865 0,1796087
0,6103516 0,2670287 0,1811982
0,6103516 0,2638497 0,1653036
0,6103516 0,2606708 0,1748404
0,4069011 0,2702076 0,1716614
0,6103516 0,2511341 0,1637141
0,6103516 0,2574919 0,1811982
0,6103516 0,2574919 0,1748404
0,6103516 0,2606708 0,1891455
0,6103516 0,2702076 0,1891455
0,4069011 0,2320606 0,1732509
0,4069011 0,2415974 0,1716615
0,6103516 0,254313 0,1796087
0,6103516 0,2765655 0,1891455
0,4069011 0,2797444 0,1970928
0,6103516 0,3051759 0,2098086
0,4069011 0,2606708 0,1732509
0,6103516 0,2511341 0,1668931
0,6103516 0,2765655 0,1780193
0,6103516 0,2797444 0,1748404
0,6103516 0,2702076 0,1843771
0,6103516 0,254313 0,1780193
0,6103516 0,2606708 0,1811982
0,6103516 0,2479552 0,1827877
0,6103516 0,2765655 0,190735
0,6103516 0,2670287 0,190735
0,6103516 0,2670287 0,1859666
0,6103516 0,2638497 0,1923244
0,6103516 0,2797444 0,1891455
0,6103516 0,2670287 0,1780193
0,6103516 0,254313 0,1859666
0,6103516 0,2892812 0,2066296
0,4069011 0,2574919 0,1780193
0,8138021 0,2956391 0,2034507
0,6103516 0,2797444 0,2034507
0,6103516 0,2892812 0,1955034
0,8138021 0,2829233 0,1923245
0,4069011 0,2765655 0,2034507
0,6103516 0,2956391 0,211398
1,017253 0,2861023 0,1986823
0,6103516 0,2765655 0,2098085
0,6103516 0,2574919 0,1923244
0,6103516 0,3083549 0,2129875
0,6103516 0,2797444 0,2002718
0,6103516 0,2924601 0,2145769
1,017253 0,2829233 0,1875561
0,6103516 0,2733865 0,1955034
0,6103516 0,3051759 0,2225243
0,8138021 0,295639 0,2050402
0,6103516 0,2670287 0,1859666
0,6103516 0,298818 0,2002718
0,6103516 0,2861023 0,2082191
0,6103516 0,2797444 0,1811982
0,6103516 0,3051759 0,2225243
0,6103516 0,2956391 0,2193453
0,6103516 0,2924601 0,2193453
0,6103516 0,2924601 0,1923245
0,6103516 0,3083548 0,2304716
0,6103516 0,2574919 0,1843771
0,4069011 0,2892812 0,211398
0,6103516 0,2956391 0,2241137
0,6103516 0,301997 0,2193454
0,4069011 0,2956391 0,214577
0,8138021 0,298818 0,2161664
0,6103516 0,2861023 0,2193453
0,8138021 0,3019969 0,2161664
0,6103516 0,2765655 0,1939139
0,6103516 0,2924601 0,2177559
0,6103516 0,2733865 0,1859666
0,4069011 0,2861023 0,2161664
0,6103516 0,2892812 0,211398
0,6103516 0,2892812 0,2050402
0,8138021 0,3369653 0,238419
0,6103516 0,2765655 0,2082191
0,6103516 0,2892812 0,2034507
0,6103516 0,3019969 0,2225243
0,8138021 0,3210706 0,2304716
0,6103516 0,2797444 0,2225242
0,6103516 0,2638497 0,2034507
0,6103516 0,3115338 0,2272927
0,8138021 0,3274285 0,2288822
0,8138021 0,3210706 0,2368295
0,6103516 0,2924602 0,2241137
0,8138021 0,3210706 0,2368295
0,6103516 0,3051759 0,2225243
0,6103516 0,3051759 0,2272927
0,6103516 0,2829233 0,211398
0,6103516 0,3147127 0,2257032
0,6103516 0,3592175 0,2606712
0,6103516 0,3051759 0,23524
0,6103516 0,3210706 0,2400084
0,6103516 0,3083548 0,2272927
0,6103516 0,3051759 0,2304716
0,4069011 0,2892812 0,2193453
0,6103516 0,2861023 0,2225242
0,6103516 0,3115337 0,2320611
0,6103516 0,3496809 0,2574924
0,6103516 0,3210706 0,2384189
0,6103516 0,3178917 0,2479557
0,6103516 0,3051759 0,2320611
0,6103516 0,3178917 0,2447768
0,8138021 0,3401442 0,2495452
0,6103516 0,3655753 0,2717973
1,017253 0,4005433 0,2845128
0,8138021 0,3528597 0,2606713
0,6103516 0,3973643 0,2908705
0,6103516 0,41008 0,2892811
0,6103516 0,3846487 0,2861023
0,6103516 0,3941855 0,2924601
0,8138021 0,4100799 0,2972283
0,6103516 0,4005432 0,29246
0,6103516 0,3401442 0,2574924
0,6103516 0,3846487 0,281334
0,8138021 0,3655753 0,2654396
0,8138021 0,4005433 0,2940495
0,6103516 0,4069009 0,2956388
0,8138021 0,4323322 0,3099438
0,8138021 0,3719332 0,2829235
0,6103516 0,4227954 0,3067649
0,6103516 0,3560387 0,2717974
0,8138021 0,4100799 0,2972283
0,8138021 0,4259744 0,3099438
0,8138021 0,4641213 0,3369642
0,8138021 0,3941855 0,2924601
1,017253 0,4577635 0,3385537
0,8138021 0,4482267 0,3210699
0,8138021 0,4227956 0,306765
0,8138021 0,4227955 0,3099438
1,220703 0,4577635 0,3194804
0,8138021 0,4450478 0,3242488
0,8138021 0,4768369 0,3401431
0,6103516 0,4545845 0,3306065
0,8138021 0,473658 0,346501
1,017253 0,4577634 0,3465011
0,8138021 0,4514056 0,3353748
1,017253 0,470479 0,3544483
0,8138021 0,4768369 0,376701
1,017253 0,4990892 0,370343
1,017253 0,505447 0,3957745
1,017253 0,5022681 0,3814693
1,220703 0,508626 0,3973641
1,017253 0,5213417 0,3925956
1,017253 0,4895525 0,3655746
0,8138021 0,4863736 0,3719325
0,8138021 0,5213417 0,4100799
0,8138021 0,5181628 0,4084904
1,017253 0,5340575 0,4037219
1,220703 0,5340574 0,397364
1,627604 0,5213417 0,4116693
1,220703 0,5785625 0,4466376
1,017253 0,5435943 0,424385
1,424154 0,5753836 0,4418693
1,017253 0,5531311 0,4355114
1,017253 0,5690258 0,4466376
1,220703 0,55631 0,4402798
1,017253 0,5467733 0,4434588
0,8138021 0,5880994 0,4641219
1,220703 0,5912783 0,4609428
1,017253 0,6421409 0,505448
1,017253 0,6103518 0,4720691
1,220703 0,6516775 0,5070374
1,220703 0,6739299 0,5245215
1,017253 0,6484986 0,5086269
1,220703 0,70254 0,5340583
1,220703 0,6898246 0,5277006
1,424154 0,7120769 0,5833306
1,017253 0,6961823 0,5451841
1,220703 0,7216136 0,5658469
1,424154 0,7661185 0,6119406
1,424154 0,7184347 0,58492
1,424154 0,816981 0,6469085
1,220703 0,7788342 0,627835
1,424154 0,7724764 0,6230668
1,424154 0,845591 0,6739292
1,831055 0,8900956 0,70095
2,034505 0,9441368 0,7502232
1,627604 0,9600314 0,7549914
2,034505 1,045863 0,8217492
2,034505 1,099905 0,8630757
2,034505 1,252492 0,9568534
2,034505 1,246134 0,9981793
2,644857 1,363753 1,047452
2,441406 1,49409 1,185734
3,051758 1,722972 1,343092
3,255208 1,802444 1,457533
2,644857 1,846949 1,494089
3,051758 1,983642 1,605351
3,662109 2,136231 1,702309
3,662109 2,34286 1,880328
4,272461 2,454121 1,994769
4,475912 2,622606 2,222061
4,475912 2,613069 2,174379
4,882812 2,810161 2,342859
5,086263 3,004075 2,379417
5,900065 3,213883 2,609889
5,289714 3,210705 2,616247
6,306966 3,547668 2,92778
5,900065 3,86556 3,094672
7,324219 4,533131 3,5127
8,544921 5,369187 4,208884
11,59668 5,820592 4,639625
9,562171 6,186167 4,924139
11,39323 6,898243 5,427998
12,81738 7,925032 6,198882
14,44499 8,134841 6,539025
16,68295 9,256995 7,402102
20,95541 9,806951 7,863044
17,49676 10,53493 8,443198
18,51401 11,19296 8,859635
19,32781 12,35326 9,84033
28,88995 12,86507 10,32829
19,32781 13,59622 11,22634
23,19336 14,3687 11,40753
22,58301 14,86143 12,13233
23,39681 14,96633 12,21657
28,07615 16,02491 13,31488
24,41406 16,85143 13,55171
24,82096 17,43317 14,2018
24,82096 18,14524 14,9107
29,90721 19,3278 15,79761
28,48306 19,70292 16,41274
28,27961 20,67884 16,74971
29,5003 20,87276 17,24244
28,07615 21,08256 17,37595
26,85546 21,93768 18,40432
31,1279 21,81688 18,20564
30,72101 22,40816 18,91296
32,55205 22,6593 19,14501
29,90721 23,44767 19,26263
37,2314 23,52078 19,40568
39,46935 23,93722 20,37207
34,3831 24,92268 20,65658
42,92804 23,87364 20,14001
37,2314 24,20742 19,65363
32,14515 25,04349 20,81553
34,99345 25,54575 21,56416
34,58655 24,48717 20,46585
35,1969 24,69062 20,60254
38,24864 25,479 21,95994
36,82449 25,91768 21,67065
36,21414 25,36773 21,56734
37,2314 26,77598 22,38432
34,3831 27,10976 22,49558
40,4866 27,10659 23,05825
35,1969 26,88406 22,5687
39,2659 26,60114 22,06007
40,48661 27,26236 22,87069
40,0797 27,8886 23,44289
38,859 27,64065 23,23309
39,6728 27,77098 23,59389
40,0797 28,6579 24,20425
40,69006 29,17924 24,66837
37,43484 27,84728 23,66542
48,82813 28,59749 24,56029
42,31767 29,55753 25,11342
42,72458 30,36497 25,3868
43,94529 30,21874 25,66178
42,72458 31,29955 26,1259
44,75908 30,69239 26,07821
44,35219 32,12926 26,45173
41,91077 31,89401 27,18606
47,81088 32,82226 27,91562
46,99707 33,89991 28,77234
44,55565 33,36903 28,33841
47,81087 33,04795 27,798
47,20052 34,13514 29,04889
44,14873 33,55658 28,67696
43,33493 32,93352 28,28596
44,75909 33,53115 28,24463
47,20052 34,52615 29,82298
46,59017 35,8613 30,11225
50,86266 36,27456 31,59521
53,10063 36,0425 30,32205
45,36946 35,31452 29,84363
55,13515 36,75775 31,80025
52,69371 36,88173 31,46646
45,97982 35,4226 30,65742
56,15241 36,91986 31,11678
52,69373 36,52887 31,31388
54,32135 38,28682 32,71896
51,06611 37,75912 31,89245
57,57657 38,32494 33,01776
48,21778 37,52386 33,0734
49,23504 40,22912 34,84404
56,76277 40,66465 35,06819
51,26956 38,82086 33,14811
54,72825 39,10379 32,84134
54,11788 39,8572 34,01754
48,42123 39,61877 34,54365
55,94894 40,51841 35,77866
55,94897 40,8522 35,92647
52,49027 40,58197 34,92511
56,76277 41,3036 35,41784
53,30408 42,38443 36,03295
63,06977 42,73093 36,74822
55,3386 41,48161 35,21121
65,71465 40,88398 34,88855
55,33859 42,14919 36,85946
54,52479 42,24773 36,05838
48,62469 36,86266 32,02914
56,15241 41,69778 36,1331
57,78002 42,44484 35,79136
55,94896 43,3381 37,48413
52,49028 43,07425 37,52707
54,72824 42,99159 37,47618
61,64562 43,50024 37,07724
59,40764 42,48616 36,97709
55,54206 44,23139 38,18349
55,3386 43,91667 38,14692
63,68014 43,21731 37,58109
55,94896 43,87535 37,13763
59,40765 43,54791 37,65578
53,10062 44,80995 39,54248
60,22145 44,81313 38,36471
58,39038 45,06744 38,87968
57,16967 44,33311 38,76047
62,45942 44,76226 39,1165
57,16968 43,81495 38,83834
56,76276 43,74501 37,66852
59,6111 44,63194 38,63649
55,54205 43,354 36,76252
53,30408 44,84492 39,5854
56,35586 44,67008 38,2884
56,55931 41,55473 36,14898
57,37312 43,20459 37,00093
53,71098 44,41893 38,59515
56,96622 45,65237 38,89399
58,79729 44,49842 38,67464
58,18692 44,07244 37,76547
58,59383 45,10877 39,4042
55,94896 44,78134 39,36128
69,98715 47,44849 40,0241
55,94896 45,80497 40,78069
64,08704 47,09244 41,20985
56,96622 45,15646 40,19098
57,98349 46,08472 39,94303
63,27324 46,9462 40,30544
