0,8138021 0,4259747 0,312329
0,8138021 0,4339222 0,315508
1,017253 0,4847851 0,3560397
1,017253 0,4466379 0,3441187
0,8138021 0,4498168 0,348887
1,220703 0,4720694 0,3711391
1,017253 0,491143 0,3949805
1,017253 0,4752483 0,3782915
1,220703 0,5038587 0,3989543
1,017253 0,5022693 0,3973649
1,627604 0,5229319 0,4259744
1,220703 0,5435945 0,427564
1,627604 0,5801516 0,4561737
1,220703 0,596046 0,4704786
1,220703 0,6151193 0,4887571
1,627604 0,6564456 0,5110092
1,424154 0,7486341 0,5785624
1,220703 0,766118 0,6031995
1,627604 0,8281072 0,6453208
2,034505 0,8567178 0,662805
1,831055 0,9473178 0,7120782
2,034505 0,9822859 0,7557881
3,051758 1,068115 0,7915494
3,255209 1,122156 0,8368483
3,051758 1,16507 0,8471792
3,051758 1,271565 0,9179108
3,86556 1,330377 0,9759265
6,306966 1,554489 1,104672
6,306966 1,711844 1,202425
7,120767 2,04881 1,446406
7,120767 2,257029 1,593431
6,103516 2,557437 1,827875
7,527668 2,827644 2,04722
6,510416 3,131231 2,239544
8,544919 3,627141 2,536772
18,31056 4,116694 2,85705
23,39681 4,709562 3,232956
17,49676 5,113285 3,560385
25,22786 5,992254 4,126232
22,98991 7,079443 4,83672
20,75196 8,066497 5,440714
19,93816 9,6639 6,474654
27,66925 12,13074 8,21193
40,89351 14,8646 10,81229
35,1969 17,77809 13,80285
42,31767 19,83165 15,54966
41,50386 22,18723 17,7137
40,69006 24,4983 19,58689
39,87625 27,63905 21,85185
48,21778 32,7571 27,05175
45,36945 33,20533 28,69366
42,92803 33,60428 28,71512
46,59017 35,46235 30,35146
51,06611 36,07428 31,36554
48,01433 35,71507 31,32977
46,99707 36,34766 31,78276
47,20052 36,92939 32,43761
52,69373 37,46186 32,32476
50,6592 37,61446 32,17457
46,79362 36,70845 32,99155
55,74551 37,25683 33,03445
48,82814 38,85106 33,89038
49,4385 38,89079 34,11848
51,87992 39,4026 34,47292
50,04885 38,95596 33,9468
57,57658 39,39308 33,64958
58,39038 39,92712 35,40275
56,96622 39,52499 35,38607
51,06611 40,04315 35,41865
50,65921 39,44869 34,67717
52,28682 40,28476 35,84939
52,49028 39,61082 35,65468
52,49028 40,92372 36,4073
54,9317 40,4898 35,8176
57,57658 40,39918 35,81838
53,71099 40,30225 35,51561
52,89717 41,16054 36,94455
53,50754 40,96823 36,08304
56,35587 41,07631 35,44329
56,96622 40,87762 36,57102
50,86266 40,57245 36,75458
54,9317 40,11945 35,41945
53,50754 41,79157 36,29285
51,67647 40,83788 35,79774
52,28682 40,58675 36,32225
52,28682 40,62648 35,41945
56,35587 41,28771 35,93125
54,72825 41,14782 36,2253
58,79729 41,68029 36,74267
58,18694 42,22074 37,08442
52,49028 40,79338 35,39242
54,32135 41,21301 36,46054
55,74551 41,15578 36,79988
56,96622 41,79793 36,88493
52,28682 41,48479 36,81658
55,3386 41,72639 37,1146
55,74551 42,7246 37,93159
55,3386 41,56744 36,77922
53,71099 41,22413 36,9032
54,32135 41,41645 36,48438
53,50754 41,52295 36,15616
60,22145 41,92826 37,2362
51,47301 41,68347 37,0669
54,72825 42,01727 36,74983
53,50754 41,4085 37,38005
53,50754 42,03635 37,28707
50,86266 42,03635 37,27595
57,37313 42,07608 37,05024
54,5248 42,22232 37,22746
60,22145 42,1937 37,2505
53,91444 41,59447 36,52014
61,23872 42,64989 37,4945
65,1043 42,76591 37,91092
57,16967 42,9646 38,14059
66,93537 42,29065 37,68919
56,35587 42,11583 37,49131
62,05252 43,15534 38,78673
54,72825 42,3749 37,75198
58,79729 42,91691 37,71303
63,06978 42,82473 37,5827
54,9317 42,47345 37,94191
52,08337 41,82653 37,23382
56,96622 42,30973 37,47781
56,35587 42,78021 38,03968
55,74551 42,61649 37,23223
61,23872 42,89785 37,75674
59,20419 41,94575 36,48994
56,76277 43,05202 38,22404
53,50754 42,52748 37,31644
52,28682 42,41307 37,57555
56,35587 42,64035 37,41184
54,9317 42,63556 37,59938
63,27324 42,61333 38,10246
60,018 43,2841 38,30591
57,57657 42,96937 38,34246
55,54206 42,91372 37,82032
54,32134 42,65147 37,56284
54,32135 41,46253 36,90241
55,94896 43,12195 38,56262
59,6111 43,26818 38,25265
54,11789 42,8311 38,13266
59,81455 42,38602 37,91093
53,91444 42,33038 37,6558
52,28682 42,31291 37,33076
62,45943 42,84221 37,71383
58,18694 42,42258 38,06273
59,20419 43,26183 38,09928
56,15241 43,49867 37,7949
63,06978 42,53862 37,87914
56,76277 43,92941 38,17479
55,74551 43,27773 38,34565
54,32135 42,85015 37,87675
60,22145 43,99458 38,47757
