0,6103516 0,254313 0,2002718
0,8138021 0,3147127 0,2320611
0,6103516 0,2702076 0,211398
0,6103516 0,2861023 0,2161664
0,8138021 0,3210706 0,2447768
0,6103516 0,2924602 0,2257032
0,6103516 0,3210706 0,2384189
0,6103516 0,2956391 0,2241137
0,8138021 0,3210706 0,2400084
0,6103516 0,2924601 0,2257032
0,6103516 0,301997 0,2257032
0,6103516 0,2861023 0,2225242
0,6103516 0,2988181 0,2336505
0,6103516 0,2924602 0,2177559
0,6103516 0,3019969 0,232061
0,6103516 0,3274285 0,2368295
0,4069011 0,2797444 0,2129875
0,6103516 0,3019969 0,2193453
0,6103516 0,2892812 0,2241137
0,6103516 0,3465019 0,2495452
0,6103516 0,3147127 0,2415979
0,8138021 0,3115338 0,2368295
0,6103516 0,298818 0,2368294
0,6103516 0,2765655 0,2161664
0,6103516 0,3115338 0,2320611
0,6103516 0,301997 0,2241137
0,6103516 0,301997 0,2257032
0,6103516 0,3178917 0,2431873
1,017253 0,3433231 0,2574925
0,8138021 0,2924601 0,2225243
0,6103516 0,3083549 0,2225243
0,6103516 0,3019969 0,2241137
0,6103516 0,2924601 0,2145769
0,6103516 0,3147127 0,23524
0,8138021 0,3019969 0,2225243
0,4069011 0,2988181 0,2193454
0,6103516 0,3274285 0,2511347
0,6103516 0,3242495 0,23524
0,6103516 0,2924602 0,2098086
0,6103516 0,3051759 0,2288821
0,6103516 0,2861022 0,2225242
0,6103516 0,3083548 0,2384189
0,6103516 0,3083548 0,2304716
0,6103516 0,3115338 0,2336505
0,6103516 0,3115338 0,23524
0,4069011 0,301997 0,2177559
0,6103516 0,3274285 0,2400084
0,6103516 0,2861023 0,2145769
0,6103516 0,3083548 0,2415978
0,8138021 0,3115338 0,2336505
0,6103516 0,2765655 0,2082191
0,6103516 0,2797444 0,2161664
0,8138021 0,3051759 0,2288821
0,6103516 0,2956391 0,2304716
0,6103516 0,3147127 0,2272927
0,6103516 0,3051759 0,2288821
0,6103516 0,298818 0,23524
0,6103516 0,2829233 0,2129875
0,6103516 0,2861023 0,2288821
0,6103516 0,2956391 0,23524
0,6103516 0,301997 0,2272927
0,6103516 0,3115338 0,2320611
0,6103516 0,301997 0,2336505
0,6103516 0,3210706 0,2415979
0,6103516 0,3019969 0,2272927
0,6103516 0,3178917 0,2463662
0,6103516 0,301997 0,2257032
0,6103516 0,3369653 0,2495452
0,6103516 0,3178917 0,2463662
0,6103516 0,3115338 0,2304716
0,6103516 0,3178916 0,2447768
0,6103516 0,3147127 0,2320611
0,6103516 0,3178917 0,2463662
0,6103516 0,3115337 0,2415978
0,8138021 0,3147127 0,2257032
0,6103516 0,3115337 0,2431873
0,6103516 0,298818 0,2415978
0,6103516 0,3306074 0,2479557
0,6103516 0,3210706 0,2304716
0,6103516 0,301997 0,2288821
0,8138021 0,2702076 0,2161664
0,8138021 0,3242495 0,2463663
0,6103516 0,3306074 0,2368295
0,6103516 0,3306074 0,2495452
0,6103516 0,3083548 0,2320611
0,8138021 0,3147127 0,2336505
0,6103516 0,3147127 0,2304716
0,8138021 0,3115338 0,2304716
0,6103516 0,3560386 0,2590818
0,6103516 0,3306074 0,2511346
0,6103516 0,3178917 0,2463662
0,8138021 0,3242495 0,23524
0,6103516 0,2924601 0,2368294
0,8138021 0,2861023 0,2241137
0,8138021 0,3337863 0,2495452
0,6103516 0,3306074 0,2431874
0,6103516 0,3115338 0,2288821
0,6103516 0,2892812 0,2225243
0,6103516 0,3147127 0,2384189
0,6103516 0,2829233 0,2241137
0,8138021 0,2924601 0,23524
0,6103516 0,3560387 0,2638502
0,6103516 0,2861023 0,2145769
0,6103516 0,3433231 0,2479557
0,6103516 0,3623965 0,2622607
0,8138021 0,3401442 0,2543136
0,6103516 0,343323 0,2638502
0,4069011 0,2988181 0,2320611
0,8138021 0,3623965 0,2702079
0,6103516 0,3369653 0,2622608
0,8138021 0,3465019 0,2654396
0,6103516 0,3210706 0,2447768
0,6103516 0,3083549 0,2447768
0,6103516 0,3147127 0,23524
0,6103516 0,3337863 0,2479557
0,6103516 0,3083548 0,2431873
0,6103516 0,3306074 0,255903
0,8138021 0,378291 0,2797446
0,8138021 0,375112 0,2749762
0,8138021 0,3751121 0,2765657
0,6103516 0,3496809 0,2590819
1,017253 0,3401442 0,2622608
0,8138021 0,3433231 0,2606713
0,6103516 0,2956391 0,2384189
0,6103516 0,3369652 0,2543135
0,6103516 0,3687542 0,2765657
0,6103516 0,301997 0,2304716
0,8138021 0,3655754 0,2686185
0,6103516 0,2924602 0,2288821
1,017253 0,3719332 0,2733868
0,6103516 0,3369653 0,2622608
0,6103516 0,3242495 0,2415979
0,6103516 0,3306074 0,2574925
0,6103516 0,3655753 0,2749763
0,6103516 0,3592176 0,2797446
0,6103516 0,3592175 0,2717974
1,017253 0,3528598 0,2606713
0,6103516 0,3687542 0,2733868
0,8138021 0,3496809 0,270208
0,6103516 0,3433231 0,2511346
0,8138021 0,3210706 0,2527241
0,8138021 0,375112 0,2749762
0,6103516 0,3592175 0,2749763
0,6103516 0,3401442 0,2670291
0,6103516 0,3083549 0,2431873
0,8138021 0,3973643 0,2892812
0,8138021 0,3274284 0,2574924
0,6103516 0,3782909 0,281334
0,6103516 0,3846487 0,2845128
0,6103516 0,375112 0,2749762
0,6103516 0,3941854 0,2924601
0,8138021 0,3846487 0,2845128
0,8138021 0,3878277 0,2861023
0,6103516 0,3941854 0,2972284
0,8138021 0,3623964 0,2733868
0,6103516 0,3751121 0,2829235
0,8138021 0,3751121 0,281334
1,017253 0,3910065 0,2924601
0,8138021 0,378291 0,2892812
1,017253 0,4005432 0,2972284
0,8138021 0,4037222 0,2876917
0,6103516 0,3719331 0,281334
0,6103516 0,3687542 0,2765657
1,017253 0,4450479 0,3242488
0,6103516 0,3623965 0,2765657
0,6103516 0,4005432 0,2956389
0,6103516 0,4482267 0,317891
0,6103516 0,4259744 0,3115333
0,6103516 0,4323322 0,3163015
0,8138021 0,43869 0,317891
0,8138021 0,4227955 0,3099438
0,6103516 0,4418689 0,3385537
0,8138021 0,4673001 0,346501
0,8138021 0,4482267 0,3337854
0,8138021 0,4641213 0,346501
0,8138021 0,4831947 0,3560378
0,8138021 0,4609423 0,3337854
0,8138021 0,4863735 0,3687536
0,8138021 0,4704791 0,3528589
0,8138021 0,4641213 0,34968
0,8138021 0,470479 0,3560378
1,017253 0,4800158 0,3703431
0,8138021 0,5118049 0,3878272
0,8138021 0,4641213 0,3496799
1,017253 0,505447 0,4053114
1,017253 0,5022681 0,3751114
0,8138021 0,4831946 0,3655747
1,017253 0,5340575 0,3989534
1,017253 0,5022681 0,3862377
1,017253 0,5499521 0,424385
1,017253 0,505447 0,3830588
0,8138021 0,4895525 0,3878272
1,017253 0,5276996 0,4132587
0,8138021 0,5149839 0,3957745
0,8138021 0,5340574 0,4069008
0,8138021 0,5213417 0,4259746
0,8138021 0,5340575 0,4339219
1,220703 0,5499521 0,4402798
1,017253 0,5245206 0,4132587
1,017253 0,5245206 0,4355114
1,220703 0,603994 0,4752481
1,017253 0,5467733 0,427564
1,017253 0,5467733 0,4418693
1,017253 0,5499521 0,4545851
1,017253 0,5912783 0,4673008
1,220703 0,6167096 0,4895533
1,220703 0,5753836 0,4450481
1,017253 0,559489 0,4498166
1,017253 0,5912783 0,4657113
1,017253 0,5658469 0,4466377
1,017253 0,5690258 0,4450482
1,220703 0,5785626 0,4561745
1,220703 0,6389619 0,492732
1,017253 0,5658469 0,454585
1,220703 0,6357831 0,4975005
1,017253 0,6930033 0,5356476
1,017253 0,6898244 0,5356476
1,017253 0,6866455 0,5340582
1,220703 0,7184347 0,5483631
1,220703 0,7088979 0,5817412
1,017253 0,6707509 0,5451841
1,424154 0,747045 0,5817414
1,017253 0,785192 0,627835
1,424154 0,7597607 0,624656
1,424154 0,7756553 0,6214772
1,220703 0,7947287 0,6103513
1,627604 0,7565818 0,631014
1,424154 0,7851921 0,6373717
1,220703 0,8360544 0,6723397
1,424154 0,8201599 0,6596242
1,424154 0,8042654 0,6612136
1,424154 0,845591 0,6755187
1,424154 0,87738 0,7136658
1,424154 0,9123478 0,7216128
1,424154 0,9059901 0,7422759
1,627604 0,9282423 0,7375074
1,424154 1,007716 0,8138021
1,627604 1,014073 0,8106231
1,627604 1,0554 0,8630757
1,627604 1,049042 0,8551285
1,831055 1,166662 0,9314225
2,034505 1,125336 0,9218861
2,034505 1,220703 0,9791064
1,627604 1,185735 0,9568539
2,034505 1,252492 1,028379
2,034505 1,239776 1,022022
2,034505 1,274744 1,079241
2,644857 1,436869 1,174607
2,237956 1,446406 1,19845
2,034505 1,516343 1,236597
2,441406 1,49409 1,247724
3,051758 1,564026 1,303356
2,848307 1,595816 1,343092
2,441406 1,688004 1,393955
2,644857 1,691183 1,414618
2,441406 1,732509 1,481375
2,848307 1,713435 1,443228
3,051758 1,796086 1,511574
2,644857 1,792907 1,511573
2,848307 1,846948 1,552899
3,051758 1,980463 1,664161
2,848307 1,983642 1,646677
3,051758 1,955032 1,684824
3,051758 1,856485 1,616477
3,051758 1,923242 1,63714
2,848307 2,066295 1,753172
3,458659 2,244314 1,861255
3,255208 2,225241 1,923244
3,662109 2,237956 1,880328
4,069011 2,387363 1,988411
3,458659 2,358753 2,007484
3,458659 2,342859 1,985232
3,255208 2,438226 2,102851
3,662109 2,571743 2,217292
3,86556 2,574922 2,231598
4,272461 2,686184 2,269745
3,66211 2,686184 2,309481
3,458659 2,6989 2,31107
4,679362 2,880096 2,425512
3,86556 2,784729 2,425514
3,86556 2,902347 2,527237
4,272461 2,950031 2,552668
3,86556 2,886452 2,522468
3,86556 2,911884 2,509754
4,272461 3,1662 2,738634
5,493164 3,197989 2,730688
3,86556 2,994536 2,614656
5,086263 3,163021 2,727508
4,882813 3,201169 2,773603
4,679362 3,248852 2,776781
4,27246 3,271105 2,832413
4,679362 3,31243 2,84354
4,475912 3,410974 2,973874
4,679362 3,385543 2,975465
5,086263 3,445942 3,000896
5,086263 3,484089 3,070831
5,493165 3,563562 3,075599
4,475912 3,39508 2,953212
5,086263 3,484089 3,010432
4,882812 3,506341 3,012022
5,289714 3,592172 3,107388
5,086263 3,617604 3,123283
4,475912 3,56992 3,074009
4,679362 3,643036 3,178914
5,900065 3,585814 3,083546
5,289713 3,66211 3,180503
4,882813 3,668467 3,212292
5,289714 3,754298 3,286998
5,289713 3,824233 3,274281
5,086263 3,795624 3,329913
5,289713 3,824234 3,30925
5,493165 4,008611 3,471375
5,493164 3,980001 3,45707
5,696614 4,005431 3,461838
5,493165 4,148483 3,623962
5,900065 4,107156 3,609657
6,306966 4,399618 3,779728
5,696615 4,288356 3,692309
5,696614 4,329683 3,827414
6,103516 4,507701 3,929138
5,696615 4,393261 3,800392
6,306965 4,609424 4,037221
5,900065 4,669824 4,097619
5,900066 4,727046 4,143714
7,120767 4,876455 4,235903
6,510417 4,924139 4,29948
6,306966 4,866919 4,237494
6,713867 5,133945 4,525183
6,306965 5,00997 4,27246
7,73112 5,025865 4,523595
6,510417 5,089442 4,418692
7,120769 5,191164 4,56174
7,527669 5,257923 4,630086
6,917317 5,23567 4,577635
6,917318 5,483628 4,757247
6,917317 5,318323 4,604658
7,324219 5,613964 4,932087
6,510417 5,321502 4,62532
8,544921 5,505881 4,742939
6,713868 5,534492 4,862151
6,917318 5,547207 4,841488
7,120769 5,464554 4,790623
6,713867 5,566278 4,913013
8,748372 5,62668 4,920961
7,324218 5,747477 5,021095
7,324219 6,004967 5,06083
7,731121 5,954103 5,083081
8,544921 6,052652 5,186397
8,951823 6,297429 5,308788
8,544923 6,484987 5,588533
8,544923 6,348291 5,49475
12,00358 6,796519 5,861919
9,155274 7,123949 6,066957
9,155274 7,209778 6,141663
9,155272 7,197061 6,270409
9,562174 7,683437 6,747246
9,562174 7,76291 6,594659
10,17253 8,026758 7,036527
10,37598 8,185705 6,995201
10,37598 8,166632 7,177988
14,03809 8,281075 7,273359
11,18978 8,293788 7,201832
10,57943 8,370081 7,282892
11,18978 8,630753 7,457734
11,39323 8,780163 7,599195
13,02083 8,837382 7,677079
12,20703 8,722939 7,588067
11,80013 8,627572 7,403689
10,98633 8,611677 7,394155
12,00358 8,869174 7,665956
10,37598 8,738835 7,723173
13,02083 8,79288 7,785162
13,22428 8,999509 7,751783
10,57943 8,821489 7,742246
13,22428 8,853278 7,610323
11,59668 9,015399 7,880529
11,39323 8,913677 7,777216
13,42774 8,726123 7,630986
12,81738 8,811952 7,626215
12,81738 9,355545 8,004505
12,41048 9,212491 8,149145
14,24154 8,93275 7,907549
13,02083 8,916857 7,483166
14,03809 9,358727 8,176168
12,41048 9,396874 8,281074
12,61393 9,377798 8,16822
13,02083 9,056729 7,809005
12,81738 9,320579 8,161864
14,64844 9,336473 8,273124
12,41048 9,231564 7,964767
15,05534 9,450914 8,241334
12,20703 9,435019 8,153914
13,22428 9,479523 8,133252
13,02083 9,689332 8,358957
15,25879 9,96272 8,412997
13,42773 9,822844 8,500417
12,00358 9,466807 8,217492
12,20703 9,829203 8,649826
13,22428 9,860995 8,67049
12,61393 10,09623 8,762676
12,81738 9,771983 8,575122
12,61393 10,252 8,597374
13,63119 10,19478 8,86917
12,81738 10,14392 8,738838
12,61393 9,978615 8,883476
13,42773 10,52539 8,948647
14,24154 10,66526 9,145737
13,63118 10,50949 9,191832
13,63119 10,32829 8,888244
14,24154 10,32511 8,770623
13,42773 10,38551 9,058316
13,83463 10,56353 9,155274
13,83463 10,79242 9,282434
13,63119 10,80831 9,3174
12,81738 10,22657 8,848505
14,03809 10,35054 9,064672
13,02083 10,17571 8,845328
13,42773 10,15663 8,897778
14,64844 10,71294 9,353953
13,83464 10,85599 9,441378
13,63119 10,73202 9,220442
15,46224 10,92911 9,501774
14,03809 11,45999 9,984971
15,46224 11,08805 9,47475
15,46224 11,18978 9,833975
14,85189 11,39641 9,848278
16,27604 11,27243 9,657542
14,64844 11,34554 9,856226
17,29329 11,91775 10,36485
14,85189 12,05762 10,47293
15,25879 11,91139 10,39664
16,07259 11,90503 10,44432
15,25879 11,45363 9,943642
15,66569 12,25789 10,80513
17,08985 11,62529 9,945233
16,27604 12,45817 10,75744
15,25879 11,58397 9,946826
17,08984 11,92411 10,11213
16,88639 12,11166 10,46817
15,05534 11,94636 10,45068
14,24154 12,00676 10,57306
15,05534 12,33101 10,48724
16,88639 12,96679 11,33283
15,86914 12,70612 11,04355
17,90365 12,22293 10,5985
19,53125 12,19114 10,48883
17,49674 12,35644 10,65731
15,86914 12,35326 10,68592
16,27604 12,50267 10,73201
16,88639 12,7093 10,99745
16,47949 12,85235 11,14368
16,88639 12,36598 10,68751
16,07259 12,60122 11,08805
17,29329 12,09577 10,30127
16,07259 12,57896 10,86871
16,47949 12,53128 10,78288
16,88639 12,59803 11,00858
15,46224 12,48359 10,76062
17,08984 12,82692 11,10236
18,31055 12,9954 11,12143
16,47949 12,41366 10,83851
17,49675 13,09077 11,15004
18,1071 13,237 11,5172
16,27604 12,67433 10,83214
22,58301 13,24018 11,30263
16,27604 13,31647 11,51244
18,71745 13,26879 11,50608
18,514 13,68523 11,77788
17,29329 13,90139 12,01471
18,1071 14,44181 12,42002
19,12435 14,30194 12,31194
19,12435 14,76288 12,73632
18,1071 14,15253 12,6044
19,7347 15,1507 12,82692
18,71745 14,54035 12,11485
20,34505 15,15071 13,15435
21,15885 15,19839 13,04944
18,514 15,24925 12,93341
18,31055 15,30329 13,15753
18,514 15,23018 13,21793
19,12435 15,01402 12,94454
21,76921 15,4686 13,13845
22,37956 16,20928 14,03808
20,5485 15,71655 13,56761
20,75196 15,4082 12,94295
20,1416 15,4686 13,41184
19,93815 14,68976 12,61234
20,34506 15,20475 13,32918
18,9209 15,45588 13,43886
19,12435 14,75016 12,41843
20,1416 15,85325 13,89027
23,19336 16,18386 13,91252
21,56575 16,5081 14,07623
21,56575 15,50357 13,20998
19,53125 14,82646 12,74586
19,3278 15,04263 13,08918
20,9554 16,47631 13,69635
25,22786 16,24743 13,89663
22,78646 15,83099 13,53582
20,34505 16,15206 13,91569
19,93815 15,83099 13,38323
