0 0 0
0,1708984 0,005340576 0,002670288
0,3417969 0,008010864 0,004005432
0,1708984 0,002670288 0,001335144
0,1708984 0,002670288 0,001335144
0 0 0
0,1708984 0,002670288 0,001335144
0,1708984 0,002670288 0,001335144
0,3417969 0,005340576 0,002670288
0,1708984 0,008010864 0,004005432
0,1708984 0,002670288 0,001335144
0,1708984 0,002670288 0,001335144
0 0 0
0 0 0
0 0 0
0 0 0
0,1708984 0,005340576 0,002670288
0 0 0
0 0 0
0,1708984 0,002670288 0,001335144
0,1708984 0,002670288 0,001335144
0,1708984 0,002670288 0,001335144
0,3417969 0,005340576 0,002670288
0,1708984 0,005340576 0,002670288
0 0 0
0 0 0
0,1708984 0,008010864 0,004005432
0,1708984 0,005340576 0,002670288
0 0 0
0,1708984 0,005340576 0,002670288
0,3417969 0,008010864 0,004005432
0 0 0
0 0 0
0,1708984 0,002670288 0,001335144
0 0 0
0 0 0
0,1708984 0,002670288 0,001335144
0,3417969 0,008010864 0,004005432
0,1708984 0,005340576 0,002670288
0,1708984 0,002670288 0,001335144
0 0 0
0 0 0
0,1708984 0,005340576 0,002670288
0,1708984 0,002670288 0,001335144
0 0 0
0,1708984 0,002670288 0,001335144
0,1708984 0,002670288 0,001335144
0 0 0
0,1708984 0,002670288 0,001335144
0 0 0
0,1708984 0,002670288 0,001335144
0 0 0
0 0 0
0 0 0
0 0 0
0,1708984 0,005340576 0,002670288
0,1708984 0,002670288 0,001335144
0,1708984 0,002670288 0,001335144
0 0 0
0,1708984 0,002670288 0,001335144
0,1708984 0,005340576 0,002670288
0,1708984 0,002670288 0,001335144
0 0 0
0 0 0
0 0 0
0 0 0
0,1708984 0,002670288 0,001335144
0 0 0
0 0 0
0 0 0
0 0 0
0,5126953 0,008010864 0,004005432
0,3417969 0,005340576 0,002670288
0,3417969 0,005340576 0,002670288
0,1708984 0,002670288 0,001335144
0 0 0
0,3417969 0,005340576 0,002670288
0,1708984 0,002670288 0,001335144
0,1708984 0,002670288 0,001335144
0,3417969 0,008010864 0,004005432
0 0 0
0,1708984 0,002670288 0,001335144
0 0 0
0,1708984 0,002670288 0,001335144
0,3417969 0,005340576 0,002670288
0,1708984 0,002670288 0,001335144
0,1708984 0,002670288 0,001335144
0,1708984 0,002670288 0,001335144
0 0 0
0,1708984 0,002670288 0,001335144
0,1708984 0,005340576 0,002670288
0,3417969 0,005340576 0,002670288
0,1708984 0,002670288 0,001335144
0,1708984 0,002670288 0,001335144
0 0 0
0 0 0
0,3417969 0,008010864 0,004005432
0 0 0
0,1708984 0,002670288 0,001335144
0 0 0
0,3417969 0,005340576 0,002670288
0 0 0
0 0 0
0 0 0
0,1708984 0,002670288 0,001335144
0,1708984 0,002670288 0,001335144
0,3417969 0,005340576 0,002670288
0,1708984 0,002670288 0,001335144
0 0 0
0,1708984 0,002670288 0,001335144
0,1708984 0,002670288 0,001335144
0 0 0
0,1708984 0,002670288 0,001335144
0 0 0
0,1708984 0,005340576 0,002670288
0,3417969 0,005340576 0,002670288
0 0 0
0 0 0
0 0 0
0 0 0
0 0 0
0 0 0
0,1708984 0,002670288 0,001335144
0,1708984 0,002670288 0,001335144
0 0 0
0 0 0
0 0 0
0 0 0
0 0 0
0 0 0
0 0 0
0 0 0
0,1708984 0,002670288 0,001335144
0 0 0
0,1708984 0,002670288 0,001335144
0,1708984 0,002670288 0,001335144
0 0 0
0 0 0
0 0 0
0,1708984 0,002670288 0,001335144
0,1708984 0,002670288 0,001335144
0 0 0
0 0 0
0,1708984 0,005340576 0,002670288
0 0 0
0,1708984 0,002670288 0,001335144
0 0 0
0 0 0
0 0 0
0,3417969 0,005340576 0,002670288
0 0 0
0,1708984 0,002670288 0,001335144
0,1708984 0,002670288 0,001335144
0,1708984 0,005340576 0,002670288
0 0 0
0 0 0
0 0 0
0 0 0
0 0 0
0,1708984 0,005340576 0,002670288
0,1708984 0,002670288 0,001335144
0,3417969 0,008010864 0,004005432
0 0 0
0 0 0
0,1708984 0,002670288 0,001335144
0 0 0
0,3417969 0,008010864 0,004005432
0 0 0
0 0 0
0,1708984 0,002670288 0,001335144
0,1708984 0,002670288 0,001335144
0 0 0
0,1708984 0,002670288 0,001335144
0 0 0
0 0 0
0 0 0
0,1708984 0,002670288 0,001335144
0 0 0
0 0 0
0 0 0
0 0 0
0 0 0
0 0 0
0 0 0
0,1708984 0,002670288 0,001335144
0 0 0
0,1708984 0,002670288 0,001335144
0 0 0
0 0 0
0,1708984 0,002670288 0,001335144
0 0 0
0,1708984 0,002670288 0,001335144
0,1708984 0,005340576 0,002670288
0 0 0
0,1708984 0,002670288 0,001335144
0 0 0
0,1708984 0,002670288 0,001335144
0,1708984 0,002670288 0,001335144
0,1708984 0,002670288 0,001335144
0,1708984 0,005340576 0,002670288
0,3417969 0,005340576 0,002670288
0,1708984 0,005340576 0,002670288
0 0 0
0,1708984 0,002670288 0,001335144
0 0 0
0,1708984 0,005340576 0,002670288
0,1708984 0,005340576 0,002670288
0 0 0
0,1708984 0,005340576 0,002670288
0,3417969 0,005340576 0,002670288
0 0 0
0 0 0
0,1708984 0,002670288 0,001335144
0,1708984 0,002670288 0,001335144
0,1708984 0,008010864 0,004005432
0,1708984 0,008010864 0,004005432
0,1708984 0,008010864 0,004005432
0,1708984 0,002670288 0,001335144
0,1708984 0,002670288 0,001335144
0,1708984 0,002670288 0,001335144
0,3417969 0,005340576 0,002670288
0 0 0
0 0 0
0,1708984 0,002670288 0,001335144
0 0 0
0,1708984 0,005340576 0,002670288
0,1708984 0,002670288 0,001335144
0,1708984 0,002670288 0,001335144
0 0 0
0 0 0
0,1708984 0,005340576 0,002670288
0,1708984 0,002670288 0,001335144
0,1708984 0,002670288 0,001335144
0,1708984 0,005340576 0,002670288
0 0 0
0 0 0
0,1708984 0,002670288 0,001335144
0,1708984 0,002670288 0,001335144
0,1708984 0,008010864 0,004005432
0 0 0
0,3417969 0,005340576 0,002670288
0 0 0
0 0 0
0 0 0
0,1708984 0,002670288 0,001335144
0 0 0
0 0 0
0 0 0
0,3417969 0,005340576 0,002670288
0,1708984 0,002670288 0,001335144
0,1708984 0,002670288 0,001335144
0,1708984 0,002670288 0,001335144
0,1708984 0,002670288 0,001335144
0,1708984 0,005340576 0,002670288
0 0 0
0 0 0
0 0 0
0,1708984 0,002670288 0,001335144
0 0 0
0,1708984 0,005340576 0,002670288
0,3417969 0,008010864 0,004005432
0,1708984 0,002670288 0,001335144
0,1708984 0,002670288 0,001335144
0 0 0
0,3417969 0,005340576 0,002670288
0,1708984 0,002670288 0,001335144
0 0 0
0 0 0
0 0 0
0 0 0
0,3417969 0,01068115 0,005340576
0 0 0
0 0 0
0,1708984 0,002670288 0,001335144
0,1708984 0,005340576 0,002670288
0,1708984 0,002670288 0,001335144
0,1708984 0,002670288 0,001335144
0,1708984 0,002670288 0,001335144
0,1708984 0,01068115 0,005340576
0 0 0
0,1708984 0,002670288 0,001335144
0,1708984 0,002670288 0,001335144
0,3417969 0,008010864 0,004005432
0 0 0
0,1708984 0,002670288 0,001335144
0,1708984 0,002670288 0,001335144
0 0 0
0 0 0
0 0 0
0,1708984 0,002670288 0,001335144
0,1708984 0,008010864 0,004005432
0 0 0
0 0 0
0,3417969 0,008010864 0,004005432
0 0 0
0 0 0
0 0 0
0 0 0
0,1708984 0,005340576 0,002670288
0,1708984 0,002670288 0,001335144
0,1708984 0,005340576 0,002670288
0 0 0
0 0 0
0,5126953 0,01068115 0,005340576
0,1708984 0,01068115 0,005340576
0,1708984 0,005340576 0,002670288
0,1708984 0,002670288 0,001335144
0 0 0
0 0 0
0 0 0
0,1708984 0,005340576 0,002670288
0 0 0
0 0 0
0,1708984 0,002670288 0,001335144
0,3417969 0,005340576 0,002670288
0 0 0
0 0 0
0,1708984 0,01068115 0,005340576
0,3417969 0,005340576 0,002670288
0,1708984 0,002670288 0,001335144
0,3417969 0,005340576 0,002670288
0,1708984 0,005340576 0,002670288
0 0 0
0 0 0
0 0 0
0,3417969 0,01068115 0,005340576
0,1708984 0,002670288 0,001335144
0,3417969 0,01068115 0,005340576
0,1708984 0,01335144 0,00667572
0,1708984 0,01602173 0,008010864
0,3417969 0,02403259 0,0120163
0,5126953 0,01869202 0,009346008
0,5126953 0,01869202 0,009346008
0,3417969 0,02937317 0,01468658
0,3417969 0,02670288 0,01335144
0,5126953 0,0213623 0,01068115
0,6835938 0,01869202 0,009346008
0,5126953 0,04272461 0,0213623
0,8544922 0,03738403 0,01869202
0,5126953 0,03204346 0,01602173
0,3417969 0,03471375 0,01735687
0,6835938 0,05340576 0,02670288
0,5126953 0,05607605 0,02803802
0,6835938 0,07209778 0,03604889
0,6835938 0,08811951 0,04405975
0,6835938 0,08811951 0,04405975
0,8544922 0,1789093 0,08945465
0,8544922 0,1735687 0,08678436
0,6835938 0,2830505 0,1415253
0,8544922 0,3898621 0,2056122
1,367188 0,4486084 0,2630234
1,367188 0,4619598 0,2670288
1,367188 0,453949 0,2563477
0,8544922 0,4566193 0,2803802
1,196289 0,4646301 0,268364
1,025391 0,5046844 0,296402
1,196289 0,4993439 0,2977371
1,196289 0,5233765 0,2977371
1,025391 0,4806519 0,2897263
1,025391 0,5020142 0,3070831
1,196289 0,5207062 0,315094
1,196289 0,5153656 0,2937317
1,025391 0,4993439 0,2897263
1,196289 0,5313873 0,2977371
1,025391 0,4886627 0,27771
1,367188 0,5420685 0,3097534
1,025391 0,4966736 0,2843857
1,196289 0,5420685 0,3404617
1,025391 0,4859924 0,2737045
1,025391 0,528717 0,3137589
1,025391 0,5073547 0,3004074
1,196289 0,5607605 0,3498077
0,8544922 0,5046844 0,3044128
2,22168 0,5821228 0,3591537
1,025391 0,5500793 0,3311157
1,367188 0,5260468 0,3004074
1,196289 0,5847931 0,3604889
1,367188 0,6034851 0,3858566
1,025391 0,5981445 0,3765106
1,196289 0,5527496 0,3351212
1,367188 0,6141663 0,4005432
1,367187 0,5794525 0,352478
1,367188 0,6408691 0,4032135
1,025391 0,5714417 0,3738403
1,538086 0,6355286 0,4045486
1,367188 0,6542206 0,3965378
1,538086 0,667572 0,4018784
1,367188 0,6702423 0,4219055
1,879883 0,7129669 0,453949
1,196289 0,6568909 0,4018784
1,367187 0,6435394 0,3978729
1,367188 0,6595612 0,4339218
1,708984 0,6889343 0,435257
1,538086 0,6515503 0,3965378
1,367187 0,6942749 0,4259109
1,367188 0,7316589 0,4646301
1,538086 0,7289886 0,4512787
1,538086 0,611496 0,3925323
1,538086 0,6916046 0,4472733
1,196289 0,667572 0,4325867
1,708984 0,7209778 0,4673004
1,538086 0,6835938 0,4472733
1,708984 0,7717133 0,4753113
2,22168 0,7049561 0,4646301
1,367188 0,7183075 0,4459381
1,367188 0,7236481 0,453949
1,708984 0,7450104 0,4606247
1,367188 0,7076263 0,4232407
1,538086 0,8090973 0,528717
2,050781 0,7743835 0,5060196
1,367188 0,8117676 0,5220413
1,538086 0,7556915 0,500679
1,538086 0,7743835 0,4753113
1,538086 0,787735 0,4926682
2,050781 0,7583618 0,4753113
2,221679 0,825119 0,5113602
1,538086 0,7957458 0,5060196
1,708984 0,7770538 0,4779816
2,22168 0,9185791 0,6061554
2,050781 0,92659 0,6048203
1,708984 0,8544922 0,5447388
1,538086 0,9559631 0,6221771
1,708984 0,9132385 0,5968094
2,905274 0,843811 0,5460739
2,563477 0,9719849 0,6448746
1,538086 0,8464813 0,538063
2,734375 0,9666443 0,630188
2,22168 0,963974 0,6355286
2,050781 0,9559631 0,6555557
1,708984 0,8838654 0,5620956
2,050781 0,982666 0,6475449
1,708984 0,8758545 0,5514145
1,879883 0,9853363 0,6528854
1,708984 0,9132385 0,6315231
2,392578 0,9426117 0,5834579
1,879883 0,8678436 0,5620956
1,708984 0,9986877 0,6595612
2,050781 0,9586334 0,6435394
2,050781 0,9906769 0,5981445
2,050781 1,006699 0,6662369
2,22168 0,9052277 0,5834579
2,050781 1,049423 0,6608963
1,708984 0,9078979 0,5821228
1,879883 1,046753 0,6996155
1,879883 1,070786 0,7143021
1,708984 1,054764 0,7196426
2,221679 1,012039 0,6822586
2,050781 1,038742 0,6942749
2,22168 1,078796 0,7196426
2,050781 1,014709 0,6528854
2,22168 1,044083 0,7036209
1,879883 1,065445 0,6996155
2,392578 1,084137 0,6969452
3,076172 1,097488 0,7183075
1,879883 0,9532928 0,5781174
2,22168 1,036072 0,6568909
2,392578 1,057434 0,6408691
1,879883 1,068115 0,6782532
1,538086 1,041412 0,667572
2,050781 1,097488 0,6969452
2,050781 1,161575 0,7450104
1,879883 1,028061 0,6435394
2,050781 1,062775 0,6702423
2,050781 1,156235 0,7476807
2,563477 1,148224 0,7410049
1,879883 1,070786 0,6715775
2,22168 1,118851 0,7329941
2,905273 1,148224 0,7223129
2,050781 1,126862 0,7356644
2,392578 1,255035 0,7957458
2,392578 1,161575 0,7263184
1,879883 1,132202 0,7329941
2,221679 1,164246 0,7276535
3,24707 1,081467 0,6462097
2,221679 1,052094 0,6622314
1,879883 1,078796 0,7009506
2,22168 1,193619 0,750351
2,221679 1,137543 0,7102966
2,392578 1,132202 0,778389
2,563477 1,239014 0,8131027
2,392578 1,289749 0,815773
2,734375 1,225662 0,7984161
2,221679 1,260376 0,7890701
2,563477 1,20163 0,7743835
2,392578 1,172256 0,7556915
2,392578 1,319122 0,9119034
2,392578 1,279068 0,8571625
1,879883 1,129532 0,7410049
2,563477 1,375198 0,8504868
2,905274 1,401901 0,9292603
2,734375 1,313782 0,8785248
3,588867 1,404572 0,9065628
2,392578 1,351166 0,9025574
2,905274 1,500702 0,8918762
3,076172 1,319122 0,8705139
1,879883 1,236343 0,7904053
2,563477 1,321793 0,8104324
2,734375 1,452637 0,9225845
3,076172 1,409912 0,8958817
2,905274 1,417923 0,9105682
2,563477 1,48735 0,9292603
