0,8138021 0,4339221 0,315508
0,8138021 0,4243853 0,3131238
0,8138021 0,4418695 0,3329926
0,8138021 0,4545852 0,3433241
1,017253 0,4657115 0,3568343
1,017253 0,4800167 0,368755
0,8138021 0,467301 0,346503
1,017253 0,4831956 0,3647816
1,017253 0,5086269 0,4084908
1,017253 0,508627 0,3957755
1,017253 0,5038586 0,3965701
1,017253 0,5133952 0,4140538
1,017253 0,5388262 0,4259745
1,017253 0,5769727 0,444253
2,034505 0,6055825 0,4792204
1,627604 0,6691613 0,5125988
1,627604 0,7406869 0,5555144
2,034505 0,7518131 0,5785622
2,644857 0,8392336 0,6500892
2,848307 0,8821495 0,6779047
2,237956 0,9600338 0,7414833
2,237956 1,014075 0,7637354
2,644857 1,095135 0,8273116
2,644857 1,16666 0,8686368
3,255208 1,204807 0,8916841
3,66211 1,335145 0,9640056
3,255208 1,349451 0,9711583
2,848307 1,378061 0,979901
2,848307 1,514753 1,089573
3,051758 1,633961 1,168252
4,679363 1,718202 1,256465
5,086263 1,816749 1,313686
5,493164 1,924833 1,393954
5,493164 2,098084 1,533827
6,103515 2,171197 1,60853
4,882813 2,328555 1,752376
5,696614 2,506577 1,885098
5,493164 2,592407 1,959007
4,882813 2,835589 2,103647
5,493164 2,913473 2,150535
7,120767 3,16461 2,37306
9,35872 3,426871 2,522469
9,15527 3,616015 2,706846
9,969071 3,943442 2,891222
24,00716 4,617372 3,372032
21,36231 4,975 3,638268
19,93816 5,547207 4,018149
24,41406 6,39121 4,638829
25,22786 7,131894 5,261106
30,721 8,522675 6,309351
32,55205 9,714761 6,909367
30,3141 11,15322 7,964771
39,06244 12,96361 9,459654
29,5003 14,66593 11,07773
34,17965 16,2824 12,40413
32,55204 18,26923 14,45135
38,24864 19,77921 15,59258
39,26589 20,80441 16,48109
38,85899 22,32233 17,82258
44,7591 23,05508 18,61731
47,60743 24,00397 19,19747
48,42123 24,53645 19,27217
48,42123 25,7333 20,91566
49,64195 26,21173 19,94053
45,57291 27,41176 21,07858
55,3386 29,71648 22,15385
57,57658 32,69512 23,84742
56,15241 36,7546 28,33763
52,49028 39,45824 31,40924
54,52479 41,73912 34,10576
57,78003 44,11538 36,27776
61,03526 45,91943 38,26699
64,49395 47,65196 40,09168
61,23872 48,42919 40,69725
64,08704 49,64194 42,01889
60,4249 50,39378 44,90773
64,6974 52,42512 44,99918
63,68014 52,7271 46,22938
69,3768 53,88742 46,59337
65,30775 54,40239 47,5502
67,54573 56,11107 48,03502
71,61477 56,19212 50,39217
73,03893 57,28726 49,82713
70,80096 58,51751 51,44759
69,3768 58,31884 51,36333
70,80096 59,3504 53,28262
69,58025 59,24711 53,71494
75,27691 60,7698 54,87922
74,25965 60,88745 55,70735
74,0562 61,65041 55,0239
72,63203 61,66155 55,82419
72,63203 62,28144 55,95929
72,83549 62,39271 55,50473
75,48036 62,12249 56,51086
74,25965 63,08411 56,2907
72,83549 63,1175 56,70475
70,39406 63,3146 57,59168
73,44584 63,82322 57,83965
73,44584 64,05529 57,94852
74,66655 64,13953 56,95272
75,68382 64,43517 57,5122
72,02168 64,3255 58,63754
73,03893 64,39702 58,65264
74,66655 64,94855 58,9729
74,4631 65,4238 58,51832
76,90453 65,27917 58,36178
74,66655 64,99784 59,76211
73,24239 65,62884 59,58406
73,44584 65,55255 58,72577
71,41132 65,64315 60,24844
75,48036 66,42994 59,94248
77,92178 65,69878 59,98619
77,71833 66,36476 59,37982
74,25965 65,80209 59,60632
74,66655 66,08979 60,32079
76,09071 66,15495 60,37083
75,07346 67,12293 61,77909
77,51488 66,66516 61,90388
76,29417 66,58572 61,3579
76,70107 67,25642 61,37617
75,68382 66,66833 61,88799
76,70107 67,31367 61,02491
78,73557 67,32799 60,87074
76,70107 67,16745 61,61937
76,09071 67,80482 60,37482
79,34592 68,34841 62,69383
76,70107 67,66971 62,07316
78,12524 67,84296 61,95314
76,70107 67,32001 61,16875
77,31142 68,23239 62,58575
78,12524 68,45807 62,61198
81,38039 68,50578 63,08405
77,71833 67,88748 61,06305
75,27691 67,78575 62,57068
81,58384 68,11794 63,64434
79,54936 68,78073 64,22052
79,14246 68,31344 61,46201
78,12524 69,08595 64,24357
78,32868 68,91107 61,31497
77,31143 68,79185 62,96006
79,95626 69,07321 64,24516
76,49762 68,6679 63,27875
78,93903 68,63292 61,26891
75,27691 69,15745 63,24697
79,75282 68,91106 62,96005
76,29417 68,53913 63,14444
80,9735 69,25282 63,2716
83,61832 68,83318 62,83212
77,51488 68,95399 63,13731
78,32868 69,07162 64,28014
78,93903 69,04781 63,04194
79,75282 69,96965 64,77204
80,77005 69,02233 64,07664
78,73557 69,4213 64,82212
77,92178 69,60089 63,04828
81,78728 69,27982 62,56668
80,15971 69,94262 63,97891
79,95626 70,21283 63,96698
79,54936 68,88565 64,22688
79,34592 69,56593 63,84301
79,54936 69,69151 63,59824
81,38039 69,69784 63,57042
80,15971 69,48647 63,91932
79,54936 69,72488 63,3161
80,36315 69,97601 64,51456
77,31143 69,8711 64,61788
79,54936 70,06344 64,64489
76,29417 69,72009 64,77841
