0,1068115 0,00667572 0,00333786
0,213623 0,01335144 0,00667572
0,213623 0,02503395 0,01251698
0,3204346 0,0166893 0,00834465
0,213623 0,01502037 0,007510185
0,213623 0,01168251 0,005841255
0,3204346 0,02169609 0,01084805
0,3204346 0,01335144 0,00667572
0,1068115 0,01335144 0,00667572
0,3204346 0,01335144 0,00667572
0,213623 0,00834465 0,004172325
0,213623 0,01335144 0,00667572
0,1068115 0,00500679 0,002503395
0,3204346 0,01835823 0,009179115
0,213623 0,01335144 0,00667572
0,213623 0,01835823 0,009179115
0,3204346 0,01502037 0,007510185
0,213623 0,00667572 0,00333786
0,213623 0,01502037 0,007510185
0,3204346 0,02169609 0,01084805
0,1068115 0,01168251 0,005841255
0,213623 0,01335144 0,00667572
0,213623 0,02670288 0,01335144
0,213623 0,01835823 0,009179115
0,213623 0,02670288 0,01335144
0,213623 0,02503395 0,01251698
0,4272461 0,01335144 0,00667572
0,3204346 0,03004074 0,01502037
0,213623 0,02336502 0,01168251
0,213623 0,02503395 0,01251698
0,3204346 0,03504753 0,01752377
0,3204346 0,02670288 0,01335144
0,213623 0,0166893 0,00834465
0,213623 0,02002716 0,01001358
0,213623 0,02336502 0,01168251
0,4272461 0,03504753 0,01752377
0,3204346 0,02837181 0,01418591
0,3204346 0,03838539 0,0191927
0,3204346 0,04339218 0,02169609
0,3204346 0,04506111 0,02253056
0,1068115 0,01502037 0,007510185
0,3204346 0,02670288 0,01335144
0,3204346 0,04172325 0,02086163
0,3204346 0,03004074 0,01502037
0,213623 0,03671646 0,01835823
0,3204346 0,05173683 0,02586842
0,213623 0,06842613 0,03421307
0,213623 0,0333786 0,0166893
0,3204346 0,03504753 0,01752377
0,5340576 0,0333786 0,0166893
0,213623 0,02670288 0,01335144
0,213623 0,03838539 0,0191927
0,213623 0,03170967 0,01585484
0,1068115 0,03504753 0,01752377
0,3204346 0,04506111 0,02253056
0,4272461 0,0333786 0,0166893
0,4272461 0,04839897 0,02419949
0,3204346 0,04005432 0,02002716
0,6408691 0,05674362 0,02837181
0,5340576 0,04673004 0,02336502
0,213623 0,0500679 0,02503395
0,213623 0,03004074 0,01502037
0,213623 0,05507469 0,02753735
0,213623 0,0500679 0,02503395
0,8544922 0,08177757 0,04088879
0,5340576 0,0667572 0,0333786
0,5340576 0,06842613 0,03421307
0,4272461 0,08678436 0,04339218
0,7476807 0,1134872 0,05674362
0,7476807 0,1218319 0,06091595
0,5340576 0,1318455 0,06592274
0,5340576 0,1251698 0,06258488
0,6408691 0,1385212 0,0692606
0,5340576 0,1869202 0,09346008
0,7476807 0,2102852 0,1059771
0,8544922 0,2603531 0,1426935
1,068115 0,2820492 0,1652241
0,9613037 0,2987385 0,1677275
1,174927 0,3087521 0,17941
0,9613037 0,3070831 0,1752377
0,7476807 0,3421307 0,1994371
1,068115 0,3254414 0,1877546
1,068115 0,3488064 0,202775
1,068115 0,3972054 0,2361536
0,7476807 0,4072189 0,2561808
0,8544922 0,4639626 0,2803802
1,174927 0,4606247 0,2903938
1,068115 0,5140305 0,3137589
1,281738 0,4906654 0,3012419
1,281738 0,5857944 0,3454685
1,068115 0,549078 0,3604889
1,602173 0,5857944 0,3663301
1,38855 0,6291866 0,3980398
1,174927 0,5624294 0,3538132
1,495361 0,6425381 0,418067
1,174927 0,5908012 0,3855228
1,174927 0,5874634 0,3705025
1,068115 0,5891323 0,3963709
1,281738 0,6241798 0,4080534
1,281738 0,6642342 0,4380941
2,029419 0,6859303 0,453949
1,38855 0,6659031 0,4355907
1,068115 0,669241 0,4564524
1,38855 0,6742477 0,4422665
1,281738 0,692606 0,4564524
2,456665 0,7510185 0,489831
1,495361 0,6575584 0,4389286
1,38855 0,739336 0,4839897
1,495361 0,7510185 0,489831
1,38855 0,7793903 0,4839897
1,602173 0,8878708 0,5532503
2,13623 0,7777214 0,4981756
1,495361 0,7994175 0,5190372
1,602173 0,9162426 0,5807877
2,029419 0,8878708 0,5857944
2,029419 0,9329319 0,6175041
2,563477 0,9212494 0,6066561
2,029419 1,07646 0,7359982
2,13623 1,04475 0,7226467
2,349854 1,096487 0,7885695
3,417969 1,245022 0,8311272
3,52478 1,401901 0,9946823
3,631592 1,438618 1,034737
4,272461 1,598835 1,085639
3,845215 1,705647 1,218319
3,952026 1,920938 1,416922
4,379272 2,127886 1,578808
5,447388 2,241373 1,618862
4,058838 2,229691 1,691461
4,699707 2,510071 1,841664
5,340576 2,797127 2,104521
5,447388 3,100872 2,264738
8,972168 3,389597 2,442479
11,42883 3,916979 2,772927
7,369995 4,000425 2,981544
7,904053 4,549503 3,448009
8,331299 4,899979 3,70419
8,117676 5,63097 4,254937
9,613037 6,230116 4,897475
12,92419 6,780863 5,288839
12,49695 7,703781 5,815387
12,49695 8,533239 6,727457
15,59448 9,20248 7,254839
15,16724 9,886742 7,684588
18,47839 10,30064 8,622527
16,98303 11,03663 8,838654
15,27405 11,55734 9,657264
15,48767 11,68919 9,989381
18,37158 12,41183 10,15377
17,08984 13,40485 11,02746
19,76013 13,84211 11,51478
21,25549 14,29272 12,39264
19,33289 14,32109 12,17735
26,80969 14,74166 12,0672
27,45056 15,38754 13,02183
20,50781 15,50102 13,00514
23,71216 16,00504 13,51333
35,88867 16,89792 14,32192
28,94592 17,76576 14,86182
29,80042 18,98241 15,55359
32,36389 21,10529 16,94464
35,2478 22,19844 18,18549
39,19983 24,82033 20,68055
31,72302 24,78194 20,67805
39,94751 26,16048 21,80791
38,23853 27,50397 22,52888
41,97693 28,1682 23,45848
37,81128 27,05002 22,51303
36,31592 27,64249 23,19813
34,50012 27,58741 23,39173
40,90881 28,29838 23,69714
38,45215 27,98295 23,37003
42,19055 29,78539 24,8295
42,83142 28,754 24,00088
36,74316 28,51868 23,78809
41,12244 29,96564 24,59002
54,15344 29,42324 24,37639
38,45215 29,36649 24,70934
41,22925 30,10416 25,26176
41,33606 30,74336 25,95854
38,13171 29,31309 24,85705
41,01563 30,01904 24,51741
44,43359 30,4997 25,41029
40,58838 30,51138 25,40945
43,25867 30,71666 25,13992
46,3562 30,64489 25,61556
42,40417 30,76172 25,97355
40,37476 30,51472 25,63725
46,56982 31,43764 26,73626
38,34534 30,16591 25,0523
37,17041 30,25937 25,64394
41,97693 31,15392 25,9502
42,08374 31,48937 26,19886
44,11316 31,85821 26,56853
50,30823 31,59118 26,34071
46,56982 30,96032 25,6598
39,09302 31,58617 25,79165
49,56055 29,9623 25,2943
43,5791 32,19199 26,9599
43,89954 31,26407 26,76714
41,44287 32,15694 27,31705
44,64722 31,55112 26,8606
49,02649 32,29881 26,61443
41,65649 31,43597 27,19437
39,73389 31,73137 26,03781
47,85156 32,21535 26,70454
46,67664 32,07183 27,44055
39,30664 32,05848 27,76181
45,92896 32,57919 26,65865
40,05432 31,94833 27,22109
42,40417 31,59785 27,02748
54,04663 33,16331 27,47225
42,08374 32,65095 27,68254
40,48157 31,70466 27,03166
45,07446 32,17697 27,47226
44,54041 33,18 27,28449
42,19055 32,94968 28,47945
42,83142 32,70936 28,33926
42,51099 32,19867 27,71592
47,21069 33,10823 28,95177
44,86084 32,39727 26,9674
43,36548 32,5191 28,36179
41,01563 32,54414 27,61162
43,36548 33,25844 28,64301
48,06519 34,53517 28,4344
42,40417 31,66127 27,33707
44,54041 32,63927 27,52816
47,95837 33,16998 28,53787
43,04504 32,439 28,2675
45,18127 33,84423 29,49249
42,93823 33,84924 27,95708
43,04504 34,06453 28,51366
44,43359 34,27982 29,28304
48,70605 33,18167 27,84526
46,3562 32,96971 28,3234
44,43359 34,07954 28,84577
41,01563 33,03647 28,31172
45,3949 32,7177 27,3913
45,28809 33,98775 28,26249
43,79272 33,58722 28,60629
43,68591 33,49042 28,46693
47,63794 33,3035 27,48059
49,88098 33,35857 28,90003
41,87012 34,09791 29,46496
41,76331 32,69267 28,62048
57,99866 33,6423 28,11396
43,36548 32,6426 27,91284
42,40417 33,54382 28,17821
42,6178 33,33521 28,35929
46,99707 34,86896 29,61433
55,00793 34,46841 28,82742
48,172 34,98077 29,92141
46,03577 34,99913 30,38203
55,6488 34,89066 29,89221
44,75403 35,68172 29,38401
48,49243 34,77216 30,1584
48,91968 35,06923 30,12251
50,0946 34,88565 29,11448
44,21997 34,23643 29,02603
48,172 33,39196 28,97262
44,96765 35,42972 30,68661
42,29736 34,45506 29,26219
48,06519 35,72512 29,40321
44,21997 35,90703 30,55642
49,34692 35,24446 30,47799
