0,6103516 0,2415974 0,149409
0,8138021 0,2447763 0,1525879
0,6103516 0,2574919 0,1509984
0,4069011 0,2511341 0,1573563
0,4069011 0,2415974 0,1414617
0,6103516 0,2320606 0,1271565
0,6103516 0,2511341 0,1621247
0,6103516 0,2225239 0,1366933
0,6103516 0,2447763 0,1557668
0,4069011 0,2447762 0,1509984
0,6103516 0,2352396 0,1509984
0,4069011 0,2257028 0,1605352
0,6103516 0,2829233 0,1939139
0,4069011 0,2352396 0,1509984
0,4069011 0,2574919 0,1478195
0,8138021 0,2829233 0,1859666
0,6103516 0,254313 0,1684825
0,6103516 0,2447763 0,1557668
0,6103516 0,2606708 0,1684825
0,4069011 0,254313 0,1653036
0,6103516 0,2511341 0,149409
0,6103516 0,2447763 0,1653036
0,4069011 0,2447762 0,1525879
0,4069011 0,2415974 0,1653036
0,4069011 0,2352396 0,1525879
0,4069011 0,2479552 0,1589457
0,6103516 0,2447763 0,1684825
0,6103516 0,2320606 0,149409
0,6103516 0,254313 0,1589457
0,6103516 0,2447763 0,1605352
0,6103516 0,2511341 0,1684825
0,4069011 0,2415974 0,1541774
0,6103516 0,254313 0,1732509
0,6103516 0,2765655 0,1780193
0,6103516 0,2574919 0,1668931
0,6103516 0,2574919 0,1653036
0,4069011 0,2352396 0,149409
0,6103516 0,2606708 0,1716614
0,4069011 0,2447762 0,1684825
0,6103516 0,2670287 0,1748403
0,4069011 0,2288817 0,1509984
0,4069011 0,2415974 0,1446406
0,4069011 0,2415974 0,1605352
0,6103516 0,2511341 0,170072
0,6103516 0,2479552 0,149409
0,6103516 0,2447763 0,1668931
0,6103516 0,2511341 0,170072
0,6103516 0,2574919 0,170072
0,6103516 0,254313 0,1653036
0,6103516 0,254313 0,1684825
0,6103516 0,2702076 0,1748403
0,6103516 0,2670287 0,1716614
0,6103516 0,2511341 0,1811982
0,6103516 0,2797444 0,1843771
0,6103516 0,2638497 0,1653036
0,4069011 0,2352396 0,1462301
0,6103516 0,2415974 0,1557668
0,4069011 0,254313 0,1653036
0,6103516 0,2447763 0,149409
0,4069011 0,2447762 0,1557668
0,4069011 0,2574919 0,1684825
0,4069011 0,2765655 0,1843771
0,4069011 0,2479552 0,1732509
0,6103516 0,2606708 0,1780193
0,6103516 0,2384185 0,1525879
0,6103516 0,2606708 0,1684825
0,6103516 0,2861023 0,1859666
0,6103516 0,2479552 0,1653036
0,6103516 0,2861023 0,1827877
0,6103516 0,2765655 0,1843771
0,4069011 0,2447762 0,1573563
0,6103516 0,254313 0,1621247
0,6103516 0,2511341 0,1748404
0,6103516 0,2415974 0,1414617
0,4069011 0,2479552 0,1573563
0,6103516 0,2511341 0,1525879
0,8138021 0,2733865 0,1732509
0,6103516 0,2447763 0,1478195
0,6103516 0,2574919 0,170072
0,4069011 0,2511341 0,170072
0,6103516 0,2892812 0,1859666
0,6103516 0,2447763 0,1541774
0,6103516 0,2447763 0,1414617
0,6103516 0,2479552 0,1573563
0,8138021 0,2606708 0,1653036
0,6103516 0,2829233 0,1732509
0,6103516 0,2606708 0,1764298
0,6103516 0,2352396 0,1589458
0,8138021 0,254313 0,1637141
0,6103516 0,2638497 0,1780193
0,6103516 0,2447763 0,1509984
0,6103516 0,2702076 0,1780193
0,6103516 0,2829233 0,1843771
0,6103516 0,2384185 0,1621247
0,6103516 0,2352396 0,1621247
0,8138021 0,2670287 0,1732509
0,6103516 0,2384185 0,1764298
0,4069011 0,254313 0,1748404
0,4069011 0,2574919 0,1764298
0,6103516 0,2479552 0,1716614
0,6103516 0,2511341 0,1668931
0,6103516 0,2574919 0,1748404
0,8138021 0,2574919 0,1796087
0,8138021 0,2670287 0,1764298
0,6103516 0,2415974 0,1478195
0,4069011 0,2479552 0,1764298
0,4069011 0,2638497 0,1827877
0,6103516 0,2638497 0,1732509
0,6103516 0,254313 0,1748404
0,8138021 0,2733865 0,1796087
0,6103516 0,2670287 0,187556
0,4069011 0,2415974 0,1748404
0,6103516 0,2702076 0,1970928
0,6103516 0,2415974 0,1668931
0,4069011 0,2320606 0,1414617
0,6103516 0,2384185 0,1557668
0,6103516 0,2606708 0,170072
0,6103516 0,2670287 0,187556
0,6103516 0,2447763 0,1684825
0,6103516 0,2606708 0,1732509
0,4069011 0,2606708 0,1811982
0,6103516 0,2765655 0,1811982
0,6103516 0,2638497 0,1764298
0,6103516 0,2320606 0,149409
0,6103516 0,2415974 0,1668931
0,4069011 0,2574919 0,1716614
0,6103516 0,2352396 0,1557668
0,8138021 0,298818 0,2018612
0,4069011 0,2288817 0,1525879
0,6103516 0,2638497 0,1970928
0,6103516 0,2765655 0,1859666
0,6103516 0,2447763 0,1780193
0,6103516 0,2606708 0,1827877
0,6103516 0,2574919 0,1796087
0,6103516 0,2479552 0,1541774
0,4069011 0,2384184 0,1573563
0,6103516 0,2352396 0,1653036
0,4069011 0,2638497 0,1796087
0,8138021 0,2765655 0,1875561
0,4069011 0,2415974 0,1637141
0,4069011 0,2479552 0,1525879
0,6103516 0,2861023 0,1939139
0,6103516 0,2479552 0,170072
0,4069011 0,2384184 0,1605352
0,4069011 0,254313 0,1780193
0,4069011 0,2352396 0,1811982
0,6103516 0,2733865 0,1827877
0,4069011 0,2733865 0,2002718
0,6103516 0,2892812 0,1955034
0,6103516 0,2511341 0,1653036
0,4069011 0,2606708 0,1796087
0,6103516 0,2606708 0,1684825
0,6103516 0,2733865 0,190735
0,4069011 0,2638497 0,1843771
0,6103516 0,2638497 0,1859666
0,6103516 0,2606708 0,1891455
0,6103516 0,2892812 0,2034507
0,6103516 0,2861023 0,1970928
0,6103516 0,2670287 0,1748403
0,6103516 0,2797444 0,1843771
0,6103516 0,2765655 0,1780193
0,4069011 0,2765655 0,1875561
0,4069011 0,2479552 0,1748404
0,6103516 0,2702076 0,1827877
0,4069011 0,2352396 0,1684825
0,6103516 0,2702076 0,1827877
0,6103516 0,254313 0,1811982
0,6103516 0,254313 0,1796087
0,8138021 0,2797444 0,1875561
0,4069011 0,2511341 0,1605352
0,4069011 0,2479552 0,170072
0,6103516 0,2670287 0,1780193
0,6103516 0,2829233 0,1970928
0,4069011 0,2606708 0,1780193
0,6103516 0,2479552 0,1811982
0,6103516 0,2479552 0,1684825
0,6103516 0,2574919 0,1716614
0,6103516 0,2638497 0,1764298
0,6103516 0,2574919 0,1732509
0,4069011 0,2702076 0,1923244
0,6103516 0,2670287 0,1732509
0,6103516 0,2861023 0,1843771
0,6103516 0,2702076 0,1891455
0,4069011 0,2606708 0,1827877
0,6103516 0,2702076 0,1891455
0,6103516 0,2574919 0,1748404
0,6103516 0,2638497 0,1843771
0,6103516 0,254313 0,1923244
0,6103516 0,2892812 0,2082191
0,4069011 0,2479552 0,1748404
0,4069011 0,2511341 0,1843771
0,6103516 0,2670287 0,187556
0,6103516 0,2765655 0,1923244
0,4069011 0,2511341 0,1780193
0,6103516 0,2415974 0,1621247
0,6103516 0,2733865 0,1939139
0,8138021 0,2765655 0,1986823
0,6103516 0,254313 0,1716614
0,6103516 0,2638497 0,1780193
0,4069011 0,2638497 0,1764298
0,6103516 0,2479552 0,1732509
0,6103516 0,2797444 0,1986823
0,4069011 0,2574919 0,1843771
0,4069011 0,2447762 0,1748404
0,6103516 0,298818 0,1955034
0,6103516 0,2702076 0,1827877
0,6103516 0,2956391 0,2066296
0,6103516 0,2988181 0,2129875
0,4069011 0,2447762 0,1732509
0,6103516 0,2479552 0,1684825
0,4069011 0,2384184 0,1525879
0,4069011 0,2415974 0,1589458
0,6103516 0,2797444 0,1923244
0,6103516 0,2638497 0,1827877
0,4069011 0,2479552 0,1811982
0,6103516 0,2797444 0,1891455
0,6103516 0,2702076 0,187556
0,4069011 0,2320606 0,1716615
0,4069011 0,2384184 0,1637141
0,6103516 0,2765655 0,1764298
0,4069011 0,2479552 0,170072
0,6103516 0,2765655 0,1939139
0,4069011 0,254313 0,1684825
0,6103516 0,2574919 0,1811982
0,6103516 0,2606708 0,1796087
0,8138021 0,2829233 0,1891455
0,6103516 0,2574919 0,170072
0,6103516 0,2702076 0,2082191
0,6103516 0,2733865 0,1859666
0,4069011 0,2415974 0,1796088
0,6103516 0,2733865 0,1843771
0,4069011 0,2606708 0,1859666
0,6103516 0,254313 0,1716614
0,8138021 0,2702076 0,1939139
0,6103516 0,2670287 0,1843771
0,6103516 0,2574919 0,1811982
0,6103516 0,3115337 0,2098086
0,4069011 0,254313 0,1796087
0,6103516 0,2988181 0,2193454
0,6103516 0,2765655 0,1796087
0,6103516 0,2829233 0,1891455
0,6103516 0,2829233 0,1970928
0,4069011 0,254313 0,1811982
0,4069011 0,2733865 0,1986823
0,6103516 0,2733865 0,1955034
0,6103516 0,2670287 0,1811982
0,6103516 0,2511341 0,1621247
0,6103516 0,2956391 0,2050402
0,6103516 0,2638497 0,1955034
0,6103516 0,2670287 0,1796087
0,4069011 0,2702076 0,1859666
0,4069011 0,254313 0,1732509
0,6103516 0,2702076 0,1891455
0,6103516 0,2479552 0,1796087
0,4069011 0,2702076 0,1970928
0,6103516 0,2924601 0,2209348
0,6103516 0,2606708 0,1827877
0,4069011 0,2606708 0,1843771
0,6103516 0,2765655 0,2018612
0,6103516 0,2670287 0,1732509
0,8138021 0,2702076 0,190735
0,6103516 0,2702076 0,1923244
0,8138021 0,2638497 0,1827877
0,8138021 0,2733865 0,190735
0,6103516 0,2733865 0,1923244
0,6103516 0,2861023 0,1970929
0,6103516 0,2733865 0,1859666
0,6103516 0,2670287 0,1955034
0,6103516 0,2702076 0,187556
0,6103516 0,2702076 0,1891455
0,6103516 0,2606708 0,1939139
0,6103516 0,2511341 0,1732509
0,8138021 0,2956391 0,2018612
0,6103516 0,2765655 0,2034507
0,4069011 0,2479552 0,1780193
0,6103516 0,2861023 0,2018612
0,6103516 0,2670287 0,1827877
0,6103516 0,2797444 0,1780193
0,8138021 0,3115338 0,2193454
0,6103516 0,3083548 0,2177559
0,6103516 0,2797444 0,1923244
0,6103516 0,2511341 0,190735
0,6103516 0,3242495 0,2161665
0,8138021 0,2956391 0,2209348
0,6103516 0,2956391 0,2177559
0,6103516 0,298818 0,2098086
0,6103516 0,2765655 0,2082191
0,6103516 0,2765655 0,2018612
0,6103516 0,2670287 0,1970928
0,6103516 0,298818 0,2066296
0,6103516 0,2765655 0,2098085
0,4069011 0,2606708 0,187556
0,6103516 0,2829233 0,2002718
0,4069011 0,2861023 0,2098086
0,8138021 0,2765655 0,190735
0,6103516 0,2829233 0,1955034
0,6103516 0,2638497 0,1923244
0,6103516 0,2702076 0,1827877
0,6103516 0,2733865 0,2066296
0,6103516 0,2892812 0,2209348
0,6103516 0,2606708 0,190735
0,6103516 0,3083549 0,214577
0,6103516 0,2956391 0,2129875
0,6103516 0,2638497 0,1986823
0,6103516 0,3115338 0,2257032
0,6103516 0,2574919 0,1939139
1,017253 0,2861023 0,2098085
0,6103516 0,2765655 0,2002718
0,6103516 0,2924601 0,211398
0,6103516 0,2861023 0,2034507
0,8138021 0,3019969 0,2145769
0,8138021 0,2797444 0,2034507
0,6103516 0,254313 0,1955034
0,6103516 0,2670287 0,1827877
0,6103516 0,2479552 0,1939139
0,6103516 0,298818 0,211398
0,6103516 0,2765655 0,1955034
0,6103516 0,3019969 0,2257032
0,6103516 0,2829233 0,2034507
0,6103516 0,2892812 0,2241137
0,4069011 0,2702076 0,1986823
0,6103516 0,2638497 0,1986823
0,6103516 0,2797444 0,2098085
0,6103516 0,2924601 0,2161664
0,6103516 0,2670287 0,1986823
0,4069011 0,2765655 0,1986823
0,8138021 0,3147127 0,23524
0,6103516 0,2924601 0,2098086
0,4069011 0,2638497 0,1811982
0,6103516 0,3242495 0,2225243
0,6103516 0,3210706 0,2304716
0,6103516 0,2861023 0,2050402
0,6103516 0,3019969 0,2018612
0,6103516 0,3210706 0,2320611
0,6103516 0,3210706 0,214577
0,6103516 0,2797444 0,1986823
0,6103516 0,3051759 0,2177559
0,6103516 0,3019969 0,2257032
0,6103516 0,298818 0,2050402
1,017253 0,3306074 0,2368295
0,6103516 0,2797444 0,1986823
0,8138021 0,2892812 0,2129875
0,4069011 0,2638497 0,2050401
0,6103516 0,2861023 0,2034507
0,6103516 0,2956391 0,2241137
0,6103516 0,2892812 0,2034507
0,6103516 0,3147127 0,2225243
0,6103516 0,2924601 0,2304716
0,6103516 0,2892812 0,2193453
0,6103516 0,2733865 0,2050401
0,6103516 0,2956391 0,2272927
0,6103516 0,2924601 0,2193453
0,6103516 0,2797444 0,2018612
0,6103516 0,2861023 0,2050402
0,8138021 0,3083548 0,2272927
0,4069011 0,3051759 0,2225243
0,6103516 0,3083548 0,2177559
0,6103516 0,2861023 0,2225243
0,6103516 0,2733865 0,2050401
0,8138021 0,298818 0,2209348
0,6103516 0,3115337 0,2368294
0,6103516 0,3210706 0,2320611
0,8138021 0,3147127 0,2272927
0,6103516 0,3115338 0,2320611
0,6103516 0,3147127 0,2257032
0,6103516 0,3051759 0,2241137
0,6103516 0,2638497 0,1970928
0,8138021 0,2956391 0,2241137
0,6103516 0,3242495 0,2336506
0,6103516 0,2797444 0,2161664
0,8138021 0,3147127 0,2288821
0,4069011 0,3147127 0,2320611
0,6103516 0,3337863 0,2463663
0,8138021 0,2733865 0,2161664
0,8138021 0,3115337 0,2368294
0,6103516 0,2956391 0,2161664
0,6103516 0,3210706 0,23524
0,8138021 0,3401442 0,2479557
0,8138021 0,3083548 0,2320611
0,6103516 0,3051759 0,2288821
0,4069011 0,2829233 0,2272926
0,6103516 0,3210706 0,2368295
0,8138021 0,3433231 0,2527241
0,8138021 0,3973643 0,2813339
0,8138021 0,3274285 0,2495452
0,6103516 0,3369653 0,2527241
0,6103516 0,3210706 0,2320611
0,6103516 0,3051759 0,2368294
0,6103516 0,3178916 0,2415978
0,6103516 0,3051759 0,23524
0,6103516 0,3242495 0,2479557
0,6103516 0,3337863 0,2511347
0,6103516 0,3147127 0,23524
0,8138021 0,3401442 0,255903
0,6103516 0,3274285 0,2415979
1,017253 0,3751121 0,267029
0,6103516 0,3147127 0,2368295
0,8138021 0,3306074 0,2431874
0,6103516 0,3210706 0,2463662
0,6103516 0,3401442 0,2479557
0,8138021 0,3687543 0,2559029
0,8138021 0,3274285 0,255903
0,6103516 0,3115338 0,2400084
0,8138021 0,3751121 0,2686184
1,017253 0,3687543 0,2733868
0,6103516 0,3337863 0,2415979
0,6103516 0,3528598 0,2654396
0,6103516 0,3337863 0,2431874
0,6103516 0,3401441 0,255903
0,6103516 0,3401441 0,2543135
0,6103516 0,3655754 0,267029
1,017253 0,3401442 0,2495452
0,8138021 0,346502 0,255903
0,6103516 0,3369653 0,2527241
0,8138021 0,3878277 0,2876918
0,6103516 0,3687542 0,2765657
0,6103516 0,3274285 0,238419
0,8138021 0,3719332 0,2686185
0,6103516 0,3465019 0,2527241
0,8138021 0,378291 0,2797446
0,8138021 0,3274285 0,255903
0,6103516 0,3337863 0,2463663
0,6103516 0,3528598 0,2622607
0,8138021 0,3210706 0,2511346
1,017253 0,3751121 0,2765657
0,8138021 0,3496809 0,2606713
0,6103516 0,4100799 0,3019966
0,8138021 0,3655753 0,2733868
0,6103516 0,3814698 0,2829234
0,8138021 0,3687542 0,2749762
0,6103516 0,375112 0,281334
0,6103516 0,3846487 0,2876917
0,6103516 0,3846487 0,2845128
0,8138021 0,3687542 0,2686184
0,8138021 0,3687542 0,281334
0,6103516 0,3878276 0,2876917
0,6103516 0,3623964 0,2686185
1,017253 0,3973644 0,2908706
0,8138021 0,41008 0,3051756
0,6103516 0,4037221 0,3004072
0,8138021 0,4450478 0,317891
0,6103516 0,3623964 0,2717974
0,6103516 0,3941854 0,2861023
0,8138021 0,4450478 0,3226593
1,017253 0,4386901 0,3194805
0,8138021 0,441869 0,3163016
0,8138021 0,4386901 0,3194805
1,017253 0,4800158 0,343322
1,017253 0,4768369 0,3496799
0,8138021 0,4673001 0,3417326
0,8138021 0,4514056 0,3258382
0,8138021 0,4609423 0,3512694
0,8138021 0,43869 0,3131227
0,6103516 0,4545845 0,3401432
1,017253 0,4895525 0,370343
0,8138021 0,4514056 0,3369642
1,017253 0,4800158 0,3687536
0,8138021 0,4959103 0,3639851
0,8138021 0,508626 0,3814694
1,220703 0,5022681 0,3814692
0,8138021 0,4990892 0,3925956
0,8138021 0,5531311 0,4291535
1,017253 0,5499521 0,424385
1,017253 0,5404153 0,4180271
1,017253 0,5690258 0,4386903
0,8138021 0,5308785 0,4132588
1,424154 0,5785626 0,454585
1,424154 0,6008151 0,4704797
1,017253 0,5817415 0,4609429
1,017253 0,5944572 0,4577639
1,220703 0,5817415 0,4561745
1,017253 0,6294253 0,4959111
1,017253 0,6326042 0,4847848
1,017253 0,6675721 0,5213427
1,220703 0,6802877 0,5229322
1,220703 0,7406871 0,5880991
1,424154 0,7534028 0,6039934
1,831055 0,8106232 0,6246562
1,424154 0,8328755 0,6484979
1,424154 0,9028111 0,7120759
2,034505 1,007715 0,786781
1,627604 1,029968 0,8201599
2,034505 1,134873 0,8885073
1,831055 1,20163 0,9361907
2,441406 1,408258 1,093546
3,255208 1,618068 1,236598
3,66211 1,722972 1,34786
3,458659 1,935959 1,498858
4,272461 2,304713 1,794497
6,103516 2,600351 1,975694
5,900064 3,105799 2,430279
8,95182 3,614425 2,775192
8,95182 4,088083 3,118515
8,341469 5,022683 3,719329
11,18978 5,540848 4,21683
11,18978 5,731585 4,526775
16,27605 6,132125 4,809697
13,02083 7,114409 5,459785
19,32781 8,217495 6,289483
21,36231 9,740195 7,165273
21,15886 12,04491 8,721354
23,80371 14,83918 11,22793
23,19336 16,59394 12,8158
31,9417 18,7111 14,63096
34,17965 20,43089 16,5383
35,80724 22,10617 17,59529
35,80725 23,70834 18,9193
31,5348 23,67655 19,12276
36,62104 26,02258 20,62638
40,69006 26,69652 21,53397
42,31767 28,92492 23,95629
46,79362 31,4299 24,93381
48,21778 32,67602 26,86498
46,38671 36,07747 29,88972
56,35587 37,69871 31,55865
51,26957 38,79226 32,16742
55,3386 40,42622 33,33089
56,55932 41,73593 35,40831
54,72825 41,89171 35,67376
55,13515 41,77726 34,17171
57,78003 43,91985 35,71826
55,94896 45,35356 37,52865
57,57658 45,98618 38,19305
57,78003 46,18009 38,66829
56,55932 46,67282 39,258
57,16967 48,08109 41,40535
62,45943 48,27818 40,69329
61,44217 48,67237 42,40513
61,64561 48,83767 39,86517
63,27324 49,20963 42,7421
62,05252 50,42397 43,34134
62,25597 49,55612 42,24142
66,93537 50,78001 42,00618
63,88359 50,13786 43,07112
62,05252 50,58608 43,41285
61,44217 51,74322 46,1197
64,08704 52,14378 45,95759
68,35954 53,37402 45,20737
71,20787 53,29773 46,7269
64,08704 53,80317 45,40605
66,12157 54,6742 46,90174
67,54572 54,62334 47,63922
68,56299 55,05568 47,706
67,74918 54,33722 46,04819
66,73192 55,13834 47,67422
69,17335 54,90944 48,22099
65,30775 55,17967 47,75687
69,37679 56,68013 51,33791
71,41132 56,06342 48,44193
72,02168 56,55615 48,55637
68,96989 57,39857 50,74506
66,12157 56,91219 50,0298
67,34228 57,28731 49,12699
67,13882 57,46849 49,88993
65,30775 57,08702 50,22531
68,35954 57,35405 49,22711
67,74918 58,42219 50,9644
70,39406 58,01212 49,05072
65,30775 56,96305 49,16832
69,7837 59,3091 50,28411
65,91811 57,1983 48,74075
68,76643 59,0993 48,90765
68,15608 58,96259 52,63493
68,35954 57,07431 49,67376
72,02168 58,43489 51,5986
66,93537 57,48758 50,85791
70,59751 58,81636 51,78457
69,98715 60,07204 53,33905
70,59751 59,42991 51,40787
69,7837 59,09294 53,05138
72,83549 60,49168 53,87153
66,32502 58,55252 51,16309
71,61477 59,4458 51,23302
74,4631 60,11337 50,1665
68,76644 60,41538 53,62357
74,0562 60,1706 51,94989
71,20787 60,53617 52,9544
70,19061 60,90493 53,21191
67,95264 60,19286 52,70168
72,63203 60,49803 53,47258
73,24239 61,57249 54,31021
70,80096 63,19057 55,43079
72,63203 61,84906 53,68078
72,83549 63,40356 54,12743
74,66655 64,23963 57,25389
73,64929 64,42717 58,24256
73,64929 65,39676 54,92537
74,66655 64,09975 56,39402
73,44584 64,7419 55,91402
74,0562 64,6815 55,4753
75,07346 65,71466 57,15221
72,42858 65,48578 59,06751
73,64929 65,2251 55,88224
75,07346 65,21558 57,6179
75,27691 65,68922 56,30819
72,63203 65,19968 57,3493
75,27691 65,75597 57,97076
75,48036 65,60341 57,23963
76,49762 66,15972 57,26825
74,25964 66,50623 58,27438
73,64929 66,5094 57,16493
71,61477 65,4985 56,48783
72,02168 65,04073 56,85339
73,85275 65,78143 57,68309
72,83549 65,63837 57,63223
73,85274 66,94492 58,69877
75,07346 67,47578 60,54093
74,4631 66,30595 58,45874
76,29417 66,00394 58,53344
