0,1220703 0,01144409 0,005722046
0,1220703 0,001907349 0,0009536744
0,2441406 0,007629395 0,003814697
0,2441406 0,009536744 0,004768372
0,2441406 0,009536744 0,004768372
0,2441406 0,009536744 0,004768372
0,3662109 0,009536743 0,004768372
0,2441406 0,01335144 0,006675721
0,3662109 0,009536743 0,004768372
0,2441406 0,007629395 0,003814697
0,1220703 0,003814697 0,001907349
0,1220703 0,007629395 0,003814697
0,2441406 0,009536744 0,004768372
0,3662109 0,01144409 0,005722046
0,2441406 0,005722046 0,002861023
0,2441406 0,005722046 0,002861023
0,1220703 0,001907349 0,0009536744
0,1220703 0,005722046 0,002861023
0,2441406 0,005722046 0,002861023
0,1220703 0,009536744 0,004768372
0,1220703 0,007629395 0,003814697
0,2441406 0,01335144 0,006675721
0,2441406 0,01335144 0,006675721
0,1220703 0,003814697 0,001907349
0,2441406 0,005722046 0,002861023
0,1220703 0,009536744 0,004768372
0,1220703 0,007629395 0,003814697
0,1220703 0,003814697 0,001907349
0,1220703 0,003814697 0,001907349
0,1220703 0,005722046 0,002861023
0,2441406 0,01525879 0,007629395
0,2441406 0,009536744 0,004768372
0,1220703 0,007629395 0,003814697
0,2441406 0,01525879 0,007629395
0,2441406 0,009536744 0,004768372
0,2441406 0,01525879 0,007629395
0,3662109 0,01525879 0,007629395
0,2441406 0,02288819 0,01144409
0,1220703 0,01335144 0,006675721
0,1220703 0,007629395 0,003814697
0,1220703 0,009536744 0,004768372
0,1220703 0,005722046 0,002861023
0,1220703 0,007629395 0,003814697
0,2441406 0,01525879 0,007629395
0,3662109 0,01716614 0,008583069
0,1220703 0,01525879 0,007629395
0,2441406 0,01335144 0,006675721
0,2441406 0,007629395 0,003814697
0,1220703 0,009536744 0,004768372
0,1220703 0,005722046 0,002861023
0,2441406 0,01907349 0,009536744
0,1220703 0,007629395 0,003814697
0,1220703 0,007629395 0,003814697
0,1220703 0,007629395 0,003814697
0,2441406 0,01335144 0,006675721
0,3662109 0,01716614 0,008583069
0,2441406 0,007629395 0,003814697
0,2441406 0,009536744 0,004768372
0,1220703 0,003814697 0,001907349
0,2441406 0,01525879 0,007629395
0,3662109 0,01907349 0,009536743
0 0 0
0,1220703 0,003814697 0,001907349
0,1220703 0,001907349 0,0009536744
0,1220703 0,005722046 0,002861023
0,1220703 0,003814697 0,001907349
0,3662109 0,01335144 0,00667572
0,1220703 0,003814697 0,001907349
0,2441406 0,01525879 0,007629395
0,1220703 0,005722046 0,002861023
0,1220703 0,005722046 0,002861023
0,2441406 0,01525879 0,007629395
0,3662109 0,01716614 0,008583069
0,1220703 0,005722046 0,002861023
0,1220703 0,007629395 0,003814697
0,2441406 0,01335144 0,006675721
0,2441406 0,007629395 0,003814697
0,2441406 0,01335144 0,006675721
0,1220703 0,007629395 0,003814697
0,1220703 0,007629395 0,003814697
0,1220703 0,005722046 0,002861023
0,3662109 0,01525879 0,007629395
0,1220703 0,007629395 0,003814697
0,2441406 0,01907349 0,009536744
0,2441406 0,007629395 0,003814697
0,2441406 0,003814697 0,001907349
0,1220703 0,007629395 0,003814697
0,2441406 0,01144409 0,005722046
0,2441406 0,01907349 0,009536744
0,3662109 0,02098083 0,01049042
0,1220703 0,003814697 0,001907349
0,2441406 0,01716614 0,00858307
0,2441406 0,007629395 0,003814697
0,2441406 0,01144409 0,005722046
0,2441406 0,009536744 0,004768372
0,1220703 0,003814697 0,001907349
0,1220703 0,01335144 0,006675721
0,2441406 0,007629395 0,003814697
0,1220703 0,005722046 0,002861023
0,2441406 0,007629395 0,003814697
0,2441406 0,01144409 0,005722046
0,2441406 0,01907349 0,009536744
0,1220703 0,007629395 0,003814697
0,1220703 0,01335144 0,006675721
0,2441406 0,007629395 0,003814697
0,2441406 0,005722046 0,002861023
0,1220703 0,003814697 0,001907349
0,2441406 0,01716614 0,00858307
0,1220703 0,003814697 0,001907349
0,1220703 0,009536744 0,004768372
0,1220703 0,007629395 0,003814697
0,2441406 0,01144409 0,005722046
0,1220703 0,005722046 0,002861023
0,1220703 0,005722046 0,002861023
0,2441406 0,01144409 0,005722046
0,1220703 0,01525879 0,007629395
0,1220703 0,009536744 0,004768372
0,3662109 0,02098083 0,01049042
0,2441406 0,007629395 0,003814697
0,2441406 0,01144409 0,005722046
0,2441406 0,01144409 0,005722046
0,3662109 0,02288818 0,01144409
0,2441406 0,005722046 0,002861023
0,1220703 0,007629395 0,003814697
0,1220703 0,01335144 0,006675721
0,2441406 0,02288819 0,01144409
0,2441406 0,003814697 0,001907349
0,3662109 0,01716614 0,008583069
0,2441406 0,01335144 0,006675721
0,1220703 0,01525879 0,007629395
0,1220703 0,01335144 0,006675721
0,2441406 0,01525879 0,007629395
0,2441406 0,01144409 0,005722046
0,3662109 0,01144409 0,005722046
0,1220703 0,009536744 0,004768372
0,2441406 0,01335144 0,006675721
0,1220703 0,01335144 0,006675721
0,1220703 0,007629395 0,003814697
0,2441406 0,01335144 0,006675721
0,2441406 0,01335144 0,006675721
0,1220703 0,005722046 0,002861023
0,2441406 0,01716614 0,00858307
0,6103516 0,02098083 0,01049042
0,3662109 0,02098083 0,01049042
0,2441406 0,009536744 0,004768372
0,2441406 0,01525879 0,007629395
0,3662109 0,01716614 0,008583069
0,3662109 0,01335144 0,00667572
0,2441406 0,02288819 0,01144409
0,1220703 0,009536744 0,004768372
0,2441406 0,02098084 0,01049042
0,2441406 0,02098084 0,01049042
0,1220703 0,009536744 0,004768372
0,2441406 0,009536744 0,004768372
0,2441406 0,01907349 0,009536744
0,3662109 0,02288818 0,01144409
0,1220703 0,01335144 0,006675721
0,2441406 0,02670288 0,01335144
0,2441406 0,01525879 0,007629395
0,3662109 0,01716614 0,008583069
0,2441406 0,005722046 0,002861023
0,1220703 0,009536744 0,004768372
0,1220703 0,009536744 0,004768372
0,2441406 0,005722046 0,002861023
0,2441406 0,02479553 0,01239777
0,1220703 0,01907349 0,009536744
0,3662109 0,02861023 0,01430511
0,2441406 0,007629395 0,003814697
0,3662109 0,01525879 0,007629395
0,1220703 0,02288819 0,01144409
0,2441406 0,01144409 0,005722046
0,3662109 0,02861023 0,01430511
0,1220703 0,003814697 0,001907349
0,2441406 0,01144409 0,005722046
0,2441406 0,01525879 0,007629395
0,3662109 0,01144409 0,005722046
0,2441406 0,01144409 0,005722046
0,1220703 0,007629395 0,003814697
0,2441406 0,01144409 0,005722046
0,1220703 0,01144409 0,005722046
0,2441406 0,02670288 0,01335144
0,2441406 0,01335144 0,006675721
0,2441406 0,02098084 0,01049042
0,2441406 0,01144409 0,005722046
0,2441406 0,01907349 0,009536744
0,1220703 0,01144409 0,005722046
0,2441406 0,01525879 0,007629395
0,3662109 0,01144409 0,005722046
0,3662109 0,01907349 0,009536743
0,1220703 0,01525879 0,007629395
0,2441406 0,02670288 0,01335144
0,2441406 0,02479553 0,01239777
0,1220703 0,007629395 0,003814697
0,2441406 0,02288819 0,01144409
0,3662109 0,009536743 0,004768372
0,2441406 0,02288819 0,01144409
0,2441406 0,03433228 0,01716614
0,1220703 0,001907349 0,0009536744
0,2441406 0,009536744 0,004768372
0,2441406 0,01335144 0,006675721
0,1220703 0,009536744 0,004768372
0,1220703 0,005722046 0,002861023
0,2441406 0,007629395 0,003814697
0,3662109 0,01525879 0,007629395
0,2441406 0,01525879 0,007629395
0,2441406 0,01525879 0,007629395
0,2441406 0,01335144 0,006675721
0,3662109 0,01335144 0,00667572
0,2441406 0,01525879 0,007629395
0,2441406 0,01716614 0,00858307
0,2441406 0,03623963 0,01811981
0,2441406 0,02098084 0,01049042
0,2441406 0,02098084 0,01049042
0,3662109 0,01907349 0,009536743
0,2441406 0,02288819 0,01144409
0,1220703 0,009536744 0,004768372
0,4882813 0,01335144 0,006675721
0,3662109 0,02098083 0,01049042
0,2441406 0,01335144 0,006675721
0,1220703 0,005722046 0,002861023
0,2441406 0,01525879 0,007629395
0,2441406 0,009536744 0,004768372
0,1220703 0,009536744 0,004768372
0,2441406 0,02479553 0,01239777
0,2441406 0,009536744 0,004768372
0,1220703 0,007629395 0,003814697
0,3662109 0,02479553 0,01239777
0,1220703 0,007629395 0,003814697
0,1220703 0,007629395 0,003814697
0,3662109 0,01335144 0,00667572
0,3662109 0,01335144 0,00667572
0,3662109 0,01907349 0,009536743
0,2441406 0,009536744 0,004768372
0,2441406 0,01525879 0,007629395
0,2441406 0,01335144 0,006675721
0,1220703 0,01335144 0,006675721
0,1220703 0,007629395 0,003814697
0,2441406 0,03051758 0,01525879
0,2441406 0,01907349 0,009536744
0,2441406 0,009536744 0,004768372
0,1220703 0,009536744 0,004768372
0,2441406 0,009536744 0,004768372
0,1220703 0,01144409 0,005722046
0,2441406 0,009536744 0,004768372
0,2441406 0,02288819 0,01144409
0,2441406 0,01525879 0,007629395
0,3662109 0,01907349 0,009536743
0,2441406 0,01144409 0,005722046
0,1220703 0,005722046 0,002861023
0,2441406 0,01335144 0,006675721
0,3662109 0,02288818 0,01144409
0,2441406 0,02098084 0,01049042
0,3662109 0,01716614 0,008583069
0,3662109 0,01525879 0,007629395
0,3662109 0,01335144 0,00667572
0,2441406 0,01525879 0,007629395
0,1220703 0,007629395 0,003814697
0,2441406 0,01907349 0,009536744
0,1220703 0,007629395 0,003814697
0,3662109 0,01907349 0,009536743
0,2441406 0,009536744 0,004768372
0,1220703 0,01144409 0,005722046
0,1220703 0,01335144 0,006675721
0,1220703 0,01144409 0,005722046
0,3662109 0,03051758 0,01525879
0,1220703 0,01907349 0,009536744
0,1220703 0,01716614 0,00858307
0,2441406 0,007629395 0,003814697
0,2441406 0,01907349 0,009536744
0,2441406 0,01716614 0,00858307
0,1220703 0,01525879 0,007629395
0,2441406 0,01525879 0,007629395
0,1220703 0,01335144 0,006675721
0,2441406 0,02288819 0,01144409
0,1220703 0,005722046 0,002861023
0,3662109 0,01335144 0,00667572
0,2441406 0,02479553 0,01239777
0,2441406 0,03433228 0,01716614
0,2441406 0,01525879 0,007629395
0,2441406 0,01144409 0,005722046
0,2441406 0,02479553 0,01239777
0,1220703 0,01907349 0,009536744
0,2441406 0,02288819 0,01144409
0,2441406 0,01907349 0,009536744
0,2441406 0,01335144 0,006675721
0,1220703 0,007629395 0,003814697
0,2441406 0,01525879 0,007629395
0,1220703 0,009536744 0,004768372
0,1220703 0,01525879 0,007629395
0,1220703 0,01144409 0,005722046
0,2441406 0,02670288 0,01335144
0,2441406 0,02288819 0,01144409
0,2441406 0,01525879 0,007629395
0,2441406 0,02098084 0,01049042
0,1220703 0,003814697 0,001907349
0,2441406 0,01525879 0,007629395
0,2441406 0,01525879 0,007629395
0,2441406 0,01716614 0,00858307
0,1220703 0,01335144 0,006675721
0,1220703 0,009536744 0,004768372
0,2441406 0,01907349 0,009536744
0,2441406 0,02479553 0,01239777
0,2441406 0,009536744 0,004768372
0,1220703 0,01335144 0,006675721
0,1220703 0,01525879 0,007629395
0,3662109 0,02861023 0,01430511
0,2441406 0,02479553 0,01239777
0,2441406 0,03623963 0,01811981
0,2441406 0,02479553 0,01239777
0,2441406 0,01716614 0,00858307
0,1220703 0,01525879 0,007629395
0,2441406 0,02861023 0,01430512
0,2441406 0,01907349 0,009536744
0,2441406 0,02670288 0,01335144
0,2441406 0,03433228 0,01716614
0,2441406 0,02861023 0,01430512
0,2441406 0,04005433 0,02002716
0,3662109 0,05722046 0,02861023
0,3662109 0,03814697 0,01907349
0,2441406 0,01716614 0,00858307
0,2441406 0,03051758 0,01525879
0,3662109 0,03242493 0,01621246
0,1220703 0,02861023 0,01430512
0,2441406 0,03814698 0,01907349
0,2441406 0,02098084 0,01049042
0,2441406 0,02861023 0,01430512
0,2441406 0,01907349 0,009536744
0,3662109 0,03433228 0,01716614
0,4882813 0,05149842 0,02574921
0,3662109 0,05149841 0,02574921
0,4882813 0,04577637 0,02288819
0,3662109 0,05531311 0,02765656
0,1220703 0,03242493 0,01621247
0,3662109 0,0705719 0,03528595
0,3662109 0,05340576 0,02670288
0,3662109 0,0705719 0,03528595
0,4882813 0,08964539 0,04482269
0,4882813 0,1029968 0,05149841
0,4882813 0,120163 0,06008148
0,6103516 0,1621246 0,08106232
0,7324219 0,2098083 0,1068115
0,9765626 0,2250671 0,1134872
0,7324219 0,202179 0,1049042
0,9765626 0,2479553 0,1354218
0,7324219 0,2307892 0,123024
1,220703 0,2422333 0,1335144
0,8544922 0,2861023 0,1564026
0,7324219 0,246048 0,1316071
1,098633 0,2593994 0,1420975
1,220703 0,3185272 0,1802444
0,8544922 0,3490448 0,2002716
0,8544922 0,3604889 0,2098083
0,8544922 0,4081726 0,2498627
0,9765626 0,3967285 0,2374649
1,342774 0,4291534 0,2622604
1,831055 0,5340576 0,3423691
1,708984 0,5607605 0,3461838
2,319336 0,629425 0,3929138
1,464844 0,6446838 0,4243851
1,342774 0,6561279 0,4405975
1,708984 0,705719 0,4682541
2,075195 0,8220673 0,5426407
3,295899 0,9746552 0,6399155
4,394531 1,005173 0,6837845
2,929688 1,077652 0,7371902
3,78418 1,167297 0,7734299
3,417969 1,340866 0,8754731
4,272461 1,609802 1,052856
3,90625 1,564026 1,049042
4,27246 2,008438 1,292229
9,887696 2,059937 1,39904
6,958006 2,325058 1,505852
5,493163 2,822876 1,876831
8,789063 3,587723 2,362251
10,49805 4,417419 2,838135
8,666992 5,086899 3,334999
12,69531 6,376266 4,466057
12,08496 7,440567 5,094528
13,18359 8,411407 6,04248
15,99121 8,342743 6,216049
15,13672 9,050369 6,407738
13,67187 9,429932 7,002831
16,84571 10,18524 7,17926
17,45606 10,69641 7,686615
20,01954 11,26862 8,172035
16,84571 11,17897 8,061409
17,94434 12,28142 9,141922
20,75197 11,71684 9,04274
20,6299 12,26234 9,370804
22,58302 12,70104 9,682656
16,72364 11,77979 8,970261
19,40919 12,86125 9,85527
18,06642 12,7697 9,6035
20,14161 12,37679 9,532929
20,87403 13,51738 10,61153
20,6299 12,90512 10,06603
20,87404 13,30948 9,912491
20,75197 13,6261 10,25391
21,97267 13,86261 11,02448
20,75197 13,74817 10,99205
21,24025 13,87787 10,89573
18,06641 13,52119 10,37884
21,60646 13,42964 10,05363
22,09474 14,34136 11,06739
20,75197 13,86643 10,55145
19,65333 14,02855 10,7193
21,8506 14,22882 11,03783
22,82716 14,50729 11,12556
24,41408 15,28549 11,74164
19,65333 14,41956 11,30676
20,14162 14,68659 10,96153
20,9961 14,78005 11,43742
20,14161 14,67705 11,23047
22,94924 14,28223 11,10172
23,92581 14,43482 11,02543
20,87404 14,64653 11,17992
23,07131 15,11002 11,19137
19,77541 15,51819 12,23946
23,19337 15,54871 12,3167
24,65822 14,62746 11,45744
24,65823 14,90593 11,59763
21,72853 15,51438 11,58238
19,7754 14,5874 11,68156
23,07131 15,59448 12,24327
20,99611 15,27214 11,99436
23,55959 14,89258 11,98864
24,78029 15,55634 12,24136
26,85549 16,13808 12,52747
23,07131 15,53536 12,07829
22,58303 15,79094 12,66766
23,80373 16,09421 12,93182
20,9961 15,46669 12,47215
23,19337 16,80756 12,97951
24,29201 16,12854 12,34722
21,97268 15,79476 11,97147
24,16994 16,90483 13,42678
30,76174 16,52336 12,48169
21,48439 16,06751 13,06439
23,80373 17,25006 13,42964
24,29202 17,36832 13,54694
27,09963 16,70647 13,16166
22,94924 16,37459 12,83646
22,21681 15,76042 12,71057
25,75686 17,09175 13,55362
21,97267 15,95307 12,55131
26,97757 17,30538 13,42201
26,97756 17,22145 13,88645
24,29201 16,8705 13,3276
22,58303 16,70838 13,14831
27,46585 16,72554 12,84123
26,001 17,56859 13,93032
27,34377 17,80129 13,74912
25,02444 16,65879 13,0682
26,36722 16,90293 13,62324
24,53616 17,14325 13,16357
23,0713 16,95442 13,35335
23,55959 17,96151 14,66179
23,55959 16,63971 12,81357
24,41408 17,23481 13,67188
26,61135 17,06696 13,55934
28,32034 16,89339 13,35144
23,80373 17,16614 14,41479
25,39063 17,97295 14,73904
26,61136 17,98249 14,1964
30,27346 17,9863 14,33182
23,9258 17,29966 13,75771
23,31545 17,69638 13,79585
23,31545 17,72309 14,58454
25,39065 17,94815 14,59027
23,55958 18,23807 14,71043
29,78518 18,91709 15,00416
24,53616 17,05361 13,34953
24,90237 18,44597 14,44054
27,46585 17,45415 13,6261
23,31544 17,66014 14,16874
25,1465 17,45224 13,64517
27,46585 18,46314 14,60457
23,19338 17,35115 13,45348
23,55959 18,54515 15,0671
26,61135 19,00292 15,3637
26,24513 18,61382 15,18631
25,39064 17,34734 13,19218
24,90236 18,09883 14,14108
24,78029 18,13889 14,61125
26,73341 18,17704 14,35471
22,94923 17,50756 13,54504
28,32033 18,5299 14,78768
25,51271 18,62908 14,54449
25,14651 18,6081 14,43768
23,68165 18,30673 14,37855
28,07619 18,03208 13,95512
29,05276 18,47649 14,34803
29,17482 18,53943 14,49967
31,61622 18,56804 14,37092
26,61136 19,06205 14,97269
28,93069 17,80701 14,39476
26,48929 18,92281 14,98795
25,87894 18,21137 14,57405
30,15139 18,40592 14,66751
23,80373 17,9863 14,47201
27,70999 18,75687 14,7276
