0,6103516 0,2479552 0,1557668
0,6103516 0,2320606 0,1398722
0,6103516 0,2606708 0,1573563
0,6103516 0,2511341 0,1605352
0,4069011 0,254313 0,1589457
0,6103516 0,2638497 0,1684825
0,4069011 0,2352396 0,1351038
0,6103516 0,2511341 0,1382827
0,6103516 0,2511341 0,1430511
0,4069011 0,2479552 0,1589457
0,4069011 0,2479552 0,1573563
0,6103516 0,2574919 0,1589457
0,6103516 0,2384185 0,1414617
0,6103516 0,254313 0,14623
0,4069011 0,2288817 0,1446406
0,6103516 0,2606708 0,1573563
0,8138021 0,2638497 0,1653036
0,6103516 0,2733865 0,1764298
0,6103516 0,2606708 0,1716614
0,6103516 0,2447763 0,1637141
0,6103516 0,2479552 0,1653036
0,6103516 0,2511341 0,1573563
0,4069011 0,2606708 0,166893
0,6103516 0,2606708 0,1525879
0,4069011 0,2352396 0,1509984
0,4069011 0,2384184 0,1732509
0,4069011 0,2479552 0,1414617
0,6103516 0,2511341 0,1589457
0,4069011 0,2447762 0,1621247
0,8138021 0,254313 0,1637141
0,6103516 0,2606708 0,170072
0,4069011 0,2670287 0,190735
0,4069011 0,2606708 0,1621246
0,6103516 0,2574919 0,1589457
0,4069011 0,254313 0,1732509
0,6103516 0,2415974 0,1589458
0,6103516 0,2670287 0,1716614
0,6103516 0,254313 0,1668931
0,6103516 0,254313 0,1668931
0,6103516 0,2638497 0,1637141
0,4069011 0,254313 0,1716614
0,4069011 0,2638497 0,1732509
0,6103516 0,2638497 0,1764298
0,6103516 0,2511341 0,1764298
0,6103516 0,2702076 0,1780193
0,6103516 0,2447763 0,1557668
0,4069011 0,254313 0,1605352
0,6103516 0,2257028 0,1335144
0,4069011 0,2447762 0,170072
0,6103516 0,2479552 0,1637141
0,6103516 0,2447763 0,1525879
0,4069011 0,2384184 0,1541774
0,6103516 0,2574919 0,1637141
0,8138021 0,254313 0,1764298
0,4069011 0,2415974 0,1653036
0,4069011 0,254313 0,1716614
0,6103516 0,2511341 0,1748404
0,4069011 0,2384184 0,1684825
0,4069011 0,2511341 0,1589457
0,6103516 0,2352396 0,1557668
0,4069011 0,2479552 0,1748404
0,4069011 0,2670287 0,1811982
0,6103516 0,2670287 0,1716614
0,4069011 0,2352396 0,1621247
0,4069011 0,2479552 0,1557668
0,6103516 0,2352396 0,1525879
0,4069011 0,2384184 0,1637141
0,6103516 0,2479552 0,1653036
0,8138021 0,2702076 0,1748403
0,6103516 0,2702076 0,1780193
0,6103516 0,2415974 0,1716615
0,8138021 0,2702076 0,1811982
0,6103516 0,2511341 0,1637141
0,6103516 0,2924601 0,1923245
0,4069011 0,2574919 0,1716614
0,6103516 0,2733865 0,1748404
0,6103516 0,2765655 0,1827877
0,6103516 0,2511341 0,1716614
0,4069011 0,254313 0,1859666
0,6103516 0,2702076 0,1955034
0,6103516 0,254313 0,1716614
0,6103516 0,2670287 0,1891455
0,4069011 0,2479552 0,1605352
0,4069011 0,2797444 0,1891455
0,6103516 0,2765655 0,1891455
0,6103516 0,2702076 0,1748403
0,6103516 0,2670287 0,1748403
0,6103516 0,2606708 0,1780193
0,4069011 0,254313 0,1684825
0,4069011 0,2861023 0,1955034
0,6103516 0,2702076 0,187556
0,6103516 0,2574919 0,1780193
0,6103516 0,2702076 0,187556
0,6103516 0,2924601 0,2018612
0,6103516 0,2638497 0,1811982
0,6103516 0,2670287 0,1843771
0,6103516 0,2574919 0,1748404
0,6103516 0,2606708 0,170072
0,6103516 0,2415974 0,1732509
0,6103516 0,2479552 0,1684825
0,6103516 0,2574919 0,1859666
0,6103516 0,2638497 0,1923244
0,4069011 0,2320606 0,1716615
0,6103516 0,2765655 0,1875561
0,6103516 0,2606708 0,1796087
0,4069011 0,2670287 0,1939139
0,6103516 0,2606708 0,1811982
0,6103516 0,2447763 0,1748404
0,8138021 0,2797444 0,1891455
0,6103516 0,2797444 0,1859666
0,6103516 0,2733865 0,1923244
0,6103516 0,2733865 0,1843771
0,6103516 0,2574919 0,1843771
0,6103516 0,2797444 0,2050401
0,6103516 0,2702076 0,1986823
0,6103516 0,298818 0,2161664
0,6103516 0,298818 0,2129875
0,6103516 0,2861022 0,1970928
0,4069011 0,2765655 0,1986823
0,6103516 0,2924601 0,1986823
0,6103516 0,2956391 0,2129875
0,4069011 0,2670287 0,1780193
0,4069011 0,2861023 0,2082191
0,6103516 0,2956391 0,2145769
0,6103516 0,2765655 0,1939139
0,6103516 0,3147127 0,2193454
0,8138021 0,3274285 0,238419
0,6103516 0,2765655 0,2066296
0,6103516 0,301997 0,2098086
0,6103516 0,2797444 0,211398
0,6103516 0,298818 0,2257032
0,8138021 0,3210706 0,2304716
0,6103516 0,298818 0,2209348
0,8138021 0,3115337 0,2241137
0,8138021 0,2924601 0,2177559
0,6103516 0,3115338 0,2304716
0,8138021 0,3496809 0,2559029
0,6103516 0,3242495 0,2384189
0,4069011 0,3115338 0,2304716
0,6103516 0,3051759 0,2272927
0,8138021 0,3147127 0,2384189
0,6103516 0,3369653 0,255903
0,6103516 0,3337863 0,2511347
0,8138021 0,3147127 0,2463662
0,6103516 0,3433231 0,2543135
0,6103516 0,3051759 0,2272927
0,6103516 0,3083548 0,2241137
0,8138021 0,298818 0,2209348
0,8138021 0,3337863 0,2479557
0,6103516 0,3401442 0,2511346
0,6103516 0,3274285 0,2447768
0,6103516 0,3083549 0,2431873
0,8138021 0,3210706 0,2431873
0,6103516 0,3560386 0,2622607
0,6103516 0,3178917 0,2431873
0,6103516 0,3210706 0,2463663
0,6103516 0,3337863 0,2543136
0,8138021 0,346502 0,2622608
0,8138021 0,3592176 0,270208
0,6103516 0,3592176 0,267029
0,8138021 0,3433231 0,2463663
0,8138021 0,3687542 0,2717973
0,8138021 0,3337863 0,2543136
0,6103516 0,3401442 0,2574924
0,8138021 0,378291 0,2765657
0,8138021 0,3846488 0,2876918
0,6103516 0,3369653 0,2606713
0,8138021 0,3719331 0,2717973
0,8138021 0,4005432 0,2908706
0,8138021 0,3910065 0,2972284
0,6103516 0,43869 0,3083543
0,8138021 0,3814698 0,2829234
1,017253 0,4704791 0,329017
0,8138021 0,4418689 0,317891
1,424154 0,4704791 0,343322
1,017253 0,4831947 0,343322
1,017253 0,5118049 0,3830587
0,8138021 0,4895525 0,3814693
1,017253 0,5181628 0,3782903
1,017253 0,5499521 0,4100797
1,220703 0,559489 0,4259745
1,627604 0,5880992 0,4529954
3,051758 0,6612145 0,5022689
2,441406 0,7565817 0,5610788
1,831055 0,8296967 0,5928677
2,441406 0,8964536 0,6516767
4,272461 1,281103 0,8932749
3,255208 1,408259 0,9632107
5,900065 1,923243 1,37806
6,306966 2,16802 1,635551
6,917317 2,549489 1,924833
12,61393 2,972285 2,241135
9,765621 3,353755 2,519288
19,12436 4,132588 2,948442
12,81738 5,108514 3,460248
15,46224 6,345114 4,21842
21,97266 9,390516 6,092388
24,00716 11,42184 8,384388
27,87271 12,42002 9,377798
21,76921 14,17479 10,95931
21,76921 14,68023 11,21839
26,652 17,19793 13,50562
35,60379 18,47585 14,36393
29,0934 20,00809 15,55602
35,80724 20,5803 16,36664
38,04519 22,79599 18,98607
32,3486 22,27782 17,93861
37,2314 23,57482 19,21177
36,21414 23,9245 19,68066
40,0797 24,35048 20,04624
36,62104 24,96719 20,70427
37,2314 25,93357 21,20177
44,7591 27,79006 22,57027
47,60743 27,43084 22,43677
39,87625 29,36043 23,70038
42,31767 28,42902 23,08685
41,30041 29,03301 24,00715
43,33493 30,64153 25,05301
41,91077 30,632 25,417
51,47301 31,08976 26,04166
41,50386 31,50619 26,35477
48,62469 33,25141 27,98238
52,08337 33,56613 28,43538
51,47301 33,96348 28,69922
45,97981 33,20053 27,00486
48,62468 33,95395 28,70399
56,55931 36,36039 30,26166
52,69373 36,35403 31,09931
65,30775 35,76594 29,64337
48,42125 36,71325 30,62565
52,89717 37,76546 31,53163
53,50753 36,91671 30,8736
48,21778 37,28545 31,36156
46,79361 37,31405 32,21986
52,69373 37,88626 32,49961
51,06611 38,14694 32,87313
53,10063 39,02433 32,52664
56,55931 39,23413 32,09271
49,23504 38,19144 32,43126
57,98347 38,38854 32,12609
54,52479 38,71916 33,56773
53,71099 38,99253 33,47395
53,91444 39,6442 34,19239
58,39037 39,73005 33,44852
55,13515 40,99842 33,69488
60,62835 39,676 33,43104
56,55931 41,37354 34,84564
61,2387 42,12058 35,20486
67,74918 41,6819 35,08725
51,06611 39,63467 33,48667
61,03526 41,76136 35,41149
59,00073 42,09832 35,68806
53,10063 41,62149 35,76435
53,91444 41,94574 36,07429
57,16967 41,45618 35,68964
66,73191 43,20141 36,05522
60,83181 43,39215 35,9074
62,86633 44,80677 37,4603
57,37313 43,56381 37,49368
58,59383 42,86444 36,67352
59,20419 44,0184 37,63673
63,27323 43,57017 37,75434
71,81821 44,02158 37,10585
54,11789 42,21912 36,10289
60,83181 44,93075 37,58428
67,13882 45,50613 38,23277
64,29049 43,29995 36,39219
59,40763 43,07108 37,05977
61,03526 43,22049 36,93101
58,39038 42,91848 36,09971
56,35587 42,29543 35,58633
63,47668 44,64147 38,32178
58,18692 43,87217 37,926
60,018 44,27907 37,71301
56,15241 44,06926 38,5141
61,23872 43,01386 35,82476
58,59383 43,67824 37,89264
62,25597 44,61286 38,54429
65,71466 45,56018 38,84312
58,18692 45,99252 39,38195
69,3768 45,20415 38,63333
73,44584 45,0452 38,86855
56,96622 44,70822 38,50775
59,6111 43,56699 37,26002
63,06978 45,55381 39,10062
60,83181 43,46526 37,70346
56,35587 44,46345 38,38694
64,90085 46,93666 40,31338
75,88725 44,9689 37,63991
66,93537 43,2936 38,06905
60,01799 45,26137 38,36312
63,88358 45,58561 39,0418
63,06978 46,18326 39,57428
59,81454 44,52385 37,84652
60,4249 45,56336 39,13081
57,78003 45,80178 39,46303
67,74918 46,66328 39,6188
62,86632 46,60924 40,06703
63,68013 47,14331 40,64558
61,03526 46,82858 39,6315
62,05252 45,56655 38,93372
59,20419 45,42985 39,14035
61,03526 45,84312 39,43441
63,27323 46,68235 39,45826
63,27323 45,82721 39,54566
60,83179 46,9939 40,59632
62,25597 46,73322 39,66967
62,66288 45,63013 38,93374
58,79729 46,06881 39,31839
61,03526 45,38534 38,0929
57,16967 46,2532 39,99709
56,15241 45,05473 39,42963
