0,6103516 0,2861023 0,2272926
0,8138021 0,3147127 0,2320611
0,6103516 0,3115338 0,2304716
0,6103516 0,2892812 0,2161664
0,6103516 0,298818 0,2241137
0,6103516 0,3178917 0,2368295
0,6103516 0,3147127 0,2304716
0,6103516 0,3115338 0,2368295
0,8138021 0,3115338 0,2288821
0,6103516 0,2924601 0,2225243
0,6103516 0,3147127 0,2384189
0,6103516 0,2797444 0,211398
0,6103516 0,2924602 0,2129875
0,6103516 0,2924602 0,2225243
0,8138021 0,2956391 0,2288821
0,4069011 0,2638497 0,2002717
1,017253 0,3528598 0,2590818
0,8138021 0,3274285 0,2447768
0,6103516 0,298818 0,2272927
0,4069011 0,2956391 0,2304716
0,8138021 0,3083548 0,2320611
0,6103516 0,3306074 0,2511346
1,017253 0,3051759 0,232061
0,6103516 0,2924602 0,2209348
0,8138021 0,3306074 0,2447768
0,6103516 0,2765655 0,2177558
0,6103516 0,3306074 0,2495452
0,6103516 0,2861023 0,2177559
0,8138021 0,3274285 0,2400084
0,6103516 0,3115337 0,2415978
0,6103516 0,3337863 0,2463663
0,6103516 0,3274285 0,2431874
1,017253 0,3019969 0,2193453
0,6103516 0,2956391 0,2304716
0,8138021 0,3306074 0,2368295
0,6103516 0,3401442 0,255903
0,6103516 0,3369653 0,2447768
0,6103516 0,3178917 0,2272927
0,8138021 0,3592176 0,2638502
0,6103516 0,3337863 0,2543136
0,6103516 0,3178916 0,2447768
0,6103516 0,301997 0,2288821
0,6103516 0,3306074 0,2527241
0,6103516 0,3337863 0,2479557
0,8138021 0,3687543 0,2749763
0,8138021 0,3083548 0,23524
0,8138021 0,3592176 0,2765657
0,6103516 0,3274285 0,2527241
0,6103516 0,2861023 0,2193453
0,8138021 0,3433231 0,2590819
0,6103516 0,375112 0,2733867
0,6103516 0,343323 0,2590818
0,6103516 0,3337863 0,2606713
0,8138021 0,346502 0,2622608
0,8138021 0,3528598 0,2622607
1,220703 0,3274285 0,2511346
0,6103516 0,3592175 0,2686185
0,8138021 0,3655754 0,2654396
0,8138021 0,3369653 0,2495452
1,424154 0,3751121 0,2749763
0,6103516 0,343323 0,2574924
0,6103516 0,346502 0,2527241
0,8138021 0,3496809 0,2622608
0,6103516 0,3687542 0,2702079
0,8138021 0,3814698 0,2845128
0,8138021 0,4005433 0,2972284
0,8138021 0,3846488 0,2845129
0,8138021 0,4227956 0,3004072
0,8138021 0,4450479 0,3194805
0,6103516 0,4100799 0,3004072
0,8138021 0,4609423 0,3496799
0,8138021 0,4577635 0,3274277
1,017253 0,4863735 0,3623957
1,017253 0,4768369 0,3623958
1,017253 0,4641213 0,3433221
1,017253 0,5213417 0,3894166
1,017253 0,5245206 0,394185
0,8138021 0,5531311 0,4196166
1,017253 0,5340574 0,4180271
1,220703 0,559489 0,4275639
1,424154 0,6039941 0,4768376
1,017253 0,6675722 0,5102164
1,220703 0,7216136 0,5547209
1,831055 0,7979077 0,6055831
2,034505 0,8805589 0,6723394
2,237956 1,02361 0,774065
2,237956 1,106263 0,8360546
2,644857 1,312891 0,96639
3,66211 1,475016 1,115799
3,255208 1,61171 1,203218
5,696615 2,002716 1,476606
4,272461 2,044042 1,568794
4,475912 2,457301 1,837412
4,475912 2,635319 1,953442
8,544921 2,994538 2,190272
6,306967 3,112157 2,31107
6,713866 3,376007 2,485911
8,138019 3,957748 2,875327
8,748369 4,580817 3,350576
9,155272 4,930497 3,630321
13,42774 5,391439 3,903707
10,78288 5,880991 4,36306
10,57942 5,928677 4,377365
11,39323 6,704329 4,936854
12,81738 7,038115 5,219778
13,42774 7,890065 5,873044
12,61393 8,440015 6,206829
15,86915 9,028116 6,740887
21,76921 10,05809 7,333757
19,12436 10,42684 7,836024
19,32781 11,17706 8,675258
18,9209 11,57761 8,680027
17,7002 12,1816 9,414355
21,15886 13,04309 9,951591
20,14161 13,45953 10,27425
20,54851 14,34326 11,1866
21,15886 15,11574 11,79537
20,54851 15,74199 12,59645
21,56576 16,60983 13,35303
23,80371 16,33644 12,99063
24,00716 16,78785 13,3276
24,21061 17,63344 14,24948
23,3968 18,65705 15,0013
29,50031 18,73652 15,16184
28,27961 19,17521 15,63708
29,9072 19,64251 15,8151
30,31412 20,77103 17,11845
27,8727 21,02852 17,39184
33,77277 21,67701 16,70678
34,58655 22,91997 18,38843
39,67282 23,33323 18,88594
32,14517 22,82778 19,11958
37,63834 24,08346 20,13206
36,41763 24,32823 19,92544
38,04522 25,71742 21,30827
32,55207 25,19608 21,17316
34,17965 26,29597 21,53555
39,06247 27,06527 22,9295
39,67282 28,7501 24,47128
37,02797 28,84864 24,36478
38,65558 29,74828 24,92428
41,50389 31,65243 27,08911
46,18327 30,45081 25,31051
39,46937 31,57933 26,94448
42,52115 32,61883 28,03008
40,89354 32,6983 27,77576
48,82813 34,53572 28,95832
40,89355 33,54707 28,855
43,74186 33,86178 29,05209
44,55566 33,63609 26,88248
46,59015 35,6833 30,83068
49,03159 34,68512 29,57661
48,62466 34,17651 29,16495
47,40397 36,20782 31,73669
46,18327 36,53526 31,26781
49,84537 36,71963 31,98146
49,03158 37,68283 32,81116
44,35221 37,11063 32,09113
48,21777 37,53025 32,48691
49,23504 38,24233 33,22919
46,99706 37,90854 33,10045
46,99709 38,33134 33,76166
50,65919 39,13878 34,34975
51,67645 39,84768 34,29412
49,43848 39,81271 34,98871
45,9798 39,31679 34,41808
52,08337 39,6029 35,07454
52,08332 39,26911 34,33385
52,08335 39,93033 35,63562
56,35582 41,67874 36,42718
52,2868 42,39081 36,71169
52,89715 42,39081 36,64811
55,74545 43,5257 38,16286
51,26956 41,95213 35,88835
54,32129 44,39355 38,94489
62,45933 45,94167 40,28001
65,10423 45,02296 38,53956
57,77996 46,89536 40,37063
53,50751 45,15329 39,36767
60,22137 46,77137 41,0827
59,40759 47,5661 41,89014
62,05241 47,51206 40,88084
59,81448 48,37673 41,72326
61,03518 49,55611 44,01205
67,13876 50,7482 43,02502
61,84897 49,49888 43,61472
68,96984 49,18735 42,76435
66,73181 49,59424 42,69123
71,00425 51,71777 45,70485
65,51115 49,64511 43,27139
63,06967 50,55109 44,61765
74,05603 51,86081 44,38718
68,35947 52,83993 46,46621
72,22498 52,75726 45,02298
75,88711 53,15464 45,80975
73,03877 53,6251 46,64422
70,39393 53,26591 46,6474
76,29397 53,68236 45,38379
65,10416 55,42438 47,7759
72,22495 54,51202 47,66146
68,56287 55,33538 47,0845
76,29399 54,6074 47,39283
72,42844 55,52293 47,68054
79,34574 56,8549 47,89671
82,80438 56,76589 49,54814
69,1732 56,56562 47,90942
72,83532 58,02474 50,04406
73,03876 56,20004 47,70438
69,98702 55,89487 48,24481
80,76994 58,37124 48,71528
76,70091 60,38033 51,99274
74,66638 58,49205 49,9026
74,66637 59,60784 51,31564
73,44566 59,29631 51,00727
78,73539 60,06243 50,62103
79,95607 60,98114 51,58265
80,97336 61,47388 52,4076
86,87334 59,98295 52,20097
71,81809 58,83854 50,29998
79,34575 61,00657 52,96231
82,39745 63,23817 55,01112
85,04235 61,66777 51,32357
82,80443 63,13644 54,39759
82,39753 63,2636 54,19891
83,8216 63,4448 54,40714
89,72173 62,29402 53,58219
86,05958 63,62917 54,67732
88,50102 64,54788 55,12715
81,17679 64,25226 54,38808
84,2285 64,27768 54,10196
87,89061 66,03561 56,16985
85,24577 64,57014 54,68211
80,36298 62,04925 52,92894
91,7562 66,0833 56,23978
90,73889 66,58875 56,5672
