0,4069011 0,2415978 0,1438459
0,6103516 0,2368294 0,1398723
0,8138021 0,2543135 0,1478195
0,6103516 0,2543135 0,1502037
0,6103516 0,2495451 0,1653035
0,6103516 0,2447767 0,1422565
0,6103516 0,2638502 0,1565615
0,6103516 0,2463662 0,1573562
0,6103516 0,2463662 0,1517932
0,6103516 0,2447767 0,1390776
0,6103516 0,2574924 0,1621246
0,6103516 0,2384188 0,1517931
0,4069011 0,2511346 0,1541774
0,6103516 0,2590818 0,1692771
0,8138021 0,2447767 0,1565615
0,6103516 0,2606713 0,1605352
0,6103516 0,2495451 0,1462301
0,8138021 0,2511346 0,1565615
0,6103516 0,2606713 0,1629193
0,6103516 0,2479557 0,1621246
0,6103516 0,2733869 0,1708666
0,6103516 0,2559029 0,1676877
0,6103516 0,2479557 0,1541773
0,6103516 0,2511346 0,1613299
0,6103516 0,2495451 0,163714
0,6103516 0,2606713 0,1692771
0,6103516 0,2543135 0,1668929
0,6103516 0,2495451 0,1653035
1,017253 0,2622608 0,1740455
0,6103516 0,2384188 0,1446406
0,6103516 0,2511346 0,1605351
0,6103516 0,2606713 0,1700718
0,6103516 0,2574924 0,163714
0,6103516 0,2447767 0,1605351
0,6103516 0,2622608 0,1748402
0,6103516 0,2495451 0,1502037
0,8138021 0,2527241 0,1676877
0,6103516 0,2368294 0,1557668
0,6103516 0,2590819 0,1565615
0,6103516 0,2638502 0,1732507
0,8138021 0,2686186 0,181198
0,4069011 0,2400083 0,1509984
0,8138021 0,2479557 0,158151
0,6103516 0,2543135 0,1605351
0,6103516 0,2463662 0,1629193
0,6103516 0,2606713 0,1764296
0,4069011 0,2495451 0,1708665
0,6103516 0,2527241 0,1676877
0,6103516 0,2654397 0,1819927
0,6103516 0,2590819 0,1692771
0,6103516 0,2511346 0,1653035
0,4069011 0,2384188 0,1629193
0,6103516 0,2511346 0,1732507
0,6103516 0,2559029 0,1819927
0,6103516 0,2559029 0,163714
0,4069011 0,2463662 0,1660982
0,4069011 0,2527241 0,1668929
0,6103516 0,2559029 0,1692771
0,6103516 0,2431872 0,1645087
0,4069011 0,2368294 0,1470248
0,6103516 0,2479557 0,1660982
0,8138021 0,252724 0,1676876
0,6103516 0,2686186 0,1732507
0,6103516 0,2590819 0,172456
0,8138021 0,2654397 0,1804032
0,6103516 0,270208 0,186761
0,6103516 0,252724 0,1804032
0,8138021 0,2590819 0,1700718
0,6103516 0,2733869 0,1891452
0,6103516 0,2845129 0,1891452
0,6103516 0,2511346 0,1748402
0,6103516 0,2622608 0,1780191
0,6103516 0,2638502 0,186761
0,6103516 0,2638502 0,1772244
0,6103516 0,270208 0,1827874
0,8138021 0,2543135 0,1676877
0,6103516 0,2606713 0,1708666
0,6103516 0,2717974 0,1891452
0,6103516 0,2463662 0,172456
0,6103516 0,2527241 0,1756349
0,6103516 0,2590819 0,181198
0,8138021 0,270208 0,1796085
0,6103516 0,2622608 0,1732507
0,8138021 0,2781552 0,1843769
0,6103516 0,2638502 0,1835821
0,6103516 0,2638502 0,1732507
0,8138021 0,2654397 0,1819927
0,8138021 0,2749763 0,1835821
0,6103516 0,2686186 0,1756349
0,4069011 0,2463662 0,1629193
0,6103516 0,2590819 0,1700718
0,6103516 0,2908707 0,1970924
0,6103516 0,2765657 0,1796085
0,6103516 0,2654397 0,1732507
0,6103516 0,2876918 0,1994765
0,6103516 0,2765658 0,1939135
0,6103516 0,2574924 0,1772243
0,6103516 0,2638502 0,181198
0,6103516 0,2574924 0,181198
0,8138021 0,2765658 0,1923241
0,6103516 0,2781552 0,1923241
0,4069011 0,2590819 0,186761
0,6103516 0,2733869 0,1947083
0,6103516 0,2733869 0,1835821
0,6103516 0,2765658 0,1970924
0,8138021 0,2686186 0,1923241
0,6103516 0,2717974 0,1978872
0,6103516 0,2686186 0,1986819
0,8138021 0,2749763 0,1939135
0,6103516 0,2781552 0,201066
0,6103516 0,2956389 0,2042449
0,4069011 0,2654397 0,1835822
0,6103516 0,270208 0,1923241
0,6103516 0,2845129 0,2002713
1,017253 0,2797446 0,195503
0,6103516 0,2686186 0,1939135
0,6103516 0,2622608 0,1923241
0,6103516 0,2654397 0,1875558
0,6103516 0,2988178 0,2106026
0,6103516 0,2813341 0,201066
0,6103516 0,2972284 0,2145762
0,6103516 0,2861024 0,2042449
0,6103516 0,2924601 0,2161657
0,6103516 0,295639 0,1994765
0,6103516 0,2511346 0,1843768
0,6103516 0,2717974 0,201066
0,8138021 0,2733869 0,1962977
0,6103516 0,281334 0,2058344
0,6103516 0,2861024 0,2090132
0,6103516 0,2686186 0,1994766
0,6103516 0,2892812 0,2129868
0,6103516 0,2940495 0,2225235
0,6103516 0,2908707 0,2082185
0,6103516 0,3051755 0,2257023
0,6103516 0,3004073 0,2161657
0,8138021 0,2988178 0,2145763
0,6103516 0,2940495 0,2272918
0,6103516 0,3035861 0,2249076
0,8138021 0,3019967 0,2225235
0,6103516 0,3035861 0,2257024
0,8138021 0,3131227 0,2272918
0,8138021 0,3385537 0,2527229
0,6103516 0,3369642 0,2479545
0,6103516 0,3274276 0,2415967
0,8138021 0,3337854 0,2487492
0,8138021 0,34968 0,2551072
0,6103516 0,3369642 0,2511334
1,017253 0,3623956 0,2646441
0,8138021 0,4005432 0,2884866
0,8138021 0,3623958 0,2678231
0,8138021 0,3639853 0,2694126
0,8138021 0,4323325 0,3131237
1,017253 0,3989536 0,2853076
0,8138021 0,4466378 0,3155081
1,424154 0,5022692 0,3592186
1,627604 0,5388264 0,3894178
1,831055 0,5706151 0,4204118
1,627604 0,7120762 0,5118043
2,237956 0,8153912 0,5833301
3,255208 1,033148 0,7438672
6,713867 1,352628 0,96639
11,18978 1,813571 1,26362
13,83464 2,395312 1,673698
11,59668 3,148716 2,232395
11,59668 4,022917 2,877712
21,15886 5,572637 3,888608
21,15886 7,063549 5,137921
18,31056 8,859635 6,612145
35,1969 10,75745 8,489295
35,80725 12,22293 9,698871
59,00074 14,32737 11,29071
77,51487 17,59847 13,56602
71,0044 21,94246 16,48346
73,03892 27,17019 19,38105
83,00797 37,82114 25,98365
83,82176 53,93511 36,21341
88,70451 63,10474 51,74564
96,23206 67,60612 59,42036
87,89068 69,00327 60,7221
93,38378 71,78162 64,3866
102,7424 72,32362 65,0335
102,3355 74,40742 66,49342
92,77347 74,35814 67,5091
105,1837 76,27982 68,93169
103,7596 77,28754 70,45677
94,19759 78,19037 71,37235
110,0665 80,15807 72,94431
104,1665 81,47893 73,99499
108,4389 81,03706 74,36292
114,1354 82,7616 75,2586
99,28378 82,12581 75,38736
104,1665 83,0493 76,16699
104,7769 82,99368 76,25762
108,4389 84,04589 77,56412
97,65621 85,06953 78,41135
99,28378 83,54364 77,17316
111,0837 84,91851 78,26031
109,0492 85,13468 78,6728
109,2527 86,66532 79,52232
113,3216 86,76703 79,70673
99,69067 86,87827 80,77956
105,1837 88,55509 82,17668
114,9492 88,2515 81,56159
114,3389 90,88678 83,71046
110,0665 90,60544 83,63893
110,4734 90,54344 83,90993
125,5285 92,26799 85,58202
113,7285 91,46053 84,81272
113,3216 91,24753 83,78674
114,1354 93,28204 85,47791
119,0182 92,77024 85,77515
116,5768 93,35198 85,84505
111,4906 92,49685 85,36981
120,0354 95,06856 87,42338
121,0526 93,77156 86,74306
122,0699 96,25113 88,72276
123,9009 94,5552 87,37729
122,8837 95,61693 88,37067
125,9354 98,25061 89,3521
124,3078 98,02494 89,82744
122,6802 98,74812 91,00124
130,2078 96,23364 88,42075
122,2733 98,62891 90,62217
117,7975 98,66866 90,45047
118,2044 99,14387 91,50027
123,6975 98,50814 91,34533
122,8837 101,8698 93,5769
122,8837 101,2117 93,57691
124,5113 101,7617 93,26934
128,5802 102,2322 93,65559
129,394 101,5726 93,50616
120,4423 101,2118 93,63966
126,3423 103,0555 95,30226
118,8147 101,1752 93,01738
122,2733 101,803 94,32475
120,8492 102,2258 94,24844
125,7319 101,8904 94,35178
127,7664 102,2274 94,63471
123,9009 102,8727 94,95573
123,0871 104,6481 96,01357
128,1733 104,0442 95,50967
122,8837 103,9536 95,82993
123,6975 104,0092 95,54466
125,5285 104,8166 97,12456
130,2078 104,1634 95,56055
126,1388 104,2428 95,81329
123,9009 105,8783 97,23344
126,9526 106,4172 98,31189
126,1388 106,6175 98,35404
128,1733 106,0389 97,81756
125,1216 104,8389 96,44509
123,0871 106,4395 97,98208
125,325 105,791 97,59106
130,2078 105,6257 97,49652
126,1388 106,3568 98,05681
123,6975 104,8262 96,96723
123,2906 105,2426 97,05226
123,9009 105,8911 97,19132
122,0699 106,2026 98,43587
127,3595 105,9912 97,5036
122,8837 106,3775 98,36829
128,7836 105,6638 97,51795
130,2078 106,921 98,35949
126,1388 105,8386 97,98766
128,1733 105,8275 97,75716
128,3767 106,5809 98,04004
129,8009 107,0657 98,43505
125,9354 106,7065 98,0639
130,2078 106,8622 99,55245
127,563 106,4538 98,80305
127,3595 105,9308 98,0536
126,9526 107,258 99,13596
123,494 106,6175 98,39379
127,1561 106,5984 98,97625
117,594 101,8475 94,75629
