0,8138021 0,2956391 0,2177559
0,6103516 0,2861023 0,2082191
0,6103516 0,3115338 0,2320611
0,8138021 0,298818 0,2225243
0,6103516 0,2702076 0,2209347
0,6103516 0,3242495 0,23524
0,6103516 0,2861023 0,2241137
0,6103516 0,3051759 0,2272927
0,6103516 0,2892812 0,2161664
0,6103516 0,3051759 0,2209348
0,6103516 0,2829233 0,211398
0,6103516 0,298818 0,2241137
0,6103516 0,301997 0,2225243
0,8138021 0,2765655 0,2018612
0,4069011 0,2733865 0,2098085
0,6103516 0,2956391 0,2225243
0,6103516 0,3147127 0,2384189
0,4069011 0,2765655 0,2145769
0,6103516 0,3051759 0,2336505
0,8138021 0,2797444 0,2018612
0,6103516 0,3051759 0,2257032
0,4069011 0,2638497 0,1970928
0,6103516 0,2829233 0,2193453
0,6103516 0,3178917 0,2400084
0,6103516 0,2733865 0,2098085
0,4069011 0,2924602 0,2129875
0,8138021 0,3178917 0,2257032
0,6103516 0,3115338 0,2304716
0,6103516 0,2829233 0,2145769
0,4069011 0,2733865 0,2145769
0,6103516 0,2733865 0,2161664
0,6103516 0,2765655 0,2129875
0,6103516 0,3178916 0,2447768
0,6103516 0,2829233 0,2241137
0,8138021 0,3083548 0,2272927
0,4069011 0,3210706 0,2400084
0,6103516 0,2829233 0,211398
0,6103516 0,3051759 0,2193454
0,6103516 0,2892812 0,2225243
0,8138021 0,2924601 0,2304716
0,8138021 0,3560387 0,2559029
0,8138021 0,3178916 0,23524
1,017253 0,3019969 0,2272927
0,6103516 0,2956391 0,2225243
0,4069011 0,2892812 0,2241137
0,6103516 0,2733865 0,2129874
0,6103516 0,3083549 0,2320611
0,6103516 0,3274285 0,2463663
0,6103516 0,3433231 0,2495452
0,8138021 0,2956391 0,2257032
0,6103516 0,2797444 0,2177558
0,8138021 0,2797444 0,232061
0,8138021 0,3115338 0,2384189
0,4069011 0,2670287 0,2066296
0,6103516 0,298818 0,2384189
0,4069011 0,3083549 0,2384189
0,6103516 0,2861023 0,2288821
0,6103516 0,3274285 0,255903
0,6103516 0,2829233 0,2161664
0,6103516 0,298818 0,2336505
0,6103516 0,3147127 0,2336506
0,6103516 0,2765655 0,2082191
0,6103516 0,3178917 0,2400084
0,8138021 0,3210706 0,2400084
0,6103516 0,2861023 0,2193453
0,6103516 0,301997 0,2272927
0,6103516 0,3337863 0,2463663
0,6103516 0,3210706 0,2415979
0,6103516 0,301997 0,23524
0,6103516 0,2956391 0,2209348
0,6103516 0,301997 0,2336505
0,6103516 0,3147127 0,2384189
0,6103516 0,3178917 0,2320611
0,6103516 0,2861023 0,2272926
0,6103516 0,301997 0,2431873
0,8138021 0,3242495 0,2400084
0,6103516 0,298818 0,2336505
0,6103516 0,2924601 0,2193453
0,6103516 0,3306074 0,2511346
0,6103516 0,3083548 0,2272927
0,6103516 0,3115338 0,2384189
0,6103516 0,3210706 0,2463662
0,8138021 0,3401442 0,255903
0,4069011 0,2924602 0,2098086
0,8138021 0,3147127 0,2368295
0,6103516 0,3274285 0,2479557
0,6103516 0,3274285 0,2479557
0,8138021 0,3369653 0,2431874
0,6103516 0,3210706 0,238419
0,8138021 0,3401441 0,2479557
0,6103516 0,2924601 0,2209348
0,6103516 0,2892812 0,2304716
0,6103516 0,2733865 0,2193453
0,8138021 0,3019969 0,2336505
0,6103516 0,298818 0,2336505
0,6103516 0,3242495 0,2431873
0,6103516 0,301997 0,2320611
0,6103516 0,301997 0,2400084
0,8138021 0,298818 0,2336505
0,8138021 0,3274284 0,2431873
0,6103516 0,3115338 0,2400084
0,8138021 0,3115338 0,2447768
0,6103516 0,3337863 0,2415979
0,6103516 0,3306074 0,2479557
0,6103516 0,3178917 0,2415979
0,6103516 0,3178917 0,2495452
0,6103516 0,3369653 0,255903
0,8138021 0,3083549 0,2288821
0,6103516 0,3051759 0,2400084
0,6103516 0,3051759 0,2320611
0,6103516 0,3178917 0,2415979
0,6103516 0,2892812 0,2336505
0,6103516 0,3655754 0,2717974
0,6103516 0,298818 0,2336505
0,6103516 0,3147127 0,2431873
0,6103516 0,3592176 0,2622607
0,6103516 0,3560387 0,2543135
0,6103516 0,3274285 0,2511347
0,8138021 0,3528598 0,270208
0,6103516 0,3115338 0,2543135
0,8138021 0,3369653 0,2543136
0,6103516 0,3178917 0,2400084
0,6103516 0,3369653 0,2606713
0,8138021 0,3242495 0,2543135
0,6103516 0,3178917 0,2447768
0,6103516 0,2797444 0,2352399
0,6103516 0,3051759 0,2415978
0,6103516 0,3083549 0,2257032
0,4069011 0,3051759 0,2320611
0,6103516 0,3178917 0,2479557
0,6103516 0,3306074 0,2447768
0,6103516 0,3083549 0,2241138
0,6103516 0,3274285 0,2543135
0,6103516 0,3019969 0,2272927
0,6103516 0,3115338 0,2400084
0,6103516 0,2956391 0,232061
0,6103516 0,3051759 0,2384189
0,6103516 0,3115338 0,2336505
0,6103516 0,3051759 0,2288821
0,8138021 0,3274284 0,2527241
0,6103516 0,3051759 0,2368294
0,6103516 0,3051759 0,2415978
0,6103516 0,3337863 0,255903
0,6103516 0,3592176 0,2702079
0,8138021 0,3115338 0,2384189
0,6103516 0,3369652 0,2527241
0,6103516 0,3306074 0,2511347
0,8138021 0,3051759 0,2225243
0,6103516 0,3242495 0,2384189
0,8138021 0,3210706 0,2447768
0,8138021 0,3369653 0,2511347
0,6103516 0,3083549 0,23524
0,8138021 0,3178917 0,2431873
0,6103516 0,3178917 0,2447768
0,8138021 0,3115338 0,2384189
1,017253 0,3433231 0,2527241
0,6103516 0,2892812 0,2304716
0,8138021 0,3369653 0,2590819
0,8138021 0,3178916 0,2479557
0,6103516 0,3655753 0,2686184
0,6103516 0,3210706 0,2495452
0,6103516 0,3147127 0,2384189
0,6103516 0,3337863 0,2447768
0,6103516 0,2861023 0,232061
0,6103516 0,3369653 0,255903
0,4069011 0,2861023 0,2161664
0,6103516 0,3528597 0,2717974
0,6103516 0,3528597 0,2686185
0,6103516 0,3306074 0,2527241
0,8138021 0,3369653 0,2670291
0,6103516 0,3369653 0,2590819
0,8138021 0,3147127 0,23524
1,017253 0,3560387 0,2590818
1,017253 0,3878277 0,2845128
0,6103516 0,3337863 0,2527241
0,6103516 0,3592176 0,2702079
0,8138021 0,3337863 0,2463663
0,6103516 0,3178917 0,2431873
0,6103516 0,3496809 0,2590818
0,6103516 0,3306074 0,255903
0,6103516 0,3465019 0,2606713
0,6103516 0,3369653 0,2606713
0,6103516 0,2861023 0,2304716
0,8138021 0,3433231 0,2590819
0,6103516 0,3178917 0,2527241
0,8138021 0,3210706 0,2415978
0,6103516 0,3337863 0,2543136
0,8138021 0,3751121 0,2781551
0,6103516 0,3083549 0,2447768
0,6103516 0,3433231 0,2670291
0,6103516 0,3210706 0,2447768
0,6103516 0,3242495 0,2415979
0,6103516 0,3337863 0,2447768
0,6103516 0,3115338 0,23524
0,6103516 0,3242496 0,2495452
0,4069011 0,301997 0,2384189
0,6103516 0,3147127 0,2431873
0,6103516 0,3401442 0,2638502
0,8138021 0,3178917 0,2447768
0,6103516 0,3528597 0,2590818
0,6103516 0,3274285 0,255903
0,6103516 0,3465019 0,2590818
0,8138021 0,346502 0,2590819
0,6103516 0,3782909 0,2781551
0,8138021 0,3560387 0,2622607
0,6103516 0,3242495 0,2463663
0,8138021 0,3337863 0,2511347
0,6103516 0,3210706 0,2511346
0,6103516 0,3306074 0,255903
0,6103516 0,3655754 0,2638502
0,8138021 0,3592176 0,2670291
0,6103516 0,3465019 0,2638502
0,8138021 0,3592175 0,2622607
0,8138021 0,3401442 0,2590819
0,6103516 0,301997 0,2336505
0,6103516 0,3210706 0,2479557
0,6103516 0,3210706 0,2495452
0,6103516 0,3242495 0,2495452
0,6103516 0,3528597 0,2638502
0,6103516 0,3051759 0,2447767
0,6103516 0,3337863 0,2606713
0,6103516 0,3496808 0,2654396
0,6103516 0,3115338 0,2463662
0,8138021 0,3306074 0,255903
0,6103516 0,3274285 0,2511346
0,8138021 0,378291 0,2797446
1,220703 0,3592176 0,2702079
0,8138021 0,3242495 0,2543135
0,6103516 0,3178917 0,255903
0,6103516 0,3178916 0,2479557
0,8138021 0,3560386 0,2622607
0,8138021 0,3147127 0,2431873
0,8138021 0,3178917 0,2431873
0,6103516 0,3306074 0,255903
0,6103516 0,3369653 0,2543136
0,6103516 0,346502 0,2606713
0,6103516 0,3210706 0,2463663
0,6103516 0,3083549 0,2447768
1,017253 0,346502 0,2654397
0,6103516 0,3401442 0,2511346
0,6103516 0,3401441 0,255903
0,6103516 0,298818 0,2368294
0,6103516 0,3274285 0,2511346
0,8138021 0,3433231 0,2606713
0,8138021 0,375112 0,2733867
0,6103516 0,3401442 0,2622608
0,8138021 0,3528597 0,2717974
0,8138021 0,3337863 0,2543136
0,6103516 0,3178917 0,2479557
0,6103516 0,3496808 0,2574924
0,6103516 0,3210706 0,2543135
0,8138021 0,3401442 0,2622608
0,8138021 0,3337863 0,2463663
0,6103516 0,3274285 0,2527241
0,6103516 0,343323 0,2574924
0,8138021 0,3242495 0,2447768
0,6103516 0,346502 0,2622608
0,6103516 0,3242495 0,2574924
0,6103516 0,3306074 0,2527241
0,8138021 0,3528598 0,2670291
0,6103516 0,3401441 0,2574924
0,6103516 0,3592175 0,2654396
0,6103516 0,3242495 0,2431873
0,8138021 0,3910065 0,2892812
0,8138021 0,3528598 0,2654396
0,6103516 0,3592176 0,2717974
0,6103516 0,3719332 0,281334
0,6103516 0,3496808 0,2638502
0,6103516 0,3274285 0,255903
0,6103516 0,3496809 0,2638502
0,8138021 0,3560387 0,2622607
1,017253 0,3528598 0,2654396
0,4069011 0,3051759 0,23524
0,6103516 0,343323 0,270208
0,6103516 0,3369653 0,2590819
0,8138021 0,3973643 0,2988178
1,017253 0,3623964 0,2749763
0,6103516 0,3592176 0,2654396
0,8138021 0,3306074 0,2574924
0,8138021 0,3401442 0,2463663
0,8138021 0,3687542 0,2781551
0,6103516 0,3178917 0,2511346
0,6103516 0,3369652 0,2590819
0,8138021 0,3814699 0,281334
0,6103516 0,346502 0,2622608
0,6103516 0,3592175 0,2733868
0,6103516 0,3623964 0,2749763
0,6103516 0,3846487 0,2892812
0,6103516 0,3719332 0,2797446
0,8138021 0,3337863 0,255903
0,8138021 0,3401442 0,2686186
0,6103516 0,3496808 0,2622607
0,6103516 0,3592175 0,2702079
0,6103516 0,3560387 0,2717974
0,6103516 0,3687542 0,2765657
0,6103516 0,3433231 0,2654397
0,6103516 0,3846487 0,2829234
0,6103516 0,3687542 0,2829235
0,8138021 0,4100799 0,2956389
0,8138021 0,378291 0,2845129
0,6103516 0,3433231 0,2590819
0,6103516 0,375112 0,281334
0,8138021 0,3592176 0,2733868
0,6103516 0,346502 0,2590819
0,6103516 0,3655753 0,2717973
0,4069011 0,3560386 0,2749763
0,6103516 0,3337863 0,2431874
0,8138021 0,3687542 0,2733868
0,8138021 0,3623964 0,2717974
0,8138021 0,3369653 0,2622608
0,8138021 0,3592175 0,2781551
0,8138021 0,3496809 0,2654396
0,6103516 0,3623965 0,2702079
0,6103516 0,3655753 0,2765657
0,6103516 0,3782909 0,2845128
0,6103516 0,378291 0,2861023
0,8138021 0,3655753 0,2797446
0,6103516 0,3751121 0,2797446
0,8138021 0,3592176 0,2702079
0,8138021 0,3719333 0,2749763
0,6103516 0,3655754 0,2749763
0,6103516 0,3401441 0,2638502
0,8138021 0,3941854 0,2940495
0,8138021 0,4132588 0,2972283
1,220703 0,3846488 0,2892812
0,8138021 0,4132588 0,3004072
0,6103516 0,3782909 0,2861023
0,8138021 0,3655753 0,2765657
0,8138021 0,3687542 0,2829235
0,8138021 0,3687543 0,2781551
1,017253 0,3814698 0,2829234
0,6103516 0,3369652 0,2622608
0,8138021 0,3846487 0,2845128
0,6103516 0,3941853 0,2956389
0,8138021 0,3846488 0,2781551
0,6103516 0,3814698 0,2876917
0,6103516 0,3369652 0,2574924
0,8138021 0,3655754 0,2765657
0,8138021 0,3973643 0,2908706
1,017253 0,4164378 0,3004072
0,8138021 0,3687542 0,281334
0,6103516 0,3719331 0,281334
0,8138021 0,346502 0,2686186
0,6103516 0,3910065 0,2892812
0,6103516 0,3941854 0,2988178
0,8138021 0,3910066 0,2924601
0,8138021 0,4100799 0,3019966
0,8138021 0,4005433 0,2956389
0,8138021 0,3433231 0,2622608
0,8138021 0,3973643 0,2956389
1,017253 0,3655753 0,2765657
0,6103516 0,406901 0,2892811
0,8138021 0,4100799 0,3035861
0,6103516 0,406901 0,3019967
0,8138021 0,378291 0,2861023
0,6103516 0,3465019 0,2686185
1,017253 0,441869 0,3147122
0,6103516 0,4005432 0,2988178
0,6103516 0,4164377 0,3051755
0,8138021 0,4164378 0,306765
0,8138021 0,4100799 0,2956389
0,8138021 0,3655753 0,281334
0,8138021 0,3910065 0,2940495
0,6103516 0,3846488 0,2861023
0,8138021 0,406901 0,3019967
0,6103516 0,4514056 0,3242488
0,8138021 0,3973643 0,2924601
0,6103516 0,4355111 0,3147121
0,8138021 0,4227956 0,3083544
0,8138021 0,4259744 0,3067649
0,8138021 0,4037221 0,2972283
0,6103516 0,4132588 0,306765
0,8138021 0,4005432 0,2956389
0,6103516 0,406901 0,2972283
0,8138021 0,4323322 0,3147122
0,8138021 0,4450478 0,3194804
0,8138021 0,4545845 0,3242488
0,8138021 0,3910066 0,295639
0,8138021 0,4386901 0,3131227
0,6103516 0,4323322 0,317891
0,8138021 0,4386901 0,3178911
0,8138021 0,4227955 0,3083544
0,8138021 0,3910065 0,2908706
0,6103516 0,4355111 0,3163016
0,8138021 0,4450478 0,3274276
0,8138021 0,4196166 0,3115333
0,8138021 0,4355111 0,317891
0,8138021 0,4545846 0,3290171
0,8138021 0,4482267 0,3226593
1,017253 0,43869 0,3433222
1,017253 0,4768369 0,3528588
0,8138021 0,4673001 0,3480905
0,8138021 0,4545845 0,3337854
0,8138021 0,4831947 0,3496798
1,017253 0,4673001 0,3544484
0,8138021 0,4831946 0,3655746
1,220703 0,5181627 0,4021324
1,220703 0,5149838 0,397364
0,8138021 0,4768369 0,3703431
1,017253 0,4990892 0,3735219
0,8138021 0,4736579 0,3608062
1,017253 0,4800158 0,3719325
0,8138021 0,470479 0,3814694
0,8138021 0,4800158 0,3655746
0,8138021 0,508626 0,4164377
0,8138021 0,5149839 0,400543
1,017253 0,5022681 0,403722
1,017253 0,5022681 0,3910061
1,017253 0,5753836 0,4307428
1,017253 0,5372364 0,427564
1,017253 0,5499521 0,4434587
1,017253 0,5785626 0,4371007
1,017253 0,5531311 0,4386903
1,017253 0,5944573 0,4657113
1,220703 0,6484987 0,49909
1,220703 0,6930034 0,5356476
2,644857 0,7438661 0,5610787
2,848307 0,7788342 0,5865098
2,034505 0,8074444 0,6310139
2,034505 0,84877 0,6612135
2,237956 1,08401 0,8026756
3,051758 1,179378 0,8948649
2,441406 1,274745 0,9489061
2,644857 1,513163 1,138051
4,475912 1,913707 1,424154
4,679362 2,272924 1,702308
7,731118 2,953211 2,153713
8,544921 3,547669 2,590816
10,78288 4,326502 3,212293
9,969075 5,286535 3,981591
14,64844 6,612143 4,849434
18,31056 7,508597 5,787215
21,36231 8,176167 6,256103
20,75196 8,767447 6,782213
24,2106 9,250642 7,247926
46,79362 11,87007 8,872351
47,40397 12,68069 9,365082
49,64195 15,85325 11,54582
84,43209 22,53532 15,17296
66,12156 29,51622 20,25127
91,55276 41,01755 28,48466
83,21143 48,41807 35,03323
125,9354 63,67691 47,82046
96,0286 67,14834 53,93989
96,0286 72,61929 63,72303
105,3872 75,2546 63,57364
95,01137 73,20738 62,84724
112,101 80,99252 68,60905
115,763 78,42081 68,53593
111,2872 81,02432 71,11083
117,1871 82,97932 70,634
130,2078 84,49564 73,54908
102,132 83,57697 72,71938
119,6285 87,77942 74,18004
117,1871 87,08006 76,02222
120,8492 88,11323 77,54651
114,3389 88,00197 79,06769
121,2561 93,22802 81,42002
127,563 91,07595 80,2915
123,6975 93,40921 82,61211
124,1044 95,61855 84,8771
127,1561 96,20026 84,3319
128,1733 96,50863 86,12485
126,5457 99,04533 89,1384
126,9526 98,16481 88,00195
124,9181 100,0181 88,83002
130,2078 103,4481 92,86718
130,2078 107,4026 94,48364
130,2078 109,1128 96,30512
130,2078 107,552 94,67755
130,2078 109,4943 96,68184
130,2078 113,4266 99,26944
130,2078 114,7648 101,3261
130,2078 114,3198 100,9478
130,2078 112,0755 100,0387
130,2078 118,6113 104,2206
130,2078 117,7371 100,6967
130,2078 117,3111 102,256
130,2078 119,9782 104,3906
130,2078 120,8492 105,4746
130,2078 119,3202 104,4923
130,2078 122,8996 107,6521
130,2078 122,1525 107,1244
130,2078 122,8296 106,2899
130,2078 122,3973 106,948
130,2078 123,5131 106,4568
130,2078 123,5544 108,8187
130,2078 120,6903 104,6338
130,2078 120,9191 106,1421
130,2078 121,9109 108,3404
130,2078 123,7706 110,2779
130,2078 123,7292 108,2354
130,2078 122,96 107,1689
130,2078 125,7128 110,5734
130,2078 124,5049 109,4783
130,2078 124,1266 107,4359
130,2078 124,6034 111,0439
130,2078 126,2119 111,5716
130,2078 125,7573 110,5576
130,2078 124,8736 109,6627
130,2078 125,7478 110,4193
130,2078 126,6697 111,7226
130,2078 125,7382 111,233
130,2078 125,4395 110,4622
130,2078 125,29 109,1032
130,2078 126,3772 113,0117
130,2078 126,3772 112,7383
130,2078 124,9372 109,8805
130,2078 126,4662 111,818
130,2078 125,5571 112,0723
130,2078 126,4312 113,1849
130,2078 124,9848 108,024
130,2078 127,2991 112,8209
130,2078 126,0339 109,979
130,2078 126,0752 111,8625
130,2078 125,379 110,8309
130,2078 126,1674 111,0169
130,2078 127,2991 111,9833
130,2078 127,0447 113,08
130,2078 127,048 115,7249
130,2078 125,6588 112,3679
130,2078 127,0384 110,2682
130,2078 126,2087 113,0339
130,2078 126,3772 112,0087
130,2078 125,9131 112,7096
130,2078 126,4948 113,355
130,2078 124,5335 109,3432
130,2078 127,2673 113,3899
130,2078 127,0606 111,8275
130,2078 127,0543 111,6622
130,2078 126,8858 113,7524
130,2078 126,3962 112,1851
130,2078 127,7346 111,2712
130,2078 125,5189 113,6919
130,2078 127,2386 112,7509
130,2078 127,3213 114,0273
130,2078 126,8318 112,8496
130,2078 127,884 114,8331
130,2078 127,3372 115,55
130,2078 127,4516 114,199
