0,8138021 0,3019969 0,2257032
0,6103516 0,2861023 0,2145769
0,6103516 0,2861023 0,2050402
0,4069011 0,2892812 0,2145769
0,6103516 0,2797444 0,2177558
0,6103516 0,3147127 0,2320611
0,6103516 0,2797444 0,211398
0,6103516 0,2924601 0,2272926
0,6103516 0,2892812 0,211398
0,6103516 0,3083549 0,2415978
0,4069011 0,2892812 0,2209348
0,8138021 0,3178917 0,2400084
0,4069011 0,2733865 0,2050401
0,8138021 0,3083548 0,2368294
0,6103516 0,3274284 0,2384189
0,6103516 0,3242496 0,2320611
0,6103516 0,3147127 0,2400084
0,6103516 0,301997 0,2288821
0,6103516 0,3051759 0,2257032
0,6103516 0,2797444 0,2145769
0,6103516 0,3178917 0,2304716
0,6103516 0,3147127 0,2368295
0,6103516 0,3019969 0,2304716
0,6103516 0,2797444 0,2225242
0,6103516 0,2892812 0,2177559
0,4069011 0,301997 0,2304716
0,6103516 0,3210706 0,2320611
0,6103516 0,3083548 0,2384189
0,8138021 0,3274285 0,23524
0,8138021 0,2956391 0,2257032
0,6103516 0,2861023 0,2098085
0,6103516 0,298818 0,2257032
0,6103516 0,3178917 0,2415979
0,8138021 0,2829233 0,2161664
0,8138021 0,3147127 0,2336505
0,6103516 0,3051759 0,2320611
0,6103516 0,2956391 0,2209348
0,6103516 0,2892812 0,2193453
0,6103516 0,2956391 0,2193453
0,4069011 0,2765655 0,2082191
0,6103516 0,3337863 0,23524
0,6103516 0,3306074 0,2415979
0,6103516 0,3115337 0,2431873
0,8138021 0,3274285 0,2447768
0,4069011 0,2924602 0,2336505
0,6103516 0,3306074 0,2447768
0,4069011 0,2638497 0,2002717
0,6103516 0,3051759 0,23524
0,6103516 0,298818 0,2225243
0,8138021 0,298818 0,2384189
0,8138021 0,3814699 0,2765656
0,4069011 0,2670287 0,2161664
0,8138021 0,3115338 0,2272927
0,6103516 0,3051759 0,2320611
0,6103516 0,301997 0,2257032
0,6103516 0,3083549 0,23524
0,6103516 0,3178916 0,23524
0,6103516 0,2892812 0,2129875
0,6103516 0,3083548 0,2241137
0,6103516 0,2892812 0,2225243
0,8138021 0,3147127 0,2336505
0,8138021 0,3178916 0,2400084
0,6103516 0,3019969 0,23524
0,6103516 0,3465019 0,2638502
0,6103516 0,3083549 0,2272927
0,6103516 0,3306074 0,2511346
0,6103516 0,3337863 0,2415979
0,6103516 0,3083549 0,2463662
0,6103516 0,343323 0,2590818
0,6103516 0,3337863 0,2574925
0,6103516 0,3337863 0,255903
0,8138021 0,3242495 0,2447768
0,8138021 0,3306074 0,2495452
0,6103516 0,3051759 0,23524
0,6103516 0,3147127 0,2479557
0,8138021 0,3115338 0,2431873
0,8138021 0,3687543 0,267029
0,6103516 0,3210706 0,2463663
0,6103516 0,3178917 0,2463662
0,8138021 0,3687542 0,2749762
0,8138021 0,3528598 0,2606713
0,6103516 0,3147127 0,2384189
0,8138021 0,3528598 0,2638502
0,8138021 0,3623964 0,267029
0,6103516 0,298818 0,2336505
1,017253 0,3401442 0,2622608
0,6103516 0,298818 0,23524
0,8138021 0,3401442 0,2574924
0,6103516 0,3369653 0,2511347
0,6103516 0,3051759 0,2400084
0,6103516 0,3210706 0,2415979
0,6103516 0,3528598 0,2686185
0,6103516 0,3496808 0,2686185
1,017253 0,406901 0,2956389
0,6103516 0,3719331 0,2717973
0,8138021 0,3687542 0,2749762
0,8138021 0,3528598 0,270208
0,6103516 0,3846487 0,2845128
0,6103516 0,3337863 0,2543135
0,6103516 0,3592175 0,2717974
0,8138021 0,3560387 0,2638502
0,6103516 0,3401441 0,2574924
0,6103516 0,3592175 0,2702079
0,6103516 0,3751121 0,2829235
0,8138021 0,3242495 0,2495452
0,6103516 0,3369652 0,2574924
0,6103516 0,3496809 0,2670291
0,6103516 0,3560387 0,2733868
0,6103516 0,3655753 0,2686185
0,8138021 0,3496809 0,2559029
0,6103516 0,3496808 0,2622607
0,6103516 0,3623964 0,2717974
0,8138021 0,3592176 0,2781552
0,6103516 0,3433231 0,2654397
0,6103516 0,3623964 0,2702079
1,017253 0,3560387 0,2590818
0,6103516 0,3560387 0,267029
0,6103516 0,3687542 0,2733868
0,8138021 0,3719332 0,281334
0,6103516 0,3369653 0,2543136
0,8138021 0,3687542 0,2797446
0,8138021 0,3719332 0,2797446
0,6103516 0,3719332 0,2845129
1,017253 0,4100799 0,2972283
0,6103516 0,3592176 0,2686185
0,8138021 0,375112 0,2829234
0,8138021 0,378291 0,2845129
0,6103516 0,3846487 0,2829234
0,8138021 0,4005432 0,29246
0,8138021 0,3719331 0,2797446
0,6103516 0,3242496 0,2543136
0,8138021 0,3655753 0,2781551
0,6103516 0,3528598 0,270208
0,8138021 0,3528598 0,2638502
0,8138021 0,3751121 0,281334
0,6103516 0,3528597 0,2654396
0,6103516 0,3560387 0,2686185
0,8138021 0,3433231 0,2574924
0,6103516 0,3401442 0,2622608
1,017253 0,3751121 0,2765657
0,6103516 0,3592176 0,2686185
0,6103516 0,3528597 0,2654396
0,6103516 0,3655753 0,2797446
0,6103516 0,3496808 0,2733869
0,8138021 0,3560387 0,2654396
0,6103516 0,3719331 0,2797445
1,017253 0,378291 0,2781551
0,6103516 0,3337863 0,2590819
0,8138021 0,3465019 0,2590818
0,8138021 0,3687542 0,2845129
0,8138021 0,3973643 0,2861023
0,8138021 0,3401442 0,2622608
0,6103516 0,343323 0,2654396
1,017253 0,3941855 0,2908706
0,8138021 0,3687543 0,2829235
0,6103516 0,3782909 0,2876917
1,017253 0,3910066 0,2908706
0,6103516 0,4100799 0,2972283
0,8138021 0,3560387 0,2686185
0,8138021 0,3623964 0,2781551
0,6103516 0,3973643 0,2972284
0,6103516 0,3433231 0,2638502
0,6103516 0,3814698 0,2829234
0,6103516 0,3623964 0,267029
0,6103516 0,3465019 0,2670291
0,8138021 0,4037221 0,2972283
0,8138021 0,4259744 0,306765
0,8138021 0,3973643 0,29246
0,8138021 0,3687543 0,2797446
1,017253 0,3751121 0,2829235
0,8138021 0,4259745 0,3083544
1,017253 0,3910066 0,2892812
0,8138021 0,4545845 0,3274277
0,6103516 0,4259744 0,3147122
0,8138021 0,4641213 0,3306065
0,8138021 0,4355112 0,3194805
0,8138021 0,4482267 0,3385537
0,8138021 0,4736579 0,3592167
0,8138021 0,4736579 0,3480904
1,017253 0,4609423 0,34968
0,8138021 0,4800158 0,3592167
0,8138021 0,4482267 0,3480905
0,8138021 0,4418689 0,3306065
0,6103516 0,4450478 0,3465011
0,8138021 0,470479 0,3639852
0,8138021 0,4673001 0,3623957
0,8138021 0,4831946 0,370343
0,6103516 0,4609423 0,3560379
1,017253 0,4641213 0,343322
0,8138021 0,4704791 0,352859
0,8138021 0,470479 0,3576273
1,220703 0,4831947 0,3623957
0,8138021 0,4895525 0,3925957
0,8138021 0,4927314 0,3894167
1,220703 0,5118049 0,394185
1,017253 0,5149838 0,4021324
1,017253 0,5690258 0,4371008
1,017253 0,5880993 0,4529954
1,220703 0,5817415 0,4561745
1,220703 0,6326043 0,4879638
1,831055 0,7152559 0,5261111
1,220703 0,7184347 0,5563104
1,831055 0,8583066 0,6484979
1,627604 0,8869167 0,6675714
1,627604 1,014073 0,7740652
2,441406 1,096726 0,8392335
2,848307 1,207988 0,9314224
2,034505 1,331964 1,015664
2,237956 1,427332 1,099904
2,441406 1,551311 1,206397
3,255208 1,751582 1,365344
3,255208 1,792908 1,387596
3,86556 1,923243 1,503626
3,66211 2,085368 1,61012
4,272461 2,498626 1,937548
5,289714 2,819697 2,093315
5,696615 3,118514 2,423922
6,306965 3,410975 2,659161
6,306965 3,719331 2,970697
6,306965 3,836949 3,070831
9,765621 4,110337 3,212293
9,562171 4,733405 3,703436
6,713866 4,8542 3,86079
8,748369 5,33104 4,21842
8,748369 5,553564 4,428228
12,41048 6,078085 4,835128
11,18978 6,348291 5,119642
9,35872 6,732942 5,502702
10,17252 7,177989 5,752245
12,61393 7,435481 5,791984
10,98633 8,036293 6,546973
20,75196 8,767445 7,274945
18,31056 9,415942 7,645287
27,26235 10,83056 8,513131
48,62469 12,633 9,508131
63,47668 16,65433 11,86689
60,83181 23,27283 15,92636
87,07692 28,91222 20,58188
82,19418 34,07161 24,09459
96,63895 43,78957 30,57163
82,39763 52,21688 38,42515
96,63895 66,30592 50,14268
101,7251 70,04117 60,95736
111,4906 70,1556 60,14673
101,3182 74,10703 64,22532
100,5044 76,21146 65,36338
99,28377 76,15426 64,46534
108,4389 77,09517 67,69989
95,62171 78,88495 68,37862
111,2872 81,17374 71,7975
117,3906 83,13507 71,97073
121,0526 80,91626 72,23303
128,5802 83,13511 73,64763
111,0837 83,08426 72,39993
118,2044 83,83128 75,5359
109,6596 83,7359 75,37695
127,3595 86,60008 78,26974
106,4044 86,77493 75,60741
110,8803 86,49199 77,72775
108,6423 88,4311 79,19799
116,7802 89,85522 79,91004
122,0699 91,93424 81,95095
122,0699 90,51646 79,82901
127,7664 90,63725 81,03541
128,7836 93,49506 82,83785
128,9871 92,47781 81,55356
120,2388 93,97506 82,69004
120,0354 91,73396 81,83174
123,6975 95,10675 84,25722
129,5974 99,04852 86,28377
126,9526 96,35922 84,27948
128,5802 95,218 82,67252
129,394 99,01673 88,76172
127,1561 99,00719 87,68562
128,3767 105,2028 93,63651
130,2078 101,8014 90,36545
130,2078 105,3776 93,59673
126,1388 105,3236 93,71278
130,2078 108,868 97,43363
130,2078 110,4098 97,82462
127,7664 112,9879 97,68473
130,2078 111,8657 100,2151
130,2078 112,8988 101,1243
130,2078 114,679 102,1018
130,2078 115,728 103,1795
129,5974 114,6313 101,9937
130,2078 113,684 100,2295
130,2078 115,2766 101,6806
130,2078 116,6976 103,2462
130,2078 116,7961 103,3638
130,2078 118,6081 103,6181
130,2078 118,8084 106,7859
130,2078 118,5731 102,86
130,2078 120,525 105,6319
130,2078 118,2298 101,9015
130,2078 120,0449 105,287
130,2078 116,8979 102,3784
130,2078 121,005 105,934
130,2078 121,0177 106,5268
130,2078 118,589 103,4703
130,2078 121,005 108,1036
130,2078 121,7234 108,9618
130,2078 118,2998 104,6099
130,2078 121,7107 109,1049
130,2078 120,7093 104,5876
130,2078 120,5472 106,9384
130,2078 120,5885 105,2981
130,2078 120,9223 104,4589
130,2078 122,4577 109,6834
130,2078 121,9332 108,2752
130,2078 117,0568 102,0526
130,2078 120,1594 105,5779
130,2078 121,1639 106,282
129,5974 121,9999 105,1471
130,2078 119,2025 104,4303
130,2078 120,1022 106,0897
130,2078 119,3615 104,1633
130,2078 121,5168 107,8873
130,2078 121,9332 107,2023
130,2078 119,9846 106,4473
130,2078 121,3578 107,7475
130,2078 119,956 105,6176
130,2078 120,5345 107,0259
130,2078 119,8002 107,579
129,5974 119,0055 105,1503
130,2078 121,6884 107,6108
129,5974 120,7284 106,1024
130,2078 120,7507 104,416
130,2078 121,7266 106,3281
130,2078 120,8015 104,4637
130,2078 121,3515 107,4455
130,2078 121,539 108,4389
130,2078 120,6553 106,5856
130,2078 120,0513 104,675
130,2078 120,4646 106,5856
130,2078 120,7602 104,8118
130,2078 122,5435 110,1221
130,2078 122,1525 108,7647
