0,8138021 0,4307432 0,3163027
0,8138021 0,4418695 0,3266345
1,017253 0,4625326 0,3425295
0,8138021 0,4545852 0,3393505
0,8138021 0,4816062 0,3584239
1,017253 0,4927324 0,3711393
1,017253 0,491143 0,3790863
1,017253 0,4720694 0,3806756
1,017253 0,5324685 0,4180274
1,017253 0,5531311 0,4418688
1,220703 0,5737938 0,4545842
1,220703 0,5992249 0,4808098
1,017253 0,5992247 0,4641209
1,220703 0,7009506 0,5332615
1,424154 0,7534025 0,5682305
1,424154 0,7534025 0,5952522
1,627604 0,8058547 0,6357839
1,424154 0,8646653 0,6755207
1,424154 0,9218863 0,7239988
1,831055 0,9409601 0,721615
1,627604 0,9695701 0,7526091
1,831055 1,047452 0,81857
1,831055 1,050631 0,8106222
2,848307 1,13805 0,8900942
2,644857 1,209577 0,9139369
2,848307 1,225471 0,9012209
3,255208 1,314482 0,9552638
2,441406 1,333557 0,9918216
5,086263 1,432102 1,025995
4,475912 1,538595 1,125337
3,86556 1,543363 1,138053
5,086264 1,656213 1,211961
4,272461 1,626013 1,168252
4,272461 1,831054 1,30256
4,679362 1,997948 1,405875
9,765621 2,210937 1,574359
11,18978 2,420741 1,691182
7,934568 2,593994 1,808008
26,65201 2,977053 2,06073
19,93816 3,121695 2,182326
26,04166 3,525415 2,366701
24,41406 3,712972 2,547898
22,78646 4,24067 2,850691
22,17611 4,336041 2,918244
25,02441 4,723865 3,247261
20,34506 4,987718 3,389518
25,63476 5,633038 3,827413
22,17611 6,122588 4,006228
21,97266 6,814003 4,442533
25,43131 7,812183 5,215009
21,97266 8,738836 5,784831
29,0934 10,57465 6,957054
35,40034 13,34826 8,723734
46,99707 17,25356 11,26131
37,84174 20,79486 14,61426
39,46935 24,52214 18,48699
40,69006 27,92039 21,76364
48,62469 30,40311 25,00057
47,81088 32,13245 27,22104
51,26957 33,74734 28,4616
46,99707 33,35474 28,52517
44,55564 34,22734 28,94718
44,7591 35,2573 29,38824
47,60743 35,50365 30,10747
46,59017 35,6499 30,41184
52,08337 36,84198 30,8728
51,47301 37,09789 31,88448
50,2523 37,37603 32,34304
50,45576 37,62241 31,94887
49,4385 37,55088 32,29377
48,82814 37,97686 32,55446
52,28682 39,14193 33,30787
55,94896 38,87014 33,81885
53,71099 38,50456 32,11734
57,37313 39,12286 33,98972
50,6592 38,95437 33,96906
52,49028 39,51385 34,24404
52,89718 39,54408 34,41651
53,50754 39,32949 34,64379
50,86266 39,15781 34,29967
52,08337 39,7618 34,21065
53,91444 40,24024 34,6875
54,9317 40,51044 35,45521
53,10063 40,49934 34,27345
54,32135 40,41032 35,09043
52,08337 40,91418 36,02742
54,32135 40,42782 35,789
51,67647 40,34198 35,2613
53,50754 40,85061 35,065
57,16967 40,30064 35,97337
55,74551 41,68825 36,57976
61,23872 41,29406 35,7429
56,96622 40,99048 35,43137
52,89718 41,13353 36,18239
61,44217 41,59129 36,08464
54,32135 41,08744 36,04015
52,28682 40,93007 35,59349
53,91444 41,21141 36,62188
51,67647 41,9378 36,02583
59,6111 41,91874 36,48201
57,78003 41,82337 36,3302
53,10063 41,79475 36,2714
51,87992 42,77069 36,97076
62,66288 41,26068 35,23667
54,9317 41,29248 36,00754
54,9317 42,34312 36,71963
52,89718 42,32246 36,88891
59,00074 42,24298 36,45657
69,58025 41,32425 35,61733
55,13515 41,40057 35,58714
55,13515 42,37014 37,23222
53,50753 42,24298 37,15514
59,40765 42,44165 36,993
52,89718 41,36083 36,83884
54,72825 42,56245 36,42637
59,6111 43,43826 37,9324
57,98348 42,51319 36,59803
59,20419 42,96777 37,51198
53,30408 42,67692 37,72178
54,11789 42,63082 37,40946
60,83181 42,50205 36,52888
58,59384 43,06156 37,98087
54,9317 42,98844 37,27513
56,76277 42,95029 37,24176
68,96989 43,19666 37,81635
52,89717 43,03454 37,29025
60,018 42,44007 36,50426
64,49395 43,8245 38,34803
56,55932 42,44802 36,88891
56,76277 43,36992 37,50641
56,96622 43,13468 36,9072
60,22145 42,34948 36,53843
58,59383 42,84063 38,06194
61,84907 43,40647 38,33453
59,20419 43,57177 37,24893
59,40765 43,30792 37,6447
59,40765 43,44144 38,29717
56,76276 42,87082 37,42774
60,018 43,20462 37,67252
57,37313 42,81836 37,51514
59,40764 42,9948 37,64707
58,79729 42,74842 36,52015
56,15241 42,98686 36,83248
60,018 43,94213 38,55866
59,81455 43,27614 38,15253
58,18694 43,84358 38,39412
57,98348 43,63378 37,97132
55,94896 42,96778 38,31464
57,78003 43,42556 38,00312
54,72825 43,1792 38,17239
56,55932 43,78002 37,9006
59,00074 44,06928 38,88368
65,51121 43,48595 38,3242
58,79729 43,71164 37,69238
58,18694 43,45893 38,08974
59,81455 44,29657 39,15468
54,11789 43,92942 38,57294
63,47669 43,96119 38,1414
62,05252 43,95483 38,0961
56,76277 44,37129 38,54514
59,00074 43,52568 37,73609
60,018 43,91511 38,10247
55,94896 43,88968 38,53797
