0,4069011 0,2384184 0,1398722
0,4069011 0,2384184 0,1478195
0,6103516 0,2447763 0,1366933
0,4069011 0,2320606 0,149409
0,6103516 0,2320606 0,1509984
0,6103516 0,2574919 0,1668931
0,6103516 0,254313 0,1732509
0,6103516 0,254313 0,1525879
0,6103516 0,2415974 0,1462301
0,4069011 0,2479552 0,1668931
0,4069011 0,2384184 0,1478195
0,6103516 0,2320606 0,1430511
0,8138021 0,2670287 0,1716614
0,6103516 0,2384185 0,1573563
0,4069011 0,2511341 0,14623
0,4069011 0,2225239 0,1351038
0,4069011 0,2384184 0,1605352
0,6103516 0,2352396 0,1478195
0,6103516 0,2606708 0,166893
0,4069011 0,2511341 0,1637141
0,4069011 0,254313 0,1764298
0,4069011 0,2479552 0,1637141
0,6103516 0,2415974 0,1541774
0,6103516 0,2511341 0,1525879
0,6103516 0,254313 0,1732509
0,6103516 0,2511341 0,1780193
0,4069011 0,2320606 0,1398722
0,4069011 0,2574919 0,166893
0,6103516 0,254313 0,1668931
0,6103516 0,2574919 0,1764298
0,6103516 0,2670287 0,1811982
0,4069011 0,2352396 0,1430511
0,4069011 0,2606708 0,1716614
0,6103516 0,2606708 0,1637141
0,6103516 0,2447763 0,170072
0,4069011 0,2320606 0,1462301
0,6103516 0,2702076 0,1811982
0,8138021 0,2638497 0,1780193
0,6103516 0,2638497 0,1764298
0,4069011 0,254313 0,1764298
0,4069011 0,2352396 0,1573563
0,6103516 0,2765655 0,1780193
0,6103516 0,2638497 0,1811982
0,6103516 0,2670287 0,1843771
0,8138021 0,2956391 0,2066296
0,6103516 0,254313 0,1732509
0,6103516 0,2733865 0,1843771
0,6103516 0,2797444 0,1859666
0,4069011 0,2574919 0,1780193
0,4069011 0,2479552 0,1796087
0,4069011 0,2384184 0,1684825
0,4069011 0,2606708 0,1780193
0,8138021 0,2670287 0,1764298
0,6103516 0,2606708 0,190735
0,4069011 0,2574919 0,1732509
0,6103516 0,2702076 0,1923244
0,8138021 0,2924601 0,1986823
0,4069011 0,2479552 0,1843771
0,6103516 0,2352396 0,1716615
0,6103516 0,2829233 0,1955034
0,6103516 0,2574919 0,1684825
0,4069011 0,254313 0,1811982
0,6103516 0,2638497 0,1891455
0,4069011 0,2670287 0,170072
0,6103516 0,2574919 0,1668931
0,6103516 0,2638497 0,1811982
0,4069011 0,2511341 0,170072
0,6103516 0,2829233 0,1955034
0,6103516 0,2733865 0,1843771
0,4069011 0,254313 0,1843771
0,6103516 0,2829233 0,2002718
0,6103516 0,2670287 0,1811982
0,6103516 0,2511341 0,1891455
0,6103516 0,2670287 0,1923244
0,6103516 0,254313 0,1764298
0,6103516 0,2511341 0,1716614
0,6103516 0,2479552 0,1796087
0,6103516 0,2733865 0,1891455
0,6103516 0,2924602 0,2002718
0,6103516 0,2702076 0,1859666
0,8138021 0,2892812 0,2082191
0,4069011 0,2892812 0,1986823
0,6103516 0,2574919 0,1796087
0,4069011 0,2638497 0,1891455
0,6103516 0,2638497 0,1796087
0,6103516 0,2702076 0,1939139
0,8138021 0,2702076 0,187556
0,8138021 0,2765655 0,1955034
0,6103516 0,3083548 0,2177559
0,6103516 0,2670287 0,1827877
0,8138021 0,298818 0,2066296
0,6103516 0,2924601 0,2225243
1,017253 0,2829233 0,2002718
0,6103516 0,2638497 0,1732509
0,6103516 0,2415974 0,1796088
0,6103516 0,2797444 0,2098085
0,6103516 0,2924601 0,2161664
0,6103516 0,2670287 0,2050401
0,6103516 0,2861023 0,2209348
0,8138021 0,3115337 0,2209348
0,6103516 0,3019969 0,2082191
0,6103516 0,2733865 0,2002717
0,6103516 0,3083549 0,2193454
0,6103516 0,2892812 0,2145769
0,6103516 0,2797444 0,2082191
0,6103516 0,2956391 0,214577
0,6103516 0,2956391 0,2225243
0,6103516 0,3115338 0,2209348
0,6103516 0,2765654 0,2209347
0,6103516 0,2924601 0,2129875
0,8138021 0,346502 0,2527241
0,6103516 0,3051759 0,2241137
0,8138021 0,3433231 0,2543135
0,8138021 0,3369653 0,2447768
0,8138021 0,3115338 0,2415978
0,8138021 0,3433231 0,2527241
0,8138021 0,3147127 0,2415979
0,8138021 0,3178917 0,2320611
0,6103516 0,3051759 0,23524
0,6103516 0,3147127 0,2447768
0,6103516 0,3242495 0,2495452
0,6103516 0,3655753 0,267029
0,6103516 0,3496809 0,2638502
0,6103516 0,343323 0,2622607
0,8138021 0,3496808 0,2574924
0,6103516 0,3433231 0,2543135
0,6103516 0,3401441 0,2654397
0,6103516 0,3719331 0,2829235
1,017253 0,4069012 0,2924601
0,8138021 0,4132588 0,2940494
0,8138021 0,4577634 0,3242488
1,220703 0,4831947 0,3353748
0,6103516 0,4355111 0,3353749
0,8138021 0,4641213 0,3306065
0,8138021 0,4704791 0,3385537
0,8138021 0,4831946 0,3528588
0,8138021 0,4545845 0,3369643
1,220703 0,4863736 0,3671641
1,220703 0,4895525 0,3608062
1,017253 0,508626 0,3687536
1,017253 0,4990892 0,3592167
1,017253 0,5022681 0,3751114
1,424154 0,5467732 0,4053114
1,017253 0,5181628 0,4037219
0,8138021 0,5499521 0,4100798
1,424154 0,5340574 0,4069008
1,017253 0,5690258 0,4339219
1,220703 0,6675724 0,4927321
1,424154 0,6421409 0,4768375
1,831055 0,750224 0,5499529
1,831055 0,8042655 0,5912781
2,237956 1,033147 0,7502233
3,66211 1,201631 0,8821492
2,441406 1,31607 0,9727477
2,644857 1,471837 1,095136
2,441406 1,614889 1,22865
3,458659 1,920064 1,490911
4,069011 2,212525 1,69913
3,86556 2,358754 1,84377
5,086263 2,479552 1,945495
4,069011 2,489088 2,024967
4,475911 2,717973 2,175968
4,272461 2,854666 2,217294
4,679363 3,067652 2,474785
4,882813 3,016789 2,4573
4,475913 3,159841 2,573333
4,679363 3,207526 2,641679
5,086263 3,382365 2,757708
4,679363 3,410975 2,74658
5,289714 3,576281 2,84195
5,086263 3,716151 3,094673
5,493164 3,843307 3,186862
6,103515 4,053115 3,298124
6,510416 4,103978 3,441175
5,696614 4,180273 3,480911
6,713866 4,383723 3,643036
6,510415 4,316965 3,487268
8,74837 4,625321 3,760656
7,324216 4,685719 3,856023
8,95182 4,905063 4,145304
7,527668 5,057652 4,216829
8,138019 5,019506 4,075368
7,324217 5,044936 4,135768
7,934568 5,531312 4,614196
7,731118 5,655289 4,526774
8,13802 5,474088 4,491807
8,54492 5,388259 4,445713
7,73112 5,71251 4,747709
7,934569 5,763372 4,88758
8,748371 6,030401 5,051296
8,34147 6,09398 5,160969
8,544922 6,319682 5,367597
8,341469 6,246566 5,200704
8,544918 6,41505 5,415282
8,341469 6,462732 5,451838
8,951821 6,624858 5,590121
9,155272 6,465911 5,53449
10,17252 6,640753 5,524951
10,17252 6,761549 5,698203
8,54492 6,720226 5,658468
10,57942 7,0254 5,933443
9,562174 7,108053 5,998611
9,562172 7,289251 6,224315
10,57942 7,212956 6,108283
9,969072 7,413229 6,283125
9,765622 7,594425 6,47068
9,765622 7,648467 6,418225
9,969073 7,63893 6,368953
11,59668 7,740657 6,526312
9,76562 7,638931 6,62009
10,98633 8,093515 6,786982
13,42773 7,985432 6,736119
10,78288 8,201597 6,998378
12,61393 8,440018 7,241566
12,20703 8,5481 7,217724
11,39323 8,382796 7,243158
10,57942 8,39869 7,146198
10,98633 8,503593 7,368722
14,44499 8,818311 7,559459
12,00358 8,907316 7,580121
14,03809 8,920033 7,802643
12,61393 9,167985 7,856688
12,00358 9,295142 7,936159
13,02084 9,253817 7,840792
12,61393 9,384154 8,16822
11,80013 9,326935 7,977487
15,66569 9,485884 8,193653
14,85189 9,695689 8,28107
13,42774 10,24246 8,734066
13,42774 9,965899 8,730889
14,03809 10,27743 8,743604
13,63119 10,2965 8,694331
15,25879 10,82738 9,104414
15,05534 10,93229 9,341238
15,05534 10,70658 9,118716
13,42774 10,97361 9,601909
15,05534 11,40594 9,778339
15,05534 11,28833 9,784697
16,8864 12,14028 10,50472
14,24154 11,54264 10,00245
14,85189 11,78741 10,15345
16,07259 11,53946 10,23929
15,66569 11,96861 10,6589
15,6657 12,04173 10,40777
17,08985 12,22929 10,73043
15,46224 11,69523 10,42684
15,2588 11,62847 10,21385
14,64844 11,71112 10,22498
15,66569 12,03219 10,35532
16,4795 12,17842 10,4634
16,0726 11,84781 10,34419
14,85189 12,08306 10,7654
16,0726 12,19749 10,41094
17,2933 12,44227 10,72248
17,49674 12,53128 10,8846
19,53125 12,55989 11,02448
21,36231 12,9954 11,26766
15,86914 12,55035 10,95295
15,46224 12,5885 11,12779
16,27604 12,67115 11,04196
16,27605 12,68387 11,00858
15,6657 12,81738 11,34554
15,46224 12,94772 11,3821
17,90365 13,23064 11,52833
18,1071 13,00176 11,35667
15,66569 13,03355 11,34236
22,17611 13,37687 11,46475
16,88639 12,91911 11,38846
17,2933 13,20521 11,44727
17,08984 13,04944 11,41071
16,27605 13,39277 11,71112
18,9209 13,76152 11,80649
17,08985 13,17978 11,56807
15,86915 13,16706 11,6094
16,68295 12,99222 11,52833
17,90365 13,27833 11,70158
17,49676 13,31647 11,77788
18,514 13,31647 11,53946
18,9209 13,4786 11,85735
19,32781 13,31647 11,5331
19,93815 13,7202 11,98133
18,31055 13,43409 11,75563
16,68295 13,36416 11,83192
17,90365 13,72338 11,85894
19,3278 14,1271 12,4534
18,31056 13,44681 12,03855
18,31056 13,7043 11,92093
17,29329 13,65662 11,88755
16,07259 13,79013 12,13391
18,92091 14,00312 12,38982
20,75196 13,92683 12,05285
17,49675 14,06988 12,43114
18,51401 14,30194 12,47247
18,514 14,55943 12,53128
18,514 14,54671 12,66638
19,32781 14,32737 12,65049
19,53126 14,15253 12,29445
17,2933 14,27651 12,66639
20,75195 14,55307 12,7236
17,90366 14,73427 12,83487
19,53126 14,58486 12,77129
19,53126 14,30194 12,65049
18,10711 14,47042 12,80626
19,93815 14,99494 12,83487
19,3278 14,534 12,94295
19,3278 14,64208 12,55671
19,12435 14,85825 12,98428
22,1761 14,87414 13,12574
19,93816 15,14117 13,10984
23,80371 15,17614 13,17819
17,49675 14,67069 12,79036
23,8037 14,80421 12,695
23,39681 15,6498 13,66138
22,78645 15,25243 13,42297
24,00714 15,17614 13,4929
20,14161 15,49403 13,64549
23,19336 15,15707 12,99382
19,12435 15,1825 13,28627
18,71746 15,36687 13,70907
23,39681 15,41456 13,52151
18,10711 15,14117 13,16389
20,75195 15,23654 13,41025
19,12436 15,20157 13,42774
21,3623 15,5735 13,63437
28,48309 15,17296 13,00653
21,97265 15,79921 13,99676
22,98991 15,47178 13,48495
21,97266 15,62755 13,69
20,1416 15,45588 13,31488
20,54851 15,62754 13,71702
21,15886 15,41456 13,72496
19,7347 15,20793 13,17183
20,14161 15,33191 13,57873
20,9554 15,88186 13,86961
19,12436 15,55443 13,75993
20,34505 15,92954 13,78854
22,583 15,50039 13,57555
22,1761 15,71974 13,51197
21,76922 15,64662 13,64231
19,93816 15,66887 13,68841
22,78646 15,9963 13,86166
21,76921 15,99948 14,12233
21,97265 15,85007 13,92682
22,98991 16,08849 13,88073
27,46582 16,10438 14,08259
22,17611 15,74835 13,75676
23,60026 15,83417 13,76788
27,87273 16,80692 14,40525
21,76921 16,20611 14,18114
21,56574 16,6289 14,25902
26,24512 16,9309 14,60075
25,63477 17,08667 14,58168
22,78646 16,57168 13,89027
24,41407 17,10892 14,79943
26,24512 17,48403 14,7597
23,60026 17,55397 14,79467
34,1797 18,19611 15,41933
24,61751 17,75424 15,26674
27,66927 18,8001 15,63867
29,90724 18,69837 15,49721
24,61752 18,20247 15,4988
29,50033 19,17203 15,86437
26,652 18,514 15,50834
27,05892 18,45678 15,64344
30,92445 19,21972 15,42091
24,82096 18,14843 15,51787
27,05893 19,50582 16,2363
31,12793 19,07031 16,10438
27,46583 18,25333 15,70225
29,70377 19,14025 16,17273
30,72104 19,60436 16,34439
26,65202 19,81736 16,49062
31,33139 19,86504 16,59552
25,43131 19,68702 16,4477
28,88996 19,61073 16,37936
30,11068 19,63616 16,81328
29,70378 19,59165 16,34598
26,85545 19,48993 16,60188
23,60026 18,9209 15,89298
29,90723 19,75378 16,45565
29,50034 19,50264 16,3285
32,14521 19,44542 16,16319
31,94173 19,04488 15,96292
27,05892 19,77285 16,12822
27,87273 19,92544 16,19498
30,51756 20,51989 17,35528
33,56934 20,18611 16,62731
35,4004 20,63433 17,14071
32,95897 19,36595 16,27764
27,87271 20,22108 17,07713
35,60383 21,10481 17,61119
30,51759 20,97765 17,63185
38,45216 20,61844 17,19475
29,29688 20,58665 17,01673
31,53483 20,80281 17,52536
31,53483 20,9109 17,37277
28,07618 21,33369 17,8496
30,31412 21,46721 17,77013
30,51759 20,98083 17,37595
38,65562 21,11753 17,41568
30,72104 21,07939 17,62867
33,56934 21,68019 18,17226
31,33138 21,51807 17,41886
29,70379 21,39409 18,09915
28,68651 21,0158 17,759
34,5866 22,46221 18,46949
30,31411 22,0267 18,11028
29,90724 22,0871 18,8605
34,79007 23,489 19,39456
39,8763 22,77374 18,68884
30,92449 22,42406 18,62844
33,56934 22,75785 18,81281
32,959 23,05348 18,68566
43,13152 23,1266 19,45814
32,55209 23,25693 18,97017
35,8073 22,56075 18,95428
34,38314 22,99944 19,32303
34,58659 22,74831 19,12911
31,12791 22,01716 18,45201
34,38316 22,36366 18,27081
34,58657 22,85957 18,92726
37,028 22,08391 18,26127
31,53483 22,86593 18,8605
37,63836 23,47947 19,37708
30,72102 23,84186 19,44383
38,04526 23,77192 19,53283
35,4004 22,78963 18,8748
36,62112 22,64976 18,80805
34,99349 22,72924 18,89228
31,53485 23,03123 19,30236
36,01076 24,29962 20,20518
38,45216 23,10117 19,29124
36,6211 23,89272 19,69814
37,02802 23,96266 19,62185
37,63836 22,53533 18,45042
42,92808 23,83231 19,14182
32,95899 22,57665 18,83984
40,69013 24,55711 19,97153
33,16243 23,53032 19,27377
35,60385 22,85958 19,01627
37,02801 23,52079 19,20223
32,959 23,28873 19,39297
34,58659 24,02942 19,70132
31,53483 23,35229 19,07984
35,80731 24,0612 20,28942
38,24871 23,75603 19,34052
31,12795 24,23604 19,78238
37,63834 23,82278 19,6902
34,58657 23,51761 19,56463
39,46941 24,25194 19,73311
37,02803 24,91951 20,73924
37,4349 25,32641 20,85367
44,35226 24,2583 19,96994
36,82455 24,73831 20,6693
39,26595 25,52668 21,01104
33,77277 24,88454 20,5787
36,2142 25,92722 21,67384
38,65561 26,72831 21,63409
39,87632 25,51715 21,20178
36,82454 25,6888 21,39728
34,58661 24,72878 20,83302
46,18326 26,17836 21,47515
35,60386 25,52033 21,55146
45,97984 26,52168 22,3271
46,18326 25,55847 20,91249
35,60384 25,65702 20,84415
35,19695 25,96219 21,57847
42,31773 25,97809 21,49582
36,21419 26,02577 21,588
40,89355 26,00034 21,47516
39,8763 27,0462 23,04554
37,63837 27,83775 22,23014
40,28325 26,92859 22,16816
44,35223 27,37045 22,77055
37,4349 26,07981 21,92974
43,53841 26,1275 21,39886
35,80728 26,31824 21,93451
34,79005 26,26737 21,70722
39,0625 26,09253 21,85504
41,50393 27,24965 22,51624
37,43491 26,40406 21,43066
41,097 27,56119 22,88501
36,01074 26,83004 21,39886
39,46941 27,64702 22,67361
40,48666 26,9858 22,47969
40,6901 26,95402 22,15545
40,2832 26,60751 22,03465
43,33501 27,77418 22,83732
40,69011 26,14974 21,52283
36,62109 26,04802 21,57847
48,21778 27,86318 23,21561
36,62109 26,28326 22,11411
40,48668 26,55347 21,65953
37,23145 26,76328 21,65636
37,84179 26,49625 22,27942
38,45215 27,6184 22,61002
37,02801 27,65656 23,16952
43,53843 28,65791 23,49377
48,82815 28,16836 23,26171
39,06252 27,7392 23,09481
41,91079 28,60387 23,7608
36,82455 26,3977 21,89795
36,2142 27,5008 22,61957
40,28322 26,32141 22,18087
36,82454 27,43402 22,57823
39,67285 27,98716 23,10912
37,43492 26,64248 22,76739
42,72464 27,76781 22,95335
37,63834 27,07799 22,44314
37,63837 27,13521 22,84845
41,50391 26,78872 22,23015
43,13151 28,10796 23,41906
38,85907 27,21151 23,17587
34,9935 26,85864 22,18405
42,72461 27,19561 21,71039
38,04527 26,97626 22,46698
40,28321 27,09389 22,47492
37,63836 28,13339 23,17905
37,23144 27,6343 22,98673
42,52116 26,30552 21,77874
36,01074 26,31505 21,63569
45,36948 27,2274 22,49718
36,41764 27,97445 23,79258
43,33496 28,03484 23,27759
37,84181 27,24965 22,6895
40,48664 26,49625 21,77715
42,11428 27,88225 22,78169
42,11427 27,38635 22,45903
48,01435 27,66927 22,97083
37,028 27,22105 22,07915
35,60385 26,07345 21,25581
36,21421 26,58844 22,43201
38,04526 27,52939 22,8405
38,24872 27,2433 22,84845
35,40041 26,75056 22,15068
44,55566 27,50714 23,39204
41,50394 28,18426 23,07892
41,30046 29,18561 23,94836
39,26596 29,30005 24,25829
45,77638 28,28598 23,46357
39,87633 27,65656 22,68473
36,41766 27,25283 22,81666
41,09698 28,79461 23,55735
39,46939 28,27326 23,54463
37,84179 27,89815 23,25217
38,65561 28,03802 23,32369
45,16603 29,13793 23,43178
42,72464 28,24147 23,57165
42,31772 28,77871 23,72741
41,09702 28,91223 23,47152
37,84181 28,02848 23,31256
41,097 29,19833 24,46333
38,04526 28,8868 24,07869
42,9281 28,56255 23,56211
41,70736 28,92176 23,88
40,48666 28,24465 23,69721
