0,6103516 0,2956391 0,2177559
0,4069011 0,2797444 0,2225242
0,6103516 0,3147127 0,2241138
0,6103516 0,3147127 0,2241138
0,6103516 0,2892812 0,2145769
0,6103516 0,2956391 0,2272927
0,6103516 0,2956391 0,2177559
0,8138021 0,2797444 0,2098085
0,8138021 0,298818 0,232061
0,4069011 0,2829233 0,2193453
0,6103516 0,2829233 0,2209348
0,6103516 0,301997 0,2288821
0,6103516 0,3083548 0,2272927
0,6103516 0,3115337 0,2384189
0,6103516 0,3115337 0,2304716
0,8138021 0,3019969 0,2288821
0,8138021 0,3274285 0,2320611
0,6103516 0,3147127 0,2304716
0,8138021 0,2733865 0,2002717
0,8138021 0,2797444 0,2193453
0,6103516 0,2606708 0,1970928
0,6103516 0,2861023 0,2018612
0,8138021 0,3019969 0,2193453
0,6103516 0,3051759 0,2272927
0,6103516 0,2670287 0,2098085
0,6103516 0,2733865 0,2098085
0,6103516 0,3178917 0,2304716
0,6103516 0,2924601 0,2177559
0,6103516 0,3306074 0,2368295
0,8138021 0,2924601 0,2145769
0,4069011 0,2670287 0,1986823
0,6103516 0,2924601 0,2161664
0,6103516 0,3019969 0,23524
0,8138021 0,2924601 0,2034507
0,8138021 0,298818 0,2288821
0,6103516 0,298818 0,2241137
0,6103516 0,301997 0,2257032
0,8138021 0,2924601 0,2209348
0,4069011 0,2702076 0,2050401
0,8138021 0,298818 0,2241137
0,8138021 0,2924601 0,2257032
0,6103516 0,2892812 0,2225243
0,6103516 0,2892812 0,2177559
0,8138021 0,2797444 0,2161664
0,8138021 0,2892812 0,2161664
0,6103516 0,2861023 0,2241137
0,6103516 0,3147127 0,2288822
0,6103516 0,301997 0,2288821
0,6103516 0,298818 0,2304716
1,017253 0,3242495 0,2447768
0,6103516 0,3178917 0,2336506
0,6103516 0,2924601 0,2241137
0,6103516 0,2892812 0,2209348
0,8138021 0,3051759 0,2415978
0,6103516 0,3083549 0,2129875
0,6103516 0,3051759 0,2257032
0,6103516 0,2956391 0,2272927
0,6103516 0,2924601 0,2272926
0,6103516 0,298818 0,2225243
0,4069011 0,3369652 0,2543135
0,8138021 0,3178917 0,2368295
0,6103516 0,3242496 0,2479557
0,6103516 0,3274285 0,2527241
0,6103516 0,2892812 0,2161664
0,6103516 0,3210706 0,23524
0,4069011 0,2733865 0,2209348
0,6103516 0,2956391 0,232061
0,6103516 0,3083549 0,2241138
0,6103516 0,2988181 0,2288821
0,6103516 0,2924602 0,2225243
0,6103516 0,2956391 0,214577
0,6103516 0,2797444 0,2129875
0,6103516 0,298818 0,2241137
0,6103516 0,2797444 0,2193453
0,6103516 0,3051759 0,2304716
0,6103516 0,3115338 0,23524
0,6103516 0,3178917 0,2447768
0,8138021 0,3242495 0,2336506
0,6103516 0,3019969 0,2225243
0,8138021 0,298818 0,2241137
0,6103516 0,3115338 0,23524
0,6103516 0,3147127 0,23524
0,6103516 0,3147127 0,2384189
0,8138021 0,3147127 0,2336505
0,6103516 0,3115337 0,2384189
0,6103516 0,3210706 0,2447768
0,8138021 0,3337863 0,2511347
0,6103516 0,2829233 0,2225242
0,6103516 0,2892812 0,2177559
0,6103516 0,2988181 0,2272927
0,6103516 0,3147127 0,2400084
0,8138021 0,3242495 0,238419
0,8138021 0,298818 0,2225243
0,6103516 0,3210706 0,2400084
0,8138021 0,3242495 0,2368295
0,8138021 0,3337863 0,2431874
0,6103516 0,2924602 0,2272927
0,8138021 0,298818 0,2241137
0,8138021 0,3337863 0,2463663
0,6103516 0,301997 0,2225243
0,6103516 0,2861023 0,2288821
0,6103516 0,3147127 0,2288822
0,6103516 0,3083548 0,2320611
0,8138021 0,3115338 0,2400084
0,6103516 0,3369653 0,2463663
0,6103516 0,3147127 0,2415979
0,6103516 0,3274285 0,2495452
0,6103516 0,3337863 0,2415979
0,6103516 0,3274285 0,2495452
0,8138021 0,3178916 0,2463662
0,6103516 0,3178917 0,2400084
0,6103516 0,301997 0,2320611
0,6103516 0,3051759 0,23524
0,8138021 0,3115338 0,23524
0,6103516 0,3147127 0,2400084
0,6103516 0,3242495 0,23524
0,8138021 0,3401442 0,2638502
0,6103516 0,3083548 0,2336505
0,6103516 0,3178917 0,2431873
0,8138021 0,3178916 0,2431873
0,6103516 0,3210706 0,2463663
0,8138021 0,3178917 0,2384189
0,6103516 0,3147127 0,23524
0,6103516 0,2892812 0,2304716
0,6103516 0,2924602 0,2225243
0,6103516 0,3051759 0,2368294
0,6103516 0,3242495 0,2400084
0,6103516 0,3306074 0,2574924
0,8138021 0,3178917 0,2463662
0,6103516 0,3401442 0,2495452
0,6103516 0,3242495 0,2463662
0,6103516 0,2956391 0,2257032
0,6103516 0,3178917 0,2431873
0,6103516 0,3115338 0,2384189
0,4069011 0,2956391 0,2336505
0,8138021 0,2892812 0,2177559
0,8138021 0,3560387 0,2670291
0,6103516 0,3051759 0,2320611
0,4069011 0,2924602 0,232061
0,6103516 0,2861023 0,2304716
0,6103516 0,2924601 0,232061
0,6103516 0,3337863 0,2511347
0,6103516 0,3274285 0,2527241
0,6103516 0,3019969 0,2384189
0,8138021 0,3178917 0,2479557
0,8138021 0,3210706 0,2495452
0,6103516 0,3369652 0,2606713
0,6103516 0,3210706 0,2400084
0,6103516 0,3178916 0,2415978
0,6103516 0,3369653 0,2606713
0,6103516 0,3083549 0,23524
0,6103516 0,3623964 0,2686185
0,6103516 0,2861023 0,2288821
0,8138021 0,3210706 0,2400084
0,6103516 0,3083549 0,2400084
0,6103516 0,3147127 0,2336505
0,6103516 0,3178916 0,2400084
0,8138021 0,3242495 0,2511346
0,6103516 0,3337863 0,2574925
0,6103516 0,3115338 0,2384189
0,8138021 0,3306074 0,2479557
0,6103516 0,3655753 0,267029
0,6103516 0,3083549 0,2384189
0,6103516 0,3147127 0,2415979
0,6103516 0,3051759 0,2415978
0,6103516 0,3496809 0,2574924
0,6103516 0,3306074 0,2590819
0,8138021 0,3655754 0,2749763
0,6103516 0,3560386 0,2654396
0,8138021 0,3306074 0,2495452
0,6103516 0,3210706 0,2543135
0,6103516 0,3178917 0,2431873
0,8138021 0,3306074 0,2463663
1,017253 0,3655753 0,2590818
0,6103516 0,3115338 0,2431873
0,6103516 0,3242495 0,2447768
0,6103516 0,3433231 0,255903
0,6103516 0,3178917 0,2495452
0,6103516 0,3242495 0,2527241
0,6103516 0,3178917 0,2415979
0,8138021 0,3433231 0,255903
0,6103516 0,3178917 0,2463662
0,6103516 0,3274285 0,2479557
0,8138021 0,3592176 0,2733868
0,6103516 0,3592175 0,2702079
0,8138021 0,3274284 0,2431873
0,8138021 0,3528598 0,2654396
0,8138021 0,3274285 0,23524
0,4069011 0,2988181 0,23524
0,6103516 0,3592175 0,2702079
0,6103516 0,3496809 0,2622607
0,6103516 0,3274285 0,2447768
0,6103516 0,2956391 0,2257032
0,8138021 0,3210706 0,2479557
0,8138021 0,3210706 0,2400084
0,6103516 0,3465019 0,2638502
0,6103516 0,3083548 0,2384189
0,6103516 0,3115338 0,2447768
0,8138021 0,3560387 0,2686185
0,8138021 0,301997 0,2368294
0,8138021 0,3433231 0,2622608
0,6103516 0,3719332 0,2622606
0,8138021 0,3433231 0,2511346
0,8138021 0,3115338 0,2431873
0,8138021 0,3210706 0,2463662
0,8138021 0,346502 0,2543135
0,6103516 0,3274285 0,2495452
0,8138021 0,3369652 0,2590819
0,6103516 0,3178917 0,2415979
0,8138021 0,346502 0,2622608
0,6103516 0,3560386 0,267029
0,8138021 0,3274284 0,2495452
0,6103516 0,3655753 0,2733868
0,6103516 0,3178917 0,2527241
0,6103516 0,346502 0,2654397
0,8138021 0,3433231 0,2574924
0,8138021 0,3560387 0,2590818
0,8138021 0,3528598 0,2654396
0,6103516 0,3083549 0,2463662
0,8138021 0,3910066 0,2861023
0,8138021 0,3910066 0,2861023
0,8138021 0,3623964 0,2702079
0,8138021 0,3306074 0,2574925
0,6103516 0,378291 0,281334
0,8138021 0,3623965 0,2717974
0,6103516 0,3274285 0,2543135
0,6103516 0,3242495 0,2527241
0,6103516 0,3655753 0,2702079
0,6103516 0,3337863 0,2574924
0,8138021 0,3910065 0,2845128
0,8138021 0,3242495 0,2527241
0,8138021 0,375112 0,2781551
0,8138021 0,3655754 0,2686185
0,6103516 0,3846487 0,281334
0,6103516 0,3210706 0,2511346
0,8138021 0,3910065 0,2876917
0,6103516 0,3592175 0,2733868
0,6103516 0,3560386 0,267029
0,6103516 0,3401442 0,2638502
0,6103516 0,343323 0,2638502
0,6103516 0,3465019 0,2590818
0,6103516 0,3274285 0,2543135
0,6103516 0,3306074 0,2543136
0,6103516 0,3465019 0,2606713
1,017253 0,3719332 0,2717974
0,8138021 0,3369652 0,2622608
0,8138021 0,3719332 0,2733868
0,8138021 0,3210706 0,2511346
0,8138021 0,3623964 0,2733868
0,6103516 0,3115338 0,2463662
0,6103516 0,3655754 0,2749763
0,6103516 0,3401442 0,2590819
0,6103516 0,3401442 0,2622608
0,6103516 0,3306074 0,2574925
0,6103516 0,3496808 0,2733868
0,8138021 0,3242495 0,2590819
0,8138021 0,3623965 0,2717974
0,8138021 0,3687543 0,2733868
0,8138021 0,3560387 0,270208
0,8138021 0,3623965 0,2749763
0,6103516 0,3623964 0,2686185
0,6103516 0,375112 0,2765656
0,6103516 0,3433231 0,2606713
0,6103516 0,3655753 0,2749763
0,6103516 0,375112 0,2702079
0,8138021 0,346502 0,255903
0,6103516 0,3369653 0,2543136
0,6103516 0,3560386 0,2638501
0,8138021 0,3751121 0,281334
0,6103516 0,3306074 0,2495452
0,8138021 0,3242495 0,2543135
0,6103516 0,3496809 0,2670291
0,8138021 0,3751121 0,2797446
0,6103516 0,3433231 0,2574924
0,8138021 0,3560387 0,2686185
0,8138021 0,375112 0,2765656
0,6103516 0,3623964 0,2702079
0,8138021 0,3528598 0,2654397
0,6103516 0,3687542 0,281334
0,6103516 0,3369652 0,2511346
0,8138021 0,3623965 0,267029
0,6103516 0,3751121 0,2797446
0,8138021 0,3369652 0,2606713
0,6103516 0,3274285 0,2447768
0,6103516 0,3814699 0,2829234
0,8138021 0,3623965 0,2686185
0,6103516 0,3178917 0,2415979
0,6103516 0,3337863 0,2543136
0,6103516 0,3369653 0,2622608
0,8138021 0,3910066 0,2797445
0,4069011 0,3178917 0,2495452
1,017253 0,3751121 0,2781551
0,6103516 0,3910066 0,2892812
0,6103516 0,3496808 0,2670291
0,8138021 0,3178916 0,2495452
0,8138021 0,3496808 0,2622607
0,8138021 0,3655753 0,2749762
0,8138021 0,3719332 0,2781551
0,8138021 0,3719331 0,2781551
0,6103516 0,3433231 0,2622608
0,6103516 0,3465019 0,2670291
0,6103516 0,3465019 0,2622607
0,6103516 0,3687543 0,2733868
0,8138021 0,3814698 0,2765656
0,6103516 0,3465019 0,2670291
0,6103516 0,3528597 0,2559029
0,6103516 0,375112 0,281334
0,6103516 0,3846487 0,281334
0,6103516 0,3719332 0,2797446
0,6103516 0,3306074 0,2606713
0,6103516 0,3941854 0,2876917
0,6103516 0,3560386 0,2717974
0,8138021 0,3910065 0,2876917
0,6103516 0,3719331 0,2765656
0,6103516 0,3655754 0,2749763
0,6103516 0,3941854 0,2892812
0,6103516 0,3623964 0,2749763
0,6103516 0,3147127 0,2559029
1,017253 0,3846487 0,2876917
1,017253 0,4005432 0,29246
0,6103516 0,3719332 0,281334
0,8138021 0,3401442 0,2590819
0,6103516 0,3623964 0,2717974
0,8138021 0,3910065 0,2861022
0,8138021 0,3687542 0,2749762
0,8138021 0,3846487 0,2845128
0,8138021 0,3941854 0,2924601
0,6103516 0,3782909 0,281334
0,6103516 0,3623964 0,2733868
0,6103516 0,3465019 0,2670291
0,8138021 0,3973643 0,29246
0,6103516 0,3528598 0,2686185
0,6103516 0,3655753 0,2797446
0,8138021 0,4037222 0,2940495
0,8138021 0,3496808 0,2670291
0,6103516 0,3655753 0,2781551
0,6103516 0,3655753 0,2765657
0,6103516 0,3846487 0,2845128
0,6103516 0,378291 0,2765656
0,6103516 0,3846487 0,2845128
0,8138021 0,3369653 0,2574925
0,6103516 0,3592176 0,2733868
0,6103516 0,3528598 0,2622607
0,6103516 0,3846488 0,281334
0,6103516 0,3369653 0,2654397
0,8138021 0,3528598 0,2686185
0,8138021 0,4196167 0,3051756
0,6103516 0,4037221 0,2972283
0,8138021 0,3941855 0,2876917
0,6103516 0,4196166 0,303586
0,8138021 0,4100799 0,2988178
0,8138021 0,3846487 0,2876917
0,8138021 0,3846487 0,2892812
0,8138021 0,375112 0,281334
0,8138021 0,3814698 0,2797445
0,8138021 0,3623964 0,2765657
0,6103516 0,3973643 0,2940495
0,6103516 0,3528597 0,2733868
0,8138021 0,4355111 0,3099438
1,017253 0,4450479 0,3194805
0,6103516 0,3719331 0,2781551
0,8138021 0,3592176 0,2749763
0,8138021 0,4132588 0,3004072
0,6103516 0,3846487 0,2861023
0,6103516 0,3846487 0,2861023
0,6103516 0,3814698 0,2829234
0,8138021 0,3687542 0,2765657
0,8138021 0,3814698 0,2829234
0,8138021 0,3910065 0,2908706
0,6103516 0,3274285 0,2574925
0,6103516 0,3910065 0,2908706
1,017253 0,3941855 0,2892812
1,017253 0,3401442 0,2654397
0,8138021 0,3910065 0,2924601
1,017253 0,3814699 0,2829234
0,8138021 0,4100799 0,3051756
0,8138021 0,4005433 0,2956389
0,6103516 0,3814698 0,281334
0,6103516 0,4196166 0,2988178
0,6103516 0,3592175 0,2717974
0,8138021 0,3973643 0,2940495
0,8138021 0,406901 0,3004072
0,6103516 0,3846487 0,2876917
0,8138021 0,4132588 0,3051755
0,8138021 0,3528598 0,2717974
0,6103516 0,3941855 0,2924601
1,017253 0,3941855 0,2972284
0,6103516 0,3814698 0,2892812
0,6103516 0,4100799 0,2940494
0,8138021 0,4291534 0,3131227
0,6103516 0,3782909 0,2861023
0,8138021 0,3687542 0,2829235
0,8138021 0,3814699 0,2876918
0,6103516 0,3814698 0,2861023
0,6103516 0,3751121 0,2829235
0,8138021 0,3973643 0,2972284
1,017253 0,4037221 0,2988178
0,6103516 0,3878276 0,2845128
0,6103516 0,406901 0,2972283
0,8138021 0,43869 0,317891
0,6103516 0,375112 0,2845129
0,8138021 0,3973643 0,29246
0,8138021 0,4227955 0,3083544
0,8138021 0,4100799 0,3004072
0,8138021 0,4227955 0,3099438
0,8138021 0,4100799 0,3019966
0,6103516 0,4037221 0,2988178
0,8138021 0,4227955 0,3083544
0,8138021 0,4037221 0,3004072
0,8138021 0,4259745 0,3099439
0,8138021 0,3814698 0,2797445
0,8138021 0,4259744 0,3083544
0,6103516 0,3655753 0,2797446
0,6103516 0,3751121 0,2876918
0,6103516 0,3655753 0,281334
0,6103516 0,4164377 0,3083544
0,6103516 0,375112 0,2829234
0,8138021 0,3560387 0,2781552
0,6103516 0,3719331 0,2829235
0,6103516 0,4291533 0,3099438
0,8138021 0,3941855 0,2845128
0,8138021 0,406901 0,3004072
0,8138021 0,4005433 0,2988178
0,6103516 0,4037221 0,3004073
1,220703 0,4196166 0,3083544
0,8138021 0,4291533 0,3163016
1,017253 0,4005433 0,2924601
0,8138021 0,3973643 0,2956389
0,6103516 0,4514056 0,3258382
0,8138021 0,4323322 0,3147122
1,017253 0,4259744 0,3083544
0,6103516 0,4069009 0,3019966
0,8138021 0,41008 0,3051756
0,6103516 0,4227954 0,3067649
0,6103516 0,4037221 0,2972284
0,6103516 0,3878276 0,2876917
0,8138021 0,3941855 0,2972284
0,8138021 0,4100799 0,3019966
0,8138021 0,4227955 0,3099439
0,8138021 0,4355111 0,3131227
1,017253 0,4323323 0,3115333
0,6103516 0,3655753 0,281334
0,8138021 0,4005432 0,2972284
0,8138021 0,4132588 0,3019966
0,8138021 0,4005432 0,2988178
0,8138021 0,4037221 0,2972284
0,8138021 0,43869 0,3226593
0,8138021 0,4227955 0,3115333
0,6103516 0,406901 0,2972283
0,8138021 0,4482267 0,3210699
0,6103516 0,4355111 0,3210699
0,6103516 0,4259744 0,3083544
1,017253 0,441869 0,3194805
0,8138021 0,4164377 0,306765
0,8138021 0,4355111 0,3163016
0,6103516 0,4291534 0,3051755
0,8138021 0,4005432 0,2972284
0,6103516 0,4450478 0,3210699
0,6103516 0,4005432 0,3019967
0,8138021 0,4291533 0,3131227
0,6103516 0,4227954 0,3099438
0,8138021 0,4482267 0,3226593
0,8138021 0,4037221 0,3035861
0,6103516 0,4100799 0,2988178
0,6103516 0,3973643 0,3004072
0,8138021 0,4514056 0,3306065
0,8138021 0,4450479 0,3194805
0,6103516 0,4259744 0,3099438
0,8138021 0,4450478 0,3321959
1,017253 0,441869 0,3194805
0,8138021 0,4227955 0,3131227
0,8138021 0,4355111 0,3163016
0,6103516 0,4132588 0,306765
0,8138021 0,4164377 0,306765
0,8138021 0,4450479 0,3242488
0,6103516 0,3782909 0,2892812
0,6103516 0,4005432 0,2972283
0,8138021 0,4418689 0,3242487
0,8138021 0,406901 0,3019967
0,6103516 0,4291533 0,3131227
1,017253 0,4482267 0,329017
0,8138021 0,4450478 0,3274277
1,017253 0,4768369 0,343322
0,8138021 0,4482267 0,3242488
0,6103516 0,4577634 0,3274276
0,6103516 0,3910065 0,2924601
0,8138021 0,4100799 0,3004072
0,8138021 0,4609423 0,3401431
0,8138021 0,4132588 0,306765
0,8138021 0,4259744 0,3051755
0,6103516 0,43869 0,317891
0,6103516 0,4100799 0,3035861
0,6103516 0,4355111 0,3163016
0,6103516 0,4164377 0,3099439
0,8138021 0,4418689 0,3163016
0,8138021 0,4514056 0,3274276
0,8138021 0,4577634 0,332196
0,8138021 0,4577634 0,3306065
0,8138021 0,4545845 0,3465011
0,8138021 0,3973643 0,29246
0,6103516 0,4005432 0,2972283
