0,4069011 0,254313 0,2034507
0,6103516 0,2733865 0,2145769
0,6103516 0,2924602 0,2272927
0,8138021 0,3115337 0,2241137
0,6103516 0,2702076 0,2129874
0,4069011 0,2702076 0,2082191
0,4069011 0,2670287 0,2082191
0,6103516 0,2892812 0,2209348
0,8138021 0,2924601 0,211398
0,6103516 0,2797444 0,2241137
0,6103516 0,3083548 0,2241137
0,6103516 0,2765655 0,211398
0,6103516 0,298818 0,2225243
0,6103516 0,2892812 0,2129875
0,6103516 0,2733865 0,1939139
0,6103516 0,298818 0,2272927
0,6103516 0,3083549 0,2288821
0,6103516 0,2861022 0,2193453
0,6103516 0,2765655 0,211398
0,6103516 0,2956391 0,2209348
0,6103516 0,2638497 0,1939139
0,6103516 0,301997 0,2177559
0,6103516 0,2892812 0,2193453
0,6103516 0,2733865 0,211398
0,6103516 0,2924601 0,2082191
0,8138021 0,2733865 0,211398
0,6103516 0,3147127 0,2272927
0,6103516 0,3019969 0,2161664
0,6103516 0,3115338 0,2368295
0,4069011 0,2861023 0,2129875
0,6103516 0,3147127 0,2400084
0,6103516 0,2892812 0,2225243
0,8138021 0,2797444 0,2209348
0,6103516 0,3210706 0,2368295
0,6103516 0,3083549 0,2288821
0,4069011 0,2765655 0,2098085
0,8138021 0,3306074 0,2400084
0,8138021 0,2829233 0,2098085
0,6103516 0,2924601 0,2288821
0,6103516 0,2892812 0,211398
0,8138021 0,2829233 0,2177559
0,8138021 0,2829233 0,2129875
0,6103516 0,2956391 0,2177559
0,6103516 0,2797444 0,2209348
0,4069011 0,2797444 0,2193453
0,4069011 0,2797444 0,2241137
0,6103516 0,2892812 0,2257032
0,6103516 0,3306074 0,2463663
0,6103516 0,2829233 0,2177558
0,6103516 0,2956391 0,2272927
0,6103516 0,3178917 0,2257032
0,6103516 0,3083548 0,2320611
0,6103516 0,3274285 0,2415979
0,6103516 0,3115337 0,2209348
0,6103516 0,2892812 0,2177559
0,6103516 0,2702076 0,2082191
0,6103516 0,3147127 0,2447768
0,6103516 0,2574919 0,2066296
0,8138021 0,3337863 0,2447768
0,6103516 0,3274284 0,2400084
0,6103516 0,3051759 0,2288821
0,6103516 0,3147127 0,2336506
0,8138021 0,3306074 0,2400084
0,6103516 0,3369653 0,2543136
0,6103516 0,2924601 0,2272926
0,6103516 0,298818 0,2447767
0,4069011 0,3115338 0,2368295
0,6103516 0,2892812 0,2177559
0,8138021 0,3083548 0,2336505
0,6103516 0,3496808 0,2638502
0,6103516 0,2861023 0,2193453
0,6103516 0,3178917 0,2336506
0,6103516 0,301997 0,2288821
0,6103516 0,3051759 0,2288821
0,6103516 0,3337863 0,2415979
0,6103516 0,3274284 0,2463662
0,6103516 0,3147127 0,2463662
0,8138021 0,3115337 0,2384189
0,6103516 0,2892812 0,2257032
0,6103516 0,3147127 0,2447768
0,6103516 0,3210706 0,2368295
0,6103516 0,3178917 0,2304716
0,6103516 0,3051759 0,2288821
0,6103516 0,2956391 0,2241137
0,6103516 0,3083549 0,2368295
0,6103516 0,298818 0,2288821
0,6103516 0,346502 0,2543135
0,6103516 0,3337863 0,2495452
0,6103516 0,3019969 0,232061
0,6103516 0,3115338 0,2368295
0,6103516 0,3019969 0,2272927
0,6103516 0,3274285 0,2447768
1,017253 0,3274285 0,2415979
0,6103516 0,2797444 0,2288821
0,6103516 0,3083549 0,2320611
0,6103516 0,3274285 0,2415979
0,6103516 0,3115338 0,2368295
0,8138021 0,2892812 0,232061
0,6103516 0,2892812 0,2272926
0,8138021 0,3337863 0,2527241
0,8138021 0,3178917 0,2463662
0,6103516 0,2956391 0,2272927
0,6103516 0,2924601 0,2257032
0,6103516 0,3178916 0,2431873
0,8138021 0,3019969 0,2209348
0,8138021 0,3369653 0,2590819
0,6103516 0,3147127 0,2463662
0,6103516 0,3178916 0,2431873
0,8138021 0,3369653 0,2574925
0,4069011 0,3083549 0,2431873
0,6103516 0,3178917 0,2384189
0,8138021 0,3083548 0,2272927
0,6103516 0,3115338 0,2336505
0,8138021 0,3337863 0,2447768
0,6103516 0,2924602 0,2336505
0,6103516 0,3337863 0,2479557
0,6103516 0,3242495 0,2384189
0,6103516 0,3433231 0,2543135
0,6103516 0,298818 0,232061
0,6103516 0,3083549 0,2463662
0,8138021 0,3019969 0,2304716
0,6103516 0,3337863 0,2574925
0,6103516 0,3337863 0,2590819
1,017253 0,3401442 0,2606713
0,8138021 0,3210706 0,2431873
0,4069011 0,3147127 0,2431873
0,6103516 0,2861023 0,2177559
0,6103516 0,3306074 0,2511346
0,6103516 0,3019969 0,2384189
0,6103516 0,3465019 0,2543135
0,6103516 0,3083548 0,2384189
0,8138021 0,3242495 0,2495452
0,6103516 0,3242495 0,2447768
0,6103516 0,2861023 0,2272926
0,6103516 0,3115338 0,2447768
0,8138021 0,3560387 0,2463662
0,6103516 0,2924601 0,2288821
0,8138021 0,3210706 0,2511346
0,6103516 0,3242495 0,2431873
0,6103516 0,2956391 0,2336505
0,4069011 0,2892812 0,2336505
0,6103516 0,3306074 0,2479557
0,6103516 0,3115338 0,2384189
0,8138021 0,2956391 0,2304716
0,6103516 0,3083548 0,2384189
0,6103516 0,3242495 0,2415979
0,8138021 0,3528598 0,2638502
0,6103516 0,3592175 0,2559029
0,6103516 0,3115338 0,2368295
0,6103516 0,3528597 0,2590818
0,8138021 0,2861023 0,2288821
0,6103516 0,3242495 0,2415979
0,6103516 0,2924601 0,2209348
0,8138021 0,3687543 0,2686185
0,8138021 0,3051759 0,2304716
0,8138021 0,3592176 0,2559029
0,8138021 0,3306074 0,2527241
0,8138021 0,346502 0,2606713
0,6103516 0,3242495 0,23524
0,6103516 0,3210706 0,2400084
0,6103516 0,3051759 0,2368294
0,6103516 0,3465019 0,2638502
0,6103516 0,298818 0,2288821
0,6103516 0,3115338 0,2431873
0,8138021 0,3465019 0,2574924
0,6103516 0,3528597 0,2574924
0,8138021 0,3147127 0,2400084
0,6103516 0,2765654 0,2272926
0,8138021 0,3019969 0,2400084
0,6103516 0,3147127 0,2463662
0,6103516 0,2892812 0,232061
0,6103516 0,375112 0,2829234
0,6103516 0,3178916 0,2495452
0,8138021 0,3528598 0,2670291
0,6103516 0,3337863 0,2574925
0,6103516 0,3178917 0,2336506
0,6103516 0,3528597 0,2654396
0,6103516 0,3178917 0,2463662
0,6103516 0,3274285 0,2511346
0,6103516 0,3496808 0,2622607
0,6103516 0,3115338 0,2272927
0,6103516 0,3465019 0,2543135
0,6103516 0,3401442 0,2543136
0,6103516 0,3210706 0,2400084
0,6103516 0,2956391 0,2288821
0,6103516 0,3401442 0,2574924
0,8138021 0,3623964 0,267029
0,6103516 0,3306074 0,2590819
0,6103516 0,3337863 0,2543136
0,6103516 0,3369653 0,2495452
0,8138021 0,3496809 0,2590818
0,8138021 0,3178917 0,2400084
0,6103516 0,298818 0,23524
0,6103516 0,301997 0,2304716
0,6103516 0,3306074 0,2511347
0,6103516 0,3306074 0,2463663
0,8138021 0,3369653 0,2574925
0,6103516 0,3528598 0,2670291
0,8138021 0,3178916 0,2336505
1,017253 0,3369653 0,255903
0,8138021 0,3019969 0,23524
0,6103516 0,2892812 0,2288821
0,6103516 0,3083548 0,2336505
0,6103516 0,3115338 0,2463662
0,6103516 0,3147127 0,2415979
0,6103516 0,3178917 0,2447768
0,8138021 0,3623964 0,2702079
0,6103516 0,3496809 0,2622607
0,6103516 0,3560386 0,2686185
0,8138021 0,3337863 0,2479557
0,8138021 0,3242495 0,2511346
1,017253 0,3496809 0,2606713
0,6103516 0,3369652 0,2638502
0,4069011 0,3147127 0,2479557
0,6103516 0,3592175 0,2638501
1,017253 0,3560387 0,2638502
0,6103516 0,3210706 0,2511346
0,6103516 0,3306074 0,255903
0,6103516 0,3274285 0,2400084
0,6103516 0,3337863 0,2590819
0,8138021 0,3210706 0,2415979
0,6103516 0,3083549 0,2463662
0,6103516 0,3210706 0,2511346
0,6103516 0,3306074 0,2527241
0,8138021 0,3528598 0,2654396
0,8138021 0,3337863 0,255903
0,6103516 0,3337863 0,2511347
0,8138021 0,3592175 0,2702079
0,6103516 0,3560386 0,2702079
0,6103516 0,3274285 0,255903
0,6103516 0,3242495 0,2543135
0,6103516 0,3274285 0,255903
0,8138021 0,3433231 0,2654397
0,8138021 0,3623964 0,2622607
0,6103516 0,2829233 0,2352399
0,6103516 0,343323 0,2590818
1,017253 0,378291 0,2797446
0,8138021 0,3623965 0,2654396
0,6103516 0,3369652 0,2606713
0,6103516 0,3337863 0,2479557
0,6103516 0,3592175 0,2717974
0,8138021 0,3496809 0,2606713
0,6103516 0,3210706 0,2400084
0,6103516 0,3337863 0,255903
0,6103516 0,298818 0,2400084
0,8138021 0,3719331 0,2749762
0,6103516 0,3496808 0,2654396
0,6103516 0,3401442 0,2574925
0,6103516 0,3337863 0,2574924
0,8138021 0,3242495 0,2447768
1,017253 0,3687543 0,2702079
0,6103516 0,3401442 0,2511346
0,6103516 0,3274285 0,2495452
0,8138021 0,3655754 0,2638502
0,6103516 0,3655753 0,2638501
0,6103516 0,375112 0,281334
0,6103516 0,3814698 0,2845128
0,6103516 0,3337863 0,2543136
0,6103516 0,3655753 0,2749762
0,6103516 0,3846487 0,2861023
0,6103516 0,3687542 0,2733868
0,8138021 0,3528598 0,2638502
0,8138021 0,3433231 0,2543135
1,017253 0,3496809 0,2638502
0,6103516 0,3274285 0,2543135
0,6103516 0,3115338 0,23524
0,6103516 0,3083548 0,2368294
0,6103516 0,3655753 0,2702079
0,8138021 0,3623964 0,2702079
0,6103516 0,343323 0,2606713
0,6103516 0,3337863 0,2638502
0,8138021 0,3337863 0,2527241
0,6103516 0,3592176 0,2638502
0,6103516 0,3433231 0,2590819
0,8138021 0,3623965 0,267029
0,6103516 0,3560386 0,267029
0,6103516 0,3242495 0,2415979
0,8138021 0,3433231 0,2606713
0,6103516 0,3433231 0,255903
0,6103516 0,3560387 0,2622607
0,6103516 0,3401442 0,2574924
0,6103516 0,3433231 0,2654397
0,6103516 0,3337863 0,2543136
0,6103516 0,3051759 0,2400084
0,6103516 0,3433231 0,2654397
0,8138021 0,3147127 0,2463662
1,017253 0,378291 0,2749762
0,6103516 0,3306074 0,255903
0,6103516 0,3496809 0,270208
0,8138021 0,3687542 0,2638501
0,6103516 0,3528597 0,2686185
0,6103516 0,3401441 0,2638502
0,6103516 0,3782909 0,281334
0,8138021 0,3719332 0,2797446
0,8138021 0,3973643 0,2908706
0,6103516 0,3369653 0,255903
1,017253 0,3655754 0,2749763
0,6103516 0,3178917 0,2511346
0,6103516 0,3941854 0,2861022
0,6103516 0,3465019 0,2686185
0,6103516 0,3528598 0,2670291
0,6103516 0,3369653 0,2638502
0,8138021 0,3306074 0,2606713
0,6103516 0,378291 0,2781551
0,6103516 0,3433231 0,2638502
0,6103516 0,3560387 0,2686185
0,8138021 0,3846487 0,2797445
0,6103516 0,3337863 0,2638502
0,6103516 0,3528598 0,2622607
0,8138021 0,3655753 0,2717974
0,8138021 0,3592175 0,2702079
0,6103516 0,375112 0,2749762
0,8138021 0,3433231 0,2622608
0,6103516 0,3465019 0,2654396
0,8138021 0,3910065 0,2908706
0,8138021 0,3846487 0,2797445
0,6103516 0,3719331 0,2781551
0,6103516 0,3433231 0,2638502
0,6103516 0,3465019 0,2670291
0,8138021 0,3433231 0,2590819
0,6103516 0,3306074 0,2543136
0,8138021 0,3910065 0,2876917
0,6103516 0,3719331 0,2765657
0,6103516 0,3687542 0,281334
0,6103516 0,3719331 0,2781551
0,6103516 0,3814699 0,281334
0,6103516 0,3782909 0,2797445
0,6103516 0,3623964 0,2765657
0,6103516 0,3337863 0,2686186
0,6103516 0,3719331 0,2765656
0,8138021 0,3560387 0,2733868
0,6103516 0,3719332 0,2797446
0,8138021 0,3846487 0,2829234
0,8138021 0,3941854 0,2892811
0,8138021 0,3751121 0,2765657
0,6103516 0,3337863 0,2606713
0,8138021 0,3846487 0,2908706
0,6103516 0,3560386 0,2702079
0,8138021 0,4227956 0,3099439
0,8138021 0,3751121 0,2829235
0,6103516 0,3941854 0,2908706
0,6103516 0,3623964 0,2717974
0,6103516 0,378291 0,2845129
0,6103516 0,3687542 0,281334
0,6103516 0,3178917 0,2543135
0,8138021 0,3274285 0,2590819
0,6103516 0,3623964 0,2749762
0,8138021 0,3878277 0,2876917
0,6103516 0,3528597 0,2654396
0,6103516 0,3846487 0,281334
0,8138021 0,3719331 0,2781551
0,6103516 0,3814698 0,2845128
0,8138021 0,3846487 0,2876917
0,6103516 0,4418689 0,3131227
0,8138021 0,3973643 0,2956389
0,8138021 0,4069011 0,3019967
0,8138021 0,4037221 0,2972283
0,8138021 0,3910065 0,2861023
0,6103516 0,3210706 0,255903
0,6103516 0,4227956 0,3083544
0,8138021 0,3846487 0,2845128
0,6103516 0,3655753 0,2733868
0,6103516 0,3973643 0,2845128
0,8138021 0,3973643 0,2972284
0,6103516 0,3878276 0,2876917
0,8138021 0,3655753 0,281334
0,6103516 0,3719331 0,2781551
0,8138021 0,3814698 0,281334
0,8138021 0,4037221 0,2956389
0,8138021 0,4037221 0,2988178
0,6103516 0,3719331 0,2845129
0,8138021 0,4069011 0,2956389
0,6103516 0,3973643 0,2940495
0,8138021 0,4291533 0,3147121
0,8138021 0,4291533 0,3131227
1,017253 0,4545845 0,3242488
0,8138021 0,4164377 0,3035861
0,6103516 0,4323322 0,3099438
0,6103516 0,4291533 0,3147122
0,8138021 0,4196167 0,3083545
1,017253 0,4514056 0,3226593
0,8138021 0,4450478 0,3337854
0,8138021 0,4450478 0,3226593
1,017253 0,4545845 0,3385537
0,8138021 0,4355112 0,3131227
0,8138021 0,4545845 0,332196
0,6103516 0,4259744 0,3115333
0,8138021 0,4514056 0,3306065
0,8138021 0,470479 0,3417326
0,6103516 0,4545845 0,3274277
0,6103516 0,4418689 0,329017
0,8138021 0,4545845 0,3337854
0,8138021 0,4545845 0,3401432
0,6103516 0,4514056 0,3258382
0,8138021 0,4641213 0,3480905
0,8138021 0,4800158 0,3639852
0,6103516 0,4768368 0,3751115
0,8138021 0,4800158 0,3576272
1,220703 0,4927314 0,367164
1,017253 0,4927314 0,3751114
0,8138021 0,4863736 0,3671641
0,8138021 0,4673001 0,3528589
1,017253 0,4609423 0,3544484
0,8138021 0,4831947 0,3608062
1,017253 0,4990892 0,3782904
0,8138021 0,5022681 0,4084904
1,017253 0,4831947 0,3862378
1,220703 0,5213417 0,3989535
0,8138021 0,4736579 0,3814695
0,8138021 0,5245207 0,4180272
1,017253 0,505447 0,3862377
1,017253 0,4768369 0,3814694
0,8138021 0,4831946 0,3941852
0,8138021 0,4800158 0,3894168
0,8138021 0,5149839 0,3910061
0,8138021 0,5213417 0,4053114
1,017253 0,5467732 0,4100797
1,017253 0,5245206 0,4227956
0,8138021 0,505447 0,4069009
1,017253 0,4927314 0,3957746
1,017253 0,508626 0,4148483
0,8138021 0,5245207 0,4116693
1,017253 0,5308785 0,4196166
0,8138021 0,508626 0,4116693
0,8138021 0,5308785 0,4291535
1,017253 0,6071729 0,4784271
1,017253 0,5690258 0,4450482
0,8138021 0,5276996 0,4212061
1,017253 0,5149838 0,4180272
0,8138021 0,5181628 0,4243851
0,8138021 0,5276996 0,430743
1,220703 0,5340574 0,4259745
1,220703 0,5944571 0,4688902
1,017253 0,5435943 0,4339219
1,017253 0,559489 0,4450482
1,017253 0,5690258 0,4466377
1,017253 0,6326042 0,4863743
1,017253 0,5944573 0,4593534
1,017253 0,6326042 0,5038586
1,017253 0,6294252 0,4959111
1,017253 0,6198885 0,5006797
1,017253 0,5912783 0,4736587
1,017253 0,6167096 0,4959112
1,220703 0,6198885 0,4959112
1,220703 0,6262464 0,4847848
1,424154 0,5722047 0,4657114
1,220703 0,6453198 0,4847847
0,8138021 0,6453197 0,5038584
1,831055 0,7152558 0,5308795
1,017253 0,667572 0,5070372
1,424154 0,7120768 0,5467737
1,424154 0,7216136 0,5753835
1,220703 0,7120768 0,5594891
1,220703 0,7343293 0,5753835
1,424154 0,7375082 0,5594893
1,627604 0,7979077 0,605583
1,424154 0,8296966 0,6500875
1,424154 0,8328755 0,6564453
2,034505 0,8996323 0,677108
1,424154 0,9314213 0,7200235
1,424154 0,87738 0,6914133
1,831055 1,042684 0,816981
1,831055 1,08401 0,8471811
2,441406 1,204808 0,947317
3,662109 1,176199 0,9282437
2,848307 1,227061 0,9806955
2,034505 1,293817 0,9918211
3,662109 1,309712 1,049042
3,458659 1,325606 1,061757
3,458659 1,440048 1,147587
4,475912 1,602173 1,250902
4,882813 1,78655 1,324018
5,493164 2,047221 1,503626
6,917316 2,301534 1,649856
6,917316 2,943675 2,086958
7,731118 3,69072 2,622604
7,120767 4,488627 3,274282
7,731118 5,146662 3,992716
9,358721 5,575815 4,574458
8,138019 5,757013 4,601479
8,34147 6,116229 5,145071
9,155272 6,656647 5,310377
11,39323 6,898243 5,664824
8,54492 6,608963 5,415279
9,969072 6,99361 5,82377
11,59668 7,397334 6,106693
11,39323 7,311503 5,944569
13,22429 7,781982 6,575585
16,0726 8,029937 6,634393
12,81738 8,621215 6,980898
14,44499 8,951821 7,422764
14,64844 9,61622 7,84874
18,31056 10,46499 8,600552
15,6657 11,48859 9,527204
16,0726 12,42002 10,45068
16,27605 12,47724 10,21226
17,2933 12,92229 11,00858
17,2933 13,48813 11,42979
18,514 13,59304 11,7143
18,92091 13,90775 11,96385
18,92091 14,61983 12,46135
