0,6103516 0,3115337 0,2320611
0,6103516 0,3115337 0,2336505
0,6103516 0,2924601 0,2193453
0,8138021 0,2861023 0,2193453
0,6103516 0,2861023 0,2209348
0,4069011 0,2765655 0,2066296
0,8138021 0,2892812 0,2129875
0,6103516 0,3051759 0,2257032
0,6103516 0,3083549 0,2384189
0,6103516 0,298818 0,2161664
0,6103516 0,298818 0,2241137
0,4069011 0,2892812 0,2129875
0,6103516 0,3051759 0,2209348
0,6103516 0,298818 0,2098086
0,6103516 0,3147127 0,2272927
0,4069011 0,2733865 0,2082191
0,6103516 0,301997 0,214577
0,8138021 0,2892812 0,2257032
0,6103516 0,3051759 0,2336505
0,8138021 0,2797444 0,2066296
0,4069011 0,2606708 0,2050401
0,6103516 0,3019969 0,2368294
0,6103516 0,3083548 0,2320611
0,6103516 0,2765655 0,2066296
0,6103516 0,301997 0,2304716
0,6103516 0,3115338 0,2415978
0,6103516 0,2765655 0,2066296
0,6103516 0,2733865 0,187556
0,6103516 0,2861023 0,2177559
0,6103516 0,2702076 0,2018612
0,6103516 0,2892812 0,2209348
0,6103516 0,3083549 0,2304716
0,4069011 0,2956391 0,2209348
0,6103516 0,3051759 0,2304716
0,8138021 0,298818 0,2384189
0,8138021 0,3147127 0,23524
0,6103516 0,2861023 0,2177559
0,4069011 0,2829233 0,2129875
0,6103516 0,3115338 0,2225243
0,6103516 0,2765655 0,2034507
0,6103516 0,2638497 0,1923244
0,6103516 0,2892812 0,211398
0,6103516 0,3274285 0,2400084
0,6103516 0,2765655 0,1986823
0,4069011 0,2861023 0,2257032
0,8138021 0,3242495 0,2479557
1,017253 0,3147127 0,2368294
0,8138021 0,2829233 0,2098085
0,6103516 0,2956391 0,2161664
0,6103516 0,2861023 0,2161664
0,6103516 0,2956391 0,2257032
0,6103516 0,2924601 0,2145769
0,8138021 0,2924601 0,2145769
0,6103516 0,2797444 0,2082191
0,8138021 0,298818 0,2209348
0,6103516 0,3147127 0,2241138
0,6103516 0,3051759 0,2320611
0,6103516 0,2892812 0,2161664
0,6103516 0,3083549 0,2336505
0,6103516 0,2924602 0,2209348
0,6103516 0,2765655 0,211398
0,6103516 0,2829233 0,2193453
0,6103516 0,3115337 0,2320611
0,6103516 0,2765655 0,2129875
0,6103516 0,2988181 0,2209348
0,6103516 0,301997 0,2415978
0,6103516 0,3242495 0,238419
0,8138021 0,2797444 0,2193453
0,6103516 0,3051759 0,2257032
0,6103516 0,2956391 0,2288821
0,4069011 0,2988181 0,2272927
0,6103516 0,3306074 0,238419
0,6103516 0,2765655 0,2177558
0,6103516 0,3210706 0,2384189
1,220703 0,3178916 0,2368295
0,6103516 0,3083549 0,2209348
0,4069011 0,2670287 0,211398
0,6103516 0,3178917 0,2415979
0,6103516 0,3115338 0,2368295
0,6103516 0,3051759 0,2368294
0,8138021 0,3210706 0,2400084
0,6103516 0,2829233 0,2241137
0,6103516 0,3242495 0,2368295
0,6103516 0,2924601 0,2209348
0,6103516 0,3242495 0,2368295
0,6103516 0,2956391 0,2257032
0,6103516 0,3051759 0,2368294
0,6103516 0,2702076 0,2145769
0,6103516 0,3051759 0,2415978
0,8138021 0,3306074 0,2511346
0,6103516 0,2956391 0,2272926
0,6103516 0,2956391 0,2288821
0,6103516 0,3115338 0,2241138
0,6103516 0,3115338 0,2320611
0,6103516 0,3401441 0,2463662
0,6103516 0,301997 0,2304716
1,017253 0,2861022 0,2257032
0,6103516 0,2829233 0,2145769
0,8138021 0,3242495 0,2400084
0,6103516 0,2924601 0,2304716
0,6103516 0,2988181 0,2209348
0,6103516 0,3210706 0,23524
0,6103516 0,3051759 0,2384189
0,6103516 0,2797444 0,2193453
0,8138021 0,2861023 0,2241137
0,6103516 0,3306074 0,255903
0,6103516 0,3242495 0,2415979
0,6103516 0,3210706 0,2415979
0,6103516 0,3401442 0,2574925
0,6103516 0,3210706 0,2447768
0,6103516 0,2924602 0,2241137
0,6103516 0,3465019 0,2574924
0,6103516 0,3242496 0,2479557
0,8138021 0,3306074 0,2495452
1,017253 0,3433231 0,2654397
0,6103516 0,3242495 0,2463663
0,4069011 0,2733865 0,2177558
0,6103516 0,301997 0,2384189
0,6103516 0,3147127 0,2511346
1,017253 0,3306074 0,2495452
0,6103516 0,3274285 0,2463663
0,6103516 0,3178917 0,2415979
0,6103516 0,3178917 0,2527241
0,6103516 0,3242495 0,2479557
0,6103516 0,2861023 0,2272926
0,6103516 0,3051759 0,2336505
0,6103516 0,3051759 0,2288821
0,6103516 0,3560387 0,2622607
0,6103516 0,3147127 0,2384189
0,6103516 0,3592176 0,267029
0,6103516 0,3051759 0,2288821
0,6103516 0,3147127 0,2400084
0,8138021 0,3274284 0,2479557
0,6103516 0,2988181 0,2257032
0,8138021 0,3560387 0,2654396
0,6103516 0,2829233 0,232061
0,8138021 0,3528598 0,2606713
0,8138021 0,3147127 0,2415978
0,8138021 0,3433231 0,255903
0,6103516 0,3147127 0,23524
0,8138021 0,3433231 0,2574924
0,8138021 0,378291 0,2765657
0,6103516 0,3083549 0,2415978
0,8138021 0,3528598 0,2686185
0,6103516 0,3306074 0,2511347
0,6103516 0,3306074 0,255903
0,6103516 0,3210706 0,2479557
0,6103516 0,3210706 0,2543135
0,6103516 0,3306074 0,2495452
0,8138021 0,3496809 0,2638502
0,6103516 0,3623964 0,2686185
0,6103516 0,3306074 0,2511347
0,6103516 0,3115338 0,2447768
0,6103516 0,346502 0,2654397
0,6103516 0,3306074 0,2495452
0,6103516 0,3401441 0,2590818
0,6103516 0,3337863 0,2543136
0,6103516 0,3465019 0,2622607
0,6103516 0,3337863 0,255903
0,6103516 0,3242495 0,2574924
0,6103516 0,3274285 0,2495452
0,8138021 0,3655754 0,2702079
0,8138021 0,3306074 0,2463663
0,6103516 0,3623964 0,2717974
0,6103516 0,3846487 0,2749762
0,8138021 0,346502 0,2654397
0,6103516 0,3496808 0,270208
0,6103516 0,3528597 0,2590818
0,4069011 0,3178917 0,2447768
0,8138021 0,3687542 0,2749762
0,6103516 0,3687542 0,2702079
0,6103516 0,3433231 0,255903
0,6103516 0,3433231 0,2670291
0,6103516 0,3369652 0,2527241
0,6103516 0,3337863 0,2574925
0,8138021 0,3369653 0,255903
0,6103516 0,378291 0,281334
0,8138021 0,3751121 0,2781551
0,6103516 0,3592176 0,2702079
0,6103516 0,3560386 0,2702079
0,6103516 0,3496809 0,2654396
0,6103516 0,3433231 0,2670291
0,6103516 0,3528597 0,2733868
0,6103516 0,3496808 0,2654396
0,8138021 0,3242495 0,2495452
0,8138021 0,378291 0,2861024
0,8138021 0,3560386 0,2654396
0,6103516 0,3274285 0,2574924
0,8138021 0,3560387 0,2702079
0,8138021 0,3846487 0,2845128
0,8138021 0,4132589 0,3004073
0,6103516 0,3655753 0,2781551
0,6103516 0,3306074 0,2527241
0,6103516 0,3687542 0,2749762
0,8138021 0,3719332 0,2733868
0,6103516 0,3337863 0,2527241
0,6103516 0,3496808 0,270208
0,8138021 0,3814698 0,2861023
0,6103516 0,3592175 0,2749763
0,8138021 0,3433231 0,2590819
0,8138021 0,3910066 0,281334
0,8138021 0,3496808 0,270208
0,8138021 0,3623965 0,2765657
1,017253 0,3973643 0,2892812
0,6103516 0,3465019 0,2733869
0,6103516 0,3910065 0,2924601
0,6103516 0,3592175 0,2765657
0,6103516 0,375112 0,2829234
0,6103516 0,3910065 0,2940495
0,6103516 0,3846487 0,2876917
0,8138021 0,4069011 0,3004073
0,6103516 0,3719331 0,2829235
0,6103516 0,343323 0,2606713
0,8138021 0,4259744 0,3147122
0,8138021 0,3560386 0,2733868
0,8138021 0,4005432 0,29246
0,6103516 0,3878276 0,2908706
0,8138021 0,3433231 0,2733869
0,6103516 0,3910065 0,2892812
0,6103516 0,3846487 0,2797445
0,8138021 0,3687543 0,2845129
0,8138021 0,406901 0,3019967
0,6103516 0,4100799 0,2972283
0,8138021 0,3973643 0,2924601
0,6103516 0,3941854 0,2908706
0,6103516 0,3910065 0,2940495
0,8138021 0,4514056 0,3258382
0,8138021 0,4132588 0,3051755
0,8138021 0,4164377 0,3051755
0,8138021 0,3719331 0,281334
0,8138021 0,4037221 0,2972284
1,017253 0,4259745 0,3083544
0,8138021 0,4291534 0,3115333
0,6103516 0,3941854 0,2956389
0,6103516 0,4291533 0,3147122
0,6103516 0,4355111 0,3163016
0,8138021 0,3782909 0,2845129
0,6103516 0,4005431 0,2940494
0,6103516 0,4164377 0,2972283
0,8138021 0,4514056 0,3321959
0,8138021 0,4641213 0,3449115
1,017253 0,43869 0,3210699
1,017253 0,4800158 0,3449115
1,017253 0,4418689 0,3194804
1,017253 0,4418689 0,317891
0,6103516 0,3973643 0,2972283
1,017253 0,4577634 0,3306065
0,6103516 0,4450478 0,3242488
1,017253 0,4577634 0,3290171
0,8138021 0,4132588 0,306765
0,8138021 0,4482267 0,3226593
0,6103516 0,43869 0,3194805
0,8138021 0,4482267 0,3242488
0,8138021 0,4514056 0,3465011
0,6103516 0,4450478 0,3258381
0,8138021 0,4514057 0,3226593
0,6103516 0,4323322 0,3210699
1,017253 0,4577634 0,3258382
0,6103516 0,4673001 0,3321959
1,017253 0,4895525 0,3496798
0,8138021 0,4450478 0,3512695
0,8138021 0,4609423 0,346501
1,017253 0,4514056 0,3337854
1,017253 0,4831947 0,3623956
0,6103516 0,4450478 0,3385537
0,8138021 0,4673001 0,3687537
0,8138021 0,4831946 0,3671641
0,8138021 0,4831946 0,3623956
0,8138021 0,4768369 0,3623957
0,8138021 0,4800158 0,3671641
1,017253 0,505447 0,3878272
1,017253 0,4895525 0,3798799
0,8138021 0,4959103 0,3767009
0,8138021 0,505447 0,3989535
1,017253 0,5404153 0,4053113
1,220703 0,5372364 0,4212061
1,017253 0,5404153 0,4196167
1,017253 0,5499521 0,4355114
1,017253 0,5658469 0,4418692
1,017253 0,5849205 0,4736587
0,8138021 0,5753837 0,4593535
1,017253 0,5753836 0,4625324
1,220703 0,6230674 0,4895532
1,017253 0,6294253 0,4927322
1,017253 0,6580353 0,5133954
1,220703 0,7311504 0,5594893
1,220703 0,6834666 0,5292898
1,017253 0,7057191 0,5610785
1,017253 0,6866455 0,548363
1,424154 0,7565818 0,591278
1,220703 0,7279714 0,5896884
1,220703 0,7597607 0,5960463
1,424154 0,7915497 0,6294246
1,220703 0,8138021 0,6500874
1,424154 0,8583066 0,6723397
1,424154 0,8583066 0,6850554
1,424154 0,9314212 0,7343285
1,831055 0,9918208 0,7867809
1,831055 1,014073 0,8392336
1,831055 1,077652 0,8646653
1,831055 1,128515 0,9107599
2,034505 1,239776 0,9981795
2,034505 1,414616 1,142818
2,237956 1,471837 1,211165
2,034505 1,513164 1,254082
2,644857 1,735688 1,441639
2,441406 1,633963 1,373293
2,848307 1,745224 1,43846
3,255208 1,815159 1,525879
3,051758 1,786549 1,506805
3,86556 1,993178 1,622834
4,475911 2,136231 1,745224
4,06901 2,269745 1,853308
4,272461 2,613068 2,082189
3,66211 2,714794 2,175968
5,086263 3,220241 2,565385
5,696614 3,430049 2,867381
5,493164 3,334682 2,826056
4,475912 3,547668 3,008842
4,882813 3,592172 3,04381
5,696614 3,964106 3,344219
7,120767 3,951391 3,376008
6,713867 4,018147 3,458659
6,510417 4,142124 3,546079
7,93457 4,186631 3,431639
7,93457 4,431406 3,714561
10,37598 5,057652 4,049936
9,358721 5,887349 4,607837
9,765623 6,589888 5,348523
10,57943 6,965001 5,760192
10,78288 7,356008 6,216365
11,59668 7,346471 6,248157
10,57942 7,54992 6,451607
10,37597 7,594426 6,338754
10,98633 7,511774 6,419817
10,78288 7,658004 6,562868
11,80013 8,061726 6,969768
10,57943 7,829665 6,489755
10,98633 7,915495 6,70433
12,61393 8,230208 6,953876
10,57942 8,176166 7,115999
12,20703 8,385975 7,143021
11,59668 8,351008 7,111232
12,00358 8,840559 7,534026
13,22428 8,675257 7,507007
12,00358 8,710224 7,460913
12,81738 8,551277 7,348058
12,20704 8,729296 7,495877
11,80013 8,8946 7,557868
11,80013 8,7293 7,40846
12,00358 8,59578 7,470449
11,39323 8,653003 7,411638
12,81738 9,0599 7,874169
13,83464 9,272891 7,748605
12,00358 9,250639 7,848739
11,80013 9,352364 8,002915
11,39323 9,056724 7,87099
13,83464 9,428661 8,101464
14,64844 9,450913 8,066497
12,41048 9,428659 8,209545
12,00358 9,078978 8,045832
12,41048 9,250639 7,904372
13,02083 9,489062 8,195244
12,61393 9,667078 8,37167
11,80013 9,98497 8,654593
14,44499 10,10577 8,746783
13,02083 10,34101 8,813539
14,24154 10,6144 9,051957
15,46225 10,85282 9,078981
13,63119 10,69387 9,169579
14,64844 11,31376 9,651185
15,46225 11,46634 9,795825
16,0726 11,05627 9,541512
17,08985 11,92411 10,21703
15,6657 12,10531 10,101
17,08985 12,27697 10,38075
18,92091 12,6934 10,8099
18,92091 13,03991 10,8544
18,92091 13,237 11,31853
17,7002 13,12256 11,24223
18,71746 13,44045 11,23269
17,7002 13,80921 11,91457
18,71746 14,11438 11,91457
18,71746 13,97451 12,05603
22,17611 14,82328 12,66162
20,34506 14,71838 12,75063
20,54851 15,22065 13,05263
20,95541 15,11892 12,96203
21,97266 15,4686 13,36416
23,19336 16,23154 13,96816
21,36231 16,12346 14,09213
23,39681 15,69112 13,62165
21,56576 16,12346 14,13187
24,61751 16,04081 13,7043
21,76921 16,26015 14,25266
22,37956 16,14889 13,69476
21,36231 16,5844 14,46565
24,00716 17,06124 14,4879
20,95541 16,5685 14,47837
19,93816 16,26969 14,00312
25,22786 17,88775 15,47654
24,00716 17,01355 14,83122
25,43131 18,05624 15,43045
29,70375 17,62709 15,22064
25,83821 17,97677 15,62119
25,02441 19,07985 15,97087
24,21061 19,11482 16,55261
28,2796 19,46768 16,81964
27,0589 19,00038 16,54626
25,22785 19,46768 16,80056
24,41406 19,28966 16,60824
28,2796 20,49129 17,37913
28,48305 20,90454 17,52536
24,21061 19,62662 17,08349
27,0589 20,38956 17,65569
28,6865 20,93633 18,13412
26,24511 20,27195 17,7447
27,8727 21,22561 18,32962
28,07615 20,43725 17,55714
28,88995 20,89182 18,17226
26,44856 21,89 18,3169
29,29685 22,04577 18,75083
27,46581 21,35595 18,77467
27,26236 21,78827 18,36141
29,9072 22,54803 19,59483
33,9762 22,87229 19,58529
31,5348 22,92633 19,62343
30,721 23,15203 20,04305
29,70375 23,00262 19,90159
29,90721 23,94675 20,42134
34,79 23,29509 20,13047
30,31411 24,04213 20,66612
31,1279 23,99762 20,95222
36,21415 24,08027 20,70586
32,7555 24,43313 21,24627
30,92445 24,71924 20,9872
38,24865 24,88771 21,36071
33,36586 24,91632 21,50694
41,70732 26,33412 22,50671
39,6728 27,48805 22,86433
42,11423 29,16653 24,37114
47,40397 30,00894 24,96878
49,43848 32,94624 28,34795
43,13149 33,76323 29,40971
44,55564 35,21279 30,09953
40,69006 33,01299 28,83909
41,09697 34,08428 29,71806
46,38672 34,24959 29,84682
42,31768 33,41036 29,184
44,55564 34,13832 29,26665
50,6592 34,05567 29,72443
47,81088 35,6642 31,13585
45,5729 34,488 29,71806
50,04884 35,32088 30,78935
42,72458 35,48936 31,15652
49,23504 34,13833 29,49237
50,25229 36,47165 32,15628
44,96256 33,99845 29,40653
49,43849 35,75322 31,34249
45,77636 35,86766 31,55389
44,3522 35,06339 30,44286
49,03158 36,11878 30,845
48,42125 35,14922 30,43173
48,62467 35,58155 30,62405
45,97981 35,93123 31,32341
41,91077 35,15875 30,77982
50,25231 35,85175 30,97691
48,82813 35,56567 30,50803
47,81088 35,58791 31,12791
48,21777 37,89263 32,23577
49,03159 36,48119 32,20398
44,55564 36,4939 31,78118
49,23504 38,1088 33,08613
48,82813 37,06611 31,52527
52,49027 38,74776 33,95396
49,03159 37,19963 31,49507
49,23503 37,54295 32,30094
56,5593 37,76546 32,09112
57,57657 37,18691 32,42968
46,79362 36,93896 32,16424
64,49393 38,24549 32,58226
63,06977 38,81134 33,55501
57,57657 38,97982 33,34045
71,81821 42,85175 35,19057
69,17332 41,74231 34,74551
72,22511 45,91622 38,23121
71,00437 50,63694 42,12378
74,25962 53,53295 45,50778
70,59749 53,71734 46,58702
75,48034 56,20643 48,61039
90,73899 57,93895 48,83451
108,032 57,61152 49,33996
82,8045 61,18466 52,35358
85,65279 60,62518 50,76889
101,5217 63,71189 54,06067
84,0252 64,93579 55,97439
98,46997 65,62562 56,25568
80,97346 66,99894 58,22667
84,839 66,27415 57,02026
97,85962 69,93307 59,84631
95,41823 68,39764 60,54569
84,02522 69,07477 62,00321
100,0976 71,22373 61,18308
90,53555 70,93446 61,2896
83,61832 69,35452 61,1322
96,84241 70,731 61,28002
92,36655 72,53344 63,50209
98,06306 72,79094 63,71031
102,7424 71,88494 64,67194
90,73895 73,48396 63,32726
95,41829 72,70194 63,19058
114,3389 71,4685 63,71507
83,41485 70,29231 62,93624
92,97691 72,63516 64,10133
94,19761 73,86542 64,75617
101,7252 75,02889 65,62086
99,89412 74,94306 65,28708
96,02863 73,13425 64,15696
103,3528 77,25729 67,71416
110,6768 76,99346 68,20057
94,19761 73,86224 65,60339
95,21484 77,23824 68,38333
100,301 75,2419 66,20897
101,3182 74,36134 65,08365
91,75624 74,46624 64,43197
98,26652 75,18148 67,38358
104,7768 75,93488 67,38676
104,7769 76,83135 69,44511
91,55278 75,34361 68,04799
100,7079 76,89173 65,97052
97,6562 75,8427 68,00982
92,16313 77,35903 69,12244
100,0976 77,10792 66,36634
116,9837 78,22369 68,97144
102,1321 79,7178 71,38425
107,6251 80,22643 71,92308
116,3734 82,14648 72,78933
101,9286 80,83678 72,76229
121,8665 82,25772 72,1996
