0,6103516 0,2892812 0,2145769
0,6103516 0,2892812 0,2129875
0,6103516 0,2606708 0,2050401
0,6103516 0,3242495 0,2336506
0,6103516 0,2924601 0,2225243
0,6103516 0,3115338 0,2447768
0,6103516 0,3178917 0,2368295
0,4069011 0,2797444 0,2082191
0,6103516 0,301997 0,2257032
1,017253 0,2670287 0,2145769
0,6103516 0,298818 0,2304716
0,6103516 0,3083549 0,2288821
0,8138021 0,2861023 0,2145769
0,6103516 0,3083549 0,2304716
0,6103516 0,2829233 0,2193453
0,8138021 0,3210706 0,2431873
0,6103516 0,2702076 0,2066296
0,6103516 0,2892812 0,2209348
0,6103516 0,301997 0,2161664
0,6103516 0,2956391 0,2288821
0,8138021 0,2956391 0,2209348
0,6103516 0,3115338 0,2384189
0,8138021 0,2956391 0,2257032
0,8138021 0,3147127 0,2193454
0,6103516 0,3083549 0,2288821
0,8138021 0,2861023 0,2145769
0,6103516 0,2733865 0,2050401
0,8138021 0,2765654 0,2066296
0,6103516 0,2956391 0,2161664
0,8138021 0,298818 0,2272927
0,6103516 0,3274285 0,2400084
1,017253 0,3115337 0,2209348
0,6103516 0,3210706 0,2415979
0,6103516 0,3083548 0,2336505
0,6103516 0,3083549 0,2257032
0,6103516 0,298818 0,2272927
0,6103516 0,2733865 0,2129875
0,6103516 0,2861023 0,2193453
0,6103516 0,2956391 0,2145769
0,6103516 0,3210706 0,2447768
0,6103516 0,2829233 0,2257032
0,6103516 0,3115338 0,2415978
0,6103516 0,3083548 0,23524
0,4069011 0,2638497 0,2050401
0,6103516 0,3242495 0,2400084
0,6103516 0,3178917 0,2368295
1,017253 0,3147127 0,2431873
0,8138021 0,3306074 0,2400084
0,4069011 0,2924602 0,2272927
0,6103516 0,2924601 0,2257032
0,6103516 0,3083549 0,2336505
0,6103516 0,2924602 0,2257032
0,6103516 0,3019969 0,2368294
0,6103516 0,3019969 0,2209348
0,6103516 0,2956391 0,2288821
0,4069011 0,2765655 0,2225242
0,6103516 0,3051759 0,2272927
1,017253 0,298818 0,2336505
0,8138021 0,3115338 0,2415978
0,6103516 0,3306074 0,2463663
0,6103516 0,3274285 0,2431874
0,4069011 0,2733865 0,2272926
0,6103516 0,2797444 0,2272926
0,8138021 0,3528598 0,2622607
0,6103516 0,3178917 0,23524
0,8138021 0,3401442 0,2543135
0,6103516 0,3337863 0,255903
1,017253 0,3083548 0,2368294
0,6103516 0,2892812 0,2225243
0,8138021 0,3083548 0,2336505
0,8138021 0,3051759 0,2336505
0,6103516 0,2829233 0,2177559
0,8138021 0,3306074 0,2511347
0,6103516 0,3306074 0,238419
0,8138021 0,3306074 0,2447768
0,8138021 0,3274285 0,2368295
0,8138021 0,298818 0,2288821
0,6103516 0,3369652 0,2415979
0,6103516 0,3274285 0,2368295
0,6103516 0,3242496 0,2495452
0,6103516 0,2861023 0,2225242
0,6103516 0,3274285 0,2574924
0,6103516 0,301997 0,2368294
0,6103516 0,3274285 0,2431874
0,8138021 0,3433231 0,2479557
0,6103516 0,3560387 0,2590818
0,6103516 0,3242495 0,2543135
0,6103516 0,3306074 0,2336506
0,6103516 0,3147127 0,2463662
0,8138021 0,3019969 0,232061
0,6103516 0,3306074 0,2527241
0,6103516 0,3147127 0,2495452
0,6103516 0,3401442 0,2606713
0,6103516 0,3274285 0,2479557
0,6103516 0,301997 0,23524
0,8138021 0,3147127 0,23524
0,8138021 0,3083548 0,2400084
0,6103516 0,3274285 0,2511346
0,6103516 0,3083549 0,2447768
0,8138021 0,3337863 0,2590819
0,6103516 0,301997 0,2336505
0,8138021 0,3274285 0,2574924
0,6103516 0,301997 0,2257032
0,6103516 0,3369653 0,2543136
0,6103516 0,3369652 0,2447768
0,4069011 0,2988181 0,2257032
0,6103516 0,3178917 0,2415979
0,4069011 0,3147127 0,2400084
0,6103516 0,3178917 0,2447768
0,6103516 0,3051759 0,2384189
0,6103516 0,3051759 0,2400084
0,6103516 0,3051759 0,2336505
0,8138021 0,3242495 0,2495452
0,6103516 0,2988181 0,2463662
0,8138021 0,3178917 0,2463662
0,6103516 0,3337863 0,2511347
0,6103516 0,3115338 0,2431873
0,8138021 0,3083548 0,2320611
0,6103516 0,3274285 0,2431874
0,8138021 0,3560387 0,2638502
0,6103516 0,3274285 0,2447768
0,6103516 0,3401442 0,2622608
1,017253 0,3306074 0,2431873
0,8138021 0,3814699 0,2749762
0,8138021 0,3274285 0,2463663
0,6103516 0,3115338 0,2495452
0,6103516 0,3147127 0,2463662
0,6103516 0,3496808 0,2622607
0,8138021 0,3687543 0,2765657
0,8138021 0,3337863 0,2495452
0,8138021 0,3337863 0,2543135
0,8138021 0,3242495 0,2431873
0,6103516 0,3337863 0,2670291
0,6103516 0,3496808 0,2654396
0,6103516 0,3719331 0,2765657
0,6103516 0,3306074 0,2463663
0,6103516 0,3560386 0,2733868
0,8138021 0,3306074 0,2495452
0,6103516 0,2988181 0,2336505
0,6103516 0,3274285 0,2479557
0,6103516 0,3274285 0,2447768
0,6103516 0,3623964 0,2638501
0,6103516 0,3051759 0,2384189
0,8138021 0,3433231 0,2606713
0,6103516 0,3655753 0,2686185
0,6103516 0,3337863 0,2511347
0,6103516 0,3210706 0,2479557
0,6103516 0,3242495 0,2447768
0,8138021 0,3337863 0,2606713
0,6103516 0,3274285 0,2415979
0,6103516 0,3337863 0,255903
0,6103516 0,3178917 0,2511346
1,017253 0,3401442 0,2590819
0,8138021 0,3401442 0,2590819
0,6103516 0,3814699 0,2781551
0,6103516 0,3337863 0,2543136
0,6103516 0,2892812 0,23524
0,6103516 0,3465019 0,2590818
0,8138021 0,3814699 0,2876918
0,8138021 0,3655754 0,2733868
0,6103516 0,3210706 0,2511346
0,6103516 0,3496808 0,2574924
0,8138021 0,3337863 0,2606713
0,6103516 0,3592176 0,267029
0,6103516 0,3496809 0,2606713
0,6103516 0,3274285 0,2606713
0,6103516 0,3592176 0,2654396
0,8138021 0,3623964 0,2749763
0,8138021 0,3814698 0,2829234
0,8138021 0,3782909 0,2781551
0,6103516 0,3465019 0,2670291
0,8138021 0,3369653 0,2638502
0,6103516 0,3592176 0,2654396
0,6103516 0,3465019 0,2717974
0,8138021 0,3528598 0,2638502
0,6103516 0,3433231 0,2495452
0,6103516 0,3465019 0,2686185
0,6103516 0,3719332 0,2717973
0,8138021 0,3973643 0,2861022
0,6103516 0,3178917 0,2527241
0,6103516 0,3242495 0,2543135
0,6103516 0,3496809 0,2606713
0,6103516 0,3687543 0,2781551
0,8138021 0,3592176 0,2686185
0,6103516 0,3846487 0,2892812
1,017253 0,3623965 0,2765657
0,6103516 0,3592176 0,2702079
0,6103516 0,3496809 0,2686186
0,8138021 0,3719332 0,2829235
0,8138021 0,3528598 0,2638502
0,8138021 0,3910065 0,2908706
0,8138021 0,4291534 0,3083544
0,6103516 0,4005432 0,2988178
0,8138021 0,3846487 0,2829234
0,6103516 0,3941854 0,29246
0,6103516 0,3592176 0,2781552
1,017253 0,375112 0,2829234
0,6103516 0,3496809 0,2654397
1,017253 0,3878276 0,2829234
0,6103516 0,4100799 0,2940494
0,8138021 0,4418689 0,3194805
0,8138021 0,406901 0,3035861
0,8138021 0,3973644 0,2956389
0,8138021 0,43869 0,3210699
0,6103516 0,3560387 0,2686185
0,8138021 0,3814698 0,2845128
0,6103516 0,3910065 0,2956389
0,6103516 0,3687543 0,2749763
0,6103516 0,3910065 0,2940495
0,8138021 0,4037221 0,3019967
0,8138021 0,4037221 0,3004072
0,8138021 0,4196166 0,3035861
0,6103516 0,3878276 0,2876917
0,8138021 0,4037221 0,2940495
0,6103516 0,3782909 0,2892812
0,8138021 0,4005433 0,2988178
0,8138021 0,4323322 0,3131227
0,8138021 0,4164377 0,3004072
0,8138021 0,41008 0,3051756
0,8138021 0,3910065 0,2956389
0,6103516 0,4100799 0,3051755
0,8138021 0,3973643 0,2956389
0,6103516 0,4164377 0,306765
0,8138021 0,4196166 0,3083544
0,8138021 0,4259744 0,3083544
0,8138021 0,43869 0,3226593
0,8138021 0,4418689 0,3210699
0,8138021 0,4482267 0,3226593
0,6103516 0,4259744 0,3083544
0,8138021 0,41008 0,3051756
0,8138021 0,4482267 0,329017
0,8138021 0,4418689 0,3274276
0,8138021 0,4577634 0,3433221
0,8138021 0,4450478 0,3274277
0,8138021 0,4450478 0,3242487
0,8138021 0,4514056 0,3258382
1,017253 0,473658 0,3544484
1,017253 0,4927314 0,3480904
0,8138021 0,43869 0,3321959
1,017253 0,4800158 0,3512694
0,8138021 0,4641213 0,3337854
0,8138021 0,4736579 0,343322
0,8138021 0,4673001 0,3687536
0,8138021 0,4673001 0,3480905
1,017253 0,4831947 0,3576272
1,017253 0,4514056 0,3321959
1,017253 0,473658 0,3592168
0,8138021 0,4577634 0,3560379
0,8138021 0,4673001 0,3703431
0,8138021 0,5054471 0,3910062
0,8138021 0,4831947 0,3782904
1,017253 0,4927314 0,3767009
1,017253 0,4831947 0,3671641
0,6103516 0,4450478 0,352859
0,8138021 0,4895525 0,3798799
1,017253 0,4831947 0,3719325
1,220703 0,4990892 0,3925956
0,8138021 0,5181628 0,4116693
1,017253 0,5149839 0,3989535
0,8138021 0,5118049 0,397364
0,8138021 0,4959103 0,3910062
1,017253 0,4959103 0,3925956
0,8138021 0,5340575 0,4227956
1,220703 0,5435943 0,4402798
1,017253 0,5404153 0,4196166
1,220703 0,5372364 0,427564
1,017253 0,5658468 0,4498166
0,8138021 0,5276996 0,430743
1,017253 0,5658468 0,4418692
1,017253 0,5849205 0,4577639
1,220703 0,5849205 0,4720692
1,017253 0,6230674 0,4975006
1,424154 0,5817415 0,4720692
1,017253 0,6103518 0,4911428
1,220703 0,6834667 0,5197533
1,220703 0,6548565 0,5133954
1,220703 0,6484987 0,5102164
1,017253 0,6771089 0,5229322
1,017253 0,6580353 0,5149848
1,017253 0,67393 0,5229322
1,220703 0,6866456 0,5324687
1,017253 0,7216136 0,5912778
1,220703 0,6993612 0,5547208
1,627604 0,7756553 0,6087617
1,017253 0,7279715 0,5849201
1,220703 0,7692975 0,6262456
1,424154 0,8010865 0,6484979
1,220703 0,8201599 0,6612136
1,831055 0,8646644 0,6818764
1,424154 0,8614855 0,6802871
1,220703 0,8932744 0,7120762
1,627604 0,9473157 0,7502231
1,831055 0,9314212 0,7549915
1,627604 1,02361 0,8392336
1,831055 1,077652 0,8726126
1,831055 1,138052 0,9059914
2,034505 1,300175 1,023611
2,034505 1,309712 1,066526
2,034505 1,382827 1,147586
2,644857 1,503627 1,250903
2,034505 1,564027 1,314482
2,034505 1,481374 1,247724
2,441406 1,595816 1,343093
2,441406 1,567206 1,303356
2,644857 1,716614 1,428923
2,848307 1,783371 1,459122
2,644857 1,796086 1,471838
2,644857 1,777013 1,479785
2,644857 1,913705 1,586277
3,458659 1,910527 1,565614
3,051758 1,888274 1,570383
2,848307 2,059937 1,688004
2,848307 2,101263 1,794498
2,848307 2,13941 1,781782
3,051758 2,174378 1,826287
3,458659 2,288818 1,891454
3,86556 2,304713 1,883507
3,66211 2,279282 1,910528
3,662109 2,31425 1,940728
4,272461 2,587636 2,123515
3,86556 2,504984 2,069473
4,272461 2,495447 2,058347
4,882813 2,721152 2,25544
4,069011 2,717973 2,234778
4,475912 2,695721 2,22683
4,475912 2,841951 2,298355
5,289714 3,080368 2,501807
6,306966 2,962747 2,417563
4,475912 3,000894 2,474785
4,475912 3,150305 2,611478
6,917316 3,347397 2,695719
4,679362 3,182093 2,641678
5,289714 3,306071 2,686181
5,086263 3,267925 2,678235
6,103515 3,290177 2,705255
6,510416 3,376009 2,802213
5,900065 3,550848 2,884865
5,289714 3,681183 2,977054
5,289714 3,442764 2,927781
6,510416 3,843307 3,124873
8,544919 3,992716 3,218651
9,765621 4,04358 3,263155
6,510416 4,148484 3,372829
8,341469 4,393259 3,51111
8,341469 4,800163 3,849665
7,731118 4,83195 3,949801
9,969072 5,019506 3,983181
7,731118 5,486806 4,467963
9,15527 5,540848 4,452071
8,95182 5,706152 4,636448
11,59668 5,830128 4,725457
9,35872 6,160736 4,898709
12,20703 6,351471 5,21024
9,155272 6,20524 5,113283
10,57942 7,184347 5,723635
11,18978 7,041295 5,814234
11,18978 7,483164 6,093978
11,80013 7,324218 6,052654
11,59668 7,422765 6,092389
14,24154 8,157092 6,623268
13,42774 8,281072 6,658236
14,85189 8,242923 6,705918
12,41048 8,128484 6,516774
14,03809 8,827846 7,023811
14,64844 8,967715 7,214546
19,73471 9,438197 7,624626
14,03809 8,888244 7,071494
15,05534 9,806951 7,94093
13,83464 9,673437 7,987022
14,85189 9,791058 8,187291
18,10711 10,79877 8,594195
19,32781 10,70659 8,708638
15,86915 10,77016 8,73089
19,93816 11,19296 9,099642
18,31056 11,04991 9,0456
20,54851 11,75881 9,581252
17,49675 12,16571 9,784699
19,12436 11,64119 9,528796
20,34507 11,94318 9,791058
18,31056 11,851 9,865763
17,08985 12,04491 9,868937
19,12436 12,92229 10,86395
23,39681 13,02083 10,74314
17,49676 12,71566 10,66367
25,43131 14,16842 11,12461
28,48306 14,47042 11,81284
22,98991 14,99495 12,32148
22,78646 16,04716 13,35145
27,8727 16,48267 13,41979
25,22786 16,93408 13,74563
23,60026 17,38549 14,22405
29,0934 17,83689 14,73427
25,63476 18,03081 14,79467
29,70375 17,03262 13,78854
26,44856 17,07713 13,92365
25,02441 18,22155 14,78991
30,3141 18,80328 15,24925
29,9072 18,64433 15,42091
25,8382 17,98631 15,00607
23,60026 18,29466 15,09349
25,22786 18,40275 15,24608
28,48306 18,68249 15,56556
29,90721 19,811 16,03604
29,9072 18,92726 15,73086
25,63476 18,5903 15,15071
30,3141 18,17068 14,79308
28,6865 18,88276 15,67046
26,85546 19,48675 16,3285
28,2796 19,56622 16,06623
31,33135 19,56622 15,92478
29,9072 19,05442 15,56873
35,60379 19,07031 15,85484
31,9417 20,2783 16,66546
33,36584 19,94769 16,3285
30,11065 20,17976 16,76719
29,5003 19,93816 16,21723
26,44856 19,7347 16,20769
30,721 19,82372 16,63527
33,5693 19,37549 15,69271
31,73825 19,70292 15,73881
30,721 19,67113 16,5542
33,9762 20,35777 16,45089
27,66926 19,95087 16,37936
30,51755 19,80146 15,93908
28,88995 20,27194 16,46519
31,5348 20,2942 16,28717
29,5003 20,53579 16,56374
36,41759 20,81872 17,01831
30,11065 20,38638 16,69884
28,88995 20,90773 17,4745
29,9072 20,58984 17,00402
26,85545 20,57393 17,13435
31,73825 20,42453 16,75129
40,28315 20,88865 16,89593
31,33136 21,35912 18,1516
32,14515 20,76149 17,12958
37,02794 22,39862 18,00219
31,1279 21,20972 17,28059
36,62104 22,18246 18,18339
30,3141 21,197 17,59211
34,58655 21,88364 18,33916
34,58655 21,46721 17,53171
30,51755 21,69927 17,8957
31,9417 22,76738 18,73811
34,17965 22,583 18,96063
35,60379 21,85504 18,12141
34,38309 22,30326 18,36936
28,6865 21,69609 17,9863
32,7555 22,21107 18,11345
36,4176 22,95812 18,84778
34,17965 22,61479 19,16408
38,0452 24,30915 19,97152
30,51755 23,20607 19,16091
31,33135 23,85775 19,24037
32,7555 22,58936 18,74288
29,70375 23,16793 18,84143
34,78999 24,22333 20,5485
39,67279 24,24875 20,6232
39,67279 25,86364 21,64523
33,97619 24,58572 20,76626
30,92445 24,67473 20,55485
36,41759 25,61251 21,46245
62,66288 25,3868 20,9713
36,62105 24,73512 20,70903
36,0107 25,4631 21,42588
34,58654 24,86864 20,99354
35,1969 26,41677 21,74376
36,62104 25,85728 21,84231
39,26589 25,4917 21,59913
38,45209 25,70469 21,55781
36,21415 25,6729 21,41635
38,65554 27,52939 23,25058
38,45209 25,84456 21,39409
32,7555 24,70015 20,8807
38,45209 26,86817 22,28577
41,91077 25,59343 22,11889
37,43484 26,48352 22,65612
40,4866 26,01623 21,75807
37,43484 25,90496 22,0696
37,2314 26,03848 22,22697
38,65554 25,52985 21,9043
35,40034 26,08616 21,86934
34,58654 25,8541 22,19995
37,84174 27,40223 23,13931
39,67279 27,26236 22,7038
42,52113 27,4372 22,95812
36,01069 26,49943 22,03464
41,91076 27,20831 22,34776
36,62104 27,18924 23,07732
41,50386 27,56117 22,74831
43,53839 28,40359 23,98014
40,4866 28,54982 23,9547
37,43484 28,36544 24,22491
52,28682 27,99033 23,2903
37,84174 27,29414 23,19176
40,48661 28,00941 23,49535
45,97981 29,66243 24,42836
44,3522 28,85817 24,20425
38,65554 28,5371 24,24399
48,01432 29,32229 24,70969
41,70732 28,90903 24,36637
37,43484 28,6865 23,9547
41,70732 29,45262 25,2803
39,87625 29,19831 24,69698
40,4866 29,03619 24,51896
48,82814 30,23781 25,60456
42,92803 29,87542 25,44085
43,33493 28,84545 24,32187
40,4866 30,77187 25,55687
43,13148 29,34772 24,80506
46,99707 32,06568 26,75055
43,74184 31,43943 27,35613
44,14874 31,43944 26,57094
48,62469 31,22009 26,3675
45,166 30,68286 26,07027
45,166 30,21557 25,8843
46,38672 32,70781 27,4213
52,49028 31,88765 26,51372
45,77636 31,19466 26,3373
39,06244 30,69875 25,9002
40,4866 30,81637 26,49306
43,94529 30,35861 25,58707
42,31767 31,69374 26,88088
45,97981 32,45986 28,45444
42,72458 32,25005 27,35931
42,52113 31,62699 27,07003
41,91077 30,89902 26,12431
48,21778 31,67149 26,90155
46,79362 32,65695 27,96807
47,81087 32,38993 26,89837
42,92803 31,21373 27,02075
46,38671 31,63334 27,17652
50,2523 33,54069 28,56729
47,81088 32,64106 27,58025
46,79362 31,46804 27,17652
42,92803 32,18965 27,41176
55,13516 32,79364 27,21308
51,87992 33,22598 27,76143
43,13148 32,58701 27,24804
43,33494 31,90038 27,08751
44,35219 33,2228 27,949
47,40397 32,0911 27,50395
48,21778 32,45033 27,77893
54,52479 32,93669 27,68832
41,50386 32,29773 28,0841
46,59017 34,30363 28,65472
42,31767 33,01298 27,49918
52,69373 36,23323 29,21421
59,00073 36,37311 30,70671
65,71465 36,91353 30,66856
58,59384 37,42852 30,73851
49,8454 37,15511 31,21533
52,28682 36,64331 30,83068
48,21777 38,06747 31,99417
60,4249 38,90352 32,88427
48,42123 37,06928 31,52368
53,30408 38,50298 32,02277
53,50754 37,5811 30,69241
54,11789 37,69235 31,24393
50,45575 36,52887 30,85135
54,52479 36,38264 31,22647
47,40397 37,81632 31,93694
53,30408 37,62559 31,32818
48,01432 38,02615 32,24054
