0,8138021 0,4005432 0,2980235
1,017253 0,4450485 0,3234555
1,017253 0,4529957 0,3290187
0,8138021 0,4545852 0,3329926
0,8138021 0,4545852 0,3472976
0,8138021 0,4704799 0,357629
0,8138021 0,4736589 0,3727285
1,017253 0,5102164 0,3949807
0,8138021 0,5038586 0,3957754
1,017253 0,5181636 0,4037226
1,017253 0,5038587 0,4116696
1,017253 0,5324684 0,4339216
1,017253 0,5483628 0,4402793
1,017253 0,5531312 0,4434582
1,017253 0,6135299 0,4879624
1,220703 0,6484981 0,5086249
1,424154 0,6961823 0,5412093
1,220703 0,7486341 0,5761781
1,831055 0,7883706 0,6190947
1,627604 0,8281073 0,6580363
1,627604 0,9012233 0,7088991
2,034505 0,9520865 0,7287676
2,237956 0,9679808 0,769298
2,237956 0,9918223 0,771682
2,237956 1,068115 0,8153909
2,237956 1,098314 0,8535371
4,272461 1,279513 0,9520839
4,882813 1,343093 0,9894371
4,679362 1,486143 1,077652
4,272461 1,618067 1,176995
6,917316 1,881917 1,360574
5,289714 2,045631 1,449584
16,0726 2,490677 1,726945
21,15886 2,878508 2,024174
18,10711 3,294945 2,31107
20,34506 3,822646 2,749762
16,4795 4,129411 2,977053
16,8864 4,588761 3,266333
16,27605 5,151431 3,596941
14,64844 5,4121 3,849664
14,44499 5,769731 4,019737
14,85189 6,214779 4,341602
17,49676 6,594657 4,523591
16,8864 7,324217 5,199114
18,10711 8,045831 5,692638
22,98991 9,117129 6,263259
21,15886 10,46976 7,311506
25,83821 11,96861 8,598963
33,36584 14,4736 10,58261
29,70375 16,12028 12,66797
35,80724 18,60301 14,46486
40,69006 21,62774 17,28376
41,09696 24,60797 20,00014
43,53838 28,04913 22,30643
45,77636 31,00553 25,99795
44,75909 32,01006 27,86477
48,01433 32,13404 27,57708
44,14874 33,36269 28,82241
43,33493 34,5802 30,26405
44,96255 34,38947 30,71943
48,62469 34,64061 30,61532
52,08337 35,94871 31,63415
47,20052 36,50184 32,47974
49,23504 35,98367 32,14197
55,74551 37,52226 33,40639
46,79362 37,17735 33,08055
60,018 38,19461 34,23211
48,82814 37,84174 33,56215
53,91444 38,97345 34,33861
53,91444 38,50932 34,59054
51,47301 38,3615 34,58338
51,06611 38,52045 34,70339
50,45576 38,88444 34,9593
52,28682 38,93372 35,00301
50,45576 38,86695 35,07851
53,91444 39,53453 35,42102
50,45576 39,81427 35,81602
51,87992 40,00821 35,79218
53,50754 39,49161 35,53151
52,49028 40,45006 36,25708
51,47301 40,07496 35,8796
49,64195 40,22911 36,17123
53,10063 40,70437 36,49314
52,49028 40,14806 36,07113
61,23872 40,00184 35,9082
53,10063 39,95255 35,60779
58,59384 40,69483 36,36279
55,94896 40,16237 36,25708
51,67647 40,54702 36,86109
50,45576 40,12581 36,59723
52,49028 40,77431 36,46611
53,71099 41,36559 37,24018
59,00074 40,99046 36,62346
53,10063 41,36241 37,31647
52,08337 41,29882 37,04148
55,13515 40,42144 36,34212
54,5248 41,06675 37,20917
53,91444 41,99979 37,57713
55,3386 41,54043 37,63277
57,78003 40,85219 36,54794
51,47301 41,9998 37,79092
61,23872 41,18756 37,13289
55,74551 42,20799 37,75198
51,87992 41,88057 38,14935
52,69373 41,44188 37,2338
55,94896 41,92985 37,85608
56,96622 41,60083 37,4905
54,5248 42,2541 37,80444
58,59384 42,13647 37,92999
57,16967 42,3765 38,26855
56,35587 41,23206 37,45791
57,16967 42,34788 37,81477
51,67647 41,69619 37,88549
56,15241 41,98866 37,94511
54,9317 41,57381 37,58349
53,91444 41,91872 38,17238
60,83181 41,85197 37,84338
53,91444 41,65645 37,84973
57,57658 42,38603 37,69795
53,91444 41,94098 38,29558
59,6111 42,56884 38,35518
58,79729 42,81679 38,49108
58,39038 43,16806 38,74221
58,79729 43,40805 39,14038
55,54206 43,2841 38,83283
53,30408 43,04088 38,57691
56,76277 42,82473 38,87254
56,55932 43,52092 38,73029
58,59384 42,73414 38,68419
61,23872 42,88037 38,78991
55,54206 42,60856 38,03967
60,42491 41,9823 37,6582
56,35587 42,60856 38,2185
55,94896 42,53861 38,18431
61,44217 43,09336 38,63733
59,40765 42,68484 38,56021
57,37313 42,34788 38,08817
56,55932 43,62583 38,50938
52,28682 42,80883 38,83282
52,49028 42,47344 38,40208
55,3386 43,20302 38,70724
56,15241 42,55133 38,65717
56,15241 42,34151 38,39093
56,76277 42,70234 38,84791
57,57658 43,26659 38,98141
60,4249 43,72755 39,08952
64,2905 42,81042 38,57612
54,11789 42,40351 38,55307
57,78003 42,4957 38,53796
56,96622 42,47345 39,02514
65,1043 43,37151 39,29535
59,20419 43,28567 39,04979
60,83181 43,69099 39,11336
53,71099 43,59562 39,07281
54,72825 43,15058 39,05535
58,18694 43,9326 39,33667
60,62836 43,65125 39,67442
58,59384 42,9646 38,73109
56,15241 43,70848 39,3939
71,20787 43,34926 39,29217
57,37313 42,99638 38,9091
55,54206 43,87854 39,36847
