1,017253 0,4450484 0,3226607
0,8138021 0,4466378 0,3234555
0,8138021 0,4482274 0,3266345
0,8138021 0,4482274 0,3266345
0,8138021 0,4593536 0,346503
1,017253 0,464122 0,3600131
1,017253 0,5006797 0,3806758
1,017253 0,487964 0,3782916
1,017253 0,4943219 0,3886229
1,220703 0,4863746 0,3846493
0,8138021 0,5070375 0,4124643
1,017253 0,519753 0,4084908
1,017253 0,5515417 0,4347164
1,424154 0,5833304 0,4593526
1,220703 0,5944566 0,4657103
1,220703 0,6055826 0,4792204
1,424154 0,6739297 0,5221352
1,627604 0,6945927 0,5308774
1,220703 0,7311502 0,5618727
1,220703 0,7359185 0,567436
1,627604 0,7438658 0,5753835
1,627604 0,8249282 0,6326053
1,627604 0,8678442 0,6715467
2,237956 0,8821495 0,6556525
1,627604 0,9393707 0,7065151
2,441406 0,9965911 0,7494301
2,034505 0,9934118 0,7541986
2,441406 1,098314 0,8479745
3,255208 1,145997 0,8408216
2,848307 1,282692 0,9322162
3,458659 1,379651 1,0101
3,051758 1,444818 1,083216
2,848307 1,546541 1,172227
3,66211 1,759529 1,338322
3,86556 1,850129 1,427332
3,86556 2,002717 1,538596
4,679362 2,007485 1,573564
4,882813 2,101261 1,627604
4,679362 2,180733 1,71105
4,882813 2,34286 1,814365
5,696615 2,52724 1,957418
4,679363 2,625784 2,042453
4,882813 2,876916 2,148946
5,696614 2,954799 2,228418
5,900065 3,175737 2,435843
5,696615 3,199577 2,412002
5,696614 3,380776 2,625783
6,917317 3,474554 2,690157
7,934571 3,647802 2,775193
6,713868 3,981592 3,052554
10,37598 4,142125 3,236929
7,731118 4,343985 3,412565
7,934571 4,582406 3,584227
7,93457 4,925728 3,828209
8,544919 5,199111 4,097619
7,934571 5,264281 4,220011
8,951823 5,625092 4,591941
8,138021 5,842844 4,691284
10,37598 6,286303 5,075136
13,02083 6,408691 5,218188
12,00358 6,577174 5,342958
10,98633 6,670951 5,405741
10,57943 7,017456 5,69105
14,64844 7,34488 5,969208
13,22429 7,483165 6,100341
12,81738 7,694561 6,26405
10,78288 7,839202 6,465912
12,41049 7,932981 6,575588
10,17252 7,851917 6,505645
11,80013 8,395513 6,893476
12,20703 8,51313 7,157323
15,46224 8,767446 7,150172
13,02084 8,827845 7,425944
11,18978 8,680028 7,319452
12,00358 9,268129 7,72079
13,42773 9,018575 7,536407
13,02084 9,118719 7,651647
14,85189 9,398457 7,879731
18,51401 9,776751 8,296966
15,6657 9,843509 8,248487
14,03809 10,17093 8,582271
15,46225 10,24564 8,470218
14,24154 10,16617 8,567967
16,0726 10,43319 8,714994
22,58301 10,55082 8,985198
16,27605 10,73201 9,051163
19,32781 10,96249 9,0607
17,2933 11,1866 9,345212
18,71746 11,31216 9,458859
18,31056 11,40912 9,404819
20,95541 11,50926 9,428657
18,51401 11,97021 10,08113
20,75196 12,13392 10,01199
20,75196 12,54241 10,41015
24,41406 12,62347 10,42128
24,00716 12,73314 10,61757
19,73471 12,59168 10,23372
24,21061 13,08441 10,86712
19,53125 12,89209 10,80831
20,54851 12,92705 10,73996
22,58301 13,31488 10,87507
23,19336 13,27197 10,85758
23,60026 13,21634 10,7042
21,76921 12,93023 10,52857
19,12436 13,10349 10,71453
21,36231 14,07624 11,38131
21,15886 13,72179 11,13415
22,17611 13,81556 11,16435
28,48306 14,31783 11,66265
27,4658 14,34326 11,60701
22,58301 14,72156 12,091
25,02441 14,90911 11,91457
29,0934 14,8646 11,67695
26,04166 15,53853 12,45658
27,46581 16,02809 12,51618
29,5003 15,71655 12,53605
23,80371 15,71337 12,42479
25,83821 15,76265 12,74188
27,66925 16,1775 12,73711
34,58654 16,87686 13,08521
28,88995 17,22813 13,45237
32,55205 17,86868 13,94669
30,51755 17,29489 13,49212
28,2796 18,30896 14,08577
31,5348 17,55238 13,55569
33,1624 18,0165 13,91094
29,29685 18,18816 14,16683
29,9072 18,61573 14,87573
31,5348 18,73493 14,67943
33,5693 19,39773 15,0609
32,7555 20,00649 15,52025
37,63829 18,96698 14,69532
30,3141 19,47085 15,22939
34,78999 19,57257 15,47416
34,78999 20,40704 15,61164
34,17965 19,76013 15,03627
35,80724 20,58823 15,79205
27,8727 19,62344 15,3939
36,41759 20,21472 15,60609
42,52113 19,94769 15,3629
31,9417 19,83006 15,42011
29,5003 20,76944 16,43102
33,5693 20,97606 16,47472
38,65554 20,80758 16,39605
35,80724 20,97288 16,3571
37,23139 20,74082 16,28239
33,5693 21,15885 16,09802
31,9417 20,95699 16,38969
33,77275 20,88387 16,47552
37,23139 21,30508 16,83394
35,6038 22,0569 17,39025
33,36584 22,3573 17,70417
34,78999 22,16973 17,24162
31,73825 21,02851 16,20929
35,40034 22,18723 16,88878
35,1969 22,27465 17,16375
34,99345 22,28101 17,53171
37,23139 22,13478 17,09461
33,5693 22,80235 17,87424
34,17965 22,80712 17,89809
35,80724 22,9756 17,81702
42,31767 22,40657 17,97914
34,58654 23,74808 18,95666
33,1624 22,94222 17,8051
37,84174 22,92473 18,25015
38,45209 22,72765 17,60085
41,91077 23,78622 18,12855
34,17965 23,71469 18,74844
34,78999 23,40952 19,10209
39,67279 24,30915 18,95109
33,9762 22,86435 17,97834
36,62104 23,22514 18,48698
34,58654 23,15998 18,44565
34,38309 23,66542 18,6348
35,60379 23,18382 18,21121
37,02794 23,20448 18,2724
33,1624 23,27442 18,2565
40,0797 23,04076 18,76036
35,40034 22,98513 18,0157
36,01069 23,08051 18,51081
34,17965 23,11547 18,301
35,80724 23,39045 17,99186
35,40034 23,02806 18,08088
37,43484 23,64635 18,91216
33,36584 23,07097 18,09914
38,24864 24,09457 18,79772
38,65554 23,50806 18,50446
33,9762 24,45856 19,16407
37,23139 23,8657 19,12912
33,77275 24,27896 19,50424
37,02794 24,31551 19,31747
38,45209 23,88476 18,84778
36,01069 23,88636 19,03534
38,24864 23,86729 18,99878
38,45209 24,04212 19,12991
35,40034 23,70516 18,72779
41,09696 24,70175 19,33972
35,80724 24,26941 19,43747
34,17965 23,98331 18,86765
37,84174 24,24875 19,39058
34,58654 24,45697 19,3874
36,82449 23,71628 18,62367
35,80724 24,22332 18,82711
37,63829 24,63499 19,3421
38,85899 24,38385 19,36117
37,23139 24,11365 19,08302
42,72457 24,75897 18,91374
35,40034 24,93699 19,79033
37,43484 24,11364 18,6634
35,60379 24,17563 19,2356
35,1969 24,06437 19,60277
35,40034 24,30915 19,40091
35,80724 24,74149 19,57576
35,1969 24,80029 19,43588
41,91077 25,06415 19,5082
38,45209 24,77168 20,10028
32,3486 23,80052 19,00355
37,02794 24,02305 18,9503
35,40034 24,69063 19,9914
38,24864 24,29326 19,21415
35,6038 24,6795 19,54795
36,82449 25,32481 20,39114
36,21414 24,23445 19,48993
38,65554 25,29143 20,30372
38,04519 24,5889 19,54477
35,80724 25,33595 20,44677
40,0797 24,85592 19,86741
34,99345 23,84344 19,21256
37,43484 25,56801 20,61366
36,01069 24,60162 20,00491
36,82449 25,10389 19,73788
44,35219 25,32322 19,88806
37,23139 25,12295 20,03671
38,45209 25,13408 19,7172
37,02794 24,96559 19,72515
37,84174 25,71424 20,40386
35,1969 24,41883 19,05362
35,6038 25,34072 20,19723
35,80724 25,45991 20,32915
38,45209 25,48535 20,07485
38,65554 24,97355 19,71245
37,43484 24,7844 20,13365
38,04519 25,1595 20,5167
37,84174 24,83844 19,49151
39,67279 24,40929 19,29919
39,26589 24,53645 19,59721
38,45209 25,45037 19,99218
39,06244 25,48535 20,14716
37,63829 25,10229 19,79113
38,04519 24,88135 20,58505
38,45209 25,33753 20,39909
41,09696 25,77304 20,37922
38,24864 25,60615 20,40306
37,63829 25,39157 20,25048
41,30041 25,71742 20,61606
38,85899 25,9304 20,41737
37,63829 25,33276 20,20358
43,94529 26,1116 20,74003
36,62104 25,93199 20,42929
40,69006 25,74601 20,48094
34,17965 25,01645 20,08199
38,24864 25,45197 20,55486
39,87625 25,37091 20,22345
38,45209 26,18153 20,65102
39,67279 26,03212 20,78612
38,85899 25,7333 20,08357
36,82449 25,58548 20,54771
42,72457 26,23875 21,44336
48,01433 25,44244 20,47935
35,80725 25,91291 20,76626
37,43484 25,51237 20,29259
45,36945 27,01282 21,66669
42,92803 25,87953 20,33392
36,01069 25,30892 20,26001
39,67279 25,80323 20,34346
41,50386 26,15292 20,49287
38,85899 26,21651 21,25024
38,65554 25,92722 20,40306
41,50386 25,82231 20,21153
36,82449 26,1259 20,91168
41,70732 26,09411 20,61685
35,60379 26,48035 21,27329
41,50386 25,70469 20,11378
41,50386 26,38339 21,34561
37,02794 25,73013 20,72334
35,40034 26,14497 20,84891
37,63829 25,87635 20,5167
39,06244 26,27212 21,4521
38,85899 25,71105 20,76467
42,11422 26,26419 20,74242
43,53838 26,71877 21,11356
41,30041 26,61227 21,06985
37,63829 26,92857 21,79384
34,78999 25,81437 20,58506
38,24864 26,04007 21,12626
39,46935 25,89224 20,95778
40,4866 25,88272 20,43009
41,50386 26,08299 20,47778
36,41759 26,62022 21,30746
37,84174 26,08299 21,25899
39,67279 25,57436 20,79248
42,72458 25,57436 20,15431
42,11422 25,85569 20,86243
39,06244 26,20219 21,41635
37,84174 26,3818 21,27329
37,02794 26,32776 20,75752
38,04519 25,92087 20,4579
40,0797 27,36726 22,00284
37,02794 25,62682 20,26318
37,63829 26,87453 21,29554
39,67279 26,25942 20,6105
37,43484 26,29279 21,08097
36,01069 26,43744 21,42828
38,85899 26,57095 21,40362
40,4866 26,34684 21,37978
40,28315 27,01122 21,79542
42,72458 26,4867 20,98719
38,24864 25,7492 20,59221
39,46935 26,80935 21,18745
36,62104 26,04642 21,39885
38,04519 25,90497 20,55645
39,87624 26,59637 20,92519
40,0797 26,42949 21,29793
36,82449 26,05278 21,08574
38,65554 26,75215 21,60708
39,46935 25,81754 20,87672
39,87625 26,90632 21,60946
37,43484 25,82867 20,88228
37,84174 25,76032 21,01978
37,02794 26,44855 21,62774
40,89351 26,36273 21,02932
38,65554 25,87477 21,13819
41,09696 26,20379 21,0611
41,70732 26,66314 21,80816
37,02794 25,62681 20,70665
38,65554 26,83161 21,74058
38,24864 26,05438 21,36547
45,57291 26,98421 21,70482
37,43484 26,92857 22,00285
38,85899 26,24033 20,6685
40,89351 26,63135 21,21767
41,50386 26,15133 21,05076
41,91077 26,412 21,22003
37,63829 26,79505 22,34935
34,58654 25,97332 20,71699
46,79362 27,26554 22,16497
38,24864 26,90633 21,43781
41,30041 27,32753 22,02271
41,50386 27,25917 21,69052
38,24864 25,73648 21,05872
37,63829 27,0605 22,14114
36,41759 27,1066 21,78192
39,26589 27,20196 22,1332
40,89351 26,69969 21,15646
36,82449 27,16699 21,74457
42,52113 26,7728 21,51012
36,21414 26,7299 21,7104
38,24864 27,08274 21,89953
43,33493 27,29415 22,07914
39,87625 27,00327 21,44813
37,43484 26,75055 21,41634
42,92803 26,98102 21,85742
44,14874 26,68857 21,28521
42,11422 26,85863 21,59436
40,69006 26,58365 21,18667
36,21414 26,1879 21,47277
40,69006 26,6997 21,41158
37,63829 26,79347 20,63274
41,91077 26,75374 21,27965
37,43484 26,41359 21,49979
40,0797 27,00963 22,1022
36,62104 26,49466 21,42668
37,63829 26,54393 21,14217
41,70732 26,00194 21,00786
38,24864 26,81414 21,38932
39,87625 26,95559 21,40601
36,41759 27,01122 21,68575
38,45209 27,27984 22,0267
39,67279 26,71876 21,66271
42,31767 28,07297 22,89531
37,84174 27,36249 21,42746
38,85899 27,00009 21,82641
42,72458 26,80936 21,30667
39,46935 27,32116 22,41053
39,26589 26,32776 20,92918
40,4866 27,04778 21,61265
41,09696 27,32435 22,18803
39,67279 26,53121 21,88604
38,65554 27,01759 22,39067
41,09696 27,10659 21,63091
38,24864 27,00963 21,56893
38,65554 27,58024 22,41611
41,50386 27,55799 22,19915
38,85899 27,56754 22,43519
39,06244 27,41335 22,00206
40,89351 26,17835 20,88467
37,43484 26,65043 21,68417
39,06244 26,50896 21,74536
37,02794 26,99691 21,73583
40,69006 26,68061 21,72629
38,45209 27,02235 21,55224
44,96255 27,62317 22,03544
41,91077 26,85069 21,34641
36,62104 26,35637 21,12627
42,52113 27,62792 22,11968
39,46935 27,24329 22,41611
42,52113 27,83774 22,39863
43,94529 26,56618 21,58482
38,24864 27,22263 21,42111
38,04519 26,865 21,9806
39,26589 27,08911 21,92417
37,63829 26,80301 21,82245
39,87625 26,94605 21,43859
39,06244 27,21944 22,281
40,28315 27,27349 21,51251
39,26589 26,96195 21,80416
38,24864 27,26394 22,28577
36,41759 27,01441 21,6953
37,63829 27,54845 22,31358
40,69006 26,6234 21,25263
37,84174 27,8886 22,39306
42,52113 27,87906 21,97107
40,28315 27,54687 21,77476
40,4866 27,69628 22,05847
35,80724 27,14952 22,02511
43,74184 27,50555 22,21663
40,69006 27,36885 22,13398
43,13148 27,55164 22,19358
41,70732 27,32753 21,13342
38,85899 27,84727 22,51624
41,91077 26,79506 21,32176
39,46935 27,39587 22,74591
34,99345 26,6091 21,99651
39,46934 27,23215 21,79224
40,28315 27,18765 22,00921
44,7591 27,44355 21,88126
37,84174 27,4531 21,95675
38,45209 26,96831 21,4529
37,02794 28,34159 22,62194
40,4866 27,03348 21,98774
43,74184 27,11613 21,4982
37,02794 26,80936 21,89319
37,84174 26,68857 21,31542
39,87625 27,44038 21,96788
40,0797 27,52144 22,77851
39,46935 27,09229 22,03146
39,26589 27,10659 22,29372
39,87625 28,16516 22,88897
40,69006 27,14315 22,42802
39,06244 26,62976 21,44734
36,82449 27,43242 21,71197
38,24864 28,1 22,49877
40,89351 27,62158 22,05689
39,67279 27,87112 22,52975
44,7591 27,55323 21,93768
42,31767 27,23058 22,07438
40,4866 27,32595 22,07041
41,70732 26,89678 21,18666
42,52113 27,48328 22,15465
37,84174 27,3911 22,58857
39,26589 27,49125 22,59891
39,67279 27,92992 22,69664
40,0797 27,33548 21,78748
39,67279 27,48329 21,83914
36,41759 27,13679 21,77
39,67279 27,97125 22,55916
41,91077 28,06185 22,74829
40,28315 27,3625 21,67861
37,84174 27,80595 22,34061
41,91077 27,28143 21,59913
43,33493 28,04596 22,85242
35,40034 26,65836 22,12366
37,63829 28,05549 22,83174
39,06244 28,09204 22,94063
39,46935 27,86316 22,98274
37,63829 27,09071 22,1292
47,81088 27,12408 21,9361
40,28315 27,61045 22,19994
37,02794 26,8205 21,73026
39,46935 27,71854 22,27782
40,28315 27,29573 21,75647
41,09696 27,54686 22,48127
47,40397 28,04914 22,83572
40,89351 27,56912 22,54803
41,91077 27,61205 22,49082
36,82449 26,84751 22,28736
38,65554 26,80618 21,20811
39,06244 27,10659 21,92497
39,06244 27,40859 21,73901
39,06244 27,71376 21,828
42,52113 26,94765 21,61583
39,26589 27,34182 21,83596
41,70732 28,34477 23,13533
40,28315 27,04461 21,92576
43,13148 26,85069 21,57371
43,13148 28,80095 23,04791
48,21778 27,84251 22,2826
39,26589 28,42106 23,28713
42,92803 27,32911 22,46698
38,04519 27,54369 22,53135
36,82449 27,59614 22,13715
