0 0 0
0 0 0
0 0 0
0,1424154 0,00222524 0,00111262
0,1424154 0,00222524 0,00111262
0,1424154 0,00222524 0,00111262
0 0 0
0 0 0
0 0 0
0,2848307 0,00445048 0,00222524
0 0 0
0 0 0
0 0 0
0 0 0
0 0 0
0 0 0
0 0 0
0 0 0
0 0 0
0 0 0
0,1424154 0,00222524 0,00111262
0 0 0
0 0 0
0 0 0
0,1424154 0,00222524 0,00111262
0 0 0
0 0 0
0,1424154 0,00222524 0,00111262
0 0 0
0,1424154 0,00222524 0,00111262
0,5696615 0,008900961 0,00445048
0,4272461 0,0111262 0,0055631
0,4272461 0,008900961 0,00445048
0,4272461 0,01557668 0,007788341
0,4272461 0,008900961 0,00445048
0,1424154 0,00445048 0,00222524
0,2848307 0,006675721 0,00333786
0,2848307 0,00445048 0,00222524
0,2848307 0,00445048 0,00222524
0,5696615 0,008900961 0,00445048
0,1424154 0,00445048 0,00222524
0,2848307 0,008900961 0,00445048
0,2848307 0,006675721 0,00333786
0,2848307 0,0111262 0,005563101
0,2848307 0,008900961 0,00445048
0,2848307 0,008900961 0,00445048
0,4272461 0,0111262 0,005563101
0,1424154 0,008900961 0,00445048
0,2848307 0,0111262 0,005563101
0,4272461 0,01557668 0,007788341
0,5696615 0,01335144 0,006675721
1,281738 0,03560384 0,01780192
0,4272461 0,02670288 0,01335144
0,1424154 0,01557668 0,007788341
0,2848307 0,02447765 0,01223882
0,5696615 0,02892813 0,01446406
0,2848307 0,01780192 0,008900962
0,5696615 0,04005432 0,02002716
0,2848307 0,02002716 0,01001358
0,4272461 0,04005432 0,02002716
0,4272461 0,0222524 0,0111262
0,5696615 0,04895528 0,02447764
0,5696615 0,06230672 0,03115336
0,8544922 0,08010866 0,04005433
1,281738 0,1646677 0,08233386
6,97835 0,3271103 0,1635551
3,7028 0,3916423 0,1958212
6,40869 0,6898246 0,3705023
6,835936 0,8923211 0,519594
18,79883 1,682282 0,945727
13,10222 2,098402 1,216094
21,93196 3,122011 1,799106
26,77408 4,290262 2,510071
24,78024 6,063779 3,58375
36,60075 9,459496 5,884648
47,8516 13,14004 8,368015
36,17352 14,26601 9,348232
53,2635 19,07699 12,01853
51,83932 25,55244 16,09961
52,97855 30,09861 19,43414
58,95999 32,14804 21,39568
80,74945 36,6386 25,04842
60,95384 40,68856 28,83912
66,93522 43,91738 32,58644
70,49559 43,24981 32,95137
69,7835 46,48977 34,76161
69,07137 47,14178 37,95929
82,74329 51,21842 39,62601
77,04657 50,12139 39,74283
78,75549 49,75199 40,8176
71,20761 51,85038 43,14188
71,7773 50,47742 41,83679
74,4832 52,52687 41,79785
71,0652 52,5736 42,88934
74,05589 53,61501 44,61389
70,21071 54,81441 46,36626
69,21385 54,30261 44,75964
70,06834 53,07429 44,06203
78,61314 55,61551 46,48197
82,03111 55,82246 44,86311
79,7525 56,76816 46,67333
89,86394 57,69165 48,12199
90,00638 60,88706 50,75443
81,74634 61,75269 50,08577
96,27264 63,37932 53,16772
80,89186 62,64721 52,99414
92,71225 67,674 55,89918
90,57603 65,71581 53,78743
92,00018 66,01176 56,35981
93,42431 67,80973 56,51668
103,3933 69,98376 57,76389
92,99707 70,21074 58,01536
91,43041 69,87473 58,1778
95,41812 68,99131 56,92387
92,00024 70,99179 59,43838
104,2479 73,1614 62,38015
91,71539 72,38034 60,20721
94,56361 70,78709 59,23922
102,6812 72,92554 60,2584
98,12402 76,67282 65,62567
94,42127 74,69235 62,69279
98,55121 74,79917 63,26469
107,381 75,88062 62,53702
95,13334 73,51742 60,99828
95,70299 76,0364 65,73914
109,2323 75,03948 62,22549
92,7123 74,51434 61,65918
104,2479 76,24112 63,35701
97,69681 73,53526 64,08469
117,2077 75,13073 64,33836
98,97849 75,14408 61,203
98,97846 75,06397 64,71441
104,3903 74,78583 63,0733
99,54821 75,48232 64,0624
95,98783 75,36437 63,46049
94,56367 74,94826 64,36282
102,1116 75,74712 66,10185
119,6288 79,27857 68,43168
98,97849 78,48859 65,44984
100,6875 77,75872 65,14722
104,8175 77,97012 66,76164
96,41499 74,01144 64,04128
90,43352 75,60471 63,53393
110,9413 76,86195 65,06599
99,12093 77,0778 66,0451
94,27883 77,52062 63,97675
102,6814 77,31146 66,51797
92,285 76,23001 64,70441
98,83611 75,14632 64,5798
97,69682 74,90599 64,14699
102,8237 78,39291 66,10407
106,384 79,36533 64,9881
102,6814 77,06893 64,95476
115,3563 78,07918 66,83173
103,5357 78,2839 66,45232
95,4182 77,59405 67,66953
95,84536 76,88644 63,21014
94,56369 76,67059 63,9467
97,12705 77,53175 64,63429
93,5667 77,07334 63,72529
102,3965 77,01552 62,50253
95,98784 75,58913 64,68883
103,1086 79,28746 67,52711
100,6875 74,68345 63,28023
109,9445 80,42233 69,492
105,2448 80,10188 68,38605
107,6659 81,02759 65,95943
99,54823 77,62301 67,97997
101,2572 78,70221 64,48299
110,9414 79,8371 69,86474
106,5265 79,5367 66,38778
112,9353 80,36003 68,46395
105,672 80,88963 68,74318
114,3594 81,66178 67,14323
114,0745 82,77217 71,34114
106,3841 81,34137 65,73022
109,9445 81,95551 68,17576
111,7959 78,71114 68,42946
104,1055 81,47041 68,18021
