1,017253 0,443459 0,325045
0,8138021 0,4275643 0,3115343
1,017253 0,4434589 0,3202765
0,8138021 0,4593536 0,3457083
1,017253 0,4784272 0,3584238
1,220703 0,4720694 0,3647814
1,424154 0,5022693 0,3910072
1,627604 0,5086271 0,3989543
1,017253 0,5467734 0,4235905
1,220703 0,5483629 0,4299482
1,220703 0,5801516 0,4529949
1,627604 0,5928671 0,4593526
1,220703 0,627835 0,4959096
1,831055 0,7088979 0,5380301
1,627604 0,7565814 0,5737938
1,627604 0,7915493 0,6135312
1,627604 0,8265178 0,6405526
2,848307 0,9346023 0,7152574
4,679363 1,017254 0,761351
2,848307 1,088778 0,8336696
2,644857 1,093546 0,8233381
4,069011 1,217522 0,8940682
4,679363 1,312892 0,9624156
4,069011 1,438461 1,044273
4,272462 1,537006 1,1158
4,679362 1,831055 1,335938
5,289713 2,107621 1,556873
4,475912 2,382596 1,794497
5,086263 2,636911 1,954238
5,086263 2,86102 2,145766
6,713866 3,256798 2,450941
6,510417 3,520649 2,672674
18,92091 4,067422 3,054937
12,00358 4,44571 3,333885
15,46225 4,881226 3,578665
18,71746 5,408924 4,009406
14,44499 5,621911 4,233519
16,27605 6,273587 4,600686
18,71746 6,73294 4,901885
22,58301 6,90619 5,190372
24,21061 7,605552 5,557536
28,2796 8,664132 6,375314
25,22786 9,172759 6,869635
26,24511 9,452503 6,997587
20,54851 9,965896 7,375876
26,85546 10,97679 8,119741
30,3141 11,0356 8,194443
27,0589 11,74132 8,673667
30,721 12,6203 9,594761
29,9072 13,51198 10,04219
32,55204 14,09054 10,33306
34,99345 15,5131 11,05547
34,99344 17,49516 12,60917
37,02794 20,10663 14,52367
37,84174 23,57165 17,8027
36,62104 25,69516 20,68758
40,28315 27,6629 22,64181
38,85899 28,80889 24,03734
43,74184 30,47941 25,7651
41,91077 31,40447 26,62498
41,70731 32,62836 27,79085
43,74184 33,11632 28,65154
50,65921 33,75369 29,0346
49,64195 34,80592 30,52153
43,74184 35,12379 31,16605
44,7591 35,88353 31,25586
47,40397 36,03134 31,81772
46,18326 36,17758 32,12131
44,7591 36,23798 31,60713
46,59017 37,00251 32,51232
53,91444 37,06449 33,13856
49,8454 37,46027 32,63471
48,42123 37,411 32,64423
48,82814 37,99909 33,62017
48,62469 37,52862 33,02491
55,13515 38,78906 34,45464
47,60743 38,1644 34,2798
49,23504 38,60152 34,58419
53,50754 38,76205 34,2043
51,26957 38,18667 34,09145
51,47301 39,56471 35,29227
52,28682 38,84628 34,5675
51,26957 39,22775 35,08327
53,50754 39,24364 35,15399
53,91444 39,65215 35,3988
49,8454 39,9303 36,13391
52,49028 39,75864 35,63959
52,28682 40,04157 35,25652
50,45576 39,90487 35,63799
61,84907 40,35627 35,9384
56,96622 40,11786 35,42979
54,32135 40,04633 35,88515
50,04885 39,74593 35,72621
51,87992 40,18461 35,69522
50,45576 39,70301 35,94079
49,64195 40,33242 36,32464
54,5248 40,19574 35,52911
50,65921 39,94461 35,44408
51,06611 40,03362 36,38584
52,69373 40,18461 35,48381
50,2523 40,93485 36,23405
52,69373 40,16237 36,0004
51,87992 40,43575 35,66104
49,64195 40,23707 35,6539
51,67647 40,56767 36,39537
53,10063 40,21959 35,97973
54,9317 40,93642 36,21814
56,76277 40,85854 36,49314
48,62469 40,17984 36,26981
50,04885 40,67893 36,52808
52,49028 40,89509 36,06792
50,86266 40,33083 35,8915
56,15241 40,92848 36,55193
51,67647 40,73932 36,48438
58,59384 40,92848 36,31271
55,74551 41,09697 36,34768
55,74551 41,17325 36,95724
50,6592 40,52793 35,83667
57,16967 41,6056 37,80523
61,64562 40,65829 36,76175
55,54206 41,37989 36,70928
50,04885 40,95233 36,40013
53,50754 41,48004 37,54852
53,71099 41,1669 37,07566
51,67647 41,23366 37,08838
52,89718 41,41485 36,76491
54,5248 41,33379 37,48891
51,67647 40,99206 35,98608
56,15241 40,76477 36,42955
52,49028 41,48479 37,2664
53,30408 40,88556 36,5742
50,2523 41,48797 37,03353
55,13515 41,10332 36,60915
52,49028 41,45141 36,86586
49,03159 40,92848 37,05975
53,30408 41,63419 37,30613
50,2523 40,90145 36,72359
53,50754 41,42757 37,13366
53,91444 42,35584 37,40707
53,10063 40,99206 37,01764
52,28682 40,84584 36,57657
59,6111 42,15871 38,02059
55,94896 41,32265 36,73551
55,74551 41,41804 36,98824
57,16967 42,07925 36,71008
54,72825 42,18892 37,25367
53,91444 41,39262 36,82532
54,72825 41,22412 36,62823
53,71099 40,62013 35,2867
52,28682 40,88557 36,94214
50,04885 40,74251 36,30318
52,28682 41,5293 36,23643
55,54206 41,79792 37,19487
54,72825 41,20187 36,90796
57,37313 41,42439 36,70533
52,28682 42,12057 37,11777
55,74551 40,93325 36,18238
52,28682 41,65488 37,21952
54,72825 41,87739 37,20998
57,16967 41,83924 37,2672
52,49028 41,85197 37,20362
52,69373 40,94119 35,95351
57,57658 41,7709 36,90161
57,16967 42,26842 37,72894
51,87992 41,77409 37,2211
