0,8138021 0,3910064 0,2940497
0,8138021 0,4339222 0,3163028
1,017253 0,4545852 0,3274292
0,8138021 0,4466379 0,3369663
1,017253 0,4752483 0,3584238
0,8138021 0,4784273 0,3647815
0,8138021 0,4959114 0,3854441
0,8138021 0,4943219 0,3870335
0,8138021 0,4895535 0,39657
1,017253 0,5165741 0,4164379
1,220703 0,5499523 0,4402794
0,8138021 0,567436 0,4450477
1,017253 0,5880988 0,4641209
1,424154 0,5642572 0,4537895
1,017253 0,6151196 0,4871678
1,627604 0,6262456 0,4911414
1,627604 0,6802877 0,5292881
1,424154 0,7120768 0,5467725
1,424154 0,7645286 0,5817412
1,627604 0,7740653 0,6238632
1,831055 0,8185705 0,6596259
1,831055 0,8726126 0,6882362
1,831055 0,8932759 0,7009519
3,86556 1,022022 0,7700932
4,069011 1,068115 0,7955234
5,289713 1,145997 0,8654581
5,289714 1,22547 0,921089
6,103516 1,220701 0,8765841
5,696615 1,268387 0,9369839
6,103515 1,395546 0,9902322
7,527668 1,532238 1,089573
7,324217 1,629194 1,138052
7,324217 1,734097 1,21991
7,527668 1,90099 1,313686
6,917316 2,144178 1,519521
8,341469 2,436637 1,637935
6,713866 2,686184 1,855692
6,917316 3,067654 2,086163
8,951819 3,627141 2,480347
11,18978 4,108747 2,771217
8,951819 4,363061 2,979438
11,39323 4,959105 3,437201
10,57943 5,338986 3,656547
10,78288 5,963643 4,159608
10,17252 5,973179 4,074574
14,03809 6,451606 4,336834
12,20703 6,82354 4,790624
12,61393 7,001559 4,945595
11,59668 7,518129 5,398589
12,61393 8,115766 5,772112
13,42773 8,584657 6,151197
15,25879 8,915266 6,565253
13,22429 9,431841 7,026994
14,03808 9,784696 7,212159
15,46224 10,13756 7,614294
15,86915 10,06921 7,531643
17,70019 10,93865 8,128486
20,34505 11,27879 8,393921
20,75196 11,66662 8,956594
20,34506 11,6698 8,40029
19,93815 12,53605 9,659133
21,97265 12,86984 9,816492
21,97265 13,21157 9,970662
25,83822 13,66774 10,42604
24,21061 14,39412 11,23985
28,68653 15,85961 12,21577
30,72103 17,22017 13,67966
29,90723 18,87639 15,09904
28,07618 21,0619 17,59052
29,90724 22,63864 19,33019
33,3659 24,68268 21,24468
34,9935 26,49466 22,88103
34,99351 27,47218 24,07314
36,62111 28,57526 25,3582
36,41766 29,85795 26,6242
39,46943 30,97376 27,84492
37,63836 31,71603 28,39884
38,04526 33,19424 29,92233
40,89357 33,79663 30,81242
40,07977 35,02211 32,03473
41,70737 35,64358 32,81514
41,70737 36,66243 33,63292
45,16602 37,58432 34,37679
46,38672 38,22964 35,16199
43,33498 38,96713 36,39143
45,97982 39,97485 37,27356
45,97982 40,47234 38,04445
45,16602 41,31477 38,716
47,40397 41,8075 39,33984
48,62467 42,5005 40,27765
48,01432 43,17443 41,09701
48,82812 43,62901 41,78047
48,82812 44,00412 42,11585
49,03156 44,47142 42,36617
49,84537 44,91488 43,09576
49,64192 45,54271 43,46131
50,45572 45,61901 43,91114
51,26952 46,06883 44,30851
50,65917 46,40102 44,60335
50,25226 46,68077 44,42692
53,10057 47,1274 45,30984
51,67642 47,56133 45,67384
52,69367 47,77113 45,89082
52,49021 48,19235 46,22697
51,67642 48,20346 46,44871
54,52472 49,06654 47,06304
53,71092 49,08881 47,3539
53,71092 49,68961 48,04134
54,32126 50,25387 47,80213
54,11781 50,38422 48,67633
54,52471 50,84037 48,91077
54,72816 51,09628 49,28908
55,54197 51,31561 49,56483
55,33852 51,64145 49,52908
56,15231 51,71934 49,5553
55,94886 51,88145 50,05676
56,35576 51,89415 50,13541
55,33851 52,08017 49,96301
55,54197 52,18188 50,48673
56,76266 52,52518 50,70765
56,76266 52,68735 50,48674
56,55921 52,51405 50,57175
56,35577 52,8097 50,79826
57,37301 52,97343 51,19562
58,18681 53,26113 51,43408
56,5592 53,0656 50,98342
56,76266 53,04652 51,04145
56,96611 53,21184 51,71299
57,98336 53,339 51,08438
56,96611 53,22773 51,68755
57,98336 53,47887 51,68121
57,37301 53,38351 51,651
56,96611 53,6235 51,93788
57,16957 53,77292 52,11672
57,98337 53,84125 52,21526
57,16957 53,89055 52,11037
58,59371 53,93824 52,27884
58,59371 54,01611 51,99274
57,98336 54,27838 52,33684
59,00062 54,18618 52,41154
58,39027 54,66461 52,90746
58,59371 54,66619 52,86615
57,77991 54,74565 53,04973
58,79716 54,72659 52,8375
59,00061 55,07308 53,22854
58,79716 55,07946 53,28735
59,40751 55,26065 53,22296
58,39026 55,12714 53,19119
58,39026 55,24793 53,15223
59,40751 55,3735 53,5496
59,0006 55,47045 53,35886
59,20407 55,58649 53,79918
60,01786 55,52449 53,4892
59,81441 55,92981 54,23226
59,40751 55,75019 53,8047
59,40752 55,72795 54,04154
59,81441 55,7677 54,06063
59,4075 56,07763 54,21
60,01786 55,57695 53,72049
58,59371 55,67233 53,57345
59,40751 56,01245 53,94139
61,03511 56,12372 54,09
59,61096 55,89165 53,76733
59,4075 56,07446 54,25376
60,22131 55,8996 54,20844
60,42476 56,23021 54,61376
60,62822 56,28903 54,40553
59,61095 56,31126 54,21874
60,6282 56,26518 54,43812
61,44201 56,60692 54,67731
60,62821 56,4305 54,56767
60,22131 56,28744 54,63361
60,83166 56,20001 54,27757
60,42476 56,38279 54,46751
60,22131 56,40348 54,1393
60,01786 56,61486 54,17745
60,22132 56,57353 54,78222
60,83166 56,45434 54,49694
60,42477 56,85331 55,30674
60,6282 56,81673 55,08264
