0,6103516 0,2924601 0,2193453
0,8138021 0,2606708 0,2018612
0,8138021 0,2956391 0,2288821
0,6103516 0,3401442 0,2511346
0,4069011 0,2638497 0,2098085
0,4069011 0,301997 0,2193454
0,6103516 0,3210706 0,2415979
0,8138021 0,2892812 0,2193453
0,6103516 0,2924602 0,2225243
0,6103516 0,3178916 0,2288821
0,6103516 0,2797444 0,2145769
0,8138021 0,2924601 0,2177559
0,8138021 0,3242495 0,23524
0,6103516 0,2988181 0,2288821
0,6103516 0,2956391 0,2193453
0,6103516 0,298818 0,2177559
0,8138021 0,2765655 0,1986823
0,6103516 0,2638497 0,2018612
0,6103516 0,2861023 0,2161664
0,8138021 0,3306074 0,2257033
0,6103516 0,2861023 0,2177559
0,6103516 0,3051759 0,2129875
0,6103516 0,2702076 0,2098085
0,6103516 0,3337863 0,2511347
0,6103516 0,301997 0,2241137
0,6103516 0,2892812 0,2225243
0,6103516 0,2861023 0,2177559
0,6103516 0,298818 0,2336505
0,8138021 0,2797444 0,2129875
0,8138021 0,2924601 0,2177559
0,6103516 0,2733865 0,2129875
0,6103516 0,2956391 0,2193453
0,6103516 0,2797444 0,2129875
0,6103516 0,2797444 0,2050402
0,6103516 0,298818 0,2304716
0,6103516 0,2829233 0,2177559
0,8138021 0,3115337 0,2336505
0,6103516 0,3115338 0,2320611
0,6103516 0,3274285 0,2415979
0,6103516 0,3242495 0,2463663
0,4069011 0,2829233 0,2177559
0,6103516 0,2892812 0,2177559
0,8138021 0,2924601 0,2193453
0,6103516 0,301997 0,2384189
0,6103516 0,2861023 0,2066296
0,6103516 0,298818 0,2209348
0,6103516 0,3147127 0,23524
0,6103516 0,3337863 0,2447768
0,6103516 0,3083549 0,23524
0,6103516 0,2861023 0,2161664
0,6103516 0,3115337 0,2241137
0,6103516 0,3019969 0,2431873
0,6103516 0,2861023 0,2304716
0,6103516 0,2861023 0,2145769
0,8138021 0,3019969 0,2336505
0,6103516 0,3115338 0,2304716
0,6103516 0,3083548 0,2336505
0,6103516 0,3051759 0,2288821
1,017253 0,2956391 0,2272926
0,8138021 0,2892812 0,2177559
0,6103516 0,3115338 0,23524
0,6103516 0,2892812 0,2257032
0,6103516 0,3369652 0,2511346
0,8138021 0,3210706 0,2415979
0,6103516 0,3083549 0,2257032
0,6103516 0,2670287 0,2050401
0,6103516 0,3083548 0,232061
0,6103516 0,301997 0,2257032
0,6103516 0,3083549 0,2384189
0,8138021 0,3178917 0,2320611
0,6103516 0,2797444 0,2098085
0,6103516 0,2797444 0,2145769
0,6103516 0,3019969 0,2304716
0,6103516 0,3178916 0,2368295
0,8138021 0,3242495 0,2400084
0,6103516 0,3210706 0,2320611
0,8138021 0,3115338 0,2257032
0,6103516 0,3115338 0,2257032
0,6103516 0,2702076 0,2050401
0,6103516 0,3337863 0,2527241
0,6103516 0,2956391 0,2209348
0,6103516 0,3083549 0,2320611
0,8138021 0,298818 0,2225243
0,6103516 0,3051759 0,2209348
0,6103516 0,3051759 0,2257032
0,4069011 0,2479552 0,190735
0,6103516 0,2924601 0,2241137
0,8138021 0,3019969 0,2225243
0,6103516 0,3369653 0,2447768
0,6103516 0,3337863 0,2511347
0,8138021 0,3210706 0,2543135
0,6103516 0,3083548 0,2272927
0,8138021 0,2956391 0,2288821
0,6103516 0,3147127 0,2400084
0,6103516 0,3051759 0,2320611
0,6103516 0,3051759 0,2304716
0,6103516 0,2892812 0,2082191
0,6103516 0,298818 0,2304716
0,4069011 0,2765655 0,2129875
0,6103516 0,298818 0,2241137
0,6103516 0,3242495 0,2368295
0,6103516 0,3178917 0,2431873
0,6103516 0,3115338 0,2384189
0,6103516 0,3147127 0,2320611
0,6103516 0,298818 0,2272927
0,6103516 0,2956391 0,2209348
0,6103516 0,2670287 0,2161664
0,6103516 0,3019969 0,2257032
0,6103516 0,2956391 0,2225243
0,8138021 0,3083548 0,2241137
0,6103516 0,3147127 0,2384189
0,4069011 0,3242496 0,2431874
0,6103516 0,2829233 0,2241137
0,6103516 0,3369653 0,2463663
0,8138021 0,3147127 0,2384189
0,6103516 0,2797444 0,2177558
0,6103516 0,3274285 0,2511346
0,6103516 0,3178917 0,23524
0,6103516 0,3115337 0,2304716
0,8138021 0,3115338 0,2241138
0,6103516 0,2861023 0,2177559
0,6103516 0,3083549 0,2257032
0,8138021 0,3274284 0,2415979
0,8138021 0,3115338 0,2431873
0,8138021 0,3337863 0,2527241
0,6103516 0,3083548 0,2415978
0,6103516 0,2765655 0,2193453
0,6103516 0,301997 0,2304716
0,8138021 0,3051759 0,2320611
0,6103516 0,3178917 0,2415979
0,6103516 0,2797444 0,2082191
0,8138021 0,3210706 0,2447768
0,8138021 0,3274285 0,2511346
0,6103516 0,3083549 0,2320611
0,6103516 0,3306074 0,2495452
0,6103516 0,3051759 0,2384189
0,6103516 0,2892812 0,2225243
0,4069011 0,2988181 0,2257032
0,8138021 0,295639 0,2304716
0,8138021 0,3051759 0,2304716
0,8138021 0,3369653 0,2495452
0,6103516 0,3337863 0,2447768
0,6103516 0,3178916 0,2495452
1,017253 0,3115337 0,2257032
0,6103516 0,3210706 0,2447768
0,6103516 0,3115338 0,2304716
0,6103516 0,2924601 0,23524
0,6103516 0,3242495 0,2400084
0,6103516 0,3274285 0,2463663
0,6103516 0,298818 0,2257032
0,6103516 0,2956391 0,2336505
0,6103516 0,3242495 0,23524
0,8138021 0,3306074 0,255903
0,6103516 0,3337863 0,2463663
0,6103516 0,3401442 0,2574925
0,6103516 0,301997 0,2209348
0,6103516 0,3083549 0,2368295
0,6103516 0,301997 0,2320611
0,6103516 0,2956391 0,2336505
0,6103516 0,3210706 0,2415979
0,4069011 0,2733865 0,211398
0,8138021 0,3433231 0,2495452
0,6103516 0,3528598 0,2670291
0,6103516 0,3274285 0,2495452
0,6103516 0,3147127 0,2479557
0,6103516 0,3242495 0,2495452
0,6103516 0,3178917 0,2400084
0,4069011 0,3369652 0,255903
0,6103516 0,3147127 0,2368295
0,4069011 0,2956391 0,2336505
0,6103516 0,3147127 0,2400084
0,8138021 0,3242495 0,2527241
0,6103516 0,3083549 0,2241138
0,6103516 0,3242495 0,2400084
0,8138021 0,3210706 0,2415979
0,6103516 0,2861023 0,2225242
0,8138021 0,3115338 0,2384189
0,8138021 0,3528598 0,2638502
0,6103516 0,301997 0,2288821
0,8138021 0,3655754 0,2702079
0,6103516 0,3147127 0,2431873
0,8138021 0,3210706 0,2479557
0,6103516 0,3115338 0,2336505
0,8138021 0,3465019 0,2638502
0,6103516 0,2861023 0,211398
0,8138021 0,3019969 0,2384189
0,6103516 0,3178916 0,2400084
0,6103516 0,343323 0,2590818
0,6103516 0,3306074 0,2543136
0,8138021 0,3242495 0,2447768
0,8138021 0,346502 0,2543136
0,8138021 0,3560387 0,2638502
0,6103516 0,3147127 0,2400084
0,8138021 0,3401441 0,2638502
0,6103516 0,3083548 0,2415978
0,6103516 0,3337863 0,2527241
0,6103516 0,3274285 0,2527241
0,6103516 0,3337863 0,2543136
0,6103516 0,3051759 0,23524
0,6103516 0,3274285 0,2590819
0,8138021 0,3210706 0,2447768
0,4069011 0,2988181 0,2304716
0,6103516 0,3306074 0,2511347
0,6103516 0,3083549 0,2304716
0,8138021 0,3433231 0,2622608
0,6103516 0,3147127 0,2431873
0,6103516 0,301997 0,2368294
0,6103516 0,3369653 0,2527241
0,8138021 0,3528598 0,2574924
0,6103516 0,3560387 0,2590818
0,6103516 0,3306074 0,2590819
0,6103516 0,3083549 0,2400084
0,6103516 0,3274285 0,2495452
0,6103516 0,3401442 0,255903
0,6103516 0,3115337 0,2320611
0,8138021 0,3560387 0,2606713
0,6103516 0,3210706 0,255903
0,6103516 0,3274285 0,2431874
0,6103516 0,3178917 0,2384189
0,6103516 0,3687542 0,2749762
0,6103516 0,3369653 0,2622608
0,6103516 0,3115337 0,2415978
0,6103516 0,3433231 0,2543135
0,8138021 0,346502 0,2638502
0,8138021 0,3274285 0,2511346
0,8138021 0,3496809 0,2574924
0,6103516 0,3210706 0,2479557
0,8138021 0,3306074 0,2527241
0,6103516 0,3369653 0,2574925
0,6103516 0,3147127 0,2463662
0,6103516 0,3878276 0,2813339
0,6103516 0,3401442 0,2574924
0,8138021 0,3751121 0,2765657
0,6103516 0,3655753 0,2749763
0,8138021 0,3465019 0,2686185
0,6103516 0,3337863 0,2543136
0,6103516 0,3910065 0,2876917
0,8138021 0,346502 0,255903
0,8138021 0,3814699 0,2829234
0,6103516 0,3592175 0,2717974
0,6103516 0,3528598 0,2670291
1,220703 0,3910066 0,2876917
0,8138021 0,3337863 0,2574925
0,6103516 0,3369653 0,2654397
0,6103516 0,3878276 0,2845128
0,8138021 0,3719332 0,2797446
0,8138021 0,3878277 0,295639
0,4069011 0,3306074 0,2622608
0,6103516 0,3655753 0,2781551
0,8138021 0,4196166 0,3051755
0,6103516 0,3719331 0,2781551
0,8138021 0,3719331 0,2845129
0,8138021 0,406901 0,2972283
1,017253 0,4323323 0,3083544
0,6103516 0,3623964 0,2781551
1,220703 0,4132589 0,3004072
0,8138021 0,41008 0,3019967
0,8138021 0,4386901 0,3163016
0,6103516 0,43869 0,3258382
0,8138021 0,4291534 0,3131227
0,8138021 0,4132589 0,3019967
0,6103516 0,4418689 0,3147121
0,8138021 0,4259744 0,3115333
0,8138021 0,43869 0,317891
0,8138021 0,4450478 0,3337854
0,8138021 0,4641213 0,3306065
0,8138021 0,4673001 0,3608063
0,8138021 0,4800158 0,3623957
0,8138021 0,4831946 0,3623958
0,8138021 0,4577634 0,3544484
0,8138021 0,4704791 0,3592168
0,8138021 0,505447 0,3989536
0,8138021 0,5372364 0,424385
1,424154 0,5817415 0,4355113
1,017253 0,5499521 0,4196166
2,034505 0,6643932 0,4943214
3,051758 0,6548566 0,4943215
2,644857 0,7343296 0,5292901
2,848307 0,8805592 0,6182988
5,086263 0,9918209 0,6723396
10,17252 1,427333 0,8996326
24,21061 2,015432 1,225473
47,81088 4,949568 2,733865
57,57657 6,771086 3,706612
58,59384 12,2865 6,666184
67,95264 21,68657 11,54265
70,5975 35,93764 19,72199
76,90453 49,66102 32,15314
117,1871 58,32678 44,48735
85,65279 62,48166 47,84272
86,67002 66,22011 55,41969
90,12863 71,43039 59,17719
118,8147 72,75278 58,70509
105,9975 74,59022 63,8359
105,7941 77,28593 64,81342
113,3216 78,3763 67,39471
103,7596 77,99164 67,4408
114,7458 83,09377 69,18441
106,201 82,75044 72,29498
118,2044 86,279 73,53952
109,4561 86,82259 75,39282
122,8837 89,93153 77,11101
125,325 91,54959 78,01698
120,8492 90,71989 77,76266
127,563 92,21714 78,88327
130,2078 93,03094 82,21639
127,1561 96,81699 82,8998
127,563 97,27152 82,82189
130,2078 101,0321 86,76531
130,2078 104,4145 90,27165
130,2078 103,9344 89,04303
123,9009 107,3644 93,18345
130,2078 106,9385 91,10769
130,2078 109,7295 95,18299
130,2078 113,1023 98,15363
130,2078 109,1859 94,62827
130,2078 112,0501 96,50378
130,2078 114,6854 98,84184
130,2078 119,2216 99,76051
130,2078 116,9805 99,89247
130,2078 117,6767 99,61745
130,2078 120,7634 104,6226
130,2078 121,361 104,2316
130,2078 121,9682 106,7652
130,2078 118,767 101,6074
130,2078 123,3668 109,3417
130,2078 122,4196 105,9101
130,2078 124,3936 109,4227
130,2078 124,0884 104,5622
130,2078 125,5602 112,6826
130,2078 124,9181 109,7088
130,2078 125,8336 111,3793
130,2078 123,4622 108,2736
130,2078 125,3155 110,8945
130,2078 123,9422 109,0746
130,2078 124,8513 109,1493
130,2078 124,6002 108,8489
130,2078 124,6193 110,6434
130,2078 126,7523 109,5037
130,2078 126,285 109,917
130,2078 123,939 108,0828
130,2078 124,7402 108,9347
130,2078 124,9595 112,581
130,2078 124,6193 109,9584
130,2078 124,2125 110,7674
130,2078 124,6766 108,1543
130,2078 124,4508 105,3458
130,2078 123,5004 104,8467
130,2078 123,3446 105,2393
130,2078 125,077 110,602
130,2078 123,3287 106,5999
130,2078 125,3886 111,8466
130,2078 124,2029 107,7299
130,2078 124,8673 109,7025
130,2078 124,9531 109,7549
130,2078 124,578 109,9552
130,2078 124,4191 107,6107
130,2078 123,3351 109,4195
130,2078 125,2774 109,9822
130,2078 125,538 112,2011
130,2078 125,0612 108,992
130,2078 123,6116 108,4405
130,2078 123,3478 109,3433
130,2078 124,4445 107,5042
130,2078 123,9772 111,6622
130,2078 122,1112 104,0679
130,2078 123,6816 107,9493
130,2078 126,1388 111,524
130,2078 124,1139 109,5641
130,2078 123,5608 108,663
130,2078 124,8895 107,4661
130,2078 125,0135 105,581
130,2078 123,3732 107,3771
130,2078 124,0726 107,9287
130,2078 125,6747 111,7099
130,2078 125,2169 107,9652
130,2078 125,8972 114,1624
130,2078 124,009 108,9396
130,2078 124,5112 110,715
130,2078 124,2506 110,1205
130,2078 123,5194 108,9284
130,2078 126,0529 112,5396
130,2078 124,9594 111,764
130,2078 123,8564 110,0236
130,2078 124,365 107,5535
130,2078 125,5475 110,9962
130,2078 124,7338 108,6296
