0,4069011 0,2765655 0,2161664
0,6103516 0,2861023 0,2209348
0,6103516 0,2733865 0,2145769
0,6103516 0,3337863 0,2400084
0,6103516 0,2797444 0,2098085
0,6103516 0,2638497 0,2002717
0,6103516 0,2733865 0,211398
0,6103516 0,2956391 0,2225243
0,8138021 0,3178916 0,2447768
0,6103516 0,3178917 0,2257032
0,6103516 0,3210706 0,2447768
0,6103516 0,2892812 0,211398
0,4069011 0,301997 0,2257032
0,6103516 0,3051759 0,2161665
0,6103516 0,2733865 0,2034507
0,6103516 0,2892812 0,2034507
0,6103516 0,2733865 0,2225242
0,6103516 0,2861023 0,2129875
0,6103516 0,301997 0,2257032
0,6103516 0,3083549 0,2225243
0,6103516 0,3337863 0,2400084
0,6103516 0,298818 0,2241137
0,8138021 0,2924601 0,2225243
0,8138021 0,2861023 0,2129875
0,6103516 0,3083549 0,2241138
0,6103516 0,2733865 0,2145769
0,4069011 0,2733865 0,2066296
0,6103516 0,2829233 0,2161664
0,6103516 0,3147127 0,2288821
0,4069011 0,2733865 0,2145769
0,6103516 0,3019969 0,2272927
0,6103516 0,3051759 0,2241137
0,6103516 0,2956391 0,2209348
0,6103516 0,3051759 0,2225243
0,6103516 0,3051759 0,2320611
0,6103516 0,2606708 0,211398
0,8138021 0,2797444 0,2193453
0,6103516 0,3019969 0,2336505
0,6103516 0,3051759 0,2320611
0,6103516 0,2956391 0,2193453
0,4069011 0,2606708 0,1891455
0,6103516 0,298818 0,2225243
0,8138021 0,3178917 0,2257032
0,6103516 0,3115338 0,2368295
0,6103516 0,2988181 0,2304716
0,8138021 0,3051759 0,2336505
0,6103516 0,3083548 0,2304716
0,4069011 0,2765655 0,2066296
0,6103516 0,2892812 0,2145769
0,4069011 0,2733865 0,2050401
0,6103516 0,2765655 0,2177558
0,6103516 0,298818 0,2098086
0,6103516 0,2924602 0,2082191
0,6103516 0,2702076 0,1970928
0,6103516 0,2924601 0,2129875
0,8138021 0,2797444 0,2225242
0,6103516 0,3051759 0,2225243
0,6103516 0,2829233 0,2225242
0,6103516 0,2988181 0,2336505
1,017253 0,3051759 0,2272927
0,6103516 0,2924601 0,2098086
0,6103516 0,3115338 0,2336505
0,6103516 0,3242495 0,2368295
0,6103516 0,2956391 0,2177559
0,6103516 0,3051759 0,2193454
0,8138021 0,2861023 0,2177559
0,8138021 0,3147127 0,23524
0,8138021 0,2956391 0,2161664
0,6103516 0,2956391 0,2241137
0,6103516 0,298818 0,2336505
0,6103516 0,298818 0,2241137
0,8138021 0,2956391 0,2018612
0,6103516 0,3147127 0,23524
0,6103516 0,3051759 0,2241137
0,6103516 0,2829233 0,2177559
0,6103516 0,2829233 0,2034507
0,6103516 0,3210706 0,2400084
0,6103516 0,3083549 0,2272927
0,4069011 0,3178917 0,2368295
0,8138021 0,2924601 0,2336505
0,4069011 0,2606708 0,2066296
0,8138021 0,3083548 0,2241137
0,8138021 0,3051759 0,2288821
1,017253 0,3210706 0,2431873
0,6103516 0,3178916 0,2368295
0,6103516 0,3210706 0,2304716
0,8138021 0,2829233 0,2129875
0,6103516 0,2765655 0,2177558
0,6103516 0,3115338 0,2304716
0,8138021 0,3369653 0,238419
0,6103516 0,2956391 0,2193453
0,6103516 0,2861023 0,2272926
0,8138021 0,2924601 0,2193453
0,6103516 0,3242495 0,2320611
0,6103516 0,3051759 0,2304716
0,6103516 0,2670287 0,2002717
0,8138021 0,3210706 0,2336506
0,6103516 0,3147127 0,23524
0,8138021 0,3147127 0,2288821
0,6103516 0,2511341 0,1970928
0,8138021 0,301997 0,2193454
1,017253 0,3147127 0,2320611
0,6103516 0,3306074 0,2415979
0,6103516 0,3083549 0,2336505
0,6103516 0,2892812 0,2082191
0,6103516 0,3178917 0,2336506
0,6103516 0,2829233 0,2082191
0,6103516 0,301997 0,2320611
0,6103516 0,3115337 0,2336505
1,017253 0,3051759 0,2288821
0,6103516 0,298818 0,2272927
0,6103516 0,3083549 0,2384189
0,6103516 0,298818 0,232061
1,017253 0,2892812 0,2272926
0,8138021 0,3337863 0,2463663
0,6103516 0,3115338 0,2272927
0,6103516 0,2892812 0,2241137
0,6103516 0,298818 0,2161664
0,6103516 0,2829233 0,2177559
0,8138021 0,3019969 0,2241137
0,6103516 0,3083549 0,2272927
0,6103516 0,2670287 0,2002717
0,6103516 0,3019969 0,2241137
0,6103516 0,2829233 0,2082191
0,6103516 0,3115338 0,2225243
0,4069011 0,2511341 0,1986823
0,6103516 0,2606708 0,2050401
0,8138021 0,2797444 0,2145769
0,6103516 0,2956391 0,2241137
0,8138021 0,3274285 0,2400084
0,6103516 0,301997 0,2257032
0,6103516 0,3115338 0,2336505
0,6103516 0,2924601 0,2161664
0,6103516 0,2924601 0,2225242
0,6103516 0,3178917 0,23524
0,8138021 0,3083549 0,2272927
0,6103516 0,3083549 0,2288821
0,6103516 0,3083549 0,2384189
0,6103516 0,301997 0,2320611
0,8138021 0,3019969 0,2336505
0,8138021 0,3274285 0,2447768
0,6103516 0,3147127 0,2304716
0,4069011 0,2988181 0,2225243
0,6103516 0,2956391 0,2241137
0,6103516 0,298818 0,2241137
0,6103516 0,301997 0,2320611
0,6103516 0,301997 0,2304716
0,6103516 0,3178917 0,2431873
0,8138021 0,3210706 0,2320611
0,6103516 0,3242495 0,23524
0,6103516 0,3083549 0,2225243
0,6103516 0,2924601 0,2257032
0,6103516 0,3242495 0,2400084
0,6103516 0,3083549 0,2272927
0,4069011 0,2733865 0,2145769
0,6103516 0,3178917 0,2415979
0,8138021 0,3083548 0,2320611
0,6103516 0,2956391 0,2241137
0,6103516 0,298818 0,23524
0,6103516 0,3178916 0,2257032
0,6103516 0,2956391 0,2241137
0,8138021 0,3210706 0,2384189
0,6103516 0,3306074 0,2463663
0,4069011 0,254313 0,1970928
0,6103516 0,2956391 0,2336505
0,6103516 0,2924602 0,232061
0,6103516 0,2861023 0,2161664
0,6103516 0,2797444 0,2225242
0,6103516 0,2892812 0,232061
0,8138021 0,2924601 0,2272926
0,6103516 0,298818 0,2225243
0,6103516 0,3147127 0,2257032
0,6103516 0,2892812 0,2272926
0,8138021 0,2861023 0,211398
0,8138021 0,3210706 0,2431873
0,6103516 0,2797444 0,211398
0,8138021 0,3115338 0,2320611
0,4069011 0,2892812 0,2209348
0,6103516 0,2956391 0,2209348
0,6103516 0,2861023 0,2050402
1,017253 0,2861022 0,2161664
0,6103516 0,3019969 0,2272927
0,6103516 0,2892812 0,2193453
0,6103516 0,2829233 0,2257032
0,6103516 0,2956391 0,2193453
0,6103516 0,298818 0,2304716
0,6103516 0,3178917 0,2304716
0,6103516 0,3178916 0,2304716
0,8138021 0,3401442 0,2495452
0,6103516 0,3210706 0,2415979
0,8138021 0,3178916 0,2336505
0,6103516 0,301997 0,2257032
0,6103516 0,2892812 0,2225243
0,8138021 0,2956391 0,2129875
0,6103516 0,3051759 0,2272927
0,6103516 0,3083549 0,2304716
0,8138021 0,3210706 0,2447768
0,6103516 0,298818 0,2272926
0,6103516 0,301997 0,2272927
0,6103516 0,2797444 0,2018612
0,6103516 0,301997 0,2272927
0,8138021 0,3178916 0,2336505
0,6103516 0,3051759 0,23524
0,6103516 0,3242496 0,2400084
0,8138021 0,3019969 0,2336505
0,6103516 0,2829233 0,2098085
0,6103516 0,2956391 0,2272927
0,6103516 0,3147127 0,2431873
0,6103516 0,3083549 0,2288821
0,6103516 0,3274285 0,2527241
0,6103516 0,3401442 0,2463663
0,8138021 0,2861023 0,2193453
0,6103516 0,298818 0,2257032
0,6103516 0,2892812 0,2257032
0,6103516 0,3274285 0,2511347
0,6103516 0,2702076 0,2098085
0,4069011 0,3051759 0,2368295
0,6103516 0,3051759 0,2368294
0,6103516 0,3210706 0,23524
0,6103516 0,3210706 0,2431873
0,6103516 0,3528598 0,2622607
0,8138021 0,3528598 0,2447768
0,6103516 0,3274285 0,2479557
0,8138021 0,3528598 0,2638502
0,8138021 0,3687543 0,2717974
0,6103516 0,3210706 0,2479557
0,8138021 0,378291 0,2861023
0,6103516 0,3306074 0,2511346
0,8138021 0,3401442 0,2574924
0,6103516 0,3306074 0,2463663
0,8138021 0,3210706 0,2415979
0,6103516 0,3592176 0,2654396
0,4069011 0,3083549 0,2463662
0,8138021 0,3687543 0,2733868
0,8138021 0,3337863 0,2479557
0,6103516 0,3178917 0,2495452
0,6103516 0,3655753 0,2765657
0,6103516 0,343323 0,2654396
0,6103516 0,3623964 0,2686185
0,8138021 0,3306074 0,2574924
1,017253 0,3878277 0,2861023
0,6103516 0,301997 0,2431873
0,8138021 0,3401442 0,2574925
0,8138021 0,375112 0,281334
0,6103516 0,378291 0,2829234
0,6103516 0,3306074 0,2543136
0,6103516 0,3592176 0,2686185
0,8138021 0,3814699 0,2797445
0,6103516 0,3655753 0,2765657
0,8138021 0,3623965 0,2717974
0,6103516 0,3814698 0,2797445
0,8138021 0,3751121 0,2765657
0,6103516 0,3814698 0,2797445
0,6103516 0,3623964 0,2781551
0,8138021 0,4323322 0,3163016
0,6103516 0,4482267 0,3258382
0,8138021 0,4482267 0,3258382
0,8138021 0,4355111 0,3353748
1,017253 0,4895525 0,3560378
1,017253 0,5149839 0,3862377
0,8138021 0,470479 0,3623957
0,8138021 0,4831946 0,3496798
1,017253 0,5404153 0,3910061
1,017253 0,5690258 0,4291534
1,017253 0,5404153 0,427564
1,220703 0,638962 0,4847848
1,424154 0,6230676 0,4641217
1,220703 0,5976362 0,4657113
2,644857 0,6326043 0,4736585
1,627604 0,6198886 0,4800164
1,831055 0,7692975 0,5626684
2,034505 0,7692974 0,5594894
2,237956 0,8900957 0,6341929
2,034505 1,004537 0,6977714
3,051758 1,198451 0,8296965
3,66211 1,366933 0,9886425
2,237956 1,341501 0,9806951
3,051758 1,630784 1,165072
3,255208 1,722972 1,311303
3,051758 1,872381 1,390775
3,66211 2,244314 1,686415
5,086263 2,450943 1,823107
4,475912 2,562204 1,947085
4,272461 2,66393 2,056758
5,900065 2,756119 2,129873
7,527667 2,924601 2,304713
8,95182 3,172556 2,388953
6,713865 3,388723 2,559027
6,917317 3,697078 2,746582
7,120767 4,224776 3,091494
8,748371 4,498165 3,385544
9,765623 4,936853 3,555616
10,17252 5,458197 3,964106
12,41048 6,332397 4,615782
12,00358 7,069905 5,103746
12,81738 7,333755 5,407334
11,59668 7,549923 5,601248
14,24154 8,176167 6,17504
12,41048 8,710224 6,442069
13,83464 9,403231 7,23839
14,8519 9,930928 7,667541
15,6657 10,70023 8,44002
19,32781 11,51085 8,947051
19,3278 12,19114 9,49065
20,34506 13,00176 9,942052
23,80371 13,54536 10,252
26,24512 14,53718 11,33283
29,50033 15,87868 12,42796
29,70377 17,49357 13,10189
30,51757 18,23743 14,51969
35,80727 21,08891 15,93749
39,26592 23,12978 18,15479
34,38312 23,90543 19,12911
38,24866 24,5889 19,73788
46,79359 25,45038 20,04941
45,36947 27,60569 22,57347
43,94529 28,46399 22,05531
45,36945 29,53529 23,67814
60,62832 30,82275 23,84185
72,22507 33,61383 25,99874
88,50108 37,71146 28,92812
90,12864 40,17193 29,98034
87,68726 45,88446 34,08909
107,2182 54,7473 38,449
115,1527 64,34449 46,39472
107,0147 70,70232 52,75412
98,47 74,50119 59,3822
133,4629 78,00433 61,7187
129,5974 85,25219 67,29768
112,101 83,16368 65,7893
107,8286 84,37804 67,4201
129,394 84,66412 67,17369
122,6802 88,68224 69,56267
115,763 90,00784 73,89711
135,9044 92,06773 75,80444
119,2216 91,88975 77,31922
118,2044 90,98375 74,33898
122,4768 93,93375 78,03284
117,5941 95,43098 75,99196
138,3457 96,29879 78,4445
123,9009 100,816 83,43377
125,3251 99,94817 85,49533
117,1872 99,4745 84,00279
119,0182 100,5172 84,54487
132,4458 101,0767 84,6561
123,4941 103,9631 85,92283
126,9527 104,0934 86,28047
134,4802 108,9285 91,99292
134,8871 105,3522 91,95322
147,7044 107,7586 87,86987
133,0561 106,4553 91,50819
135,0906 109,3926 89,13665
128,3767 107,2564 85,72887
132,0388 110,4384 93,40275
159,7078 114,7395 98,63682
139,3629 111,1886 96,1843
136,3112 113,0229 95,27034
148,925 112,5333 97,13161
144,6526 111,4366 93,97971
135,7009 111,4143 96,47355
144,0422 114,2881 95,36254
131,8354 114,1704 96,0015
144,2457 115,4992 94,5773
137,5319 115,3562 101,4279
130,8182 113,1691 98,06304
137,5318 116,1858 99,92424
147,9078 117,5146 98,16945
145,6697 114,3484 97,55441
138,3457 117,9024 96,22079
154,825 115,5501 93,90814
139,9733 118,6081 105,2632
170,8979 119,8193 99,04365
140,9905 118,0296 100,4853
143,4318 117,6672 100,3868
145,0594 118,3951 101,3357
141,194 120,4169 106,6746
148,3146 121,8824 107,5059
147,2974 118,6939 101,2578
140,5836 121,4882 104,4144
148,1112 116,8915 98,83862
146,4836 119,8193 103,5927
172,3221 121,272 102,8361
135,294 118,5255 104,8817
150,1457 121,1195 104,0059
146,2802 117,4574 102,5023
154,6215 120,0195 105,9721
167,0323 119,3647 104,8039
138,7526 117,3112 100,4011
139,363 120,01 105,2171
147,5009 119,7716 106,1072
150,9595 118,3602 104,149
156,2491 120,3978 104,6067
148,3147 119,8161 102,7741
145,8732 118,6653 103,0062
146,0767 118,2362 100,3566
143,4319 121,6853 105,0247
138,5491 119,6095 105,2028
138,956 118,6812 99,92423
149,9423 121,218 104,8785
149,1284 123,0744 106,8398
140,1767 121,9237 107,2818
146,0767 122,0699 106,8685
144,6526 120,9096 105,5493
151,7732 122,4959 103,5275
164,3873 124,2284 108,1162
158,0802 123,777 106,8113
152,1801 123,6657 104,8753
154,4181 125,0453 108,7504
139,363 122,7852 107,997
151,5698 123,4369 105,4634
166,6254 122,143 100,9684
153,4008 123,0172 106,3027
143,025 122,3115 96,47822
146,2802 123,6848 105,8878
147,5008 122,8901 108,5931
