0,8138021 0,4275642 0,312329
0,8138021 0,4498168 0,3337873
0,8138021 0,4402801 0,3321978
1,017253 0,464122 0,3361714
1,017253 0,5054481 0,3854442
0,8138021 0,4816062 0,3623974
0,8138021 0,4561747 0,3552448
0,8138021 0,4736589 0,3759074
1,017253 0,5261108 0,4084909
1,017253 0,5308791 0,4076962
1,017253 0,5340579 0,422001
1,017253 0,5499523 0,4299482
1,017253 0,5308791 0,4299481
1,220703 0,5849198 0,4601473
1,220703 0,5992249 0,4752469
1,220703 0,6500876 0,5046516
1,220703 0,6532667 0,5141879
1,424154 0,688235 0,5388252
1,017253 0,7041295 0,5594886
1,627604 0,7979073 0,6365789
1,627604 0,8376442 0,6747258
1,627604 0,8265179 0,6699572
2,034505 0,9012232 0,7096939
1,627604 0,9584441 0,7565829
3,255208 1,05381 0,8153914
2,848307 1,050631 0,816186
3,66211 1,088777 0,8535374
2,848307 1,20163 0,9067845
3,458659 1,295409 1,004536
3,255208 1,303356 0,9814895
3,051758 1,358988 0,9997691
2,644857 1,441639 1,084805
3,458659 1,535415 1,172226
4,475912 1,614887 1,227855
4,882813 1,68959 1,304147
5,493164 1,834235 1,416206
3,86556 1,921656 1,51555
4,069011 2,02179 1,64032
4,679362 2,129871 1,732507
5,289714 2,169607 1,788138
6,306965 2,276102 1,893837
6,510417 2,371473 1,995564
4,882813 2,497038 2,115569
6,510416 2,508163 2,157691
4,272461 2,571739 2,214115
5,900065 2,62419 2,249877
5,900065 2,617834 2,276103
4,272461 2,694128 2,330937
6,510416 2,668696 2,321401
5,696614 2,756117 2,37544
4,882813 2,71638 2,381001
5,493164 2,808571 2,424714
4,882813 2,727507 2,407227
4,272461 2,818109 2,475577
4,882813 2,827645 2,470809
4,272461 2,854667 2,508163
4,882813 2,861026 2,525647
4,069011 2,857846 2,53439
4,679363 2,923016 2,570949
5,493165 2,985005 2,632145
4,272461 2,954804 2,628966
4,272461 3,013613 2,661548
4,475912 3,000897 2,663933
4,475912 3,013613 2,671087
4,475912 3,046989 2,679032
4,272461 3,077187 2,721947
4,679363 3,061294 2,726716
4,475912 3,145532 2,790292
6,510416 3,178911 2,780756
4,679362 3,190037 2,824464
5,086263 3,167784 2,805391
5,289714 3,213879 2,868172
5,086263 3,337859 2,94526
5,086263 3,291763 2,919033
4,679363 3,379187 2,976257
4,679362 3,445946 3,044606
5,493164 3,501578 3,103419
5,289714 3,63191 3,194017
5,086263 3,603301 3,180505
5,289714 3,657342 3,236932
4,882813 3,662108 3,263155
5,696616 3,903704 3,421303
5,696615 3,870325 3,41415
4,882813 3,85761 3,42607
5,493164 3,962517 3,530978
6,103515 4,111928 3,672442
5,493164 4,177094 3,725689
6,103516 4,224776 3,774963
6,103516 4,320141 3,881453
5,900065 4,391667 3,944235
6,306966 4,560157 4,079343
6,917317 4,671418 4,217628
6,510417 4,819234 4,313787
6,713867 4,885986 4,367029
7,120767 5,008377 4,526773
7,73112 5,038575 4,537107
6,510416 5,008378 4,533132
9,155272 5,11488 4,62294
7,731121 5,269053 4,764397
6,917317 5,246802 4,727841
6,713867 5,407331 4,862147
7,120767 5,453422 4,915393
6,917318 5,491568 4,981357
7,527669 5,585351 5,080698
6,917317 5,547201 5,025867
8,341471 5,631444 5,125201
7,527669 5,690263 5,157787
7,120767 5,745894 5,207857
7,731118 5,860332 5,2913
7,527669 5,8953 5,358854
8,951822 6,028808 5,439122
7,93457 6,084437 5,511443
8,138019 6,144838 5,550387
8,138021 6,103511 5,547209
8,138021 6,186165 5,620324
8,138018 6,217956 5,632244
7,731119 6,148017 5,611579
8,138021 6,286305 5,740324
9,155272 6,445254 5,838074
8,54492 6,357831 5,798339
8,748373 6,508828 5,89609
8,13802 6,445253 5,907217
8,341471 6,58671 5,948545
8,748371 6,607373 5,985103
9,358722 6,553335 5,972387
8,544921 6,661411 6,039144
9,562173 6,866453 6,191728
8,74837 6,758371 6,132127
9,765623 7,05878 6,34352
8,951819 6,990434 6,3467
9,562173 7,090569 6,390411
9,562174 7,090569 6,439683
9,358723 7,208187 6,487367
9,969075 7,365543 6,62486
9,562172 7,495876 6,72658
9,155272 7,567403 6,787774
10,17252 7,729527 6,918111
10,78288 7,778803 7,061165
10,17252 7,902782 7,057984
10,17252 7,979077 7,162097
9,969075 7,921854 7,099311
10,57942 8,028347 7,267792
11,59668 8,150735 7,371902
11,18978 8,190472 7,309116
10,98633 8,249284 7,414022
10,78288 8,16186 7,328191
10,78288 8,363727 7,479988
10,57943 8,309681 7,44899
10,78288 8,428896 7,545952
10,78287 8,370086 7,54913
10,98633 8,62757 7,719995
11,59668 8,654593 7,70887
12,41048 8,743608 7,712842
11,59668 8,811948 7,857481
11,80013 8,776978 7,826486
11,39323 9,042425 8,003715
12,00358 9,196602 8,207165
14,24154 9,64324 8,490086
13,02083 9,654361 8,401074
12,81738 9,90391 8,606118
12,81738 9,872116 8,805592
13,42774 10,17094 8,978844
14,64844 10,40777 9,110765
14,24154 10,41889 9,260175
15,6657 10,73201 9,406407
14,44499 11,13574 9,843513
14,44499 10,91163 9,70602
14,03809 11,13892 9,989734
15,46225 11,02606 9,853834
14,03809 11,34237 10,05014
14,44499 11,30581 10,12643
14,85189 11,3376 10,00881
14,64844 11,3837 10,1622
15,86915 11,60939 10,1622
15,46224 11,40118 10,09941
16,4795 11,67138 10,21464
14,64844 11,55217 10,2218
16,4795 11,67933 10,32034
15,46225 11,47747 10,20908
15,05534 11,75563 10,50234
15,86915 11,97656 10,67957
16,27605 11,86689 10,60247
15,25879 12,11325 10,86553
15,25879 11,84623 10,67241
16,0726 12,15299 10,81546
15,6657 12,18478 10,82659
15,86915 12,17206 10,89414
15,86914 12,25154 10,86711
15,86915 12,22769 10,94898
15,6657 12,38823 11,0205
15,46225 12,38029 10,99825
17,08985 12,23405 10,95216
15,66569 12,2881 11,007
17,2933 12,12915 10,91878
16,27605 12,48042 11,16037
16,8864 12,30717 11,04593
16,0726 12,41366 11,08806
14,85189 12,18796 10,94024
16,8864 12,7093 11,35667
15,46224 12,20385 11,03163
16,0726 12,35009 11,10554
17,90365 12,52015 11,16117
14,64844 12,36756 11,25415
15,46224 12,46771 11,11508
18,1071 12,34849 11,08408
15,86915 12,60917 11,25257
15,66569 12,39618 11,02447
16,27604 12,44069 11,05627
16,27604 12,47725 11,28912
16,68295 12,5742 11,26051
16,0726 12,48201 11,18342
17,90365 12,51857 11,19773
16,68295 12,49314 11,18104
14,44499 12,28015 11,05309
16,27605 12,54558 11,13017
15,2588 12,60281 11,20806
16,8864 12,74267 11,23348
15,86914 12,44704 11,19852
15,66569 12,41208 11,11269
17,08985 12,90798 11,46476
16,8864 12,65685 11,4274
19,32781 12,69976 11,31376
17,49675 12,49313 11,10553
17,90366 12,55671 11,20011
15,6657 12,67274 11,27641
16,0726 12,61711 11,38131
17,49675 12,64254 11,3368
15,6657 12,73314 11,49416
15,86914 12,5583 11,2462
17,2933 12,67274 11,44726
15,6657 12,85394 11,49496
16,27604 12,72678 11,4282
18,51401 12,69499 11,37177
16,0726 12,76016 11,49416
16,4795 12,7093 11,37177
15,66569 12,90163 11,60304
17,2933 12,67274 11,3821
16,27605 12,86507 11,59986
16,0726 12,64095 11,4576
15,05535 12,53922 11,18818
16,27605 12,81738 11,46635
16,4795 12,86348 11,46078
16,8864 12,55353 11,25891
16,0726 12,96521 11,66265
16,8864 12,72201 11,36621
15,86915 12,4836 11,35111
16,8864 12,86666 11,669
18,31056 12,68227 11,41151
16,4795 12,90639 11,61814
16,0726 12,93659 11,60065
16,27605 12,6632 11,37257
16,0726 13,10349 11,71828
16,8864 12,86825 11,55695
17,08985 12,80626 11,49257
16,68295 12,55353 11,10633
17,90365 12,95408 11,64516
16,8864 12,82215 11,53549
15,86915 12,7554 11,43614
15,86914 12,68704 11,39958
15,6657 12,86984 11,57999
15,86915 12,9366 11,64437
15,86914 12,87938 11,66662
16,8864 12,68069 11,398
15,66569 12,99541 11,72463
17,90366 12,81579 11,49575
17,2933 13,10666 11,6984
16,68295 13,04945 11,73019
16,27605 13,02878 11,70317
16,68295 12,97474 11,57363
15,6657 12,88256 11,65311
18,51401 12,92547 11,56171
16,8864 12,99699 11,68251
17,7002 13,14322 11,80887
18,71746 13,00495 11,59907
16,4795 12,97316 11,58
17,90365 12,92229 11,48065
16,27605 13,07806 11,75006
17,7002 12,93978 11,58555
17,08985 12,88096 11,5625
16,27605 12,94296 11,60145
16,68295 13,03832 11,70874
17,49675 12,9652 11,7151
15,66569 12,89527 11,62529
16,0726 13,00812 11,68808
17,08985 13,04309 11,70317
16,4795 12,92865 11,54105
16,4795 13,00971 11,64596
17,7002 13,16707 11,77946
15,86915 12,94454 11,57046
17,7002 13,12574 11,68252
17,49675 13,15117 11,71192
17,2933 13,14481 11,80569
16,8864 13,14004 11,78583
20,54851 13,36256 11,91696
15,86915 13,06375 11,62212
16,27605 13,04468 11,73576
16,27605 12,96043 11,60701
16,4795 12,86349 11,6539
17,7002 12,83487 11,47986
18,1071 13,28945 11,76358
15,86915 13,16706 11,87961
17,90365 13,06057 11,71113
17,49676 13,17819 11,71827
16,4795 13,24018 11,85258
17,08985 13,21633 11,71747
16,68295 13,16865 11,84542
16,4795 13,03673 11,71509
17,7002 13,04468 11,68648
17,49675 13,2513 11,87006
17,7002 13,237 11,81761
16,68295 13,13527 11,78582
16,4795 13,06375 11,67377
17,90366 13,17818 11,82476
16,68295 13,326 11,98451
17,2933 13,237 11,86132
17,08985 13,07964 11,86291
15,6657 12,92546 11,64992
18,51401 13,14322 11,71509
16,27605 13,07011 11,69841
17,08985 13,11461 11,83509
17,90365 13,22428 11,81999
18,51401 12,98428 11,72463
17,08985 13,08283 11,77232
17,49675 13,05898 11,65946
19,53126 13,07488 11,77391
17,08985 13,16706 11,82
17,49675 12,85394 11,60463
16,27605 13,0415 11,64118
17,08985 13,10985 11,65788
16,0726 12,96044 11,70873
16,4795 13,00494 11,66661
15,86915 12,95408 11,64834
16,0726 12,87143 11,57205
19,12436 13,27833 11,87642
17,90365 13,16547 11,8192
16,8864 13,17183 11,79218
17,2933 13,11938 11,83033
17,49676 13,31488 11,89868
17,7002 13,33713 12,00278
16,4795 12,9064 11,6404
15,86915 13,05422 11,74688
16,4795 13,02242 11,74927
16,8864 13,16547 11,75165
17,08985 13,08283 11,6849
15,86915 13,17024 11,84225
16,0726 13,11779 11,79694
17,7002 13,17183 11,76437
17,08985 13,28627 11,89152
16,0726 13,14799 11,7739
16,8864 13,14004 11,76357
16,8864 13,18773 11,70238
18,31056 13,3117 11,90901
15,86914 13,11461 11,75642
17,7002 13,15117 11,80649
15,86915 13,32124 11,92729
18,71745 13,08919 11,82715
17,7002 13,14481 11,81284
16,4795 13,30217 11,91775
16,4795 13,13368 11,79218
17,2933 13,18613 11,86689
17,2933 13,17501 11,8963
16,27605 13,2068 11,87405
17,49675 13,04786 11,52834
18,51401 13,30057 11,96225
17,90366 13,15435 11,7437
16,0726 13,09077 11,82556
16,8864 12,84759 11,60463
18,51401 13,14163 11,77072
17,7002 13,11779 11,60543
15,86915 13,18772 11,82715
16,27605 13,10031 11,76596
18,71746 13,32919 11,90107
15,46225 12,91434 11,64278
16,4795 12,92229 11,59907
15,66569 13,09713 11,85178
16,68295 13,30216 11,91775
16,27605 13,09077 11,76118
16,27604 13,10984 11,70794
16,8864 13,14481 11,72702
16,8864 13,14799 11,81205
17,90365 13,06375 11,70556
18,10711 13,09395 11,75563
18,1071 13,30693 11,89549
17,08985 13,02561 11,7747
15,6657 13,13527 11,87404
16,0726 12,97475 11,65311
16,0726 13,05898 11,79854
18,1071 13,1607 11,72383
16,68295 13,08918 11,80807
17,2933 13,06216 11,66026
17,2933 13,09395 11,62291
16,4795 13,26719 11,87881
18,31055 13,2672 11,95987
16,0726 13,05421 11,71986
17,08985 13,26561 11,75245
16,8864 13,4023 11,86132
16,68295 13,10985 11,77152
17,2933 13,25131 11,91933
16,8864 13,05422 11,74927
15,46224 13,06375 11,69125
17,2933 13,21951 11,77231
16,68295 13,3276 11,90583
16,0726 13,37687 12,05603
17,08985 13,34508 11,86609
17,49675 13,1003 11,80489
17,2933 13,30694 11,88357
17,49675 13,18773 11,73257
17,08985 13,17342 11,79536
19,93816 13,20203 11,85655
17,49675 13,23065 11,74848
16,0726 13,34667 11,96543
17,08985 13,15435 11,83033
16,27605 13,09872 11,65311
17,2933 13,20044 11,92569
18,51401 13,33713 11,97815
16,8864 13,24972 11,78821
16,8864 13,09713 11,76595
16,8864 13,25766 11,97259
17,49676 13,23541 11,90106
16,4795 13,25131 11,79139
16,68295 13,31012 12,04491
16,07259 13,09872 11,73496
17,49675 13,30534 11,91059
18,1071 13,21633 11,93444
17,49675 13,17659 11,83589
18,51401 13,36097 11,90822
18,10711 13,388 11,8796
17,2933 13,17978 11,78264
16,68295 13,28309 11,82953
17,90365 13,33872 11,97417
17,2933 13,24018 11,8947
17,2933 13,0415 11,85497
17,49675 13,2068 11,79695
17,90365 13,3276 11,96702
16,68295 13,29739 11,89867
16,8864 13,25766 11,85258
17,7002 13,11938 11,851
19,12436 13,27832 11,99007
17,08985 13,36575 11,93127
16,0726 13,30058 11,98133
19,12436 13,4484 12,05206
18,71746 13,48337 11,9861
17,49675 13,38164 11,96146
16,8864 13,1162 11,76198
17,2933 13,35302 12,02265
17,7002 13,35938 11,93206
16,27605 13,38005 11,99246
18,51401 13,36892 11,96306
16,0726 13,08123 11,69363
15,86915 13,07488 11,81841
17,2933 13,29263 11,97735
18,1071 13,55331 12,15617
16,68295 13,3419 12,04729
16,4795 13,19726 11,72702
19,73471 13,16706 11,83589
17,49675 13,5088 12,12756
18,51401 13,48655 12,18716
17,7002 13,25925 11,85417
18,1071 13,13209 11,90345
17,2933 13,34508 12,01947
17,90365 13,38482 11,87484
17,08985 13,38641 11,97895
17,7002 13,36256 11,92331
16,68295 13,23223 11,97338
17,2933 13,11779 11,84385
16,4795 13,5088 12,07828
16,8864 13,23382 11,83589
17,49675 13,34031 11,99801
16,8864 13,17819 11,85337
17,90365 13,6439 12,10849
17,49675 13,388 12,09498
17,2933 13,26084 11,95272
16,68295 13,2974 11,93603
17,7002 13,14481 11,84543
17,08985 13,37528 11,86768
18,71745 13,36256 11,88675
16,68295 13,7345 12,21259
16,27605 13,23382 11,88676
17,49675 13,18136 11,81443
17,90365 13,68682 12,27061
16,0726 13,35144 11,95669
17,7002 13,32442 12,02742
17,90365 13,46748 12,17048
17,7002 13,43568 12,00676
17,90365 13,48495 12,02106
17,08985 13,57238 12,10213
16,27605 13,43568 12,1069
16,4795 13,40549 12,11325
16,8864 13,30375 11,94239
16,4795 13,38323 12,06955
17,90365 13,38005 12,04888
15,86915 13,30058 11,93524
17,08985 13,52311 12,10372
16,0726 13,26561 11,97577
16,68295 13,49926 12,07829
18,10711 13,78377 12,35723
16,4795 13,48814 12,12279
17,08985 13,30534 11,95033
17,49675 13,48336 11,93205
18,31056 13,35302 12,0306
17,08985 13,56602 12,21339
16,68295 13,27197 11,97497
17,2933 13,49291 12,09419
16,4795 13,23541 12,07193
17,49675 13,51198 12,22133
17,2933 13,49449 12,13789
17,49675 13,6439 12,24597
16,68295 13,48496 12,1967
17,49675 13,67411 12,23723
16,68295 13,36416 12,10292
17,90365 13,64549 12,24835
17,49675 13,75039 12,25074
17,49675 13,52787 12,1514
17,90365 13,58668 12,30558
18,31055 13,65185 12,24279
17,08985 13,66934 12,29127
18,1071 13,6153 12,14743
18,31056 13,51357 12,17604
19,12436 13,65344 12,19114
17,49676 13,69318 12,24279
17,2933 13,74086 12,14186
17,49675 13,41343 12,00199
17,08985 13,58986 12,09815
17,7002 13,58033 12,18478
17,49675 13,84258 12,3461
17,7002 13,63437 12,17127
17,49675 13,6598 12,22134
17,7002 13,68841 12,22054
18,71746 13,74881 12,23643
17,7002 13,68205 12,30081
17,90365 13,84735 12,45975
16,4795 13,59463 12,22928
16,68295 13,38482 12,19749
17,7002 13,66298 12,26902
16,68295 13,45476 12,12994
17,90365 13,65185 12,15934
19,32781 13,7806 12,36518
18,1071 13,7186 12,37313
18,31055 13,60894 12,11325
17,90365 13,78695 12,29048
16,8864 13,60417 12,19193
17,2933 13,56443 12,19988
18,1071 13,90775 12,57976
17,2933 13,87437 12,40253
17,7002 13,48655 12,17365
17,2933 13,44522 12,1061
17,08985 13,55172 12,20147
18,92091 13,96179 12,44784
16,8864 13,78377 12,32942
17,90365 13,65344 12,16888
16,8864 13,71383 12,37869
17,08986 13,51993 12,11326
17,7002 13,73291 12,24597
17,2933 13,80284 12,33498
16,68295 13,56284 12,19909
17,49675 13,7504 12,24995
18,31055 13,79013 12,37392
17,7002 13,62324 12,33418
17,49675 13,79331 12,29127
16,8864 13,82668 12,38823
16,68295 13,48814 12,13789
17,08985 13,49926 12,13313
17,08985 13,88868 12,45658
16,8864 13,65185 12,19749
17,2933 13,6741 12,29048
17,7002 13,54218 12,23882
17,49675 13,7647 12,31988
17,08985 13,79331 12,39538
19,32781 13,55171 12,18477
16,8864 13,47224 12,20703
16,68295 13,53106 12,20067
18,51401 13,7647 12,23484
17,7002 13,68681 12,19749
18,1071 14,01107 12,45737
19,73471 13,80921 12,42796
18,71745 13,6439 12,29207
17,49675 13,78059 12,30716
17,49675 13,68682 12,20783
17,2933 13,73291 12,38346
16,8864 13,70589 12,28094
19,32781 13,76629 12,30955
18,31055 13,73928 12,36519
16,8864 13,60099 12,25392
16,8864 13,91411 12,42558
17,7002 13,80921 12,48439
18,31056 13,539 12,23088
18,31055 13,68999 12,26981
17,90365 13,99676 12,38982
17,90366 13,71702 12,34293
18,1071 13,80602 12,46532
17,90365 13,60417 12,28015
17,90366 13,71701 12,35166
17,7002 14,05875 12,64016
16,8864 13,74085 12,424
17,90365 13,45953 11,95113
17,7002 13,72338 12,35803
16,68295 13,69476 12,29047
17,49675 13,71383 12,33498
16,8864 13,78219 12,39777
17,49675 13,88391 12,44227
16,8864 13,89027 12,39061
17,7002 13,61052 12,26743
19,32781 13,84894 12,36518
17,70021 13,75516 12,29207
17,90365 13,75834 12,21259
17,2933 13,89822 12,44625
17,90365 13,82986 12,32783
17,2933 13,71224 12,38187
18,31055 13,80126 12,25471
16,4795 13,49927 12,07432
18,51401 13,83305 12,32386
18,71745 13,72496 12,16411
16,8864 13,55172 12,18876
17,7002 13,85689 12,31511
18,51401 13,9904 12,46849
16,8864 14,03014 12,49552
16,8864 13,66138 12,19908
16,8864 13,76788 12,30557
19,93816 13,95702 12,544
18,51401 13,82987 12,41127
17,2933 13,96815 12,45101
18,1071 13,79649 12,28014
17,08985 13,84894 12,46771
17,49675 13,74086 12,41525
17,49676 13,74563 12,34372
16,8864 14,13186 12,64572
17,08985 13,69953 12,28809
20,75196 13,87597 12,37074
17,08985 13,63914 12,17763
16,8864 13,83146 12,21895
16,68295 13,53423 12,27538
19,93816 13,80443 12,36757
16,68295 13,72814 12,23882
16,68294 13,70907 12,27458
17,2933 13,67887 12,28412
18,51401 13,82351 12,42479
17,49676 13,84417 12,43353
16,4795 13,6439 12,24199
17,7002 13,87914 12,43512
18,31056 14,00153 12,46055
17,90366 13,63278 12,12041
18,31056 13,82192 12,32942
16,8864 13,76629 12,35882
16,68295 13,74881 12,27538
20,34506 13,75675 12,38346
16,27605 13,63913 12,23644
17,7002 13,74562 12,33419
19,32781 13,83464 12,35804
18,71745 13,80285 12,31273
20,34506 14,03014 12,56387
17,7002 14,1271 12,62665
19,32781 13,95702 12,62347
17,49676 13,81079 12,41445
17,08985 13,94907 12,45339
19,32781 13,76312 12,40174
17,7002 13,92841 12,5281
18,92091 14,13345 12,57896
18,31056 13,8998 12,52969
17,7002 14,03809 12,52969
19,32781 13,84417 12,40333
18,10711 13,97768 12,46054
17,7002 13,72179 12,23564
16,8864 13,94431 12,50903
17,90366 14,10325 12,58374
16,8864 14,00788 12,59168
17,90365 13,90775 12,48042
18,1071 14,15412 12,71327
17,49675 14,0969 12,74347
17,2933 13,83304 12,50903
19,12436 14,05556 12,61234
18,71746 13,84258 12,37949
17,7002 14,17795 12,69579
17,49675 13,84894 12,4979
17,49675 13,88709 12,46531
16,8864 13,66933 12,25472
18,71746 13,93954 12,41605
17,7002 13,78695 12,45578
17,49676 13,73132 12,36756
17,2933 13,9904 12,6036
17,90365 13,90457 12,5273
17,2933 13,5851 12,122
16,27605 13,68046 12,35724
17,90366 13,82033 12,35247
17,7002 13,99517 12,47009
16,4795 13,63754 12,31431
17,49675 13,90616 12,4526
16,8864 14,08577 12,58056
17,49675 13,89026 12,47645
19,73471 13,61847 12,20465
18,92091 13,90298 12,54082
20,75196 13,95861 12,48042
18,31056 13,76947 12,39618
18,1071 14,02379 12,5734
17,49675 14,1112 12,73155
19,12436 14,03809 12,61155
17,90365 14,01107 12,59486
16,88639 13,79966 12,4828
16,68295 13,87755 12,51301
18,51401 14,16684 12,62983
18,31055 13,97928 12,52255
17,90365 13,97133 12,55512
17,90366 13,87278 12,49075
17,2933 13,77582 12,45102
17,2933 13,86642 12,54956
18,1071 13,87278 12,39856
18,1071 14,02537 12,5583
18,31055 13,79331 12,27458
16,8864 14,17637 12,66003
17,7002 13,95384 12,53208
17,08985 14,04445 12,60598
18,51401 14,02696 12,51936
17,2933 13,8696 12,39776
18,92091 13,93477 12,60043
17,90366 13,83463 12,44942
17,7002 14,01424 12,50506
17,2933 13,77582 12,33816
17,2933 13,82509 12,51141
18,92091 14,06511 12,50108
17,2933 13,79967 12,34213
18,1071 14,0063 12,5297
19,32781 14,19862 12,6791
17,90365 13,7361 12,31592
19,32781 13,97292 12,56069
17,49675 13,81397 12,39856
17,90365 14,06035 12,54162
16,4795 13,76947 12,37948
18,31055 14,16206 12,57102
18,10711 13,8855 12,29842
17,49675 13,97609 12,47565
17,2933 13,88391 12,47565
19,32781 13,98404 12,4995
17,49675 13,74722 12,30479
19,93816 14,07464 12,53526
17,90365 13,78695 12,46611
17,7002 14,02219 12,64413
18,10711 13,93477 12,56148
17,90366 14,10485 12,71328
16,27605 13,74245 12,4693
19,32781 14,30194 12,87778
18,1071 14,03173 12,55909
18,31056 13,58033 12,27856
18,92091 14,03014 12,6044
20,34506 13,9745 12,51141
17,08985 13,97133 12,48281
18,71745 13,94431 12,33419
19,32781 13,94113 12,45896
18,31055 14,04763 12,54639
18,10711 14,22723 12,70612
17,7002 14,10802 12,55353
18,92091 13,8696 12,48439
19,32781 13,9904 12,4073
17,2933 13,71224 12,28173
18,9209 14,0206 12,4677
17,2933 13,90298 12,60201
17,08985 13,79808 12,35882
16,8864 14,13823 12,72997
18,92091 14,04445 12,6346
18,71745 13,95226 12,47963
17,7002 13,96815 12,66241
17,7002 14,19703 12,80228
17,2933 14,11756 12,66718
16,8864 13,94908 12,52015
16,8864 13,80603 12,42479
18,31055 13,63596 12,27776
17,49675 13,9157 12,56148
18,71745 13,96497 12,54161
18,10711 14,02537 12,54718
16,8864 13,91729 12,58453
17,49676 13,95702 12,41764
17,49675 13,88868 12,47486
17,7002 14,0063 12,55433
17,7002 13,99358 12,48281
18,31055 13,93954 12,56864
18,92091 14,08736 12,64731
18,10711 14,35439 12,74267
18,1071 13,90775 12,60042
17,90366 13,98881 12,35008
18,10711 14,1414 12,51141
17,49675 14,00153 12,5742
18,71745 14,0206 12,62188
19,32781 14,03014 12,53128
17,08985 13,95543 12,63301
18,1071 13,85847 12,42161
17,90365 13,9141 12,544
18,10711 14,0667 12,66241
17,90365 13,63119 12,28253
18,31055 13,96497 12,53367
18,51401 13,96339 12,7085
17,49675 14,09531 12,61473
18,10711 14,09372 12,58771
17,7002 14,0953 12,60519
18,31056 13,81397 12,42796
17,2933 14,07306 12,65764
16,8864 13,97769 12,4979
18,10711 13,86165 12,48916
17,7002 14,12233 12,72519
17,08985 13,84576 12,45022
20,14161 14,30353 12,76334
16,8864 13,841 12,424
18,31055 14,06988 12,54082
17,90365 14,09213 12,67036
18,10711 13,95703 12,46374
19,32781 14,09849 12,56308
18,71745 14,16683 12,70533
17,7002 13,81397 12,36915
19,93816 13,97292 12,46691
16,8864 13,8092 12,43432
18,51401 13,8251 12,44545
17,7002 13,88072 12,44386
16,68295 13,7933 12,47088
17,90365 13,89503 12,52731
18,31056 14,17161 12,86506
17,2933 13,94272 12,44386
18,10711 14,08259 12,47644
17,2933 13,84735 12,46294
19,12436 13,78536 12,47725
17,7002 14,06352 12,60836
18,71745 13,90298 12,43909
19,12436 13,80762 12,44228
19,32781 13,81715 12,36439
17,08985 13,84099 12,4232
17,49675 13,75039 12,32624
18,10711 14,19385 12,81261
17,08985 14,22247 12,72202
17,90366 14,09372 12,62585
17,49675 13,90616 12,47724
18,31055 13,8855 12,53605
20,14161 13,96974 12,64097
18,31056 14,0206 12,44227
18,92091 13,9141 12,49711
19,53126 14,06193 12,6036
17,7002 13,96338 12,45975
18,71746 14,03491 12,48836
18,71745 13,78695 12,36199
18,92091 13,93954 12,49711
16,8864 14,01106 12,50585
17,7002 14,07623 12,58136
17,7002 14,16524 12,6497
17,2933 13,72814 12,29525
16,68295 13,80125 12,33021
18,71746 14,16365 12,59725
16,8864 14,06034 12,57897
18,51401 13,90457 12,46771
18,31056 14,16365 12,65208
17,90365 13,91252 12,47883
18,51401 13,88868 12,37552
17,7002 14,00471 12,56149
16,8864 13,75357 12,4081
17,08985 13,86166 12,40492
17,2933 13,79649 12,38664
18,1071 14,00153 12,56783
17,08985 13,81715 12,39697
17,7002 14,06988 12,61075
18,1071 14,15571 12,6799
18,71745 13,83145 12,47883
18,31056 14,01742 12,5734
17,49675 14,14935 12,67434
17,90365 14,31147 12,80864
19,12436 13,87596 12,53684
16,68295 13,98404 12,6338
17,90366 13,93159 12,53605
18,514 14,01901 12,65843
18,31055 14,02219 12,5893
18,31055 14,30034 12,78162
16,68295 13,89027 12,51062
17,90366 13,99835 12,48598
18,10711 14,18591 12,5281
18,31055 14,05398 12,68943
18,1071 13,97132 12,63698
17,7002 13,94272 12,58612
18,92091 14,10007 12,56943
20,1416 13,96974 12,57738
18,92091 14,19703 12,63459
18,31056 14,14935 12,66162
17,2933 14,03809 12,65765
17,2933 13,84893 12,47883
19,93816 13,93636 12,51062
18,92091 14,01901 12,54479
18,51401 13,86165 12,43353
17,90365 13,8092 12,43274
18,31056 14,01742 12,51618
17,7002 14,1573 12,60837
17,7002 13,86801 12,4375
18,51401 14,08895 12,5734
19,53126 14,25902 12,65923
18,51401 14,05557 12,49552
17,49675 13,95066 12,45339
18,1071 14,16525 12,62745
18,31055 14,17796 12,69421
17,2933 14,18114 12,69738
18,92091 14,03967 12,56228
17,7002 14,09054 12,62983
18,1071 13,97292 12,62983
17,08985 13,97292 12,63937
17,90365 14,08736 12,61553
18,51401 13,79172 12,35326
18,71745 13,99199 12,48042
18,92091 14,19544 12,71327
18,10711 14,05398 12,5734
17,2933 14,08259 12,57499
17,7002 14,06034 12,66003
17,90365 14,00948 12,50426
18,71746 14,08259 12,54003
17,90366 14,17478 12,70532
17,49675 13,86165 12,40253
17,08985 14,16842 12,5432
17,08985 14,20975 12,72837
18,31055 14,32419 12,85711
17,2933 14,08577 12,58532
18,92091 13,87755 12,49632
19,12436 13,91093 12,48916
20,54851 14,17319 12,75539
17,7002 14,18432 12,73075
19,32781 14,38936 12,84202
19,53126 14,06353 12,64016
18,71745 14,12392 12,67114
18,1071 14,35439 12,90083
18,71745 13,78536 12,57101
18,1071 14,00471 12,62903
18,51401 14,23995 12,7244
18,10711 14,02855 12,64414
17,90365 13,81397 12,48121
18,92091 13,98563 12,61711
17,08985 14,04604 12,57261
19,12436 14,11756 12,76494
18,31056 14,17001 12,78559
18,71746 13,98245 12,57499
18,92091 14,12074 12,66162
18,92091 14,12391 12,60678
17,49675 14,18114 12,71248
18,31055 14,22405 12,76731
17,90366 14,06193 12,64016
18,31056 14,2924 12,7697
18,31055 13,94749 12,44704
17,49676 14,28604 12,83725
18,71745 14,51493 12,82295
17,08985 14,34644 12,90162
18,31056 13,99517 12,56149
17,90365 14,06988 12,49711
17,7002 14,26061 12,83884
18,10711 14,13346 12,80308
17,49675 14,14299 12,7085
18,31055 14,16525 12,726
17,2933 14,081 12,60678
18,71745 14,15889 12,62347
18,92091 14,19862 12,67354
18,51401 14,25584 12,84281
18,71746 14,26538 12,81658
18,51401 14,28922 12,74268
17,2933 14,01742 12,71407
19,12436 14,3528 12,86904
16,8864 13,87437 12,47167
17,70021 14,28763 12,78321
17,2933 14,06988 12,76017
17,7002 14,00471 12,62585
18,71746 14,17955 12,77765
17,49675 14,10326 12,77526
18,31056 14,34644 12,96202
18,71746 13,96815 12,55194
18,92091 14,35915 12,94613
17,90365 14,00789 12,54241
18,31056 14,23836 12,77049
17,2933 14,1271 12,66003
17,90365 14,25584 12,75142
17,49675 14,1732 12,79513
19,12436 14,07306 12,50586
18,31056 14,20498 12,71566
18,31055 14,36393 12,77049
16,8864 13,98564 12,55672
17,49675 14,0365 12,60519
20,34506 14,16684 12,80149
17,08985 13,96656 12,58533
18,51401 14,13663 12,784
17,90365 14,10962 12,73871
16,68295 14,01743 12,67671
18,71745 14,06511 12,63221
20,54851 14,21452 12,78718
18,51401 14,24154 12,84441
19,12436 14,35598 12,87222
18,71746 14,32896 12,87222
17,2933 14,33372 12,79513
18,514 14,14617 12,66082
17,7002 13,95225 12,54002
18,51401 14,18114 12,77526
18,514 14,40048 12,88017
17,7002 14,15571 12,61632
19,73471 14,24154 12,76175
17,49675 14,22724 12,77844
18,10711 14,13982 12,62903
19,32781 14,19226 12,6346
18,71746 14,36393 12,84281
17,49675 14,09531 12,54638
18,514 14,27491 12,63618
18,51401 14,13187 12,69103
18,10711 14,34167 12,88175
19,53126 14,27014 12,84519
17,2933 14,01107 12,55195
17,90365 14,3226 12,76493
17,7002 14,20816 12,70691
20,34506 14,1716 12,73314
18,9209 14,20498 12,89844
19,12436 14,17001 12,68228
17,7002 14,16684 12,65526
18,92091 14,49268 12,85553
18,31056 14,26538 12,69261
17,90365 14,07306 12,76334
18,31056 14,01583 12,66877
18,92091 14,05716 12,6028
18,31055 14,23677 12,88494
18,31056 14,18909 12,61235
16,8864 14,17637 12,70374
17,7002 14,13187 12,67751
