0,6103516 0,4259749 0,3115343
0,6103516 0,4514063 0,328224
0,8138021 0,4529957 0,3337873
0,8138021 0,4752483 0,3703444
1,017253 0,4704799 0,3576289
1,220703 0,467301 0,3560396
1,017253 0,491143 0,3806758
1,017253 0,5149847 0,4037226
1,017253 0,5213425 0,405312
1,017253 0,5292897 0,4156433
1,424154 0,5149847 0,4188221
0,8138021 0,5229319 0,4140538
0,8138021 0,5372368 0,4347163
1,627604 0,5531311 0,4363058
1,424154 0,5594889 0,4363058
1,220703 0,5944564 0,4736573
1,424154 0,6389613 0,4951151
1,831055 0,6834666 0,5253143
1,220703 0,7025401 0,5563097
1,424154 0,7549919 0,5976365
1,831055 0,7724759 0,6000205
1,627604 0,8106231 0,644526
2,034505 0,9298338 0,7136678
2,034505 0,9346022 0,7144623
2,441406 0,9791073 0,7486354
2,644857 1,055399 0,793934
2,644857 1,093545 0,8241325
2,441406 1,104672 0,8392323
2,441406 1,217524 0,9123473
2,644857 1,282693 0,9377795
2,441406 1,284283 0,9393691
2,237956 1,298588 0,9767217
4,06901 1,414619 1,029173
3,458659 1,422566 1,060169
3,255208 1,533827 1,134874
3,662109 1,646676 1,223088
4,882812 1,770654 1,319248
4,475911 1,937548 1,437663
5,289714 2,120336 1,593432
4,882813 2,180734 1,617273
4,27246 2,374649 1,790523
4,069011 2,514523 1,877944
4,272461 2,646446 2,019406
4,882813 2,684593 2,062321
5,493164 2,80539 2,170403
6,103515 3,002486 2,274513
6,713868 3,132819 2,380213
6,103515 3,197989 2,446174
5,900065 3,204346 2,436638
5,493164 3,507932 2,663931
6,510417 3,51747 2,596378
7,527668 3,762244 2,797445
7,527668 3,71297 2,834
7,324218 3,946622 2,995333
7,527668 4,026096 3,048579
7,324218 4,235902 3,178915
9,15527 4,377367 3,305277
8,544921 4,528365 3,397465
8,341469 4,720687 3,577869
9,358721 5,100567 3,834565
9,15527 5,221366 4,063446
8,95182 5,545617 4,319351
9,15527 5,976363 4,726254
10,17252 6,203649 4,804134
11,80013 6,313322 4,950364
10,57942 6,623268 5,275409
10,98633 6,791749 5,440712
10,78288 6,91096 5,506675
10,57942 7,171628 5,707739
11,39323 7,484753 6,007352
12,41048 7,715223 6,119406
11,18978 7,801056 6,213983
11,18978 7,939338 6,472267
12,61394 8,343062 6,68049
13,02083 8,556049 6,856921
13,63119 8,776981 7,114411
13,02084 9,274479 7,630187
14,03809 9,206132 7,581708
14,64844 9,589196 7,970333
14,24154 9,651186 8,05537
12,20703 9,870528 8,231798
13,22429 10,01358 8,431277
14,24154 10,4936 8,749965
15,05534 10,68751 9,0305
15,25879 10,84645 9,071032
14,24154 10,85281 9,286403
15,25879 11,37416 9,7243
14,85189 11,48383 9,559791
17,49675 11,77787 9,952381
16,68295 12,19272 10,09226
19,7347 12,38823 10,32988
17,2933 12,68228 10,54605
17,7002 13,10507 10,83533
18,31055 13,779 11,63323
17,2933 13,97133 11,43456
18,31055 14,24472 12,38744
17,08985 14,74857 12,72997
18,9209 15,14753 13,08441
18,71746 15,39707 13,36257
19,73471 15,63867 13,77583
20,5485 15,84689 13,81954
20,95541 15,86279 13,96577
19,93816 16,24267 14,13902
21,76921 16,36982 14,30829
21,56576 16,57168 14,49347
23,3968 16,80692 15,02355
20,1416 17,11846 15,25958
20,54851 17,01514 15,04342
21,15886 17,217 15,30568
19,73471 17,06758 14,83201
20,14161 17,0072 14,93057
20,95541 17,15343 15,33349
22,37956 17,56668 15,61086
21,97266 17,72721 15,56873
23,39681 18,11981 16,27127
21,97266 18,13412 16,16478
21,97266 18,5283 16,67977
22,58301 18,59983 16,50334
22,98991 18,68406 16,76639
21,97266 19,20859 17,03023
22,37956 19,52171 17,41488
24,00716 19,65522 17,77888
22,37955 19,4025 17,54205
25,02441 19,57576 17,28772
24,61751 19,87775 17,53092
26,04167 20,07327 18,14127
23,80371 20,20836 17,72325
24,41405 20,01921 17,49436
24,00716 20,44996 18,52433
24,82096 20,49128 18,29704
24,21061 20,8505 18,27478
24,41406 20,69315 18,60937
26,24511 21,09368 18,47664
24,41406 21,06349 18,87083
26,04167 21,53078 19,09097
26,44856 21,61185 19,30316
25,83821 21,62775 18,83348
25,43131 21,86457 19,64091
29,09342 22,13001 19,99299
25,63476 22,27147 20,17339
26,44857 22,56075 20,19643
26,65201 22,60525 20,18609
27,87271 22,5083 20,25525
27,05892 22,87388 20,42532
26,85547 23,21403 21,03647
29,90723 23,76874 21,36865
26,85547 23,57641 21,17554
26,65202 23,90226 21,71278
30,72103 24,35366 21,80338
29,09343 24,58573 21,75173
30,11067 24,58414 21,96314
29,90722 25,17065 22,41534
30,31412 25,30098 22,4646
30,11068 25,54099 22,72526
30,51758 26,14498 23,30621
30,72103 26,29916 23,58119
30,72104 26,71242 23,90066
32,34864 26,94765 23,55337
31,33137 27,25284 24,68903
32,959 27,61522 25,11741
32,14518 28,02212 25,06972
34,79004 28,21128 25,08403
33,36589 28,10795 25,66973
35,19693 28,3575 25,32403
33,97623 28,92176 25,52669
32,95897 29,3986 26,26101
34,58658 29,48283 26,5932
34,17968 29,48124 26,46288
34,9935 29,96286 26,76646
34,79004 30,33002 26,83401
35,60384 30,48102 27,38555
35,60384 30,76395 27,58583
35,40038 30,96898 28,14135
38,24871 30,85772 27,84729
35,19694 31,23442 27,48331
35,19694 31,14223 27,80993
34,79004 31,37748 28,24307
36,2142 31,63974 28,72149
36,2142 31,83524 28,56334
37,43489 32,19445 28,98534
36,2142 31,98942 28,93607
36,82455 32,30412 29,54958
36,2142 32,14041 28,66347
37,23146 32,16426 29,07117
36,21418 32,12134 28,92097
38,45214 32,65698 29,58297
36,82455 32,444 29,38191
36,01073 32,23578 28,81765
37,02801 32,80639 29,20071
37,23145 32,96215 29,75463
39,4694 33,1704 29,81981
37,63833 33,19899 29,96286
36,62109 33,3182 30,35465
38,04524 33,40245 30,16314
37,43489 33,46284 30,13531
38,45214 33,30867 30,08922
36,41764 33,48033 30,38486
39,0625 33,91108 30,46434
37,028 33,70443 30,03914
37,8418 34,03823 30,59387
38,6556 33,85225 29,99386
38,45214 33,96669 30,23067
40,89355 33,98418 30,50247
39,26596 34,2989 31,40529
38,2487 34,11135 31,05084
38,85905 34,58021 31,57217
39,26595 34,40062 30,83071
37,8418 34,71216 31,58888
39,46941 34,86475 31,61591
38,65559 34,56433 31,36397
38,85905 34,66922 31,02302
39,0625 34,80913 31,44503
39,4694 34,99665 32,04742
40,48666 34,9506 31,25271
37,84179 34,87268 31,42356
40,48666 35,15878 31,63337
39,06251 35,2351 31,77881
39,67286 35,52277 31,89483
39,8763 35,2049 31,65086
39,67286 35,13017 31,30594
38,65561 35,33046 32,19207
38,6556 35,64358 32,20478
39,0625 35,56092 32,41061
39,8763 35,669 32,75713
39,26596 35,67218 32,45911
39,67285 36,0791 33,14256
39,87631 36,02346 32,5346
41,30046 36,11882 32,55843
40,69012 35,93127 31,62225
41,30045 36,18718 32,34785
40,89355 36,19352 32,82546
41,09701 36,18717 33,04641
41,097 36,14904 32,6848
40,69011 36,42561 32,78733
41,9108 36,44785 33,04482
40,69012 36,41446 33,15925
40,48666 36,72124 33,22045
40,07977 36,54321 32,61805
40,48665 37,04867 34,05492
42,11426 37,15833 33,80537
41,30045 36,78003 32,55209
41,70736 37,45715 34,3601
42,31772 37,13768 33,57967
40,6901 37,53981 33,52323
42,52115 37,37449 33,66788
42,31771 37,67809 34,21863
42,52116 37,71146 34,00008
42,11427 37,88631 34,20433
41,30045 37,62563 33,67424
42,52116 37,8736 34,60168
41,50391 37,73849 33,69808
41,91082 37,95465 34,26392
43,33496 37,8418 35,02924
42,52115 38,04047 34,3132
41,50391 38,18513 33,91743
41,70736 38,05001 34,10975
41,097 38,09134 34,67242
41,70738 38,47758 35,23112
43,13151 38,70486 34,71931
42,11427 38,62222 34,75109
42,52116 38,3409 34,72171
41,70736 38,46169 35,34713
42,92806 38,61427 34,87508
43,53842 38,67467 35,21999
42,31772 38,51096 35,23588
41,70736 38,7303 34,37758
42,11426 38,51731 34,42287
42,72462 38,7621 35,39164
42,31771 38,48075 35,34952
42,92805 38,49029 35,54185
41,70737 38,66037 35,23828
42,31772 38,84952 35,096
42,52117 38,74938 35,56092
42,31772 38,69057 35,06581
43,53841 38,87971 35,29309
43,13152 38,81137 34,43639
42,72462 38,92741 35,68252
42,31771 38,94806 35,43376
45,16601 39,1372 35,28118
42,92807 39,11811 35,70237
44,55566 39,13879 34,86951
42,72461 39,19283 36,10931
43,94533 39,44239 35,44808
44,14875 39,31204 36,01789
43,13151 39,3772 35,91299
44,35223 39,04979 35,55695
43,94531 39,50756 35,18582
44,75912 39,44397 35,32568
43,74187 39,30728 35,6404
45,97982 39,44873 36,15537
44,14877 39,44874 35,55616
43,74187 39,52185 35,68808
44,14877 39,76186 35,47589
45,36946 39,48848 35,8518
43,53841 39,53457 34,55083
44,55567 39,51709 36,07431
45,57293 39,71101 36,26663
43,33497 39,53934 35,74848
43,74187 39,71576 35,6992
43,1315 39,51233 34,75747
44,55566 39,8461 35,67854
43,94532 39,83338 36,31035
43,53842 39,87789 36,60441
45,36947 39,85723 35,55775
42,92807 39,77141 35,53788
43,74186 39,93353 36,61474
44,75912 39,91764 36,02665
45,16602 40,102 36,43432
45,77639 39,92716 35,87167
43,94531 40,08769 37,05025
43,33496 39,97167 35,87166
45,16601 40,07657 36,68388
42,92806 40,19419 36,90958
45,57293 40,10995 37,17502
44,14876 39,83339 35,75563
45,16602 39,9081 35,8232
