0,4069011 0,2447762 0,149409
0,8138021 0,254313 0,1478195
0,6103516 0,2479552 0,1509984
0,6103516 0,2702076 0,1684825
0,6103516 0,2415974 0,1382827
0,8138021 0,2447763 0,1509984
0,6103516 0,2638497 0,1684825
0,4069011 0,2415974 0,1541774
0,4069011 0,2384184 0,1478195
0,4069011 0,254313 0,1525879
0,6103516 0,2638497 0,1573563
0,6103516 0,254313 0,1509984
0,4069011 0,2479552 0,1351038
0,8138021 0,2352396 0,1398722
0,6103516 0,254313 0,149409
0,6103516 0,2415974 0,149409
0,6103516 0,2606708 0,1653036
0,6103516 0,2447763 0,1541774
0,4069011 0,2352396 0,1446406
0,6103516 0,2606708 0,1780193
0,6103516 0,2384185 0,1509984
0,4069011 0,2384184 0,1509984
0,6103516 0,2574919 0,1732509
0,4069011 0,2574919 0,1716614
0,6103516 0,254313 0,1637141
0,6103516 0,2638497 0,170072
0,6103516 0,254313 0,1525879
0,6103516 0,2670287 0,170072
0,4069011 0,2447762 0,149409
0,6103516 0,2670287 0,1732509
0,4069011 0,2415974 0,1478195
0,4069011 0,2415974 0,1573563
0,6103516 0,2638497 0,1653036
0,6103516 0,2511341 0,1653036
0,6103516 0,2352396 0,1414617
0,6103516 0,2670287 0,187556
0,4069011 0,2511341 0,1716614
0,4069011 0,2574919 0,149409
0,4069011 0,2511341 0,1780193
0,6103516 0,2511341 0,1541774
0,4069011 0,2415974 0,1637141
0,6103516 0,2479552 0,1653036
0,4069011 0,2670287 0,190735
0,6103516 0,2574919 0,1653036
0,4069011 0,2447762 0,1684825
0,4069011 0,2479552 0,1589457
0,6103516 0,2511341 0,1573563
0,6103516 0,2415974 0,1557668
0,6103516 0,2447763 0,1573563
0,8138021 0,2606708 0,1780193
0,6103516 0,2733865 0,1827877
0,6103516 0,2606708 0,1557668
0,6103516 0,2479552 0,1684825
0,6103516 0,2447763 0,1716615
0,6103516 0,2606708 0,1605352
0,8138021 0,2415974 0,1684825
0,8138021 0,2574919 0,1764298
0,8138021 0,254313 0,1653036
0,6103516 0,2638497 0,1827877
0,6103516 0,2606708 0,1796087
0,6103516 0,2447763 0,1573563
0,6103516 0,2733865 0,1811982
0,6103516 0,2606708 0,1732509
0,6103516 0,2415974 0,1525879
0,6103516 0,2511341 0,170072
0,6103516 0,2733865 0,1716614
0,6103516 0,2702076 0,1827877
0,4069011 0,2670287 0,1732509
0,4069011 0,2638497 0,190735
0,6103516 0,2479552 0,1573563
0,6103516 0,298818 0,1923245
0,6103516 0,2670287 0,2002717
0,6103516 0,2574919 0,1796087
0,6103516 0,2574919 0,1891455
0,8138021 0,2702076 0,1843771
0,6103516 0,2479552 0,1541774
0,6103516 0,2606708 0,1764298
0,6103516 0,298818 0,211398
0,6103516 0,2702076 0,1811982
0,6103516 0,254313 0,1859666
0,6103516 0,2956391 0,2018612
0,6103516 0,2892812 0,2145769
0,6103516 0,2638497 0,1811982
0,6103516 0,2797444 0,1986823
0,6103516 0,2733865 0,1811982
0,6103516 0,2511341 0,1875561
0,6103516 0,2829233 0,190735
0,6103516 0,2702076 0,187556
0,4069011 0,2447762 0,1843771
0,6103516 0,2638497 0,1827877
0,4069011 0,2574919 0,1955034
0,6103516 0,2765655 0,1875561
0,6103516 0,2797444 0,1843771
0,4069011 0,2479552 0,1732509
0,4069011 0,2702076 0,2018612
0,8138021 0,2829233 0,1986823
0,6103516 0,2670287 0,1986823
0,6103516 0,2511341 0,1843771
0,6103516 0,2733865 0,190735
0,4069011 0,2765655 0,1939139
0,6103516 0,3274285 0,2415979
0,8138021 0,3242495 0,23524
0,6103516 0,3051759 0,2113981
0,6103516 0,301997 0,2177559
0,6103516 0,2765655 0,2209348
0,6103516 0,2861023 0,2177559
0,8138021 0,3083549 0,2288821
0,6103516 0,3083549 0,2272927
0,8138021 0,3496809 0,2463662
0,6103516 0,3210706 0,2415979
1,017253 0,3433231 0,2495452
0,6103516 0,3083549 0,2384189
0,8138021 0,3623965 0,267029
0,8138021 0,41008 0,2845128
0,6103516 0,4005432 0,2892811
0,6103516 0,3592175 0,2765657
0,8138021 0,3751121 0,2765657
0,8138021 0,41008 0,29246
0,6103516 0,3973643 0,2861023
0,8138021 0,4673001 0,3226593
1,017253 0,5213417 0,3814693
0,8138021 0,5308785 0,4116693
1,017253 0,5753836 0,4418692
1,220703 0,6008151 0,4561744
1,017253 0,6453198 0,4943215
1,831055 0,7820131 0,5690262
2,644857 0,8551279 0,6484979
1,831055 0,9568526 0,6961814
3,458659 1,179378 0,8789701
2,441406 1,312891 0,9870529
3,255208 1,646678 1,239776
4,475912 1,929601 1,438459
6,103516 2,209346 1,673698
5,493165 2,635319 2,045631
7,93457 3,210704 2,498626
8,748371 4,030864 2,965927
11,80013 4,895526 3,695487
14,24154 6,135303 4,488628
21,76921 8,010866 5,779268
23,60025 10,21385 7,281302
22,17611 12,90957 9,342826
27,0589 15,43999 11,84623
30,72103 17,88775 14,05239
33,97622 19,84914 16,21882
37,63833 22,02034 17,90205
37,84176 21,75331 17,73676
29,50032 23,53986 20,19246
40,89354 25,30733 20,77579
35,19693 25,69198 22,07438
39,06246 27,42766 23,0503
43,5384 29,47488 25,11341
50,45577 31,24236 26,61386
52,2868 32,32001 27,24329
61,23868 35,25415 29,34773
58,79725 35,6833 30,28393
52,08334 36,84042 31,71124
49,8454 37,08838 31,59999
63,88356 38,7891 33,02731
67,34224 40,83315 35,0205
64,29047 40,43896 34,87904
60,42487 42,08246 35,27164
74,25957 43,53205 37,39833
64,29043 41,61197 36,39061
65,10428 42,05386 36,21737
56,1524 43,56065 37,80683
69,98712 44,02797 37,88312
74,86994 45,86219 39,14039
67,95258 46,49798 40,66784
73,44579 47,58201 41,07476
83,00794 48,49754 41,16376
86,87344 48,47846 41,02072
69,98711 47,98891 41,30841
75,27688 48,90442 42,29069
67,74911 50,67511 43,45259
80,97346 50,13786 43,31272
96,02863 52,83358 44,6399
84,43209 53,96212 44,8545
103,3527 56,60378 47,52796
95,82516 55,58336 46,27707
85,0424 54,40716 45,23755
85,2459 58,65421 47,66467
95,62173 58,25367 47,96031
88,90797 58,92125 48,77414
122,6802 64,64648 53,7523
99,28378 63,32407 53,52819
104,5734 68,51206 57,35403
117,1871 73,16278 58,50953
123,6975 78,66552 63,26522
123,6975 82,64868 67,19277
117,1871 84,94068 70,49093
125,7319 89,1209 75,22271
122,4768 83,29403 72,15671
123,6975 86,77172 74,67277
123,2906 88,22128 75,14166
123,6975 90,21129 76,11281
122,2733 88,31664 74,78878
123,6975 96,70253 79,8289
123,6975 90,16994 76,11916
130,2078 91,69896 74,76811
127,9698 91,66401 77,16821
129,8009 92,84019 78,07737
129,8009 97,79922 81,73945
126,3423 92,42378 76,69454
130,2078 89,41338 75,54855
123,6975 93,50141 78,83076
123,6975 93,59676 79,36641
130,2078 94,08314 79,88458
123,6975 97,51632 83,45764
125,1216 93,59357 76,91866
123,6975 94,51866 80,78105
130,2078 95,08766 79,25987
123,0871 90,0809 75,08759
123,6975 95,26885 80,58714
123,6975 98,50813 82,87115
130,2078 95,03999 78,74333
123,6975 99,50948 82,51669
123,6975 93,708 79,80508
123,2906 97,56399 83,54986
123,6975 99,10574 80,87794
123,6975 97,22383 78,92766
123,6975 100,9908 84,1093
123,0871 97,40505 80,86684
123,6975 98,85462 82,76782
129,1905 97,40824 81,29443
130,2078 106,5379 87,02914
121,663 99,13752 80,80006
130,2078 104,0298 87,24055
129,1905 104,5098 87,71422
130,2078 103,8836 86,29799
128,7836 103,2033 83,66267
123,6975 104,0107 83,94875
129,8009 106,6365 89,2925
130,2078 109,2654 90,42258
128,7836 106,2455 88,90151
127,9698 102,7551 85,5144
130,2078 107,6537 89,2464
123,6975 103,4958 84,76575
123,6975 110,8739 92,11536
128,5802 109,7104 91,38262
123,6975 105,9022 85,6129
123,6975 104,7228 89,00803
128,7836 110,0601 92,53975
127,7664 108,8108 89,44985
123,6975 109,8789 90,57357
130,2078 108,2927 86,60628
123,6975 110,9883 91,14416
123,6975 108,7314 88,2959
130,2078 107,0211 87,50596
