0,6103516 0,2797444 0,2082191
0,6103516 0,301997 0,2161664
0,6103516 0,301997 0,2225243
0,6103516 0,2638497 0,1986823
0,6103516 0,301997 0,2193454
0,6103516 0,3210706 0,2368295
0,6103516 0,3051759 0,2241137
0,6103516 0,2892812 0,2161664
0,6103516 0,298818 0,2257032
0,6103516 0,3147127 0,2320611
0,8138021 0,3083548 0,2336505
0,6103516 0,3433231 0,2495452
0,8138021 0,2956391 0,214577
0,6103516 0,2924601 0,2272926
0,6103516 0,2829233 0,2193453
0,6103516 0,2861023 0,2098085
0,6103516 0,3306074 0,2431873
0,8138021 0,2702076 0,2034507
0,8138021 0,3210706 0,2447768
0,6103516 0,3051759 0,2193454
0,6103516 0,2861023 0,2161664
0,6103516 0,3083549 0,2209348
0,6103516 0,3051759 0,2272927
0,6103516 0,3147127 0,2304716
1,017253 0,3051759 0,2320611
0,8138021 0,2892812 0,2145769
0,6103516 0,3306074 0,2320611
0,6103516 0,2924602 0,214577
0,6103516 0,3210706 0,2400084
0,6103516 0,3210706 0,2463663
0,6103516 0,3083549 0,2288821
0,6103516 0,3083549 0,2384189
0,6103516 0,3147127 0,2368295
0,6103516 0,3242495 0,2447768
0,6103516 0,2829233 0,2241137
0,8138021 0,3115337 0,23524
0,8138021 0,3210706 0,2479557
0,6103516 0,3178916 0,2272927
0,6103516 0,3051759 0,2257032
0,8138021 0,3274285 0,23524
0,8138021 0,3242495 0,2479557
0,6103516 0,3210706 0,2479557
0,6103516 0,3306074 0,2574925
0,6103516 0,3496808 0,2590818
0,6103516 0,3528598 0,270208
0,8138021 0,3210706 0,23524
0,6103516 0,3560387 0,267029
0,6103516 0,3401442 0,255903
0,6103516 0,3178917 0,2447768
0,6103516 0,3210706 0,2400084
0,6103516 0,3210706 0,2511346
0,6103516 0,3147127 0,2336506
0,6103516 0,3178917 0,2495452
0,8138021 0,3560387 0,2622607
0,8138021 0,3306074 0,2511347
0,6103516 0,3115338 0,2320611
0,6103516 0,3178917 0,2479557
0,8138021 0,3401442 0,2574925
0,6103516 0,2956391 0,2272927
0,8138021 0,3433231 0,2463663
0,6103516 0,3274285 0,2495452
0,6103516 0,3210706 0,2447768
0,6103516 0,3401442 0,2495452
0,8138021 0,3115338 0,2463662
0,8138021 0,3687543 0,2749763
0,6103516 0,3306074 0,2527241
0,8138021 0,3560387 0,2654396
0,8138021 0,3401442 0,255903
0,6103516 0,3814698 0,2829234
1,017253 0,3687543 0,2765657
1,017253 0,346502 0,2638502
0,6103516 0,3592175 0,2702079
0,8138021 0,3433231 0,2670291
0,6103516 0,343323 0,2543135
0,8138021 0,3496809 0,2654396
0,6103516 0,3369652 0,2574924
0,6103516 0,378291 0,2829235
1,017253 0,3528598 0,2670291
1,017253 0,3496809 0,270208
0,6103516 0,3242495 0,255903
0,6103516 0,3465019 0,270208
1,017253 0,3592175 0,2717974
0,6103516 0,3115338 0,2495452
0,8138021 0,3592176 0,2733868
0,8138021 0,41008 0,3019967
0,8138021 0,3846488 0,281334
0,8138021 0,3560387 0,2638502
1,017253 0,3655754 0,2749763
0,6103516 0,3274285 0,2463663
0,6103516 0,3369653 0,2574925
0,8138021 0,3719331 0,2797446
0,6103516 0,3814698 0,2781551
0,8138021 0,343323 0,2670291
0,8138021 0,4100799 0,29246
1,017253 0,3846487 0,2845128
0,8138021 0,375112 0,2781551
0,6103516 0,3878276 0,2924601
0,8138021 0,3846487 0,2924601
0,8138021 0,3623964 0,2781551
0,8138021 0,3274285 0,2574925
0,6103516 0,3560386 0,2702079
0,6103516 0,3433231 0,2606713
0,6103516 0,3623964 0,2702079
1,220703 0,4069012 0,2956389
0,8138021 0,4005433 0,2908706
0,6103516 0,4196166 0,3035861
0,8138021 0,3687542 0,281334
0,6103516 0,3910065 0,2956389
0,8138021 0,4164377 0,2988178
0,8138021 0,3560387 0,2702079
1,017253 0,406901 0,2972283
0,6103516 0,3910065 0,2813339
1,017253 0,3973643 0,2924601
0,6103516 0,4196166 0,3115333
1,017253 0,4227956 0,3035861
0,8138021 0,3910065 0,2908706
0,6103516 0,41008 0,2940495
0,8138021 0,4196167 0,306765
0,6103516 0,4259745 0,3099439
1,017253 0,3623964 0,2797446
0,6103516 0,4227955 0,3083544
1,017253 0,4196167 0,306765
1,220703 0,4768369 0,3385537
0,8138021 0,4005432 0,2988178
0,8138021 0,43869 0,3147121
1,017253 0,4323322 0,3147121
0,8138021 0,4545845 0,332196
0,6103516 0,4418689 0,3226593
0,8138021 0,4418689 0,3194804
0,8138021 0,4768369 0,3401431
1,017253 0,4609423 0,3369642
0,8138021 0,4450478 0,3385538
0,8138021 0,4450478 0,3210699
0,8138021 0,4641213 0,3337854
0,8138021 0,4577634 0,3449116
0,8138021 0,4482267 0,3306065
1,017253 0,4673001 0,3449115
1,017253 0,4895525 0,3830588
0,8138021 0,4927314 0,3655746
0,8138021 0,4609423 0,3560379
1,017253 0,5022681 0,3751114
0,8138021 0,4768369 0,3592167
1,220703 0,5435942 0,394185
1,017253 0,5308785 0,4116693
0,8138021 0,5118049 0,3894167
1,017253 0,5467732 0,4307429
1,220703 0,5467732 0,4164377
1,017253 0,5372365 0,4180272
1,017253 0,55631 0,4339218
0,8138021 0,5149839 0,4053114
1,017253 0,5658469 0,4641219
1,220703 0,553131 0,4450482
1,424154 0,5944573 0,454585
1,017253 0,5531311 0,4514061
1,017253 0,5785626 0,4561745
1,017253 0,6167096 0,4863743
1,424154 0,607173 0,481606
1,017253 0,6230674 0,4959112
1,017253 0,6230674 0,4831953
1,220703 0,6548565 0,5102164
1,017253 0,6484986 0,5054479
1,017253 0,6771088 0,5324687
1,220703 0,7534028 0,6055828
1,220703 0,7597607 0,6008145
1,220703 0,7565818 0,6119406
1,220703 0,7597607 0,6103511
1,424154 0,8328754 0,6532663
2,034505 0,9314212 0,7184338
2,034505 0,9791048 0,7645283
2,237956 1,099905 0,8360544
2,034505 1,179378 0,9266543
2,441406 1,319249 1,069705
2,237956 1,55449 1,238186
3,051758 1,602174 1,262029
3,255208 1,827875 1,487732
3,051758 1,955031 1,591045
3,255208 2,19663 1,811982
4,06901 2,19981 1,831056
3,66211 2,368291 1,934369
4,679362 2,660753 2,185504
4,882813 2,781551 2,22842
7,120769 3,083546 2,524059
9,969073 3,56992 2,802212
7,527669 3,92596 3,112157
9,562174 4,418692 3,482501
9,765625 5,489986 4,10239
9,155272 6,205242 4,843077
10,57943 7,508595 5,938213
14,24154 8,252461 6,672542
12,41048 8,230209 6,779036
12,41048 8,535384 7,044473
13,83464 8,837379 7,319451
14,03809 9,368262 7,770857
15,86914 9,530389 7,958414
13,63119 9,743374 8,209545
14,24154 10,46499 8,853276
15,05534 10,44591 8,338292
20,95541 11,10077 8,931156
18,514 11,94 9,759265
21,97265 13,10349 10,6128
30,92447 14,71838 11,78741
29,90722 16,34598 13,20839
32,75552 18,18975 14,47995
31,94172 20,39909 16,51128
33,97622 22,87546 18,03398
34,17968 24,65566 19,28647
37,23144 26,13386 21,30667
38,45215 27,99988 23,05985
45,97982 29,69424 24,43473
45,97982 31,51894 26,00511
48,01433 32,34545 27,2735
61,84899 33,75054 28,55142
51,26955 35,21284 28,51486
59,61103 37,23781 29,70377
66,73177 38,71282 30,65904
116,5768 43,87855 34,04139
144,4491 49,03792 38,82726
167,0322 53,91755 42,62446
153,6042 60,62823 46,45187
146,2801 68,20358 54,11464
192,0574 77,83883 61,57235
154,2146 91,31415 69,62766
184,1226 118,2012 83,84212
182,9019 139,0864 107,5121
191,2436 148,6709 124,7847
189,8194 151,6813 128,5151
189,209 153,5727 129,5244
191,0401 156,6435 134,3276
191,2436 156,7612 134,3579
191,8539 160,8366 137,1252
191,4471 158,9737 137,7704
192,0574 157,4828 139,5013
191,0401 157,6671 139,4679
190,8367 158,3888 138,2695
192,0574 161,1036 139,8081
191,4471 160,9255 141,7345
191,8539 162,7726 143,1666
192,4643 162,4896 142,4768
192,0574 162,5405 141,148
192,0574 167,1086 143,7929
192,2609 169,0478 148,2132
192,2609 160,7824 144,0217
192,0574 164,3524 144,9198
192,0574 166,7176 145,4363
192,0574 169,0255 148,6979
192,0574 166,6858 145,4029
191,8539 167,0228 142,6532
191,4471 167,5123 145,3807
192,2609 161,5676 141,6248
191,0401 162,356 144,4524
192,0574 169,7503 145,8195
192,0574 166,9623 149,8375
192,0574 165,3283 147,4946
191,6505 164,3524 146,8923
192,4643 164,5781 146,9097
192,0574 166,6095 146,1325
190,0228 162,7597 145,4395
191,2436 165,7289 149,2224
192,2609 168,8952 149,2383
192,2609 169,6199 150,0076
192,0574 170,9774 147,9907
191,8539 165,8624 149,3162
191,6505 166,4282 149,4084
192,0574 168,3293 149,685
192,0574 170,0746 151,2235
192,0574 170,6341 149,0794
191,6505 165,9037 148,9347
192,0574 170,1064 149,8869
191,6505 170,4052 152,7383
192,2609 171,947 150,173
192,0574 169,674 149,3909
192,4643 169,1908 148,6502
192,2609 170,4624 145,748
192,4643 170,6977 152,4745
192,4643 170,6754 152,2901
192,4643 173,2758 151,3221
192,2609 168,2244 149,3066
192,4643 174,5475 153,4711
192,2609 170,7326 148,3658
192,0574 176,1401 153,8017
192,0574 171,4701 150,0426
192,0574 171,6927 152,7351
192,4643 168,2085 147,509
192,4643 171,13 152,1867
192,4643 171,7054 155,5342
192,0574 170,6087 153,3232
192,0574 169,6327 150,3939
192,0574 171,9661 151,0726
192,0574 170,3384 149,3814
192,4643 168,7775 142,6326
192,2609 171,4002 150,1587
192,4643 169,4991 152,4506
192,0574 167,1848 148,7121
192,0574 166,6698 147,563
192,0574 175,4503 147,3359
192,0574 170,6627 153,6968
192,4643 169,3847 150,4288
192,4643 176,0702 158,2775
192,4643 168,6186 149,2224
192,0574 167,897 149,1922
192,0574 170,1858 149,952
192,2608 169,461 149,5801
192,4643 174,4044 151,6782
192,2609 166,5681 150,1507
192,0574 169,9411 148,6137
192,4643 167,6331 147,8046
192,4643 170,917 151,9071
