0,4069011 0,2829233 0,2209348
0,6103516 0,2638497 0,1955034
0,6103516 0,2765655 0,2129875
0,6103516 0,3083549 0,2241138
0,6103516 0,301997 0,2257032
0,6103516 0,2829233 0,2209348
0,6103516 0,2638497 0,2082191
0,8138021 0,3147127 0,23524
0,6103516 0,298818 0,2177559
0,6103516 0,2988181 0,2257032
0,4069011 0,2733865 0,2018612
0,4069011 0,2829233 0,211398
0,8138021 0,3242495 0,2447768
0,6103516 0,2797444 0,2177559
0,8138021 0,3147127 0,2304716
0,6103516 0,2924601 0,2272926
0,4069011 0,2670287 0,2034507
0,6103516 0,2733865 0,211398
0,6103516 0,3019969 0,2257032
0,6103516 0,2829233 0,2257032
0,4069011 0,2797444 0,2129875
0,6103516 0,3242495 0,2431873
0,6103516 0,298818 0,2272927
0,6103516 0,3433231 0,2543135
0,8138021 0,298818 0,2241137
0,6103516 0,2733865 0,2129874
0,8138021 0,3178916 0,2368295
0,6103516 0,2638497 0,2082191
0,8138021 0,3083548 0,2320611
0,6103516 0,2861023 0,2257032
0,6103516 0,2574919 0,1986823
0,6103516 0,3210706 0,2336506
0,6103516 0,2892812 0,211398
0,8138021 0,2924601 0,2288821
0,6103516 0,298818 0,2225243
0,8138021 0,3242495 0,2415979
0,6103516 0,2765655 0,2145769
0,6103516 0,2892812 0,2241137
0,6103516 0,2765655 0,2066296
0,6103516 0,3242495 0,2320611
0,6103516 0,2829233 0,2145769
0,6103516 0,2765655 0,2129875
0,6103516 0,2861023 0,2177559
0,6103516 0,298818 0,232061
0,6103516 0,2702076 0,2018612
0,6103516 0,3115338 0,2368295
0,6103516 0,2892812 0,2225243
0,4069011 0,2956391 0,2193453
0,6103516 0,3242495 0,2336506
0,6103516 0,2829233 0,2161664
0,6103516 0,2829233 0,2098085
0,4069011 0,2797444 0,2098085
0,6103516 0,2765655 0,2177558
0,6103516 0,2861022 0,2193453
0,6103516 0,3210706 0,2415979
0,6103516 0,2892812 0,2209348
0,8138021 0,3306074 0,2447768
0,6103516 0,2956391 0,2288821
0,4069011 0,2574919 0,2018612
0,6103516 0,2829233 0,2161664
0,6103516 0,298818 0,2257032
0,6103516 0,2702076 0,211398
0,6103516 0,2956391 0,2177559
0,6103516 0,2956391 0,2209348
0,6103516 0,2956391 0,214577
0,6103516 0,2892812 0,2272926
0,8138021 0,2892812 0,2288821
1,017253 0,3274285 0,238419
0,4069011 0,2733865 0,2193453
0,6103516 0,2733865 0,211398
0,6103516 0,2702076 0,2129874
0,8138021 0,2892812 0,2177559
0,4069011 0,2861023 0,2209348
0,6103516 0,2765655 0,2193453
0,6103516 0,3019969 0,2177559
0,6103516 0,2765655 0,2002718
0,6103516 0,3178917 0,2304716
0,6103516 0,301997 0,2304716
0,6103516 0,298818 0,2257032
0,6103516 0,2861023 0,2098086
0,6103516 0,2892812 0,2257032
0,6103516 0,2924601 0,2129875
0,6103516 0,2765655 0,2177558
0,6103516 0,298818 0,2272927
0,6103516 0,301997 0,2272927
0,6103516 0,298818 0,2161664
0,6103516 0,2829233 0,2193453
0,6103516 0,3019969 0,2257032
0,6103516 0,2892812 0,2241137
0,8138021 0,3115338 0,23524
0,4069011 0,2861023 0,2209348
0,8138021 0,3274285 0,2415979
0,6103516 0,298818 0,2209348
0,6103516 0,2829233 0,2193453
0,6103516 0,2892812 0,2082191
0,6103516 0,3115337 0,2209348
0,6103516 0,3178917 0,2368295
0,6103516 0,3178917 0,2288822
0,6103516 0,298818 0,2209348
0,6103516 0,2956391 0,2304716
0,6103516 0,3337863 0,2415979
0,6103516 0,2861022 0,2098085
0,6103516 0,3115338 0,2368295
1,017253 0,3210706 0,2415979
0,6103516 0,3115338 0,2304716
0,6103516 0,3083549 0,2257032
0,6103516 0,3051759 0,2336505
0,8138021 0,3083548 0,2257032
0,6103516 0,2765655 0,211398
0,6103516 0,2733865 0,2066296
0,6103516 0,3306074 0,2495452
0,6103516 0,3051759 0,2304716
0,6103516 0,2702076 0,2145769
0,4069011 0,2765655 0,1970928
0,6103516 0,2892812 0,2129875
0,6103516 0,2829233 0,2161664
0,6103516 0,2670287 0,2209347
0,6103516 0,3147127 0,2336506
0,6103516 0,2956391 0,2193453
0,6103516 0,3083549 0,2320611
0,6103516 0,298818 0,2241137
0,6103516 0,3115338 0,2415978
0,6103516 0,2765654 0,2145769
0,6103516 0,3083549 0,23524
0,6103516 0,3083549 0,2288821
0,4069011 0,3178917 0,2336506
0,6103516 0,298818 0,232061
0,6103516 0,3083549 0,2336505
0,6103516 0,2924601 0,2304716
0,6103516 0,3115337 0,2368294
0,6103516 0,3051759 0,2304716
0,6103516 0,3178917 0,2368295
0,8138021 0,3083548 0,2431873
0,6103516 0,3337863 0,2463663
0,6103516 0,3083548 0,2304716
0,8138021 0,3274284 0,2479557
0,8138021 0,3401442 0,2511347
0,6103516 0,2956391 0,2304716
0,6103516 0,2956391 0,2257032
0,6103516 0,3337863 0,2511347
0,6103516 0,301997 0,2447768
0,6103516 0,3210706 0,2479557
0,6103516 0,2638497 0,2066296
0,6103516 0,3083548 0,2368294
0,6103516 0,3274285 0,2415979
0,6103516 0,3147127 0,2431873
0,8138021 0,3242495 0,238419
0,6103516 0,3306074 0,2463663
0,8138021 0,3210706 0,2384189
1,017253 0,3051759 0,232061
0,6103516 0,2924601 0,2304716
0,6103516 0,3178917 0,2400084
0,4069011 0,2765655 0,2066296
0,6103516 0,3115338 0,2479557
0,6103516 0,3337863 0,2543136
0,6103516 0,3528598 0,2622607
0,6103516 0,3147127 0,2400084
0,6103516 0,3306074 0,2447768
0,6103516 0,3242495 0,2447768
0,6103516 0,3115338 0,2384189
0,6103516 0,3147127 0,2431873
0,6103516 0,3274285 0,2511347
0,6103516 0,3496808 0,2574924
0,6103516 0,3433231 0,2574924
1,017253 0,346502 0,2606713
0,6103516 0,3623964 0,2717974
0,6103516 0,3083549 0,2384189
0,6103516 0,3433231 0,2590819
0,8138021 0,3560387 0,2638502
0,8138021 0,3655753 0,2686185
0,6103516 0,3496808 0,2559029
1,017253 0,346502 0,2638502
0,6103516 0,3242495 0,2415979
0,6103516 0,3369653 0,255903
0,6103516 0,3274285 0,2495452
0,6103516 0,2956391 0,2288821
0,6103516 0,3401441 0,2574924
0,6103516 0,3369653 0,2606713
0,6103516 0,3719331 0,2797445
0,6103516 0,3528597 0,2702079
0,6103516 0,3178917 0,2415979
0,6103516 0,3401441 0,255903
0,6103516 0,3401442 0,2622608
0,6103516 0,3369653 0,255903
0,6103516 0,3083548 0,2431873
0,6103516 0,3274285 0,2511346
0,8138021 0,3623964 0,2749763
0,6103516 0,3592175 0,267029
0,6103516 0,3115337 0,2431873
0,6103516 0,375112 0,2717973
0,8138021 0,3433231 0,2590819
0,8138021 0,346502 0,2670291
0,8138021 0,3719332 0,2717974
0,8138021 0,3623964 0,267029
0,6103516 0,3465019 0,2638502
0,6103516 0,3592176 0,2638502
0,8138021 0,3751121 0,281334
0,6103516 0,3655753 0,2702079
0,8138021 0,3496808 0,2749763
0,8138021 0,4005432 0,29246
1,017253 0,3496809 0,2638502
0,8138021 0,3369653 0,2527241
0,6103516 0,3401442 0,2574924
0,8138021 0,3496808 0,2686185
0,6103516 0,3306074 0,2606713
0,8138021 0,3496809 0,270208
0,8138021 0,3306074 0,2543135
1,017253 0,3528598 0,2654396
0,6103516 0,375112 0,2765656
0,8138021 0,3528598 0,2622607
0,8138021 0,3623964 0,2717974
0,6103516 0,3242496 0,2479557
0,8138021 0,3306074 0,2527241
0,8138021 0,3337863 0,2574925
0,8138021 0,375112 0,2829234
0,6103516 0,3401442 0,2606713
1,017253 0,3528598 0,2717974
0,6103516 0,3592176 0,2702079
0,6103516 0,3623964 0,2749763
0,8138021 0,3592175 0,2717974
0,6103516 0,3528598 0,2686185
0,6103516 0,3592176 0,2733868
0,6103516 0,3878276 0,2797445
0,6103516 0,3496808 0,2654396
0,8138021 0,3560387 0,2717974
0,8138021 0,3941854 0,2876917
1,017253 0,3846487 0,2908706
0,8138021 0,3910065 0,2861023
0,6103516 0,3433231 0,2590819
0,6103516 0,3560386 0,2654396
0,6103516 0,3814699 0,2845129
0,8138021 0,3687543 0,2781551
0,8138021 0,3337863 0,2543136
0,8138021 0,3719331 0,2829235
0,8138021 0,3528598 0,2606713
1,017253 0,4132589 0,3019967
0,6103516 0,3814698 0,2845128
0,8138021 0,3623964 0,2765657
1,017253 0,3910065 0,2861023
0,6103516 0,3401442 0,2638502
0,6103516 0,3751121 0,2717973
0,8138021 0,3973643 0,2988178
0,8138021 0,43869 0,3147121
0,8138021 0,3782909 0,2829234
0,6103516 0,3846487 0,2892812
0,8138021 0,4005432 0,2972284
0,8138021 0,3973643 0,2940495
0,8138021 0,3528598 0,2686185
0,8138021 0,3878276 0,2845128
1,017253 0,3719332 0,2797446
0,6103516 0,3560386 0,2654396
0,8138021 0,4323322 0,3115333
0,8138021 0,3687543 0,2797446
0,6103516 0,375112 0,2876918
0,6103516 0,3910065 0,2892812
0,6103516 0,4164377 0,3051755
0,8138021 0,4100799 0,2988178
0,6103516 0,3687542 0,2781551
0,6103516 0,403722 0,2972283
1,017253 0,4037222 0,2972284
0,6103516 0,4005432 0,2940494
1,017253 0,4100799 0,3004072
0,8138021 0,4355111 0,3115333
0,8138021 0,4323322 0,3131227
0,8138021 0,4196166 0,3099439
0,8138021 0,4291534 0,3083544
0,6103516 0,3910066 0,2876917
0,6103516 0,3306074 0,2543136
0,8138021 0,4164378 0,3083545
0,8138021 0,3814698 0,2861023
0,6103516 0,3973643 0,2988178
0,8138021 0,4259744 0,3067649
0,6103516 0,4259744 0,3051755
0,8138021 0,406901 0,3051755
0,8138021 0,3973643 0,2988178
0,6103516 0,3941854 0,2940495
0,8138021 0,4514056 0,3274277
0,6103516 0,4227954 0,3099438
1,017253 0,4196166 0,3099439
0,8138021 0,4545846 0,3274277
0,6103516 0,406901 0,3019966
0,6103516 0,4577634 0,3274277
0,8138021 0,406901 0,3019967
0,6103516 0,3782909 0,2892812
0,6103516 0,4641212 0,3321959
1,017253 0,3814699 0,2876918
0,8138021 0,4037221 0,2972283
0,6103516 0,4132588 0,3035861
0,6103516 0,3910065 0,2972284
0,8138021 0,4577635 0,3242488
0,6103516 0,4418689 0,3369642
0,8138021 0,4450478 0,3258382
0,8138021 0,4355111 0,3194805
0,8138021 0,4545845 0,34968
0,8138021 0,4323322 0,3242487
0,8138021 0,4514056 0,3353748
0,8138021 0,4482267 0,3258382
0,6103516 0,4355111 0,3194805
0,8138021 0,4323322 0,3163016
0,8138021 0,4514056 0,3226593
0,6103516 0,4355111 0,3449116
0,8138021 0,4736579 0,343322
0,8138021 0,4863736 0,3608062
0,8138021 0,4831946 0,3512694
0,8138021 0,4673001 0,3369643
0,6103516 0,4450478 0,3385538
0,8138021 0,4641213 0,3592169
1,220703 0,4673001 0,3401431
0,8138021 0,4609423 0,3512695
0,8138021 0,4482267 0,3369642
0,8138021 0,4895525 0,3608062
1,017253 0,4800158 0,3512693
0,8138021 0,4800158 0,3655746
0,8138021 0,470479 0,3608063
0,8138021 0,4736579 0,3751115
0,8138021 0,4863736 0,3687536
0,8138021 0,4990892 0,3830588
0,8138021 0,5022681 0,3862377
1,017253 0,4800158 0,3655747
0,8138021 0,4959103 0,3910062
1,017253 0,4990892 0,3655746
1,017253 0,4895525 0,3830588
1,017253 0,5181628 0,4180272
0,8138021 0,4959103 0,3862377
1,017253 0,5404153 0,4402798
0,8138021 0,5372364 0,4227956
1,017253 0,5531311 0,4434587
1,220703 0,5690258 0,4450482
1,017253 0,607173 0,4879639
1,220703 0,6580355 0,5102164
1,220703 0,7343293 0,5467739
2,034505 0,7788342 0,5817415
1,424154 0,7692975 0,6039935
2,034505 0,8328755 0,6532663
2,034505 0,940958 0,7263812
2,441406 1,099905 0,8296965
3,051758 1,217525 0,9425487
4,272461 1,357395 1,0252
3,86556 1,662573 1,277923
5,493164 2,145767 1,560847
5,900065 2,60353 1,880328
6,306965 3,153483 2,355575
7,120767 3,328324 2,654395
5,696614 3,782908 3,015201
7,527668 4,072188 3,250438
6,917316 4,371007 3,549258
6,713867 4,6889 3,848076
7,120767 4,94321 3,929137
10,17252 5,397797 4,347166
8,95182 5,464553 4,423459
8,341469 5,420049 4,485448
9,358722 5,598067 4,528361
9,969071 6,17663 4,984536
11,39323 6,424585 5,084674
12,20703 6,780626 5,491577
10,98633 6,837846 5,455018
11,39323 7,263819 5,908015
13,42774 7,689792 6,337167
12,20703 8,014043 6,632804
9,969072 7,635752 6,411872
14,64844 8,4877 7,05401
12,61393 8,080798 6,70274
9,969071 8,083978 6,764729
13,83464 8,742015 7,146197
14,44499 8,481343 7,198652
13,42774 9,072619 7,526077
13,02083 8,831021 7,333754
13,83464 9,479522 7,859867
16,4795 9,581245 7,923444
14,44499 9,851457 8,079211
17,7002 9,978613 8,134843
18,10711 9,826021 8,25246
16,68295 9,940464 8,303323
17,70021 10,47453 8,605323
14,85189 10,60486 8,678437
17,2933 10,76062 8,877117
16,8864 10,93547 9,007457
17,7002 10,554 8,598965
18,10711 11,06898 8,942287
15,6657 11,6539 9,460447
17,90366 11,7302 9,500189
21,15886 12,34691 10,13438
16,27605 12,28651 10,21544
17,49676 12,53446 10,22816
19,32781 12,90957 10,62393
19,12436 13,08441 10,6446
20,14161 13,29422 10,84805
16,8864 13,35462 11,17547
19,12436 13,47224 11,08964
18,71746 13,99994 11,41707
18,92091 13,70113 11,53628
21,15886 14,36234 11,94954
28,6865 14,50539 11,83192
22,98991 15,6498 12,29128
28,2796 15,92001 12,65049
25,22786 15,39549 12,83805
28,88995 17,8496 14,48155
25,02441 17,27104 14,04445
32,55205 19,14025 15,74994
29,29685 20,46268 16,59235
32,95895 20,83461 16,50969
32,55205 21,20018 16,9754
31,1279 22,28419 17,53806
33,36585 21,51172 17,55079
36,21414 22,64022 18,21041
34,78999 22,79599 18,12934
41,09696 23,31733 18,90659
34,78999 22,20472 17,87662
37,02794 24,11524 19,29283
47,81087 24,14067 19,27376
37,2314 24,30597 19,49946
39,46935 23,53668 19,1609
33,77275 24,75102 20,20676
39,67279 25,53303 20,45313
37,23139 24,84003 20,06213
36,01069 25,25328 20,6979
41,09695 26,3214 21,24468
45,166 26,06708 21,41475
41,70731 26,39133 22,26987
40,28315 28,01576 23,20288
36,0107 27,10023 22,09026
39,46935 28,22557 23,65429
38,85899 28,21921 23,51123
43,33494 28,47034 23,30779
44,96255 29,36044 24,08185
40,89351 28,36862 23,47786
44,55564 28,87406 23,87523
43,33493 30,15199 24,57141
44,35219 29,52891 24,41723
41,50386 29,43355 24,41723
38,85899 30,16152 25,08479
40,89351 29,80866 24,63976
45,77636 30,05025 24,98307
43,33494 30,13291 24,39816
45,97981 31,66514 25,49806
44,55564 32,5298 26,20218
49,23504 32,55206 26,48193
42,11422 30,25371 24,75102
49,0316 29,79277 24,74625
47,20052 32,88583 26,91585
56,35586 33,30228 27,49919
72,02167 35,696 28,99169
50,04885 34,39899 28,01734
60,83179 35,12697 27,12884
66,73191 38,91625 30,74645
63,68013 41,42442 32,00371
80,56661 49,13331 36,49553
83,41486 58,94033 45,34408
98,67342 61,62335 52,33771
83,21143 62,98076 53,27865
82,60107 66,25507 57,06477
93,18034 66,71602 57,43353
83,21142 66,1597 57,61949
111,6941 66,92264 58,63196
87,8907 66,41083 58,63356
100,9113 68,00348 60,1388
93,99414 71,01075 61,96666
95,82516 70,35905 60,92716
96,84239 70,13972 61,10994
91,95966 69,70104 61,28323
95,01137 68,75371 59,87494
84,63555 69,98715 60,92401
95,01137 70,33044 61,12584
91,34931 70,78823 61,55977
84,839 70,3114 60,96216
88,09416 71,16971 62,89493
106,8113 70,44808 61,62972
101,7251 73,29958 63,87722
97,65618 69,94263 61,86177
88,7045 70,19698 62,74712
92,97688 72,94669 63,92012
94,40102 73,84315 64,17286
92,77344 74,44079 64,97237
98,06308 73,74461 63,84704
100,301 72,62246 63,72305
103,3527 75,63607 66,35997
102,9458 72,3427 63,7453
91,75622 73,41401 64,57023
96,84241 72,55569 63,53071
104,7768 74,17377 65,13926
108,2354 73,88767 65,16787
93,18034 73,08977 64,88337
97,04585 74,42493 64,38587
96,84239 74,49486 64,41765
101,9286 74,23735 65,71941
105,1837 76,56432 66,27094
103,963 76,3259 65,64948
101,5217 76,97441 68,64244
89,92517 74,82547 65,00575
109,2527 75,56613 65,52231
109,863 77,11744 66,38541
104,5734 78,45259 66,57457
100,0976 76,92036 67,82386
104,5734 78,48756 68,80137
95,21481 76,80592 67,01165
112,7113 76,02391 67,88586
105,9975 77,76594 69,02708
96,23206 76,96487 67,57909
96,43551 76,03664 68,38497
101,7251 75,93489 66,57135
100,7079 77,92807 68,1052
97,85963 77,41624 68,68217
112,7113 79,30134 68,81728
103,7596 76,00802 65,94196
99,08032 77,21601 67,99236
111,0837 78,12834 69,159
108,032 77,88673 67,55683
109,2527 76,65652 67,97329
108,032 78,62108 69,71373
104,7768 79,59382 70,31136
93,99413 76,71692 69,6327
104,9803 78,12834 70,02528
90,94242 77,66106 69,28301
103,7596 80,05476 69,79161
102,5389 79,31408 69,00484
