0,6103516 0,2797444 0,2145769
0,6103516 0,301997 0,2257032
0,6103516 0,2956391 0,2018613
0,6103516 0,2861023 0,2145769
0,6103516 0,2956391 0,2241137
0,8138021 0,3083548 0,2225243
0,6103516 0,298818 0,2272927
0,8138021 0,2670287 0,2050401
0,6103516 0,2924601 0,2129875
0,6103516 0,2924601 0,2050402
0,6103516 0,3051759 0,2288821
0,4069011 0,2988181 0,23524
0,6103516 0,2892812 0,2161664
0,6103516 0,2924602 0,214577
0,8138021 0,3178917 0,2320611
0,6103516 0,2733865 0,1986823
0,6103516 0,2956391 0,2304716
0,6103516 0,3051759 0,2320611
0,6103516 0,3242495 0,2431873
0,6103516 0,2670287 0,2082191
0,6103516 0,2988181 0,2177559
0,6103516 0,2797444 0,2145769
0,6103516 0,3178916 0,2368295
0,8138021 0,3210706 0,2384189
0,8138021 0,2861022 0,2145769
0,6103516 0,298818 0,2177559
0,6103516 0,3019969 0,232061
0,6103516 0,2892812 0,2209348
0,6103516 0,3147127 0,2336505
0,6103516 0,298818 0,2257032
0,4069011 0,2988181 0,214577
0,6103516 0,3147127 0,2336506
0,6103516 0,2956391 0,2241137
0,6103516 0,3147127 0,23524
0,8138021 0,2861022 0,1986823
0,6103516 0,2956391 0,2209348
0,8138021 0,2892812 0,2304716
0,6103516 0,2892812 0,2193453
0,6103516 0,301997 0,2193454
0,6103516 0,2733865 0,2225242
0,6103516 0,3019969 0,2288821
0,6103516 0,2829233 0,2129875
0,6103516 0,2892812 0,2050402
0,6103516 0,2829233 0,2145769
0,6103516 0,2956391 0,232061
0,6103516 0,2861023 0,2209348
0,6103516 0,3115338 0,2431873
0,6103516 0,2733865 0,2066296
0,8138021 0,3147127 0,2368295
0,6103516 0,2956391 0,2193453
0,6103516 0,2733865 0,2082191
0,6103516 0,3147127 0,2288822
0,6103516 0,2924602 0,2193453
0,8138021 0,3051759 0,232061
0,6103516 0,2861023 0,2225242
0,6103516 0,2924601 0,2066296
0,8138021 0,3401442 0,2447768
0,4069011 0,301997 0,2209348
0,6103516 0,3115338 0,2368295
0,6103516 0,2956391 0,2241137
0,6103516 0,3115338 0,2272927
0,6103516 0,3178917 0,2400084
0,6103516 0,2956391 0,2193453
0,8138021 0,2924601 0,2161664
0,8138021 0,3401442 0,2447768
0,6103516 0,3147127 0,2336506
0,6103516 0,2988181 0,2320611
0,8138021 0,3019969 0,2304716
0,6103516 0,3115338 0,2384189
0,6103516 0,3019969 0,2304716
0,6103516 0,298818 0,2336505
0,8138021 0,2892812 0,2352399
0,8138021 0,298818 0,2336505
0,6103516 0,2956391 0,2241137
0,6103516 0,3210706 0,2447768
0,8138021 0,3274285 0,2415979
0,6103516 0,3051759 0,2272927
0,6103516 0,2956391 0,2161664
0,6103516 0,3369653 0,2463663
0,8138021 0,3401442 0,2511347
0,8138021 0,3115338 0,2288821
0,6103516 0,2956391 0,2209348
0,6103516 0,3178917 0,2368295
0,6103516 0,3115338 0,2368295
0,6103516 0,2956391 0,2336505
0,6103516 0,2733865 0,2145769
0,6103516 0,3083549 0,2384189
0,6103516 0,3401441 0,2479557
0,6103516 0,3083549 0,2320611
0,4069011 0,2733865 0,2241137
0,6103516 0,3083548 0,2225243
0,6103516 0,2861023 0,211398
0,8138021 0,3178917 0,2431873
0,8138021 0,3306074 0,2495452
0,4069011 0,2924602 0,2225243
0,6103516 0,2765655 0,2177558
0,6103516 0,2956391 0,2225243
0,6103516 0,2892812 0,2272926
0,6103516 0,2924602 0,2257032
0,6103516 0,3115338 0,2272927
0,6103516 0,301997 0,2304716
0,6103516 0,3401442 0,2495452
0,8138021 0,3210706 0,2384189
0,6103516 0,3051759 0,2304716
0,6103516 0,301997 0,2320611
0,6103516 0,3178917 0,2257032
0,6103516 0,2861023 0,2225242
0,6103516 0,3274285 0,2479557
0,6103516 0,3687542 0,267029
0,6103516 0,2892812 0,2241137
0,6103516 0,2861023 0,2225243
0,6103516 0,3051759 0,2320611
0,6103516 0,3051759 0,2336505
0,8138021 0,3083549 0,23524
0,6103516 0,3147127 0,2415979
0,8138021 0,3147127 0,2463662
0,4069011 0,2892812 0,2241137
0,6103516 0,3528598 0,2543135
0,6103516 0,2797444 0,2209348
0,6103516 0,2861023 0,2193453
0,6103516 0,2733865 0,2066296
0,8138021 0,3019969 0,2272927
0,4069011 0,2670287 0,211398
0,6103516 0,3147127 0,2384189
0,6103516 0,3210706 0,2447768
0,6103516 0,2765654 0,2098085
0,6103516 0,3147127 0,2384189
0,6103516 0,2924602 0,2336505
0,6103516 0,2829233 0,2018612
0,6103516 0,3147127 0,2447768
0,4069011 0,301997 0,2209348
1,017253 0,3147127 0,2368295
0,6103516 0,3178917 0,23524
0,6103516 0,3019969 0,232061
0,6103516 0,2829233 0,2161664
0,6103516 0,2829233 0,2177559
0,6103516 0,2924601 0,2193453
0,6103516 0,3274285 0,2463663
0,6103516 0,2892812 0,2161664
0,6103516 0,2797444 0,2129875
0,6103516 0,2861023 0,2177559
0,6103516 0,301997 0,2320611
0,6103516 0,2829233 0,2161664
0,8138021 0,3051759 0,2320611
0,6103516 0,3083548 0,2320611
0,4069011 0,2829233 0,2082191
0,6103516 0,2829233 0,2177558
0,8138021 0,2956391 0,232061
0,4069011 0,2733865 0,2145769
0,6103516 0,2765654 0,2161664
0,6103516 0,2670287 0,2066296
0,6103516 0,3083548 0,2257032
0,6103516 0,2606708 0,2098085
0,4069011 0,301997 0,2241137
0,6103516 0,2924601 0,2161664
0,4069011 0,2670287 0,1955034
0,6103516 0,2956391 0,2177559
0,4069011 0,2988181 0,2209348
0,6103516 0,2670287 0,2018612
0,6103516 0,301997 0,2241137
0,6103516 0,3337863 0,2463663
0,8138021 0,2829233 0,2177558
0,6103516 0,2829233 0,2129875
0,6103516 0,2924601 0,2304716
0,6103516 0,3051759 0,2288821
0,6103516 0,2829233 0,2177559
0,6103516 0,2829233 0,211398
0,6103516 0,298818 0,2304716
0,6103516 0,2797444 0,2098085
0,4069011 0,2765655 0,2129875
0,8138021 0,2861023 0,2098085
0,8138021 0,2861023 0,2225242
0,6103516 0,3178917 0,23524
0,6103516 0,3115338 0,2257032
0,8138021 0,3147127 0,2368295
0,6103516 0,2956391 0,2288821
0,6103516 0,2892812 0,2193453
0,6103516 0,3051759 0,2272927
0,6103516 0,2924602 0,211398
0,8138021 0,3083548 0,2272927
0,6103516 0,2797444 0,2225242
0,6103516 0,3115338 0,2336505
0,6103516 0,3019969 0,2241137
0,6103516 0,2702076 0,1923244
0,6103516 0,2829233 0,2161664
0,6103516 0,3019969 0,2257032
0,6103516 0,3051759 0,2225243
0,4069011 0,2797444 0,211398
0,8138021 0,2924601 0,2145769
0,6103516 0,2797444 0,2034507
0,6103516 0,3274285 0,2336506
0,6103516 0,3178917 0,2336506
0,6103516 0,3306074 0,2400084
0,6103516 0,3178917 0,23524
0,6103516 0,298818 0,2272927
0,6103516 0,301997 0,2257032
0,8138021 0,3019969 0,2304716
0,4069011 0,2892812 0,2336505
0,8138021 0,2892812 0,2368294
0,6103516 0,3083549 0,23524
0,6103516 0,3147127 0,2241138
0,6103516 0,2829233 0,2161664
0,6103516 0,3178916 0,2384189
0,6103516 0,301997 0,2209348
0,8138021 0,3210706 0,2384189
0,8138021 0,301997 0,2336505
0,8138021 0,3401442 0,2543136
0,6103516 0,3083549 0,2304716
0,6103516 0,3083549 0,2384189
0,6103516 0,3147127 0,23524
0,6103516 0,3178917 0,2384189
0,6103516 0,3210706 0,2447768
0,6103516 0,3051759 0,23524
0,6103516 0,3083548 0,23524
0,6103516 0,3242495 0,2479557
0,6103516 0,2892812 0,2177559
0,6103516 0,2956391 0,2272927
0,6103516 0,2829233 0,2066296
0,6103516 0,2892812 0,2177559
0,6103516 0,2988181 0,2225243
0,6103516 0,2892812 0,2082191
0,4069011 0,2924602 0,2288821
0,4069011 0,2765655 0,2066296
0,6103516 0,298818 0,2225243
0,8138021 0,3401442 0,2527241
0,6103516 0,3178917 0,2304716
0,6103516 0,2861023 0,2193453
0,4069011 0,2892812 0,2288821
0,8138021 0,3115338 0,2320611
0,4069011 0,2829233 0,2098085
0,6103516 0,3147127 0,23524
0,6103516 0,2988181 0,2193454
0,8138021 0,3178916 0,2415978
0,6103516 0,2797444 0,211398
0,6103516 0,3274285 0,2431873
0,6103516 0,3019969 0,2193453
0,6103516 0,2861023 0,2241137
0,6103516 0,2924602 0,2129875
0,6103516 0,2892812 0,2161664
0,6103516 0,2956391 0,2209348
0,6103516 0,2924601 0,2272926
0,6103516 0,2797444 0,2241137
0,8138021 0,3178916 0,2177559
0,6103516 0,2861023 0,2129875
0,6103516 0,2924601 0,2288821
0,6103516 0,2861023 0,2193453
0,8138021 0,3178916 0,2304716
0,6103516 0,3051759 0,2288821
0,8138021 0,2797444 0,2082191
0,6103516 0,2797444 0,2161664
0,6103516 0,3051759 0,23524
0,6103516 0,3051759 0,2384189
0,8138021 0,3083548 0,2384189
0,6103516 0,2638497 0,2066296
0,6103516 0,301997 0,2177559
0,6103516 0,3147127 0,23524
0,6103516 0,3147127 0,2368295
0,6103516 0,2670287 0,2129874
0,6103516 0,2829233 0,2177559
0,6103516 0,2988181 0,2272927
0,6103516 0,2797444 0,2288821
0,6103516 0,3147127 0,23524
0,6103516 0,3083549 0,2320611
0,4069011 0,2829233 0,2209348
0,6103516 0,2956391 0,2161664
0,6103516 0,3051759 0,2384189
0,6103516 0,2829233 0,2257032
0,4069011 0,3051759 0,2272927
0,6103516 0,2765655 0,211398
0,6103516 0,3083549 0,2304716
0,6103516 0,301997 0,2272927
0,8138021 0,3369653 0,2527241
0,4069011 0,2861023 0,2225243
0,6103516 0,3242495 0,2415979
0,6103516 0,3242496 0,2463663
0,6103516 0,298818 0,232061
0,6103516 0,3147127 0,2463662
0,8138021 0,3083548 0,23524
0,6103516 0,3242495 0,2495452
0,6103516 0,346502 0,2543135
0,6103516 0,301997 0,2288821
0,6103516 0,3147127 0,2447768
0,6103516 0,3274284 0,2527241
0,6103516 0,301997 0,23524
0,8138021 0,349681 0,2622608
0,6103516 0,3210706 0,2447768
0,6103516 0,3623964 0,2622607
0,8138021 0,3369653 0,2606713
0,6103516 0,3433231 0,2527241
0,8138021 0,375112 0,2765656
0,6103516 0,3592176 0,2733868
0,8138021 0,346502 0,2606713
0,8138021 0,3623965 0,2686185
0,8138021 0,3306074 0,255903
0,6103516 0,346502 0,2670291
0,6103516 0,3528597 0,267029
0,6103516 0,3401441 0,2638502
0,6103516 0,3592176 0,2686185
0,6103516 0,3306074 0,255903
0,8138021 0,3306074 0,2479557
0,6103516 0,3623964 0,267029
0,6103516 0,3560386 0,2702079
0,6103516 0,343323 0,2574924
0,6103516 0,3655753 0,2765657
0,6103516 0,3655753 0,2733868
0,8138021 0,3973644 0,2940495
1,017253 0,3878277 0,2845128
0,8138021 0,4132588 0,3035861
1,017253 0,4895525 0,3480904
0,8138021 0,4641213 0,3369642
0,8138021 0,4514056 0,3337854
0,8138021 0,4577634 0,3306065
1,017253 0,470479 0,3560379
0,8138021 0,4831947 0,3544483
0,8138021 0,5181628 0,3846482
1,017253 0,5181628 0,397364
1,017253 0,55631 0,4180271
1,017253 0,5308785 0,4069008
1,017253 0,6167097 0,4673007
1,220703 0,6484987 0,4879636
1,220703 0,6612143 0,5038583
1,424154 0,7025403 0,5340583
1,831055 0,7597607 0,5531318
1,627604 0,705719 0,537237
1,424154 0,7311504 0,5340584
2,848307 0,8869168 0,6389611
1,627604 0,909169 0,6675714
2,034505 0,9632108 0,6930028
2,441406 1,074473 0,7454551
2,441406 1,131694 0,8106233
2,441406 1,309713 0,9234747
2,237956 1,25885 0,920296
3,458659 1,487731 1,079242
7,934568 1,748403 1,22706
7,731118 1,821518 1,339912
8,95182 2,13941 1,479785
7,120768 2,43505 1,737278
6,713866 2,501804 1,851717
5,696614 2,895991 2,066295
14,44499 3,086726 2,291997
10,98633 3,204346 2,276104
8,341469 3,299713 2,353986
8,95182 3,458659 2,485913
9,358723 3,636678 2,616246
9,765621 3,945032 2,810161
8,34147 4,10398 3,027916
6,713866 4,361473 3,274283
8,138021 4,612604 3,336271
6,917317 4,568099 3,42528
18,51401 5,261102 3,92119
22,17611 5,547205 4,289944
15,6657 5,804698 4,332861
13,42774 5,938213 4,65552
15,46225 6,074904 4,623731
10,17252 5,947749 4,515646
17,7002 6,173452 4,773139
12,00358 6,682076 5,200703
16,4795 7,05083 5,261103
13,42774 7,222493 5,472499
18,31056 7,368724 5,766551
15,05534 7,982253 6,243386
17,90365 8,653005 6,624855
18,31056 8,808774 6,79334
25,83821 9,231567 7,340114
18,51401 9,42548 7,268586
17,7002 9,806952 7,648468
27,0589 10,76062 8,406639
14,85189 10,50949 8,432071
16,68295 11,18978 8,921622
16,68295 11,14527 8,737247
18,1071 11,85735 9,706814
20,34506 11,85735 9,473166
18,10711 12,62347 10,08034
16,8864 12,03855 9,552639
17,7002 12,8142 10,52539
19,3278 13,59622 10,73996
21,36231 13,9904 10,99428
19,53125 13,83781 11,18978
20,54851 13,81874 11,09282
21,97267 14,16842 11,83828
20,14161 14,60712 11,49178
20,54851 14,50857 11,8494
19,53126 14,83918 12,1069
20,75196 15,1062 12,01789
18,92091 14,88686 12,16571
29,70376 16,12981 12,7395
23,60026 15,1666 11,23746
22,17612 15,98359 12,44386
20,75196 15,6339 12,54082
22,17612 16,06306 12,44227
25,4313 16,9309 13,48495
23,60025 17,128 13,43886
23,60026 16,46678 13,12415
25,63476 16,67659 13,24654
22,9899 17,34734 13,84735
25,02441 17,60484 14,35916
26,24511 17,98312 14,55466
31,33135 17,61119 14,36552
23,19336 17,5031 14,17001
27,46583 18,43771 15,03945
26,44856 18,52354 15,13164
27,0589 17,77332 14,40843
40,07971 18,50764 14,75811
33,16241 18,81918 14,74222
26,2451 18,42499 14,27492
29,50032 19,39456 15,49403
29,09342 18,77467 15,71655
25,22786 17,91636 14,10167
30,31411 19,10528 15,1062
24,82097 18,61573 15,12687
29,29685 19,79828 15,66729
27,46581 18,94315 14,55784
27,8727 19,07667 15,25879
27,46581 19,31509 15,45906
30,72104 19,89683 15,96292
29,5003 19,509 15,52105
27,46581 19,66794 15,57191
28,07616 20,30054 15,56396
25,63475 20,69156 17,07077
27,46581 19,31509 15,09667
30,11067 20,34188 16,3269
30,31411 20,24651 16,17114
27,26235 20,28148 16,29035
32,34863 21,1525 16,49063
30,51759 20,93951 16,28717
30,51756 20,49446 15,89457
33,16241 20,65659 16,2379
27,05891 20,23379 17,19634
26,04165 19,55351 15,66252
31,94173 20,97765 16,46678
24,82096 20,31962 16,12346
28,6865 19,65206 15,81034
27,87271 19,811 15,84212
25,63476 20,66612 16,78944
29,70377 20,15114 15,77855
30,72101 21,40999 16,91659
27,26236 20,91726 16,59711
33,36587 20,78374 17,40455
30,72102 21,37184 17,1121
34,58659 21,04124 16,72904
28,88996 20,65976 16,85938
32,95897 21,94087 17,45542
31,73828 21,37502 17,32508
31,33134 21,62616 17,10893
32,55206 21,56258 17,16613
30,11067 22,04894 17,19633
33,36587 22,00126 17,31872
29,50031 21,09845 17,00719
30,51756 22,56394 17,61278
30,72101 21,36548 17,00402
34,99348 22,46221 17,49834
31,94172 21,97901 17,62867
33,77275 22,04577 17,76855
28,27961 21,75331 16,85143
35,60383 22,81825 18,35347
32,14517 22,52579 17,58734
33,16239 21,58164 17,66523
32,75551 21,49582 16,8864
33,97621 22,3287 17,28853
30,11067 22,40816 18,29306
40,28316 22,59254 17,85278
33,97623 23,0662 19,0115
30,92445 22,50353 17,62866
30,72101 23,12024 18,27717
31,12791 22,93268 18,4234
31,12792 22,17928 16,97222
36,21416 23,46674 18,16591
30,92446 22,3128 17,81464
34,99349 23,15203 18,30737
40,4866 23,05984 18,09279
31,73826 23,40634 18,1659
34,58659 22,95176 17,61595
35,19692 23,39045 18,53148
36,82452 23,80053 18,95109
35,60382 24,41088 19,80781
33,36588 23,73377 18,98289
33,56932 24,05166 19,0099
31,33138 23,5939 18,93838
34,3831 24,10888 19,18475
37,43486 23,82914 18,97493
33,56929 24,25511 19,36753
32,95896 24,41724 19,75695
33,77277 24,26465 19,23402
35,40033 24,37909 19,64728
34,17967 25,20879 20,27353
33,36587 24,87818 19,68224
31,12789 24,85911 19,79191
40,28316 24,73831 19,55826
37,84176 25,67609 20,86639
35,40038 24,90361 20,1273
40,28316 25,16746 20,21472
34,99345 24,36319 19,52965
33,97619 24,17882 19,54556
31,73828 24,39499 19,99537
33,56932 25,91133 20,81076
33,36588 24,71924 20,0955
34,79004 24,71288 20,17498
38,85902 24,73831 19,67271
36,01073 24,55393 19,86185
34,99346 23,89271 18,79057
44,75909 25,79053 20,60731
35,1969 25,31687 20,84573
48,62466 25,02759 19,97947
34,58655 24,92587 20,27193
