0,6103516 0,4148485 0,3051763
0,8138021 0,4371012 0,3194818
1,017253 0,4561747 0,3401453
1,017253 0,4625325 0,3504765
1,017253 0,4831956 0,3711392
1,017253 0,4800167 0,3687551
1,220703 0,5420051 0,4172328
1,017253 0,5165741 0,4076961
1,220703 0,5467734 0,4378952
1,220703 0,5626678 0,4514054
1,017253 0,5833305 0,4617367
1,220703 0,6453193 0,4982941
1,220703 0,6818771 0,5292881
1,220703 0,7152557 0,5507464
1,831055 0,7581708 0,6063788
1,627604 0,7915493 0,6095576
1,424154 0,8122125 0,6429363
2,034505 0,88056 0,680289
1,627604 0,8869179 0,685057
2,034505 0,9377812 0,7104887
1,831055 1,004538 0,7446616
1,627604 1,004538 0,7478404
1,627604 1,05222 0,81857
1,831055 1,077651 0,8122116
2,034505 1,091956 0,8130063
2,644857 1,082419 0,8114166
2,237956 1,180966 0,8511532
2,034505 1,173019 0,8591006
1,831055 1,192092 0,8932739
2,237956 1,249314 0,9274477
2,034505 1,26203 0,9330107
2,237956 1,304946 0,9592378
3,051758 1,32243 0,957648
3,051758 1,374882 0,9997688
3,255208 1,443228 1,047453
3,255208 1,420976 1,054605
3,86556 1,46866 1,080832
3,458659 1,513164 1,085599
5,493164 1,657802 1,188119
3,66211 1,576741 1,131695
3,051758 1,602171 1,15633
6,510417 1,705487 1,200041
5,900065 1,837413 1,291434
6,917317 1,90417 1,335144
5,900064 1,93278 1,328786
5,086264 1,928012 1,365343
4,679363 1,99 1,326401
5,086263 1,996358 1,393953
4,882813 2,056758 1,407465
6,510417 2,139411 1,447202
7,120769 2,212527 1,511575
6,917318 2,458888 1,664161
6,103516 2,593995 1,747609
6,103516 2,857845 1,924833
7,120768 3,010433 2,055168
7,120767 3,372827 2,290409
7,120767 3,57469 2,529621
8,951823 4,146894 2,87374
9,765623 4,707974 3,331502
9,765623 5,052883 3,601711
9,358721 5,393029 3,802776
10,17253 5,846024 4,221598
13,63119 6,124179 4,408357
11,80013 6,483397 4,753272
15,05534 6,610554 4,985333
13,83464 7,205009 5,476475
16,0726 7,46727 5,481245
14,24154 7,594429 5,744301
14,64844 7,910727 6,072519
14,24154 8,335112 6,369753
18,31056 8,625981 6,40551
16,4795 9,264945 6,984076
16,4795 9,54787 7,263817
17,49676 10,30922 7,801056
16,8864 10,36644 7,534823
16,4795 11,14368 8,130871
17,08985 11,83192 8,738038
17,90366 12,695 9,297529
17,90366 13,82192 10,67876
21,97266 14,54512 12,44228
21,36231 15,02514 12,99858
20,75196 15,35575 13,50165
23,60026 15,95656 14,06432
21,15886 15,96451 14,1255
23,80371 16,84508 14,84871
21,97266 16,83077 14,77718
21,76921 17,0978 15,26674
25,63476 17,31397 15,0784
22,98991 18,06737 15,86438
24,21061 18,17387 15,90729
23,80371 18,43294 16,23392
27,26235 18,8907 16,82678
27,4658 19,13071 17,35926
23,60026 19,35483 17,37198
26,652 19,88729 17,58178
26,85546 20,06371 17,69304
27,8727 20,55168 17,99504
27,66925 20,83937 18,40671
27,8727 21,4529 18,88435
28,2796 20,99038 18,55374
26,652 22,0426 19,40569
27,0589 21,90908 19,42952
26,85546 22,31597 19,83801
26,44855 21,86776 19,6759
30,3141 22,05372 19,67589
28,88995 22,25239 19,76251
27,26235 22,18088 19,66794
26,85546 22,6307 19,88411
28,88995 22,83574 20,09551
27,66925 22,65135 20,38717
28,6865 22,84685 20,03034
29,9072 22,82938 20,30849
29,9072 22,61162 20,41181
27,66925 22,71174 20,31882
26,652 22,52896 20,24333
28,2796 23,05349 20,21711
28,2796 23,14408 20,77261
27,8727 23,43973 21,19383
29,70375 23,7592 21,46879
29,09341 23,75284 21,18748
29,29686 23,57324 20,76626
29,5003 24,11524 21,6047
29,29685 23,71152 20,75195
29,70375 23,76239 20,98005
29,9072 24,04372 21,35754
27,66925 23,83391 21,34402
32,14515 24,26466 21,5896
31,1279 24,48558 21,34322
30,51755 24,05484 21,53794
29,29686 24,24716 20,99116
30,11065 24,70175 22,00444
31,9417 24,60956 21,9218
30,3141 24,38386 21,59517
31,1279 24,66838 21,86457
32,7555 25,21832 22,40259
32,55206 25,19766 22,26431
30,92445 24,87659 21,89318
32,95895 25,10865 22,35809
30,11065 24,77328 22,24843
32,55205 25,51238 22,78249
31,33135 25,12296 22,10139
31,12791 24,90519 22,53135
30,92445 25,16427 22,40896
33,1624 25,25806 22,54248
32,7555 25,50283 22,75069
30,721 25,70788 22,50592
32,3486 25,71105 22,86434
33,36584 25,53939 22,85003
32,55205 25,82867 22,72685
30,92445 26,11159 23,34118
34,79 26,47081 23,14408
35,1969 26,39452 23,43098
33,77275 26,72672 23,75761
32,14515 26,25941 23,09321
30,721 26,79506 23,91419
33,36585 26,71559 24,10729
32,14516 27,01282 24,11683
35,1969 27,3609 24,09935
32,95895 27,10502 24,04213
33,77275 27,22898 24,36558
31,9417 26,48512 23,56847
32,95895 27,58025 24,36637
34,17964 27,89973 24,56108
32,95895 27,82821 24,46731
32,7555 27,39588 25,05301
32,95895 27,26396 24,31711
32,7555 27,75192 24,94733
33,9762 28,04755 25,16587
33,9762 27,62953 24,97593
31,73825 27,33706 24,46809
33,77274 27,35455 24,51896
33,36586 27,7392 24,37114
34,58654 27,68198 24,99501
32,7555 27,51667 24,72161
32,55204 27,52621 24,2416
32,7555 27,38157 24,67235
34,99345 27,64861 24,65486
33,56931 27,0001 24,05722
33,77275 27,53733 24,54439
33,56929 27,55958 24,38624
34,3831 27,42607 24,1208
36,0107 27,73125 24,83526
33,9762 27,57072 24,41804
33,9762 27,31005 24,50942
33,36586 27,29891 24,73274
33,5693 27,67244 25,05222
33,77275 27,51667 24,42757
35,1969 27,46106 24,91952
32,34861 27,48489 25,0721
34,38309 27,5739 24,62227
35,1969 27,85204 24,65724
33,1624 27,78371 24,30677
31,9417 27,63111 24,55154
33,1624 27,53575 25,08084
34,17965 27,54847 24,51975
34,99345 27,84728 24,79076
36,21415 27,77416 24,7828
33,9762 27,66291 24,57541
34,99345 28,24941 25,35104
34,58656 27,74397 24,91473
31,73826 27,48806 24,57539
33,97619 27,6629 24,8432
35,40036 27,92676 24,16928
33,36585 27,44356 24,53407
36,8245 27,68515 24,92348
32,55205 27,68674 24,99978
35,1969 27,75986 24,77088
34,99345 27,71854 24,71844
32,3486 27,67402 25,16667
34,17965 27,7694 24,58652
33,1624 27,48806 24,83367
34,79 27,69628 24,67632
33,36585 28,09206 24,75421
33,36585 27,65336 24,51817
33,5693 27,92993 24,66757
33,36585 27,60568 24,6191
36,21415 27,80437 25,0562
37,02794 27,9506 25,03871
33,5693 27,64542 24,56585
32,55205 27,76145 24,45301
35,40034 28,11114 25,04508
34,17965 27,83298 24,80586
34,99345 28,25736 24,78441
33,5693 27,92993 25,16746
32,55206 27,57548 24,71209
33,36585 28,29868 25,24932
36,0107 28,47988 25,40269
34,17966 27,74079 24,81937
36,4176 28,08888 25,09514
33,5693 27,92834 25,09275
32,95895 27,86317 24,67871
35,1969 27,97762 24,88611
34,38309 27,58979 24,59525
32,75551 27,80754 24,71606
34,58655 28,05391 25,09513
35,40035 27,85204 25,06493
34,58655 27,08912 24,26545
34,79 27,62953 24,89328
34,3831 28,03643 25,09832
34,58655 27,97126 24,97514
33,36584 27,68356 24,64851
36,8245 28,24941 25,47342
32,55205 27,7392 24,83287
32,7555 27,45627 24,66677
34,17965 28,08252 25,29542
33,1624 28,24305 25,03474
34,99345 27,7392 24,31233
34,79 28,05232 24,74546
34,78999 28,12067 25,01884
33,5693 27,97126 24,8305
32,7555 27,51985 24,84081
32,14515 27,78688 25,18017
35,1969 27,58343 24,31232
32,75551 27,65814 24,71606
35,6038 28,18266 24,84956
35,80724 27,68675 24,5881
36,62105 27,96649 25,11977
34,58655 27,87748 24,94971
35,40035 28,26212 25,16825
33,1624 27,94742 24,99581
35,80724 28,05073 24,74546
35,40034 27,77734 24,73274
33,77275 27,50396 24,26941
34,58655 28,16199 24,78043
34,78999 27,93629 24,84719
35,19691 28,02848 25,19846
33,9762 27,92675 25,0554
33,77275 27,86954 24,86149
33,36585 27,71536 24,95845
33,5693 27,9665 25,05223
33,56931 27,9347 24,47604
32,7555 28,1 25,23104
34,58655 27,96331 25,39555
34,58656 28,0094 24,8599
34,17965 28,16835 24,86069
34,79 27,53892 24,56584
32,95896 28,32093 24,89408
34,38311 27,88703 24,87899
34,58654 27,70105 24,97593
36,0107 28,10795 24,89805
37,02795 27,83457 25,25567
34,58655 28,02371 24,90521
35,6038 27,49284 24,98389
35,40035 27,63429 24,61354
33,77275 27,92517 24,9958
35,40035 27,78689 24,53089
34,17966 28,18266 25,6117
36,21415 28,29391 24,9799
37,2314 28,07616 24,86865
35,1969 28,38134 25,67768
37,43485 28,46239 25,42097
36,01069 27,89655 25,04904
34,79 27,67244 24,8281
34,78999 27,58025 24,67632
34,38311 28,30345 25,19686
33,77275 27,75191 24,93778
33,1624 27,7837 25,18494
33,16241 27,78688 24,74944
35,80724 28,06822 24,78282
33,56931 28,11749 25,13408
32,55206 27,86635 25,21197
33,77275 27,98556 24,81857
33,9762 27,84251 25,1929
34,17965 28,03483 25,08481
32,75549 28,26372 25,59424
34,3831 28,03007 25,26998
38,24865 28,21285 25,17461
34,17965 28,39246 24,86069
35,80725 28,27643 24,91949
36,21415 28,5673 25,85172
36,0107 28,20808 25,0101
32,95895 28,02689 24,61514
36,0107 28,44969 25,41939
34,58655 28,52914 26,05596
34,58655 28,34636 25,73728
35,80725 28,34795 25,21434
32,95896 27,82821 24,69937
36,21414 28,39882 25,27157
33,77275 28,23352 25,39316
32,14515 27,91881 25,07051
33,36585 27,96331 25,23581
33,77275 28,06981 25,24932
34,3831 28,23351 25,11183
35,40035 28,12384 24,573
34,79 28,32252 25,10865
35,80725 27,77099 24,33299
34,38309 28,16835 25,68323
37,2314 28,20649 25,51954
33,97621 27,76622 24,53089
34,17966 27,94901 25,27315
34,17965 27,92199 24,96083
34,58654 28,43856 25,7031
35,1969 27,98556 24,875
33,9762 27,68992 24,25749
33,1624 28,07934 25,07527
34,17965 27,80913 24,6191
35,80725 27,62794 24,51261
34,58655 28,06186 25,02917
35,80725 27,76145 24,27737
37,43485 28,04437 24,77964
36,62106 27,96808 25,39316
32,7555 27,89497 25,05939
36,21414 28,23511 25,07448
35,80725 28,04596 25,44402
33,9762 27,81391 25,13012
36,4176 28,23192 25,22071
34,99346 27,97921 25,00533
35,80725 28,39406 25,50045
31,9417 27,81549 24,86626
34,99345 28,35749 25,52827
35,80725 28,66108 25,56244
36,21415 28,30982 25,28111
34,58655 28,38928 25,28031
34,38311 28,4481 25,10707
33,5693 28,11749 25,04905
36,62105 28,39247 25,30018
35,80724 28,56254 25,57516
36,62105 28,29392 25,3558
37,02795 28,48466 25,41383
35,40035 28,46081 25,75795
35,1969 28,36227 25,44641
32,7555 27,87748 24,67712
37,02795 28,75326 26,11875
35,1969 28,51008 25,42972
33,77275 28,29074 25,11182
34,79 28,34636 25,15633
34,79 28,2812 24,97116
34,79 28,40995 25,59582
36,21415 28,8073 25,20481
33,36585 28,33525 25,45516
32,7555 27,82662 24,99342
35,1969 28,73578 25,47422
34,38309 28,47671 25,03634
33,1624 27,67086 24,86388
34,17965 28,20809 25,41779
33,97621 27,9347 25,08401
36,21415 28,19538 24,95765
33,9762 28,40517 25,12692
33,36585 28,46717 25,51237
33,9762 28,49418 25,41939
33,36586 28,34796 25,32879
36,0107 28,07616 25,17699
34,78999 28,28598 24,90918
35,60379 28,251 25,02679
34,79 28,12544 25,09593
33,77275 27,89497 25,21674
34,99345 28,30028 25,45516
34,99345 28,68651 25,79927
35,80725 28,4179 25,28747
35,6038 28,45922 25,56482
33,77275 28,53552 25,43528
32,14516 28,03961 25,30496
38,45209 28,24782 25,53383
35,40034 28,26531 25,12137
34,58656 28,52757 25,23658
35,80725 28,50372 25,55766
34,58655 28,26531 25,33832
34,99346 28,59433 25,67133
34,79 28,30822 25,62999
33,5693 28,36068 25,64272
34,99345 28,15563 25,31608
34,3831 28,11749 24,97513
33,77275 27,82503 25,07686
33,9762 28,2208 25,58071
34,99346 27,92357 25,06414
33,77275 28,10477 25,40351
34,79 28,45126 25,4917
34,38309 28,36703 25,2803
35,80724 28,24782 25,29144
34,58655 28,46081 25,73808
35,6038 28,4624 25,47263
33,5693 28,29551 25,2374
33,5693 27,90609 25,328
34,58654 28,17471 25,06811
34,99345 28,13179 24,7081
35,1969 28,11908 24,94017
33,77275 28,66585 25,93041
34,79 28,61975 25,6888
33,77275 28,19378 25,12931
36,0107 27,91246 24,94256
34,99345 28,2383 25,61808
34,38311 28,45444 25,49964
33,36585 28,0698 25,41303
35,19691 28,18424 24,37988
34,3831 28,55618 25,91689
35,40034 28,26212 25,03871
33,77275 28,23669 25,82867
33,9762 28,20173 25,6125
33,9762 28,26372 25,44243
35,60381 28,77075 25,92802
34,79 28,53392 25,83423
36,21415 28,43379 25,0419
33,1624 27,84091 24,85353
34,17965 28,04596 25,14202
35,6038 28,04436 25,01248
37,84175 28,30823 25,46231
34,58656 28,55617 25,34627
32,7555 27,9792 25,20164
36,4176 28,23034 24,93381
34,58655 28,19537 24,99102
35,40034 28,24782 25,16428
32,95895 28,0253 25,28904
32,14515 28,12067 25,30336
33,36584 28,24941 24,9203
35,40036 28,1461 25,26839
33,36585 28,06981 25,29779
36,21415 28,38293 25,47185
33,56931 27,7678 25,02917
36,4176 28,72784 25,70231
33,36585 28,81048 26,11398
37,63829 28,37021 25,52907
34,17965 28,45127 25,75317
36,62104 27,73921 24,31393
34,79 28,55459 25,36693
34,78999 28,35748 25,14759
35,40035 28,42743 25,417
36,8245 28,19061 25,33754
36,0107 29,30164 25,82631
33,9762 28,37022 25,44879
34,17965 28,63565 25,89224
36,21415 28,8534 25,29461
34,79 28,79937 26,07107
34,79 28,60704 25,63316
34,99345 28,49419 25,86126
33,77275 28,4926 25,76828
35,1969 28,58955 25,51714
33,77275 28,56412 25,43527
35,40035 28,10159 25,09673
36,8245 28,16041 25,79768
35,80725 27,85364 24,60082
33,5693 28,26053 25,32322
36,62105 28,60704 25,74841
37,02794 28,72465 25,89701
35,40035 28,45285 25,17858
33,36584 28,38769 25,41304
32,7555 28,3575 25,54019
33,36585 28,65313 25,60535
35,1969 28,42426 25,25012
35,1969 28,62135 25,7047
36,8245 28,40677 25,80245
36,4176 28,11908 25,24773
35,1969 28,39565 25,297
33,1624 28,37021 25,30176
37,2314 28,03961 25,27792
34,17965 28,12861 25,14044
34,79 28,06662 25,08083
34,99345 28,43856 25,38203
33,36586 28,14769 25,33833
32,14516 28,24305 25,39475
33,36585 28,71193 25,6888
36,82449 28,4163 25,42892
35,80725 28,05391 24,86149
35,40036 28,17312 25,03315
35,1969 28,21761 25,44402
35,1969 28,42266 25,49965
33,1624 28,00305 25,14044
41,09697 28,65153 25,59501
36,62105 28,47193 25,56005
40,89352 28,44173 25,67609
36,21415 28,55617 25,34866
34,38311 28,50691 25,26283
