0,6103516 0,301997 0,2225243
0,8138021 0,3019969 0,2288821
0,8138021 0,3178916 0,2431873
0,6103516 0,298818 0,2304716
0,8138021 0,3401442 0,2479557
0,6103516 0,3115338 0,2288821
0,6103516 0,2670287 0,2066296
0,6103516 0,3083549 0,2368295
0,6103516 0,2924601 0,2257032
0,8138021 0,301997 0,2288821
0,6103516 0,2829233 0,2145769
0,6103516 0,2924601 0,2177559
0,8138021 0,2861023 0,2161664
0,8138021 0,3210706 0,2320611
0,6103516 0,2924601 0,2225243
0,6103516 0,3083549 0,2384189
0,4069011 0,3083549 0,2209348
0,6103516 0,2956391 0,2209348
0,6103516 0,301997 0,2257032
0,6103516 0,2956391 0,2225243
0,8138021 0,3051759 0,2241137
0,6103516 0,2702076 0,2129874
0,8138021 0,3147127 0,2288821
0,6103516 0,2956391 0,2272927
0,6103516 0,3051759 0,2288821
0,6103516 0,2861023 0,2161664
0,6103516 0,2702076 0,2050401
0,6103516 0,2892812 0,2241137
0,6103516 0,3019969 0,2257032
0,6103516 0,2924601 0,2336505
0,6103516 0,3369653 0,2431874
0,8138021 0,298818 0,2177559
0,6103516 0,3242495 0,2400084
0,6103516 0,298818 0,2288821
0,6103516 0,2988181 0,2272927
0,8138021 0,3178917 0,2320611
0,6103516 0,3083549 0,2209348
0,6103516 0,2861023 0,211398
0,6103516 0,2765655 0,2193453
0,8138021 0,2829233 0,2098085
0,6103516 0,298818 0,2225243
0,6103516 0,3306074 0,2368295
0,6103516 0,3242495 0,2447768
0,6103516 0,301997 0,2193454
0,4069011 0,2956391 0,2241137
0,6103516 0,3115338 0,2336505
0,8138021 0,3051759 0,23524
0,6103516 0,2797444 0,2145769
0,6103516 0,2797444 0,2225242
0,6103516 0,3274285 0,2463663
0,6103516 0,3178917 0,2415979
0,8138021 0,3083548 0,2336505
0,8138021 0,3115338 0,2320611
0,6103516 0,3051759 0,2320611
0,8138021 0,3147127 0,2241138
0,6103516 0,2892812 0,2161664
0,8138021 0,2956391 0,2257032
0,6103516 0,2797444 0,2225242
0,6103516 0,301997 0,2336505
0,6103516 0,3210706 0,23524
0,8138021 0,3178916 0,2431873
0,6103516 0,3210706 0,2320611
0,6103516 0,3019969 0,2257032
0,8138021 0,2892812 0,2241137
0,6103516 0,3115338 0,2431873
0,6103516 0,3083549 0,2336505
0,6103516 0,3147127 0,2288822
0,8138021 0,3306074 0,2336506
0,6103516 0,3274285 0,238419
0,6103516 0,2797444 0,211398
0,6103516 0,2861023 0,2145769
0,6103516 0,2924601 0,2209348
0,4069011 0,2956391 0,232061
0,4069011 0,2861023 0,2257032
0,6103516 0,3274285 0,2415979
0,6103516 0,3051759 0,2193454
0,6103516 0,3178917 0,2400084
0,6103516 0,3115338 0,23524
0,8138021 0,2892812 0,2129875
0,6103516 0,3051759 0,2336505
0,6103516 0,3083549 0,2384189
0,8138021 0,2861023 0,2177559
0,6103516 0,2765655 0,211398
0,6103516 0,3051759 0,2257032
0,6103516 0,2765655 0,2161664
0,4069011 0,2892812 0,2129875
0,8138021 0,3306074 0,2527241
0,6103516 0,301997 0,2241137
0,6103516 0,3115337 0,2177559
0,6103516 0,301997 0,2288821
0,6103516 0,2861023 0,2209348
0,6103516 0,3051759 0,2241137
0,8138021 0,3210706 0,2431873
0,6103516 0,2892812 0,2161664
0,6103516 0,301997 0,2241137
0,6103516 0,2829233 0,2193453
0,8138021 0,2924601 0,2336505
0,6103516 0,2956391 0,2225243
0,8138021 0,3019969 0,2257032
0,8138021 0,3019969 0,2288821
0,6103516 0,301997 0,2384189
0,8138021 0,3083548 0,2288821
0,6103516 0,3051759 0,2288821
0,6103516 0,2829233 0,2272926
0,6103516 0,3306074 0,2463663
0,8138021 0,2797444 0,2209348
0,6103516 0,298818 0,2304716
0,6103516 0,2924601 0,2304716
0,6103516 0,3210706 0,2400084
0,6103516 0,2892812 0,2129875
0,4069011 0,2861023 0,2257032
0,6103516 0,298818 0,2161664
0,6103516 0,3147127 0,2320611
0,6103516 0,3178917 0,2384189
0,6103516 0,3274285 0,238419
0,6103516 0,3369653 0,2511347
0,6103516 0,3274285 0,2511346
0,6103516 0,3401441 0,2543135
0,6103516 0,3083548 0,2304716
0,6103516 0,3147127 0,2336505
0,6103516 0,3242495 0,2400084
0,6103516 0,2892812 0,2225243
0,6103516 0,2829233 0,2082191
0,8138021 0,3274284 0,2447768
0,4069011 0,2797444 0,2129875
0,8138021 0,2892812 0,2400083
0,8138021 0,3623965 0,2654396
0,6103516 0,3178917 0,2447768
0,8138021 0,346502 0,2622608
0,8138021 0,301997 0,2272927
0,8138021 0,3147127 0,2209348
0,6103516 0,2924601 0,2288821
0,6103516 0,3210706 0,2495452
0,6103516 0,301997 0,2304716
0,4069011 0,2924602 0,2241137
0,6103516 0,3433231 0,2638502
0,6103516 0,2861023 0,2193453
0,6103516 0,3115338 0,2304716
0,6103516 0,2892812 0,2225243
0,8138021 0,2892812 0,2193453
0,6103516 0,3147127 0,2415978
0,6103516 0,2765655 0,2272926
0,8138021 0,3242495 0,2543135
0,8138021 0,3306074 0,2431873
0,8138021 0,3337863 0,2447768
0,8138021 0,3147127 0,2368295
0,6103516 0,3083549 0,2400084
0,6103516 0,3242495 0,2527241
0,6103516 0,3083548 0,2431873
0,6103516 0,3051759 0,2368294
0,6103516 0,3465019 0,2574924
0,8138021 0,3433231 0,2590819
0,6103516 0,3147127 0,2479557
0,6103516 0,3147127 0,2400084
0,8138021 0,3210706 0,2431873
0,8138021 0,3337863 0,2543135
0,6103516 0,2924601 0,232061
0,6103516 0,3147127 0,2447768
0,6103516 0,3051759 0,2336505
0,6103516 0,2829233 0,2177559
0,8138021 0,3083548 0,2400084
0,6103516 0,3115338 0,2400084
0,8138021 0,3528597 0,2686185
0,6103516 0,301997 0,2193454
0,6103516 0,301997 0,2336505
0,6103516 0,3210706 0,2463663
0,8138021 0,3401442 0,2606713
0,6103516 0,3210706 0,2400084
0,6103516 0,2892812 0,2272926
0,6103516 0,3178917 0,2431873
0,6103516 0,3306074 0,2527241
0,6103516 0,3051759 0,2320611
0,6103516 0,3147127 0,2304716
0,6103516 0,3337863 0,2511347
0,6103516 0,3496809 0,2527241
0,6103516 0,301997 0,2384189
0,6103516 0,3115337 0,2447768
0,8138021 0,2924601 0,2209348
0,6103516 0,3083549 0,23524
0,8138021 0,3560387 0,2590818
0,6103516 0,2892812 0,2193453
0,8138021 0,3306074 0,2400084
0,6103516 0,3178917 0,2447768
0,8138021 0,3210706 0,2543135
0,8138021 0,3528598 0,2574924
0,6103516 0,3178917 0,2415979
0,6103516 0,3274285 0,2574925
0,6103516 0,301997 0,2368294
0,6103516 0,3274285 0,2400084
0,8138021 0,2924601 0,232061
0,8138021 0,3147127 0,2463662
0,8138021 0,3401442 0,2574925
0,8138021 0,3846487 0,2781551
0,6103516 0,3051759 0,2320611
0,6103516 0,3242495 0,2479557
0,6103516 0,3178917 0,2400084
0,8138021 0,3401442 0,2574925
1,017253 0,3719332 0,2749762
0,6103516 0,3433231 0,2479557
0,6103516 0,3147127 0,2400084
0,6103516 0,2956391 0,23524
0,6103516 0,3274285 0,2415979
0,6103516 0,3210706 0,2511346
0,8138021 0,3496809 0,2654396
0,8138021 0,3369653 0,2638502
0,8138021 0,3369653 0,2543136
0,6103516 0,3147127 0,2431873
0,6103516 0,3178917 0,2447768
0,8138021 0,346502 0,2574924
0,6103516 0,3687542 0,281334
0,6103516 0,3083549 0,2384189
0,8138021 0,343323 0,2590818
0,8138021 0,3274285 0,23524
0,6103516 0,3210706 0,2463662
0,6103516 0,3465019 0,2606713
1,017253 0,3433231 0,2527241
0,8138021 0,3655753 0,267029
0,8138021 0,3560387 0,2606713
0,6103516 0,3274285 0,2511346
0,6103516 0,3528598 0,2654396
0,8138021 0,3623965 0,2702079
0,6103516 0,375112 0,2765656
0,8138021 0,3719332 0,2654395
0,6103516 0,3465019 0,2638502
0,8138021 0,3369653 0,2495452
0,6103516 0,3655753 0,2749763
0,8138021 0,3623965 0,270208
0,6103516 0,3878277 0,2892812
0,6103516 0,3878276 0,2845128
0,6103516 0,3814698 0,2845128
0,6103516 0,3846487 0,2829234
0,8138021 0,3941855 0,2940495
0,6103516 0,3910065 0,2861023
0,6103516 0,3941854 0,2876917
0,8138021 0,4196167 0,3051755
1,017253 0,4227955 0,3099439
0,8138021 0,378291 0,2797445
0,6103516 0,4005432 0,3004072
0,8138021 0,4196167 0,3099439
0,8138021 0,4355111 0,3147121
1,017253 0,4545846 0,3242488
0,8138021 0,4609424 0,3242488
0,8138021 0,4768369 0,3465011
0,8138021 0,4641213 0,3512694
1,017253 0,4831947 0,3719325
0,8138021 0,4768369 0,3480904
1,627604 0,4959103 0,3576272
2,644857 0,5404152 0,391006
0,8138021 0,4800158 0,3782904
1,017253 0,5531311 0,4100797
1,424154 0,553131 0,4371008
3,458659 0,6802881 0,5006793
2,441406 0,7120773 0,5245218
6,510416 0,9918212 0,669161
5,696614 1,176198 0,791549
9,765621 1,497269 0,9679791
8,95182 2,13623 1,330376
8,341469 2,822875 1,749992
14,24154 3,557205 2,19663
33,77275 4,80016 2,873739
21,56576 5,690257 3,498394
44,35219 7,870989 4,971821
33,36584 9,578068 6,144842
42,52113 11,86689 8,028348
27,66925 13,50403 9,25382
43,74184 15,02037 10,42525
56,35587 18,89229 12,36757
55,94896 24,10888 15,90887
57,57658 25,43449 17,12004
76,70107 35,10793 23,3523
73,44584 43,00434 30,77507
77,10798 46,44393 32,81116
80,9735 53,10062 41,26073
97,24929 55,05249 41,95372
95,62171 58,5811 44,73531
100,7079 63,1842 49,79776
84,43211 64,41129 52,8654
91,55276 67,41538 54,81569
93,99413 70,45127 57,68309
96,84239 72,7242 61,30072
97,24929 72,6892 62,13038
100,0976 75,21326 62,93308
107,4217 76,04298 64,99622
95,82516 75,93172 63,81525
102,132 77,74688 65,04707
98,06308 76,2655 64,40494
90,94242 77,25735 65,83547
99,8941 78,23325 66,39653
98,46997 78,80228 69,74394
99,08031 76,74234 63,19853
95,21481 79,08203 67,63316
110,0665 80,7859 70,07454
103,9631 81,93984 68,60269
106,4044 83,42757 67,67923
108,4389 82,86491 69,42442
107,0148 82,94436 71,62901
108,032 84,93433 73,34718
105,3872 81,48208 68,5566
100,5044 84,65459 71,34608
108,032 83,90439 71,87536
106,201 83,64053 70,20642
109,2527 82,89349 68,42783
108,2355 83,97751 69,42125
108,4389 83,74543 68,19734
100,7079 86,19637 74,34538
101,7251 85,34757 73,12626
106,8113 84,1555 68,8856
105,3872 85,93251 71,62897
102,3355 83,89804 69,88062
104,7768 86,08193 73,88444
107,2182 86,15501 74,04494
122,8837 87,14047 76,40845
106,4044 86,54607 75,83152
103,5562 85,45883 73,67939
111,4906 87,08962 76,69462
107,8286 86,76537 73,36308
103,3527 86,63187 72,65099
110,6768 89,09866 75,99201
109,4561 89,0764 74,81582
106,4044 89,3784 75,6312
105,5906 87,23585 74,86513
109,6596 89,54372 79,48091
107,4217 88,88569 76,71999
107,6251 89,70902 75,3896
106,8113 89,16225 76,75179
105,5906 89,46423 76,4339
105,9975 90,54826 77,26517
109,6596 90,32256 77,6673
103,7596 88,69811 74,03062
109,6596 89,442 75,56606
114,1354 91,89608 79,08511
106,6079 89,07642 73,45844
104,1665 90,03008 78,73544
110,4734 88,58686 77,12693
107,6251 90,13818 74,6712
102,7424 89,92836 76,83443
117,1871 90,60863 76,9791
110,4734 89,48966 74,92075
105,5906 89,01919 77,74203
119,2216 88,12276 75,52792
109,6596 87,93837 75,25452
100,5044 89,05415 75,26881
108,4389 93,70805 80,65234
109,6596 88,55193 77,9916
105,7941 89,82346 75,4071
113,5251 90,313 77,7754
109,2527 89,28941 74,50906
104,1665 89,49921 74,56152
108,6423 90,13817 77,63235
116,9837 90,83752 80,33443
107,0148 90,29391 75,20048
105,9975 90,87568 77,28902
109,4561 91,08227 77,57829
112,7113 89,77261 74,79835
111,8975 88,89521 72,50793
110,6768 89,73444 76,51499
108,6423 88,31349 75,14328
109,0492 90,51965 75,96818
107,4217 88,45335 75,2863
107,4217 89,6804 77,4734
104,7768 88,98742 76,01428
107,0148 89,95063 74,96207
110,8803 91,70855 79,27586
105,3872 90,41791 79,09308
120,0354 92,3475 78,62257
114,1354 89,56913 75,76155
112,101 89,10185 76,74863
110,4734 89,18449 73,38849
109,6596 91,31435 76,52609
