0,8138021 0,298818 0,2145769
0,8138021 0,298818 0,2304716
0,6103516 0,2924601 0,211398
0,6103516 0,2924602 0,2257032
0,6103516 0,2861023 0,2209348
0,6103516 0,2829233 0,2161664
0,6103516 0,3083549 0,2272927
0,6103516 0,3147127 0,2384189
1,017253 0,2892812 0,2098085
0,6103516 0,3147127 0,2304716
0,6103516 0,2956391 0,2161664
0,6103516 0,3115338 0,2304716
0,6103516 0,2829233 0,2098085
0,6103516 0,298818 0,2272927
0,4069011 0,2829233 0,2209348
0,6103516 0,2797444 0,2145769
0,6103516 0,2924601 0,2209348
0,6103516 0,3115338 0,2288821
0,6103516 0,3178917 0,23524
0,6103516 0,3147127 0,2384189
0,6103516 0,2924601 0,2177559
0,6103516 0,301997 0,2209348
0,6103516 0,2892812 0,2177559
0,6103516 0,2606708 0,2066296
0,8138021 0,3274285 0,2415979
0,6103516 0,2733865 0,2129875
0,6103516 0,2765655 0,2066296
0,8138021 0,3147127 0,2415978
0,6103516 0,2702076 0,2066296
0,6103516 0,3051759 0,2400084
0,6103516 0,2892812 0,2161664
0,6103516 0,2861023 0,2225243
0,6103516 0,2956391 0,2161664
0,4069011 0,2924602 0,2241137
0,8138021 0,3147127 0,2336506
0,6103516 0,3242495 0,2431873
0,6103516 0,3019969 0,2193453
0,6103516 0,2892812 0,2161664
0,8138021 0,3274285 0,2320611
0,6103516 0,3178917 0,23524
0,6103516 0,3210706 0,2368295
0,6103516 0,2892812 0,2241137
0,6103516 0,3147127 0,2400084
0,6103516 0,3274285 0,2495452
0,6103516 0,3147127 0,2336505
0,6103516 0,3083548 0,2288821
0,6103516 0,2988181 0,2241137
0,6103516 0,2797444 0,2272926
0,6103516 0,2924601 0,2098086
0,6103516 0,2670287 0,2098085
0,6103516 0,3115338 0,2368295
0,6103516 0,2829233 0,2066296
0,6103516 0,3083549 0,2336505
0,6103516 0,3242495 0,238419
0,6103516 0,3210706 0,2304716
0,6103516 0,3210706 0,2368295
0,6103516 0,298818 0,2272927
0,8138021 0,3147127 0,2415978
0,6103516 0,3210706 0,2463662
0,8138021 0,346502 0,2447768
0,6103516 0,3083548 0,2304716
0,6103516 0,3210706 0,23524
0,8138021 0,3274285 0,2495452
0,6103516 0,3306074 0,2543136
0,6103516 0,2797444 0,2225242
0,6103516 0,3178917 0,2368295
0,6103516 0,2765655 0,2177558
0,6103516 0,3306074 0,2527241
0,6103516 0,3178917 0,23524
1,017253 0,3306074 0,2479557
0,6103516 0,2956391 0,2241137
0,6103516 0,2892812 0,2129875
0,8138021 0,3369652 0,255903
0,6103516 0,3687543 0,2654396
0,6103516 0,3306074 0,2527241
0,4069011 0,2956391 0,2288821
0,6103516 0,298818 0,2241137
0,6103516 0,3178916 0,2527241
0,6103516 0,3019969 0,2384189
0,6103516 0,3083549 0,2415978
0,6103516 0,3147127 0,2400084
0,8138021 0,3242495 0,2431873
0,6103516 0,3178917 0,2447768
0,8138021 0,3401442 0,2447768
0,6103516 0,2956391 0,2209348
0,8138021 0,3337863 0,255903
0,8138021 0,3178917 0,2447768
0,6103516 0,3147127 0,2415979
0,8138021 0,3051759 0,2304716
0,6103516 0,3147127 0,2400084
0,8138021 0,3115338 0,2336505
0,8138021 0,3496809 0,2622607
0,6103516 0,2892812 0,2209348
0,6103516 0,3019969 0,2415978
0,6103516 0,3560386 0,2479557
0,6103516 0,3465019 0,2559029
1,017253 0,3051759 0,2304716
0,6103516 0,3337863 0,2543136
0,8138021 0,3655754 0,267029
0,6103516 0,3274285 0,2495452
0,6103516 0,3178917 0,2463662
0,8138021 0,3369653 0,2590819
0,6103516 0,3528597 0,2638502
0,6103516 0,3433231 0,255903
0,8138021 0,3178916 0,2431873
0,6103516 0,2829233 0,2272926
0,6103516 0,3337863 0,2574925
0,6103516 0,3178916 0,2431873
0,6103516 0,3369653 0,2574925
0,8138021 0,346502 0,2606713
0,6103516 0,3147127 0,2463662
0,6103516 0,3369653 0,2543136
0,6103516 0,3083549 0,2447768
0,6103516 0,3528597 0,2606713
0,6103516 0,3528598 0,2622607
0,6103516 0,3433231 0,2574924
0,6103516 0,3051759 0,2320611
0,6103516 0,3210706 0,23524
0,6103516 0,3655753 0,2749762
0,8138021 0,3337863 0,2479557
0,8138021 0,3401442 0,255903
0,6103516 0,3369652 0,2638502
0,6103516 0,3147127 0,2400084
0,6103516 0,3592175 0,2686185
0,8138021 0,3528598 0,2606713
0,6103516 0,3528597 0,2654396
0,6103516 0,3560387 0,2717974
0,8138021 0,3623965 0,2733868
0,8138021 0,3910066 0,2876918
0,6103516 0,3401442 0,2590819
0,6103516 0,3687542 0,2797446
0,6103516 0,3719331 0,2781551
0,8138021 0,3719332 0,2765657
0,8138021 0,3655754 0,2717974
0,6103516 0,3528598 0,2733869
0,6103516 0,346502 0,2622608
0,6103516 0,3465019 0,2606713
0,8138021 0,3687543 0,2749763
0,6103516 0,3687542 0,2797446
0,8138021 0,4037221 0,2940495
0,6103516 0,3623964 0,267029
0,8138021 0,4196166 0,3083544
0,6103516 0,4196166 0,306765
0,6103516 0,3687542 0,2765657
0,8138021 0,4132588 0,3035861
1,017253 0,4450478 0,3194804
0,8138021 0,4164377 0,306765
0,8138021 0,406901 0,3004072
0,8138021 0,3973643 0,2940495
0,8138021 0,4005432 0,2972284
0,8138021 0,4005432 0,3019967
0,6103516 0,4005432 0,2972284
0,6103516 0,3687542 0,2829235
0,8138021 0,4037221 0,2956389
0,6103516 0,4196167 0,3051755
0,8138021 0,3782909 0,281334
0,6103516 0,3814698 0,2924601
0,8138021 0,4005432 0,2988178
0,6103516 0,4450478 0,3242488
0,8138021 0,4100799 0,3051755
0,8138021 0,3878276 0,2876917
1,017253 0,41008 0,3019967
0,8138021 0,4227955 0,3019966
0,8138021 0,3973644 0,2956389
0,6103516 0,3973643 0,2940495
0,8138021 0,4355112 0,3178911
0,6103516 0,3973643 0,29246
0,8138021 0,4450478 0,3194804
0,6103516 0,4259744 0,3115333
0,6103516 0,3941854 0,2940495
1,017253 0,4323323 0,3099439
0,8138021 0,4037221 0,2972283
0,8138021 0,3941854 0,2956389
0,8138021 0,43869 0,3274276
0,8138021 0,4641213 0,3433221
0,6103516 0,4196165 0,3115332
0,8138021 0,4418689 0,3147121
0,8138021 0,4545845 0,3528589
0,8138021 0,4545845 0,3274277
0,8138021 0,470479 0,3449115
0,8138021 0,4990892 0,3623956
1,017253 0,4863736 0,3655746
0,8138021 0,4673001 0,3449115
0,8138021 0,4450478 0,3226593
1,017253 0,4927314 0,370343
1,017253 0,473658 0,3576273
0,8138021 0,4514056 0,3385537
0,8138021 0,4736579 0,3417326
1,220703 0,4831947 0,3655746
0,8138021 0,4800158 0,3719325
1,017253 0,4863736 0,3655746
0,8138021 0,470479 0,3576273
0,8138021 0,4959103 0,3830588
1,017253 0,5531311 0,4100797
0,8138021 0,5435942 0,4418693
1,424154 0,5849204 0,4466376
1,220703 0,6167096 0,4736585
1,424154 0,6961824 0,5165742
1,017253 0,6834666 0,5420053
1,017253 0,7375083 0,5690259
1,424154 0,7025401 0,5658468
1,424154 0,8360544 0,6675713
1,424154 0,8519489 0,677108
1,627604 0,8519489 0,683466
1,424154 0,8678433 0,6993605
1,627604 0,9759261 0,7581705
1,220703 0,9218844 0,7438653
1,831055 1,093547 0,8694337
2,644857 1,074474 0,8662547
2,237956 1,103084 0,8932757
2,034505 1,214345 0,971159
1,831055 1,249313 1,015664
2,237956 1,389185 1,104672
2,034505 1,570385 1,252492
2,848307 1,621248 1,316072
3,051758 1,694362 1,352629
2,644857 1,722972 1,417796
2,644857 1,745224 1,428923
2,644857 1,827875 1,52111
3,051758 1,99 1,640319
3,458659 2,037684 1,659393
3,86556 2,209346 1,784961
4,069011 2,260208 1,840592
4,679363 2,552667 2,021789
4,679363 2,546309 2,086956
4,882813 2,816519 2,276101
4,882813 3,150304 2,544722
5,289714 3,344218 2,724329
4,882813 3,45548 2,795855
5,086263 3,77973 3,040632
5,696614 3,633499 2,868971
5,696614 3,751119 3,093083
7,324217 4,014969 3,255208
6,510416 4,158021 3,418923
6,103516 4,33604 3,585815
6,510415 4,224777 3,468196
6,713866 4,533133 3,71774
6,510416 4,555386 3,78132
6,917317 4,870095 4,059473
8,54492 4,793803 3,970464
8,54492 4,905064 4,053116
8,341469 5,18163 4,224776
6,917316 5,184811 4,33445
8,748371 5,12123 4,220008
9,358723 5,394618 4,412333
7,527668 5,486807 4,576049
8,13802 5,610783 4,62532
9,358722 5,534489 4,606247
7,324218 5,769731 4,795392
9,765622 6,192526 5,06719
10,17252 5,979538 4,898707
10,37598 6,090798 5,017915
8,74837 6,217958 5,153021
11,18978 6,628037 5,470913
11,18978 6,914138 5,534491
10,78288 7,225672 5,912782
12,20703 7,69933 6,254515
10,57943 7,804233 6,337165
12,41048 8,700686 6,968181
10,78288 8,420944 6,910959
12,41048 8,503597 6,966592
11,18978 8,627569 7,235207
13,02084 8,850096 7,298786
13,42774 9,555819 7,850328
13,63119 9,590786 7,96636
12,61394 9,711581 8,125306
15,46224 10,22657 8,325578
14,85189 10,34737 8,800825
19,53126 10,75109 9,034478
16,0726 10,71294 8,978843
15,66569 10,95136 9,242692
19,53126 11,4886 9,446146
15,46225 11,26925 9,541511
16,4795 11,63483 9,826027
18,31056 12,53764 10,37121
18,31055 12,29922 10,31876
20,14161 13,13209 11,03719
19,73471 13,25607 11,10872
18,10711 13,17342 11,15004
20,34505 13,7647 11,56013
19,93816 14,17478 12,12915
19,73471 14,52764 11,87643
22,37957 14,62301 12,19908
20,5485 14,76288 12,38346
24,21061 15,14435 12,80944
20,34505 14,95997 12,65843
20,75196 15,07441 12,51221
21,56576 15,32555 13,09872
21,56576 16,16796 13,68523
25,63476 16,15525 13,87755
20,95541 16,02491 13,72338
22,17611 16,51446 13,98087
24,61751 16,44771 13,78219
23,19336 16,99766 14,4434
26,24511 17,34416 14,8058
27,26236 16,81964 14,18432
26,65202 17,37277 14,54989
27,87271 18,25651 15,39071
31,73827 17,94497 15,14117
25,63476 18,65387 15,47496
28,27962 18,74606 16,08849
34,58657 19,35005 15,80874
32,14516 21,50217 17,5492
32,55208 21,54986 17,38072
34,17968 22,85957 18,91454
38,85902 22,885 18,89387
34,99347 21,95994 17,90206
38,85903 23,25694 18,90977
33,77278 22,83732 18,82076
36,41764 22,29055 18,13571
30,3141 23,43178 19,35164
38,85902 23,08209 18,75083
35,80728 22,75785 19,00832
34,58657 24,11524 19,77125
39,67284 23,25375 19,28329
36,21417 24,35684 20,24809
38,24868 24,38863 20,41339
51,26952 23,95312 20,20041
36,01075 23,20607 19,51217
36,62109 23,53668 19,79987
50,25233 24,4999 19,87934
35,80728 24,97037 20,89024
32,95896 24,38863 20,3228
34,58658 24,46175 20,89978
33,97623 24,7701 20,48174
36,41762 25,45992 20,91885
40,89354 24,49035 20,55804
33,77278 24,84322 20,73606
42,11427 24,42677 21,0905
38,45213 25,0403 20,88387
36,62108 25,37727 20,65499
41,50391 26,15928 21,60708
44,35223 24,6175 20,54532
40,48662 26,28645 21,26058
44,96254 27,05574 22,18882
40,28318 25,82549 21,51489
40,69008 25,72377 21,7406
36,41761 25,36138 21,73583
40,69008 26,172 21,71198
35,60382 25,45038 21,11594
46,18324 26,51532 22,11889
42,72459 26,01305 21,81688
40,07973 27,22422 22,78805
43,74187 26,51215 22,52102
44,55564 26,60433 22,58618
37,84176 26,00987 21,63728
41,9108 27,23375 22,14273
45,57288 26,57572 22,37479
46,59018 27,31005 22,51943
37,23143 27,6629 23,34276
37,84176 26,25147 22,31756
42,92807 28,85818 23,71947
41,09699 26,86501 22,28419
40,48663 28,05709 23,0964
45,16601 28,15882 23,74808
41,09698 28,2828 24,08027
36,82454 26,43585 22,57665
35,80728 27,0907 22,61479
43,94529 27,02712 23,63204
44,96254 29,13792 24,6493
49,23503 29,49714 24,46969
43,94531 27,98398 23,72741
44,75911 29,59251 24,57936
43,94529 30,55572 25,62204
53,30408 31,54118 26,26895
41,91079 29,9549 25,81278
55,94894 32,16743 27,15269
49,43846 30,78459 25,86205
48,01432 31,57933 26,50579
45,36947 31,55708 26,51374
48,42125 33,0162 28,36068
53,10061 34,221 28,69605
66,12142 35,06977 29,35251
46,99707 35,70238 30,23624
58,79722 36,52254 29,78007
55,542 36,73871 30,2569
53,71092 36,51618 30,61929
49,64191 36,23007 31,01666
49,84537 37,43488 31,8702
65,30765 38,38857 31,45218
76,09056 40,47393 33,54072
56,76275 38,81135 32,63156
61,64557 40,05749 33,85861
59,2041 38,70327 33,04162
60,22142 39,83178 32,66494
53,71098 38,31863 32,5044
66,32499 40,57883 34,20194
71,00431 41,7169 34,57705
76,49751 43,89445 36,48439
73,64915 47,13377 38,34883
76,09058 50,79589 41,41173
76,90446 51,13287 41,06523
75,27685 51,68917 41,96805
79,54927 53,45347 44,29978
101,9286 54,2323 44,33634
77,71825 53,32314 44,90536
69,78365 53,2532 43,2682
87,07693 59,87173 48,95055
91,95966 59,67781 50,07429
81,58381 58,81314 48,23528
77,10789 58,2441 48,77728
81,17684 57,68462 46,31682
78,93903 56,0888 46,90967
81,1769 59,13739 47,63446
81,58382 60,09425 50,50661
93,18036 60,51704 49,9519
88,29764 61,44529 52,35357
107,2184 64,04247 52,85582
112,508 63,9026 52,46324
78,93894 59,08017 49,42262
96,63899 64,6433 54,24664
96,63907 63,59106 52,3027
86,87343 63,04428 52,07702
79,95621 62,08108 51,0232
99,6908 65,10742 54,86809
87,28039 64,96436 55,13037
89,92532 67,5393 54,70121
85,04237 63,47028 53,14354
79,54926 63,09835 53,74913
89,51833 64,28409 54,59312
99,48732 63,82312 54,58835
93,18036 63,62286 53,47415
101,7253 67,39624 55,68827
95,01151 63,85175 52,82882
89,92511 65,91805 56,37332
86,87358 66,82086 55,31156
92,77356 65,98163 56,33837
90,73893 64,94212 55,60561
87,68723 67,26275 56,77387
88,50111 66,29315 56,37808
