0,6103516 0,2956391 0,2177559
0,6103516 0,2829233 0,2241137
0,6103516 0,3051759 0,2241137
0,8138021 0,3115338 0,23524
0,6103516 0,3083548 0,2257032
0,6103516 0,298818 0,2225243
0,6103516 0,2956391 0,2098086
0,6103516 0,2892812 0,2129875
0,6103516 0,2797444 0,2145769
0,8138021 0,3115338 0,2272927
0,8138021 0,3210706 0,2336505
0,6103516 0,3147127 0,2415979
0,6103516 0,2956391 0,2145769
0,6103516 0,3337863 0,2447768
0,6103516 0,3274285 0,2511346
0,6103516 0,3210706 0,2463663
0,4069011 0,3051759 0,2320611
1,017253 0,3274284 0,2400084
0,6103516 0,3051759 0,2320611
0,8138021 0,301997 0,2209348
0,6103516 0,3019969 0,23524
0,8138021 0,3178917 0,2257032
0,6103516 0,3178917 0,2336506
0,6103516 0,3178916 0,2447768
0,6103516 0,3306074 0,2527241
0,8138021 0,3210706 0,2368295
0,6103516 0,3210706 0,2511346
0,8138021 0,3433231 0,2574925
0,6103516 0,3592175 0,2622607
0,6103516 0,3401442 0,2574924
0,8138021 0,3465019 0,2638502
0,6103516 0,3814698 0,2829234
0,6103516 0,3210706 0,2479557
0,6103516 0,3337863 0,2527241
0,8138021 0,378291 0,281334
0,8138021 0,3687542 0,2702079
0,6103516 0,3401441 0,2590819
0,6103516 0,3401442 0,2606713
0,8138021 0,3274285 0,2527241
0,8138021 0,3496808 0,2638502
0,8138021 0,346502 0,2590819
1,017253 0,346502 0,2670291
0,8138021 0,3846488 0,281334
0,6103516 0,3814698 0,2829234
0,8138021 0,3623964 0,2765657
0,6103516 0,3623964 0,267029
0,6103516 0,3973644 0,2845128
0,6103516 0,3687542 0,2733868
1,017253 0,3814699 0,2702079
0,8138021 0,4037221 0,2940495
0,8138021 0,378291 0,2733867
0,8138021 0,4037221 0,2876917
0,8138021 0,4005432 0,2956389
0,6103516 0,3973643 0,2908706
0,6103516 0,3623964 0,2749763
0,8138021 0,4100799 0,2972283
0,6103516 0,3814698 0,2845128
1,017253 0,4545846 0,3194804
0,8138021 0,43869 0,3147121
1,220703 0,4482267 0,3242488
0,8138021 0,3878277 0,2845128
1,017253 0,4673001 0,3385537
0,8138021 0,4577634 0,3480905
0,6103516 0,4514056 0,3385537
1,017253 0,4990892 0,3719324
1,017253 0,4673001 0,3512695
0,8138021 0,4736579 0,3449115
1,017253 0,4959103 0,373522
1,017253 0,4895525 0,3719325
1,017253 0,5276995 0,4132587
1,220703 0,6008151 0,4641218
1,220703 0,5722047 0,4529955
1,017253 0,6421411 0,4816058
2,034505 0,7247925 0,5531315
2,441406 0,8869169 0,6469084
2,034505 0,9377791 0,7120761
4,679362 1,157125 0,8455911
6,306965 1,557667 1,109442
6,306966 1,872381 1,335144
21,76921 3,051758 2,064705
7,527668 3,22342 2,241135
12,41048 4,053115 2,773603
10,17252 4,514057 3,205935
21,15886 5,982715 4,057883
39,87628 6,888708 4,714331
27,46581 8,029936 5,536078
38,65559 10,61439 6,863275
38,45213 13,9904 9,09964
55,94889 15,82463 10,37757
40,89355 20,22107 13,3419
64,08695 29,157 19,24673
64,69733 37,05342 26,79666
60,83171 45,27409 35,19375
75,6836 48,37035 39,06409
91,34926 51,50161 41,26867
88,29751 54,85855 45,08498
99,28386 59,1024 49,00457
86,66999 64,2459 54,15918
86,46652 62,8281 54,1115
95,21481 66,10875 56,79133
88,0941 64,29359 55,27501
100,9114 65,51748 56,00137
92,16302 68,18457 58,17734
101,7252 72,18684 61,27996
102,7425 72,98475 62,57378
92,36655 71,15369 61,32924
91,75616 73,10873 63,33672
99,69073 73,88756 63,44004
103,1494 77,38119 67,37236
98,87695 73,19774 63,13805
142,0083 78,61459 68,05103
107,2184 80,69361 70,12051
130,0048 84,36522 70,99631
112,5081 80,5124 70,41935
102,9459 80,67453 70,19207
112,7116 82,75672 71,80534
146,0774 84,81027 73,08802
115,3563 90,89787 78,3984
106,201 81,29123 71,57488
111,8976 86,35522 74,82848
112,3046 80,9765 70,54014
124,9185 85,99921 74,37711
115,9666 85,51279 73,58077
142,4152 83,45609 73,05943
111,4908 85,15363 75,0733
119,8323 85,91972 73,77943
123,291 87,00054 75,63277
125,9358 90,14129 76,4688
113,7288 88,45966 77,03465
115,7632 88,49464 76,92975
116,7805 86,62544 76,13819
115,9667 87,59503 76,73424
123,291 90,55138 78,49376
115,3563 89,97282 78,42545
122,6805 92,59862 80,38203
111,4908 86,84477 76,49265
127,3599 88,38972 76,23515
122,0703 88,20853 77,07442
120,0356 94,18485 81,92856
126,3427 92,29342 80,89545
117,5944 94,31521 82,56914
124,5116 94,88422 81,83956
120,8495 93,13899 80,39156
118,6115 93,12627 80,53146
130,4117 94,72845 81,46285
124,1048 93,80976 82,3609
120,6462 91,75936 81,10365
126,3427 95,11947 83,61977
114,1357 90,1413 78,65905
131,022 94,22938 82,13044
117,3909 95,02728 82,82823
142,8223 93,86382 82,55641
121,8668 88,52324 77,35574
122,6806 95,03365 83,74374
123,0875 93,70166 83,1556
121,053 96,04134 84,16018
142,4152 101,5758 87,64744
126,1392 97,51956 86,14537
132,0393 94,85562 83,10317
127,7668 97,74841 86,73667
139,9739 98,29202 87,67761
114,1357 92,6431 81,6091
122,6806 99,1058 86,17082
123,0875 97,55452 86,31865
127,36 93,49506 82,39271
133,0565 99,45232 88,01934
128,7841 100,673 88,37857
133,6668 97,50682 85,86725
127,1565 94,68396 82,96174
122,0703 99,36966 88,07819
127,36 97,634 85,62248
120,2392 97,87557 85,68762
118,6116 97,96777 86,30115
140,5842 100,1262 88,02254
123,4944 98,69573 87,22942
129,1909 94,38831 83,60703
118,8151 98,56858 86,63019
128,5807 96,95052 85,55256
128,1737 98,73708 87,71899
131,2255 98,95007 85,80529
137,7359 96,86151 84,95017
136,7186 98,68304 87,6824
120,0357 99,60492 88,26733
128,5807 97,85652 86,5221
124,1047 97,79928 86,48077
136,1083 99,79882 88,2546
124,3082 96,2607 85,51598
132,0392 100,0913 89,04613
133,8703 103,3719 88,9333
116,7805 96,27977 83,7723
137,9393 99,76065 88,0257
