0,6103516 0,2924601 0,2066296
0,6103516 0,2733865 0,2193453
0,6103516 0,2829233 0,2145769
0,6103516 0,3083549 0,2225243
0,6103516 0,2574919 0,1923244
0,6103516 0,2765655 0,2098085
0,6103516 0,2956391 0,2209348
0,6103516 0,2892812 0,2082191
0,6103516 0,2956391 0,2209348
0,4069011 0,2956391 0,2161664
0,6103516 0,3210706 0,2304716
0,8138021 0,2797444 0,2129875
0,6103516 0,2924601 0,2272926
0,6103516 0,2924601 0,2209348
0,6103516 0,301997 0,2272927
0,4069011 0,2924602 0,214577
0,6103516 0,2956391 0,2209348
0,6103516 0,3147127 0,2304716
0,6103516 0,2924601 0,2257032
0,8138021 0,3019969 0,2241137
0,6103516 0,2733865 0,211398
0,6103516 0,3306074 0,2463663
0,6103516 0,2956391 0,2241137
0,6103516 0,3337863 0,2415979
0,6103516 0,3083549 0,2320611
0,8138021 0,3433231 0,2527241
0,6103516 0,3083549 0,2304716
0,6103516 0,2924602 0,2241137
0,8138021 0,298818 0,2272927
0,6103516 0,2924602 0,211398
0,6103516 0,2924601 0,2145769
0,6103516 0,3115338 0,2384189
0,4069011 0,2892812 0,2209348
0,6103516 0,2861023 0,2241137
0,6103516 0,3401441 0,255903
0,6103516 0,2861023 0,2225242
0,8138021 0,3337863 0,2511347
0,6103516 0,3306074 0,2495452
0,6103516 0,3147127 0,2431873
0,8138021 0,3337863 0,2590819
0,8138021 0,3337863 0,2543136
0,8138021 0,3115338 0,23524
0,6103516 0,3178917 0,2431873
0,6103516 0,298818 0,2400084
0,8138021 0,3178916 0,2463662
0,8138021 0,3242495 0,2495452
0,6103516 0,2924602 0,2272927
0,8138021 0,3337863 0,2479557
0,8138021 0,3560387 0,2654396
0,6103516 0,3401442 0,2590819
0,6103516 0,3306074 0,2590819
0,6103516 0,3178916 0,2400084
0,8138021 0,3178916 0,2479557
0,6103516 0,3465019 0,2606713
0,8138021 0,3210706 0,2574924
0,8138021 0,3496809 0,2574924
0,8138021 0,3433231 0,2622608
0,8138021 0,3814698 0,2845129
0,6103516 0,3623964 0,2733868
0,6103516 0,3687543 0,2717974
0,6103516 0,3655754 0,267029
0,6103516 0,3306074 0,2622608
0,6103516 0,3941854 0,2797444
0,6103516 0,3242495 0,2495452
0,6103516 0,3687542 0,2765657
1,017253 0,3369653 0,2606713
1,017253 0,41008 0,3004072
0,6103516 0,3337863 0,2622608
0,8138021 0,378291 0,2749762
0,8138021 0,3655753 0,2702079
0,6103516 0,3369652 0,2670291
0,6103516 0,4164377 0,3035861
0,6103516 0,3941854 0,2940495
0,8138021 0,4132589 0,3035861
0,6103516 0,3465019 0,2622607
0,8138021 0,4005433 0,2972284
0,6103516 0,3655753 0,2797446
0,8138021 0,41008 0,3004073
0,6103516 0,4005432 0,2892811
0,8138021 0,4291534 0,3115333
0,6103516 0,4164377 0,3083544
0,8138021 0,4704791 0,3337854
0,8138021 0,4386901 0,3131227
0,8138021 0,4736579 0,34968
0,8138021 0,4863736 0,3544482
1,220703 0,4990892 0,3767008
1,017253 0,5435942 0,4164376
1,017253 0,5753837 0,4323324
1,017253 0,5658468 0,4418692
1,220703 0,6198886 0,4847849
1,831055 0,6707512 0,5165744
1,831055 0,8614856 0,6246563
2,237956 0,9218847 0,6818761
55,74549 2,145767 1,333555
25,22786 2,088546 1,370111
45,97982 2,81334 1,78496
39,26589 4,39326 2,66234
63,88358 9,813315 5,445482
55,94895 14,82328 8,185706
78,32867 26,76328 15,03944
80,15971 40,77595 24,68905
84,839 50,29044 35,53868
75,2769 54,59792 42,72146
78,32868 57,35723 47,8602
96,84239 61,75686 52,02458
89,31485 67,26913 55,37994
102,9458 69,0843 58,07089
90,33208 72,73055 62,56115
95,62171 73,14381 63,18898
116,3733 76,0843 66,74461
99,28377 76,4753 66,70168
113,932 80,88445 71,2412
117,7975 81,3327 72,51754
111,4906 82,88079 74,23729
127,7664 86,94022 76,51498
123,6975 88,64727 78,73863
113,1182 87,93201 77,90416
123,494 93,80025 83,34013
123,6975 92,11224 81,71248
124,9181 94,59495 82,41661
125,7319 97,59579 85,27129
130,2078 96,01587 84,98198
122,0699 93,956 84,20002
130,2078 97,42733 86,77016
126,3423 97,68478 86,43158
130,2078 98,84826 84,80397
130,2078 101,598 86,92268
130,2078 100,5998 88,66473
130,2078 101,7951 88,69809
130,2078 104,6243 92,18218
130,2078 106,1819 93,58878
130,2078 104,0489 91,04413
129,394 104,7959 93,27412
130,2078 106,6588 92,63037
130,2078 101,652 89,93312
130,2078 108,0447 94,69345
130,2078 107,3581 94,68551
130,2078 107,1864 93,25977
130,2078 108,1878 95,26721
130,2078 105,4635 94,50433
130,2078 107,1674 93,51883
130,2078 113,3979 97,1618
130,2078 115,1686 99,60803
130,2078 113,7476 98,87206
130,2078 112,8988 98,37772
130,2078 117,4415 100,0291
130,2078 115,5055 99,56822
130,2078 119,2375 103,4273
130,2078 113,4043 98,93245
130,2078 113,0482 99,23127
130,2078 117,7657 100,2295
130,2078 115,8774 101,0226
130,2078 116,8883 100,4377
130,2078 118,1122 101,7299
130,2078 114,0496 98,46675
130,2078 116,7739 101,501
130,2078 116,8597 102,0112
130,2078 115,4292 99,27891
130,2078 119,2471 102,0382
130,2078 115,5023 99,87346
130,2078 117,8897 101,0607
130,2078 115,2862 100,9717
130,2078 117,451 102,3688
130,2078 117,6989 102,2798
130,2078 122,375 105,0899
130,2078 118,357 105,0772
130,2078 115,6073 101,989
130,2078 118,678 103,8788
130,2078 120,2452 104,9263
130,2078 116,7993 102,3831
130,2078 118,1917 101,5645
130,2078 120,064 104,0298
130,2078 121,1544 107,374
130,2078 118,6939 103,1381
130,2078 118,4046 102,577
130,2078 122,0413 105,0407
130,2078 121,6185 104,0282
130,2078 121,0113 105,2139
130,2078 119,8034 102,0891
130,2078 120,0195 104,2714
130,2078 121,9395 105,2728
130,2078 119,1104 101,9174
130,2078 120,8842 104,8865
130,2078 120,1848 100,7237
130,2078 122,7247 105,5938
130,2078 122,89 105,1535
130,2078 120,5822 102,6327
130,2078 121,895 102,9792
130,2078 122,0858 105,1678
130,2078 123,9994 107,4344
130,2078 120,8842 103,2494
130,2078 122,0286 102,8647
130,2078 122,5658 106,9464
130,2078 124,009 109,1192
130,2078 121,7425 105,3935
130,2078 123,4654 106,4362
130,2078 123,2874 104,3302
130,2078 122,4259 102,9489
130,2078 121,1035 100,266
130,2078 122,9918 105,3459
