0,6103516 0,2415974 0,1398722
0,6103516 0,2225239 0,1319249
0,4069011 0,2288817 0,1303354
0,6103516 0,2447763 0,1414617
0,6103516 0,2479552 0,1446406
0,6103516 0,2384185 0,1541774
0,6103516 0,2733865 0,1796087
0,4069011 0,2352396 0,1398722
0,4069011 0,2257028 0,1239776
0,6103516 0,2479552 0,1478195
0,4069011 0,2447762 0,1653036
0,4069011 0,2415974 0,1573563
0,4069011 0,2384184 0,1573563
0,6103516 0,2606708 0,1621246
0,4069011 0,2415974 0,1398722
0,6103516 0,2479552 0,1525879
0,4069011 0,2288817 0,1525879
0,4069011 0,2384184 0,1446406
0,4069011 0,2606708 0,1589457
0,4069011 0,2447762 0,14623
0,6103516 0,2511341 0,1573563
0,4069011 0,2415974 0,1605352
0,4069011 0,2479552 0,1478195
0,6103516 0,2447763 0,1525879
0,4069011 0,2511341 0,1509984
0,6103516 0,2384185 0,1525879
0,6103516 0,2511341 0,1748404
0,4069011 0,254313 0,1525879
0,4069011 0,2320606 0,1414617
0,6103516 0,2574919 0,170072
0,6103516 0,2574919 0,1573563
0,4069011 0,2352396 0,1557668
0,4069011 0,2479552 0,1573563
0,6103516 0,2479552 0,1637141
0,4069011 0,2257028 0,1366933
0,6103516 0,2574919 0,1621247
0,6103516 0,2415974 0,1668931
0,4069011 0,2479552 0,1653036
0,6103516 0,2702076 0,1811982
0,8138021 0,2511341 0,1605352
0,6103516 0,2638497 0,1827877
0,6103516 0,2479552 0,1589457
0,4069011 0,2415974 0,1525879
0,4069011 0,2606708 0,1732509
0,6103516 0,2574919 0,1716614
0,4069011 0,2479552 0,1509984
0,4069011 0,2384184 0,1684825
0,6103516 0,2447763 0,1446406
0,4069011 0,2765655 0,190735
0,6103516 0,2606708 0,1573563
0,6103516 0,2574919 0,1668931
0,6103516 0,2479552 0,1605352
0,6103516 0,254313 0,1684825
0,4069011 0,2606708 0,1621246
0,6103516 0,2606708 0,1859666
0,6103516 0,2861023 0,1923245
0,8138021 0,254313 0,1605352
0,6103516 0,2447763 0,1653036
0,4069011 0,2352396 0,1557668
0,6103516 0,2479552 0,1796087
0,6103516 0,2479552 0,1621247
0,8138021 0,2606708 0,1764298
0,6103516 0,2447763 0,1589458
0,6103516 0,2574919 0,1732509
0,4069011 0,2447762 0,1621247
0,4069011 0,2479552 0,1732509
0,8138021 0,2797444 0,1891455
0,6103516 0,2606708 0,1811982
0,6103516 0,2829233 0,1780193
0,8138021 0,2733865 0,1764298
0,8138021 0,2861023 0,2050402
0,6103516 0,2574919 0,170072
0,6103516 0,2638497 0,1811982
0,6103516 0,2670287 0,1955034
0,6103516 0,2638497 0,1843771
0,4069011 0,2606708 0,187556
0,6103516 0,2638497 0,1748403
0,6103516 0,2606708 0,1780193
0,6103516 0,2447763 0,1668931
0,6103516 0,254313 0,1764298
0,4069011 0,2225239 0,1589458
0,4069011 0,2574919 0,1780193
0,6103516 0,2956391 0,2034507
0,6103516 0,2702076 0,1859666
0,6103516 0,2638497 0,1859666
0,6103516 0,2829233 0,1891455
0,6103516 0,2574919 0,1732509
0,6103516 0,2797444 0,1939139
0,6103516 0,2511341 0,1875561
0,6103516 0,2956391 0,2002718
0,6103516 0,298818 0,2082191
0,6103516 0,2638497 0,1859666
0,4069011 0,2638497 0,1827877
0,6103516 0,254313 0,1970928
0,6103516 0,2924601 0,2161664
0,4069011 0,2670287 0,1970928
0,4069011 0,2574919 0,1827877
0,4069011 0,2765655 0,1986823
0,4069011 0,2479552 0,190735
0,8138021 0,2861022 0,1955034
0,6103516 0,2638497 0,190735
0,6103516 0,2765655 0,1955034
0,6103516 0,2765655 0,1891455
0,6103516 0,2574919 0,1827877
0,6103516 0,2670287 0,2002717
0,4069011 0,2638497 0,1891455
0,6103516 0,2924601 0,2129875
0,6103516 0,2829233 0,1986823
0,4069011 0,2733865 0,1986823
0,6103516 0,2638497 0,1986823
0,6103516 0,2702076 0,1811982
0,6103516 0,2829233 0,2034507
0,6103516 0,2892812 0,1939139
0,6103516 0,2829233 0,2145769
0,4069011 0,2479552 0,1843771
0,6103516 0,2861023 0,2066296
0,8138021 0,2765655 0,190735
0,4069011 0,2606708 0,1796087
0,8138021 0,2797444 0,1955034
0,6103516 0,2511341 0,1748404
0,8138021 0,2924601 0,2193453
0,6103516 0,2638497 0,187556
0,4069011 0,2797444 0,2050402
0,6103516 0,2606708 0,1811982
0,6103516 0,2606708 0,1811982
0,6103516 0,2765655 0,1955034
0,6103516 0,2924601 0,2193453
0,6103516 0,2892812 0,2145769
0,6103516 0,298818 0,2193453
0,6103516 0,2924601 0,2161664
0,4069011 0,2638497 0,2050401
0,6103516 0,2924601 0,211398
0,6103516 0,2861023 0,2050402
0,6103516 0,2861023 0,1970928
0,6103516 0,2574919 0,1859666
0,6103516 0,2829233 0,2050402
1,017253 0,2892812 0,2018612
0,6103516 0,2829233 0,2066296
0,8138021 0,2924601 0,2002718
0,4069011 0,2638497 0,1923244
0,6103516 0,2733865 0,1970928
0,6103516 0,2670287 0,1827877
0,6103516 0,2892812 0,2082191
0,6103516 0,2829233 0,2145769
0,6103516 0,2861023 0,2050402
0,6103516 0,2797444 0,2034507
0,8138021 0,3083548 0,2225243
0,6103516 0,2797444 0,2002718
0,8138021 0,2829233 0,1970928
0,6103516 0,2670287 0,1970928
0,4069011 0,2670287 0,2018612
0,6103516 0,2861023 0,211398
0,6103516 0,2956391 0,2304716
0,6103516 0,3019969 0,2082191
1,017253 0,2892812 0,2050402
0,8138021 0,2765655 0,2018612
0,6103516 0,2892812 0,2050402
0,6103516 0,2797444 0,1939139
0,6103516 0,254313 0,1891455
0,6103516 0,2829233 0,2002718
0,6103516 0,2606708 0,2002717
0,6103516 0,3115338 0,23524
0,6103516 0,2702076 0,1970928
0,6103516 0,2924601 0,2225243
0,6103516 0,2892812 0,2177559
0,4069011 0,2861023 0,2129875
0,6103516 0,2892812 0,2050402
0,6103516 0,298818 0,2241137
0,8138021 0,3178916 0,2272927
0,6103516 0,2924601 0,2098086
0,6103516 0,2670287 0,2018612
0,6103516 0,2765655 0,1986823
0,4069011 0,2765655 0,1939139
0,6103516 0,2861023 0,1939139
0,6103516 0,2829233 0,2034507
0,6103516 0,2765654 0,1923244
0,6103516 0,2765655 0,1875561
0,4069011 0,2829233 0,2129875
0,6103516 0,298818 0,2193453
0,6103516 0,2988181 0,2193454
0,4069011 0,2638497 0,190735
0,8138021 0,2829233 0,1986823
0,4069011 0,2988181 0,2177559
0,6103516 0,2892812 0,1955034
0,8138021 0,3019969 0,2193453
0,8138021 0,298818 0,2241137
0,4069011 0,2606708 0,1923244
0,6103516 0,3083548 0,2241137
0,6103516 0,2924601 0,2177559
0,6103516 0,3051759 0,2225243
0,6103516 0,2829233 0,2209348
0,6103516 0,2797444 0,190735
0,6103516 0,301997 0,2225243
0,6103516 0,2861023 0,2002718
0,8138021 0,3083549 0,214577
0,6103516 0,3051759 0,2209348
0,4069011 0,2924602 0,2177559
0,8138021 0,2829233 0,1939139
0,6103516 0,2861023 0,2066296
0,6103516 0,2956391 0,2272926
0,8138021 0,3178916 0,2288821
0,6103516 0,3210706 0,23524
0,6103516 0,2892812 0,211398
0,4069011 0,2797444 0,2066296
0,8138021 0,3147127 0,2209348
0,6103516 0,2892812 0,211398
0,6103516 0,3306074 0,2415979
0,6103516 0,3115338 0,2241138
0,6103516 0,3210706 0,2320611
0,6103516 0,2765655 0,2161664
0,8138021 0,2892812 0,2161664
0,6103516 0,3178916 0,2304716
0,6103516 0,2924601 0,2272926
0,6103516 0,2797444 0,211398
0,6103516 0,2861023 0,2241137
0,6103516 0,3083549 0,2320611
0,6103516 0,2988181 0,2161664
0,6103516 0,2638497 0,190735
0,6103516 0,3147127 0,2368295
0,8138021 0,2861023 0,2177559
0,6103516 0,2956391 0,214577
0,6103516 0,2956391 0,2288821
0,6103516 0,3115338 0,2336505
0,6103516 0,2861023 0,2193453
0,8138021 0,2956391 0,2209348
0,8138021 0,298818 0,2193453
0,6103516 0,2956391 0,2129875
0,6103516 0,2861023 0,2209348
1,220703 0,3178916 0,2257032
0,6103516 0,2606708 0,2002717
0,6103516 0,2638497 0,2082191
0,8138021 0,3433231 0,2400084
0,6103516 0,3274285 0,2368295
0,6103516 0,2861023 0,2129875
0,8138021 0,3655753 0,2638501
0,6103516 0,3401442 0,2495452
0,8138021 0,3655754 0,2686185
0,8138021 0,3210706 0,2415979
0,6103516 0,3178917 0,2431873
0,8138021 0,2861023 0,2145769
0,6103516 0,3178917 0,2431873
0,4069011 0,2988181 0,2225243
0,6103516 0,298818 0,2193453
0,8138021 0,2956391 0,2272926
0,8138021 0,3210706 0,2400084
0,8138021 0,3210706 0,2479557
0,6103516 0,3242496 0,2463663
0,6103516 0,3465019 0,2574924
0,6103516 0,3178917 0,2336506
0,8138021 0,3782909 0,2733867
0,6103516 0,3019969 0,214577
0,6103516 0,3496808 0,2495451
0,8138021 0,3401442 0,2527241
0,6103516 0,3528597 0,2590818
0,6103516 0,3178916 0,2463662
0,6103516 0,3210706 0,2463663
0,6103516 0,3178916 0,2368295
0,8138021 0,3242495 0,238419
0,6103516 0,3306074 0,2495452
0,6103516 0,3433231 0,2479557
0,6103516 0,2924601 0,2272926
0,8138021 0,3560387 0,2559029
0,4069011 0,3051759 0,23524
0,6103516 0,3051759 0,2161664
0,4069011 0,2861023 0,2272926
0,6103516 0,3178917 0,2304716
0,8138021 0,2892812 0,2161664
0,6103516 0,301997 0,2304716
0,8138021 0,3210706 0,2463662
0,8138021 0,3115337 0,2288821
0,6103516 0,2924602 0,2288821
0,8138021 0,3337863 0,238419
1,017253 0,3528598 0,2590818
0,6103516 0,3369652 0,2511346
0,6103516 0,3401442 0,2511347
0,6103516 0,3369653 0,2590819
0,6103516 0,3369653 0,2574925
0,6103516 0,3337863 0,2511347
0,6103516 0,3210706 0,2431873
0,6103516 0,3623965 0,267029
0,6103516 0,3210706 0,2415979
0,6103516 0,3401441 0,2590819
0,6103516 0,3115338 0,2431873
0,6103516 0,3178917 0,2368295
0,6103516 0,3178916 0,2431873
0,6103516 0,3115338 0,2431873
0,8138021 0,3274285 0,2431873
0,8138021 0,3274285 0,2447768
0,8138021 0,3337863 0,2463663
0,6103516 0,3210706 0,2495452
0,6103516 0,3560387 0,2479557
0,8138021 0,3655753 0,2686185
0,6103516 0,3147127 0,2336505
0,6103516 0,3242495 0,2463663
0,8138021 0,3274285 0,2431873
0,6103516 0,3306074 0,2495452
0,8138021 0,349681 0,2574925
0,6103516 0,3242495 0,2447768
0,6103516 0,3560386 0,2654396
0,6103516 0,3083549 0,2304716
0,6103516 0,3242495 0,2431873
0,6103516 0,301997 0,2320611
0,6103516 0,3592175 0,2606712
0,6103516 0,3274285 0,2431873
0,6103516 0,3274285 0,2479557
0,6103516 0,3369653 0,2511347
1,220703 0,3433231 0,2590819
0,8138021 0,3560386 0,2606713
0,8138021 0,3560387 0,2622607
0,6103516 0,3306074 0,2511346
0,8138021 0,3433231 0,2590819
0,8138021 0,3147127 0,2479557
0,6103516 0,3178916 0,2447768
0,6103516 0,3401442 0,255903
1,017253 0,3369653 0,255903
0,8138021 0,3528598 0,2574924
0,8138021 0,3623965 0,2543135
0,8138021 0,3401442 0,2447768
0,8138021 0,3147127 0,2415978
0,6103516 0,3496809 0,2574924
0,8138021 0,3210706 0,2415979
0,6103516 0,3274285 0,2495452
0,8138021 0,3242495 0,2511346
0,6103516 0,343323 0,2670291
0,8138021 0,3719332 0,2702079
1,017253 0,3528598 0,2686185
0,8138021 0,3719332 0,2702079
0,6103516 0,3401441 0,2574924
0,6103516 0,3401442 0,2574924
0,6103516 0,3369653 0,2574925
0,8138021 0,3337863 0,2479557
0,6103516 0,3242495 0,2527241
0,6103516 0,3051759 0,2288821
0,6103516 0,3687543 0,2733868
0,6103516 0,3433231 0,2479557
0,8138021 0,3337863 0,2606713
0,6103516 0,3401441 0,2590819
0,8138021 0,3369653 0,2543136
0,6103516 0,3528597 0,267029
0,6103516 0,3623964 0,2654396
0,8138021 0,3433231 0,255903
0,6103516 0,3782909 0,2797445
0,6103516 0,3401441 0,2574924
0,6103516 0,3115338 0,2336506
0,8138021 0,3496809 0,2574924
1,017253 0,3751121 0,2686184
0,6103516 0,3528598 0,2622607
0,8138021 0,3528597 0,2559029
0,6103516 0,3147127 0,23524
0,6103516 0,3623965 0,2574924
0,6103516 0,3560387 0,267029
0,6103516 0,3051759 0,2320611
1,017253 0,3941854 0,2845128
0,8138021 0,3592176 0,2654396
0,6103516 0,3337863 0,255903
0,6103516 0,3496808 0,2638502
0,6103516 0,3623964 0,2654396
0,6103516 0,3306074 0,2543136
0,8138021 0,3592176 0,2606713
0,6103516 0,3528597 0,2654396
0,6103516 0,3623965 0,2702079
0,6103516 0,3623964 0,2654396
0,8138021 0,3560386 0,2717974
0,6103516 0,3623964 0,2765657
0,8138021 0,375112 0,2749762
0,8138021 0,4037221 0,2956389
0,6103516 0,3782909 0,2861023
0,6103516 0,4196166 0,3019966
0,8138021 0,3878277 0,2845128
0,6103516 0,375112 0,2829234
0,6103516 0,3814698 0,2876917
0,8138021 0,4005433 0,2892812
0,8138021 0,3878276 0,2908706
0,6103516 0,4164377 0,2972283
1,017253 0,4259745 0,3099439
0,8138021 0,4386901 0,3083544
0,8138021 0,4227956 0,3035861
0,8138021 0,4037222 0,2956389
0,6103516 0,4291532 0,3131227
0,8138021 0,4514056 0,3194804
0,8138021 0,4259744 0,3099438
1,017253 0,4450479 0,3163016
0,8138021 0,3941854 0,2845128
0,8138021 0,4259744 0,303586
0,8138021 0,3941855 0,2892812
0,8138021 0,406901 0,29246
0,8138021 0,4323322 0,3131227
0,8138021 0,4291533 0,3099438
0,8138021 0,4355112 0,3115333
0,8138021 0,43869 0,3163016
0,8138021 0,4514056 0,3274277
0,6103516 0,3910065 0,2892812
0,8138021 0,4673001 0,3417326
0,8138021 0,4482267 0,317891
0,8138021 0,4323323 0,3115333
1,220703 0,4577635 0,3290171
1,017253 0,4450479 0,3242488
1,220703 0,4482268 0,3242488
0,8138021 0,4196167 0,306765
0,8138021 0,4609423 0,3274276
1,017253 0,4514056 0,3242488
0,8138021 0,470479 0,3480904
1,017253 0,4514056 0,3274276
0,8138021 0,4704791 0,3417326
0,8138021 0,4514056 0,3226593
0,8138021 0,4577634 0,3337854
0,8138021 0,4450478 0,3353748
0,8138021 0,4609423 0,3385537
0,8138021 0,4768369 0,3592168
1,017253 0,4863736 0,3608062
0,8138021 0,470479 0,3353748
1,220703 0,4895525 0,3449115
1,017253 0,4673001 0,3480905
1,017253 0,4704791 0,3417326
0,8138021 0,4482267 0,3385537
0,8138021 0,4831946 0,3671642
0,8138021 0,4609423 0,3465011
0,8138021 0,4545845 0,3480906
0,8138021 0,4768369 0,3608062
0,8138021 0,4577634 0,352859
0,8138021 0,4673001 0,3417326
0,6103516 0,4609423 0,3401432
0,8138021 0,4641213 0,3512695
0,8138021 0,4450479 0,317891
0,8138021 0,470479 0,343322
0,8138021 0,4768369 0,3592168
0,8138021 0,4577634 0,332196
0,6103516 0,4418689 0,3210699
1,017253 0,473658 0,3639852
1,017253 0,4641213 0,3687537
0,8138021 0,473658 0,3401431
0,8138021 0,4673001 0,3576273
0,8138021 0,5022681 0,3798799
1,220703 0,5022681 0,3735219
1,017253 0,4831947 0,3687536
0,8138021 0,4927314 0,373522
1,017253 0,4641213 0,3353748
1,017253 0,5022681 0,3655745
0,8138021 0,4800158 0,3639852
0,8138021 0,4990892 0,373522
0,8138021 0,4800158 0,3639852
0,8138021 0,4863736 0,3608062
0,8138021 0,4736579 0,3592167
0,8138021 0,4800158 0,3751115
0,8138021 0,4514056 0,3353748
1,017253 0,508626 0,3910061
1,017253 0,4990892 0,376701
0,8138021 0,508626 0,3846482
0,8138021 0,4736579 0,3592168
1,017253 0,5118049 0,3910061
1,017253 0,4990892 0,3925956
0,8138021 0,4831947 0,3655746
0,8138021 0,4990892 0,3751114
0,8138021 0,4831946 0,3782904
1,017253 0,505447 0,3925956
0,8138021 0,4895525 0,3862378
0,8138021 0,4831946 0,3639851
0,8138021 0,4927314 0,3814693
1,017253 0,4895525 0,3639852
0,8138021 0,508626 0,3846483
1,017253 0,4990892 0,3878272
1,017253 0,508626 0,3910061
0,8138021 0,4959103 0,3782904
0,8138021 0,4863735 0,3782904
1,017253 0,5022681 0,3862377
1,017253 0,505447 0,3957745
0,8138021 0,5181628 0,4053114
0,8138021 0,4959103 0,3878272
1,017253 0,5467732 0,4148482
1,017253 0,4990892 0,3973641
1,017253 0,5118049 0,4148483
1,017253 0,5245206 0,3925956
0,8138021 0,4959103 0,3862377
0,8138021 0,5213417 0,3941851
1,017253 0,5404153 0,4180272
0,8138021 0,5022681 0,3814693
1,220703 0,5213417 0,397364
1,017253 0,5404153 0,4053113
1,220703 0,5372363 0,4180271
1,017253 0,5435943 0,4355114
1,017253 0,5118049 0,3957745
1,017253 0,5340574 0,4100797
1,017253 0,5276996 0,4164377
1,017253 0,5404153 0,4212061
0,8138021 0,505447 0,3973641
1,017253 0,5181628 0,3989535
1,017253 0,5181628 0,4243851
1,017253 0,55631 0,4371008
1,220703 0,5531311 0,4291534
1,017253 0,5213417 0,4132588
1,017253 0,5467732 0,4227956
1,017253 0,5499521 0,4307429
1,017253 0,5404153 0,4259745
0,8138021 0,5149839 0,4212062
1,017253 0,5435943 0,4307429
0,8138021 0,5308785 0,4100798
1,220703 0,5340575 0,4227956
1,017253 0,5149839 0,4069009
1,220703 0,5372364 0,4259745
1,017253 0,5245206 0,4164377
1,220703 0,5658469 0,4371008
1,017253 0,5658469 0,4371008
1,017253 0,5849204 0,4529955
1,017253 0,5213417 0,4100798
1,220703 0,559489 0,4402798
1,220703 0,5435942 0,4291534
1,017253 0,5690258 0,4418692
1,424154 0,5435942 0,4386903
1,017253 0,5499521 0,4307429
0,8138021 0,5245206 0,4100798
1,017253 0,5245207 0,4164377
1,017253 0,55631 0,4450482
1,220703 0,5722047 0,454585
0,8138021 0,5435943 0,4418693
1,220703 0,5690258 0,4434587
1,220703 0,5912783 0,4577639
1,017253 0,5372364 0,427564
1,220703 0,607173 0,4641218
1,017253 0,5690258 0,4434587
1,017253 0,5849205 0,4625324
1,017253 0,5976362 0,4720692
1,017253 0,5912783 0,4688902
1,220703 0,6071729 0,4688902
1,017253 0,6294253 0,4752479
1,220703 0,6294253 0,4863743
1,424154 0,6230675 0,4720691
1,424154 0,6230676 0,4959112
1,424154 0,6326042 0,4863743
1,220703 0,6421409 0,5070375
1,017253 0,6453197 0,5070374
1,220703 0,6898243 0,5245216
1,424154 0,6866457 0,5245218
1,220703 0,705719 0,5531313
1,424154 0,7311504 0,5563104
1,424154 0,7375082 0,5578998
1,627604 0,7947288 0,605583
2,034505 0,8296967 0,6389611
1,424154 0,8583066 0,6643925
1,831055 1,029968 0,7804229
1,831055 1,068116 0,8122127
3,458659 1,25885 0,958443
3,051758 1,417795 1,060168
2,848307 1,684825 1,25726
4,882812 1,90417 1,413028
3,458659 2,158484 1,643499
4,679362 2,552667 1,90258
5,696614 2,845128 2,148945
6,917319 3,315607 2,539952
6,306966 3,662109 2,746581
6,510417 3,954569 3,027916
6,917318 4,243852 3,1964
8,341472 4,949571 3,824235
9,155274 5,194346 4,03881
7,731121 5,509058 4,094441
9,358725 5,992253 4,776317
8,748373 5,887349 4,580815
13,42773 6,675719 5,288123
9,358725 6,386438 5,191167
9,969076 6,558101 5,381903
12,81738 7,019043 5,731583
10,78288 7,079443 5,726815
11,18978 6,904603 5,545616
13,22428 7,502238 5,6839
10,78288 7,553102 5,680719
12,20703 7,721585 6,03517
11,80013 7,886888 6,216367
10,78288 8,214314 6,329218
14,24153 8,010865 6,386439
10,98633 8,207958 6,516775
12,81738 8,106232 6,41187
12,00358 8,621216 6,70274
16,88639 8,656181 6,82354
11,59668 9,260178 7,454553
13,02083 8,999509 7,092159
14,03808 9,250641 7,273357
11,80013 8,707046 6,802876
14,03808 9,231566 7,411637
13,83463 8,745193 6,763139
18,71744 9,880069 7,885298
15,46224 10,08352 8,045832
13,83463 9,342828 7,650056
15,46224 9,962719 7,899603
16,47949 9,705226 7,904371
15,05534 10,4332 8,206367
13,42773 10,29015 8,360546
13,63118 10,22657 7,940928
14,24153 10,21385 7,960001
15,05534 10,42366 8,096696
15,46224 11,04991 9,02335
16,47949 11,44727 9,450911
14,03808 11,07534 8,81354
15,86914 11,82874 9,66867
16,47949 11,8351 9,473165
18,71744 11,70794 9,322165
16,27604 11,90821 9,671845
16,47949 12,02265 9,363493
16,07259 11,98768 9,756083
17,29329 12,13073 10,0867
18,10709 12,89685 10,41094
16,47949 12,53128 10,26471
20,5485 12,33736 9,994505
18,31054 12,73155 10,48247
17,29329 12,85553 10,18683
16,68294 12,7856 10,52221
18,31054 13,60257 10,57784
19,53124 13,88549 11,08328
18,51399 13,33872 10,56672
17,90364 13,52946 10,86712
19,12434 13,45634 10,88142
17,70019 13,79331 11,27879
19,3278 13,67251 10,73678
20,9554 14,36233 11,43456
21,7692 14,40366 11,59032
21,3623 14,21292 11,28673
20,5485 14,99811 11,73973
22,58301 15,61165 12,94931
28,07618 15,23653 12,11802
22,37955 15,5894 12,71407
21,15885 15,46542 12,44545
30,31414 15,92 12,77447
22,37956 15,83735 12,9207
26,85547 16,52718 12,8746
23,19336 16,34915 12,93182
27,66928 17,07077 13,76311
22,1761 16,30147 13,21792
28,88998 16,72426 13,22428
22,17611 16,66069 13,38482
24,61751 17,14388 13,76788
28,88998 16,58757 13,60257
25,22787 17,77967 14,16842
25,63477 17,65886 14,74221
24,41406 17,23607 14,03491
26,85548 18,00855 14,27174
24,61751 17,63343 14,15412
24,82096 17,81464 14,29717
25,63477 17,19474 14,22564
29,50033 18,43452 14,58804
28,07618 18,53942 14,93136
31,94175 18,51399 15,12686
26,65202 18,46631 15,37482
25,63477 18,22471 14,83599
23,60026 18,41862 15,1062
25,22787 18,92408 15,5131
25,22787 17,97676 14,92977
27,66928 18,88911 15,44158
27,66928 19,75377 15,65297
26,85547 18,89547 15,28741
26,44857 19,36913 15,3033
24,82097 19,55033 15,80874
26,24512 18,95587 15,97246
30,11069 20,49764 16,06465
34,99351 20,25286 16,62572
30,11068 19,58211 15,8453
26,44857 19,47085 16,33644
25,83822 19,19428 15,35574
29,90724 19,77921 16,54148
27,66928 19,9 16,1171
28,88998 20,24969 16,94362
27,46583 19,15614 15,93431
27,46583 20,08756 16,1314
27,66928 20,37367 16,42227
32,5521 20,04623 16,45247
32,1452 20,52307 16,61778
26,24512 19,62662 15,78649
26,24512 19,58211 16,26332
30,11069 19,82371 16,48426
25,83822 20,15113 17,02467
28,68653 20,34187 16,51287
27,87273 20,59937 17,04852
26,24512 20,13843 16,77831
27,26237 20,25604 16,09008
29,70379 21,108 17,26469
27,26238 20,14478 16,28876
28,88998 20,63433 16,45565
33,16245 20,94587 17,5333
29,50034 21,41316 17,97675
27,87273 20,69791 17,75423
28,48308 20,90772 16,77196
30,31413 21,61026 17,06441
27,46583 21,02216 17,15978
29,50034 21,97266 18,67135
27,05893 21,52125 17,6239
31,73829 22,30326 18,32167
29,90724 22,07438 18,66182
26,65202 21,19382 17,9402
31,12794 21,6039 18,42658
31,94175 22,73241 19,22289
27,05892 22,09981 18,61254
33,56936 22,69745 17,90205
29,09344 22,80235 19,12434
29,90724 22,405 18,4234
30,31414 21,95676 18,10869
28,07618 22,14749 17,90841
29,70378 22,02351 18,12934
32,5521 22,43995 18,38048
27,46583 21,99809 18,39002
30,51759 22,42724 18,74923
30,51759 22,54804 18,84937
30,11069 23,0821 18,58394
29,90724 22,17293 18,65864
29,09344 22,10617 18,7858
33,3659 22,81506 19,07189
34,38315 21,95994 17,86391
29,70379 23,75921 19,447
28,88998 22,47175 17,79079
28,68653 22,73877 19,0862
35,40041 23,58119 19,9
36,01077 24,41088 19,97312
31,53484 23,43496 19,6441
37,23146 24,11524 19,59483
29,90723 23,53351 19,86185
29,29689 22,61798 18,98289
35,40041 23,9563 19,49787
31,12794 23,64159 19,8412
33,56936 23,35548 19,11322
39,26598 22,87547 18,76513
33,97626 23,65113 19,7347
37,23147 23,63523 19,78556
30,92449 22,99309 18,89388
32,75555 23,39045 19,42476
34,17971 23,95948 19,60119
31,53485 23,28237 18,23902
34,58661 23,92451 19,36276
33,56935 24,99263 20,19088
35,19696 24,6652 19,93656
32,75555 24,49036 20,04942
45,36947 24,90997 19,80623
36,82457 25,55847 20,61367
41,70737 24,72878 20,03828
38,85908 26,52805 21,53874
37,23146 25,65066 20,64387
36,41767 26,77918 21,83915
36,01076 26,80461 22,18882
35,60386 26,92223 21,51807
39,26598 27,43404 21,53873
41,50392 28,13657 23,03759
40,48668 28,80415 23,25058
37,63837 28,95356 23,05826
44,96257 28,53076 22,52579
41,70737 29,8532 23,75762
43,74187 29,45583 24,21379
41,50392 30,43493 24,51261
39,87633 29,80551 23,73377
41,09703 31,19788 25,3582
41,70737 30,51122 25,51556
42,92807 31,04847 25,72854
46,79362 31,3441 25,66497
46,79362 31,56344 25,09594
40,69013 32,09751 25,87001
45,57292 31,27416 26,12273
46,18328 31,71922 25,37887
44,55567 31,27099 26,29598
44,96257 32,18335 26,04962
45,16602 32,87952 26,59797
41,30047 31,98942 27,26714
41,91082 32,30732 26,08936
46,79362 32,75871 26,9858
50,86262 33,07025 27,25442
44,96257 32,90178 27,76147
43,94533 32,5521 27,24648
44,35221 32,45354 26,81732
47,20052 33,98578 27,74557
44,75912 33,81412 27,26555
45,36947 33,86816 27,86478
45,57291 33,16245 28,1938
47,81087 33,62021 28,32254
42,52118 33,14018 27,80279
47,20051 34,48169 28,34797
45,57293 34,22102 28,27645
43,33497 34,94581 29,28734
43,53843 34,08751 27,69312
45,97982 34,45626 28,23989
41,70738 33,00668 27,79962
47,60742 33,88087 27,26238
45,57291 34,66607 28,29393
43,13152 35,52756 29,37159
41,70737 32,43765 26,90475
41,91082 34,14155 27,56119
48,82812 34,95535 28,04121
44,75912 34,72011 28,64519
47,20051 34,06207 28,34638
41,91082 33,7728 28,15724
42,92807 33,84909 28,23512
47,40397 34,37997 28,23512
43,94532 35,20649 29,14589
45,97982 34,87271 29,45265
42,31772 34,94582 29,30483
46,38672 35,66426 29,70379
48,62467 34,54527 28,7676
45,57291 35,59114 29,88021
43,94532 35,40675 28,76918
50,45572 36,05844 29,59729
48,82812 35,2192 28,06346
44,96257 36,46217 30,6209
49,03157 35,45127 28,61183
46,79362 34,94582 29,11568
48,82812 34,95216 28,84387
52,69366 37,14246 30,61773
45,16602 35,77869 30,02485
48,01432 36,24281 30,43493
46,99707 36,4558 30,3793
49,84536 36,98032 30,09955
44,75912 36,17287 30,44924
51,26952 37,05663 30,88634
47,40397 35,50849 30,25056
48,42122 36,26506 31,05641
47,81086 35,32411 29,30165
46,38671 35,65153 29,86431
45,97982 34,97443 29,29211
48,62466 36,20786 30,6511
46,59017 37,11701 30,30142
48,01432 35,95354 29,71808
50,45571 37,11702 31,03734
48,42121 36,9549 30,64633
50,04881 36,9549 30,44764
45,97982 38,00076 31,21059
45,57292 36,50986 30,53826
50,86261 36,61794 30,88634
50,25227 37,74963 31,41246
50,04881 36,5925 30,48738
47,81087 37,55888 31,14701
48,62467 36,85318 30,81323
50,25227 37,64154 32,44082
46,18327 37,48577 30,81323
49,03158 38,5539 32,73328
48,21777 36,74508 29,98988
50,86261 37,49531 31,72716
50,25226 37,78141 31,25509
46,18327 37,26325 31,31073
