0,2441406 0,009536744 0,004768372
0,1220703 0,003814697 0,001907349
0,6103516 0,01335144 0,00667572
0,3662109 0,009536743 0,004768372
0,2441406 0,02479553 0,01239777
0,2441406 0,01335144 0,006675721
0,1220703 0,001907349 0,0009536744
0,2441406 0,02098084 0,01049042
0,2441406 0,01335144 0,006675721
0,2441406 0,01335144 0,006675721
0,2441406 0,007629395 0,003814697
0,2441406 0,01907349 0,009536744
0,2441406 0,01525879 0,007629395
0,2441406 0,01335144 0,006675721
0,2441406 0,02288819 0,01144409
0,1220703 0,003814697 0,001907349
0,1220703 0,007629395 0,003814697
0,2441406 0,007629395 0,003814697
0,1220703 0,001907349 0,0009536744
0,1220703 0,001907349 0,0009536744
0,1220703 0,001907349 0,0009536744
0,3662109 0,01907349 0,009536743
0,2441406 0,009536744 0,004768372
0,2441406 0,01525879 0,007629395
0,3662109 0,01335144 0,00667572
0 0 0
0,2441406 0,009536744 0,004768372
0,1220703 0,003814697 0,001907349
0,3662109 0,01716614 0,008583069
0,1220703 0,007629395 0,003814697
0,3662109 0,01144409 0,005722046
0,1220703 0,009536744 0,004768372
0,1220703 0,003814697 0,001907349
0,1220703 0,001907349 0,0009536744
0,2441406 0,007629395 0,003814697
0,1220703 0,005722046 0,002861023
0,2441406 0,01335144 0,006675721
0,2441406 0,01335144 0,006675721
0,2441406 0,01335144 0,006675721
0,3662109 0,007629395 0,003814697
0,2441406 0,01716614 0,00858307
0,2441406 0,01716614 0,00858307
0,1220703 0,003814697 0,001907349
0,1220703 0,007629395 0,003814697
0,2441406 0,005722046 0,002861023
0,2441406 0,01144409 0,005722046
0,3662109 0,02670288 0,01335144
0,2441406 0,01716614 0,00858307
0,4882813 0,01716614 0,00858307
0,1220703 0,009536744 0,004768372
0,3662109 0,009536743 0,004768372
0,1220703 0,005722046 0,002861023
0,2441406 0,01144409 0,005722046
0,2441406 0,01335144 0,006675721
0,2441406 0,01144409 0,005722046
0,1220703 0,003814697 0,001907349
0,2441406 0,007629395 0,003814697
0,2441406 0,007629395 0,003814697
0,2441406 0,01716614 0,00858307
0,2441406 0,02098084 0,01049042
0,2441406 0,009536744 0,004768372
0,1220703 0,007629395 0,003814697
0,2441406 0,01335144 0,006675721
0,2441406 0,01144409 0,005722046
0,2441406 0,01144409 0,005722046
0,1220703 0,009536744 0,004768372
0,1220703 0,001907349 0,0009536744
0,2441406 0,01144409 0,005722046
0,1220703 0,007629395 0,003814697
0,3662109 0,01335144 0,00667572
0,2441406 0,01525879 0,007629395
0,2441406 0,007629395 0,003814697
0,2441406 0,01144409 0,005722046
0,3662109 0,02288818 0,01144409
0,2441406 0,01716614 0,00858307
0,2441406 0,01335144 0,006675721
0,2441406 0,01716614 0,00858307
0,3662109 0,01716614 0,008583069
0,1220703 0,009536744 0,004768372
0,3662109 0,01144409 0,005722046
0,3662109 0,01907349 0,009536743
0,2441406 0,02098084 0,01049042
0,2441406 0,02288819 0,01144409
0,6103516 0,01907349 0,009536743
0,3662109 0,01716614 0,008583069
0,4882813 0,02670288 0,01335144
0,6103516 0,02479553 0,01239777
0,3662109 0,04386902 0,02193451
0,3662109 0,03623962 0,01811981
0,3662109 0,04196167 0,02098083
0,3662109 0,04959106 0,02479553
0,3662109 0,03814697 0,01907349
0,4882813 0,08773804 0,04386902
0,3662109 0,09346008 0,04673004
0,6103516 0,1544952 0,07724762
0,4882813 0,1411438 0,0705719
0,6103516 0,1773834 0,08869171
0,9765626 0,164032 0,08201599
0,7324219 0,2117157 0,1077652
0,7324219 0,2574921 0,1392365
0,4882813 0,2326965 0,1316071
0,6103516 0,2727509 0,1535416
0,9765626 0,2994537 0,1716614
0,8544922 0,3509521 0,2069473
0,6103516 0,2746582 0,164032
0,7324219 0,3299713 0,202179
0,8544922 0,328064 0,1888275
0,7324219 0,3490448 0,2174377
0,7324219 0,3395081 0,2012253
0,7324219 0,3585815 0,2193451
0,8544922 0,3414154 0,213623
0,7324219 0,3528595 0,2231598
0,7324219 0,3643036 0,2317429
0,9765626 0,4081726 0,2632141
0,8544922 0,4005432 0,2593994
0,8544922 0,377655 0,2527237
0,8544922 0,3948212 0,2670288
0,7324219 0,3852844 0,2651215
0,7324219 0,3986359 0,2737045
0,8544922 0,4024506 0,2641678
0,9765626 0,4138947 0,2880096
1,342774 0,4463196 0,2985001
1,708985 0,5149841 0,3385544
1,464844 0,5321503 0,3452301
1,831055 0,6389618 0,4253387
1,708985 0,6256104 0,4138947
1,342774 0,6980896 0,4825592
1,953125 0,8029938 0,5674362
1,464844 0,8220673 0,5741119
2,441406 0,9155273 0,6380081
1,464844 0,9460449 0,6752014
2,197266 1,096725 0,7896423
1,953125 1,159668 0,8306503
2,929688 1,298904 0,9336472
2,563477 1,432419 1,020432
2,441406 1,438141 1,07193
2,563477 1,390457 1,016617
2,563477 1,48201 1,072884
2,563476 1,491547 1,11866
2,563477 1,419067 1,07193
2,197266 1,558304 1,197815
2,929688 1,596451 1,217842
2,563477 1,651764 1,237869
2,563477 1,661301 1,241684
2,563477 1,596451 1,194954
3,051758 1,659393 1,179695
3,051758 1,754761 1,293182
2,807617 1,609802 1,200676
2,441406 1,585007 1,234055
3,051758 1,741409 1,276016
3,295898 1,724243 1,304626
2,807617 1,867294 1,360893
2,807617 1,905441 1,420021
3,295898 1,815796 1,381874
5,004882 2,210617 1,667023
4,394531 2,252579 1,688957
4,516601 2,414703 1,811028
4,272461 2,43187 1,812935
4,516601 2,717972 2,078056
6,103514 2,859116 2,142906
5,004882 3,059387 2,317429
4,394531 3,076553 2,328873
6,347655 3,316879 2,504349
7,812499 3,410339 2,628326
5,615233 3,238678 2,490997
5,493163 3,313065 2,556801
6,225585 3,541946 2,679825
7,080077 3,889084 3,000259
7,934569 3,820419 2,912521
7,202147 4,034042 3,073692
7,324218 3,973007 3,143311
7,080076 4,537582 3,53241
6,347655 4,205704 3,183365
6,225585 4,117966 3,221512
7,446289 4,423141 3,419876
5,981444 4,291534 3,240585
8,300779 4,358292 3,427505
8,300781 4,192352 3,328323
7,324218 4,676818 3,509521
6,103514 4,354477 3,447533
8,30078 4,833221 3,707886
8,300781 4,716873 3,602028
8,422852 4,465103 3,668785
8,666992 4,732131 3,635406
7,446289 4,432678 3,463745
8,911133 4,745483 3,707886
8,178711 4,705429 3,616333
6,103514 4,495621 3,713608
8,911133 4,844665 3,80516
8,05664 4,831314 3,650665
7,934569 4,634857 3,634453
8,789063 4,861831 3,85189
7,812499 4,766464 3,761291
8,544922 4,741669 3,664017
7,080077 4,669189 3,655433
7,446288 4,787445 3,735542
7,568358 4,943847 3,825187
8,30078 4,751205 3,730774
7,568358 4,945755 3,913879
9,887696 4,991531 3,856659
8,178711 4,930496 3,821373
7,8125 4,856109 3,713608
6,835936 4,842758 3,852844
7,202147 4,867553 3,705978
7,446288 5,039215 3,930092
8,544922 4,898071 3,946304
8,300781 5,220413 4,136086
7,690429 5,163193 4,118919
8,17871 5,046844 4,034996
7,324218 5,012512 3,886223
7,324218 5,228042 4,235268
9,155275 5,207061 3,935814
8,666992 5,229949 4,118919
8,300781 5,163193 4,15802
7,690429 5,262374 4,246712
7,93457 5,140305 3,926277
8,544922 5,310059 4,170418
8,666993 5,369186 4,098892
9,033204 5,622864 4,439354
8,30078 5,247116 3,95298
9,277344 5,403519 4,282951
8,30078 5,252838 4,124641
8,544921 5,413055 4,201889
8,300782 5,126953 4,033089
9,765625 5,573273 4,273415
8,911134 5,661011 4,411697
10,13184 5,390167 4,152298
8,544922 5,813599 4,608154
8,17871 5,66101 4,603386
8,911133 5,376816 4,263878
8,666992 5,371094 4,167557
7,690429 5,466461 4,196167
9,033204 5,44548 4,213333
10,25391 5,722046 4,322052
8,666992 5,752563 4,457474
8,666992 5,521774 4,190445
10,98633 5,447388 4,027367
8,544921 5,382537 4,155159
8,056641 5,514144 4,170418
10,49805 5,441666 4,21524
8,05664 5,462646 4,192352
7,8125 5,662918 4,42791
7,568358 5,527496 4,489899
9,643557 5,641937 4,400253
9,643557 5,61142 4,366875
8,05664 5,569458 4,368782
9,765626 5,760193 4,566193
8,178711 5,495071 4,300117
10,49805 5,590438 4,455566
11,1084 5,779266 4,590988
11,59668 5,586624 4,534721
9,521485 5,60379 4,279137
10,62012 5,641937 4,4384
8,30078 5,66864 4,415512
6,835936 5,514144 4,230499
9,033203 5,880356 4,694939
10,25391 5,51033 4,270554
10,00977 5,643845 4,336357
9,399416 5,413055 4,346848
9,765627 5,781174 4,584312
9,643555 5,624771 4,293442
8,666992 5,769729 4,561424
7,324218 5,584716 4,518509
9,033204 5,781174 4,549026
8,911132 5,834579 4,552841
9,521484 5,680084 4,593849
9,887696 6,006241 4,753113
10,62012 5,981445 4,540443
9,155275 5,867004 4,588127
9,765627 5,947113 4,511833
9,277344 6,20842 4,91333
10,25391 6,340027 5,039215
8,544923 5,989075 4,733086
9,155273 6,259918 4,839897
9,277344 5,525589 4,16851
10,25391 6,092072 4,691124
12,69532 6,286621 4,858971
9,399416 6,196976 4,741669
8,544923 5,794525 4,364014
9,277345 6,27327 5,008698
9,399415 6,01387 4,844666
9,277345 6,053925 4,929543
9,033203 5,958557 4,808426
10,37598 6,343842 5,060196
10,25391 6,141663 4,755974
11,59668 6,149292 5,0354
9,521486 5,968094 4,813194
9,765626 6,065369 4,64344
9,521485 6,044388 4,685402
12,08497 6,120682 4,543304
8,789063 6,000519 4,652023
9,765626 5,922318 4,664421
10,13184 6,259918 4,879951
11,23047 6,443024 4,96006
8,911134 6,168365 4,893303
9,155274 6,175995 4,768372
10,86426 6,181717 4,7369
10,37598 6,095886 4,75502
8,300782 5,94902 4,807472
11,23047 6,248474 4,907608
13,30567 6,429672 4,948616
9,643556 6,340027 5,117416
10,13184 6,122589 4,753113
9,521486 6,158829 4,683495
9,643557 5,977631 4,743576
10,13184 6,17218 4,87709
11,35254 6,52504 5,026817
9,155275 6,162643 4,735947
9,887696 6,181717 4,804611
8,789063 5,844116 4,808425
10,37598 5,998611 4,767418
10,13184 6,04248 4,713058
9,155274 6,217957 4,916191
8,544923 6,076813 4,810333
11,47461 6,214142 4,921913
10,86426 6,324768 5,057335
8,30078 6,011963 4,656792
8,05664 5,922317 4,810333
11,96289 6,109238 4,828453
9,887697 6,074905 4,76265
8,789063 6,034851 4,709244
9,765626 6,378174 5,02491
9,887697 6,340027 4,940987
13,1836 6,002426 4,466057
11,1084 6,370544 4,96006
12,81739 6,305695 5,013466
11,96289 6,309509 4,922867
9,399417 6,183624 4,829407
9,521484 6,378174 4,794121
10,86426 6,52504 5,194664
9,643557 6,614685 5,163193
11,1084 6,341934 4,916191
8,789063 6,46019 5,064964
10,98633 6,418228 4,987717
9,643556 6,561279 5,030632
10,25391 6,278992 4,845619
10,25391 6,549835 5,012512
10,37598 6,187439 4,807472
10,13184 6,183624 4,880905
10,00977 6,177902 5,058289
9,277344 6,383896 4,974365
10,49805 6,435394 5,026817
9,643556 6,196976 4,962921
8,300781 5,966187 4,700661
10,25391 6,349564 4,977226
12,08497 6,269455 4,721642
10,13184 6,023407 4,794121
11,23047 6,439209 5,015373
8,422852 6,341934 5,105019
9,399415 6,061554 4,894257
11,96289 6,479263 5,192757
9,155274 6,193161 4,959106
9,643556 6,210327 4,933357
9,887696 6,267548 4,929543
10,37598 6,364822 5,073547
9,887696 6,229401 5,022049
12,69532 6,376266 4,901886
10,74219 6,410599 5,084991
10,25391 6,374359 4,976273
10,13184 6,20842 4,97818
9,033204 6,155014 4,858971
10,74219 6,347656 5,04303
9,277344 6,322861 4,72641
8,911134 6,341934 5,167007
12,08496 6,591797 5,343437
10,37598 6,284714 5,004883
11,47461 6,357193 5,14698
11,71875 6,664276 5,086899
9,155274 6,130218 4,851341
11,59668 6,299973 4,784584
8,911132 6,662369 5,152702
9,277345 6,650925 5,339622
10,25391 6,195068 5,001068
9,887696 6,235123 4,823685
10,25391 6,629944 5,072594
10,25391 6,175995 5,068779
11,96289 6,538391 5,218506
9,765627 6,484985 4,937172
10,74219 6,910324 5,437851
9,277346 6,46019 5,011559
9,155273 6,193161 4,749298
13,06153 6,418228 5,012512
10,62012 6,36673 4,885674
9,033204 6,378174 4,870415
9,643556 6,246567 4,898071
10,49805 6,513596 4,852295
9,521485 6,284714 4,858971
10,13184 6,39534 5,149841
10,49805 6,500244 5,138397
9,277344 6,299973 5,039215
10,00977 6,20079 4,951477
8,544921 6,332397 4,876136
12,69532 6,658554 5,156517
9,399416 6,429672 5,07164
10,37598 6,315231 5,010605
10,49805 6,435394 5,092621
10,98633 6,402969 5,084991
10,13184 6,326675 5,121231
8,789063 6,147385 5,116463
12,93946 6,853104 5,360603
10,13184 6,069183 4,915237
10,13184 6,404877 4,92382
9,521485 6,46019 5,205154
9,155274 6,467819 5,095482
11,23047 6,368637 4,951477
9,887696 6,298065 4,894257
10,74219 6,401062 5,081177
10,98633 6,458282 5,002975
8,05664 6,103515 5,01728
11,35254 6,483078 5,080223
9,033203 6,45256 4,939079
10,98633 6,933212 5,385399
10,00977 6,513596 5,160332
9,399415 6,393433 4,94194
10,49805 6,645203 5,313873
10,13184 6,479263 5,012512
9,887696 6,332397 4,873276
10,86426 6,370544 5,066872
10,00977 6,326675 4,906654
12,45118 6,334305 4,973412
11,71875 6,26564 4,733086
11,35254 6,175995 4,956245
9,765627 6,305695 4,839897
10,25391 6,526947 5,251884
10,13184 6,286621 4,873276
11,23047 6,51741 5,236626
9,277344 6,39534 5,129814
11,23047 6,258011 5,025864
9,521485 6,368637 4,867554
10,37598 6,36673 4,911423
9,399414 6,309509 4,850388
10,13184 6,416321 5,062103
10,37598 6,349564 5,093575
10,13184 6,307602 4,734039
11,71875 6,444931 5,002022
9,643556 6,320953 5,016327
10,86426 6,446838 5,01442
12,93946 6,591797 5,262375
8,544922 6,004333 4,734039
9,521484 6,240845 4,905701
9,765626 6,719589 5,315781
9,643556 6,570816 5,148888
10,00977 6,471634 5,162239
11,59668 6,376266 5,099297
8,789064 6,17218 4,908562
11,35254 6,229401 4,942894
9,887698 6,404877 5,105019
10,25391 6,229401 5,045891
9,277344 6,43158 5,019188
10,13184 6,448746 5,277634
11,47461 6,685257 5,179405
11,96289 6,536484 5,254745
12,81739 6,656647 5,35965
11,47461 6,43158 5,104065
12,69532 6,275177 4,994392
10,00977 6,628036 5,288124
11,84082 6,814957 5,384445
10,13184 6,284714 4,947662
10,37598 6,494522 5,051613
12,57325 6,540298 5,123138
11,23047 6,84166 5,344391
14,03809 6,736755 5,302429
9,155274 6,29425 4,998207
11,35254 6,753922 5,146027
12,69532 6,628036 5,191803
9,399416 6,414413 5,017281
11,59668 6,679535 5,18322
13,54981 6,814957 5,345345
10,98633 6,608963 5,141258
11,47461 6,608963 5,111694
10,00977 6,607056 5,288124
10,25391 6,3591 5,02491
9,765627 6,416321 5,209923
8,911133 6,475449 5,131721
9,155275 6,414413 5,145073
9,399414 6,401062 5,200386
11,59668 6,30188 4,96006
10,74219 6,801605 5,321503
11,35254 6,557465 5,13649
9,765627 6,454468 5,072594
11,96289 6,715775 5,275726
9,155272 6,477356 5,310059
8,789063 6,280899 5,032539
11,35254 6,381989 5,176544
10,74219 6,471634 4,843712
10,98633 6,68335 5,13649
11,1084 5,92804 4,728317
11,23047 6,557465 5,327225
11,71875 6,996155 5,550385
10,00977 6,536484 5,277634
10,49805 6,572723 5,115509
9,277344 6,526947 5,230904
9,277345 6,299973 5,085945
9,887696 6,555557 5,197525
11,59668 6,717682 5,223274
10,74219 6,475449 5,072594
9,277345 6,317139 5,002975
11,23047 6,244659 5,15461
11,1084 6,387711 5,045891
10,62012 6,586075 5,238533
8,544923 6,315231 4,8666
