1,017253 0,4196168 0,3099447
0,8138021 0,4386905 0,3163027
0,8138021 0,4371012 0,3266346
0,8138021 0,4514063 0,3385558
0,8138021 0,4529957 0,348887
1,424154 0,4784272 0,368755
1,017253 0,4927325 0,3878282
0,8138021 0,5006798 0,3902124
1,017253 0,5292896 0,4100803
1,017253 0,5261108 0,4172327
1,017253 0,5483629 0,433127
1,220703 0,5722044 0,4490213
1,627604 0,6612139 0,5070359
1,424154 0,6389614 0,4943205
1,627604 0,7295607 0,5531303
2,237956 0,7724758 0,595252
2,644857 0,8344651 0,6485
2,034505 0,8805599 0,6651893
2,034505 0,967981 0,7414832
2,034505 1,044274 0,7796289
3,051758 1,169839 0,8773791
2,848307 1,242955 0,9171158
5,289713 1,344682 0,9799007
3,458659 1,614888 1,182558
4,475912 1,770655 1,226268
6,306966 1,969337 1,417795
8,951819 2,341269 1,681645
6,713867 2,624196 1,917681
8,138019 2,900759 2,114773
7,731118 3,329913 2,429485
9,765621 3,649395 2,666316
9,765621 3,973642 2,901554
9,765621 4,256564 3,159841
9,15527 4,625323 3,436409
21,56576 5,230906 3,82503
21,76921 5,804698 4,285971
25,83821 6,440482 4,641216
26,652 7,22567 5,033809
24,41406 8,222263 5,906423
28,88995 9,964305 7,032552
31,73825 11,78582 8,227827
32,95895 14,06352 9,659926
32,3486 14,8042 10,56353
30,11065 16,85142 11,61177
35,60379 19,00196 12,97315
38,65554 22,27465 15,04342
49,03159 24,47445 17,28376
41,30041 27,04778 20,48491
38,65554 27,77734 21,10958
44,55564 29,31593 23,43892
45,36945 30,56683 25,32481
44,14874 31,325 26,04245
39,06244 31,78753 26,8332
41,91077 32,74279 27,99192
41,09696 32,93672 28,81208
43,13148 33,82202 29,85158
54,32135 35,02048 30,09558
44,96255 34,11449 29,69979
45,166 34,56271 29,81104
48,01433 35,07769 30,60974
50,04885 34,87107 30,84101
48,21778 35,41942 31,19308
45,36945 34,9108 31,57694
47,81088 36,0393 31,85508
47,60743 35,99323 31,85747
47,40397 36,27295 32,55922
49,03159 36,75932 32,67684
45,77636 36,61309 32,59576
50,45576 37,07085 33,05352
49,23504 37,13602 33,09087
46,99707 36,92146 32,97009
53,10063 37,52385 33,71791
52,28682 37,02636 33,22997
49,23504 37,41895 33,4628
51,06611 37,89737 33,94918
46,59017 36,98503 33,42863
57,16967 38,17236 34,65889
49,4385 38,15963 33,89118
50,04885 37,5477 33,84906
57,16967 38,1819 34,20829
48,01433 38,25183 34,04059
49,4385 38,8733 34,97519
58,79729 38,33289 34,62788
49,8454 38,82245 35,02685
49,03159 38,37897 34,89967
54,5248 39,15782 35,08566
53,71099 39,16578 35,51798
48,21778 38,43144 34,95215
50,04885 39,34698 34,914
48,01433 38,97822 35,02843
56,55932 40,1258 36,10607
51,67647 39,92871 35,84065
56,15241 40,3086 36,46452
47,40397 39,26273 35,16674
52,08337 39,87625 35,73574
55,94896 39,95097 36,17761
52,49028 39,75229 35,6523
50,2523 39,6442 35,81363
49,03159 39,4948 35,77789
51,47301 39,91599 35,88993
52,49028 40,08607 36,22768
52,89718 40,07495 35,88517
52,69373 39,93666 36,05919
53,30408 40,10674 36,15218
51,87992 40,46119 36,4518
55,3386 40,14489 36,11483
55,3386 41,07788 36,97712
51,67647 40,16714 36,09972
53,71099 40,46753 36,76888
56,15241 40,38487 36,82611
56,96622 40,5661 36,68785
52,89718 40,02567 36,30714
55,74551 40,66463 36,78876
52,49027 41,02863 37,29264
51,87992 40,49137 36,47404
49,8454 40,65351 37,00652
55,74551 41,02862 37,31408
54,9317 40,61695 36,73391
57,78003 41,17007 36,99221
54,72825 40,83629 37,34745
54,11789 40,63443 37,12333
51,67647 41,37035 37,8227
55,13515 41,09377 37,40387
51,26957 41,20185 37,31565
48,82814 41,21936 37,08996
52,08337 40,32131 36,95725
55,3386 41,9044 38,24549
53,10063 41,55791 37,49767
54,5248 41,42439 37,94192
56,55932 41,76453 38,07463
58,18694 41,37831 37,5231
53,30408 41,39737 37,94429
51,26957 41,76296 37,91251
52,08337 41,3163 37,61448
51,87992 41,38943 37,39751
53,50753 42,22708 38,3337
53,50754 41,48321 37,15593
55,54206 41,68032 37,78775
52,49028 42,99957 38,70566
51,06611 42,23662 37,92443
55,3386 42,54498 38,52844
54,5248 42,48776 38,41635
54,32135 42,38284 38,16923
56,35587 42,37808 38,24313
51,87992 41,93462 38,3814
53,91444 42,72301 38,76765
57,98348 43,24753 39,33986
53,30408 42,14443 38,40764
53,50753 42,77545 38,50537
53,71099 42,56564 38,74459
52,49028 42,49411 38,54193
53,91444 43,55429 39,52343
54,5248 42,51955 38,59201
55,54206 43,28569 38,87653
55,13515 42,64035 38,40842
54,5248 42,78339 38,7295
53,50754 42,77547 38,31624
56,76277 42,95665 39,02831
58,18694 43,08542 38,7176
54,72825 42,95982 38,49108
60,018 43,15852 38,75334
