0,3662109 0,0629425 0,03147125
0,1831055 0,06008148 0,03004074
0,1831055 0,06008148 0,03004074
0,3662109 0,07724762 0,03862381
0,3662109 0,04577637 0,02288818
0,1831055 0,07724762 0,03862381
0,3662109 0,08869171 0,04434586
0,3662109 0,08869171 0,04434586
0,5493164 0,1087189 0,05435944
0,3662109 0,1115799 0,05578995
0,3662109 0,09441376 0,04720688
0,5493164 0,125885 0,0629425
0,5493164 0,1401901 0,07009506
0,3662109 0,1602173 0,08010864
0,5493164 0,2231598 0,1215935
0,3662109 0,2346039 0,1301765
0,5493164 0,248909 0,1587868
0,9155273 0,2861023 0,193119
0,9155273 0,3604889 0,2417564
0,9155273 0,3833771 0,2474785
1,098633 0,497818 0,3046989
1,281738 0,5664825 0,3762245
2,197266 0,6494522 0,4205704
2,563477 0,7209778 0,4906654
2,563477 0,875473 0,5908012
2,380371 1,015663 0,6723404
7,873535 1,34182 0,8296967
5,126953 1,493454 0,9756088
8,056641 1,98555 1,23167
12,81738 3,04985 1,842499
10,25391 3,956795 2,487659
14,46533 4,67205 3,035545
26,18408 6,23703 4,205704
59,32617 8,872032 5,792141
55,29785 9,824753 6,720543
38,45215 10,94627 7,425785
45,22705 11,77311 8,155346
53,10059 13,72719 9,869099
47,24121 17,69543 12,09068
64,81934 23,30589 15,60116
68,66455 30,44987 20,57076
67,19971 40,00854 26,70336
77,0874 47,96791 35,1119
83,6792 52,39964 42,29164
99,06006 57,15466 46,96512
83,49609 57,12318 47,09387
80,3833 60,08434 49,96061
98,32764 65,77206 55,05753
88,07373 66,6647 55,24063
100,8911 71,34247 60,3447
94,48242 73,19641 63,06839
90,271 76,57242 63,74359
105,4688 82,98111 70,52991
103,2715 83,89378 72,73009
99,06006 87,09526 74,25929
114,2578 88,03654 79,01573
102,5391 89,85329 81,25018
105,2856 90,64007 76,51376
108,2153 89,50424 81,66216
107,1167 90,94334 80,79674
107,4829 91,62712 82,32309
111,8774 93,18638 81,89535
106,9336 93,79578 84,35583
112,2437 94,55681 83,36732
109,1309 94,87724 85,1898
106,3843 93,95313 83,58479
115,1733 96,45081 86,6003
111,145 96,03882 86,14969
106,0181 96,75121 89,46132
109,6802 97,05448 87,19395
112,0605 98,35625 88,9735
113,7085 97,92995 89,11943
111,145 97,46933 87,1768
110,4126 98,41919 91,846
115,1733 98,13595 89,7431
112,2437 99,4606 86,34422
111,3281 98,32191 88,63589
109,1309 98,11592 89,80893
112,0605 98,33336 88,78613
108,2153 97,74113 88,58582
111,145 98,279 88,60732
113,8916 97,97573 87,25546
117,5537 98,31047 89,45705
119,9341 98,74249 90,36971
108,9478 97,86701 90,90611
105,2856 97,68105 88,08804
107,666 98,2275 91,54842
108,7646 99,22886 91,13216
112,0605 99,32899 91,2137
107,666 97,30625 88,51576
108,2153 99,26605 89,26819
