0,6103516 0,3178917 0,2272927
0,6103516 0,3115338 0,2288821
1,017253 0,3337863 0,2463663
0,6103516 0,2892812 0,2209348
0,4069011 0,2924602 0,2177559
0,6103516 0,2861023 0,2209348
0,6103516 0,3147127 0,2336505
0,6103516 0,298818 0,2257032
0,6103516 0,3083548 0,2288821
1,017253 0,2956391 0,2066296
0,6103516 0,3115337 0,2368294
0,6103516 0,2956391 0,2225243
0,6103516 0,3242495 0,2384189
0,6103516 0,2829233 0,2241137
0,8138021 0,3083549 0,2304716
0,6103516 0,3401442 0,2463663
0,6103516 0,3051759 0,2288821
0,6103516 0,3019969 0,2225243
0,6103516 0,3051759 0,2320611
0,8138021 0,3178917 0,2272927
0,6103516 0,2924601 0,2257032
0,8138021 0,3083548 0,2368294
0,6103516 0,3115337 0,23524
0,6103516 0,2892812 0,211398
1,017253 0,3083548 0,23524
0,6103516 0,3083549 0,2320611
0,6103516 0,3083549 0,2288821
0,6103516 0,2861023 0,2209348
0,6103516 0,2924602 0,2161664
0,6103516 0,3051759 0,2320611
0,6103516 0,301997 0,2384189
0,6103516 0,301997 0,23524
0,6103516 0,3147127 0,23524
0,6103516 0,3115338 0,2304716
0,6103516 0,2702076 0,1986823
0,6103516 0,301997 0,2320611
0,6103516 0,2892812 0,2098086
0,6103516 0,3051759 0,2368294
0,6103516 0,298818 0,2272927
0,8138021 0,3147127 0,2304716
0,6103516 0,2829233 0,2145769
0,6103516 0,2924601 0,2304716
0,8138021 0,3083548 0,2336505
0,6103516 0,2924601 0,2145769
0,6103516 0,3051759 0,2272927
0,6103516 0,2892812 0,2209348
0,6103516 0,301997 0,2304716
0,8138021 0,3306074 0,2400084
0,6103516 0,3147127 0,2431873
0,8138021 0,3592176 0,2606713
0,6103516 0,3051759 0,2288821
0,6103516 0,2956391 0,2257032
0,6103516 0,298818 0,2272927
0,6103516 0,2861023 0,2193453
0,6103516 0,3306074 0,238419
0,6103516 0,3306074 0,2415979
0,6103516 0,2956391 0,2177559
0,8138021 0,3369652 0,2431873
0,6103516 0,3115337 0,2272927
0,6103516 0,298818 0,2288821
0,6103516 0,3337863 0,2543136
0,4069011 0,3083549 0,23524
0,6103516 0,301997 0,2304716
0,6103516 0,2924601 0,2336505
0,6103516 0,3051759 0,2368295
0,6103516 0,2956391 0,2288821
0,6103516 0,3337863 0,255903
0,6103516 0,3337863 0,2527241
0,6103516 0,2988181 0,2257032
0,6103516 0,3337863 0,2431874
0,8138021 0,3274284 0,2511346
0,6103516 0,2956391 0,2384189
0,6103516 0,3051759 0,2241137
0,6103516 0,3051759 0,23524
0,8138021 0,3433231 0,2574924
0,8138021 0,3337863 0,2574925
0,6103516 0,2956391 0,2225243
0,8138021 0,3274284 0,2447768
0,8138021 0,3178917 0,2574924
0,6103516 0,3115338 0,2463662
0,6103516 0,3083549 0,2368295
0,6103516 0,2892812 0,232061
0,6103516 0,3655753 0,2717973
0,6103516 0,3210706 0,2415979
0,6103516 0,3369653 0,2511347
0,6103516 0,3242495 0,2527241
0,6103516 0,3369652 0,2527241
0,6103516 0,298818 0,2368294
0,8138021 0,3369653 0,2511347
0,6103516 0,3306074 0,2479557
0,6103516 0,3337863 0,2590819
0,6103516 0,3592176 0,2574924
0,6103516 0,3274285 0,2415979
0,6103516 0,298818 0,2304716
0,6103516 0,3210706 0,2463663
0,6103516 0,3242495 0,2511346
0,6103516 0,3306074 0,2527241
0,6103516 0,3337863 0,2479557
0,8138021 0,3496809 0,2638502
0,8138021 0,3178916 0,2527241
0,6103516 0,3369652 0,2495452
0,6103516 0,301997 0,2400084
0,8138021 0,3337863 0,2543136
0,6103516 0,3655753 0,2702079
0,8138021 0,378291 0,2797446
0,6103516 0,3941855 0,2876917
0,6103516 0,3433231 0,2686186
0,8138021 0,3337863 0,2543136
0,6103516 0,3242495 0,255903
0,6103516 0,3433231 0,2622608
0,8138021 0,3687543 0,2717974
0,6103516 0,3528597 0,2733868
0,6103516 0,3401441 0,2511346
0,8138021 0,4005433 0,2908706
0,6103516 0,3560387 0,2717974
0,8138021 0,3528598 0,2654396
0,6103516 0,3465019 0,2622607
0,8138021 0,3687543 0,2797446
0,6103516 0,3719332 0,2765657
0,6103516 0,3083549 0,2527241
0,6103516 0,3592176 0,2765657
0,8138021 0,3846487 0,2876917
0,6103516 0,378291 0,2829234
0,6103516 0,3655753 0,2733868
1,017253 0,3973643 0,2892812
0,6103516 0,3687542 0,2781551
0,6103516 0,4164377 0,3035861
0,8138021 0,4132589 0,2940495
0,6103516 0,3623965 0,2765657
0,8138021 0,3846487 0,2861023
0,8138021 0,3973643 0,2956389
0,8138021 0,378291 0,281334
0,6103516 0,3560386 0,2702079
0,8138021 0,3751121 0,2781551
0,6103516 0,375112 0,2797445
0,8138021 0,4100799 0,2940494
0,6103516 0,4005432 0,2908706
0,8138021 0,3878276 0,2861023
0,6103516 0,4132588 0,2988178
0,6103516 0,3560387 0,2686185
0,8138021 0,3973643 0,2892812
0,6103516 0,3687542 0,2702079
0,6103516 0,3941855 0,2892812
0,8138021 0,3687542 0,2749762
0,8138021 0,3751121 0,2797446
0,6103516 0,3814698 0,2861023
0,6103516 0,3592176 0,2781552
0,8138021 0,4196167 0,3035861
0,6103516 0,3433231 0,2670291
0,6103516 0,3846487 0,2908706
0,6103516 0,3560386 0,2686185
0,8138021 0,3973643 0,2972284
0,8138021 0,3846487 0,2876917
0,8138021 0,3878277 0,2861023
1,017253 0,41008 0,3004073
0,6103516 0,3910066 0,2908706
0,6103516 0,4005432 0,2940495
0,8138021 0,3623964 0,2733868
0,6103516 0,3592176 0,2733868
0,8138021 0,378291 0,2829235
0,8138021 0,3592176 0,2765657
0,8138021 0,3687542 0,2781551
0,6103516 0,4069009 0,2956389
0,8138021 0,3846487 0,2829234
0,6103516 0,4227954 0,3083544
0,6103516 0,3814698 0,2861023
0,6103516 0,4355111 0,3163015
0,6103516 0,3592176 0,2781552
0,6103516 0,375112 0,2829234
0,8138021 0,4386901 0,3147122
0,6103516 0,3687542 0,2781551
0,8138021 0,3846487 0,2908706
0,8138021 0,378291 0,2845129
0,8138021 0,378291 0,2845129
0,8138021 0,4259744 0,3115333
0,8138021 0,3973643 0,2972284
0,8138021 0,4069011 0,2972284
0,6103516 0,3941854 0,29246
0,6103516 0,4514056 0,3194804
0,8138021 0,4355111 0,317891
0,6103516 0,3655753 0,2717973
0,6103516 0,3910065 0,2908706
0,8138021 0,4164377 0,306765
0,8138021 0,4196166 0,3035861
0,8138021 0,4482267 0,3242488
0,6103516 0,4323322 0,3131227
0,8138021 0,4259744 0,306765
0,6103516 0,4323322 0,3163016
0,8138021 0,4736579 0,3465009
0,6103516 0,4545845 0,3306065
0,6103516 0,4418689 0,3163016
0,8138021 0,4545845 0,3306065
0,6103516 0,4291532 0,3242487
0,8138021 0,4450478 0,3194804
0,8138021 0,4450478 0,3242488
0,8138021 0,4577634 0,3274277
0,8138021 0,4514056 0,3337854
0,8138021 0,4514056 0,3385537
0,8138021 0,4673001 0,3369642
1,017253 0,4609423 0,3385537
0,8138021 0,4673001 0,3560379
0,8138021 0,4545845 0,3337854
0,8138021 0,4863735 0,3719325
1,220703 0,4768369 0,3512694
0,8138021 0,4545845 0,3639853
0,8138021 0,4609423 0,3480905
1,017253 0,4609423 0,3623958
0,8138021 0,4800158 0,3846484
0,8138021 0,4768369 0,376701
0,8138021 0,4831946 0,3830588
1,017253 0,4577634 0,3623958
1,017253 0,4990892 0,3687535
1,017253 0,5118049 0,3862377
0,8138021 0,4641213 0,3576273
0,8138021 0,4800158 0,3751115
1,017253 0,4831946 0,370343
0,8138021 0,4927314 0,3910062
0,8138021 0,4927314 0,3798798
1,017253 0,4831947 0,3814694
1,017253 0,5181628 0,3989535
1,017253 0,4800158 0,3941852
1,220703 0,5181628 0,397364
1,017253 0,4768369 0,3862378
0,8138021 0,4990892 0,3989535
1,220703 0,505447 0,3894167
0,8138021 0,4895525 0,3910062
1,220703 0,5022681 0,400543
0,8138021 0,5022681 0,397364
1,017253 0,4959103 0,3941851
1,017253 0,4831946 0,3782905
1,017253 0,4895525 0,3894167
0,8138021 0,4831946 0,3751115
0,8138021 0,5245207 0,400543
1,017253 0,4895525 0,3910062
1,017253 0,5149838 0,3957745
1,220703 0,4768369 0,3830589
1,017253 0,4959103 0,3941851
0,8138021 0,4927314 0,3846483
1,220703 0,5404153 0,4100797
0,8138021 0,5245207 0,4116693
0,8138021 0,5308786 0,4227956
0,8138021 0,508626 0,4037219
1,220703 0,508626 0,4116693
0,8138021 0,5022681 0,4021325
1,017253 0,5372364 0,424385
0,8138021 0,5181628 0,4069009
1,017253 0,5435942 0,424385
1,017253 0,5181627 0,4037219
1,220703 0,508626 0,4069009
0,8138021 0,508626 0,4132588
0,8138021 0,5181628 0,3894166
1,220703 0,5467732 0,4196166
0,8138021 0,5276996 0,4196166
1,017253 0,5404153 0,4212061
1,017253 0,5435942 0,4323324
1,017253 0,5467732 0,4418693
1,017253 0,5435942 0,4371008
1,017253 0,508626 0,4116693
1,017253 0,5149838 0,4196167
1,017253 0,5817416 0,4641219
1,017253 0,5372365 0,4371009
1,017253 0,5499521 0,4307429
1,017253 0,5340575 0,4259745
1,220703 0,6103519 0,4704796
1,017253 0,5817415 0,4577639
1,017253 0,5880994 0,4720692
1,017253 0,5626679 0,454585
1,220703 0,5880994 0,4593534
1,220703 0,5753836 0,4673008
1,220703 0,5690258 0,4593534
1,424154 0,6326042 0,4927321
1,220703 0,5817415 0,4736587
1,220703 0,6326041 0,4879637
1,220703 0,6453197 0,5038584
1,017253 0,5722047 0,457764
1,017253 0,5976362 0,4704797
1,017253 0,6167097 0,4863744
1,017253 0,6135307 0,4911428
1,424154 0,607173 0,4911429
1,017253 0,6008151 0,4863745
1,220703 0,6262463 0,4879638
1,220703 0,6453198 0,508627
1,017253 0,5912783 0,4752482
1,220703 0,6516775 0,5054479
1,017253 0,6198885 0,4959112
1,017253 0,6039941 0,4927324
1,017253 0,603994 0,4863745
1,220703 0,6643932 0,5277003
1,017253 0,6580353 0,5118058
1,424154 0,6548565 0,5149849
1,220703 0,638962 0,505448
0,8138021 0,603994 0,484785
1,220703 0,6421409 0,502269
1,220703 0,6230674 0,4927322
1,220703 0,6135308 0,5006797
1,017253 0,6612142 0,5261109
1,220703 0,670751 0,5213427
1,424154 0,70254 0,5467737
1,017253 0,667572 0,5356475
1,220703 0,6612142 0,5181638
1,017253 0,6580353 0,5245214
1,220703 0,6548564 0,5197532
1,017253 0,6580353 0,5149848
1,424154 0,6866455 0,5324687
1,220703 0,6484987 0,522932
1,424154 0,6961824 0,5388265
1,220703 0,6802877 0,5324687
1,017253 0,6548564 0,5213426
1,424154 0,70254 0,5737939
1,424154 0,6866454 0,5356476
1,220703 0,6961823 0,5578996
1,831055 0,7120768 0,5706151
1,017253 0,6866455 0,5499524
1,017253 0,6548564 0,5197532
1,424154 0,6993611 0,5483631
1,017253 0,670751 0,5118058
1,017253 0,6802877 0,5372369
1,220703 0,6993612 0,5435948
1,220703 0,7088979 0,5451843
1,220703 0,6993611 0,5451841
1,017253 0,6802877 0,5420052
1,017253 0,705719 0,551542
1,017253 0,6771088 0,5372369
1,424154 0,705719 0,5563102
1,424154 0,7438661 0,5912779
1,220703 0,7120768 0,5578997
1,017253 0,7184347 0,5594892
1,220703 0,7184347 0,5817412
1,220703 0,705719 0,5737939
1,424154 0,7311504 0,5801518
1,220703 0,705719 0,562668
1,220703 0,6993612 0,5642574
1,220703 0,7629397 0,602404
1,220703 0,7311504 0,5626681
1,424154 0,7692975 0,6071723
1,220703 0,7120768 0,5865093
1,424154 0,8010865 0,6326034
1,220703 0,8074443 0,6469085
1,424154 0,7947287 0,6405507
1,424154 0,7756552 0,6437296
1,220703 0,7883708 0,651677
1,220703 0,7947288 0,651677
1,627604 0,7756553 0,6389614
1,220703 0,8106232 0,6580347
1,424154 0,8932745 0,6993604
1,220703 0,7692975 0,6341928
1,627604 0,84877 0,6755186
1,424154 0,84877 0,6930028
1,220703 0,845591 0,6786976
1,424154 0,8106232 0,6691611
1,220703 0,816981 0,6675715
1,424154 0,8678433 0,6961817
1,424154 0,8900956 0,7200236
1,627604 0,8996322 0,7216131
1,424154 0,9123478 0,7375075
1,424154 0,937779 0,7359178
1,831055 0,9059901 0,742276
1,424154 0,9282423 0,750223
1,424154 0,9282423 0,7661178
1,831055 0,9600314 0,7724756
1,831055 0,9409579 0,7597599
1,627604 0,9600313 0,7851914
1,627604 1,004537 0,8281072
1,831055 0,9409578 0,7708861
1,627604 0,9981785 0,8169808
1,627604 0,9632105 0,7947283
1,424154 0,9504948 0,8010863
1,831055 1,014073 0,8360547
1,627604 0,9918209 0,8281073
1,627604 0,9886418 0,8201599
1,424154 1,020432 0,8408232
1,424154 0,9727471 0,7899598
1,627604 0,9727473 0,8281074
1,627604 0,9981787 0,8265178
1,627604 1,074474 0,8821495
2,034505 1,077653 0,8726127
2,034505 1,061758 0,8614862
1,831055 1,074474 0,8710232
1,627604 1,042684 0,8598967
1,831055 1,029968 0,8535388
1,627604 1,052221 0,8646652
2,034505 1,061758 0,8630757
2,034505 1,052221 0,8757916
1,627604 1,042684 0,8646652
1,627604 1,071295 0,8662548
1,831055 1,033147 0,8614863
1,627604 1,068116 0,8678443
1,627604 1,080832 0,8932759
1,831055 1,096726 0,9012232
1,627604 1,153946 0,9282436
1,627604 1,176198 0,9504961
1,627604 1,150767 0,9441383
2,034505 1,131694 0,9171177
1,831055 1,14441 0,9361913
2,034505 1,207987 0,9854641
1,627604 1,128515 0,9314229
1,831055 1,166662 0,9759276
1,627604 1,128515 0,9361914
1,627604 1,118978 0,9393703
1,627604 1,150767 0,971159
1,831055 1,153946 0,9822851
1,831055 1,179377 0,9981795
1,831055 1,290639 1,085598
2,034505 1,236597 1,02679
2,034505 1,17302 0,9822853
1,831055 1,214345 0,9838747
1,831055 1,214345 1,002948
1,627604 1,211166 0,9950005
1,627604 1,198451 0,9679802
1,627604 1,211166 1,004537
1,627604 1,188914 0,9886426
1,831055 1,262029 1,058578
1,831055 1,192093 0,9965902
1,831055 1,227061 1,05222
1,831055 1,246134 1,060168
1,831055 1,293818 1,056989
1,831055 1,303355 1,088778
2,034505 1,274744 1,047453
2,237956 1,293817 1,064936
2,034505 1,322428 1,106261
1,831055 1,366933 1,120566
2,034505 1,354218 1,133282
2,237956 1,414617 1,180965
2,034505 1,443227 1,188913
1,831055 1,427332 1,200039
2,237956 1,509984 1,257261
2,237956 1,443227 1,219113
2,034505 1,408259 1,214345
2,237956 1,541774 1,29064
2,237956 1,475016 1,271566
2,441406 1,624427 1,365345
2,034505 1,5227 1,301767
2,441406 1,455943 1,254082
2,441406 1,611711 1,35104
2,237956 1,548132 1,289051
2,644857 1,646679 1,370113
2,644857 1,665752 1,400313
2,237956 1,630784 1,368524
2,237956 1,646679 1,37965
2,441406 1,633963 1,366934
2,441406 1,735687 1,443228
3,051758 1,697541 1,414618
2,441406 1,789728 1,489321
2,848307 1,799265 1,506806
2,848307 1,799265 1,532236
2,644857 1,735687 1,478195
2,848307 1,773833 1,529057
2,644857 1,891453 1,546541
2,644857 1,748403 1,495679
2,848307 1,748403 1,481374
2,848307 1,789728 1,502037
2,848307 1,850127 1,537004
2,848307 1,869201 1,560846
2,644857 1,90099 1,597403
3,051758 2,012253 1,660982
2,441406 1,885095 1,602171
2,644857 1,916885 1,61012
2,848307 1,951853 1,591046
2,644857 1,888274 1,610119
2,848307 1,907347 1,595813
3,051758 1,888274 1,616476
2,237956 1,875559 1,619656
3,255208 2,034505 1,729329
2,644857 1,90099 1,626014
3,051758 2,031327 1,737278
2,848307 2,034505 1,718204
2,848307 1,945495 1,673698
2,644857 2,01861 1,72774
2,848307 2,028147 1,713435
2,848307 2,005895 1,711846
3,255208 1,993179 1,700719
3,051758 1,955032 1,660981
3,051758 1,980463 1,699129
3,255208 2,063116 1,746814
2,441406 1,945495 1,678466
2,848307 2,015431 1,691182
2,644857 1,951853 1,660982
2,848307 2,082189 1,738866
3,662109 2,047221 1,751583
2,644857 2,037684 1,743635
2,644857 2,009074 1,713435
3,458659 2,164842 1,799266
2,644857 1,913706 1,670519
2,644857 2,059937 1,767477
2,848307 2,018611 1,716614
2,848307 2,088547 1,75794
2,848307 2,098084 1,778604
3,051758 2,044042 1,746814
3,051758 2,126694 1,805624
2,848307 2,040863 1,72774
2,848307 2,123515 1,777013
3,051758 2,091726 1,769067
2,848307 2,069474 1,746814
3,255208 2,145768 1,810392
2,644857 2,037684 1,732508
3,051758 2,069474 1,761119
2,644857 2,02179 1,732509
4,272461 2,215704 1,851719
3,051758 2,126695 1,821519
2,644857 2,101263 1,786551
3,051758 2,066295 1,754761
