0,6103516 0,2956391 0,2288821
0,6103516 0,2702076 0,2082191
1,017253 0,3337863 0,238419
0,6103516 0,2797444 0,2193453
0,6103516 0,2924601 0,2241137
0,6103516 0,3051759 0,2241137
0,8138021 0,3083548 0,2304716
0,6103516 0,298818 0,2225243
0,6103516 0,2797444 0,2018612
0,6103516 0,2829233 0,2098085
0,8138021 0,2892812 0,2193453
0,6103516 0,2892812 0,2161664
0,8138021 0,3083548 0,2304716
0,8138021 0,3178917 0,2384189
0,6103516 0,2829233 0,2209348
0,6103516 0,3178916 0,2320611
0,6103516 0,2956391 0,2288821
0,6103516 0,3178917 0,2431873
0,8138021 0,3115337 0,2288821
0,6103516 0,3242496 0,238419
0,6103516 0,298818 0,2209348
0,6103516 0,3051759 0,2320611
0,6103516 0,3115338 0,23524
0,6103516 0,3051759 0,2320611
0,8138021 0,3306074 0,2447768
0,6103516 0,301997 0,2241137
0,8138021 0,3433231 0,2463663
0,6103516 0,2892812 0,2304716
0,6103516 0,2892812 0,2177559
0,6103516 0,2892812 0,2145769
0,6103516 0,2924601 0,2304716
0,6103516 0,3147127 0,2415978
0,8138021 0,3178917 0,2336506
0,6103516 0,2797444 0,2082191
0,6103516 0,254313 0,2098085
0,8138021 0,3210706 0,2447768
0,6103516 0,3178917 0,2400084
0,6103516 0,2797444 0,2161664
0,6103516 0,301997 0,2225243
0,8138021 0,3306074 0,2527241
0,6103516 0,3210706 0,2384189
0,6103516 0,301997 0,2241137
0,6103516 0,301997 0,2368294
0,6103516 0,2892812 0,2050402
0,8138021 0,3178916 0,2368295
0,6103516 0,3242495 0,238419
0,6103516 0,3147127 0,2320611
0,6103516 0,2956391 0,2161664
0,6103516 0,2892812 0,2304716
0,8138021 0,3115338 0,2368295
0,8138021 0,3242495 0,2336506
0,6103516 0,301997 0,2384189
0,8138021 0,298818 0,2368294
0,4069011 0,301997 0,2336505
0,8138021 0,3019969 0,232061
0,8138021 0,3115338 0,2400084
0,6103516 0,2892812 0,2241137
0,6103516 0,3115338 0,2368295
0,8138021 0,3401442 0,2622608
0,8138021 0,3274285 0,2400084
0,6103516 0,3051759 0,2384189
0,6103516 0,2924602 0,2225243
0,8138021 0,3051759 0,2336505
0,6103516 0,301997 0,2304716
0,6103516 0,3115338 0,23524
0,6103516 0,3369653 0,2543136
0,6103516 0,3115338 0,2288821
0,6103516 0,301997 0,2257032
0,6103516 0,3083548 0,2479557
0,6103516 0,3115338 0,2400084
0,6103516 0,3274285 0,2511346
0,6103516 0,3369652 0,255903
0,6103516 0,3496809 0,2574924
0,8138021 0,3051759 0,2304716
0,6103516 0,3210706 0,2463662
0,8138021 0,3274284 0,2447768
0,6103516 0,2797444 0,2209348
0,6103516 0,301997 0,2288821
0,6103516 0,3465019 0,2622607
0,8138021 0,3306074 0,2574924
0,8138021 0,3528598 0,2527241
0,6103516 0,3051759 0,2320611
0,6103516 0,3401442 0,2543136
0,6103516 0,3051759 0,23524
0,6103516 0,3115338 0,2415978
0,6103516 0,3210706 0,2527241
0,8138021 0,3528597 0,267029
0,6103516 0,343323 0,2622607
0,8138021 0,3719332 0,2733868
0,8138021 0,3051759 0,2384189
0,6103516 0,3369653 0,2511347
0,6103516 0,3178917 0,2479557
0,6103516 0,3242495 0,2463663
0,6103516 0,3210706 0,2479557
0,8138021 0,3401442 0,2495452
0,8138021 0,3178916 0,2400084
0,8138021 0,3274285 0,2479557
0,6103516 0,298818 0,2336505
0,6103516 0,3147127 0,2479557
0,6103516 0,3592175 0,2749763
0,6103516 0,3178917 0,2495452
0,6103516 0,3496808 0,2559029
0,8138021 0,3401442 0,2606713
0,6103516 0,3687542 0,2749762
0,6103516 0,3147127 0,2447768
0,4069011 0,3369652 0,2543135
0,6103516 0,3369653 0,2606713
0,6103516 0,3147127 0,2463662
0,6103516 0,3623964 0,2702079
0,6103516 0,3687542 0,2654395
0,8138021 0,3592176 0,2686185
0,6103516 0,3051759 0,23524
0,8138021 0,3528598 0,2670291
0,6103516 0,3242495 0,2511346
0,8138021 0,3369653 0,2590819
0,6103516 0,3560387 0,2590818
0,6103516 0,3528598 0,2654396
0,6103516 0,3306074 0,2590819
0,6103516 0,3687542 0,2765656
0,8138021 0,3592176 0,2686185
0,8138021 0,3210706 0,2479557
0,6103516 0,3560386 0,2686185
0,6103516 0,3433231 0,255903
0,8138021 0,3337863 0,255903
0,6103516 0,3465019 0,2590818
0,6103516 0,3274285 0,2495452
0,6103516 0,3242495 0,2543135
0,8138021 0,3655754 0,2733868
0,6103516 0,3051759 0,2368294
0,6103516 0,3973643 0,2956389
0,8138021 0,3147127 0,2495452
0,6103516 0,3751121 0,2749762
0,8138021 0,3592176 0,2797446
0,6103516 0,3242495 0,2543135
1,220703 0,3687543 0,2829235
0,6103516 0,3846487 0,2781551
0,8138021 0,3941855 0,2892812
0,6103516 0,3274285 0,2574925
0,8138021 0,3560387 0,2686185
1,220703 0,3401442 0,2638502
0,6103516 0,3592176 0,267029
0,6103516 0,3719331 0,2781551
0,6103516 0,375112 0,2765656
0,8138021 0,3369653 0,2638502
0,6103516 0,3592175 0,2733868
0,8138021 0,3401442 0,2590819
1,017253 0,3878277 0,2876918
0,8138021 0,3941854 0,2940495
0,8138021 0,375112 0,2781551
0,6103516 0,3306074 0,2574925
0,8138021 0,3687543 0,2749763
0,8138021 0,406901 0,2908705
0,6103516 0,3910065 0,2892812
0,8138021 0,3592176 0,2654396
0,6103516 0,3115338 0,2447768
0,6103516 0,3401441 0,2590819
0,8138021 0,3623965 0,2781552
0,6103516 0,3528597 0,2702079
0,8138021 0,3623965 0,2686185
0,6103516 0,3878276 0,2829234
0,6103516 0,4132588 0,3051755
0,8138021 0,4323322 0,3131227
0,8138021 0,4005432 0,3004073
0,6103516 0,3910065 0,2908706
0,6103516 0,4196166 0,3035861
1,017253 0,4227955 0,3099439
0,8138021 0,4196166 0,306765
0,6103516 0,3878276 0,2924601
0,8138021 0,43869 0,3147121
0,8138021 0,4450478 0,3147121
0,6103516 0,3910066 0,2861023
0,8138021 0,3973643 0,2940495
0,8138021 0,4132588 0,306765
0,6103516 0,4291533 0,3067649
0,8138021 0,4450479 0,3242488
0,8138021 0,4355111 0,3115332
0,8138021 0,4196166 0,306765
0,8138021 0,4196166 0,3099439
1,017253 0,4482267 0,3226593
1,017253 0,4514056 0,3306065
0,8138021 0,4673001 0,3337854
0,6103516 0,4227955 0,3019966
0,8138021 0,4545845 0,3306065
0,8138021 0,470479 0,3401431
0,8138021 0,4514056 0,3385537
0,8138021 0,470479 0,3337854
0,8138021 0,4768369 0,3544483
1,017253 0,4800158 0,3544483
0,8138021 0,4641213 0,3480905
0,8138021 0,4863735 0,3735221
1,017253 0,4704791 0,3623958
1,017253 0,5181628 0,4084903
1,017253 0,5181628 0,4053114
1,017253 0,5372363 0,4132587
1,017253 0,5435942 0,4164377
1,017253 0,55631 0,4275639
1,017253 0,5880994 0,4609429
1,017253 0,6484988 0,5006795
1,220703 0,6516777 0,5022689
1,220703 0,6326042 0,4943216
1,424154 0,6993611 0,5467737
1,220703 0,7406871 0,5976355
1,017253 0,7247926 0,5785624
1,424154 0,7915497 0,6405507
1,220703 0,816981 0,6421403
1,424154 0,8392333 0,6612136
1,220703 0,9028111 0,7136654
1,424154 0,9282423 0,735918
1,627604 0,979105 0,7915493
1,627604 0,9346001 0,7549915
2,034505 1,017252 0,8217493
2,237956 1,010894 0,8265177
1,627604 1,029968 0,8440021
1,831055 1,039505 0,8551285
1,831055 1,064937 0,8869179
1,627604 1,128515 0,9155282
1,831055 1,160304 0,9298332
1,627604 1,125336 0,9234755
1,627604 1,195272 0,9886427
2,034505 1,182556 0,9775165
1,831055 1,179377 0,9743379
2,237956 1,188914 0,9806959
2,441406 1,23024 1,006127
2,237956 1,281102 1,061757
2,034505 1,300176 1,061757
2,034505 1,341502 1,115798
2,034505 1,357396 1,123745
2,237956 1,49409 1,235007
2,237956 1,408259 1,160302
2,441406 1,513163 1,255671
2,848307 1,554489 1,295408
2,441406 1,611711 1,316071
2,848307 1,659394 1,370113
2,441406 1,694362 1,398723
3,255208 1,777013 1,467069
2,644857 1,764297 1,490911
3,255208 1,869201 1,556078
2,848307 1,926421 1,597404
3,051758 2,199809 1,805624
3,255208 2,180736 1,834235
3,66211 2,431868 1,991588
4,679362 2,476373 2,058347
3,86556 2,584459 2,161661
3,86556 2,578101 2,158484
4,06901 2,791087 2,357165
4,475912 2,943673 2,449354
4,475911 2,946852 2,452533
4,475912 3,108978 2,628961
4,679362 3,207525 2,679825
4,679362 3,283819 2,727509
5,289714 3,321966 2,797444
5,289713 3,665288 3,027917
5,696614 3,881454 3,19481
5,493164 3,894171 3,272692
5,493164 3,967285 3,355344
5,900065 4,234314 3,584226
7,120769 4,224776 3,587404
5,900065 4,212061 3,554025
6,103516 4,294713 3,635088
6,510417 4,533133 3,774961
6,306966 4,466376 3,803572
6,713867 4,558564 3,92437
6,103515 4,612603 3,967285
7,324219 4,971821 4,123052
7,73112 5,219777 4,423459
8,138021 5,324681 4,480679
8,138021 5,534489 4,657109
8,748373 5,664826 4,833539
7,934571 5,725225 4,74294
7,73112 5,661647 4,882813
7,120769 5,585354 4,83513
8,951822 5,925498 5,075135
8,138021 5,992252 5,156199
8,341472 6,036759 5,191167
8,748373 6,05583 5,21501
8,138021 5,931853 5,108514
8,341472 6,249744 5,29766
7,934571 6,055834 5,227728
8,341473 6,154379 5,283357
10,17253 6,580353 5,621911
8,951823 6,332397 5,343756
8,748373 6,52949 5,553563
8,544922 6,198883 5,249979
8,544922 6,361009 5,389852
9,765625 6,491342 5,650518
12,41048 6,736118 5,790392
9,155273 6,612142 5,572637
9,358725 6,723403 5,695024
9,155274 6,777444 5,887349
8,951823 6,767908 5,811057
9,562175 7,022221 5,915957
9,562175 6,955464 5,992252
9,155274 7,047652 5,933443
8,748373 7,019044 5,981128
9,969075 6,993612 6,044706
9,562175 7,165274 6,086033
8,951823 6,920497 5,880992
9,358724 7,120768 6,039937
9,562173 7,286074 6,143253
11,18978 7,193883 6,163916
10,57943 7,575353 6,402336
9,562174 7,460911 6,44048
10,17253 7,340115 6,271999
10,17253 7,654826 6,467499
10,17253 7,581711 6,52631
9,969075 7,680256 6,573993
9,969077 7,664363 6,569228
9,155274 7,705689 6,607373
12,20703 8,16663 6,903012
10,57943 7,82013 6,661417
10,37598 7,734301 6,607373
10,98633 7,708868 6,588299
10,57943 7,953644 6,76791
10,78288 8,160274 7,046064
11,18978 7,87735 6,755195
10,57943 8,07762 6,793338
10,57943 7,953644 6,718637
9,765625 7,975896 6,864867
10,37598 8,096695 6,960235
10,17253 7,950464 6,810823
10,57943 8,160275 7,079442
10,37598 8,039474 7,057189
11,18978 8,017221 7,063547
9,969076 8,068086 6,821952
10,78288 8,220675 7,050835
10,57943 8,13802 7,031757
10,98633 8,185706 7,049245
10,78288 8,557636 7,319451
10,37598 8,300148 7,034939
11,18978 8,363726 7,21137
10,37598 8,414586 7,20342
10,37598 8,207958 6,93957
12,00358 8,420946 7,185939
10,57943 8,459089 7,193882
10,17253 8,166633 7,069906
12,41048 8,338293 7,217726
11,80013 8,487701 7,390977
10,98633 8,573529 7,309912
11,39323 8,713402 7,395742
11,59668 8,52585 7,340114
10,57943 8,300145 7,205009
10,98633 8,570354 7,413228
11,39323 8,389153 7,263818
12,41048 8,452735 7,351242
10,78288 8,497237 7,445018
12,61393 8,452733 7,147788
12,00358 8,649823 7,472038
11,18978 8,891422 7,747013
10,37598 8,583065 7,414818
10,98633 8,945465 7,675489
11,59668 8,719765 7,623037
11,39323 8,6689 7,441837
11,59668 9,148916 7,786751
11,39323 8,964539 7,656415
11,80013 8,84056 7,597604
12,00358 8,948645 7,700921
12,41048 8,942287 7,658007
11,39323 9,174347 8,098283
10,98633 8,672076 7,408457
11,59668 8,82467 7,685027
11,80013 8,869172 7,774034
13,02083 9,053547 7,955233
11,59668 9,005863 7,727942
12,41048 8,897782 7,753374
11,59668 8,754727 7,570582
10,98633 8,980433 7,737479
11,80013 9,028116 7,770858
12,61393 9,180702 7,855096
12,61393 8,837382 7,683436
13,02083 9,371439 7,777214
13,22428 9,142554 7,894832
13,02083 9,234743 7,850327
12,61393 8,986792 7,440247
12,20703 9,28879 8,095106
12,81738 9,241103 8,093515
11,80013 9,187057 8,010862
13,02083 9,40959 8,16981
12,20703 9,260176 8,042652
12,20703 9,317399 8,085569
12,20703 9,393694 8,139612
12,00358 9,285607 7,90437
12,61393 9,291965 7,964768
12,41048 9,117126 7,818542
11,80013 9,218849 7,904372
13,42774 9,835561 8,403462
14,03809 9,632112 8,215904
12,00358 9,609859 8,333526
13,02083 9,152094 7,915496
13,02083 9,482701 8,047421
14,85189 9,657542 8,122128
13,22429 9,721121 8,158685
13,02083 9,428662 8,217493
12,00358 9,752909 8,430478
13,02083 9,291965 7,921854
12,81738 9,317399 7,928213
12,00358 9,578071 8,147557
13,63119 9,578068 8,411406
12,00358 9,635287 8,471806
11,80013 9,498596 8,217493
14,44499 10,22339 8,646646
13,02083 9,768804 8,22226
12,41048 9,670254 8,22067
14,03809 10,41094 8,989971
12,61393 9,784696 8,346241
13,02084 10,10577 8,449553
14,44499 10,06444 8,463861
13,83464 10,55082 8,84851
13,42773 9,959541 8,602143
15,25879 10,3569 8,848506
12,61393 10,39187 8,951823
13,22428 10,37916 8,945466
15,25879 10,48406 8,875531
14,03809 10,60804 9,048783
13,42773 10,61121 9,066263
14,24154 10,82738 9,158452
15,25879 11,12302 9,43025
13,22429 10,6589 9,175933
14,44499 11,16435 9,576481
15,66569 11,2915 9,58125
16,07259 11,08805 9,468396
14,85189 11,08805 9,563763
15,05534 11,21839 9,673431
16,07259 11,04037 9,341239
15,05534 11,06898 9,568535
15,66569 11,04355 9,460447
14,03809 11,21839 9,531975
15,05534 11,34872 9,62416
15,05534 11,13892 9,61145
14,85189 11,10713 9,493827
16,27604 11,61893 9,868937
14,03809 11,07534 9,611448
15,46224 11,36144 9,980199
13,83464 11,09441 9,749729
15,05534 11,43773 9,69092
13,83463 11,25972 9,541511
14,85189 11,48542 10,00722
17,49674 11,89232 10,43955
16,47949 11,23746 9,636878
15,05534 11,72384 10,27584
17,49675 11,94636 10,18365
16,27604 11,89232 10,09782
14,64844 11,549 10,1153
17,29329 11,78106 10,14868
15,25879 11,4123 9,805362
14,03809 11,78105 10,14709
13,63119 11,45681 9,926159
15,25879 11,67615 10,22339
15,66569 11,5331 10,04378
14,64844 11,69841 10,12008
16,07259 11,87007 10,31875
17,08984 12,19749 10,30127
18,514 11,90186 10,08352
14,03809 11,45681 10,00404
15,25879 11,44727 9,956357
15,25879 12,03219 10,3124
15,25879 12,23564 10,69228
14,85189 11,8955 10,23611
15,86914 12,07987 10,17094
16,07259 12,11167 10,06762
20,75195 12,27061 10,71771
15,46224 12,67751 10,93864
15,86914 12,16253 10,43479
17,7002 12,25471 10,69864
18,1071 12,5885 10,80195
17,49674 12,60121 10,85917
16,27604 12,82056 11,08329
16,07259 12,66162 10,71453
17,90364 12,92229 11,22633
17,49675 13,02083 10,97838
15,86914 12,66162 10,95613
17,90364 13,03037 11,04037
16,47949 13,03991 11,22316
17,49674 13,24336 11,49813
17,29329 12,92865 11,0817
17,29329 12,89686 11,2327
18,51399 13,01766 11,15481
17,49674 12,91911 11,13574
19,7347 13,43091 11,66503
17,70019 13,2974 11,36939
17,90364 13,20203 11,49972
17,70019 13,31011 11,61734
20,5485 13,23065 11,32806
16,47949 13,03673 11,32647
20,9554 13,19885 11,43456
19,12435 13,42456 11,58397
18,1071 13,51992 11,49177
17,08984 13,41184 11,851
18,9209 12,91275 10,77334
17,70019 13,30058 11,53628
17,7002 13,00812 10,99586
17,90364 13,59304 11,6237
17,49674 13,30376 11,3074
16,68294 13,50085 11,65231
17,7002 13,25925 11,72066
15,86914 13,21793 11,60145
18,9209 13,26879 11,67457
16,68294 13,72655 11,90662
18,1071 13,28468 11,60145
17,70019 13,87278 11,86848
16,47949 13,32283 11,59191
18,514 13,79331 11,91139
