0,6103516 0,2765655 0,2129875
0,6103516 0,3178917 0,2384189
0,6103516 0,3210706 0,2431873
0,6103516 0,3115338 0,2225243
0,8138021 0,2892812 0,2177559
0,6103516 0,3115338 0,2320611
0,8138021 0,2956391 0,2193453
0,8138021 0,298818 0,2241137
0,6103516 0,2733865 0,2145769
0,6103516 0,301997 0,23524
0,6103516 0,2988181 0,2193454
0,8138021 0,2829233 0,2177559
0,6103516 0,2606708 0,2066296
0,8138021 0,3083548 0,2320611
0,8138021 0,3083548 0,23524
0,6103516 0,2861023 0,2161664
0,8138021 0,3178917 0,2384189
0,6103516 0,2988181 0,2241137
0,6103516 0,3337863 0,2463663
0,6103516 0,2956391 0,2209348
0,6103516 0,3210706 0,2368295
0,8138021 0,3306074 0,2447768
0,6103516 0,2702076 0,2018612
0,6103516 0,298818 0,2241137
0,6103516 0,2924601 0,2257032
0,6103516 0,2956391 0,2225243
0,6103516 0,2924601 0,2209348
0,6103516 0,2733865 0,2145769
0,6103516 0,2924602 0,2272927
0,6103516 0,3115338 0,2431873
0,6103516 0,3083549 0,2368295
0,6103516 0,2861023 0,2288821
0,6103516 0,3083549 0,2304716
0,6103516 0,3496808 0,2543135
0,6103516 0,2829233 0,2177559
0,6103516 0,298818 0,2304716
0,8138021 0,3210706 0,23524
0,6103516 0,2861023 0,2145769
0,8138021 0,3433231 0,2574924
0,6103516 0,2765655 0,2129875
0,6103516 0,2733865 0,2161664
0,6103516 0,2892812 0,2177559
0,6103516 0,301997 0,2304716
0,6103516 0,298818 0,2193453
0,6103516 0,3115338 0,2400084
0,6103516 0,3306074 0,2320611
0,6103516 0,301997 0,2336505
1,220703 0,378291 0,2733868
0,8138021 0,3210706 0,2304716
0,8138021 0,3306074 0,2511346
0,6103516 0,3306074 0,2415979
0,6103516 0,3115338 0,23524
0,6103516 0,3178917 0,2479557
0,8138021 0,3051759 0,23524
0,6103516 0,3051759 0,2384189
0,6103516 0,301997 0,2209348
0,6103516 0,298818 0,232061
0,6103516 0,2861023 0,2257032
0,6103516 0,3178916 0,23524
0,6103516 0,298818 0,2209348
0,6103516 0,2829233 0,2304716
0,6103516 0,2956391 0,2161664
0,6103516 0,2892812 0,2241137
0,8138021 0,3274285 0,2511346
0,6103516 0,2861023 0,2161664
0,8138021 0,3083548 0,2209348
0,6103516 0,3178917 0,2495452
0,8138021 0,3147127 0,2400084
0,8138021 0,3369653 0,2527241
0,4069011 0,2829233 0,2177559
0,6103516 0,3337863 0,238419
0,8138021 0,3115338 0,2320611
0,6103516 0,3051759 0,2288821
0,6103516 0,3178917 0,2415979
0,8138021 0,3337863 0,2431873
0,6103516 0,2924602 0,2288821
0,6103516 0,3242495 0,2431873
0,6103516 0,3115338 0,2400084
0,6103516 0,3433231 0,2511346
0,6103516 0,2829233 0,2225242
0,8138021 0,2861023 0,2177559
0,4069011 0,2829233 0,2177559
0,6103516 0,3337863 0,2463663
0,6103516 0,3115338 0,2368295
0,4069011 0,301997 0,23524
0,6103516 0,3115337 0,2400084
0,6103516 0,3051759 0,2304716
0,8138021 0,3115338 0,23524
0,6103516 0,3147127 0,2447768
0,8138021 0,3178916 0,2447768
0,6103516 0,3083548 0,2447768
0,6103516 0,2797444 0,2209348
0,6103516 0,3242495 0,2431873
1,017253 0,3242495 0,2447768
0,6103516 0,3369653 0,2527241
0,6103516 0,3051759 0,2368294
0,6103516 0,3051759 0,2272927
0,6103516 0,3178916 0,2384189
0,6103516 0,301997 0,23524
0,6103516 0,3083548 0,2257032
0,4069011 0,3242496 0,2304717
1,017253 0,346502 0,2638502
0,4069011 0,2956391 0,2257032
0,6103516 0,301997 0,2241137
0,8138021 0,3337863 0,2447768
0,6103516 0,3465019 0,2574924
0,6103516 0,3051759 0,2336505
0,6103516 0,301997 0,2463662
0,8138021 0,3147127 0,23524
0,6103516 0,3083549 0,23524
0,6103516 0,3306074 0,2543136
0,8138021 0,3401442 0,2495452
0,8138021 0,3496809 0,2590818
0,6103516 0,2956391 0,2288821
0,6103516 0,2861023 0,2272926
0,6103516 0,3115338 0,2320611
0,6103516 0,2956391 0,2209348
0,6103516 0,2829233 0,2304716
0,6103516 0,3178917 0,2447768
0,6103516 0,3274285 0,2495452
0,8138021 0,3369653 0,2527241
0,8138021 0,3306074 0,2463663
0,6103516 0,3051759 0,2320611
0,6103516 0,298818 0,2368294
0,6103516 0,3274285 0,2574925
0,6103516 0,3306074 0,2543136
0,6103516 0,3369652 0,2543135
0,8138021 0,3210706 0,2495452
0,6103516 0,2829233 0,2304716
0,6103516 0,3242495 0,2463662
0,6103516 0,3560386 0,2606712
0,8138021 0,3051759 0,2415978
0,8138021 0,3973643 0,2765656
0,4069011 0,3306074 0,255903
0,6103516 0,3369653 0,2495452
0,8138021 0,3115338 0,23524
0,6103516 0,3528597 0,252724
0,6103516 0,3242495 0,2431873
0,6103516 0,3306074 0,2527241
0,6103516 0,3051759 0,2320611
0,8138021 0,3274285 0,2495452
0,6103516 0,3115337 0,2447768
0,6103516 0,3465019 0,2606713
0,6103516 0,3496809 0,2638502
0,6103516 0,3465019 0,2606713
0,6103516 0,3242495 0,2511346
0,8138021 0,3369652 0,2574924
1,017253 0,3401442 0,2543135
0,6103516 0,3465019 0,2654396
0,8138021 0,3623965 0,2733868
0,6103516 0,3496808 0,2606713
0,6103516 0,3369653 0,255903
0,6103516 0,3401442 0,2622608
0,8138021 0,3210706 0,2495452
0,8138021 0,3687542 0,281334
0,8138021 0,3242495 0,2495452
0,8138021 0,3623965 0,2733868
0,8138021 0,3623965 0,2717974
0,6103516 0,3274285 0,2543135
0,8138021 0,378291 0,2717973
0,6103516 0,3369653 0,2606713
0,6103516 0,3369653 0,255903
0,8138021 0,3242495 0,2527241
0,6103516 0,2988181 0,2384189
1,017253 0,3687542 0,281334
0,8138021 0,3337863 0,255903
0,6103516 0,3337863 0,255903
0,8138021 0,3592176 0,252724
0,6103516 0,3846487 0,2829234
0,8138021 0,3528598 0,2717974
0,6103516 0,3592175 0,267029
0,6103516 0,375112 0,2876918
0,8138021 0,3782909 0,2845129
0,6103516 0,3433231 0,2654397
0,8138021 0,3274284 0,2527241
0,6103516 0,3433231 0,2638502
0,6103516 0,3496808 0,270208
0,6103516 0,3274285 0,2527241
0,6103516 0,346502 0,2590819
0,6103516 0,346502 0,2654397
0,6103516 0,3592175 0,2686185
0,6103516 0,3337863 0,2606713
0,8138021 0,3560387 0,267029
0,6103516 0,3623964 0,2781551
0,6103516 0,375112 0,2781551
0,6103516 0,3846487 0,2892812
0,8138021 0,4037221 0,2988178
0,6103516 0,3814699 0,2797445
0,8138021 0,3878277 0,2924601
0,8138021 0,3910065 0,2908706
0,8138021 0,4100799 0,3035861
0,6103516 0,4355111 0,3115332
0,6103516 0,3910065 0,2892812
0,6103516 0,3814698 0,2861023
0,6103516 0,3910065 0,2924601
0,6103516 0,4164376 0,3051755
1,017253 0,3623965 0,2797446
1,017253 0,4545846 0,3242488
0,6103516 0,3910066 0,2892812
0,8138021 0,4164377 0,3051755
0,8138021 0,3782909 0,281334
1,017253 0,3878277 0,2861023
0,8138021 0,3846487 0,2908706
0,6103516 0,43869 0,3163016
0,8138021 0,4323322 0,3163016
0,8138021 0,4355111 0,3131227
0,8138021 0,4450479 0,317891
0,8138021 0,4545845 0,3258382
0,8138021 0,4355112 0,3147122
0,8138021 0,406901 0,3019967
0,8138021 0,4132589 0,306765
1,220703 0,4355111 0,317891
0,8138021 0,4482267 0,3242487
0,8138021 0,4227955 0,3083544
0,8138021 0,4418689 0,3210699
0,6103516 0,43869 0,3274276
1,017253 0,4609424 0,343322
0,8138021 0,470479 0,3623958
0,8138021 0,4577634 0,34968
0,8138021 0,4673001 0,3528589
0,8138021 0,4704791 0,3687536
0,8138021 0,4863735 0,3894167
0,8138021 0,4959103 0,3878272
0,8138021 0,4990892 0,400543
0,8138021 0,508626 0,3830588
1,017253 0,4927314 0,3957746
0,8138021 0,4895525 0,3910062
0,8138021 0,5149838 0,4021324
1,017253 0,5213417 0,4069009
1,220703 0,5340575 0,4243851
1,017253 0,5404153 0,4355114
1,017253 0,5912783 0,4688902
1,017253 0,5308785 0,4291535
1,017253 0,5817416 0,454585
1,220703 0,6167096 0,4831954
0,8138021 0,5785626 0,4561745
1,424154 0,6612142 0,5086268
1,831055 0,638962 0,5006795
1,424154 0,6357831 0,505448
1,017253 0,635783 0,5038585
1,220703 0,6612143 0,5118058
1,220703 0,6802877 0,5324687
1,017253 0,7088979 0,5610785
1,017253 0,7343293 0,588099
1,017253 0,7406871 0,5928673
1,424154 0,7979077 0,6294246
1,017253 0,7820131 0,6310139
1,627604 0,8837379 0,6866447
1,627604 0,937779 0,7422758
2,034505 1,128515 0,8630757
2,237956 1,179378 0,9314225
2,441406 1,25885 0,9838744
2,441406 1,341501 1,08401
2,848307 1,475016 1,185733
2,441406 1,541774 1,271566
3,458659 1,732509 1,357397
4,06901 1,926422 1,533826
3,66211 2,31107 1,851718
5,493164 2,584457 2,045631
6,103515 2,946855 2,311071
7,324218 3,620784 2,789497
9,155271 4,09762 3,180503
10,98633 5,114873 3,844897
13,83464 6,488165 4,792213
14,24154 7,22567 5,496343
19,12436 8,557635 6,492931
16,68295 9,276071 7,195473
15,6657 9,800593 7,777215
17,49676 10,2965 8,31763
17,2933 11,53946 9,358722
19,12436 11,76834 9,741785
18,92091 12,1371 10,02312
16,4795 11,60304 9,802186
27,66925 13,62801 10,93865
19,32781 12,74427 10,60168
23,39681 14,41638 11,80332
23,39681 14,34644 11,61576
25,22786 15,49404 12,41684
25,63476 15,82146 13,08124
22,98991 16,9309 14,19703
30,11065 18,44724 15,65456
33,36584 19,2992 16,10597
38,04519 19,39456 16,36982
33,5693 20,66931 16,75448
33,5693 21,2574 17,26627
41,91077 20,90137 17,44112
41,70732 22,43678 18,92408
36,21415 22,79917 18,91931
32,55205 22,57982 18,85414
34,58654 22,46538 19,00037
31,73825 22,84367 19,32939
32,7555 21,69927 18,88752
30,92445 22,22697 18,88434
32,3486 22,56075 19,50264
34,78999 23,13295 19,54078
31,9417 23,61615 19,91272
31,1279 23,12978 19,75219
42,11422 24,04212 20,4118
40,89351 23,91179 20,593
38,24864 24,7701 21,56098
44,55564 26,11796 22,19995
48,82814 26,61386 22,68314
42,72458 28,66743 23,8498
47,81088 30,04072 25,18493
44,14874 30,03118 25,6284
53,50754 31,3091 26,25146
52,49028 32,10383 27,37361
55,13515 33,5407 28,19378
52,49028 32,66967 27,949
42,52113 31,13744 26,60909
51,06611 32,50755 27,77894
53,91444 33,77911 29,4272
66,12157 33,03206 28,08728
47,81088 33,86812 29,31911
62,66288 35,15558 28,75962
52,08337 34,7296 29,25394
54,9317 34,21463 29,23487
45,166 34,01752 29,54481
50,04885 34,24641 28,86453
53,71099 35,27956 31,01982
45,57291 35,21916 29,86747
64,49395 36,04567 31,45216
59,20419 36,03296 31,01666
59,20419 37,20282 31,99417
57,78003 37,67965 31,89404
69,58025 37,16784 30,97372
57,37313 38,15965 33,16559
58,18694 37,10108 31,68423
63,47669 38,67464 33,36905
61,23872 37,32678 32,70943
67,74918 38,73185 33,08453
60,22145 38,3504 33,05752
56,76277 39,80634 34,45624
67,13882 41,32586 34,5516
64,2905 39,89216 34,05727
62,66288 40,44848 34,73916
62,45943 40,83948 34,3116
61,03526 39,02431 33,54706
62,66288 42,6006 35,93443
59,00074 41,49434 35,83746
65,30775 42,7055 36,50185
71,81822 43,06472 37,4444
59,81455 43,07426 37,2632
67,54573 44,80041 38,70166
57,98348 43,17915 37,40783
67,74918 45,78907 39,77773
69,58025 46,40579 40,36901
69,3768 49,2732 42,6229
79,75282 47,87447 40,84586
69,98715 50,42398 43,78796
69,98715 49,84224 42,64038
71,81822 50,42715 43,36994
80,15971 50,57338 43,91035
77,10798 51,63833 44,61767
71,81822 50,66557 41,24483
76,49762 51,6256 44,75118
70,39406 51,46984 44,79092
78,12524 55,4276 46,69987
65,30775 51,38718 44,6717
80,9735 55,62471 46,83498
73,64929 52,37584 44,86881
78,12524 55,7741 47,50572
76,29417 55,68511 47,4199
74,66655 56,86767 48,49277
79,14247 55,76775 47,47712
79,95626 55,79001 47,47552
82,19418 61,05434 50,46214
74,66655 60,30411 50,80704
85,04244 59,16923 49,24938
74,87 60,60293 50,46373
77,92178 60,53617 50,68306
80,15971 60,20557 50,86586
84,839 61,12427 51,27913
80,36315 62,71692 52,31704
85,65279 59,09929 49,90902
82,80452 63,40675 53,04977
86,87347 62,79957 52,22166
83,82176 60,89539 50,5114
84,839 61,45171 51,55569
79,54936 62,83137 51,76073
80,5666 62,00803 51,95465
79,14247 62,65015 51,77663
79,34592 60,23736 50,46374
79,75282 62,7042 53,05454
82,60107 64,25234 54,06863
79,34592 63,46079 53,76346
83,61832 64,9231 54,42785
79,14247 62,76778 51,6002
79,34592 61,90947 51,57955
77,10798 63,50847 52,99734
79,75282 63,15245 52,72872
81,38039 63,82319 53,3645
80,36315 64,06161 54,86812
79,95626 63,40993 52,77798
85,44934 65,1806 54,12427
77,10798 63,429 52,74936
80,9735 67,73964 56,7278
85,65279 66,33455 54,12904
77,31143 64,56388 52,6842
79,34592 63,89948 52,84952
80,77005 66,53799 56,49733
