0,6103516 0,2797444 0,2177559
0,6103516 0,2829233 0,2145769
0,4069011 0,2765655 0,211398
0,6103516 0,2733865 0,2050401
0,8138021 0,2829233 0,2177558
0,6103516 0,2702076 0,2082191
0,6103516 0,3147127 0,2320611
0,4069011 0,2988181 0,2209348
0,6103516 0,2574919 0,2018612
0,6103516 0,3274285 0,2447768
0,6103516 0,2924601 0,2066296
1,017253 0,3306074 0,2400084
0,4069011 0,2829233 0,2272926
0,6103516 0,301997 0,2177559
0,6103516 0,2861023 0,2241137
0,6103516 0,2733865 0,2066296
0,6103516 0,2733865 0,2066296
0,6103516 0,2670287 0,2082191
0,6103516 0,2892812 0,1939139
0,6103516 0,298818 0,2225243
0,6103516 0,2861023 0,211398
0,6103516 0,3083549 0,2384189
0,4069011 0,2797444 0,2225242
0,6103516 0,2765655 0,2098085
0,6103516 0,301997 0,2193454
0,6103516 0,2956391 0,2257032
0,6103516 0,3210706 0,2368295
0,6103516 0,2829233 0,2129875
0,4069011 0,2606708 0,2002717
0,6103516 0,2702076 0,2098085
0,8138021 0,3051759 0,2177559
0,6103516 0,3147127 0,2447768
0,6103516 0,3115337 0,2336505
0,6103516 0,2829233 0,2082191
0,6103516 0,3337863 0,238419
0,6103516 0,3019969 0,2257032
0,6103516 0,2861023 0,2193453
0,8138021 0,3242495 0,2400084
0,6103516 0,3115338 0,2336505
0,8138021 0,3051759 0,2177559
0,8138021 0,301997 0,2320611
0,6103516 0,301997 0,2272927
1,017253 0,3178916 0,2368295
0,8138021 0,3147127 0,2257032
0,6103516 0,3274285 0,2415979
0,4069011 0,301997 0,2368294
0,6103516 0,2924601 0,2257032
0,6103516 0,3083549 0,2288821
0,6103516 0,3115338 0,2336505
0,6103516 0,2861023 0,2161664
0,6103516 0,3242495 0,2400084
0,6103516 0,2797444 0,2098085
0,6103516 0,3115338 0,2447768
0,6103516 0,3083548 0,2304716
0,6103516 0,2956391 0,2161664
0,8138021 0,3274285 0,2431873
0,6103516 0,2797444 0,2209348
0,6103516 0,3147127 0,2304716
0,6103516 0,2702076 0,211398
0,6103516 0,3019969 0,2241137
0,6103516 0,3560387 0,2511346
0,6103516 0,3083549 0,2288821
0,4069011 0,2733865 0,2098085
0,6103516 0,3019969 0,2288821
0,6103516 0,2956391 0,2304716
0,6103516 0,3210706 0,2368295
0,8138021 0,298818 0,2209348
0,8138021 0,3178917 0,2384189
0,6103516 0,3274285 0,2511346
0,8138021 0,3115337 0,2400084
0,6103516 0,2956391 0,232061
0,6103516 0,3337863 0,2463663
0,8138021 0,3083548 0,2209348
0,6103516 0,298818 0,2161664
0,6103516 0,346502 0,2527241
1,017253 0,3337863 0,2336506
0,6103516 0,2892812 0,2336505
0,6103516 0,2765655 0,2193453
0,6103516 0,3401442 0,2543136
0,6103516 0,3210706 0,2368295
0,6103516 0,3242495 0,2463662
0,8138021 0,3592176 0,267029
0,6103516 0,3178916 0,2447768
0,6103516 0,3210706 0,2447768
0,6103516 0,3147127 0,2415978
0,6103516 0,3083549 0,2320611
0,4069011 0,2670287 0,2066296
0,4069011 0,2765655 0,2225242
0,6103516 0,301997 0,23524
0,6103516 0,2956391 0,2400084
0,6103516 0,3083549 0,2288821
1,017253 0,3274284 0,2527241
1,017253 0,3115337 0,2400084
0,8138021 0,2892812 0,2336505
0,6103516 0,3083549 0,23524
0,6103516 0,3337863 0,255903
0,6103516 0,2924602 0,2193453
0,8138021 0,3369653 0,2479557
0,6103516 0,3496808 0,2447768
0,6103516 0,3274285 0,2431873
0,8138021 0,3560387 0,2702079
0,8138021 0,3115338 0,2463662
0,6103516 0,3274284 0,2415979
0,8138021 0,3178917 0,2368295
0,6103516 0,3433231 0,2670291
0,6103516 0,3274285 0,2479557
0,6103516 0,3147127 0,2336506
0,6103516 0,3433231 0,2479557
0,8138021 0,3496809 0,2686185
0,6103516 0,3337863 0,2543136
0,6103516 0,3242495 0,238419
0,8138021 0,3274285 0,2543135
0,6103516 0,3083549 0,2447768
0,6103516 0,2924602 0,2257032
0,6103516 0,3147127 0,2400084
0,6103516 0,3147127 0,2415979
0,8138021 0,346502 0,2511347
0,6103516 0,3147127 0,2368295
0,6103516 0,3306074 0,2495452
0,8138021 0,3147127 0,2479557
0,8138021 0,3337863 0,255903
0,6103516 0,3115338 0,2368295
0,8138021 0,3433231 0,2527241
0,6103516 0,3210706 0,2463662
0,6103516 0,3274284 0,2527241
0,6103516 0,3369652 0,2574924
0,6103516 0,3178917 0,2447768
0,6103516 0,3274285 0,2479557
0,6103516 0,3433231 0,2527241
0,8138021 0,3306074 0,2495452
0,6103516 0,3369653 0,2511347
0,6103516 0,3210706 0,2463663
0,6103516 0,3306074 0,2511347
0,8138021 0,3528597 0,2606713
1,017253 0,3306074 0,2447768
0,6103516 0,3178917 0,2479557
0,8138021 0,3274285 0,2463663
0,6103516 0,3083549 0,2431873
0,6103516 0,3306074 0,238419
0,6103516 0,3369653 0,2590819
0,8138021 0,3337863 0,2543135
0,8138021 0,3528598 0,2606713
0,6103516 0,3465019 0,2638502
0,6103516 0,3083549 0,23524
0,6103516 0,3210706 0,2431873
0,6103516 0,3496809 0,2638502
0,6103516 0,3210706 0,2463663
0,6103516 0,3433231 0,2590819
0,6103516 0,3242495 0,2447768
0,8138021 0,3528598 0,2606713
0,6103516 0,3528598 0,2654396
0,6103516 0,3147127 0,2447768
0,6103516 0,3751121 0,2765657
0,8138021 0,3306074 0,2511346
0,6103516 0,3274285 0,2447768
1,017253 0,3178916 0,2463662
0,8138021 0,3242495 0,238419
0,6103516 0,3306074 0,2543135
0,6103516 0,3369652 0,255903
0,6103516 0,3401442 0,2511347
1,017253 0,3560387 0,2559029
0,8138021 0,3560387 0,2622607
0,6103516 0,3401442 0,2654397
0,6103516 0,3592175 0,267029
0,6103516 0,3242495 0,2431873
0,6103516 0,3465019 0,2606713
0,6103516 0,343323 0,2511346
0,6103516 0,3401442 0,2606713
1,017253 0,346502 0,2606713
0,6103516 0,3274285 0,2463663
0,6103516 0,3178916 0,2511346
0,6103516 0,3115338 0,2479557
0,8138021 0,3274285 0,255903
0,6103516 0,3465019 0,2622607
0,6103516 0,3242495 0,2511346
0,6103516 0,3178916 0,2479557
0,8138021 0,3147127 0,2511346
0,6103516 0,3592175 0,2606712
0,6103516 0,3655753 0,2702079
0,6103516 0,3528597 0,2638502
0,6103516 0,3465019 0,2590818
0,8138021 0,3592176 0,267029
0,6103516 0,3306074 0,2606713
0,6103516 0,3655753 0,2733868
0,6103516 0,3337863 0,255903
0,6103516 0,3465019 0,2574924
0,6103516 0,346502 0,2654397
0,8138021 0,3623964 0,2686185
0,6103516 0,3274284 0,2495452
0,8138021 0,343323 0,2590818
0,6103516 0,3719331 0,2749762
0,6103516 0,3369652 0,2590819
0,6103516 0,3687542 0,2717973
1,017253 0,3496809 0,2717974
0,6103516 0,3337863 0,2495452
0,6103516 0,3496808 0,2638502
0,6103516 0,3782909 0,2781551
0,8138021 0,3719331 0,2797446
0,8138021 0,3433231 0,2606713
0,6103516 0,3274285 0,2479557
0,8138021 0,3592176 0,2749763
0,8138021 0,3592176 0,2574924
0,8138021 0,3210706 0,2495452
0,6103516 0,3528597 0,267029
0,6103516 0,3274285 0,2479557
0,8138021 0,3592176 0,2749763
0,8138021 0,3528597 0,2622607
0,6103516 0,3465019 0,2574924
0,6103516 0,3337863 0,2527241
0,6103516 0,3115338 0,2447768
0,6103516 0,3719331 0,2733867
0,6103516 0,3655753 0,2702079
0,8138021 0,3401442 0,2543135
0,6103516 0,3274285 0,2574925
0,6103516 0,3655753 0,2749763
1,017253 0,3369653 0,2463663
0,8138021 0,3210706 0,2511346
0,8138021 0,3751121 0,2733868
0,8138021 0,3306074 0,2527241
0,6103516 0,3465019 0,2622607
1,017253 0,3401442 0,2606713
0,6103516 0,3242495 0,2543135
0,6103516 0,3465019 0,2670291
0,6103516 0,3242495 0,2495452
0,4069011 0,2988181 0,2415978
0,6103516 0,3687543 0,2765657
0,6103516 0,3433231 0,2590819
0,6103516 0,3592176 0,2749763
0,6103516 0,3560386 0,2686185
0,8138021 0,3623965 0,2765657
0,8138021 0,3528598 0,2654396
0,8138021 0,3433231 0,2590819
0,6103516 0,3687542 0,2797446
0,6103516 0,3369652 0,255903
0,6103516 0,378291 0,2765656
0,8138021 0,3560387 0,2717974
0,6103516 0,3401441 0,2622608
0,8138021 0,3401442 0,255903
0,6103516 0,3433231 0,270208
0,8138021 0,4037221 0,29246
0,8138021 0,3528597 0,2654396
0,8138021 0,3751121 0,281334
0,6103516 0,3623964 0,2749763
0,8138021 0,3973644 0,2924601
1,017253 0,4005433 0,2956389
0,6103516 0,375112 0,281334
0,6103516 0,3655753 0,2749763
0,8138021 0,3592176 0,2702079
0,6103516 0,3528597 0,2654396
0,6103516 0,3496808 0,2686185
0,6103516 0,3910065 0,2908706
0,8138021 0,4323323 0,3131227
0,8138021 0,3751121 0,2781551
0,6103516 0,3910065 0,2876917
0,6103516 0,3719331 0,2781551
0,8138021 0,3878277 0,2908706
0,8138021 0,3910066 0,2908706
0,6103516 0,3719331 0,2733867
0,8138021 0,4069011 0,3004073
0,8138021 0,4100799 0,3035861
1,017253 0,4069011 0,2892812
0,8138021 0,4069011 0,2924601
1,220703 0,4259745 0,3035861
0,6103516 0,3687542 0,2797446
0,6103516 0,3687542 0,2797446
0,6103516 0,3973643 0,29246
0,8138021 0,4355112 0,3147122
0,6103516 0,3655753 0,2765657
0,8138021 0,3973643 0,2972284
0,6103516 0,4037221 0,3019967
0,8138021 0,4196167 0,3051755
0,8138021 0,3751121 0,2861024
0,6103516 0,375112 0,2876918
0,8138021 0,3560386 0,2797446
0,8138021 0,4355111 0,3147121
0,8138021 0,4482267 0,3242488
0,6103516 0,3910064 0,29246
0,8138021 0,3687543 0,2781551
0,6103516 0,4259744 0,3115333
0,8138021 0,4418689 0,317891
1,017253 0,406901 0,2972283
0,8138021 0,441869 0,3194805
0,8138021 0,4100799 0,2988178
0,8138021 0,4196167 0,306765
0,8138021 0,4450479 0,3163016
0,8138021 0,4418689 0,3163016
0,6103516 0,4100799 0,2988178
0,8138021 0,4514056 0,3242488
0,8138021 0,3878276 0,2892812
0,6103516 0,4355111 0,3147121
0,8138021 0,4037221 0,3035861
1,220703 0,4418689 0,317891
0,6103516 0,3941854 0,2940495
0,8138021 0,4386901 0,3163016
0,8138021 0,4227955 0,3099439
0,8138021 0,441869 0,3226594
0,8138021 0,43869 0,3226593
0,8138021 0,4641213 0,3369643
0,6103516 0,4482267 0,332196
0,8138021 0,4641213 0,34968
1,017253 0,4641213 0,3401431
0,8138021 0,4577634 0,3433221
1,017253 0,4895525 0,3544483
0,8138021 0,4736579 0,3480904
0,8138021 0,4450478 0,3321959
0,8138021 0,4768369 0,3735221
1,220703 0,4800158 0,3544484
0,8138021 0,508626 0,3830588
1,220703 0,4863736 0,3592167
0,8138021 0,4863736 0,3719325
1,017253 0,4673001 0,3592168
0,8138021 0,4863735 0,3814694
1,017253 0,5404153 0,4227956
1,017253 0,5308785 0,394185
0,8138021 0,4831946 0,3894168
1,017253 0,5308785 0,4323325
1,220703 0,5785626 0,4434587
1,017253 0,5658469 0,4434587
1,220703 0,5245206 0,4164377
1,017253 0,5849204 0,4641218
1,017253 0,6230675 0,4800164
1,017253 0,6357831 0,502269
1,017253 0,6771089 0,5133952
1,424154 0,7343293 0,565847
1,627604 0,7470449 0,5658471
1,424154 0,788371 0,6373718
1,831055 0,8519489 0,6675714
1,627604 0,9028112 0,6945919
1,627604 1,014073 0,7820123
1,831055 1,099905 0,8598968
2,237956 1,039505 0,8344651
1,831055 1,138052 0,8996333
4,27246 1,255671 0,9679798
3,458659 1,4019 1,091957
4,069011 1,557668 1,188913
4,272461 1,761119 1,343092
4,069011 1,99318 1,514753
6,917317 2,476375 1,84536
13,22429 2,997717 2,22842
6,713867 3,493626 2,63532
7,93457 4,091262 3,126463
14,64844 5,397797 3,95457
44,96254 7,232029 5,035401
29,29686 9,152093 6,287894
46,79361 13,68841 8,956593
45,77634 21,04441 13,52151
65,9181 25,86364 17,70814
69,78367 34,22101 23,4286
60,62835 41,75185 29,60363
64,49393 46,6156 35,76915
70,394 51,67011 41,40378
66,93536 55,50071 45,25027
79,75278 58,33633 49,26527
72,22512 58,94034 49,44329
83,41486 62,59293 52,44419
76,4976 62,72327 52,93533
93,58723 64,76732 55,60881
83,00799 66,5666 58,08838
91,14587 68,30547 59,49503
86,67001 68,82681 59,47916
92,77344 70,99485 62,02233
85,2459 71,09659 62,90287
91,34933 71,46216 63,4433
94,40102 74,43127 63,74848
97,65618 75,71871 67,3804
94,60445 76,14788 68,70763
97,65618 76,3863 67,986
97,65618 76,81229 68,18786
97,65618 78,3032 69,74872
97,65618 77,47984 68,96353
97,65618 77,76274 67,6808
97,65618 78,13151 69,4594
97,65618 78,27776 70,04117
95,41827 79,05024 70,57362
97,65618 80,16599 70,97095
97,24929 81,41533 71,00755
97,65618 80,16918 67,66171
96,63895 78,84678 70,44968
97,85963 80,88129 69,71056
97,65618 83,91393 71,53526
97,65618 84,31128 76,08743
97,65618 84,86123 74,68711
101,9286 86,87346 75,06063
103,7596 88,35165 78,63848
98,06308 87,87799 75,80289
97,65618 87,85891 78,33807
97,65618 87,48061 77,92957
97,65618 89,29576 77,68639
97,65618 87,71586 75,41983
97,65618 86,85441 78,83401
97,65618 88,40888 78,12831
97,65618 88,1768 78,83401
97,6562 89,11137 79,26794
99,89413 87,87798 77,93438
97,65618 91,0537 80,40281
97,65618 90,36704 76,97589
97,65618 90,96151 81,17207
101,9286 89,64225 77,88982
103,7596 90,42747 79,52855
97,65618 90,26852 80,3011
100,301 90,13181 79,70978
97,65618 90,84071 80,57445
98,06309 89,99196 78,71479
97,65618 92,59859 82,69955
100,0976 91,88338 82,35944
102,3355 93,50774 82,42933
99,89413 92,83067 80,94953
97,65618 92,83702 80,75085
97,85964 94,95731 84,76583
103,1493 92,86246 83,03493
97,6562 92,47465 82,07175
101,9286 92,99277 81,17524
100,9113 93,84473 83,86302
103,5562 93,01188 81,09102
97,65618 94,34379 84,44318
101,7251 93,85109 84,50835
102,3355 93,7112 85,04717
103,5562 94,20395 85,04242
97,85963 94,22298 85,57486
101,9286 93,6699 82,60896
104,1665 94,97958 86,32191
103,1493 93,59676 83,17002
102,132 95,52634 87,14996
99,28379 93,77795 83,29082
101,5217 95,40554 85,32212
97,85964 93,11995 83,15733
102,132 95,31335 86,25673
104,1665 94,96051 85,97542
101,3182 94,59808 85,93408
110,4734 94,18167 86,29967
100,0976 95,02408 86,16456
108,8458 95,5168 85,12029
110,6768 96,39417 86,83845
104,1665 95,31654 86,48085
103,3527 95,11309 84,77854
101,9286 95,4437 87,9336
104,3699 95,20847 87,61571
104,1665 95,69167 85,89751
99,69066 95,51361 86,18359
104,1665 96,15577 87,23586
104,1665 95,79972 85,29666
102,3355 95,17349 83,85667
102,7424 95,51044 84,02352
104,3699 95,47865 86,15659
104,1665 95,81562 84,73561
104,1665 95,89191 87,32962
104,3699 96,39101 85,52554
