0,6103516 0,2702076 0,2002717
0,6103516 0,2892812 0,2209348
0,6103516 0,2797444 0,2145769
0,6103516 0,3083548 0,2320611
0,6103516 0,3306074 0,2336506
0,6103516 0,2702076 0,2050401
0,8138021 0,3242495 0,238419
0,6103516 0,2892812 0,2050402
0,8138021 0,2861023 0,2177559
0,6103516 0,2733865 0,211398
0,6103516 0,2892812 0,2193453
0,6103516 0,2702076 0,2098085
0,6103516 0,3147127 0,2288822
0,4069011 0,2956391 0,2193453
0,8138021 0,3051759 0,2177559
0,4069011 0,2733865 0,2098085
0,4069011 0,2829233 0,2177559
0,6103516 0,3147127 0,2288821
0,6103516 0,2638497 0,1955034
0,6103516 0,2892812 0,2193453
0,6103516 0,3051759 0,2288821
0,6103516 0,3115338 0,2320611
0,6103516 0,3115337 0,2431873
0,6103516 0,2733865 0,2082191
0,8138021 0,2892812 0,2193453
0,6103516 0,2924601 0,2161664
0,6103516 0,3147127 0,23524
0,8138021 0,3051759 0,2193454
0,4069011 0,2765655 0,2129875
1,017253 0,3337863 0,2527241
0,6103516 0,3083549 0,23524
0,6103516 0,2924601 0,2177559
1,017253 0,3274284 0,2384189
0,6103516 0,2797444 0,2082191
0,6103516 0,2956391 0,23524
0,4069011 0,2733865 0,2161664
0,6103516 0,3051759 0,23524
0,6103516 0,2765655 0,2066296
0,6103516 0,3178917 0,2431873
0,6103516 0,298818 0,2272927
0,6103516 0,3147127 0,2304716
0,6103516 0,2733865 0,2129875
0,6103516 0,3115338 0,2368295
0,6103516 0,298818 0,2304716
0,6103516 0,298818 0,2129875
0,6103516 0,2924602 0,2209348
0,6103516 0,301997 0,2161664
0,6103516 0,3306074 0,2463663
0,6103516 0,2924602 0,2272927
0,6103516 0,298818 0,2272927
0,6103516 0,3051759 0,2320611
0,4069011 0,2733865 0,2082191
0,6103516 0,3178916 0,2336505
0,6103516 0,301997 0,2320611
0,6103516 0,3147127 0,2304716
0,6103516 0,3274285 0,2527241
0,6103516 0,2797444 0,2018612
0,6103516 0,2924601 0,2272926
0,8138021 0,2861023 0,2209348
0,6103516 0,2956391 0,2272927
0,6103516 0,2892812 0,2272926
0,4069011 0,2574919 0,2066296
0,6103516 0,3051759 0,2257032
0,8138021 0,298818 0,2225243
1,017253 0,3242495 0,2431873
0,8138021 0,2956391 0,2272927
0,6103516 0,2861023 0,2193453
0,6103516 0,2988181 0,2320611
0,8138021 0,2924601 0,2257032
0,6103516 0,3242495 0,2400084
0,6103516 0,3242495 0,23524
0,6103516 0,3083549 0,23524
0,6103516 0,3083549 0,23524
0,8138021 0,2924601 0,2257032
0,6103516 0,2956391 0,2288821
0,6103516 0,3083549 0,2384189
0,6103516 0,2956391 0,2177559
0,6103516 0,3178917 0,2368295
0,6103516 0,3019969 0,2257032
0,6103516 0,3210706 0,23524
0,8138021 0,3210706 0,2384189
0,8138021 0,346502 0,2479557
0,6103516 0,3019969 0,2288821
0,8138021 0,3019969 0,2336505
0,6103516 0,2861023 0,2272926
0,6103516 0,2829233 0,2272926
0,8138021 0,3274284 0,2479557
0,6103516 0,3306074 0,2447768
0,6103516 0,2861022 0,2241137
0,8138021 0,3019969 0,2288821
0,6103516 0,3401442 0,2574924
0,6103516 0,298818 0,23524
0,6103516 0,2956391 0,2272927
0,6103516 0,3242495 0,2447768
0,6103516 0,2924602 0,2225243
0,6103516 0,3274285 0,2479557
0,6103516 0,301997 0,2272927
0,6103516 0,298818 0,2257032
0,4069011 0,2829233 0,2241137
0,8138021 0,298818 0,2272927
0,6103516 0,3147127 0,2400084
0,6103516 0,298818 0,2272927
0,6103516 0,3178916 0,23524
0,6103516 0,3369653 0,2495452
0,6103516 0,3337863 0,2543136
0,6103516 0,301997 0,2272927
0,8138021 0,3178917 0,2431873
0,8138021 0,3178917 0,2384189
0,8138021 0,301997 0,23524
0,6103516 0,298818 0,2241137
0,6103516 0,2956391 0,2241137
0,6103516 0,2765655 0,2177558
0,6103516 0,2829233 0,2209348
0,6103516 0,2861023 0,2177559
0,8138021 0,2924601 0,2145769
0,8138021 0,2892812 0,2241137
0,6103516 0,2956391 0,2193453
0,6103516 0,3337863 0,2527241
0,6103516 0,3210706 0,2431873
0,6103516 0,3083549 0,2400084
0,6103516 0,3337863 0,2590819
0,4069011 0,2733865 0,2177558
0,6103516 0,301997 0,2241137
0,6103516 0,3051759 0,2320611
0,6103516 0,3306074 0,2463663
0,8138021 0,2829233 0,2193453
0,8138021 0,3083548 0,2209348
0,6103516 0,3147127 0,2368295
0,6103516 0,2924601 0,2225243
0,8138021 0,3178917 0,2241138
0,6103516 0,298818 0,2272927
0,6103516 0,298818 0,2177559
0,6103516 0,2924601 0,2304716
0,8138021 0,3210706 0,2336506
0,8138021 0,3242495 0,2431873
0,6103516 0,2956391 0,232061
0,6103516 0,3147127 0,2368295
0,6103516 0,3083549 0,23524
0,6103516 0,298818 0,2288821
0,6103516 0,3369653 0,2527241
0,6103516 0,3337863 0,23524
0,8138021 0,3083548 0,23524
0,6103516 0,3083548 0,2320611
0,6103516 0,2956391 0,2304716
0,8138021 0,2892812 0,2225243
0,6103516 0,3147127 0,2384189
0,8138021 0,3115338 0,2415978
0,6103516 0,2956391 0,2368294
0,6103516 0,3528597 0,2638502
0,6103516 0,3242495 0,2447768
0,8138021 0,3337863 0,2479557
0,6103516 0,3337863 0,2527241
0,8138021 0,3115337 0,2368294
0,8138021 0,298818 0,23524
0,6103516 0,3115338 0,2400084
0,6103516 0,3306074 0,2463663
0,6103516 0,3306074 0,2495452
0,4069011 0,2797444 0,2177559
0,6103516 0,3369653 0,2463663
0,6103516 0,2892812 0,2257032
0,6103516 0,3147127 0,2336506
0,6103516 0,2733865 0,2177558
0,6103516 0,3115338 0,2415978
0,6103516 0,301997 0,2368294
0,8138021 0,3115338 0,2320611
0,8138021 0,3274285 0,2479557
0,6103516 0,3083549 0,2400084
0,6103516 0,2956391 0,2272927
0,8138021 0,3592176 0,2654396
0,8138021 0,3433231 0,2606713
0,6103516 0,3051759 0,2304716
0,6103516 0,3178917 0,2368295
0,6103516 0,3051759 0,2368294
0,8138021 0,3083549 0,2368295
0,6103516 0,2829233 0,2241137
0,6103516 0,298818 0,2241137
0,6103516 0,3147127 0,2400084
0,8138021 0,3115337 0,2304716
0,6103516 0,2956391 0,2272927
0,6103516 0,2892812 0,2241137
0,6103516 0,3115338 0,2415978
0,6103516 0,2956391 0,2209348
0,6103516 0,3306074 0,238419
0,8138021 0,3369653 0,255903
1,017253 0,346502 0,2495452
0,6103516 0,2797444 0,2161664
0,6103516 0,2924601 0,2241137
0,6103516 0,3083549 0,2368295
0,6103516 0,3083549 0,2400084
0,6103516 0,2606708 0,2034507
0,6103516 0,2924601 0,2225243
0,8138021 0,3337863 0,2495452
0,6103516 0,3147127 0,2415979
0,6103516 0,3560387 0,2686185
0,6103516 0,3369652 0,2543135
0,6103516 0,3210706 0,2368295
1,017253 0,3306074 0,2511346
0,6103516 0,3401442 0,2527241
0,6103516 0,3083549 0,2304716
0,6103516 0,346502 0,255903
0,6103516 0,3528598 0,2606713
0,6103516 0,3337863 0,255903
0,8138021 0,3210706 0,2431873
0,8138021 0,3306074 0,2447768
0,6103516 0,2892812 0,2241137
0,6103516 0,3083548 0,2368294
0,6103516 0,3369653 0,255903
0,6103516 0,3306074 0,2527241
0,6103516 0,3242495 0,2447768
0,4069011 0,2733865 0,2145769
0,6103516 0,3147127 0,2384189
0,6103516 0,3242496 0,2511347
0,6103516 0,3560387 0,2654396
0,6103516 0,3592176 0,2702079
0,8138021 0,3147127 0,2415979
0,6103516 0,3178917 0,2463662
0,6103516 0,3210706 0,2463663
0,6103516 0,3051759 0,23524
0,6103516 0,2861023 0,2161664
1,017253 0,3719332 0,2733868
0,6103516 0,3115337 0,2415978
0,6103516 0,3178917 0,2431873
0,6103516 0,2924601 0,2304716
0,6103516 0,3528597 0,2622607
0,6103516 0,3147127 0,2495452
0,6103516 0,3242495 0,2463663
0,8138021 0,3496809 0,2638502
0,6103516 0,3274285 0,2527241
0,6103516 0,3465019 0,2574924
0,8138021 0,3115338 0,2431873
0,8138021 0,3560387 0,2686185
0,8138021 0,3337863 0,255903
0,6103516 0,3623964 0,267029
0,8138021 0,3687543 0,2749763
0,6103516 0,3274285 0,2400084
0,6103516 0,2797444 0,2304716
0,6103516 0,3306074 0,2527241
0,6103516 0,3306074 0,2574925
0,6103516 0,3147127 0,2431873
0,6103516 0,3623964 0,2702079
1,017253 0,378291 0,2733868
0,6103516 0,3178916 0,2479557
0,8138021 0,3846488 0,2829234
0,6103516 0,346502 0,2622608
0,6103516 0,3306074 0,255903
0,6103516 0,3337863 0,2574925
0,6103516 0,3178917 0,2288822
0,6103516 0,3178917 0,2415979
0,6103516 0,3401442 0,255903
0,6103516 0,3496808 0,2638502
0,6103516 0,3401442 0,2590819
0,6103516 0,3274285 0,2511347
0,6103516 0,3051759 0,2463662
0,6103516 0,3719332 0,2749762
0,6103516 0,3592175 0,2654396
0,6103516 0,3274285 0,2527241
0,6103516 0,3433231 0,2670291
0,8138021 0,3369653 0,2527241
0,8138021 0,3401442 0,2574924
0,6103516 0,3369653 0,2590819
0,6103516 0,3242495 0,2511346
0,6103516 0,3910065 0,2876917
0,6103516 0,3210706 0,2415979
0,6103516 0,343323 0,2590818
0,8138021 0,3655753 0,2606712
0,6103516 0,3051759 0,2495451
0,6103516 0,3242495 0,2495452
0,8138021 0,3528598 0,2654396
0,6103516 0,3242495 0,2511346
0,6103516 0,378291 0,2717973
0,6103516 0,3051759 0,2400084
0,8138021 0,3623964 0,2686185
0,6103516 0,3306074 0,2527241
0,6103516 0,3242495 0,2479557
0,6103516 0,3560387 0,2686185
0,6103516 0,3051759 0,2415978
0,6103516 0,3433231 0,2606713
0,6103516 0,3528598 0,2622607
0,6103516 0,3337863 0,2463663
0,6103516 0,3210706 0,2431873
0,6103516 0,3083549 0,2415978
0,6103516 0,343323 0,2543135
0,8138021 0,378291 0,2781551
0,6103516 0,3687542 0,2765657
0,8138021 0,3655754 0,2733868
0,6103516 0,3401442 0,2527241
0,6103516 0,3401442 0,2543135
0,6103516 0,3528597 0,2717974
0,8138021 0,3401442 0,2543136
0,8138021 0,3719331 0,2717973
0,8138021 0,3433231 0,2638502
0,8138021 0,3687542 0,2765657
0,6103516 0,3560387 0,2590818
0,8138021 0,3687543 0,2686185
0,8138021 0,3719331 0,281334
0,6103516 0,3306074 0,2463663
0,6103516 0,3083549 0,2384189
0,6103516 0,3242495 0,255903
0,6103516 0,3369653 0,2606713
0,8138021 0,3719332 0,2797446
0,8138021 0,3592175 0,2686185
0,8138021 0,3560387 0,2638502
0,8138021 0,3719332 0,2733868
1,017253 0,3369653 0,2654397
0,8138021 0,375112 0,2749762
0,6103516 0,3369652 0,2622608
0,6103516 0,3878276 0,2829234
0,6103516 0,3178916 0,2400084
0,6103516 0,3369653 0,2622608
0,6103516 0,3306074 0,2574924
0,4069011 0,3178917 0,2574924
0,8138021 0,3337863 0,2543136
0,6103516 0,3560386 0,2702079
0,6103516 0,3306074 0,2590819
0,6103516 0,3560386 0,2654396
0,8138021 0,3433231 0,2670291
0,8138021 0,378291 0,2845129
0,6103516 0,3083549 0,2511346
0,8138021 0,3592176 0,2686185
0,6103516 0,3465019 0,2670291
0,8138021 0,3496809 0,2622608
0,6103516 0,3242495 0,2495452
0,8138021 0,3592176 0,2686185
0,8138021 0,3592176 0,2765657
0,6103516 0,3242495 0,255903
0,8138021 0,3846487 0,2845128
0,6103516 0,343323 0,2654396
0,6103516 0,3369652 0,2590819
0,8138021 0,3242495 0,2574924
0,6103516 0,3655753 0,2749762
0,8138021 0,3465019 0,270208
0,6103516 0,3274285 0,2574925
0,6103516 0,3496808 0,2638502
0,6103516 0,3814698 0,2829234
0,6103516 0,3337863 0,2638502
0,6103516 0,3369653 0,2590819
0,6103516 0,3719331 0,2781551
0,6103516 0,3369652 0,255903
0,8138021 0,378291 0,2765656
0,8138021 0,3592176 0,2686185
0,6103516 0,3465019 0,2686185
0,6103516 0,3242495 0,2495452
0,8138021 0,3623964 0,2733868
0,6103516 0,3496808 0,2702079
0,6103516 0,3337863 0,2638502
0,8138021 0,3369653 0,2543136
0,8138021 0,3878276 0,2876917
0,6103516 0,3592176 0,2733868
0,6103516 0,406901 0,2940494
0,8138021 0,346502 0,2638502
0,6103516 0,3687542 0,281334
0,8138021 0,3719332 0,2845129
0,8138021 0,4164378 0,3004072
0,8138021 0,3369653 0,2590819
0,6103516 0,3973643 0,29246
1,017253 0,3719332 0,2733868
0,6103516 0,3496808 0,2622607
0,6103516 0,3719332 0,2797446
0,8138021 0,3878276 0,2813339
0,6103516 0,3560387 0,2717974
0,8138021 0,3846487 0,2876917
0,6103516 0,346502 0,2670291
0,8138021 0,3846488 0,2876918
0,8138021 0,3623964 0,2765657
1,017253 0,349681 0,2622608
0,6103516 0,3592175 0,2765657
1,017253 0,3623965 0,2749763
0,8138021 0,375112 0,2829234
0,6103516 0,4037221 0,2940494
0,8138021 0,3337863 0,2590819
0,6103516 0,3623964 0,2781551
0,8138021 0,3369653 0,2622608
0,8138021 0,3846487 0,2876917
0,6103516 0,3592175 0,2717974
0,6103516 0,3623965 0,2781552
0,8138021 0,3814699 0,2876918
0,6103516 0,378291 0,281334
1,220703 0,3878277 0,2861023
0,6103516 0,3560386 0,2702079
0,8138021 0,3782909 0,2876918
1,017253 0,378291 0,2861023
0,6103516 0,3941854 0,2908706
0,6103516 0,3623964 0,2797446
0,6103516 0,3655753 0,281334
0,8138021 0,441869 0,3147121
0,8138021 0,41008 0,3035862
0,6103516 0,4227955 0,3051755
0,8138021 0,4514056 0,3226593
0,6103516 0,3687542 0,2797446
0,6103516 0,3973643 0,2972284
0,8138021 0,41008 0,2988178
1,017253 0,441869 0,3194805
0,6103516 0,4005432 0,2972283
0,8138021 0,4323323 0,3163016
0,8138021 0,4227955 0,3099438
0,8138021 0,4132589 0,3019967
0,6103516 0,4132589 0,306765
0,6103516 0,4100799 0,3004072
0,8138021 0,4577634 0,3306065
0,8138021 0,441869 0,3226594
0,8138021 0,4482267 0,3274276
0,8138021 0,4450479 0,3194805
0,8138021 0,4291533 0,3115333
1,017253 0,4673001 0,346501
0,8138021 0,4673001 0,3369642
0,8138021 0,4641213 0,3274276
0,8138021 0,4577634 0,3274277
0,8138021 0,43869 0,3210699
0,8138021 0,4450479 0,3210699
0,6103516 0,4609423 0,3274276
1,017253 0,4863736 0,3751115
1,017253 0,473658 0,3560378
0,8138021 0,4895525 0,370343
1,220703 0,4990892 0,3751114
1,220703 0,5245206 0,3957745
0,8138021 0,508626 0,4021325
0,8138021 0,5054471 0,4021325
1,017253 0,5785626 0,4355113
1,017253 0,55631 0,4323324
1,424154 0,5499521 0,4323324
2,034505 0,603994 0,481606
1,627604 0,6103519 0,4625323
2,034505 0,6961824 0,5213427
4,069011 0,718435 0,5340586
2,644857 0,8138021 0,5976359
2,848307 0,9346006 0,6818764
6,103515 1,176198 0,8074435
4,272461 1,211167 0,8519487
9,35872 1,707077 1,112621
6,917317 2,19663 1,408259
9,358721 2,686182 1,716614
11,59668 3,404617 2,188683
14,03809 4,83195 3,097852
19,73471 5,906424 3,814698
26,04166 8,354188 5,264282
20,34506 10,3124 6,998379
23,80371 13,2974 9,644827
24,82096 15,47178 11,42502
36,41759 17,60165 13,44363
40,28315 20,8346 15,59257
46,99707 21,48311 16,82441
41,30041 23,76556 18,63638
38,65554 24,53167 19,79032
52,08337 27,45309 22,09186
45,57291 28,57843 23,5033
40,89351 28,60703 23,66701
37,84174 27,9045 23,85934
58,39038 30,50485 24,82731
51,87992 31,80184 25,75554
50,2523 31,94805 26,55345
54,72825 33,42625 26,56141
61,84907 37,86721 30,66697
64,2905 39,45667 31,72238
71,00442 41,48163 33,62813
78,53213 46,24048 37,90217
69,3768 45,71277 38,17874
72,22513 49,49891 41,15899
66,32502 48,57065 40,36743
68,96989 49,48618 40,9794
65,71466 53,12924 44,71304
79,34592 53,46938 45,40127
78,53213 55,08112 47,56454
85,04244 55,33541 46,77615
87,89071 57,36358 48,41174
71,81822 55,3545 47,94759
78,93903 57,35723 49,39719
74,25965 57,46214 48,48962
78,53213 56,19056 48,08907
86,05968 59,2932 49,52117
85,65279 59,97668 51,71144
88,90794 60,43446 52,57931
76,70107 58,87996 51,04388
84,839 61,71239 52,73348
88,09415 62,20828 53,58862
89,31484 60,59976 52,07861
84,63555 61,96669 53,05455
79,54936 62,59295 54,65355
96,0286 63,21281 54,7044
87,68726 64,32228 54,40242
82,80452 63,4449 54,16717
100,9113 65,30456 55,04296
103,3527 68,83953 57,99458
88,7045 68,69331 58,16626
110,0665 68,84589 57,65286
96,84239 71,12836 59,17239
98,67342 72,20285 61,1322
91,34931 70,0984 60,66491
96,0286 72,54935 62,47533
97,65618 74,32 64,35564
104,5734 76,5198 65,63515
100,9113 75,3881 66,02457
106,6079 79,60017 68,27522
113,1182 78,1029 66,56658
96,23206 77,15559 65,06296
98,46997 79,66693 67,22938
95,41827 80,38536 67,56954
104,9803 78,58293 66,38062
105,3872 81,39624 68,74733
106,201 79,59697 66,54909
110,8803 79,12654 67,30094
95,62171 78,61152 67,62834
97,24929 81,12605 70,07453
104,3699 83,72636 72,75754
102,132 80,48389 68,61381
107,8286 81,99388 70,32567
104,5734 81,63149 70,33044
104,7768 83,3322 72,63831
101,3182 85,43977 72,81155
105,5906 80,74776 69,93468
107,6251 82,34355 70,89308
102,5389 83,03336 69,65173
111,6941 83,41166 71,95166
111,6941 85,93887 75,25134
109,863 82,82038 71,59724
105,1837 87,40115 74,81583
104,7768 85,23316 74,67757
107,4217 87,93203 76,49908
103,3527 84,57831 72,61764
111,0837 83,6151 72,78614
102,132 84,94388 73,53953
109,863 84,70864 71,83086
108,8458 86,79081 74,35487
99,69066 87,54103 75,78384
103,5562 86,09145 74,75227
106,201 85,74814 73,97026
107,6251 85,94839 73,68098
117,3906 88,00513 74,23886
104,7768 86,96884 74,88895
104,5734 87,43929 75,41666
106,8113 86,63503 75,68845
108,8458 86,34576 74,7014
106,8113 86,69225 76,10966
112,101 87,48062 74,74271
108,8458 87,64274 76,07943
103,9631 87,34712 74,51382
111,6941 88,30713 75,14009
106,8113 86,66364 74,27702
114,7458 88,72991 74,92706
108,032 87,96698 76,00631
109,863 88,90157 75,96657
113,5251 89,11138 77,32556
104,7768 86,30444 75,06379
112,5078 90,93287 78,05514
114,9492 91,6068 79,28378
