0,6103516 0,4069012 0,3019973
1,017253 0,4386905 0,318687
0,8138021 0,4593536 0,3401453
0,8138021 0,4577641 0,3298135
0,8138021 0,4593536 0,3449135
1,017253 0,4975008 0,3735234
1,017253 0,5070375 0,3981595
1,017253 0,5054481 0,4076961
0,8138021 0,5245213 0,4092855
1,017253 0,5038587 0,4069014
1,017253 0,5149847 0,4164379
0,8138021 0,4959114 0,4069013
1,220703 0,5499523 0,433127
1,220703 0,5578995 0,4442529
1,220703 0,5769727 0,4752467
1,220703 0,5912777 0,4736574
1,424154 0,6500877 0,4998836
1,627604 0,7025401 0,5539253
1,424154 0,7486341 0,5737937
1,424154 0,7820126 0,6214789
1,831055 0,7820126 0,6214788
1,831055 0,8710231 0,6667785
1,831055 0,9012232 0,7025415
2,644857 0,9727494 0,7430726
1,831055 0,9950011 0,7764503
2,034505 1,084009 0,8296959
2,034505 1,058578 0,7843967
2,034505 1,118976 0,8487689
3,86556 1,179376 0,867842
4,069011 1,300177 0,9512895
3,86556 1,392367 0,994206
6,917317 1,428924 0,9973848
4,882813 1,498859 1,079242
5,900065 1,594225 1,1611
4,272461 1,691181 1,21673
5,086263 1,84536 1,343091
5,696614 1,924833 1,366138
5,900065 2,010663 1,43687
6,713866 2,193452 1,556874
9,15527 2,511341 1,770655
7,527668 2,711616 1,920859
7,324217 3,023147 2,160072
8,95182 3,426869 2,389749
9,35872 3,778139 2,683798
19,32781 4,213653 2,92937
28,88995 5,011558 3,494422
23,19336 5,518595 3,831387
22,78646 6,022453 4,144509
23,60026 6,602605 4,682541
29,9072 7,55151 5,56946
32,55205 8,22862 5,881785
28,2796 8,810365 6,574791
32,3486 9,571712 7,205009
34,3831 10,46022 7,846354
30,92445 11,25971 8,685587
35,80724 11,9543 9,26415
38,65554 12,69023 9,823643
40,28315 13,27832 10,29571
34,99345 15,1221 11,42979
35,60379 16,85301 12,20306
43,94529 18,78897 13,23621
37,43484 24,00239 16,46041
41,50386 27,59296 21,22641
41,09696 30,50484 25,49647
46,79362 32,2771 27,44117
43,94529 33,51209 29,48521
45,36945 33,13857 28,4322
43,94529 34,27184 29,67674
42,31767 34,42444 29,75224
44,96255 34,86947 29,70852
46,18326 35,32724 30,25371
46,79362 36,15851 31,63414
51,47301 36,48277 31,75257
49,23504 36,77683 31,98701
50,86266 36,40012 32,63711
51,87992 37,27431 32,61802
50,2523 37,72094 32,93274
53,50754 37,89579 32,72612
52,89718 38,7382 33,69807
50,86266 37,85607 33,08452
48,62468 37,9562 34,12562
50,65921 37,72731 33,09646
48,82814 38,60786 34,24007
47,60743 38,47754 33,1632
55,54206 38,72231 34,47371
53,10063 40,00183 35,45124
55,3386 39,06247 34,38868
48,62469 39,96049 35,63799
48,62469 39,29451 34,62233
53,91444 40,05269 35,52354
52,28682 39,98117 35,57998
52,69373 39,71097 35,11188
50,04885 40,18462 35,67455
51,67647 39,92076 35,26608
52,69373 40,57881 35,81204
51,26957 40,12898 34,69147
51,67647 41,08903 36,03935
51,47301 40,29589 36,17286
51,26957 40,34356 36,35246
52,69373 40,5804 36,4343
54,72825 40,35152 36,01312
50,45576 40,55176 36,48517
53,91444 41,00797 36,53923
53,91444 40,64238 36,06477
52,89718 40,86332 36,81976
56,76277 41,66441 36,32942
53,71099 40,8379 36,37471
50,86266 40,84423 36,0433
52,08336 40,74093 35,95986
51,06611 41,41486 36,99222
57,16967 41,34333 37,26876
57,37313 41,19552 36,1657
58,18694 42,27 37,14243
54,32135 42,00613 37,24254
61,44217 41,74706 36,98109
55,13515 41,91555 37,4953
52,49028 41,99501 36,95566
55,94896 41,755 36,77684
56,15241 42,73731 37,52151
60,22145 42,36695 37,36732
54,9317 42,10788 37,42852
52,49028 41,453 37,23302
54,72825 42,57518 37,779
53,10063 42,12375 37,71463
53,50753 41,90919 36,93341
55,94896 41,78044 36,5106
54,72825 42,45279 37,90139
57,98348 42,56087 38,23677
52,08337 42,12217 37,0995
56,96622 42,97572 38,18827
58,79729 43,22368 38,42751
55,94896 42,55132 37,7186
55,94896 42,82154 37,00333
52,49028 43,46528 38,37426
56,76277 43,14898 38,05557
51,26957 42,14443 37,34428
58,18694 42,06814 37,46429
50,65921 41,91396 37,28785
58,39038 42,41463 37,34113
52,69373 42,30497 38,06989
53,50754 42,53384 37,85608
51,06611 42,79612 38,08499
58,59384 42,3129 37,38799
60,42491 42,661 38,70884
60,22145 42,81995 38,19941
52,28682 42,58471 37,62642
60,42491 42,92646 37,92523
61,44217 42,73252 38,50221
54,32135 42,47345 38,01822
56,15241 41,92826 37,01287
62,25598 43,28249 37,93954
54,11789 43,25549 38,57136
52,89718 42,94871 38,63097
58,18694 43,3731 38,54908
56,55932 42,79294 38,03093
53,91444 43,01227 38,65956
60,83181 43,51613 38,83677
57,16967 43,2046 38,41002
55,94896 44,07246 38,80896
56,15241 42,65148 38,23837
54,9317 42,82949 38,47279
53,71099 43,64013 38,86938
61,23872 43,06475 37,70986
52,69373 43,01387 38,03968
56,35587 43,54794 38,84634
56,96622 43,52886 38,685
55,3386 42,55134 38,04047
67,13882 43,19666 38,06112
56,55932 43,36831 38,70804
55,13515 43,83405 38,64288
55,74551 42,94076 37,53344
