0,3662109 0,007629395 0,003814697
0,1220703 0,003814697 0,001907349
0,2441406 0,01144409 0,005722046
0,1220703 0,005722046 0,002861023
0,1220703 0,01144409 0,005722046
0,1220703 0,001907349 0,0009536744
0 0 0
0,1220703 0,003814697 0,001907349
0,2441406 0,01335144 0,006675721
0,2441406 0,01525879 0,007629395
0,2441406 0,01335144 0,006675721
0,1220703 0,007629395 0,003814697
0,2441406 0,01335144 0,006675721
0,1220703 0,007629395 0,003814697
0,1220703 0,009536744 0,004768372
0,2441406 0,01144409 0,005722046
0,1220703 0,003814697 0,001907349
0,2441406 0,007629395 0,003814697
0,1220703 0,005722046 0,002861023
0,1220703 0,007629395 0,003814697
0,1220703 0,01335144 0,006675721
0,2441406 0,007629395 0,003814697
0,1220703 0,001907349 0,0009536744
0,1220703 0,003814697 0,001907349
0,1220703 0,001907349 0,0009536744
0,2441406 0,01525879 0,007629395
0,1220703 0,003814697 0,001907349
0,1220703 0,003814697 0,001907349
0,2441406 0,007629395 0,003814697
0,1220703 0,005722046 0,002861023
0,2441406 0,005722046 0,002861023
0,1220703 0,003814697 0,001907349
0,2441406 0,01335144 0,006675721
0,1220703 0,007629395 0,003814697
0,1220703 0,003814697 0,001907349
0,1220703 0,003814697 0,001907349
0,1220703 0,003814697 0,001907349
0,2441406 0,01335144 0,006675721
0,1220703 0,009536744 0,004768372
0,2441406 0,01144409 0,005722046
0,1220703 0,005722046 0,002861023
0,2441406 0,005722046 0,002861023
0 0 0
0,1220703 0,005722046 0,002861023
0,2441406 0,009536744 0,004768372
0 0 0
0,1220703 0,007629395 0,003814697
0,2441406 0,009536744 0,004768372
0,2441406 0,01335144 0,006675721
0,2441406 0,02098084 0,01049042
0,1220703 0,005722046 0,002861023
0,2441406 0,007629395 0,003814697
0,3662109 0,01525879 0,007629395
0,1220703 0,005722046 0,002861023
0,2441406 0,01335144 0,006675721
0,2441406 0,01716614 0,00858307
0,1220703 0,001907349 0,0009536744
0,1220703 0,009536744 0,004768372
0,1220703 0,005722046 0,002861023
0,4882813 0,01335144 0,006675721
0,2441406 0,01144409 0,005722046
0,2441406 0,01144409 0,005722046
0 0 0
0,2441406 0,009536744 0,004768372
0,2441406 0,01335144 0,006675721
0,1220703 0,007629395 0,003814697
0,1220703 0,007629395 0,003814697
0,2441406 0,01144409 0,005722046
0,2441406 0,009536744 0,004768372
0,2441406 0,009536744 0,004768372
0,2441406 0,007629395 0,003814697
0,1220703 0,005722046 0,002861023
0,2441406 0,005722046 0,002861023
0,1220703 0,005722046 0,002861023
0,3662109 0,02098083 0,01049042
0,1220703 0,01144409 0,005722046
0,2441406 0,007629395 0,003814697
0,1220703 0,007629395 0,003814697
0,2441406 0,009536744 0,004768372
0,1220703 0,007629395 0,003814697
0,2441406 0,01335144 0,006675721
0,1220703 0,003814697 0,001907349
0,1220703 0,007629395 0,003814697
0,2441406 0,01144409 0,005722046
0,2441406 0,01525879 0,007629395
0,1220703 0,001907349 0,0009536744
0,1220703 0,003814697 0,001907349
0,2441406 0,01716614 0,00858307
0,1220703 0,005722046 0,002861023
0,1220703 0,003814697 0,001907349
0,1220703 0,001907349 0,0009536744
0,2441406 0,01144409 0,005722046
0,1220703 0,01335144 0,006675721
0,2441406 0,009536744 0,004768372
0,2441406 0,005722046 0,002861023
0,2441406 0,02479553 0,01239777
0,3662109 0,01335144 0,00667572
0,3662109 0,01525879 0,007629395
0,1220703 0,007629395 0,003814697
0,2441406 0,01907349 0,009536744
0,1220703 0,007629395 0,003814697
0,2441406 0,01335144 0,006675721
0,1220703 0,007629395 0,003814697
0,2441406 0,01144409 0,005722046
0,1220703 0,005722046 0,002861023
0,2441406 0,01525879 0,007629395
0,2441406 0,01144409 0,005722046
0,1220703 0,003814697 0,001907349
0,1220703 0,009536744 0,004768372
0,3662109 0,02098083 0,01049042
0,1220703 0,01525879 0,007629395
0,1220703 0,007629395 0,003814697
0,1220703 0,005722046 0,002861023
0,2441406 0,01525879 0,007629395
0,2441406 0,01335144 0,006675721
0,1220703 0,005722046 0,002861023
0,2441406 0,01525879 0,007629395
0,3662109 0,01716614 0,008583069
0,2441406 0,01525879 0,007629395
0,2441406 0,01335144 0,006675721
0,1220703 0,01144409 0,005722046
0,1220703 0,005722046 0,002861023
0,1220703 0,007629395 0,003814697
0,2441406 0,01144409 0,005722046
0,2441406 0,005722046 0,002861023
0,2441406 0,009536744 0,004768372
0,2441406 0,01335144 0,006675721
0,2441406 0,01907349 0,009536744
0,1220703 0,01144409 0,005722046
0,1220703 0,007629395 0,003814697
0,4882813 0,02479553 0,01239777
0,2441406 0,01525879 0,007629395
0,1220703 0,01335144 0,006675721
0,3662109 0,01144409 0,005722046
0,1220703 0,01335144 0,006675721
0,1220703 0,01144409 0,005722046
0,2441406 0,01335144 0,006675721
0,1220703 0,005722046 0,002861023
0,2441406 0,01335144 0,006675721
0,2441406 0,01144409 0,005722046
0,4882813 0,01335144 0,006675721
0,1220703 0,005722046 0,002861023
0,1220703 0,01144409 0,005722046
0,3662109 0,01525879 0,007629395
0,2441406 0,01525879 0,007629395
0,3662109 0,01335144 0,00667572
0,2441406 0,007629395 0,003814697
0,2441406 0,009536744 0,004768372
0,3662109 0,02288818 0,01144409
0,1220703 0,007629395 0,003814697
0,2441406 0,01525879 0,007629395
0,1220703 0,007629395 0,003814697
0,1220703 0,007629395 0,003814697
0,2441406 0,01525879 0,007629395
0,2441406 0,02288819 0,01144409
0 0 0
0,2441406 0,01716614 0,00858307
0,1220703 0,007629395 0,003814697
0,2441406 0,01525879 0,007629395
0,1220703 0,01144409 0,005722046
0,1220703 0,01144409 0,005722046
0,1220703 0,005722046 0,002861023
0,2441406 0,01144409 0,005722046
0,2441406 0,01144409 0,005722046
0,1220703 0,003814697 0,001907349
0,2441406 0,01335144 0,006675721
0,1220703 0,005722046 0,002861023
0,2441406 0,01525879 0,007629395
0,2441406 0,01144409 0,005722046
0,3662109 0,02098083 0,01049042
0,1220703 0,01525879 0,007629395
0,1220703 0,007629395 0,003814697
0,2441406 0,01335144 0,006675721
0,2441406 0,01335144 0,006675721
0,1220703 0,01525879 0,007629395
0,1220703 0,01525879 0,007629395
0,2441406 0,01525879 0,007629395
0,1220703 0,01335144 0,006675721
0,1220703 0,02288819 0,01144409
0,2441406 0,01335144 0,006675721
0,2441406 0,01335144 0,006675721
0,1220703 0,005722046 0,002861023
0,1220703 0,005722046 0,002861023
0,1220703 0,009536744 0,004768372
0,2441406 0,01716614 0,00858307
0,1220703 0,01907349 0,009536744
0,2441406 0,01144409 0,005722046
0,2441406 0,01907349 0,009536744
0,2441406 0,02479553 0,01239777
0,3662109 0,02670288 0,01335144
0,2441406 0,02670288 0,01335144
0,1220703 0,01144409 0,005722046
0,1220703 0,003814697 0,001907349
0,1220703 0,01335144 0,006675721
0,1220703 0,01144409 0,005722046
0,3662109 0,01907349 0,009536743
0,3662109 0,02479553 0,01239777
0,2441406 0,02861023 0,01430512
0,2441406 0,01525879 0,007629395
0,1220703 0,01144409 0,005722046
0,2441406 0,02288819 0,01144409
0,1220703 0,02098084 0,01049042
0,2441406 0,01335144 0,006675721
0,2441406 0,01907349 0,009536744
0,2441406 0,01335144 0,006675721
0,2441406 0,007629395 0,003814697
0,2441406 0,01335144 0,006675721
0,2441406 0,02098084 0,01049042
0,2441406 0,009536744 0,004768372
0,1220703 0,009536744 0,004768372
0,3662109 0,02861023 0,01430511
0,2441406 0,01716614 0,00858307
0,2441406 0,02098084 0,01049042
0,2441406 0,03051758 0,01525879
0,2441406 0,01716614 0,00858307
0,2441406 0,02861023 0,01430512
0,2441406 0,01144409 0,005722046
0,1220703 0,009536744 0,004768372
0,3662109 0,02670288 0,01335144
0,1220703 0,01716614 0,00858307
0,1220703 0,009536744 0,004768372
0,1220703 0,007629395 0,003814697
0,1220703 0,005722046 0,002861023
0,2441406 0,02098084 0,01049042
0,3662109 0,02288818 0,01144409
0,1220703 0,009536744 0,004768372
0,1220703 0,007629395 0,003814697
0,2441406 0,02670288 0,01335144
0,3662109 0,01144409 0,005722046
0,2441406 0,01525879 0,007629395
0,2441406 0,02098084 0,01049042
0,2441406 0,02098084 0,01049042
0,2441406 0,01716614 0,00858307
0,2441406 0,01525879 0,007629395
0,2441406 0,02098084 0,01049042
0,2441406 0,01907349 0,009536744
0,2441406 0,01716614 0,00858307
0,2441406 0,02479553 0,01239777
0,3662109 0,02861023 0,01430511
0,2441406 0,01716614 0,00858307
0,1220703 0,01335144 0,006675721
0,1220703 0,01335144 0,006675721
0,2441406 0,01716614 0,00858307
0,3662109 0,03433228 0,01716614
0,2441406 0,01335144 0,006675721
0,1220703 0,01144409 0,005722046
0,3662109 0,01335144 0,00667572
0,2441406 0,02861023 0,01430512
0,2441406 0,02479553 0,01239777
0,2441406 0,02479553 0,01239777
0,4882813 0,03623963 0,01811981
0,2441406 0,01525879 0,007629395
0,2441406 0,02670288 0,01335144
0,4882813 0,04005432 0,02002716
0,2441406 0,02098084 0,01049042
0,2441406 0,02288819 0,01144409
0,2441406 0,009536744 0,004768372
0,2441406 0,01716614 0,00858307
0,2441406 0,01907349 0,009536744
0,2441406 0,02098084 0,01049042
0,1220703 0,01716614 0,00858307
0,1220703 0,01144409 0,005722046
0,2441406 0,01907349 0,009536744
0,2441406 0,01907349 0,009536744
0,3662109 0,02479553 0,01239777
0,1220703 0,01144409 0,005722046
0,2441406 0,01716614 0,00858307
0,2441406 0,02288819 0,01144409
0,2441406 0,01716614 0,00858307
0,2441406 0,01907349 0,009536744
0,2441406 0,01525879 0,007629395
0,2441406 0,02861023 0,01430512
0,1220703 0,02670288 0,01335144
0,3662109 0,02479553 0,01239777
0,2441406 0,01335144 0,006675721
0,2441406 0,02288819 0,01144409
0,3662109 0,03433228 0,01716614
0,1220703 0,01144409 0,005722046
0,2441406 0,01716614 0,00858307
0,2441406 0,02479553 0,01239777
0,3662109 0,02098083 0,01049042
0,2441406 0,01907349 0,009536744
0,3662109 0,02479553 0,01239777
0,2441406 0,02861023 0,01430512
0,2441406 0,03242493 0,01621247
0,2441406 0,02670288 0,01335144
0,2441406 0,03051758 0,01525879
0,2441406 0,02670288 0,01335144
0,2441406 0,02098084 0,01049042
0,2441406 0,02479553 0,01239777
0,1220703 0,02479553 0,01239777
0,3662109 0,02670288 0,01335144
0,3662109 0,03051758 0,01525879
0,1220703 0,01716614 0,00858307
0,2441406 0,02098084 0,01049042
0,1220703 0,01907349 0,009536744
0,2441406 0,01907349 0,009536744
0,1220703 0,01144409 0,005722046
0,2441406 0,01716614 0,00858307
0,3662109 0,03814697 0,01907349
0,3662109 0,03623962 0,01811981
0,2441406 0,01716614 0,00858307
0,1220703 0,01716614 0,00858307
0,2441406 0,03242493 0,01621247
0,3662109 0,03242493 0,01621246
0,2441406 0,04005433 0,02002716
0,3662109 0,02861023 0,01430511
0,1220703 0,02479553 0,01239777
0,3662109 0,02861023 0,01430511
0,2441406 0,03433228 0,01716614
0,3662109 0,02670288 0,01335144
0,2441406 0,01907349 0,009536744
0,1220703 0,01335144 0,006675721
0,2441406 0,02861023 0,01430512
0,2441406 0,02861023 0,01430512
0,2441406 0,03623963 0,01811981
0,3662109 0,02479553 0,01239777
0,1220703 0,01335144 0,006675721
0,3662109 0,02288818 0,01144409
0,2441406 0,01907349 0,009536744
0,2441406 0,01907349 0,009536744
0,2441406 0,02861023 0,01430512
0,2441406 0,03051758 0,01525879
0,3662109 0,05340576 0,02670288
0,3662109 0,07629395 0,03814697
0,4882813 0,04959106 0,02479553
0,3662109 0,04577637 0,02288818
0,7324219 0,06103516 0,03051758
0,3662109 0,05722046 0,02861023
0,4882813 0,07820129 0,03910065
0,4882813 0,0743866 0,0371933
0,6103516 0,0743866 0,0371933
0,6103516 0,08773804 0,04386902
0,6103516 0,1163483 0,05817413
0,4882813 0,1087189 0,05435944
0,4882813 0,1716614 0,08583069
0,7324219 0,1735687 0,08678436
0,6103516 0,207901 0,1039505
0,6103516 0,2384186 0,1325607
0,6103516 0,246048 0,1335144
0,7324219 0,3204346 0,1831055
0,8544922 0,3128052 0,1764297
0,7324219 0,2975464 0,1592636
0,7324219 0,2784729 0,1554489
0,8544922 0,3108978 0,1726151
0,7324219 0,2937317 0,1678467
0,6103516 0,3070831 0,1754761
0,8544922 0,3185272 0,1802444
0,7324219 0,3318787 0,1926422
0,6103516 0,3147125 0,1840591
0,8544922 0,3547668 0,2040863
0,8544922 0,3833771 0,2202988
0,7324219 0,3547668 0,2098083
0,6103516 0,3757477 0,2183914
0,7324219 0,3471375 0,2002716
0,7324219 0,3700256 0,2231598
0,8544922 0,377655 0,2098083
0,6103516 0,3643036 0,2126694
0,7324219 0,3700256 0,2231598
0,9765626 0,4119873 0,248909
0,8544922 0,41008 0,2365112
1,098633 0,3833771 0,2202988
0,7324219 0,3967285 0,2326965
0,7324219 0,3757477 0,2260208
0,7324219 0,3833771 0,2269745
0,8544922 0,3871918 0,2288818
0,8544922 0,4234314 0,2613068
0,7324219 0,3871918 0,2384186
0,8544922 0,3738403 0,2269745
0,8544922 0,4005432 0,2336502
0,8544922 0,4138947 0,2498627
0,7324219 0,415802 0,2555847
0,7324219 0,4081726 0,2508163
0,7324219 0,4024506 0,246048
0,8544922 0,4730225 0,2756119
0,8544922 0,4291534 0,2622604
0,8544922 0,3910065 0,2412796
0,8544922 0,4291534 0,2679825
0,9765626 0,4348755 0,2660751
0,8544922 0,3986359 0,2365112
0,7324219 0,4043579 0,2536774
0,9765626 0,4348755 0,2708435
0,7324219 0,3833771 0,2317429
0,8544922 0,3890991 0,2346039
0,9765626 0,3871918 0,2307892
1,098633 0,4329681 0,2689362
0,7324219 0,4005432 0,248909
0,8544922 0,4673004 0,3032684
1,098633 0,4348755 0,2765656
1,220703 0,4444122 0,2737045
1,098633 0,4138947 0,2536774
0,8544922 0,4005432 0,2298355
1,098633 0,4997253 0,3013611
1,098633 0,4501343 0,2794266
0,8544922 0,4348755 0,2717972
0,9765626 0,4520416 0,2889633
0,8544922 0,4234314 0,25177
1,220703 0,453949 0,2851486
0,8544922 0,4196167 0,254631
0,9765626 0,4940033 0,3128052
0,8544922 0,4444122 0,2698898
0,8544922 0,4730225 0,2908707
0,7324219 0,4234314 0,2613068
0,9765626 0,4291534 0,2756119
0,9765626 0,4482269 0,2889633
1,220703 0,5550385 0,3404617
1,098633 0,4692078 0,3023148
0,8544922 0,4405975 0,2803802
0,9765626 0,4463196 0,2784729
1,220703 0,4730225 0,2889633
1,220703 0,4577637 0,2813339
1,098633 0,5092621 0,3194809
0,9765626 0,4825592 0,3032684
1,220703 0,4749298 0,2803802
1,220703 0,5264282 0,328064
0,9765626 0,4768372 0,3004074
0,9765626 0,4711151 0,2841949
0,9765626 0,4653931 0,2889633
0,8544922 0,4520416 0,2756119
0,8544922 0,4425049 0,2717972
1,098633 0,4577637 0,2698898
1,098633 0,497818 0,3013611
0,9765626 0,4825592 0,3099442
1,220703 0,4806519 0,3051758
0,9765626 0,4959106 0,2937317
0,9765626 0,5092621 0,3032684
0,8544922 0,459671 0,292778
1,098633 0,4749298 0,2737045
1,098633 0,5340576 0,3194809
0,8544922 0,4825592 0,2965927
1,098633 0,5512238 0,3547668
1,098633 0,5588531 0,3442764
1,220703 0,50354 0,2965927
1,098633 0,5016327 0,3099442
1,586914 0,541687 0,336647
1,220703 0,5130768 0,3356934
1,098633 0,5340576 0,330925
1,342774 0,5588531 0,3528595
0,9765626 0,5626678 0,3442764
1,220703 0,5607605 0,3423691
0,9765626 0,5187988 0,3118515
1,342774 0,5702972 0,3623962
1,098633 0,5893707 0,3633499
0,9765626 0,5531311 0,3423691
1,098633 0,5397797 0,3204346
1,098633 0,6008148 0,3585815
1,220703 0,6065369 0,377655
1,220703 0,5912781 0,3652573
0,8544922 0,5302429 0,3318787
1,220703 0,5970001 0,3786087
1,464844 0,6427765 0,4177094
0,9765626 0,585556 0,3490448
1,342774 0,623703 0,3814697
1,098633 0,5931854 0,3890991
1,098633 0,5493164 0,336647
1,220703 0,5912781 0,3814697
1,220703 0,6027222 0,3671646
1,220703 0,6465912 0,4091263
1,220703 0,6122589 0,3900528
1,098633 0,5817413 0,3557205
1,098633 0,6637573 0,3967285
1,342773 0,6332397 0,41008
1,586914 0,7076263 0,451088
1,342774 0,6370544 0,4034042
1,098633 0,5760193 0,371933
1,220703 0,6046295 0,3652573
0,9765626 0,6008148 0,3662109
1,464844 0,6561279 0,3995895
1,708985 0,6008148 0,3671646
1,220703 0,5989075 0,3795624
1,342774 0,6084442 0,3852844
1,342774 0,6599426 0,4072189
1,098633 0,6504059 0,4234314
1,464844 0,6866455 0,4348755
1,220703 0,6637573 0,4167557
1,464844 0,705719 0,4425049
1,098633 0,6008148 0,374794
1,098633 0,6256104 0,4014969
1,220703 0,7133484 0,4644394
1,342774 0,6961823 0,4234314
1,098633 0,6275177 0,4014969
1,342774 0,6217957 0,3986359
1,220703 0,6542206 0,3976822
1,586914 0,6465912 0,412941
1,464844 0,7152557 0,4482269
1,586914 0,6637573 0,4281998
1,342773 0,6504059 0,3881454
1,220703 0,6866455 0,45681
1,098633 0,6484985 0,4243851
1,342774 0,6275177 0,4005432
0,9765626 0,6771088 0,4434586
1,586914 0,7095337 0,4587173
1,342774 0,6771088 0,4463196
1,342774 0,7038116 0,4396439
1,342774 0,6828308 0,4425049
1,342774 0,6999969 0,4549026
1,342774 0,6923676 0,4472733
1,586914 0,6599426 0,4148483
1,831055 0,7171631 0,4520416
1,708984 0,7705688 0,4968643
1,586914 0,8010864 0,5187988
