0,8138021 0,2861023 0,2177559
0,8138021 0,2924601 0,2193453
0,6103516 0,2733865 0,211398
0,4069011 0,2892812 0,2161664
0,6103516 0,295639 0,211398
0,8138021 0,3210706 0,2257032
0,6103516 0,3115338 0,2384189
0,6103516 0,2924602 0,2241137
0,8138021 0,2956391 0,211398
0,6103516 0,2765655 0,2018612
0,6103516 0,2797444 0,2145769
0,8138021 0,3019969 0,2257032
0,6103516 0,3051759 0,2225243
0,8138021 0,2892812 0,2129875
0,6103516 0,2702076 0,1955034
1,017253 0,3083548 0,2400084
0,8138021 0,2797444 0,211398
0,8138021 0,3274285 0,238419
0,6103516 0,2765655 0,2209348
0,8138021 0,2829233 0,2129875
0,6103516 0,3147127 0,2384189
0,8138021 0,3115338 0,2400084
0,6103516 0,2797444 0,2129875
0,6103516 0,2797444 0,2082191
1,017253 0,2892812 0,2129875
0,6103516 0,2988181 0,2241137
0,6103516 0,2606708 0,2002717
0,6103516 0,2988181 0,2257032
0,8138021 0,2606708 0,2050401
0,6103516 0,298818 0,2272927
0,8138021 0,2924601 0,2177559
0,6103516 0,2892812 0,2082191
0,6103516 0,3115338 0,2431873
0,6103516 0,2924602 0,2257032
0,6103516 0,3051759 0,2241137
0,8138021 0,3147127 0,2463662
0,6103516 0,2829233 0,2161664
0,6103516 0,3401441 0,2543135
0,8138021 0,2765655 0,2161664
0,6103516 0,2765655 0,2209348
0,6103516 0,3401442 0,2527241
0,8138021 0,3051759 0,2241137
0,6103516 0,3306074 0,2400084
0,6103516 0,2892812 0,2098085
0,6103516 0,3210706 0,2368295
0,6103516 0,2892812 0,2193453
0,6103516 0,2924602 0,2257032
0,6103516 0,3337863 0,2447768
0,6103516 0,3051759 0,23524
0,6103516 0,3210706 0,2431873
0,6103516 0,3242496 0,2431874
0,6103516 0,2829233 0,2257032
0,6103516 0,3178917 0,2368295
0,6103516 0,3465019 0,2511346
0,8138021 0,2924601 0,2272926
0,6103516 0,3051759 0,2257032
0,6103516 0,3210706 0,2463662
0,6103516 0,2892812 0,2257032
0,6103516 0,2988181 0,2336505
0,6103516 0,3210706 0,2415979
0,8138021 0,3178916 0,23524
0,8138021 0,3274285 0,2447768
0,6103516 0,3051759 0,2384189
0,8138021 0,3147127 0,23524
0,6103516 0,3051759 0,2368294
0,6103516 0,301997 0,2257032
0,4069011 0,3051759 0,2336505
0,8138021 0,3051759 0,2225243
0,6103516 0,2924602 0,2288821
0,8138021 0,3242495 0,238419
0,6103516 0,2924602 0,232061
0,4069011 0,2765655 0,2161664
0,6103516 0,3496808 0,2622607
0,8138021 0,3147127 0,2431873
0,6103516 0,3655753 0,2702079
0,6103516 0,3051759 0,2447768
0,6103516 0,3242495 0,2463663
0,6103516 0,3242495 0,2415979
0,6103516 0,3401442 0,2463663
0,8138021 0,346502 0,2622608
0,6103516 0,3210706 0,2511346
0,6103516 0,3210706 0,2463662
0,6103516 0,3115338 0,2495452
0,8138021 0,3687542 0,2702079
0,8138021 0,3560387 0,2638502
0,8138021 0,3814699 0,2892812
0,6103516 0,3560386 0,2749763
1,017253 0,3655754 0,2654396
0,8138021 0,3814699 0,2765656
0,8138021 0,346502 0,2638502
1,017253 0,3496809 0,2717974
0,6103516 0,3306074 0,2590819
0,6103516 0,375112 0,2829234
0,6103516 0,3941854 0,2892811
0,8138021 0,3496809 0,270208
0,8138021 0,4100799 0,2940494
0,6103516 0,3910065 0,2876917
0,6103516 0,3592176 0,2733868
0,8138021 0,3814698 0,2829234
0,8138021 0,3496808 0,2749763
0,8138021 0,4164377 0,3019966
0,6103516 0,375112 0,281334
0,6103516 0,406901 0,3004072
0,8138021 0,4037222 0,2972284
1,017253 0,3846488 0,281334
0,8138021 0,406901 0,2972283
0,8138021 0,4291533 0,3099438
0,6103516 0,406901 0,2988178
0,6103516 0,4482267 0,3306065
0,8138021 0,4831946 0,3687536
0,8138021 0,4768369 0,3719325
0,8138021 0,4609423 0,3608064
0,8138021 0,508626 0,3925956
1,017253 0,5022681 0,400543
0,8138021 0,5022681 0,3973641
0,8138021 0,4927314 0,4021325
0,8138021 0,5149839 0,4116693
0,8138021 0,5531311 0,427564
1,220703 0,5722047 0,4482271
1,017253 0,5658469 0,4593535
0,8138021 0,5340575 0,4418693
1,017253 0,5499521 0,4402798
0,8138021 0,5690258 0,454585
1,220703 0,5976362 0,4688902
1,220703 0,5722047 0,4609429
1,017253 0,6135308 0,4816059
1,220703 0,6453198 0,5006795
1,017253 0,6008151 0,4768376
1,220703 0,6548565 0,5149849
1,017253 0,6612143 0,5229321
1,220703 0,7088979 0,5483631
1,424154 0,7851921 0,5960464
1,424154 0,7788342 0,6071724
1,627604 0,7979077 0,6230668
1,424154 0,9187056 0,7184339
1,627604 0,9504948 0,7247918
1,424154 0,9409578 0,750223
1,831055 0,979105 0,7708863
1,424154 1,061758 0,8344657
2,034505 1,058579 0,8217496
1,831055 1,122158 0,8916863
2,237956 1,122158 0,8996336
2,034505 1,179377 0,9489064
2,034505 1,166662 0,9361908
1,831055 1,204808 0,9950002
2,237956 1,214345 0,9886425
2,237956 1,284281 1,014073
1,831055 1,274744 1,052221
1,831055 1,309712 1,068115
2,034505 1,274744 1,056989
2,441406 1,414616 1,090367
2,034505 1,344681 1,107851
2,644857 1,386006 1,088778
2,441406 1,424153 1,144408
2,034505 1,424153 1,150766
2,034505 1,43369 1,185734
2,034505 1,497269 1,190503
2,237956 1,538595 1,254082
2,237956 1,455943 1,214345
2,848307 1,618069 1,312893
2,034505 1,551311 1,257262
2,237956 1,621248 1,32084
2,237956 1,732508 1,411439
2,441406 1,681646 1,366934
2,644857 1,694362 1,406671
2,848307 1,761119 1,397134
2,237956 1,649857 1,393955
3,458659 1,761119 1,430512
2,644857 1,81516 1,479785
2,848307 1,811981 1,441638
2,441406 1,757939 1,462301
2,644857 1,850127 1,521109
2,644857 1,802444 1,468658
2,848307 1,834233 1,525878
2,644857 1,792907 1,476606
3,458659 1,8692 1,524288
2,644857 1,872379 1,54972
2,644857 1,866022 1,51793
2,644857 1,856485 1,529057
2,848307 1,907347 1,562435
2,848307 1,939137 1,567204
2,848307 1,907348 1,533825
2,848307 2,01861 1,635551
3,458659 2,180736 1,784961
3,051758 2,158484 1,737278
4,069011 2,473194 1,997947
4,475912 2,559025 1,997947
4,882813 2,778371 2,131462
4,679362 3,197988 2,466837
4,882813 3,178915 2,568562
4,679363 3,439585 2,830822
4,882813 3,557204 2,948444
4,882813 3,547668 2,888044
5,289714 3,770194 3,159842
5,900065 3,80834 3,110567
5,086263 3,811519 3,24726
5,493165 3,948211 3,275872
5,696614 3,980001 3,366471
5,696614 4,069009 3,39667
5,289714 4,021327 3,410975
5,900065 4,09762 3,45707
6,510416 4,243851 3,611246
5,289714 4,081726 3,476143
6,510416 4,107157 3,490448
5,696614 4,078547 3,442764
5,696616 4,15802 3,552436
5,493164 4,12623 3,512699
5,696614 4,281999 3,620785
5,696614 4,145304 3,455479
5,086263 4,224778 3,622373
6,103515 4,119872 3,407796
6,713866 4,189809 3,644624
4,882813 4,123052 3,512701
5,493164 4,138946 3,536541
5,289714 4,253387 3,674824
5,493164 4,196167 3,687541
5,493164 4,31061 3,679595
5,696615 4,380545 3,751118
5,289714 4,132589 3,5731
6,103515 4,27882 3,679594
7,324218 4,45684 3,779731
5,493164 4,154841 3,611245
6,306965 4,434587 3,806751
6,713867 4,444124 3,714561
6,713868 4,695255 3,868739
8,13802 4,800159 4,002253
8,748372 5,165734 4,18504
8,138021 5,674364 4,639627
9,358722 6,430943 5,18481
12,81738 6,710688 5,485218
9,969073 6,608963 5,480447
10,37598 6,675721 5,580583
11,59668 6,93957 5,757016
17,08985 7,104873 5,745888
9,562175 7,184346 5,927086
13,42774 7,670719 6,230671
16,07259 7,314681 5,871456
11,18978 7,794698 6,314913
13,83464 8,230209 6,637574
13,63119 8,481343 6,723401
15,25879 8,716585 6,88871
15,86914 9,244283 7,363954
19,12435 10,23928 8,060139
17,49675 10,17252 8,10464
18,1071 10,59532 8,754729
18,1071 10,91957 8,702279
17,29329 11,25018 8,74678
18,31055 11,32329 9,066266
22,78646 11,40912 9,098054
21,56575 11,82874 9,525619
17,49675 11,33919 9,015402
20,1416 12,14981 9,485879
20,1416 11,6094 9,272896
19,93815 12,11802 9,781519
23,39682 12,1212 9,967484
20,9554 12,01947 9,692509
21,7692 12,58532 9,942057
20,5485 12,31511 9,770389
18,514 12,72202 10,03266
21,15886 13,16706 10,76221
22,17611 13,37369 10,95931
24,41406 13,0717 10,4475
20,34505 13,7647 11,09442
18,1071 13,59622 11,35191
20,1416 13,55489 10,97203
18,31055 13,42456 11,11826
20,34505 13,32283 10,81308
21,15886 13,74245 10,85122
22,37956 14,23518 10,87189
29,70377 14,86778 11,96067
31,12793 14,84871 11,81921
27,87273 15,42409 12,37552
28,07616 15,78649 12,80308
23,60026 15,07759 12,06239
31,12793 15,97722 12,70612
24,21061 15,13799 12,15299
22,17611 14,80738 12,05444
21,56576 15,07123 12,31988
24,82096 15,44952 12,53446
31,33138 15,90411 12,55989
24,61751 15,89775 12,93977
22,98991 15,6339 12,34055
24,21061 15,72609 12,52652
24,82096 15,85007 12,75381
24,00716 15,98358 13,04944
25,02441 15,31283 12,46929
26,44856 16,92772 13,30058
34,99347 16,98812 13,32759
22,98991 15,9963 13,07805
25,43132 15,52582 12,28174
26,44857 16,89911 13,68999
32,14517 16,29194 13,17978
27,46582 16,77195 13,31965
30,72102 16,81328 13,27356
27,87272 16,45724 12,94295
30,72102 16,64479 13,48496
24,61751 16,82599 13,47701
33,56933 16,33009 13,21952
36,82454 16,43499 13,06057
23,80371 16,5081 13,34508
28,68652 18,07213 14,30353
27,26236 18,24697 14,43227
27,05891 17,16296 13,93795
31,33138 17,76696 14,30353
39,87629 19,16885 15,02355
28,07617 17,43952 13,94589
28,27961 18,7238 15,05057
30,92447 18,32009 14,06034
31,33138 18,14524 13,71861
27,87272 18,52989 14,77559
42,72461 20,91725 15,99471
35,19693 19,83642 15,73086
31,94174 19,70609 15,91364
32,55207 21,20336 16,68771
48,01433 21,46085 17,20269
38,6556 20,25922 16,19657
41,09702 22,2683 18,11981
30,92447 21,39727 16,95474
29,70377 21,84868 17,28058
39,4694 22,33187 17,83849
30,72104 20,88547 17,43158
36,41764 23,29508 18,754
31,94172 21,44178 17,71768
36,62109 23,0821 18,07054
37,02798 22,90091 18,48698
34,99349 23,34912 18,15955
37,23144 24,27737 19,47403
37,4349 22,70381 18,14206
38,04523 24,38545 19,19588
41,09701 23,15203 18,45996
36,62109 24,23922 19,49309
32,14518 23,30462 19,28806
39,8763 23,52714 19,21971
39,26594 24,04213 19,26899
31,94174 23,68927 19,33415
53,30405 23,58436 18,67771
39,26596 24,33459 19,56622
41,70736 25,10388 20,25764
42,31771 25,70788 20,88387
37,23145 25,11978 19,74742
36,82454 24,99262 20,22107
40,89355 24,51261 19,95404
48,42123 25,70152 19,8412
41,70736 24,91951 19,69179
51,87989 25,96856 20,353
44,75912 26,87454 21,35595
36,41763 24,3187 19,27854
40,07977 26,39453 21,86934
39,67287 26,05438 20,61368
45,77639 26,33413 20,92044
37,02798 26,31823 20,81076
39,46939 25,32959 20,70268
50,45575 26,40724 21,90113
40,89355 26,42632 21,52761
40,89357 27,58662 22,48764
41,9108 26,61387 21,12865
49,03157 26,16564 20,68043
47,20051 27,74556 22,71175
41,09701 26,8046 22,02988
48,2178 27,58026 21,59913
40,48667 26,3532 21,03169
43,33498 26,62976 21,32098
36,01074 26,52168 21,13978
41,70736 27,65655 22,06801
49,84539 28,09207 22,08868
53,10062 28,64838 23,15839
41,097 27,13522 22,1618
41,50393 28,03802 22,46539
40,2832 27,70424 22,60844
44,75909 28,36227 22,97402
48,01434 28,06981 22,32075
49,23502 28,43856 21,90749
40,48666 27,67881 22,61161
43,33495 28,27009 22,57983
48,42123 29,87544 23,58119
43,94533 28,75964 22,40817
43,94531 29,26826 23,82596
46,99707 29,44628 22,97718
43,53843 29,57979 23,05508
45,57292 29,8341 23,72423
53,30404 30,454 24,60639
47,60742 29,77371 23,55735
44,75912 31,00713 25,12932
40,89356 30,35863 24,29644
42,31772 29,52575 23,99286
50,65918 30,152 24,5587
49,23502 30,23783 24,61592
50,04885 32,53619 26,42631
54,32131 30,01849 24,44744
51,47297 31,59523 24,93222
45,36946 32,06253 26,2181
45,57292 30,44764 25,29303
57,57651 31,58887 25,35979
59,61101 31,45536 25,00216
45,36946 31,70013 25,14998
57,5765 31,41403 24,60797
44,96255 32,32001 25,80801
45,57291 30,87997 24,91474
45,77638 32,01802 25,59503
44,96256 30,19333 24,63818
42,92805 32,06253 26,07981
42,52116 31,16926 24,54281
53,91438 32,23419 26,47877
49,23505 32,4281 26,09094
44,35221 31,76371 24,81301
47,81088 33,71875 26,85547
44,7591 33,4835 26,64724
47,20053 33,04482 26,61864
50,45574 34,38314 26,9111
51,87989 32,10703 26,10206
51,47298 33,16879 25,83026
47,81088 30,98806 24,82574
51,26954 32,46307 25,41542
51,87992 32,12928 25,1166
50,25228 33,97306 26,70764
49,43848 34,01438 27,2592
46,59018 34,14472 27,29097
48,62469 33,12747 26,81097
52,28682 32,78097 27,09071
48,82813 32,25645 24,9656
52,08334 32,40585 25,95424
44,75912 32,81275 26,20856
56,15232 33,48668 26,51214
47,40396 32,00849 25,15634
41,70733 32,41539 26,23399
46,99708 33,0766 26,25942
47,40396 33,47715 26,39294
52,89713 33,67106 27,35774
53,91439 32,33592 26,29439
46,79361 33,94444 26,54234
53,5075 32,30095 25,57595
51,26956 33,47398 26,75057
47,20051 32,95898 27,17812
54,7282 33,08295 26,85229
46,59018 32,99712 26,71877
50,04885 32,86362 26,42314
45,36947 33,76325 27,04939
50,86266 32,3232 25,32323
49,03158 33,62019 27,12249
46,18326 33,77279 26,85547
59,81443 34,0112 27,12727
48,42122 32,74917 26,42471
