0,6103516 0,2431872 0,1478195
0,6103516 0,2574924 0,1509985
0,4069011 0,2384188 0,1470248
0,8138021 0,2447767 0,1462301
0,6103516 0,2352399 0,1414617
0,8138021 0,2479557 0,1502037
0,6103516 0,2527241 0,1462301
0,6103516 0,2447767 0,1438459
0,6103516 0,2733869 0,1621246
0,6103516 0,2447767 0,1557668
0,6103516 0,2400083 0,1398723
0,6103516 0,2463662 0,1517932
0,6103516 0,2479557 0,1589457
0,4069011 0,2479557 0,1478195
0,4069011 0,2352399 0,1470248
0,6103516 0,2447767 0,1486143
0,4069011 0,232061 0,1470248
0,6103516 0,2400083 0,149409
0,6103516 0,2479557 0,1525879
0,6103516 0,2511346 0,1597404
0,6103516 0,2447767 0,1557668
0,6103516 0,2590819 0,1565615
0,6103516 0,2368294 0,1478195
0,8138021 0,2606713 0,1605352
0,4069011 0,2527241 0,158151
0,6103516 0,2288821 0,149409
0,6103516 0,2415978 0,1517932
0,6103516 0,2543135 0,1684824
0,6103516 0,2622608 0,1780191
0,6103516 0,2400083 0,1597404
0,6103516 0,2638502 0,1684824
0,6103516 0,2590819 0,1660982
0,4069011 0,2400083 0,1716612
0,6103516 0,2574924 0,1621246
0,6103516 0,2590819 0,1676877
0,6103516 0,2654397 0,1740455
0,6103516 0,2686186 0,172456
0,8138021 0,2638502 0,1780191
0,6103516 0,2495451 0,1700718
0,6103516 0,2670291 0,1875558
0,6103516 0,2495451 0,1668929
0,6103516 0,2686186 0,1804033
1,017253 0,2511346 0,1597404
0,6103516 0,2543135 0,1645088
0,4069011 0,2479557 0,1756349
0,6103516 0,252724 0,1819927
0,4069011 0,2543135 0,1700718
0,6103516 0,2654397 0,181198
0,6103516 0,2606713 0,1708666
0,6103516 0,2479557 0,1772243
0,8138021 0,2765658 0,1875557
0,6103516 0,2733869 0,1819927
0,6103516 0,2622608 0,1915294
0,6103516 0,2654397 0,1875558
0,6103516 0,2590819 0,1835821
0,6103516 0,270208 0,1827874
0,6103516 0,2638502 0,1788138
0,6103516 0,2463662 0,1692771
0,6103516 0,2654397 0,1788138
0,6103516 0,270208 0,1827874
0,6103516 0,2781552 0,195503
0,6103516 0,2797446 0,1923241
0,8138021 0,2781552 0,186761
0,6103516 0,2590819 0,1883505
0,6103516 0,2829235 0,2026554
0,6103516 0,2876918 0,201066
0,6103516 0,2574924 0,1819927
0,6103516 0,2797446 0,1994766
0,6103516 0,2590819 0,1827874
0,4069011 0,2670291 0,2002714
0,6103516 0,2749763 0,2002713
0,6103516 0,2797446 0,1859663
0,6103516 0,2797446 0,1962977
0,8138021 0,3131227 0,2225234
0,8138021 0,2892812 0,1986818
0,6103516 0,2845129 0,2090132
0,6103516 0,281334 0,2026555
0,6103516 0,281334 0,1986818
0,6103516 0,2733869 0,1986819
0,6103516 0,2686186 0,1915294
0,6103516 0,2988178 0,215371
0,6103516 0,2733869 0,2002713
0,6103516 0,2876918 0,2082185
0,8138021 0,2876918 0,2082185
0,8138021 0,2924601 0,2137816
0,6103516 0,2797446 0,1986819
0,6103516 0,2876918 0,2121921
0,6103516 0,2797446 0,2145763
0,8138021 0,3004073 0,215371
0,6103516 0,2972284 0,2249077
0,8138021 0,3019967 0,2121921
0,8138021 0,2988178 0,2161657
0,6103516 0,2988178 0,2264971
0,6103516 0,2892812 0,2074238
0,8138021 0,2845129 0,209808
0,6103516 0,2908707 0,2169605
0,8138021 0,2908706 0,2074238
0,8138021 0,3131227 0,2296759
0,8138021 0,3306065 0,240802
0,8138021 0,329017 0,2392125
0,6103516 0,2972284 0,220934
0,6103516 0,2924601 0,2129868
0,6103516 0,352859 0,2519283
0,6103516 0,2749763 0,2058344
0,6103516 0,3083544 0,2312654
0,6103516 0,317891 0,2471598
0,6103516 0,3115333 0,2336496
0,8138021 0,3274276 0,2368284
0,8138021 0,3306065 0,240802
1,017253 0,352859 0,2543125
0,6103516 0,3210699 0,2471598
0,6103516 0,3337854 0,2447756
0,8138021 0,3544485 0,2574915
1,017253 0,3703431 0,2702074
0,8138021 0,3512695 0,2551072
0,8138021 0,3687537 0,2749758
1,017253 0,3671642 0,2710021
0,6103516 0,3576275 0,2710021
0,8138021 0,3480906 0,2614651
0,8138021 0,3989536 0,293255
0,8138021 0,3973643 0,2924603
0,8138021 0,4259747 0,3059711
0,6103516 0,4482273 0,3274293
1,017253 0,467301 0,3393505
0,8138021 0,467301 0,3369663
1,017253 0,4863746 0,3568344
1,017253 0,4831957 0,3727286
0,8138021 0,4927325 0,3679605
1,831055 0,5133953 0,4084908
1,220703 0,5483628 0,416438
1,017253 0,5420051 0,4251798
1,017253 0,5594889 0,4450476
1,220703 0,6341929 0,4911415
1,017253 0,610351 0,4831941
1,220703 0,6771088 0,526109
1,424154 0,720024 0,5420037
1,424154 0,6707507 0,5197509
1,220703 0,7041295 0,5467724
1,627604 0,7677075 0,6055838
1,424154 0,8217494 0,6532683
2,237956 0,847181 0,6818782
1,424154 0,920297 0,7216148
1,424154 0,9059916 0,7168464
2,034505 0,964802 0,7764509
1,627604 1,012485 0,8249282
1,627604 1,023611 0,8432064
2,034505 1,115797 0,8932732
1,831055 1,168251 0,9520836
2,034505 1,263619 1,030763
2,034505 1,293819 1,05381
2,441406 1,346272 1,101496
2,441406 1,40985 1,146796
2,848307 1,57515 1,308121
3,051758 1,672107 1,389978
3,051758 1,821519 1,489321
3,865561 1,947087 1,581512
3,458659 2,045632 1,679263
3,458659 2,13305 1,746017
3,662109 2,263386 1,862048
3,66211 2,388957 1,950264
4,069011 2,643264 2,14815
4,272461 2,740222 2,230008
4,272461 2,940498 2,434253
4,069011 3,016791 2,549489
4,272461 3,104208 2,6989
4,272461 3,132817 2,737046
4,679363 3,232952 2,815723
4,475912 3,290174 2,884862
5,086263 3,458662 3,030301
4,882813 3,395082 2,99851
4,272461 3,363292 2,98182
4,475912 3,461842 3,03984
4,475912 3,428462 3,026326
5,086264 3,58264 3,139182
4,679363 3,554029 3,147922
4,882813 3,654161 3,232162
5,289713 3,717739 3,26554
5,696614 3,789263 3,329116
5,289714 3,806748 3,358523
5,289714 3,85761 3,383952
5,086263 3,95298 3,490448
5,900065 4,011791 3,522237
6,510415 3,951391 3,515084
5,493164 4,062656 3,625555
5,900065 4,080138 3,60807
6,917317 4,205705 3,741584
7,73112 4,340806 3,823441
10,78288 4,423457 3,866355
9,562172 4,693663 4,019735
9,765622 5,064015 4,289946
11,80013 5,846026 4,664264
12,41048 7,02063 5,47568
12,81738 8,319217 6,723402
13,02084 9,144144 7,730325
13,22429 9,70363 8,409026
14,64844 10,06762 8,709431
14,85189 10,13756 8,888245
16,68295 10,75427 9,421509
15,66569 11,24223 9,757676
15,86914 11,27243 9,898339
17,49675 11,7445 10,34737
14,44499 11,86689 10,4626
16,8864 12,32466 10,96566
17,49675 12,20544 10,79082
17,49675 12,58056 11,11508
20,14161 12,62665 11,12938
17,2933 12,85712 11,46237
17,2933 12,7697 11,34396
17,90366 12,98746 11,62053
17,08985 13,09713 11,64198
17,2933 13,17978 11,80252
16,4795 13,29104 11,84066
18,1071 13,77106 12,32545
17,08985 13,85053 12,32783
18,514 13,89027 12,41445
18,31056 13,62165 12,18478
19,73471 14,06352 12,65764
18,10711 14,4593 12,84838
18,514 14,48949 13,03991
19,53125 14,40843 12,9954
16,8864 14,70725 13,18694
18,9209 15,09508 13,61688
18,31055 14,85348 13,48813
19,32781 15,07441 13,6439
19,12436 15,16025 13,63595
20,75196 15,19044 13,58509
23,80371 15,53694 14,11835
20,54851 15,39707 13,93158
20,14161 15,42886 13,95623
23,19336 15,61324 14,05399
22,58301 15,84689 14,26935
20,14161 15,77696 14,36869
20,95541 15,97404 14,3671
20,54851 15,99153 14,52684
21,15886 15,65139 14,27253
19,53126 15,96292 14,52843
21,76921 16,09167 14,62619
19,93815 16,13935 14,64208
22,98991 16,12505 14,74063
22,583 16,15524 14,51333
19,32781 15,96769 14,58169
20,95541 16,03922 14,4895
19,53126 16,2077 14,75255
20,95541 16,25379 14,79706
21,76921 16,373 14,76368
21,76921 16,49856 15,02275
22,98991 16,40638 14,98779
21,76921 16,24108 14,92978
22,98991 16,47632 15,09349
22,98991 16,40796 15,05533
20,14161 16,34439 14,89877
21,76921 16,66864 15,15706
21,56575 16,69249 15,17932
23,80371 16,91501 15,28422
29,90721 16,977 15,37006
31,33136 17,07395 15,42171
34,99345 17,91954 15,9049
37,43486 18,39796 16,12107
41,30042 20,40862 17,12243
42,52113 23,48263 19,01785
36,8245 29,40335 22,35651
42,52113 32,05456 28,82321
44,7591 32,94784 29,8182
41,91077 33,94284 30,55095
46,59016 33,64721 30,06695
44,55564 34,7153 31,2956
43,9453 34,89174 31,6437
43,74184 35,93441 32,20715
47,60743 35,76594 32,75631
49,23504 36,48597 33,07024
43,53838 36,64809 32,88585
46,99707 37,02479 33,53912
45,77636 37,22505 34,0247
47,40397 37,56202 34,4459
46,59017 37,58904 34,19715
48,62469 37,62241 34,19555
50,45575 38,25026 34,55478
46,79361 38,06744 34,48166
51,67646 39,06087 35,75243
49,23504 38,79067 35,63721
49,84541 38,98775 35,32248
47,20052 38,90987 35,55059
49,0316 39,55519 35,91615
45,97979 39,48047 35,95747
47,60744 39,46777 36,00676
52,49026 40,40873 36,55194
51,67647 40,79656 37,21155
49,64194 40,48661 36,99696
55,13513 40,58993 37,20599
53,71099 40,90146 37,18533
51,0661 40,55656 37,2219
52,69372 41,79157 38,03013
51,47302 41,21776 37,597
50,45574 41,79317 38,36552
51,87992 41,62785 38,25027
48,82813 41,58812 38,10803
48,42123 41,48004 38,41797
54,72825 42,25571 38,74142
52,69373 42,59426 39,08473
55,13514 42,16032 38,70565
54,72823 42,9662 39,20952
50,65922 42,20484 38,86858
58,59383 42,9487 39,40104
53,71098 42,91534 39,35257
53,50754 42,5275 38,82487
51,47301 43,49389 39,62278
60,8318 43,19349 39,42727
54,11788 43,76092 39,80874
53,71098 43,72755 40,37381
51,0661 43,07428 39,63311
51,67645 43,27137 40,00584
51,87992 43,90082 40,11075
50,6592 42,90739 39,6347
53,91444 43,68464 40,28956
52,28682 44,13605 40,23154
58,59384 43,83405 40,31498
52,89719 44,02478 40,49221
55,94895 44,40784 40,66786
56,76276 44,37925 40,98971
51,67647 43,84201 40,44613
54,52479 44,10268 39,94545
52,69372 44,01207 40,58757
55,54205 44,1265 40,56213
56,96621 44,32838 40,73224
54,72825 44,37765 40,8705
53,71099 45,5602 41,97837
58,39037 45,25502 41,01911
61,03525 45,20736 41,67876
58,39038 45,62696 41,94737
53,50753 45,90989 42,02208
56,9662 45,53795 42,09121
59,40764 45,70802 42,04827
58,39037 46,4519 42,54976
60,018 46,03387 42,38129
61,84905 46,53613 42,9082
58,39038 46,82699 43,10368
55,13515 46,88581 43,23246
61,2387 47,1735 43,47325
61,64561 46,85243 43,14978
56,1524 46,6776 43,46847
56,96621 46,50435 43,20462
58,59383 47,38016 43,68467
57,98347 46,62991 43,29442
58,39038 47,54226 44,09869
60,42489 47,82518 44,29182
61,6456 47,37696 43,74189
60,22144 48,1097 44,30931
54,72824 47,69168 43,91114
56,55932 46,9176 43,40649
58,79729 47,21484 43,57657
77,31142 48,17646 44,36255
58,39038 47,50888 43,99221
54,11787 47,2784 43,72678
58,39038 47,55496 44,15831
58,18694 48,06361 44,36256
62,05249 47,75047 44,54929
61,03526 48,32109 44,63435
60,018 48,75025 44,65422
65,1043 48,78046 44,88627
58,18694 49,23345 45,45371
57,98348 48,61038 44,80204
63,27323 49,08563 45,49902
59,81454 48,71211 45,3027
58,18692 48,49753 45,04523
62,25598 50,28726 46,18247
59,40764 49,12537 45,75255
70,1906 50,01705 46,09587
58,79728 49,55931 46,19759
