0,6103516 0,2988181 0,2288821
0,6103516 0,3115337 0,23524
0,4069011 0,2733865 0,211398
0,6103516 0,3051759 0,2304716
0,6103516 0,2765655 0,2050401
0,8138021 0,2829233 0,2177559
0,6103516 0,3178917 0,23524
0,8138021 0,2861023 0,2225242
0,8138021 0,2956391 0,2241137
0,6103516 0,2829233 0,2145769
0,6103516 0,3115337 0,2225243
0,6103516 0,2797444 0,2066296
0,6103516 0,2733865 0,2082191
0,4069011 0,2861023 0,2098086
0,6103516 0,3178916 0,2400084
0,6103516 0,3210706 0,2336506
0,6103516 0,3115338 0,2241138
0,6103516 0,2829233 0,2177559
0,6103516 0,3242495 0,2400084
0,6103516 0,301997 0,2272927
0,6103516 0,3623964 0,2622606
0,8138021 0,3306074 0,2479557
0,6103516 0,3496808 0,2559029
0,8138021 0,3115338 0,2336505
0,8138021 0,3115338 0,2304716
0,6103516 0,2892812 0,2177559
0,6103516 0,2765655 0,2241137
0,8138021 0,3242495 0,2400084
0,6103516 0,2956391 0,2177559
0,6103516 0,2956391 0,2257032
0,6103516 0,298818 0,2257032
0,6103516 0,3242495 0,2479557
0,6103516 0,2956391 0,2257032
0,6103516 0,3115338 0,2304716
0,6103516 0,3306074 0,2400084
0,8138021 0,3147127 0,2320611
0,8138021 0,3242495 0,2415979
0,8138021 0,3083548 0,23524
0,6103516 0,2988181 0,2288821
0,6103516 0,2892812 0,2209348
0,6103516 0,3242495 0,2511346
0,8138021 0,3147127 0,2336505
0,8138021 0,3242495 0,2431873
0,8138021 0,3306074 0,2463663
0,6103516 0,3051759 0,2384189
0,6103516 0,2924602 0,2241137
0,6103516 0,3274285 0,2527241
0,8138021 0,2956391 0,2129875
0,6103516 0,3083549 0,2241138
0,8138021 0,3274285 0,2463663
0,6103516 0,2861023 0,2257032
0,6103516 0,3242495 0,2447768
0,8138021 0,3592175 0,2654396
0,4069011 0,2702076 0,211398
0,8138021 0,3051759 0,2257032
0,6103516 0,301997 0,23524
0,6103516 0,3465019 0,2590818
0,8138021 0,3115338 0,2400084
0,6103516 0,301997 0,2320611
0,8138021 0,3178917 0,2368295
0,6103516 0,3433231 0,255903
0,8138021 0,3306074 0,2527241
0,4069011 0,2892812 0,2272926
0,6103516 0,3051759 0,2368294
1,017253 0,3178916 0,2384189
0,4069011 0,3178917 0,2400084
1,017253 0,2892812 0,2257032
0,8138021 0,3560386 0,2622607
0,8138021 0,3178916 0,2463662
0,6103516 0,3115337 0,23524
0,6103516 0,3242495 0,2447768
0,6103516 0,3274285 0,2463663
0,6103516 0,3687542 0,2749762
0,6103516 0,3147127 0,2463662
0,6103516 0,3337863 0,2527241
0,6103516 0,3337863 0,2463663
0,6103516 0,3178917 0,2495452
0,6103516 0,3687542 0,267029
0,6103516 0,3465019 0,2654396
0,6103516 0,375112 0,2765656
0,6103516 0,3687542 0,2733868
0,6103516 0,3369652 0,2590819
0,6103516 0,3115338 0,2447768
0,6103516 0,3528598 0,2590818
0,6103516 0,3401442 0,2606713
0,6103516 0,3369653 0,2590819
0,8138021 0,3782909 0,2765656
0,8138021 0,3687542 0,2797446
0,8138021 0,3369653 0,2543136
0,6103516 0,4069011 0,2940495
0,6103516 0,3941854 0,2876917
0,8138021 0,3941855 0,2956389
0,8138021 0,4164378 0,2972283
1,017253 0,4323322 0,3115333
0,8138021 0,4291534 0,3099439
1,220703 0,441869 0,32107
0,6103516 0,4164378 0,3083545
0,8138021 0,4514056 0,3258382
0,8138021 0,4768369 0,3671641
0,8138021 0,4768369 0,3449115
0,8138021 0,4863735 0,3767009
2,034505 0,5435942 0,4164376
1,424154 0,5149838 0,3957745
1,424154 0,5594889 0,4371008
2,237956 0,5658468 0,4275639
2,441406 0,6198886 0,4625322
2,034505 0,6071728 0,4514059
1,831055 0,7915499 0,5849205
2,034505 0,9282426 0,6850554
3,051758 1,198452 0,8455911
4,272461 1,487731 1,061758
5,289714 1,878739 1,320839
5,900065 2,492269 1,792908
5,900065 2,98818 2,207756
7,527668 3,512701 2,621016
9,562172 4,278818 3,259976
8,748371 4,609426 3,609657
7,527667 5,203883 4,083316
12,00358 5,97636 4,712742
8,74837 6,214778 4,930498
9,562171 6,682078 5,26905
12,20703 6,866456 5,523365
12,20703 7,419586 6,18299
9,765623 7,235209 6,109873
13,22428 8,331935 6,764731
12,81738 8,656181 6,993611
12,41048 8,560817 7,177988
16,4795 9,403228 7,691384
19,12436 9,622575 8,045835
16,27605 10,56035 8,422533
15,86915 10,61757 8,850096
16,8864 10,66208 8,789699
15,05534 10,72248 8,947054
18,71746 11,43774 9,484292
19,73471 11,52674 9,584425
18,92091 12,43591 10,50313
17,08985 12,85235 10,80036
21,56576 12,88096 10,64777
20,75196 12,89686 10,73996
22,17612 12,95408 10,86235
21,36231 13,24018 10,97838
22,98991 14,19703 11,69363
18,9209 13,92047 11,61734
21,97266 13,39594 11,06104
27,26237 15,54171 13,04309
23,19336 15,09349 12,40412
20,75196 14,80103 12,30399
27,46582 15,09031 12,34213
23,19336 15,23972 12,68069
24,82096 16,42545 13,73768
32,55207 16,06941 13,42297
26,04166 17,72881 14,73745
28,48307 16,58758 14,05239
24,61751 17,36005 14,42909
26,65201 17,19793 14,28127
26,24512 18,06895 15,29058
37,84176 19,72516 15,7992
27,0589 19,11481 15,8453
37,43486 18,53307 15,77377
33,36586 19,19111 16,0869
29,90722 19,23243 16,10755
28,48307 19,05441 15,9963
27,05891 19,03852 15,85006
26,652 18,98129 15,93431
29,29686 19,74106 16,25061
34,79 19,99538 16,82918
33,77276 20,70109 17,42045
28,88996 20,78374 17,37595
40,07971 21,06984 17,32985
32,14515 21,46403 17,42522
51,67646 22,03623 18,09279
36,01072 24,05484 19,53443
39,46935 24,82096 20,42452
52,2868 25,50125 20,89818
55,94896 26,3373 21,45608
56,35586 30,3777 24,1359
58,39037 33,91264 26,94288
64,29047 36,23961 28,78506
58,39037 38,9385 31,69377
61,44214 39,64741 32,29459
69,78367 41,06838 33,57251
74,25962 41,11924 33,80456
65,91811 42,76591 35,67057
75,27688 45,06429 36,78162
72,8354 46,46938 37,82749
78,53209 49,70869 39,5457
89,11138 51,76547 42,42581
96,23206 58,85766 45,59042
134,6837 62,63739 48,99663
101,5218 66,99253 53,42806
108,8459 70,17464 57,09018
106,6079 74,03705 60,07998
131,8354 79,1042 64,89919
104,7768 74,79046 62,84721
132,4458 79,01522 66,94324
120,0354 77,64192 65,16145
168,0495 83,57375 70,24933
108,032 79,07561 67,06723
115,1527 81,57106 69,58335
120,4424 85,59554 71,35082
125,3251 84,92799 72,12649
112,9147 86,69543 74,39144
116,1699 85,31261 73,89714
134,0733 89,13362 75,03199
146,6871 87,89071 75,58829
149,1284 92,61131 78,03922
141,3974 90,5133 77,54653
123,494 90,21447 78,88801
123,9009 89,01602 76,27813
126,3424 93,33929 78,74334
137,5319 93,51094 80,37732
129,8009 92,09319 77,96452
123,6975 92,59227 80,8637
145,2629 92,38245 79,62865
157,8767 95,59312 83,45767
128,7837 92,58273 80,74289
131,2251 95,15128 80,97971
134,2769 94,89696 81,33098
136,9216 98,12347 84,40971
125,1216 95,21484 83,78513
132,0388 95,03999 81,34212
167,0322 96,53088 82,82188
147,2974 99,53492 84,64656
138,1423 98,53993 84,63386
125,9354 98,60667 87,10072
134,4802 98,90868 84,9708
129,394 98,02493 85,43494
154,0111 100,7175 85,2776
128,7837 97,19207 83,32891
139,1595 99,60803 85,3348
128,7837 100,1198 85,67809
145,0595 101,1593 88,08932
134,6837 102,8664 90,42899
137,7354 101,0544 87,84616
147,2974 102,0844 88,19423
144,6525 103,4004 89,93465
144,4491 102,2497 89,20513
151,3663 106,379 93,11197
135,4974 104,3541 90,71032
151,1629 105,0248 91,88489
130,0044 104,7069 92,74798
135,7009 104,6306 90,57994
165,608 107,7618 94,3231
133,463 106,1247 93,37263
167,4392 109,2781 96,45773
156,4525 108,2545 97,26678
148,3146 110,7277 97,1841
152,587 109,9298 98,76402
160,1147 111,8181 97,98199
136,7182 109,2591 96,35598
139,9733 111,3698 99,244
148,3146 109,2082 97,44955
147,5008 115,6581 101,4231
143,4319 111,7736 98,12823
136,9216 112,2695 100,6841
149,9423 115,4102 101,1307
162,1494 116,4719 101,8761
164,9977 115,6295 102,8997
148,9249 118,748 106,5237
154,6215 113,3026 101,7712
147,0939 118,3284 105,5652
147,2974 119,6412 105,6479
148,3146 116,7485 105,8243
155,8422 118,8624 106,5841
143,8388 118,4428 104,2396
166,2184 121,3419 108,2069
158,2836 120,4296 107,3804
155,8422 122,213 109,3385
166,2184 120,9827 107,9446
162,3527 120,4741 107,7157
151,7733 120,312 109,3672
168,8633 122,4863 107,5552
145,8733 120,1848 106,8796
153,1973 121,7266 109,4911
