0,8138021 0,3910064 0,2956392
0,6103516 0,4132591 0,3075605
0,8138021 0,4323328 0,3178923
0,6103516 0,4371011 0,3234555
0,8138021 0,4339222 0,3170975
1,220703 0,464122 0,3480925
1,017253 0,467301 0,3465031
0,8138021 0,4752483 0,3552449
0,8138021 0,4529957 0,3385558
0,8138021 0,4561747 0,3552447
1,017253 0,4943219 0,3822653
0,8138021 0,4657115 0,3679602
0,8138021 0,5006798 0,3957754
1,017253 0,4863746 0,3814705
1,017253 0,4736588 0,3782915
0,8138021 0,4831956 0,3886228
1,017253 0,5038587 0,3918019
1,017253 0,5229319 0,4084909
1,017253 0,5038587 0,399749
0,8138021 0,5006798 0,4100802
1,017253 0,5229319 0,4140538
1,017253 0,5133952 0,4084908
1,017253 0,5245214 0,4251798
1,220703 0,5372368 0,4275639
1,017253 0,5483628 0,4355111
1,220703 0,5658466 0,4434583
0,8138021 0,5118058 0,4108749
1,220703 0,5547206 0,4410741
1,220703 0,5515417 0,4426635
1,220703 0,5849198 0,460942
1,220703 0,5912777 0,4641209
1,220703 0,5928671 0,4712732
1,017253 0,5801515 0,4617366
1,627604 0,6326035 0,4959098
1,424154 0,6087616 0,4855782
1,220703 0,6294245 0,4998832
1,424154 0,6437297 0,5038568
1,627604 0,6977717 0,5396197
1,424154 0,7406869 0,5745887
1,424154 0,7931387 0,6087627
2,441406 0,8551283 0,6691628
3,66211 0,9234758 0,7025418
8,544919 1,039506 0,7828091
56,35587 1,624426 1,114208
72,83543 2,201398 1,426539
70,19057 3,286999 2,073448
58,39034 4,730224 2,887248
52,08336 7,686614 4,60704
85,44935 13,17501 7,798669
88,70451 22,59097 13,53582
118,2044 34,86317 21,53081
96,63897 45,61426 29,6863
115,9665 58,60332 39,81194
137,9388 66,90508 47,43657
120,239 72,78291 52,97109
126,9526 80,92884 60,39698
115,1527 84,77535 65,6621
133,4631 93,42035 73,5132
146,6871 97,2763 75,55724
146,6871 99,23767 78,57088
150,1456 101,0623 80,5537
142,4146 106,5984 87,13876
137,7355 106,8368 87,79287
147,2977 110,1444 92,44991
175,5774 111,2952 92,8672
155,4353 112,9799 94,63541
187,1744 116,8057 97,28735
159,5043 117,2953 98,34431
185,7503 120,5298 102,0621
167,4391 117,5702 97,48839
176,5947 120,3931 99,71286
172,1187 124,2808 106,5904
174,3566 123,1729 105,0589
167,0322 125,5715 108,0701
176,5947 125,9799 108,8958
174,5601 131,357 114,7069
191,2435 136,0236 117,989
182,088 137,6432 120,4265
191,6505 134,7886 117,5623
191,6505 138,0151 121,3388
191,8539 139,6713 122,4903
191,4471 142,3798 126,0841
189,6159 146,5934 128,7536
190,8366 144,872 128,7384
192,2609 148,2226 131,7854
190,0228 150,4844 132,0095
192,0574 149,8088 133,1316
191,8539 150,5576 133,0458
192,4644 153,9113 136,7096
192,2609 150,1013 135,0127
191,854 158,3586 140,0212
192,2609 156,1556 139,2002
192,4643 158,5159 138,9427
192,2609 157,5576 140,4106
192,2609 156,4004 140,0657
192,4643 161,2148 143,266
192,0574 159,1453 141,8124
192,6678 166,5842 148,0074
192,2608 165,5223 147,4478
192,4643 165,4095 147,6338
192,4643 166,4633 149,5578
192,4643 168,9095 150,6005
192,4643 167,8795 149,5539
192,4643 170,6882 151,6957
192,2609 170,2685 151,8459
192,4643 170,9282 152,8583
192,4643 172,1648 152,9816
192,0574 172,1679 154,2103
192,4643 171,0331 152,7218
192,4643 171,3637 154,1815
192,0574 170,7756 153,5172
192,2609 170,4657 152,4762
192,4644 173,2297 154,7625
192,4643 173,4014 154,2214
192,4643 179,2365 159,4904
192,4644 174,2074 154,5846
192,4643 176,7171 157,959
192,4643 173,6828 153,8097
192,4643 173,6764 155,0447
192,4643 173,3617 154,6513
192,4643 176,2689 156,4657
192,4643 178,5943 159,0485
192,4643 177,8536 157,7397
192,2609 175,091 156,3663
192,4643 176,4294 157,1269
192,2609 176,7218 157,4965
192,2609 177,0478 158,4796
192,4643 175,2103 154,3923
192,4643 175,9144 156,9655
192,4643 176,9619 160,5497
192,4643 176,6217 159,0144
192,4643 174,2263 156,2185
192,4643 176,5821 156,9752
192,4644 179,0983 160,1406
192,4643 179,5322 160,0976
192,4643 177,7566 158,8698
192,4643 173,2298 156,8416
192,4643 177,9887 159,864
192,4643 174,7891 155,8903
192,4643 177,0763 157,792
192,4643 176,7506 157,2708
192,4643 180,3317 161,1276
192,4643 177,5993 159,1797
192,4643 178,4052 160,6325
192,0574 176,8935 158,0337
192,4643 177,9188 158,8721
192,4643 175,792 155,4906
192,4643 176,7012 158,3865
192,4643 177,9999 159,2139
192,4643 179,7292 159,7583
192,4644 181,1884 162,4143
