0,6103516 0,298818 0,2257032
0,6103516 0,2829233 0,211398
0,6103516 0,2924601 0,2225243
0,4069011 0,3051759 0,2304716
0,6103516 0,2797444 0,2209348
0,6103516 0,2797444 0,2272926
0,4069011 0,2606708 0,2098085
0,6103516 0,301997 0,2336505
0,6103516 0,2924602 0,2193453
0,6103516 0,3242495 0,2320611
0,8138021 0,3242495 0,23524
0,6103516 0,2892812 0,2129875
0,8138021 0,3210706 0,2384189
0,6103516 0,3147127 0,2384189
0,6103516 0,2956391 0,2272927
0,6103516 0,2829233 0,2193453
0,6103516 0,2924602 0,2257032
0,6103516 0,3210706 0,2463663
0,6103516 0,3337863 0,2479557
0,4069011 0,2861023 0,2225243
0,6103516 0,298818 0,23524
0,8138021 0,3178916 0,23524
1,017253 0,3083548 0,2320611
0,6103516 0,3083549 0,2272927
0,4069011 0,2861023 0,2209348
0,8138021 0,3210706 0,2336506
0,6103516 0,3274285 0,238419
0,6103516 0,2892812 0,2288821
0,6103516 0,3147127 0,2336506
0,6103516 0,2956391 0,2241137
0,6103516 0,298818 0,2241137
0,6103516 0,3242495 0,238419
0,8138021 0,3306074 0,2511346
0,6103516 0,2956391 0,2161664
0,6103516 0,2892812 0,2209348
0,6103516 0,2956391 0,2225243
0,6103516 0,301997 0,2384189
0,6103516 0,3083549 0,2384189
0,6103516 0,301997 0,2257032
0,8138021 0,3242495 0,2431873
0,6103516 0,3274285 0,2574924
0,6103516 0,3242496 0,2415979
0,6103516 0,343323 0,2638502
0,6103516 0,3083549 0,2320611
0,4069011 0,2733865 0,2098085
1,017253 0,3147127 0,2463662
0,6103516 0,2956391 0,232061
0,6103516 0,3496809 0,2590818
0,8138021 0,3369653 0,2543136
0,8138021 0,3306074 0,2574924
0,8138021 0,3115338 0,2384189
0,6103516 0,3433231 0,2654397
0,6103516 0,3083548 0,2336505
0,8138021 0,3496809 0,255903
0,6103516 0,3496808 0,2574924
0,6103516 0,3401442 0,2527241
0,6103516 0,3306074 0,2527241
0,6103516 0,3369652 0,2527241
0,6103516 0,3274285 0,2447768
0,8138021 0,3496809 0,2686186
0,6103516 0,3210706 0,2527241
0,8138021 0,3274285 0,2495452
0,6103516 0,3178917 0,2400084
0,6103516 0,3115338 0,23524
0,6103516 0,3337863 0,2463663
0,6103516 0,3337863 0,2543136
0,6103516 0,3242495 0,2511346
0,6103516 0,3433231 0,2654397
0,6103516 0,3242495 0,2495452
0,8138021 0,3592176 0,2717974
0,6103516 0,3592176 0,2717974
0,8138021 0,3496809 0,2606713
0,6103516 0,3147127 0,2479557
1,017253 0,346502 0,2543135
0,6103516 0,3719331 0,281334
0,6103516 0,3369652 0,2606713
0,8138021 0,3782909 0,2797445
0,8138021 0,3687543 0,2797446
0,8138021 0,3751121 0,2797446
0,8138021 0,3401442 0,2606713
0,8138021 0,3496809 0,2717974
0,8138021 0,3623964 0,2749763
0,8138021 0,3592176 0,2702079
0,8138021 0,3655754 0,2797446
0,6103516 0,3242495 0,2590819
0,6103516 0,3560387 0,2749763
0,8138021 0,3941855 0,2924601
0,8138021 0,3878277 0,2845128
0,8138021 0,3941854 0,2908706
0,6103516 0,3719331 0,2781551
0,6103516 0,3846487 0,2876917
0,6103516 0,3719331 0,2829235
0,8138021 0,41008 0,3035861
0,8138021 0,4132588 0,3035861
0,8138021 0,4005432 0,2972284
0,8138021 0,3846488 0,2892812
0,6103516 0,406901 0,3019967
0,6103516 0,3973643 0,2956389
0,8138021 0,4418689 0,317891
0,6103516 0,4227956 0,306765
0,6103516 0,406901 0,3019967
0,8138021 0,4609423 0,3353748
0,6103516 0,4291533 0,3147122
0,8138021 0,4259744 0,3099438
0,6103516 0,4132588 0,306765
0,8138021 0,4514056 0,3226593
0,6103516 0,43869 0,3194804
0,8138021 0,4704791 0,3385537
0,6103516 0,4450478 0,3242488
0,8138021 0,4673001 0,3401431
0,8138021 0,4514056 0,3480905
0,8138021 0,473658 0,3401431
0,8138021 0,4514056 0,332196
0,8138021 0,4736579 0,3544484
0,8138021 0,4673001 0,3544483
0,8138021 0,43869 0,3369643
1,017253 0,4990892 0,3814693
1,017253 0,4927314 0,3719324
0,6103516 0,4641212 0,3512694
0,6103516 0,4641212 0,3671642
0,8138021 0,508626 0,3719324
0,8138021 0,4831947 0,3751115
0,8138021 0,4768369 0,3782905
0,8138021 0,5118049 0,4116693
0,8138021 0,4959103 0,3925957
1,220703 0,5181628 0,4100799
0,8138021 0,4927314 0,3989536
1,017253 0,5181627 0,4021324
0,8138021 0,4863736 0,3767009
0,8138021 0,508626 0,3989535
1,017253 0,508626 0,3814693
1,017253 0,5245206 0,4180272
1,017253 0,5340574 0,4164377
1,017253 0,5276996 0,4132587
1,017253 0,5372364 0,4355114
1,017253 0,5817415 0,4561745
1,220703 0,5372364 0,4291535
0,8138021 0,5467733 0,4307429
1,017253 0,5849205 0,454585
1,220703 0,638962 0,5038585
1,220703 0,6771088 0,5245215
1,220703 0,6580355 0,5086269
1,017253 0,7120769 0,5531315
1,424154 0,7311504 0,5722046
1,220703 0,7120768 0,5531313
1,424154 0,7565818 0,5849202
1,627604 0,788371 0,6087618
1,627604 0,8010866 0,6389613
1,627604 0,8551278 0,6628028
1,627604 0,880559 0,6755186
2,237956 1,007715 0,7406865
2,034505 1,058578 0,7661179
2,441406 1,25885 0,9393694
2,441406 1,395543 1,045863
3,051758 1,640321 1,228649
2,644857 1,732509 1,339913
3,458659 1,878739 1,486143
4,27246 2,082189 1,584689
3,662109 2,187094 1,667341
5,086262 2,266566 1,773835
3,662109 2,476373 1,926422
4,679362 2,593993 2,029737
5,086263 2,765656 2,158482
4,27246 2,921422 2,22683
4,475911 2,975464 2,287228
4,882813 3,035862 2,382596
5,086263 3,258388 2,5781
5,086263 3,15984 2,481143
5,086263 3,328324 2,659161
5,086263 3,306071 2,649625
5,289713 3,465017 2,716382
5,086263 3,369649 2,716381
5,289713 3,465017 2,773603
5,289714 3,770192 3,027916
6,103516 3,738404 2,973876
6,306966 3,716151 2,967518
6,306966 4,049936 3,239314
7,324219 4,123052 3,228188
8,544922 4,323324 3,465017
6,917318 4,644394 3,727277
7,73112 4,889171 3,943443
6,917318 4,940031 3,95298
7,527669 4,873275 3,95298
7,324219 4,854202 3,987947
7,324219 5,076725 4,045169
8,951823 5,483627 4,342398
8,544923 5,388261 4,383725
9,765625 6,109873 4,903475
9,358725 6,125768 4,949569
9,562175 6,326041 5,366009
9,358725 6,450017 5,203884
10,98633 6,815594 5,483629
10,37598 7,174809 5,817413
10,57943 7,066726 5,671184
9,969077 7,200243 5,950929
9,358725 7,44184 6,2116
12,00358 7,632573 6,333985
11,39323 8,064906 6,694796
12,00358 8,172991 6,578765
13,42773 8,281073 6,812415
14,44499 8,306503 6,747246
13,22428 8,459091 6,958643
13,02083 8,862814 7,074674
12,61393 9,333297 7,440251
13,42774 9,438196 7,753372
13,63119 9,692512 8,014045
13,83463 9,848274 8,118945
13,63119 10,00404 8,424122
14,24154 10,34101 8,4877
14,24154 10,15981 8,296967
15,46224 10,78924 8,824666
14,85189 10,50949 8,982021
14,03808 10,58896 8,656183
15,05534 10,81149 8,956592
13,63118 10,70976 8,978841
15,25879 11,00858 9,050369
16,47949 11,46952 9,810128
14,85189 10,9609 9,142555
14,24154 11,52993 9,708406
14,85189 11,32965 9,444551
15,25879 11,49495 9,708402
16,68294 11,41866 9,682976
15,25879 11,40276 9,444555
14,44499 10,92275 9,158452
15,05534 11,65072 9,764037
14,64844 11,73655 9,848276
15,86914 11,76517 9,757683
14,85189 11,54264 9,888014
15,25879 11,65708 9,741785
16,68294 12,07669 9,962716
18,10709 12,35008 10,39982
16,88639 11,93682 10,08034
16,27604 12,12756 10,23929
17,29329 11,98133 9,813308
16,68294 12,11167 9,96431
16,27604 12,09259 10,35532
14,64844 12,05126 10,21544
15,46224 12,17524 10,20908
17,49674 12,5281 10,46817
17,29329 12,3628 10,37121
16,88639 11,99086 9,962716
16,68294 12,36597 10,54923
17,70019 12,43909 10,42843
15,25879 11,94954 9,657535
16,07259 12,48042 10,62552
16,47949 12,85553 10,83692
15,66569 11,98451 10,07716
16,88639 12,60122 10,06603
16,27604 12,43909 10,5079
16,88639 12,45499 10,52539
18,514 12,85871 10,66208
17,49674 13,17342 11,04514
18,10709 12,88096 10,78606
18,1071 12,73155 10,83533
17,90364 13,04944 10,93547
16,68294 12,51221 10,61281
14,85189 12,67433 10,85917
17,49674 12,87778 11,0515
17,29329 13,19249 11,16435
17,70019 13,01129 11,27084
18,31054 13,2974 11,37733
18,31054 13,74881 11,76675
17,49675 13,52946 11,57443
17,49674 13,47224 11,37098
17,29329 13,52946 11,63642
19,12435 13,56125 11,49178
17,08984 13,45317 11,51562
19,53125 14,01265 11,94477
18,514 13,72337 11,50449
17,7002 13,72973 12,06398
18,31054 14,28922 11,88755
18,1071 13,93954 11,78742
18,9209 13,90775 11,81285
18,1071 14,14616 12,26743
20,9554 13,95544 12,04332
17,90364 13,59622 11,75086
19,12435 13,99994 12,15458
20,75195 14,21928 12,07829
19,12435 14,40048 12,39618
16,68294 13,97769 12,13868
18,514 14,04444 12,11166
19,12435 14,21928 12,04809
19,93815 13,85053 11,58396
18,71745 14,35598 12,34373
20,34505 14,28604 12,29922
16,88639 14,37823 12,30717
17,90364 14,22246 12,04014
18,1071 13,8092 11,58555
17,08984 13,82192 11,70794
18,9209 14,83599 12,544
17,90364 14,22882 12,11166
17,90364 13,72973 11,52038
18,71744 14,20975 12,17842
18,1071 14,13345 12,3628
20,5485 14,40048 12,19273
19,12435 14,32419 12,3167
17,49674 14,4577 12,24677
19,7347 14,78831 12,49631
21,56576 14,73109 12,64572
20,9554 14,88049 12,75698
20,34505 14,8042 12,49472
19,93815 14,97268 12,91593
17,90364 14,40684 12,03219
18,71745 14,39094 12,4073
19,12435 14,44816 12,3024
19,53125 14,22246 12,44227
18,514 15,02991 12,935
17,70019 14,95361 12,70453
18,1071 15,06169 12,81261
17,49674 14,8201 12,55195
17,7002 14,66751 12,5281
17,49674 15,11574 13,12256
23,19336 15,33508 13,33555
20,34505 15,26515 12,78082
18,31055 14,80103 12,81898
20,5485 15,07759 13,00176
19,93815 15,02037 12,56784
21,3623 15,69748 13,41025
21,76921 14,96951 12,88573
19,93815 15,82146 13,72973
23,60027 15,46224 13,14481
20,5485 15,42727 13,16865
18,9209 15,22064 13,0558
19,7347 15,54807 13,38005
20,75195 15,51628 13,28786
20,9554 15,47813 13,26084
18,514 15,32237 12,88256
21,15886 15,86596 13,70589
19,93815 15,46224 13,25766
19,53125 15,80874 13,75199
21,3623 15,50992 12,83964
20,1416 15,8151 13,89027
20,1416 15,42091 13,15594
22,17611 16,27286 14,09849
19,7347 15,92318 14,01901
20,5485 16,14252 13,93159
19,53125 16,30783 14,02219
19,3278 15,96451 13,85052
21,3623 16,3428 14,03808
20,9554 16,61936 14,5785
20,5485 16,15524 14,04444
20,9554 16,23153 14,19226
19,93815 15,67523 13,84258
20,34505 16,3428 13,92206
24,00716 16,2665 14,16842
19,7347 16,06941 13,42456
19,7347 16,43817 14,0969
21,15885 16,7497 14,47995
22,98991 16,23472 14,06193
22,98991 16,01855 13,75834
19,93815 16,59712 14,75176
20,5485 16,48903 14,26061
20,5485 16,70837 14,52605
21,3623 16,75606 14,54353
21,97265 17,12481 14,89639
21,97265 17,17249 14,45611
21,56575 17,47131 14,99176
21,76921 17,24243 14,85666
21,56575 17,1725 14,80738
24,21062 17,58575 15,52423
21,15886 17,51899 15,08077
21,56575 17,66523 15,32873
20,9554 17,80828 15,59734
20,5485 17,49356 15,06647
25,63476 17,71292 15,11733
22,37956 17,61119 15,19839
24,21062 17,89411 15,87232
20,9554 17,5794 15,51152
22,78646 18,16432 15,81669
21,15886 18,22472 15,5131
21,76921 17,91636 15,52423
21,15885 17,71927 15,65774
22,78646 18,12617 15,60052
21,56575 18,12617 16,22995
21,76921 18,25332 15,88662
25,63477 18,10074 15,4686
22,17611 17,90683 15,59576
23,80371 18,52036 16,10438
21,97266 18,25333 15,85961
24,61751 18,6793 16,18385
23,39681 18,34552 16,01537
22,58301 18,17386 15,89298
21,56575 18,44406 16,26015
22,58301 18,20246 15,92159
21,76921 18,52353 16,45247
22,37956 18,66023 16,41432
26,24512 18,62208 16,33485
21,15885 18,37412 15,90252
21,56576 18,15479 15,97881
21,97266 18,41545 15,7261
24,61751 18,71427 16,15684
22,98991 18,82235 15,97563
22,58301 18,4536 16,27604
24,00716 18,7397 16,60506
24,00716 18,83507 16,40002
22,78646 17,96086 15,5878
23,39681 18,74606 16,34121
23,80371 18,7397 16,39843
21,97266 18,66023 16,40638
23,19336 18,61572 16,00106
22,98991 18,6189 16,36505
24,82096 18,71427 16,17432
22,78646 19,03852 16,92295
23,19336 19,14978 17,09462
21,56575 18,514 16,47632
22,78646 19,55986 17,00401
23,80371 18,88593 16,73699
23,19336 19,05124 16,66546
24,61751 19,39774 16,82918
25,02442 19,58212 16,80056
22,98991 19,62661 17,02149
26,04167 19,68384 17,29329
24,21061 19,95723 17,51423
22,58301 19,44224 17,45224
25,43131 20,0208 17,53012
24,21062 20,13524 17,28375
23,19336 19,84914 17,69383
25,43132 20,02081 17,64138
24,00716 20,44995 17,8496
24,21062 20,0812 17,54125
25,02441 20,46903 18,17226
25,02441 20,38955 18,16432
24,61751 20,36094 17,94179
26,24512 20,49446 18,08326
25,02441 20,39274 17,8814
23,80371 20,17975 17,90841
25,22787 20,40227 17,5937
28,27962 20,64069 18,15955
26,04167 20,44678 17,55079
26,24512 20,66612 18,34074
25,02442 20,32916 17,7447
24,61751 20,48175 18,1818
25,63477 20,25922 18,1675
27,46582 20,89818 18,52989
26,24512 20,91726 17,99583
25,22786 20,64069 18,45201
27,05892 21,05713 18,50445
24,21061 20,32916 17,51422
24,21061 20,7297 18,00061
25,22787 20,42453 17,17091
25,83821 20,78056 18,06895
28,27963 21,13978 18,1961
26,04167 20,65658 18,13412
24,41406 20,84414 18,39638
23,60026 20,53261 17,92589
25,83822 20,70427 17,85437
26,85547 20,71381 18,2565
25,83821 20,86639 18,29306
28,07617 21,45131 18,78261
25,22787 21,44814 18,52036
25,43132 21,69927 18,80646
27,05892 21,28919 18,79215
25,83822 20,97765 18,47267
27,26237 21,2574 18,32326
26,44856 21,25104 18,79056
25,63476 21,10799 18,38207
28,48307 21,61344 19,01309
26,44857 20,76785 18,29465
28,27962 20,9872 18,41863
25,22787 20,87275 18,30419
26,44857 21,19065 18,47108
26,85547 21,27011 18,52353
25,43131 21,53396 18,85096
24,00716 21,3623 18,90024
26,24512 21,38774 18,66182
24,61751 21,50218 19,0417
27,66927 21,55622 18,7699
26,65202 21,83914 18,74924
27,05892 21,75649 19,42953
26,44857 21,21289 18,59983
27,05892 21,85186 19,00673
25,43131 21,42906 19,24673
26,24513 21,3782 18,70315
26,65202 21,67066 18,51559
27,05892 20,98401 18,57916
28,88997 22,09664 19,48038
25,83822 21,63887 19,36118
26,85547 21,51171 18,67453
25,43132 21,55304 19,23561
26,04167 21,40363 18,905
25,02442 21,34641 18,73652
28,68653 21,69291 19,27217
26,65202 21,47039 18,9511
25,43132 21,08892 18,39796
29,29688 21,81689 19,19746
25,22787 21,45132 18,92408
26,65202 21,75013 19,15932
26,44857 21,56576 19,15455
26,44857 21,71199 18,76672
27,05892 21,20336 18,5887
26,44857 21,84868 19,18316
27,05893 21,55304 18,86368
26,65202 21,6039 18,88911
28,27962 21,75649 18,81122
27,26237 21,9949 19,23243
26,04167 21,48946 18,29306
25,22786 21,83914 19,10209
26,44857 21,28919 18,36459
26,44857 21,79463 19,09733
26,85547 21,96947 19,358
25,43132 21,96948 19,56145
