0,8138021 0,3147127 0,2209348
0,8138021 0,2924601 0,2304716
0,8138021 0,3306074 0,2527241
0,6103516 0,3019969 0,2257032
0,8138021 0,2670287 0,2098085
0,6103516 0,3306074 0,2479557
0,6103516 0,2765655 0,2145769
0,6103516 0,2892812 0,2225243
0,6103516 0,3178917 0,2415979
0,6103516 0,2924601 0,2145769
0,6103516 0,298818 0,2304716
0,8138021 0,3051759 0,2336505
0,4069011 0,2861023 0,2177559
0,6103516 0,2829233 0,2161664
0,6103516 0,2892812 0,2225243
0,6103516 0,3274285 0,2400084
0,4069011 0,2892812 0,2241137
0,6103516 0,301997 0,2272927
0,8138021 0,3369653 0,2527241
0,8138021 0,2892812 0,2225243
0,4069011 0,2924602 0,2257032
0,6103516 0,301997 0,2288821
0,6103516 0,2861023 0,2241137
0,6103516 0,3051759 0,2368295
0,6103516 0,3115338 0,2241138
0,6103516 0,3051759 0,2336505
0,8138021 0,3115338 0,23524
0,6103516 0,2956391 0,2241137
0,6103516 0,2924601 0,2257032
0,6103516 0,3051759 0,2257032
0,8138021 0,3147127 0,2336505
0,6103516 0,3210706 0,2431873
0,6103516 0,2829233 0,2288821
0,6103516 0,298818 0,2304716
0,6103516 0,3433231 0,2543135
0,6103516 0,2861023 0,2241137
0,6103516 0,2797444 0,2209348
0,6103516 0,298818 0,2384189
0,6103516 0,3210706 0,2447768
0,6103516 0,3210706 0,238419
0,6103516 0,3242495 0,2368295
0,8138021 0,3242495 0,2543135
0,8138021 0,2924601 0,2193453
0,6103516 0,298818 0,232061
0,6103516 0,3051759 0,2320611
0,6103516 0,3115338 0,2257032
0,8138021 0,3401442 0,2463663
0,6103516 0,3083549 0,2336505
0,6103516 0,3274285 0,2415979
0,6103516 0,301997 0,2320611
0,6103516 0,298818 0,232061
0,6103516 0,3592175 0,267029
0,6103516 0,2765655 0,2129875
0,8138021 0,3178917 0,2415979
0,6103516 0,3528598 0,270208
0,6103516 0,3178917 0,2415979
0,6103516 0,3051759 0,23524
0,8138021 0,3306074 0,2479557
0,6103516 0,346502 0,255903
0,6103516 0,3274284 0,2479557
0,6103516 0,3337863 0,2527241
0,6103516 0,3178917 0,23524
0,6103516 0,3210706 0,2495452
0,8138021 0,3306074 0,2447768
0,6103516 0,3147127 0,2463662
0,6103516 0,3274285 0,2511347
0,8138021 0,3814699 0,2733867
0,6103516 0,3337863 0,2606713
0,6103516 0,3496808 0,2559029
0,8138021 0,3528598 0,2670291
0,6103516 0,3337863 0,2463663
1,017253 0,3846487 0,2876917
0,8138021 0,3814699 0,281334
0,8138021 0,3814699 0,2733867
0,6103516 0,4037222 0,2956389
1,017253 0,4005432 0,2908706
0,8138021 0,3878277 0,2892812
0,8138021 0,3941855 0,2892812
0,8138021 0,3910066 0,2924601
0,8138021 0,4291534 0,3115333
0,8138021 0,4482267 0,3163015
1,017253 0,5022681 0,370343
1,017253 0,5022681 0,3751114
0,8138021 0,5022681 0,373522
1,017253 0,5467732 0,3941851
0,8138021 0,5245206 0,3894166
1,017253 0,5308785 0,3846483
1,220703 0,5912783 0,4371008
1,220703 0,5912783 0,4529955
1,424154 0,6802878 0,5133953
1,220703 0,6802877 0,5181638
1,424154 0,7025401 0,5324686
1,627604 0,7851921 0,6071724
1,424154 0,7247925 0,5547209
1,424154 0,7883709 0,6119407
1,424154 0,7979077 0,6294245
1,627604 0,8074443 0,6437297
1,627604 0,87738 0,6771081
2,441406 0,8869168 0,683466
2,034505 0,8932745 0,6866447
1,627604 0,9632103 0,7597599
2,441406 0,9791049 0,750223
2,237956 0,9918206 0,7708863
2,034505 0,9886417 0,7677072
1,627604 1,033147 0,8265178
1,627604 0,9918209 0,7708864
1,627604 1,071294 0,8583073
1,627604 1,058579 0,8233391
1,831055 1,1158 0,8932758
1,424154 1,064937 0,8757916
1,831055 1,033147 0,8424125
1,627604 1,106263 0,8869181
1,831055 1,0554 0,8519495
2,034505 1,061757 0,8646651
1,831055 1,195272 0,9600331
1,627604 1,157125 0,9425489
1,831055 1,128515 0,907581
2,034505 1,166662 0,9489067
2,034505 1,118978 0,9107598
1,627604 1,0554 0,8710232
2,237956 1,204809 0,9441383
2,644857 1,249313 0,9711587
2,034505 1,188914 0,9504957
1,627604 1,169841 0,9377802
2,034505 1,363754 1,085599
1,831055 1,335144 1,103083
2,237956 1,379648 1,115798
2,034505 1,357396 1,091957
2,034505 1,436869 1,204807
2,441406 1,440048 1,193681
2,237956 1,446406 1,215934
2,034505 1,424153 1,203218
2,644857 1,535416 1,269976
2,441406 1,4623 1,231829
2,441406 1,598995 1,304945
2,441406 1,573563 1,308124
2,644857 1,525879 1,279513
2,644857 1,5831 1,319251
2,237956 1,459121 1,254082
2,034505 1,621248 1,371703
2,237956 1,637142 1,360576
2,644857 1,633963 1,376471
2,644857 1,637142 1,344682
3,458659 1,688004 1,387597
2,441406 1,595816 1,352629
2,237956 1,5227 1,308124
2,848307 1,713435 1,446407
2,441406 1,722971 1,457533
3,051758 1,815159 1,487732
2,441406 1,802444 1,513163
2,441406 1,815159 1,514753
2,644857 1,843769 1,551309
4,069011 1,84059 1,533826
3,051758 1,885095 1,559256
2,441406 1,789728 1,5227
2,441406 1,745224 1,4925
2,848307 1,834233 1,533825
2,644857 1,958211 1,657803
3,051758 1,945495 1,643498
2,848307 2,01861 1,676877
3,051758 1,920063 1,635551
3,051758 2,002716 1,660982
2,644857 2,044042 1,734098
3,255208 2,002716 1,699129
3,255208 1,999537 1,711846
3,051758 1,932779 1,630782
2,848307 2,091726 1,746813
3,051758 2,104442 1,792909
3,051758 2,01861 1,707076
3,255208 2,094905 1,784961
3,051758 2,120337 1,772246
3,051758 2,075831 1,792908
3,051758 2,187094 1,881919
3,051758 2,152126 1,839003
3,051758 2,279281 1,937548
3,051758 2,250672 1,924833
3,662109 2,247493 1,928012
3,662109 2,330144 2,007484
3,458659 2,326965 1,993179
3,458659 2,352396 2,017021
3,662109 2,415973 2,066293
3,662109 2,384184 2,04881
3,662109 2,42551 2,069473
3,662109 2,444584 2,110799
3,255208 2,438226 2,144176
3,458659 2,501805 2,126694
3,255208 2,463658 2,148945
3,662109 2,517701 2,190271
3,86556 2,504985 2,182324
3,66211 2,536774 2,175967
3,662109 2,527238 2,177556
3,458659 2,559027 2,171199
4,069011 2,660753 2,277692
3,458659 2,559027 2,204576
4,475912 2,625785 2,311071
3,662109 2,546312 2,226829
4,272461 2,622606 2,233187
3,458659 2,539954 2,199808
4,679362 2,651216 2,28405
3,86556 2,619427 2,272923
3,662109 2,616248 2,28405
3,86556 2,673468 2,339681
3,662109 2,6385 2,279282
3,458659 2,578101 2,25385
4,06901 2,670289 2,306303
4,272461 2,657574 2,333324
3,86556 2,737046 2,361934
3,86556 2,740225 2,379418
4,475911 2,845128 2,43187
4,06901 2,740225 2,37465
3,86556 2,740225 2,334913
4,06901 2,791087 2,422334
4,06901 2,918242 2,476375
4,272461 2,934136 2,532005
4,069011 2,886452 2,530416
4,069011 2,984999 2,590814
4,679362 3,035863 2,640088
4,06901 2,956388 2,560615
5,086263 3,172558 2,730687
4,475912 3,239316 2,838771
4,679362 3,274284 2,830824
4,069011 3,197989 2,740224
4,475911 3,274283 2,867382
4,475911 3,274283 2,819697
5,086263 3,290178 2,851487
4,475912 3,232958 2,838771
4,882813 3,239314 2,816517
4,679362 3,252031 2,853078
4,882812 3,277462 2,802213
4,679362 3,395081 2,919834
4,882813 3,474552 2,973875
4,882812 3,48409 2,969107
4,679362 3,388722 2,934139
4,882813 3,484089 3,027915
5,493164 3,531773 3,080367
4,272461 3,347397 2,973875
4,679362 3,376006 2,927782
5,289713 3,738402 3,205935
4,272461 3,36647 2,983412
4,882813 3,506341 3,035863
5,086263 3,487268 3,002483
4,475912 3,493625 3,048579
5,289714 3,560383 3,097851
5,696614 3,735225 3,288586
5,289713 3,678004 3,097852
4,882813 3,719331 3,271103
5,696614 3,697077 3,205935
5,289713 3,811519 3,31084
4,679362 3,697079 3,301304
5,493165 3,767013 3,255208
5,696615 3,81152 3,299714
4,475912 3,700257 3,266335
5,289714 3,817877 3,310839
5,086263 3,932317 3,415745
5,696615 3,78291 3,253619
5,493164 3,786087 3,345807
5,493164 3,881456 3,385546
6,103516 3,913244 3,452303
5,086263 3,89735 3,37124
5,289714 3,763836 3,252029
5,493164 3,817877 3,350576
5,696614 3,817877 3,352166
6,103516 3,922781 3,417334
5,289714 3,897349 3,358523
5,289713 3,681184 3,256797
5,086263 3,830593 3,360113
5,900065 3,967285 3,395081
5,086263 3,941854 3,447534
5,493164 3,881456 3,412565
5,086263 3,970464 3,449122
5,493164 3,811519 3,326734
5,696615 3,951391 3,447534
6,103516 3,878277 3,418924
5,900065 3,884634 3,364882
5,086263 3,878277 3,412566
5,900065 3,913245 3,450713
5,696615 3,967285 3,391901
5,289713 3,830594 3,40144
5,493164 3,919601 3,45707
5,696614 3,989538 3,477733
5,086263 3,919602 3,437997
5,289713 3,945033 3,412565
5,289714 3,910066 3,387134
5,696615 4,021326 3,533363
5,900065 3,941854 3,431639
5,289714 3,989537 3,426869
5,696614 3,967286 3,406208
5,289713 4,0404 3,488859
5,696614 3,970464 3,492038
5,493164 4,014967 3,520646
5,289714 3,890992 3,444355
6,917318 4,138946 3,595351
5,900065 4,005432 3,536541
5,900065 4,12623 3,584225
5,696614 4,018147 3,538132
5,493164 4,06583 3,557205
5,696614 4,132589 3,496806
5,493164 4,110335 3,625551
5,289714 4,09762 3,536542
5,696615 4,221599 3,681183
5,696614 4,240671 3,732045
5,493164 4,164378 3,650982
5,696614 4,15484 3,611246
5,493165 4,135767 3,674825
5,900065 4,196167 3,65734
5,696615 4,231135 3,647804
5,696614 4,103978 3,630319
5,696614 4,03722 3,522237
6,103516 4,227956 3,709793
5,696615 4,21524 3,708203
5,900065 4,202525 3,649392
5,696614 4,164378 3,674825
5,900065 4,205704 3,668466
5,900065 4,39008 3,794034
6,306966 4,409155 3,854434
5,493164 4,310609 3,800392
5,900066 4,364652 3,786088
6,103516 4,475913 3,889403
6,103516 4,529954 3,937086
6,306966 4,45684 3,86874
6,306966 4,45366 3,902119
5,696615 4,262924 3,701845
5,900065 4,539491 3,898939
6,713867 4,498166 3,945034
6,917317 4,558562 3,908475
5,900065 4,549024 3,959337
5,696614 4,491806 3,98318
6,510417 4,638035 4,030863
7,934571 4,79698 4,1008
7,527669 4,742939 4,056294
6,510417 4,742939 4,150072
6,713867 4,908244 4,239082
6,510417 4,812876 4,192988
6,103515 4,762014 4,143715
6,306966 4,564919 4,061062
6,306966 4,765193 4,121461
6,510417 4,879633 4,296303
6,510417 4,847846 4,196167
6,306966 4,771551 4,199346
6,713867 4,790624 4,235901
6,917317 5,060834 4,432998
7,324218 5,009971 4,391671
6,510417 4,870096 4,274049
6,103516 5,098979 4,541079
6,306966 4,908246 4,301072
6,510417 4,981361 4,347167
6,713867 4,997256 4,375777
6,917318 5,098979 4,442533
6,917318 4,892351 4,353523
6,713867 5,016329 4,418692
7,324219 5,067191 4,440945
6,306966 4,933677 4,318556
6,306966 4,98454 4,36465
6,713868 4,920961 4,388493
6,917317 5,111694 4,445712
7,324219 5,076727 4,474324
6,917317 5,229312 4,563332
7,120769 5,009971 4,405977
6,306966 5,124408 4,544256
6,713867 5,2611 4,596709
6,917318 5,257925 4,612604
6,917318 5,226133 4,590351
6,713867 5,108515 4,429817
8,138021 5,184809 4,571278
7,120768 5,315143 4,595119
8,544921 5,048115 4,501342
7,324219 5,235671 4,491806
6,510417 5,041759 4,464786
6,917318 5,229312 4,598299
6,713867 5,051296 4,490216
6,917318 5,257922 4,5681
7,120769 5,248385 4,595121
7,934571 5,187984 4,525183
7,527669 5,168911 4,547436
7,93457 5,321501 4,626909
6,713868 5,238849 4,607834
6,713867 4,943215 4,364651
6,917318 5,362828 4,693666
6,713868 5,245206 4,633265
6,917318 5,197522 4,601476
6,713868 5,362827 4,690489
7,93457 5,464554 4,816057
8,544923 5,175274 4,588763
7,73112 5,378722 4,734993
6,713867 5,276995 4,644393
6,713867 5,29607 4,577636
6,917317 5,242028 4,709561
6,917317 5,283355 4,577635
6,917318 5,178449 4,477499
7,527669 5,394617 4,782676
6,713867 5,286532 4,611014
7,324219 5,356469 4,717506
7,934571 5,219775 4,596707
8,138021 5,416868 4,816055
7,93457 5,556745 4,928907
6,917318 5,331039 4,698434
7,93457 5,362827 4,700025
6,917317 5,353292 4,666645
6,917318 5,219775 4,64757
6,713867 5,289712 4,698436
6,510417 5,36601 4,734993
7,934571 5,518594 4,789035
7,934571 5,528133 4,898708
7,324219 5,451839 4,757245
6,713867 5,299249 4,722278
6,917317 5,420049 4,723867
7,120769 5,455021 4,833541
6,917319 5,296071 4,693668
7,73112 5,416873 4,795394
7,73112 5,56946 4,935264
7,52767 5,598071 4,952748
7,934571 5,534491 4,854203
8,341471 5,585354 4,925727
6,917317 5,489988 4,819238
6,917317 5,531314 4,882815
7,93457 5,763371 5,087852
7,73112 5,48045 4,831951
7,324219 5,582175 4,967053
7,324219 5,6839 5,000433
7,73112 5,617143 4,935266
7,527669 5,636218 5,008381
8,138021 5,633039 4,879636
7,324219 5,534492 4,889172
7,73112 5,566281 4,817647
8,138021 5,865098 5,111693
6,713868 5,524957 4,957517
8,341471 5,661648 5,008379
7,934571 5,718868 4,984539
7,934571 5,890526 5,194346
7,324219 5,467733 4,763605
8,544923 5,70933 5,022683
8,951823 5,722044 5,035399
7,324219 5,59489 4,900296
7,93457 5,652111 5,000431
7,324219 5,718868 4,979769
8,138021 5,798341 5,176862
7,73112 5,737942 5,067191
7,324219 5,820592 5,110104
7,73112 5,750655 5,084671
7,527669 5,753834 5,060831
7,120769 5,636216 5,036989
8,341472 5,896885 5,103745
7,324219 5,814234 5,105336
7,93457 5,944569 5,125999
8,341471 5,874633 5,108513
8,341472 5,811054 5,12123
7,73112 5,766552 5,071957
7,120769 5,79516 5,178452
7,120769 5,896884 5,261105
8,138021 6,00179 5,203885
7,324219 5,880989 5,186396
8,138021 5,906422 5,246798
7,324219 5,931853 5,148253
8,748372 6,303789 5,429587
8,341471 6,046296 5,361242
8,341471 6,020864 5,364419
7,324219 5,922316 5,238851
10,17253 6,46909 5,488397
9,969076 6,316502 5,402565
7,324219 6,014506 5,321502
8,138021 6,243388 5,488395
7,73112 6,027222 5,331039
8,341472 6,252925 5,486805
7,73112 6,125768 5,385083
8,341472 6,20842 5,472501
8,138021 6,211597 5,464554
7,73112 6,154378 5,381903
7,93457 6,163915 5,462963
7,527669 6,208421 5,467734
8,951822 6,284714 5,493165
8,544923 6,065369 5,455016
7,731121 6,106696 5,361239
7,527668 6,084444 5,38826
8,138021 6,208422 5,458197
7,73112 6,157558 5,405744
8,951823 6,310148 5,666416
8,951823 6,316504 5,545616
9,155273 6,434122 5,639394
8,341471 6,351471 5,621909
8,341471 6,424586 5,62032
7,934571 6,319682 5,609192
9,155272 6,510416 5,675949
8,748373 6,475448 5,668005
7,93457 6,405511 5,555151
8,748373 6,593068 5,774498
9,155273 6,427764 5,607604
8,748372 6,41187 5,544027
9,765625 6,46909 5,720456
8,748373 6,491342 5,660056
9,155274 6,450016 5,729993
8,951822 6,67254 5,884171
10,17253 6,58353 5,722046
9,358724 6,488165 5,640984
8,341471 6,548563 5,764962
8,544922 6,389618 5,569456
9,765626 6,494522 5,688667
7,731121 6,38326 5,577405
9,765625 6,783803 5,85715
8,951823 6,6789 5,791984
8,748373 6,656647 5,901656
10,57943 6,551742 5,706151
