0,8138021 0,4291537 0,3155079
0,6103516 0,4402801 0,3226608
1,220703 0,4291537 0,3147132
0,8138021 0,4545852 0,3457081
0,6103516 0,4498168 0,3369663
0,8138021 0,4625326 0,3584236
0,8138021 0,4688904 0,3639867
0,8138021 0,4847851 0,3743181
1,017253 0,4831957 0,3846493
1,017253 0,530879 0,4235904
1,017253 0,5086269 0,4092855
1,220703 0,5181636 0,4148485
1,017253 0,5340579 0,4299481
1,017253 0,55631 0,4490212
1,017253 0,5467734 0,4418688
1,220703 0,6071721 0,4808099
1,220703 0,6326035 0,4982939
1,220703 0,670751 0,5189563
1,220703 0,7247924 0,5722045
1,424154 0,7804232 0,6095575
1,831055 0,807444 0,6341947
1,627604 0,8122126 0,647705
1,627604 0,9346023 0,7295622
1,831055 0,9711596 0,7462514
2,034505 1,060168 0,8273118
3,86556 1,161892 0,883737
2,441406 1,160303 0,8773788
3,255208 1,287461 0,9528787
3,255208 1,401903 1,044273
4,069011 1,498859 1,134874
6,103516 1,668928 1,242956
7,324219 1,788139 1,311301
6,713868 1,970927 1,478195
6,713867 2,225241 1,5982
5,900065 2,417564 1,751582
5,900065 2,628964 1,924834
7,120768 2,961157 2,169609
7,731118 3,170968 2,293588
9,358725 3,391902 2,507368
10,57943 3,819467 2,743404
11,59668 4,000663 2,956389
11,39323 4,4775 3,182094
15,05534 5,049706 3,639855
16,68294 5,30243 3,783703
12,20703 6,227495 4,44492
14,64844 6,674133 4,763606
14,64844 7,375082 5,420845
15,86914 8,325577 6,076493
16,07259 9,10282 6,917316
20,1416 10,29333 7,977488
16,27605 11,27243 8,837388
19,12434 12,18319 9,755294
19,3278 13,20362 10,51506
18,31054 13,64071 11,08964
19,12434 14,3226 11,51641
19,12434 14,86619 12,05206
19,7347 14,96315 12,36598
20,34505 15,63549 12,85474
20,1416 16,1457 13,50005
21,15885 16,23313 13,42615
22,78646 16,4779 13,48655
21,97265 16,97064 14,17955
22,17611 17,18361 14,41399
22,78646 17,38707 14,29081
21,56575 17,3839 14,65162
22,37955 17,54283 14,51253
23,60026 17,85755 15,19044
21,97265 18,21518 15,39866
22,78646 18,62049 16,32054
22,78646 18,75401 16,222
25,02442 19,4327 17,09699
25,22786 19,71563 17,53727
22,78645 20,03192 18,05783
25,02441 20,41022 18,43135
25,83821 20,97606 18,68487
25,43132 21,20336 18,88593
27,26238 21,53397 19,17681
25,83822 21,52284 19,27455
27,05891 21,67225 19,14104
27,26238 22,01239 19,65125
26,85546 21,97106 19,56145
28,48306 22,37798 19,61709
27,26236 22,8246 20,52068
27,66926 23,02011 20,43565
28,68653 23,24899 20,11457
29,0934 23,40158 20,12651
28,48305 24,29644 21,41555
28,68651 24,60638 21,437
30,11066 25,03236 21,90272
29,90721 25,30574 22,46378
30,11065 25,96537 23,70119
30,11066 26,49784 24,25591
29,70376 26,50419 24,40134
30,31412 27,00328 24,83845
30,72102 27,1225 24,22969
30,721 27,21627 24,786
30,51756 27,51986 25,31528
30,92446 27,81391 25,55927
32,14516 27,96013 25,68959
31,5348 28,00782 25,34866
32,34861 28,61499 26,37704
32,95895 28,65631 25,78178
33,16241 28,92017 26,32777
32,55205 28,99804 26,3524
33,77275 29,30798 26,90871
34,17965 29,59567 26,91904
34,17965 29,89767 27,36408
34,79 30,16629 27,85842
34,78999 30,50961 28,28279
35,1969 30,67651 28,55619
33,56931 30,46193 27,78131
34,3831 30,68287 28,0722
35,40035 31,07863 29,00918
37,84175 31,4299 29,29924
35,1969 31,35838 28,944
36,62105 31,87495 29,70138
35,40036 31,72714 29,55834
34,79 31,7939 29,63939
36,0107 32,08 29,78721
36,0107 32,38359 30,20206
37,84175 32,03867 29,73715
35,19691 32,34066 29,67436
37,84175 32,67445 29,93105
37,02794 32,40425 30,1822
37,02794 32,44875 30,392
35,6038 32,55047 30,58512
37,63829 32,84612 30,54061
37,02794 32,80797 30,18458
36,82449 33,21169 30,78857
38,85899 33,19579 30,48657
38,4521 33,41513 30,61135
37,02794 33,38653 31,0111
37,43484 33,58202 30,4214
38,04519 33,61222 31,15573
36,8245 33,60428 31,28369
38,45209 33,74414 31,47284
37,2314 33,61858 31,08421
40,4866 33,83315 31,0834
36,82449 34,07156 31,48553
36,8245 33,93488 30,54856
37,63829 33,77435 30,87836
37,84174 34,14149 31,80582
38,24864 34,40852 31,7454
40,28315 34,74549 32,42252
37,84174 34,41806 31,27017
38,85899 34,47369 31,87813
37,84174 34,56747 32,22463
39,26589 34,81859 32,50358
39,46935 34,80429 32,42808
38,85899 35,18735 32,78809
38,04519 34,88059 32,0768
38,24864 35,21755 32,85326
38,65554 35,35106 33,03288
38,45209 35,04271 32,36052
39,06244 35,37489 32,10145
39,87625 35,43052 32,86994
39,6728 35,3129 32,78251
40,69006 35,87242 32,57352
39,26589 35,41624 33,22758
38,65554 35,50047 32,89061
38,85899 35,82155 32,9971
39,87625 36,00909 32,8032
40,0797 36,09811 33,46998
39,26589 35,86129 32,93194
39,26589 36,05836 33,44294
40,28315 36,19507 33,76719
40,28315 36,29202 33,93568
40,28315 36,35718 32,6212
39,87625 36,31111 33,47155
41,30041 36,46687 33,76165
39,67279 36,42234 33,56215
40,89351 36,45096 34,04296
39,46935 36,50022 34,13992
40,69006 36,354 33,18228
41,50386 36,55904 34,03423
41,50386 36,62422 34,00163
40,0797 36,53519 33,67341
40,0797 36,65283 34,30365
41,09695 36,57653 34,18045
39,46935 36,71324 33,97779
41,70732 36,78317 34,46736
41,09696 36,74979 34,03185
40,0797 36,71801 34,01118
40,89351 36,81019 33,65911
40,0797 36,7927 34,24641
39,67279 36,77682 34,14551
39,87625 36,94053 34,2957
40,48661 37,10422 34,77093
41,09696 36,94688 35,1214
40,28316 36,91669 34,19159
41,30041 37,02316 34,34098
39,67279 37,04859 34,70815
40,69006 36,92939 33,88879
40,28316 37,17894 33,90628
39,46935 37,14714 34,86153
41,30041 37,11535 34,43794
39,67279 36,99615 34,66524
40,69006 37,00726 34,98709
40,28316 37,08833 34,03185
41,70732 36,94371 33,92059
40,4866 36,97865 35,01013
40,0797 37,17733 34,67635
40,4866 37,14715 35,33201
42,52113 37,13919 35,03797
40,28315 37,06766 35,08167
39,87625 36,75137 34,81228
40,0797 36,98978 34,19158
39,26589 36,86739 34,49517
40,0797 37,23776 34,69624
40,0797 37,16462 34,50152
40,69006 37,11376 34,29091
41,91077 37,17734 34,4904
40,69006 37,06289 35,23584
40,89351 37,25999 34,95293
41,91077 37,2457 34,79399
40,0797 37,08991 34,79319
41,70732 37,35538 35,44646
39,67279 37,00726 34,96485
40,28315 37,23775 34,75105
40,69006 37,32835 34,46895
41,70732 37,11853 34,58258
41,09696 37,41735 34,90206
41,70732 37,12011 34,6398
41,09696 37,24887 35,09678
40,4866 37,3665 34,91796
40,28315 37,05334 34,93703
40,4866 37,2314 35,19851
40,0797 37,36333 34,95373
40,4866 37,39829 34,76696
40,89351 37,44121 35,30659
41,09696 37,24889 34,80671
40,89351 37,35062 35,20805
41,91077 37,37127 34,2345
41,09695 37,35219 34,57861
41,91077 37,29815 34,48006
40,0797 37,31086 35,08406
40,0797 37,29974 35,5307
40,4866 37,05495 35,21122
40,28315 37,42531 34,24483
40,28315 37,54135 34,73359
40,69006 37,06129 34,34018
41,09695 37,29975 34,73438
41,70731 37,49526 34,61518
41,09696 37,3649 34,9569
40,4866 37,12011 35,22392
40,4866 37,22026 34,75345
41,30041 37,25047 35,18102
40,28315 37,23456 35,04671
40,28315 37,13123 34,43634
40,4866 37,13761 34,02785
40,69006 37,2616 34,67558
