0,6103516 0,2956391 0,2193453
0,6103516 0,3019969 0,23524
0,6103516 0,2829233 0,2145769
0,8138021 0,3337863 0,2400084
0,6103516 0,3051759 0,2368294
0,8138021 0,3147127 0,2400084
0,6103516 0,3115338 0,2336505
0,6103516 0,3115338 0,2400084
0,6103516 0,2956391 0,2272927
0,6103516 0,301997 0,2320611
0,8138021 0,2956391 0,2272927
0,8138021 0,3210706 0,2384189
0,6103516 0,3210706 0,2304716
0,6103516 0,3083548 0,2225243
0,6103516 0,2924601 0,2050402
0,6103516 0,2765655 0,2225242
0,8138021 0,3019969 0,2209348
0,6103516 0,3147127 0,2272927
0,6103516 0,3147127 0,2415979
0,8138021 0,3369653 0,2527241
0,6103516 0,3051759 0,2304716
0,8138021 0,3337863 0,2574925
0,6103516 0,3147127 0,2431873
0,6103516 0,3147127 0,2415979
0,8138021 0,3369653 0,2590819
0,8138021 0,3496809 0,2479557
0,6103516 0,3083548 0,23524
0,8138021 0,3306074 0,2479557
0,6103516 0,3560387 0,2638502
0,8138021 0,3337863 0,2638502
0,8138021 0,3560386 0,2622607
0,6103516 0,3306074 0,2543136
0,8138021 0,3655754 0,2702079
0,6103516 0,3369653 0,2479557
0,6103516 0,3687542 0,2845129
0,8138021 0,3528598 0,2638502
0,6103516 0,3433231 0,2574924
0,6103516 0,3465019 0,2606713
0,8138021 0,3528598 0,2638502
0,6103516 0,3719331 0,2781551
0,8138021 0,3910066 0,2861023
0,8138021 0,4196166 0,3035861
0,6103516 0,3878276 0,2908706
0,8138021 0,3846487 0,2845128
0,8138021 0,4386901 0,3099438
1,017253 0,4227956 0,3099439
0,8138021 0,4450479 0,3226594
0,8138021 0,4577634 0,3321959
1,017253 0,4927314 0,367164
1,017253 0,5404153 0,3973639
1,017253 0,5404153 0,4196167
1,017253 0,5213417 0,3989535
1,627604 0,6771091 0,4831952
1,220703 0,6516778 0,4816058
1,220703 0,7184348 0,5277007
1,424154 0,7788342 0,5658473
1,831055 0,9028112 0,6516767
1,831055 1,026789 0,7836023
1,627604 1,0554 0,8312863
1,627604 1,090368 0,8614863
2,441406 1,150768 0,9123493
2,034505 1,262029 0,9965899
2,237956 1,233419 0,9600326
2,237956 1,300175 1,058578
2,441406 1,325607 1,036326
2,237956 1,312891 1,077652
2,441406 1,309712 1,05381
3,051758 1,436869 1,161892
2,644857 1,478195 1,192092
2,441406 1,564027 1,242956
2,848307 1,525879 1,235008
2,237956 1,5227 1,242955
2,441406 1,519521 1,230239
2,441406 1,713436 1,376471
3,255208 1,761119 1,409849
3,051758 1,808803 1,46389
3,458659 2,002716 1,560847
4,475911 2,168021 1,684825
3,458659 2,349217 1,832644
4,06901 2,352396 1,907349
4,679362 2,438225 1,980463
4,679362 2,657574 2,206167
4,679362 2,787909 2,301533
3,86556 2,813339 2,304712
4,27246 2,835592 2,331733
5,086263 2,988178 2,474784
4,272461 3,182093 2,611479
4,679362 3,010431 2,479554
5,493164 3,185272 2,584459
4,882812 3,290176 2,63373
5,086263 3,331502 2,727508
4,679361 3,36965 2,792676
4,882812 3,271103 2,69413
6,103516 3,608067 2,883276
4,679362 3,39826 2,808571
5,900065 3,62714 3,024735
4,882813 3,649394 3,012023
5,493164 3,655752 3,027917
5,086263 3,636678 2,970696
6,306966 3,827412 3,163019
4,475912 3,563562 2,943675
5,289713 3,811518 3,086726
5,696614 3,983179 3,21865
5,289713 4,040401 3,226599
6,510417 4,418691 3,6033
5,696614 4,21524 3,476143
6,306967 4,358291 3,554025
7,73112 4,307428 3,452301
6,306966 4,409155 3,536542
6,713867 4,704796 3,854434
7,324219 4,796981 3,991127
6,713868 4,860559 3,95457
7,527669 5,261104 4,375775
8,138021 5,261104 4,425048
7,527669 5,594889 4,571279
7,93457 5,982717 4,963877
8,748373 5,922317 4,873275
8,544923 6,116232 5,119643
10,17253 6,46591 5,23885
9,155274 6,348295 5,176863
8,951823 6,500879 5,334218
9,358725 6,500881 5,440713
10,17253 6,732943 5,675951
9,969076 6,863275 5,822182
9,765626 6,831487 5,71251
9,358724 7,120768 5,981126
10,17253 7,216137 6,046296
9,562175 7,158916 6,014508
10,17253 7,425942 6,291071
10,37598 7,591247 6,453197
9,358725 7,664363 6,489754
11,18978 7,769268 6,524723
9,155275 7,575354 6,580353
9,969077 7,813772 6,518365
10,57943 7,979077 6,806056
10,78288 7,867814 6,551744
11,80013 8,128482 6,928444
11,59668 8,068085 6,944339
9,969077 7,96 6,85056
10,17253 8,443195 7,287661
10,37598 8,347829 7,157325
10,57943 8,296967 7,063546
11,39323 8,554458 7,402102
10,98633 8,300146 7,332165
11,80013 8,573533 7,324219
11,18978 8,548099 7,297196
10,37598 8,401871 7,189114
11,18978 8,843742 7,726352
11,80013 8,754728 7,640521
13,83463 9,088515 7,794698
11,80013 8,977259 7,797879
11,18978 8,916853 7,688203
12,00358 8,789701 7,521315
11,80013 9,349192 8,025172
13,22428 9,231566 8,0808
11,80013 9,244281 7,98861
12,20703 9,365084 8,169811
11,59668 9,218852 7,947286
11,39323 9,52085 8,19206
13,02083 9,59714 8,467038
11,59668 9,622572 8,250871
13,02083 9,68615 8,538563
12,41048 9,6035 8,368493
12,41048 9,810128 8,559226
12,61393 9,860992 8,49406
14,03808 10,13756 8,653006
12,81738 9,969077 8,789698
12,20703 9,724298 8,46386
13,22428 10,16934 8,92639
12,61393 10,16299 8,664132
14,24154 10,1757 8,912086
13,42773 10,40777 9,177527
14,24154 10,66526 9,330112
14,03809 10,68751 9,225211
13,63119 10,58896 9,256997
13,42773 10,60168 9,376207
14,03809 10,39823 8,923215
13,02083 10,6144 9,236335
13,83463 10,64618 9,088517
13,42773 10,80831 9,500186
13,02083 10,99587 9,679795
14,03808 10,84963 9,608268
14,24154 10,61439 9,249054
14,24154 10,94818 9,633701
15,05534 11,03401 9,729069
15,66569 10,78606 9,414352
13,42773 10,78606 9,438197
13,22428 10,77652 9,516079
12,81738 10,71294 9,546277
14,24153 10,78605 9,686151
13,02083 10,86553 9,476345
13,83463 10,95454 9,468395
13,22429 10,82102 9,670259
13,02083 10,98633 9,721118
14,44499 11,20885 9,756087
13,42774 11,3519 10,00405
14,64844 11,44409 9,833968
14,03808 11,14845 9,773571
13,83464 11,08488 9,764038
16,68294 11,36462 9,921393
15,05534 11,45681 9,969076
14,03809 11,28197 9,964306
14,64844 11,11666 9,786289
15,05534 11,28515 10,03106
14,03808 11,21521 9,821252
14,85189 11,12938 9,867353
14,03809 11,31693 10,09305
14,03808 11,34237 10,05967
14,24154 11,19296 9,83079
13,63119 10,98951 9,713176
13,02083 11,10077 9,873707
14,03809 11,247 10,06444
13,63118 11,20885 9,778337
13,63118 11,4282 10,09464
15,25879 11,59668 9,994501
15,25879 11,39959 9,994508
14,24154 11,63801 10,11054
14,64844 11,46316 9,938877
15,66569 11,58396 10,27902
15,86914 11,4727 10,18206
14,24154 11,87006 10,36644
14,85189 11,5331 10,24246
14,44499 11,88278 10,41253
14,85189 11,65708 10,28856
14,64844 11,73019 10,32352
16,27604 12,16571 10,72725
16,68294 12,15935 10,54446
15,46224 11,89232 10,51426
15,66569 12,43591 10,82261
15,46224 12,33419 10,90685
15,66569 11,93364 10,73837
17,08984 12,13392 10,33465
15,46224 12,17842 10,76698
15,05534 12,36597 10,92116
17,08985 12,25154 10,94182
17,08984 12,72838 11,20408
15,25879 12,47088 11,08328
15,25879 12,48996 11,0054
15,46224 12,544 11,01494
15,25879 12,75698 11,40594
16,47949 13,15435 11,68251
17,08985 12,79513 11,3678
16,47949 12,91593 11,3217
17,29329 12,81103 11,41866
15,25879 12,51857 11,34396
17,08984 12,95408 11,49336
16,27604 12,97633 11,49654
15,66569 13,03037 11,51721
15,66569 12,96043 11,49972
16,47949 13,24018 11,75245
16,27604 12,9509 11,40594
16,88639 13,1162 11,57601
17,70019 13,21475 11,81444
16,47949 13,40866 11,91775
16,07259 13,08441 11,75404
16,47949 12,97315 11,46475
17,29329 13,23382 11,64754
17,29329 13,23382 11,84305
16,68294 13,38959 11,56807
16,07259 13,13209 11,54741
19,12435 13,4786 11,66661
16,27604 13,5231 12,06557
16,88639 13,24336 11,82556
18,31054 13,73927 11,93364
17,29329 13,4627 12,06557
18,10709 13,73609 12,34849
18,31054 13,93318 12,27061
18,31054 13,85053 12,20544
16,47949 13,93 12,19273
17,08984 13,89186 12,06557
16,88639 13,72655 12,15935
16,88639 14,21928 12,5885
17,29329 13,82828 12,18478
16,47949 13,7647 12,28333
17,08984 13,9904 12,36757
17,49674 13,92682 12,32306
16,88639 14,06352 12,4836
16,47949 14,27015 12,81738
17,70019 14,39412 12,6791
17,90364 14,31465 12,69022
17,90364 14,36551 12,52969
17,29329 14,3973 12,88255
19,7347 14,44816 12,5281
17,08984 14,5944 12,84917
19,93814 14,13981 12,45499
17,49674 14,3369 12,95407
18,51399 14,1716 12,59486
17,70019 14,47678 12,79354
18,514 14,58486 12,81897
17,90364 14,88367 13,24812
19,53125 14,89639 13,17978
18,1071 14,62936 12,82374
17,90364 14,72473 13,09077
18,514 14,68341 13,10826
18,1071 15,03626 13,06374
18,514 15,10938 13,20203
18,514 14,71837 12,92864
19,7347 15,05216 13,31806
19,53125 15,18885 13,51674
18,71744 15,2111 13,4182
17,49674 15,00766 13,29899
19,93814 15,50039 13,64231
19,3278 15,33826 13,46111
18,71744 15,50674 13,8251
20,34505 15,71973 13,67887
17,90364 15,66569 13,69635
20,14159 15,89139 14,1414
18,71745 15,64344 13,67569
18,31054 15,23336 13,34349
21,3623 15,53217 13,68841
19,7347 16,08849 14,37505
19,12435 15,79602 14,1716
20,34505 16,11074 14,41161
19,7347 16,1012 14,36392
21,56575 16,23154 14,76765
20,1416 16,12028 14,0524
19,12435 15,86278 14,36869
18,71745 16,06305 14,22405
20,34505 15,59894 13,71861
20,34505 16,00583 14,25743
19,12434 16,00265 14,31783
19,12435 16,16478 14,54671
21,15885 16,02173 14,44658
18,71745 15,96451 14,14935
19,53125 16,1012 14,49744
19,93815 16,3873 14,56419
19,93815 16,24107 14,36392
21,15886 16,03762 14,1112
19,93815 16,19021 14,54353
21,15885 16,31737 14,41479
22,78646 16,39684 14,35757
19,7347 16,28557 14,56419
19,3278 16,03444 14,35598
20,1416 16,41591 14,31783
22,17611 16,49221 14,5197
20,75195 16,65751 14,74539
20,75195 16,39684 14,69771
21,15886 16,38095 14,43545
19,32779 16,46359 14,6834
19,53125 16,6734 14,76288
21,15885 17,05805 15,04739
21,56575 16,96587 14,86779
20,1416 16,94997 15,16819
21,56575 17,04852 15,03309
21,76921 16,90546 14,97904
20,75195 16,89593 15,11256
20,75195 17,16614 15,0919
22,1761 17,15342 15,12687
20,34505 17,09938 15,14276
20,5485 16,9754 14,92818
20,75195 17,72245 15,79444
22,78646 17,41091 15,39548
22,37956 17,39502 15,66251
20,5485 17,13434 15,26832
21,3623 17,63662 15,69589
23,60026 17,98629 16,02332
21,97265 17,76377 15,80079
22,37955 17,77966 15,90093
21,7692 17,75741 15,71496
22,98991 17,84006 16,12345
21,56575 18,26922 16,12981
22,78646 17,90365 15,92
21,56575 17,82099 15,89934
23,80371 17,90364 15,37482
20,5485 17,93861 15,99153
24,00716 18,19611 16,26174
25,83822 18,36777 16,59075
20,34505 17,73834 15,73244
21,97266 18,1357 16,17432
22,17611 18,39002 16,48902
24,21061 18,67294 16,70837
21,56575 18,30736 16,20134
23,19336 18,53943 16,35392
22,78646 18,50128 16,36823
21,15885 18,29782 16,28399
24,21061 18,49174 16,45247
24,21061 18,39956 16,34121
23,60026 18,42181 16,38889
22,17611 18,43452 16,41591
22,37956 18,61254 16,30624
22,78646 18,59982 16,28558
22,58301 18,30101 16,40638
22,58301 18,25332 16,26015
23,19336 18,44406 16,18067
24,21061 18,30419 16,54783
24,00716 18,42499 16,53353
22,98991 18,69201 16,88639
25,02442 18,514 16,34916
21,56576 18,603 16,70201
22,78646 18,78739 16,34915
25,22787 18,73016 16,55579
22,58301 18,61572 16,54783
21,97266 18,33597 16,25379
22,78646 18,21518 16,26492
22,78646 18,81917 16,79261
22,583 18,54579 16,45724
22,98991 18,56486 16,8848
21,36231 18,29147 16,27445
22,37956 18,65387 16,4032
22,37956 18,06577 16,37936
22,58301 18,73334 16,57168
23,60026 18,46631 16,40638
24,21062 18,6189 16,91023
21,3623 18,41545 16,30624
22,78646 18,98448 16,95792
22,583 18,61254 16,53353
23,19336 18,51717 16,46201
22,37956 18,49174 16,26491
21,3623 18,61255 16,65116
22,58301 18,97494 16,81328
24,21061 18,91772 16,4779
22,98991 18,8605 16,8705
22,78646 18,80964 16,68612
21,76921 18,53307 16,29352
22,37956 18,68884 16,63367
24,61751 19,21654 17,22018
22,1761 18,99401 16,98176
23,39681 18,64751 16,61459
25,02441 19,09256 16,96428
23,39681 19,15614 17,16772
23,80371 18,86685 16,95315
25,22786 19,71881 17,47449
25,22787 19,14978 17,00878
22,58301 19,09574 17,01991
23,80371 19,60118 17,55873
22,58301 18,80646 17,04851
23,39681 19,24197 17,04216
23,19336 19,20382 16,85301
25,43132 19,66794 17,44747
23,80371 19,56622 17,53012
22,98991 19,34052 17,3235
22,78646 19,40091 17,54284
23,80371 19,37866 17,17886
22,78646 19,57893 17,16773
23,60026 19,54079 17,41409
24,00716 19,48675 17,2027
24,00716 19,57893 17,28852
24,41406 19,76649 17,38548
25,43132 19,93814 17,99583
24,00716 20,00173 17,7749
25,83822 20,18611 18,01967
25,83822 20,04941 17,9402
25,02441 20,16385 17,57621
24,82096 20,22743 18,0912
25,22786 20,34505 17,96723
23,80371 19,76331 17,45859
23,80371 19,95087 17,91159
23,19336 20,02081 17,78762
24,82096 20,60255 18,11663
24,21061 19,77603 17,69861
25,22786 19,76331 17,84007
25,63477 20,18928 18,17703
25,83822 20,45314 18,51082
26,24512 20,05895 18,13253
25,63477 20,30691 18,0022
26,85547 19,80146 17,6239
24,61752 20,44042 18,23108
24,61751 20,11617 17,99742
25,63477 20,39909 18,19293
26,24512 20,17975 18,00378
24,41406 19,85868 17,71927
25,22786 19,99855 17,71927
25,63477 20,52307 17,96245
26,04167 20,52943 18,19929
25,43132 20,31644 17,98153
24,21061 20,33233 18,20724
24,82096 20,49129 18,29148
24,21061 20,2624 18,38366
24,41407 21,02851 18,5887
26,04167 20,67883 18,48221
24,61752 20,51989 18,12616
24,82097 20,64705 17,72404
25,22786 20,60255 18,33916
26,04167 20,08756 17,79556
25,02441 20,42134 18,28193
24,61752 20,68202 18,68725
26,44857 20,77102 18,44407
26,44857 20,72652 18,13729
25,63477 20,9713 18,30896
24,00717 20,31962 17,98153
26,04167 20,72652 18,69043
27,05893 20,895 18,4981
25,63477 20,69155 18,56009
30,31413 21,35913 18,665
26,44858 21,04123 18,97812
26,85547 21,18747 18,72222
27,05892 21,01262 18,40273
27,66928 21,10481 18,54896
25,83822 21,03806 18,36299
25,43132 20,62798 18,49333
25,43132 20,9713 18,64592
26,65202 21,1525 18,77785
24,00717 21,48311 18,82076
26,04167 21,63887 19,35959
26,04167 21,51489 18,97652
26,44857 21,52125 18,67294
25,63477 21,68656 19,31032
28,27963 21,74059 19,47721
26,65202 22,33506 19,95087
26,04167 21,68974 19,35005
26,24512 21,96947 19,38025
