0,4069011 0,2479552 0,1335143
0,6103516 0,2257028 0,149409
0,4069011 0,2384184 0,1351038
0,4069011 0,2384184 0,1303354
0,6103516 0,2511341 0,1557668
0,6103516 0,2257028 0,1192092
0,4069011 0,2352396 0,1462301
0,4069011 0,2415974 0,1351038
0,8138021 0,2765654 0,170072
0,6103516 0,2447763 0,1525879
1,017253 0,2479552 0,1573563
0,6103516 0,254313 0,1653036
0,4069011 0,2352396 0,1462301
0,4069011 0,2447762 0,1525879
0,4069011 0,2384184 0,1573563
0,6103516 0,2511341 0,1557668
0,4069011 0,2257028 0,1478195
0,4069011 0,2415974 0,149409
0,4069011 0,2511341 0,1716614
0,4069011 0,2574919 0,1716614
0,4069011 0,2447762 0,1764298
0,6103516 0,2670287 0,1557668
0,6103516 0,2415974 0,1462301
0,4069011 0,2479552 0,1653036
0,4069011 0,2415974 0,1573563
0,4069011 0,2479552 0,1573563
0,4069011 0,2352396 0,1509984
0,4069011 0,2288817 0,1398722
0,6103516 0,2638497 0,1637141
0,4069011 0,254313 0,1637141
0,4069011 0,2511341 0,1541774
0,4069011 0,2479552 0,1637141
0,4069011 0,2606708 0,170072
0,6103516 0,254313 0,1684825
0,4069011 0,2384184 0,1573563
0,4069011 0,2638497 0,1764298
0,4069011 0,254313 0,1653036
0,6103516 0,2447763 0,1637141
0,4069011 0,2415974 0,1605352
0,4069011 0,2574919 0,1605352
0,6103516 0,2447763 0,1557668
0,6103516 0,2733865 0,1748403
0,4069011 0,254313 0,1811982
0,6103516 0,2702076 0,1780193
0,6103516 0,2638497 0,1684825
0,6103516 0,2384185 0,1478195
0,6103516 0,2638497 0,1780193
0,4069011 0,2447762 0,1557668
0,4069011 0,2447762 0,1573563
0,6103516 0,2574919 0,1716614
0,4069011 0,2384184 0,1509984
0,6103516 0,2670287 0,1716614
0,4069011 0,2479552 0,1668931
0,6103516 0,2447763 0,1621247
0,6103516 0,2606708 0,1573563
0,4069011 0,2606708 0,1605352
0,6103516 0,2638497 0,1780193
0,6103516 0,2638497 0,1748403
0,4069011 0,2479552 0,1668931
0,4069011 0,254313 0,1621247
0,6103516 0,254313 0,1859666
0,6103516 0,2702076 0,1637141
0,6103516 0,2606708 0,1605352
0,6103516 0,2606708 0,1843771
0,6103516 0,2352396 0,1509984
0,6103516 0,2447763 0,1668931
0,6103516 0,2638497 0,170072
0,6103516 0,2574919 0,1780193
0,6103516 0,2606708 0,1653036
0,6103516 0,254313 0,1589457
0,4069011 0,2670287 0,1796087
0,6103516 0,2765655 0,1811982
0,4069011 0,2606708 0,1811982
0,6103516 0,2447763 0,1589458
0,6103516 0,2447763 0,1509984
0,6103516 0,2352396 0,1478195
0,6103516 0,2765655 0,1875561
0,6103516 0,2384185 0,1621247
0,6103516 0,2606708 0,1684825
0,4069011 0,2638497 0,1780193
0,4069011 0,2415974 0,1668931
0,6103516 0,2447763 0,1621247
0,6103516 0,2670287 0,1764298
0,4069011 0,2574919 0,1684825
0,6103516 0,2511341 0,1716614
0,6103516 0,2606708 0,1653036
0,4069011 0,2384184 0,1653036
0,6103516 0,2702076 0,1780193
0,6103516 0,2702076 0,1780193
0,6103516 0,2479552 0,1668931
0,6103516 0,2892812 0,1875561
0,6103516 0,2861023 0,1955034
0,6103516 0,2670287 0,1811982
0,8138021 0,2638497 0,1780193
0,4069011 0,2447762 0,1605352
0,6103516 0,2606708 0,1843771
0,6103516 0,2956391 0,1875561
0,6103516 0,2638497 0,1811982
0,6103516 0,2702076 0,1748403
0,6103516 0,2702076 0,1811982
0,6103516 0,2670287 0,1843771
0,6103516 0,2606708 0,187556
0,4069011 0,2733865 0,1843771
0,4069011 0,2574919 0,1748403
0,6103516 0,2829233 0,1923245
0,4069011 0,2638497 0,1811982
0,6103516 0,2606708 0,190735
0,6103516 0,2479552 0,170072
0,6103516 0,2670287 0,1970928
0,4069011 0,2638497 0,190735
0,6103516 0,2765655 0,1986823
0,4069011 0,2511341 0,1764298
0,6103516 0,2861023 0,2082191
0,8138021 0,2670287 0,1891455
0,6103516 0,2606708 0,1811982
0,6103516 0,2574919 0,1859666
0,8138021 0,2702076 0,1891455
0,4069011 0,254313 0,1748404
0,6103516 0,2638497 0,1923244
0,6103516 0,2606708 0,1716614
0,4069011 0,2352396 0,1716615
0,8138021 0,2733865 0,2034507
0,6103516 0,2606708 0,1939139
0,6103516 0,2797444 0,1986823
0,6103516 0,2670287 0,1939139
0,6103516 0,2670287 0,1955034
0,6103516 0,2511341 0,1811982
0,6103516 0,2861023 0,1970928
0,6103516 0,2765655 0,2034507
0,6103516 0,3051759 0,1986823
0,6103516 0,2670287 0,1923244
0,6103516 0,2765655 0,1986823
0,6103516 0,2606708 0,1955034
0,6103516 0,2702076 0,1939139
0,6103516 0,2829233 0,2018612
0,6103516 0,254313 0,190735
0,6103516 0,2702076 0,1843771
0,6103516 0,2924601 0,2098085
0,4069011 0,2797444 0,2129875
0,6103516 0,2924601 0,2066296
0,6103516 0,2765655 0,1986823
0,6103516 0,2924601 0,211398
0,6103516 0,3083548 0,2225243
0,6103516 0,2892812 0,2098085
0,6103516 0,2829233 0,2066296
0,6103516 0,298818 0,211398
0,4069011 0,254313 0,1827877
1,017253 0,3019969 0,2272927
0,6103516 0,2765655 0,2018612
0,8138021 0,3083548 0,2241137
0,4069011 0,2638497 0,1939139
0,6103516 0,2670287 0,1955034
0,6103516 0,2797444 0,2098085
0,4069011 0,2670287 0,1923244
0,6103516 0,2924601 0,2082191
0,6103516 0,2956391 0,2129875
0,4069011 0,2733865 0,2034507
0,6103516 0,2702076 0,2018612
0,6103516 0,3147127 0,2320611
0,6103516 0,2924601 0,2129875
0,6103516 0,2574919 0,1875561
0,6103516 0,2892812 0,2034507
0,6103516 0,2733865 0,2066296
0,6103516 0,3019969 0,2177559
0,8138021 0,2829233 0,2034507
0,8138021 0,2606708 0,1939139
0,6103516 0,2956391 0,2241137
0,4069011 0,2829233 0,2098085
0,6103516 0,3019969 0,2098086
0,4069011 0,301997 0,2177559
0,8138021 0,2892812 0,2145769
0,6103516 0,3051759 0,2368294
0,6103516 0,2861023 0,2034507
1,017253 0,3083548 0,2241137
0,6103516 0,2924601 0,2050402
0,6103516 0,3210706 0,2257033
0,6103516 0,2924601 0,2177559
0,6103516 0,2988181 0,2288821
0,6103516 0,2892812 0,2161664
0,6103516 0,2861023 0,2082191
0,6103516 0,298818 0,2288821
0,6103516 0,3147127 0,2320611
0,6103516 0,2861023 0,2177559
1,017253 0,2956391 0,211398
0,8138021 0,3147127 0,2304716
0,4069011 0,2702076 0,2002717
1,017253 0,3274285 0,2320611
0,6103516 0,3115338 0,2336505
0,6103516 0,2892812 0,2050402
0,6103516 0,3147127 0,2336506
0,6103516 0,2924602 0,2177559
0,6103516 0,2924601 0,2098086
0,6103516 0,301997 0,2177559
0,6103516 0,3242495 0,2288822
1,017253 0,2892812 0,2177559
0,6103516 0,3178917 0,2257032
0,8138021 0,3115338 0,2257032
1,017253 0,3115338 0,2336505
0,8138021 0,2956391 0,2177559
0,6103516 0,3178917 0,2272927
0,6103516 0,2988181 0,2161664
0,6103516 0,2956391 0,2161664
0,6103516 0,3147127 0,2272927
0,6103516 0,2924601 0,2225243
0,8138021 0,3178917 0,23524
0,6103516 0,3178916 0,23524
0,6103516 0,3115338 0,2272927
0,8138021 0,3178917 0,23524
0,6103516 0,3083549 0,2288821
0,8138021 0,2638497 0,1970928
0,8138021 0,3210706 0,2320611
1,017253 0,3147127 0,2304716
0,6103516 0,3019969 0,2272927
0,6103516 0,2924601 0,2161664
0,6103516 0,3115338 0,2320611
1,017253 0,3115338 0,23524
1,017253 0,3083548 0,2384189
0,8138021 0,3306074 0,2447768
0,6103516 0,3051759 0,2336505
0,6103516 0,2861023 0,2161664
0,6103516 0,3433231 0,255903
0,6103516 0,3019969 0,2209348
0,6103516 0,3051759 0,2368294
0,6103516 0,301997 0,2495451
0,6103516 0,2797444 0,2098085
0,6103516 0,3242495 0,2400084
0,6103516 0,301997 0,2288821
0,6103516 0,3401442 0,2479557
0,6103516 0,3115338 0,2415978
1,017253 0,3433231 0,2527241
0,6103516 0,3115338 0,2400084
0,6103516 0,3242495 0,2479557
0,6103516 0,3337863 0,2415979
0,6103516 0,3242495 0,2336506
0,6103516 0,3401442 0,2574924
0,6103516 0,3210706 0,2463663
1,017253 0,3306074 0,2495452
0,6103516 0,3306074 0,2495452
0,6103516 0,3655753 0,2686185
0,8138021 0,3115338 0,2447768
0,6103516 0,3433231 0,2574924
0,6103516 0,3242495 0,2543135
0,6103516 0,3528597 0,2702079
0,6103516 0,3369652 0,2527241
0,6103516 0,3242495 0,2495452
0,6103516 0,3242495 0,2463663
0,8138021 0,3910066 0,2781551
0,6103516 0,3210706 0,2495452
0,6103516 0,3210706 0,2447768
0,6103516 0,3306074 0,238419
0,8138021 0,3496809 0,2622607
0,6103516 0,3337863 0,2590819
0,8138021 0,3433231 0,2574924
0,8138021 0,3051759 0,2400084
0,6103516 0,3178917 0,2415979
1,017253 0,2956391 0,232061
0,6103516 0,3210706 0,2447768
0,6103516 0,3242495 0,2463663
0,6103516 0,298818 0,2288821
0,6103516 0,3465019 0,2622607
0,6103516 0,3496809 0,2622607
0,6103516 0,3306074 0,2447768
0,6103516 0,3560387 0,2606713
0,8138021 0,4037221 0,2908705
1,017253 0,4323322 0,3083544
0,6103516 0,3623964 0,2702079
0,8138021 0,3592176 0,2638502
0,8138021 0,3751121 0,2781551
0,6103516 0,3242495 0,2574924
0,8138021 0,3274285 0,255903
0,6103516 0,3369653 0,2574925
0,6103516 0,3687543 0,2717974
0,6103516 0,3496808 0,2606713
0,6103516 0,3623965 0,2590818
0,6103516 0,3846487 0,2845128
0,6103516 0,3719332 0,281334
0,6103516 0,3719332 0,2765657
0,6103516 0,3655753 0,2654396
0,8138021 0,3655753 0,267029
0,8138021 0,3560387 0,2717974
0,6103516 0,3655754 0,2781551
0,8138021 0,4323322 0,3083544
0,6103516 0,3878276 0,2845128
0,8138021 0,375112 0,2797445
1,220703 0,3846488 0,2829234
0,8138021 0,4196167 0,3019966
1,220703 0,3973644 0,2876917
0,8138021 0,4037221 0,2972283
0,6103516 0,3719331 0,2765657
0,8138021 0,3496809 0,2654396
0,8138021 0,3592176 0,2686185
0,8138021 0,41008 0,2940495
0,6103516 0,3210706 0,2479557
1,017253 0,3592176 0,2733869
0,8138021 0,3814698 0,281334
0,8138021 0,375112 0,2781551
0,6103516 0,4132588 0,2972283
0,6103516 0,3401442 0,2606713
1,017253 0,3687543 0,2717974
0,8138021 0,3401441 0,2654397
0,8138021 0,3655754 0,2638502
0,8138021 0,4069011 0,2908706
0,6103516 0,3719331 0,2845129
0,8138021 0,378291 0,2781551
0,8138021 0,3941854 0,2940495
0,6103516 0,4037221 0,2972283
0,6103516 0,3846488 0,2797445
0,6103516 0,3973643 0,29246
0,8138021 0,4132588 0,3019966
0,8138021 0,4259744 0,3115333
0,8138021 0,4132589 0,3051756
0,8138021 0,3814698 0,2892812
0,8138021 0,4100799 0,3004072
0,8138021 0,3687542 0,2797446
0,6103516 0,3846487 0,2845128
0,8138021 0,4227955 0,306765
0,8138021 0,3973643 0,2940495
0,8138021 0,4386901 0,3163016
0,8138021 0,406901 0,3004072
0,6103516 0,4227955 0,3083544
0,8138021 0,3910066 0,2940495
0,8138021 0,3814698 0,2861023
0,8138021 0,4005432 0,2988178
0,8138021 0,4482267 0,3210699
0,8138021 0,4545845 0,332196
0,8138021 0,3941854 0,2908706
0,6103516 0,4323322 0,3147121
0,8138021 0,4227954 0,3051755
0,6103516 0,4227955 0,306765
0,8138021 0,4450478 0,3210699
0,8138021 0,4132588 0,3083544
0,8138021 0,4545845 0,3258381
0,6103516 0,4482267 0,3274277
0,8138021 0,4545845 0,3306065
0,8138021 0,4609423 0,3274276
0,6103516 0,4545845 0,3274276
0,8138021 0,4545845 0,3258382
1,220703 0,4577635 0,3210699
0,8138021 0,4768369 0,346501
1,017253 0,4545845 0,3290171
1,017253 0,4514057 0,3163016
0,8138021 0,4545845 0,34968
0,8138021 0,4863736 0,3719325
0,8138021 0,4545845 0,3369642
1,017253 0,505447 0,370343
0,8138021 0,4800158 0,3512693
1,017253 0,4577634 0,3544484
1,017253 0,5022681 0,3751114
1,017253 0,5181628 0,3989535
1,017253 0,508626 0,3846482
0,8138021 0,5022681 0,3989535
0,8138021 0,4895525 0,3767009
1,017253 0,5690258 0,4466376
0,8138021 0,4895525 0,3878272
1,017253 0,5276996 0,4227956
1,017253 0,5181628 0,4116693
1,017253 0,5499521 0,4307429
1,017253 0,5499521 0,4386903
0,8138021 0,5404154 0,430743
1,017253 0,5753837 0,4529955
1,017253 0,5817415 0,4657113
1,220703 0,5722046 0,4529955
1,017253 0,5944572 0,4657113
1,220703 0,6039941 0,4831955
1,017253 0,6039941 0,4768376
1,017253 0,6198887 0,4863744
1,627604 0,7279714 0,5578998
1,017253 0,6167096 0,4879639
1,017253 0,6453198 0,502269
1,424154 0,6898243 0,5515418
1,424154 0,7152557 0,5737939
1,017253 0,7343293 0,5896884
1,831055 0,7565818 0,5944569
1,424154 0,7661185 0,6024041
1,220703 0,7692974 0,6198878
1,424154 0,8265177 0,6532663
1,424154 0,8424121 0,6739294
1,627604 0,9600313 0,7422757
1,831055 0,9282423 0,7406864
1,627604 1,014074 0,8138021
1,627604 1,042684 0,8519495
2,034505 1,131694 0,9075809
1,831055 1,138052 0,9202966
2,034505 1,134873 0,9298334
2,034505 1,182556 0,9838744
1,831055 1,204808 0,982285
2,237956 1,211166 0,9727479
1,831055 1,246134 1,017253
1,831055 1,28746 1,071294
2,034505 1,335144 1,095136
2,441406 1,351038 1,115798
2,237956 1,487732 1,223881
2,848307 1,513163 1,244545
2,441406 1,621248 1,336734
2,237956 1,637142 1,365345
2,441406 1,703899 1,417797
2,644857 1,732509 1,432102
2,644857 1,732509 1,444817
2,848307 2,005895 1,600583
3,458659 1,999536 1,672108
4,069011 2,094905 1,697541
3,86556 2,326966 1,853307
3,86556 2,3969 1,975695
3,865561 2,641678 2,156894
5,289714 2,787909 2,207757
5,696615 2,883276 2,301533
6,510417 3,201167 2,503395
5,086263 3,388723 2,681415
5,696615 3,722509 3,023148
6,306965 3,751119 3,061295
6,713867 4,043578 3,215471
7,324219 4,383722 3,453891
8,951822 4,310607 3,48409
7,324218 4,418691 3,655751
7,731118 4,838308 3,937086
7,527669 5,051294 4,030864
7,731118 5,143484 4,274054
8,951822 5,286538 4,281998
9,358724 5,464554 4,398027
9,155272 5,59489 4,593533
11,18978 5,944571 4,835129
12,00358 6,138483 5,016325
9,155272 6,186168 4,962285
12,20703 6,484983 5,249977
9,358725 6,688435 5,405745
13,63118 6,955465 5,728404
14,03808 7,260642 5,906425
12,81738 7,58171 6,024042
16,68294 8,055369 6,580354
14,03809 8,198419 6,46909
13,63118 8,535382 6,842611
19,93816 8,926393 7,117589
14,24154 8,948642 7,054008
16,0726 9,686153 7,529258
19,73471 10,7956 8,157097
24,00717 11,45363 8,8946
24,00717 12,24836 9,541512
23,19336 12,83328 10,25677
25,83821 13,1766 10,56036
27,05891 13,50085 10,81944
27,05891 14,4291 11,53152
24,82096 14,01583 11,13256
28,27962 16,51764 12,91275
37,63834 16,39684 12,7538
28,07617 16,03762 12,74903
28,68651 17,03263 13,4643
39,87627 19,05759 14,47201
41,91078 20,39591 15,5735
42,52114 21,51171 16,40003
34,79 21,31144 16,82441
36,01072 22,3414 17,76219
45,16601 23,63523 18,6189
39,67281 23,24104 18,41704
54,52479 26,31505 20,66294
46,18325 26,01623 19,85708
34,17968 23,16157 19,08779
54,93169 25,99398 20,30531
40,69005 26,34048 20,88706
61,84905 27,41495 21,14613
45,77634 28,36862 21,99491
56,9662 27,66927 21,75967
66,73192 29,05209 22,45585
64,49393 30,67333 23,87206
73,85273 31,67151 25,33594
55,94895 33,26097 26,2165
70,19058 32,93672 24,91632
64,29046 33,25144 25,21991
82,60105 34,67558 26,954
62,45942 33,404 26,00827
67,74915 36,16649 27,2274
66,93537 37,21554 28,35749
73,24235 38,1565 28,46399
62,25597 36,0743 27,52144
84,839 39,87949 30,13293
67,74914 39,07521 29,20786
56,35586 38,99255 30,90222
63,88357 40,29909 30,22193
74,25963 41,78999 31,02937
68,56296 39,90808 30,11544
70,80094 42,02843 32,42653
65,51119 38,69691 29,53529
71,61478 40,57883 30,84658
82,6011 42,25413 31,77007
81,99073 45,077 33,94922
73,24236 43,57656 33,46921
76,29414 42,3177 32,72373
79,14247 43,40172 32,65699
88,90794 43,61787 34,27345
77,31141 44,97528 34,24645
75,07344 43,34448 33,35157
77,3114 44,69234 33,7839
63,8836 42,49889 32,39631
89,31485 43,91988 33,74577
68,56297 44,3395 34,2703
81,58384 45,26139 34,496
73,44583 44,85765 34,75824
76,90448 44,68917 34,12883
71,41129 42,92805 33,28322
79,54936 44,72414 34,33387
73,85272 45,33133 34,93309
71,61475 42,89307 33,72828
71,41131 41,35765 32,16106
67,74918 45,17237 34,28299
76,29415 46,37399 36,23166
57,98349 43,47165 33,24826
73,24235 45,81451 35,09204
78,5321 44,45393 34,28776
69,37677 44,49208 33,83636
71,41132 43,97074 33,72351
96,84243 44,3554 34,37202
63,8836 43,03931 34,68195
79,14247 47,56292 37,10429
71,81822 42,92804 33,28004
88,70453 44,69551 35,16513
78,73553 47,31814 35,97895
77,71831 43,42714 33,70602
76,0907 48,2909 37,22031
69,98715 45,09926 34,44194
86,26311 46,38989 35,77868
81,38037 49,40353 38,21373
81,3804 49,50206 37,56364
86,67006 45,50933 35,67696
86,46658 46,92076 36,20304
84,02518 46,14831 34,82343
77,92175 47,15602 36,49234
70,19058 47,87128 37,83544
65,51117 44,82268 36,50982
77,51485 47,65511 37,37449
80,15971 48,41487 37,54138
79,14247 49,42896 38,64447
76,9045 48,03341 36,66878
71,61475 46,56474 37,21395
71,61475 47,05428 37,18534
68,96986 45,76048 36,29684
81,78727 48,94576 38,63016
85,44936 46,73004 36,87699
73,4458 46,89852 37,45715
73,64923 46,2818 36,5273
73,64925 46,20551 36,92467
90,33207 47,34674 36,84838
77,92177 50,5702 39,90017
68,96989 47,73458 37,04388
83,00797 47,42622 37,29819
89,72172 48,19233 36,99621
69,37676 47,11787 38,13584
69,98712 48,95846 37,56047
82,39761 50,51931 40,27366
67,54572 46,70462 37,49371
79,34592 47,54384 38,18033
101,1148 49,56881 39,1372
72,83543 50,09336 39,80479
84,43209 50,6592 40,63447
80,5666 48,2877 38,59041
75,48035 49,49255 39,5155
89,72176 49,48618 39,68874
