0,8138021 0,3178917 0,23524
0,8138021 0,3051759 0,2272927
0,8138021 0,3306074 0,2463663
0,8138021 0,2924601 0,2225242
0,6103516 0,3147127 0,2320611
0,6103516 0,2892812 0,2225243
0,6103516 0,3083549 0,2304716
0,6103516 0,2861023 0,2225243
1,017253 0,2924601 0,2257032
0,6103516 0,2892812 0,2209348
0,6103516 0,2892812 0,2209348
0,6103516 0,3019969 0,2288821
0,6103516 0,2861023 0,2193453
0,6103516 0,3083548 0,2368294
0,6103516 0,298818 0,2257032
0,6103516 0,3274285 0,23524
0,6103516 0,3178917 0,2447768
0,6103516 0,3274285 0,2431874
0,6103516 0,2765655 0,2209348
0,8138021 0,3242495 0,23524
0,6103516 0,3210706 0,2415979
0,8138021 0,3051759 0,2272927
0,8138021 0,3433231 0,2511346
0,4069011 0,2765655 0,2082191
0,8138021 0,3051759 0,2415978
0,6103516 0,2988181 0,2257032
0,6103516 0,2702076 0,1986823
0,8138021 0,3083548 0,23524
0,6103516 0,2956391 0,2257032
0,6103516 0,3083549 0,2288821
0,4069011 0,2829233 0,2193453
0,6103516 0,2924602 0,2241137
0,6103516 0,2956391 0,2304716
0,6103516 0,2829233 0,2225242
0,6103516 0,2892812 0,2336505
0,6103516 0,3115337 0,2272927
0,6103516 0,3147127 0,2336506
0,6103516 0,3115338 0,23524
0,6103516 0,3115338 0,23524
0,8138021 0,3401442 0,2431874
0,8138021 0,3115338 0,2368295
0,6103516 0,3178917 0,2384189
1,017253 0,3337863 0,2543135
0,6103516 0,3115338 0,2209348
0,6103516 0,3178917 0,23524
0,6103516 0,3369652 0,2431873
0,8138021 0,3147127 0,23524
0,6103516 0,3051759 0,2288821
0,6103516 0,3051759 0,2368294
0,8138021 0,3496809 0,2511346
0,6103516 0,3528597 0,2638502
0,8138021 0,3115338 0,2431873
0,6103516 0,3147127 0,2463662
0,8138021 0,3528598 0,2622607
0,8138021 0,3496809 0,2574924
0,6103516 0,3242495 0,2447768
0,8138021 0,301997 0,2400084
0,6103516 0,3147127 0,2463662
0,6103516 0,3210706 0,2415979
0,8138021 0,3337863 0,2543136
0,8138021 0,3623964 0,2686185
0,8138021 0,3337863 0,2527241
0,8138021 0,3337863 0,2590819
0,6103516 0,3083548 0,2415978
0,6103516 0,3242495 0,2479557
0,8138021 0,3115338 0,2447768
0,6103516 0,3369653 0,2574925
1,017253 0,3623965 0,2717974
0,8138021 0,3274285 0,2527241
1,017253 0,3623965 0,2733868
0,6103516 0,3274285 0,2495452
0,8138021 0,3528598 0,2686185
0,6103516 0,3401441 0,2574924
0,6103516 0,3210706 0,2431873
0,8138021 0,3623965 0,2717974
0,8138021 0,3306074 0,2543136
0,6103516 0,3337863 0,2511347
0,6103516 0,3306074 0,2574924
0,6103516 0,3496808 0,267029
0,6103516 0,3178917 0,255903
0,8138021 0,3687543 0,2797446
0,6103516 0,3306074 0,2574925
0,6103516 0,3528598 0,2622607
0,6103516 0,3687542 0,2733868
0,6103516 0,3560386 0,2765657
0,8138021 0,3878277 0,2861023
0,6103516 0,3687543 0,2733868
0,8138021 0,3814698 0,2829234
0,6103516 0,4164377 0,3019966
0,6103516 0,3655753 0,2781551
0,8138021 0,3655754 0,2733868
0,6103516 0,3560387 0,2638502
0,6103516 0,3655754 0,2765657
0,6103516 0,3401442 0,2527241
0,8138021 0,3401442 0,2654397
0,4069011 0,3083549 0,2447768
0,6103516 0,3623964 0,2717973
0,8138021 0,3910065 0,2876917
0,6103516 0,3401441 0,270208
0,6103516 0,3210706 0,255903
0,6103516 0,3814698 0,281334
0,6103516 0,3782909 0,281334
0,6103516 0,375112 0,2717973
0,6103516 0,4005432 0,2956389
0,8138021 0,4259745 0,3099439
0,8138021 0,4227955 0,3019966
0,6103516 0,3814698 0,2861023
0,8138021 0,4100799 0,3019967
0,8138021 0,4418689 0,3131227
0,8138021 0,3496809 0,2717974
0,8138021 0,4037221 0,2972284
0,6103516 0,4100799 0,2988178
0,6103516 0,4355111 0,3163015
0,8138021 0,406901 0,2940494
0,6103516 0,4291534 0,3163016
0,8138021 0,3941855 0,2876917
0,8138021 0,4514057 0,3274277
0,8138021 0,43869 0,3163016
0,8138021 0,4227955 0,3099439
0,8138021 0,4164377 0,3083544
0,6103516 0,4418689 0,3210699
0,8138021 0,4164377 0,3035861
0,8138021 0,406901 0,3019967
0,8138021 0,4196166 0,3051755
0,8138021 0,3878276 0,2908706
0,8138021 0,4227956 0,3115333
0,6103516 0,4037221 0,3019967
0,8138021 0,4418689 0,3242488
0,8138021 0,4736579 0,3449115
0,6103516 0,4132588 0,3051755
0,8138021 0,4577634 0,3306065
0,8138021 0,4450478 0,3258382
0,6103516 0,4005432 0,3004072
0,6103516 0,43869 0,3194804
1,017253 0,4323322 0,3115332
0,8138021 0,4386901 0,3194805
0,8138021 0,4673001 0,3353748
0,8138021 0,4641213 0,3512694
0,6103516 0,43869 0,3163016
1,017253 0,4514056 0,3353748
0,8138021 0,43869 0,317891
0,8138021 0,4291533 0,3131227
0,8138021 0,43869 0,3385538
0,8138021 0,4577634 0,3337854
1,017253 0,4514056 0,3242488
0,8138021 0,470479 0,3512694
0,8138021 0,4482267 0,352859
0,8138021 0,4768369 0,343322
0,8138021 0,4514056 0,3274277
0,8138021 0,4736579 0,3465009
0,8138021 0,4641213 0,3449115
0,8138021 0,4450478 0,3449117
1,017253 0,4673001 0,3449115
0,6103516 0,4450478 0,3321959
1,017253 0,4577634 0,3385537
0,8138021 0,4514056 0,3369642
1,017253 0,4641213 0,3496799
1,017253 0,4673001 0,3560378
0,8138021 0,4577634 0,3321959
0,8138021 0,4545845 0,3512695
0,8138021 0,4609423 0,3449115
0,8138021 0,4577634 0,3449116
0,8138021 0,4736579 0,3608063
1,017253 0,4609423 0,3480905
1,017253 0,4800158 0,3480904
0,8138021 0,4482267 0,3401431
1,017253 0,4641213 0,3560379
1,017253 0,4673001 0,3385537
1,017253 0,4609423 0,3401431
0,8138021 0,4641213 0,3655747
0,8138021 0,4577634 0,3449116
0,8138021 0,4577634 0,3433221
0,8138021 0,473658 0,3576273
0,8138021 0,470479 0,3687536
1,220703 0,4673001 0,3639852
1,220703 0,5149838 0,3846482
1,220703 0,4768369 0,3608062
1,220703 0,4800158 0,373522
0,8138021 0,4609423 0,3576274
0,8138021 0,4990892 0,3989535
0,8138021 0,4959103 0,3782904
0,8138021 0,4800158 0,3576273
0,8138021 0,4831947 0,3655747
1,017253 0,5118049 0,3862377
0,8138021 0,4768369 0,3719325
0,8138021 0,4831946 0,3846483
1,017253 0,5149838 0,3989535
0,6103516 0,4895524 0,3798798
0,8138021 0,4990892 0,3798798
0,8138021 0,4927314 0,3751114
0,8138021 0,4927314 0,3830588
1,017253 0,5022681 0,3973641
0,8138021 0,5118049 0,3862377
0,8138021 0,4990892 0,3989535
1,220703 0,5340574 0,4164377
1,220703 0,5149838 0,4069009
1,017253 0,4895525 0,4021326
0,8138021 0,4768369 0,3830589
0,8138021 0,4990892 0,400543
0,8138021 0,508626 0,4037219
1,017253 0,4863736 0,3878272
1,220703 0,4990892 0,4053114
1,017253 0,5149839 0,4212062
1,017253 0,505447 0,3957745
1,017253 0,559489 0,4275639
0,8138021 0,5181628 0,4021325
1,017253 0,4990892 0,4069009
0,8138021 0,5372365 0,4323325
1,017253 0,508626 0,4037219
1,017253 0,5531311 0,4339219
1,220703 0,5276996 0,4132587
0,8138021 0,5245207 0,4084903
0,8138021 0,5149839 0,4069009
1,017253 0,5213417 0,4132588
0,8138021 0,505447 0,4148483
1,017253 0,5308785 0,4227956
1,017253 0,5467732 0,4132587
1,424154 0,5340574 0,4180271
0,8138021 0,5149839 0,4243851
1,424154 0,5340574 0,4386904
1,017253 0,553131 0,4259745
1,017253 0,5563101 0,4466377
1,017253 0,5626679 0,460943
1,017253 0,5276996 0,4275641
1,627604 0,5626678 0,4402797
1,017253 0,5531311 0,4466377
0,8138021 0,5340575 0,4339219
1,017253 0,5690258 0,4482271
1,220703 0,6262464 0,4800164
0,8138021 0,5722048 0,4625324
1,017253 0,5722047 0,4593534
1,017253 0,5690258 0,457764
1,017253 0,6039941 0,4704797
1,220703 0,6103519 0,4847849
1,424154 0,5944572 0,4688902
1,017253 0,5531311 0,4514061
1,220703 0,5849205 0,4673008
0,8138021 0,5658469 0,4482271
1,220703 0,5499521 0,4498166
1,017253 0,5976362 0,4704797
1,017253 0,5372364 0,4482272
1,017253 0,5499521 0,457764
1,017253 0,5849205 0,4673008
1,220703 0,6294253 0,4879638
1,017253 0,6612142 0,5165743
1,017253 0,6008151 0,481606
1,017253 0,5722048 0,4688903
1,017253 0,6548564 0,5149848
1,017253 0,5976362 0,4768376
1,220703 0,6326042 0,4959111
1,017253 0,5785626 0,4657114
1,017253 0,5817415 0,4625324
1,017253 0,5690258 0,4593534
1,220703 0,5944573 0,4752482
1,220703 0,6294253 0,4975006
1,220703 0,6516776 0,5133954
0,8138021 0,559489 0,4482272
1,220703 0,6580354 0,5118059
1,220703 0,705719 0,540416
1,017253 0,6135307 0,4911428
1,017253 0,6294252 0,5102165
1,220703 0,6548565 0,5118059
1,017253 0,6421408 0,5006794
1,017253 0,6357831 0,502269
1,017253 0,6898244 0,5292899
1,220703 0,6930034 0,5404159
1,017253 0,6643931 0,5277003
1,220703 0,667572 0,5245215
1,220703 0,7088979 0,5642574
1,220703 0,6739298 0,5435946
1,220703 0,6993611 0,5626679
1,424154 0,705719 0,5451843
1,017253 0,6643931 0,5356474
1,220703 0,7216136 0,5515421
1,220703 0,6930033 0,559489
1,220703 0,747045 0,5944568
1,220703 0,7247925 0,5801518
1,220703 0,7088979 0,5547208
1,220703 0,7438661 0,5801519
1,220703 0,7152557 0,5674362
1,017253 0,7025401 0,5594891
1,220703 0,7375083 0,5817413
1,424154 0,7311504 0,5976355
1,017253 0,7152558 0,5880989
1,220703 0,6993612 0,5658468
1,220703 0,7597607 0,61353
1,220703 0,7343293 0,6055827
1,220703 0,8074443 0,627835
1,424154 0,7724764 0,631014
1,627604 0,8074443 0,6548558
1,424154 0,785192 0,6230667
1,220703 0,7661185 0,6294245
1,424154 0,7692975 0,6167089
1,220703 0,7597607 0,6310141
1,424154 0,7692974 0,6389612
1,424154 0,8296966 0,6675714
1,627604 0,845591 0,6771081
1,017253 0,7979075 0,6643927
1,627604 0,9028112 0,721613
1,424154 0,8106232 0,67234
1,220703 0,8583066 0,6930027
1,424154 0,8646644 0,7104869
1,627604 0,9123479 0,7406865
1,627604 0,8455911 0,6930028
1,424154 0,8678433 0,7057185
1,424154 0,87738 0,7343289
1,424154 0,9059901 0,7263814
1,627604 0,9346001 0,753402
1,424154 0,9059901 0,7549917
1,424154 0,9409578 0,780423
1,424154 0,9536737 0,7915494
1,424154 0,9918209 0,8074441
1,627604 1,017252 0,8185705
1,627604 0,9759261 0,8042652
1,424154 0,9568527 0,8042652
1,424154 1,001358 0,8217494
1,627604 0,9822839 0,8185704
1,627604 1,090369 0,890097
1,627604 1,090368 0,8964548
1,831055 1,087189 0,8964548
1,627604 1,068116 0,890097
1,831055 1,131694 0,921886
1,831055 1,179377 0,9727483
1,627604 1,125336 0,9298334
1,831055 1,160304 0,953675
1,831055 1,169841 0,9822851
1,627604 1,220703 1,026789
2,034505 1,223882 1,02361
2,034505 1,236597 1,036326
1,831055 1,290639 1,066526
1,831055 1,246134 1,069704
1,831055 1,300175 1,088777
2,441406 1,306533 1,104672
2,441406 1,338323 1,118977
2,237956 1,37647 1,133282
2,237956 1,455943 1,19686
2,441406 1,414617 1,173018
2,237956 1,360575 1,136461
2,237956 1,471837 1,219113
2,034505 1,449585 1,207987
1,627604 1,411438 1,206397
2,034505 1,503627 1,292229
2,441406 1,487732 1,242955
2,441406 1,586279 1,328788
3,255208 1,678468 1,397134
2,237956 1,621248 1,387598
2,848307 1,684826 1,401903
2,441406 1,675289 1,405081
2,441406 1,735687 1,475017
2,848307 1,751582 1,495679
2,644857 1,920063 1,618067
2,644857 1,888274 1,592635
3,255208 2,024968 1,702309
2,848307 2,002716 1,708666
3,051758 2,012252 1,705487
2,848307 2,075832 1,737277
2,848307 2,120337 1,804035
2,848307 2,136231 1,804035
3,86556 2,352396 1,980464
3,051758 2,311069 1,999536
3,051758 2,396899 2,069472
3,255209 2,447762 2,074241
3,86556 2,590816 2,156894
3,86556 2,613069 2,237956
4,679362 2,67029 2,274513
4,06901 2,721152 2,333323
4,069011 2,730688 2,352397
4,272461 2,75612 2,361934
4,679362 2,822876 2,425513
3,86556 2,768835 2,381008
3,86556 2,940494 2,465248
4,475912 2,950031 2,520879
4,069011 3,032683 2,551079
4,272461 3,016788 2,622602
4,475912 3,1662 2,663929
5,086263 3,204347 2,767244
4,272461 3,064474 2,643266
4,475912 3,229779 2,789498
4,475912 3,296535 2,800623
5,289714 3,379186 2,867381
5,493164 3,293356 2,800623
4,679362 3,325146 2,821286
4,679362 3,395081 2,895992
5,289714 3,573099 3,021558
4,882813 3,59853 3,102619
5,086263 3,65893 3,169377
5,900065 3,827413 3,229777
5,696614 3,827414 3,247261
5,900065 4,237492 3,549258
7,527668 4,36147 3,738403
6,713867 4,657109 3,895759
6,510417 4,599888 3,948212
6,917318 4,742938 4,043578
7,120769 4,927316 4,161199
5,900065 4,825592 4,177093
6,917318 4,879634 4,145305
7,93457 5,121232 4,386901
7,324219 5,248387 4,520417
7,52767 5,445479 4,652341
7,120769 5,270638 4,593531
