0,6103516 0,1239777 0,06198883
0,6103516 0,1001358 0,0500679
0,6103516 0,10252 0,05125999
0,6103516 0,1096725 0,05483627
0,3051758 0,1096725 0,05483627
0,6103516 0,1382828 0,06914139
0,6103516 0,1049042 0,05245209
0,6103516 0,10252 0,05125999
0,3051758 0,1001358 0,0500679
0,6103516 0,1120567 0,05602837
0,3051758 0,08821487 0,04410744
0,6103516 0,1525879 0,07629395
0,6103516 0,1120567 0,05602837
0,3051758 0,1049042 0,05245209
0,6103516 0,09298325 0,04649162
0,6103516 0,1192093 0,05960464
0,6103516 0,0834465 0,04172325
0,6103516 0,09775162 0,04887581
0,3051758 0,1072884 0,05364418
0,6103516 0,1263618 0,06318092
0,3051758 0,10252 0,05125999
0,6103516 0,1239777 0,06198883
0,6103516 0,1096725 0,05483627
0,6103516 0,1335144 0,0667572
0,3051758 0,1239777 0,06198883
0,3051758 0,1168251 0,05841255
0,3051758 0,07867813 0,03933907
0,6103516 0,1049042 0,05245209
0,3051758 0,1215935 0,06079674
0,6103516 0,128746 0,06437302
0,3051758 0,1263618 0,06318092
0,3051758 0,09775162 0,04887581
0,6103516 0,10252 0,05125999
0,6103516 0,1192093 0,05960464
0,6103516 0,1001358 0,0500679
0,6103516 0,1263618 0,06318092
0,3051758 0,128746 0,06437302
0,3051758 0,1335144 0,0667572
0,6103516 0,1263618 0,06318092
0,6103516 0,0834465 0,04172325
0,6103516 0,1239777 0,06198883
0,3051758 0,07152557 0,03576279
0,6103516 0,09775162 0,04887581
0,6103516 0,1144409 0,05722046
0,6103516 0,1192093 0,05960464
0,3051758 0,09298325 0,04649162
0,3051758 0,1096725 0,05483627
0,3051758 0,1049042 0,05245209
0,6103516 0,1001358 0,0500679
0,3051758 0,1049042 0,05245209
0,6103516 0,1168251 0,05841255
0,3051758 0,10252 0,05125999
0,6103516 0,1382828 0,06914139
0,6103516 0,1096725 0,05483627
0,3051758 0,1168251 0,05841255
0,6103516 0,1335144 0,0667572
0,6103516 0,1597404 0,07987022
0,6103516 0,1358986 0,0679493
0,6103516 0,1311302 0,06556511
0,6103516 0,1335144 0,0667572
0,6103516 0,1192093 0,05960464
0,6103516 0,1072884 0,05364418
0,6103516 0,1120567 0,05602837
0,6103516 0,1263618 0,06318092
0,3051758 0,140667 0,07033348
0,3051758 0,1001358 0,0500679
0,3051758 0,1215935 0,06079674
0,6103516 0,1239777 0,06198883
0,6103516 0,128746 0,06437302
0,6103516 0,140667 0,07033348
0,6103516 0,1192093 0,05960464
0,6103516 0,1144409 0,05722046
0,6103516 0,1335144 0,0667572
0,6103516 0,1263618 0,06318092
0,6103516 0,1263618 0,06318092
0,6103516 0,1120567 0,05602837
0,6103516 0,1168251 0,05841255
0,6103516 0,1239777 0,06198883
0,3051758 0,1144409 0,05722046
0,6103516 0,1215935 0,06079674
0,3051758 0,1430511 0,07152557
0,6103516 0,1263618 0,06318092
0,6103516 0,1239777 0,06198883
0,6103516 0,1502037 0,07510185
0,6103516 0,1382828 0,06914139
0,3051758 0,1239777 0,06198883
0,6103516 0,1168251 0,05841255
0,6103516 0,1597404 0,07987022
0,6103516 0,1382828 0,06914139
0,6103516 0,140667 0,07033348
0,6103516 0,1454353 0,07271767
0,6103516 0,1335144 0,0667572
0,3051758 0,1192093 0,05960464
0,6103516 0,1430511 0,07152557
0,3051758 0,1263618 0,06318092
0,6103516 0,1549721 0,07748604
0,6103516 0,1502037 0,07510185
0,3051758 0,1358986 0,0679493
0,6103516 0,1215935 0,06079674
0,3051758 0,1049042 0,05245209
0,6103516 0,1573563 0,07867813
0,6103516 0,1239777 0,06198883
0,6103516 0,1454353 0,07271767
0,6103516 0,1192093 0,05960464
0,6103516 0,1621246 0,08106232
0,6103516 0,1645088 0,08225441
0,6103516 0,1192093 0,05960464
0,6103516 0,1525879 0,07629395
0,6103516 0,1478195 0,07390976
0,3051758 0,1144409 0,05722046
0,6103516 0,140667 0,07033348
0,6103516 0,1335144 0,0667572
0,6103516 0,1311302 0,06556511
0,6103516 0,1335144 0,0667572
0,3051758 0,1001358 0,0500679
0,3051758 0,1096725 0,05483627
0,6103516 0,1144409 0,05722046
0,6103516 0,1311302 0,06556511
0,6103516 0,1192093 0,05960464
0,3051758 0,1144409 0,05722046
0,3051758 0,1192093 0,05960464
0,6103516 0,1049042 0,05245209
0,6103516 0,1168251 0,05841255
0,6103516 0,1215935 0,06079674
0,6103516 0,1382828 0,06914139
0,6103516 0,1311302 0,06556511
0,6103516 0,1263618 0,06318092
0,6103516 0,1358986 0,0679493
0,3051758 0,1263618 0,06318092
0,6103516 0,1430511 0,07152557
0,6103516 0,140667 0,07033348
0,6103516 0,1239777 0,06198883
0,3051758 0,1382828 0,06914139
0,6103516 0,1835823 0,09179115
0,6103516 0,1549721 0,07748604
0,3051758 0,1335144 0,0667572
0,3051758 0,1311302 0,06556511
0,6103516 0,1382828 0,06914139
0,6103516 0,1215935 0,06079674
0,6103516 0,1454353 0,07271767
0,6103516 0,166893 0,0834465
0,6103516 0,1597404 0,07987022
0,3051758 0,1263618 0,06318092
0,6103516 0,1478195 0,07390976
0,6103516 0,1168251 0,05841255
0,3051758 0,1168251 0,05841255
0,6103516 0,1454353 0,07271767
0,6103516 0,1263618 0,06318092
0,6103516 0,1430511 0,07152557
0,6103516 0,1358986 0,0679493
0,3051758 0,1263618 0,06318092
0,6103516 0,128746 0,06437302
0,6103516 0,1478195 0,07390976
0,6103516 0,1597404 0,07987022
0,6103516 0,1811981 0,09059906
0,6103516 0,1382828 0,06914139
0,6103516 0,1358986 0,0679493
0,3051758 0,1430511 0,07152557
0,6103516 0,1811981 0,09059906
0,6103516 0,1382828 0,06914139
0,6103516 0,1335144 0,0667572
0,6103516 0,1430511 0,07152557
0,6103516 0,1263618 0,06318092
0,6103516 0,1215935 0,06079674
0,6103516 0,140667 0,07033348
0,6103516 0,1335144 0,0667572
0,6103516 0,140667 0,07033348
0,6103516 0,1788139 0,08940697
0,6103516 0,1263618 0,06318092
0,3051758 0,1478195 0,07390976
0,6103516 0,1740456 0,08702278
0,3051758 0,1430511 0,07152557
0,6103516 0,1478195 0,07390976
0,6103516 0,1239777 0,06198883
0,3051758 0,140667 0,07033348
0,3051758 0,1502037 0,07510185
0,6103516 0,1382828 0,06914139
0,3051758 0,1502037 0,07510185
0,6103516 0,1478195 0,07390976
0,6103516 0,1692772 0,0846386
0,6103516 0,1430511 0,07152557
0,6103516 0,140667 0,07033348
0,6103516 0,1358986 0,0679493
0,6103516 0,1716614 0,08583069
0,6103516 0,1335144 0,0667572
0,6103516 0,1716614 0,08583069
0,6103516 0,1525879 0,07629395
0,3051758 0,1358986 0,0679493
0,3051758 0,1263618 0,06318092
0,6103516 0,1573563 0,07867813
0,6103516 0,1525879 0,07629395
0,6103516 0,140667 0,07033348
0,6103516 0,1645088 0,08225441
0,6103516 0,1692772 0,0846386
0,6103516 0,1525879 0,07629395
0,6103516 0,1311302 0,06556511
0,6103516 0,1096725 0,05483627
0,6103516 0,1645088 0,08225441
0,3051758 0,1573563 0,07867813
0,6103516 0,1525879 0,07629395
0,6103516 0,140667 0,07033348
0,6103516 0,1502037 0,07510185
0,6103516 0,166893 0,0834465
0,3051758 0,1311302 0,06556511
0,6103516 0,140667 0,07033348
0,3051758 0,1502037 0,07510185
0,6103516 0,1478195 0,07390976
0,3051758 0,1358986 0,0679493
0,3051758 0,1478195 0,07390976
0,3051758 0,1502037 0,07510185
0,6103516 0,1335144 0,0667572
0,6103516 0,1358986 0,0679493
0,3051758 0,1502037 0,07510185
0,6103516 0,1215935 0,06079674
0,6103516 0,1525879 0,07629395
0,3051758 0,1621246 0,08106232
0,6103516 0,1597404 0,07987022
0,3051758 0,1263618 0,06318092
0,6103516 0,128746 0,06437302
0,6103516 0,1478195 0,07390976
0,6103516 0,1764297 0,08821487
0,6103516 0,1621246 0,08106232
0,6103516 0,1573563 0,07867813
0,6103516 0,1597404 0,07987022
0,3051758 0,1454353 0,07271767
0,6103516 0,1263618 0,06318092
0,6103516 0,1621246 0,08106232
0,6103516 0,1549721 0,07748604
0,6103516 0,1645088 0,08225441
0,6103516 0,1192093 0,05960464
0,6103516 0,1430511 0,07152557
0,6103516 0,1430511 0,07152557
0,6103516 0,1502037 0,07510185
0,3051758 0,1335144 0,0667572
0,6103516 0,1192093 0,05960464
0,3051758 0,1454353 0,07271767
0,3051758 0,1692772 0,0846386
0,6103516 0,1263618 0,06318092
0,6103516 0,1430511 0,07152557
0,6103516 0,1573563 0,07867813
0,6103516 0,1215935 0,06079674
0,3051758 0,1573563 0,07867813
0,6103516 0,1859665 0,09298325
0,3051758 0,1764297 0,08821487
0,6103516 0,1502037 0,07510185
0,6103516 0,1859665 0,09298325
0,6103516 0,1549721 0,07748604
0,6103516 0,1716614 0,08583069
0,6103516 0,1788139 0,08940697
0,6103516 0,1502037 0,07510185
0,6103516 0,1502037 0,07510185
0,6103516 0,1549721 0,07748604
0,6103516 0,1358986 0,0679493
0,3051758 0,1645088 0,08225441
0,3051758 0,1740456 0,08702278
0,6103516 0,1502037 0,07510185
0,6103516 0,1764297 0,08821487
0,6103516 0,1621246 0,08106232
0,6103516 0,1788139 0,08940697
0,3051758 0,1430511 0,07152557
0,3051758 0,1740456 0,08702278
0,6103516 0,1716614 0,08583069
0,6103516 0,193119 0,09655952
0,3051758 0,1716614 0,08583069
0,6103516 0,1764297 0,08821487
0,6103516 0,1621246 0,08106232
0,6103516 0,1907349 0,09536743
0,6103516 0,2145767 0,1072884
0,6103516 0,1740456 0,08702278
0,6103516 0,2098083 0,1049042
0,6103516 0,1764297 0,08821487
0,6103516 0,20504 0,10252
0,6103516 0,1955032 0,09775162
0,6103516 0,2026558 0,1013279
0,6103516 0,1859665 0,09298325
0,6103516 0,1811981 0,09059906
0,6103516 0,2002716 0,1001358
0,6103516 0,1740456 0,08702278
0,6103516 0,20504 0,10252
0,6103516 0,166893 0,0834465
0,3051758 0,2002716 0,1001358
0,6103516 0,2360344 0,1180172
0,3051758 0,1692772 0,0846386
0,9155273 0,2098083 0,1049042
0,6103516 0,2002716 0,1001358
0,6103516 0,2074242 0,1037121
0,6103516 0,2193451 0,1096725
0,9155273 0,1978874 0,09894371
0,6103516 0,1955032 0,09775162
0,3051758 0,2002716 0,1001358
0,6103516 0,2193451 0,1096725
0,6103516 0,243187 0,1215935
0,6103516 0,20504 0,10252
0,6103516 0,2574921 0,128746
0,6103516 0,2479553 0,1239777
0,6103516 0,2241135 0,1120567
0,6103516 0,2074242 0,1037121
0,9155273 0,2765656 0,1382828
0,6103516 0,2837181 0,1418591
1,220703 0,2598763 0,1299381
0,9155273 0,2789497 0,1394749
0,6103516 0,30756 0,15378
0,6103516 0,2551079 0,1275539
0,6103516 0,2646446 0,1323223
0,6103516 0,2479553 0,1239777
0,6103516 0,30756 0,15378
0,6103516 0,2598763 0,1299381
0,6103516 0,3194809 0,1597404
0,6103516 0,2908707 0,1454353
0,6103516 0,3170967 0,1585484
0,6103516 0,3194809 0,1645088
0,9155273 0,3266335 0,1728535
0,6103516 0,3123283 0,1561642
0,9155273 0,3266335 0,1895428
0,9155273 0,3242493 0,1883507
0,6103516 0,3290176 0,1943111
0,9155273 0,3433228 0,2121925
0,6103516 0,3314018 0,2074242
0,6103516 0,3480911 0,2205372
0,6103516 0,3290176 0,2086163
0,6103516 0,3266335 0,1978874
0,6103516 0,333786 0,218153
0,9155273 0,3457069 0,2264977
0,9155273 0,3576279 0,2360344
0,9155273 0,3576279 0,2574921
0,9155273 0,3647804 0,2670288
0,9155273 0,3552437 0,2408028
0,9155273 0,3552437 0,2419949
0,9155273 0,3600121 0,2384186
0,6103516 0,3433228 0,2527237
0,6103516 0,3552437 0,2622604
0,9155273 0,3767014 0,269413
1,220703 0,3838539 0,2789497
0,9155273 0,3552437 0,2706051
0,6103516 0,3647804 0,2741814
0,9155273 0,398159 0,2920628
0,9155273 0,3862381 0,2920628
0,9155273 0,3671646 0,2861023
0,9155273 0,3790855 0,2872944
0,6103516 0,3647804 0,2849102
0,9155273 0,4053116 0,3015995
0,9155273 0,3790855 0,2837181
0,9155273 0,4005432 0,3135204
1,220703 0,41008 0,3027916
1,220703 0,436306 0,333786
0,9155273 0,4148483 0,3123283
0,9155273 0,4243851 0,3218651
0,9155273 0,4172325 0,3182888
1,220703 0,436306 0,3397465
0,9155273 0,4243851 0,3242493
1,220703 0,4982948 0,3731251
1,220703 0,462532 0,3528595
0,9155273 0,4482269 0,346899
1,220703 0,4839897 0,3755093
1,220703 0,4959106 0,3755093
1,220703 0,5030632 0,3755093
0,9155273 0,5269051 0,4017353
1,220703 0,5269051 0,3921986
1,525879 0,5817413 0,4339218
1,525879 0,6270409 0,4577637
1,220703 0,6461143 0,4696846
1,525879 0,7200241 0,500679
1,525879 0,7557869 0,5364418
1,525879 0,7963181 0,6115437
2,13623 0,9274483 0,6842613
2,441406 1,05381 0,7772446
2,746582 1,182556 0,8523464
2,746582 1,275539 0,950098
2,441406 1,447201 1,093149
2,746582 1,559258 1,205206
4,272461 1,788139 1,38402
3,662109 1,809597 1,416206
3,662109 1,928806 1,502037
3,967285 1,990795 1,549721
5,187988 2,174377 1,666546
4,882813 2,560616 1,913309
4,882813 2,880096 2,182722
6,103516 3,266335 2,542734
6,103516 3,786087 2,977848
6,408691 3,883839 3,139973
6,713867 4,122257 3,405809
7,019043 4,341602 3,511906
6,713867 4,417896 3,715754
6,408691 4,534721 3,778934
7,93457 4,761219 3,968477
9,460449 4,83036 4,066229
8,239746 4,947186 4,116297
7,93457 5,18322 4,389286
7,324219 5,226135 4,361868
7,93457 5,345345 4,463196
7,019043 5,385876 4,6134
7,93457 5,426407 4,615784
8,850098 5,660057 4,811287
7,93457 5,750656 4,922152
7,324219 5,741119 4,786253
9,155273 6,170273 5,166531
7,93457 6,020069 5,114079
9,765625 6,492138 5,408525
9,155273 6,315708 5,404949
9,155273 6,756783 5,716085
9,765625 6,69241 5,729198
9,155273 6,809235 5,614758
10,98633 6,875992 5,890131
11,90186 7,295609 6,251335
9,460449 7,247925 6,197691
10,37598 7,452965 6,394386
10,37598 7,455349 6,424189
10,37598 7,493496 6,386042
10,37598 7,765293 6,644726
11,90186 8,127689 6,853342
11,2915 7,941723 6,762743
11,90186 8,072853 6,878376
10,98633 8,101463 6,970167
10,98633 8,044243 6,923676
10,0708 8,013248 6,819963
11,2915 8,063316 6,883144
11,2915 8,199215 7,002354
11,2915 8,401871 7,205009
11,2915 8,511543 7,358789
10,98633 8,435249 7,281303
11,59668 8,478165 7,388592
15,25879 8,692741 7,417202
12,81738 8,764267 7,454157
12,20703 8,935928 7,512569
13,73291 9,040833 7,839203
14,95361 9,040833 7,758141
11,90186 8,90255 7,781982
12,51221 9,052753 7,879734
13,12256 9,174347 7,9
14,34326 9,255409 7,933378
13,12256 9,39846 8,046627
13,12256 9,388924 8,158684
12,20703 9,21011 7,975101
13,12256 9,44376 8,220673
12,51221 9,346008 8,170605
12,81738 9,407997 8,137226
14,64844 9,689331 8,136034
13,42773 9,665489 8,391142
13,12256 9,860992 8,506775
14,03809 10,08272 8,707047
14,03809 10,18524 8,692741
14,34326 10,15663 8,744001
13,73291 10,14471 8,676052
13,73291 10,19239 8,859634
15,25879 10,39982 8,881092
14,03809 10,48565 9,095669
15,56396 10,30207 8,80599
14,03809 10,49042 9,102821
13,42773 10,40936 8,956194
13,12256 10,65731 8,941889
13,73291 10,51664 8,88586
13,73291 10,60963 9,196997
14,34326 10,82182 9,214878
14,34326 10,65731 9,118319
13,73291 10,75029 9,036064
15,56396 10,84089 9,284019
14,34326 10,75983 9,47237
15,86914 10,91719 9,506941
14,95361 11,04593 9,524822
14,95361 11,07931 9,452105
16,78467 11,2319 9,580851
15,56396 11,07693 9,403229
14,34326 11,23905 9,484291
14,95361 11,06262 9,467602
13,73291 10,70261 9,135008
15,25879 11,20567 9,59754
15,25879 11,31058 9,541512
15,25879 11,34157 9,909868
15,56396 11,16753 9,725094
14,64844 11,20329 9,710789
15,56396 11,44409 9,765625
15,86914 11,25813 9,57489
15,25879 11,20806 9,580851
14,64844 11,31058 9,778738
14,34326 11,27481 9,75132
15,56396 11,5037 10,1006
15,56396 11,65628 10,03146
13,73291 11,27481 9,713173
16,17432 11,44409 9,912252
14,95361 11,46555 10,01239
14,64844 11,52039 10,14352
14,64844 11,47747 9,727478
15,56396 11,60145 10,24127
14,64844 11,34396 9,595156
15,56396 11,57522 10,09345
15,56396 11,4584 9,959936
15,56396 11,80887 10,2222
14,64844 11,43217 9,938478
14,64844 11,64436 10,15067
15,56396 11,64198 10,18643
15,25879 11,88278 10,44869
15,86914 11,66344 10,16498
15,56396 11,85894 10,42128
15,56396 11,93047 10,58102
15,56396 11,99484 10,39267
17,39502 11,81602 10,1912
16,17432 11,93523 10,50115
15,56396 11,94239 10,30207
16,47949 11,94954 10,19239
15,25879 11,8041 10,1912
16,17432 12,1069 10,54168
16,17432 11,88755 10,46538
16,17432 12,15219 10,43081
14,95361 12,11166 10,24842
15,25879 12,19034 10,68711
17,08984 12,17365 10,44869
15,25879 12,27856 10,61082
15,86914 12,46929 11,01136
17,08984 12,45975 10,81228
16,17432 12,64095 11,0662
17,08984 12,5885 10,92792
16,47949 12,26425 10,52499
15,86914 12,82692 11,30462
16,17432 12,5885 10,94341
16,47949 12,51221 10,92196
16,78467 12,69817 11,03997
16,17432 12,55751 10,92076
15,86914 12,70294 11,31177
17,08984 12,70771 10,9458
16,47949 12,65526 11,22236
15,56396 12,45737 11,02209
15,86914 12,9199 11,15322
16,17432 12,60757 11,05428
16,17432 12,50505 10,99706
16,17432 12,93659 11,2927
18,31055 12,93182 11,23428
17,7002 12,86268 11,1711
17,39502 12,93421 11,45124
16,47949 12,74586 11,04712
16,47949 12,76016 11,17229
17,39502 12,784 11,07454
15,56396 12,47644 10,90288
16,78467 12,48121 11,10554
16,17432 12,73632 10,98156
16,78467 13,17978 11,4429
16,17432 12,95328 11,28793
17,08984 13,03196 11,35826
15,86914 12,94374 11,25932
16,47949 12,63857 10,91123
16,78467 13,09395 11,58118
16,47949 13,11064 11,23548
16,47949 12,94136 11,29985
16,17432 12,88891 11,22475
16,47949 12,84599 11,20567
15,56396 12,92467 11,23667
17,39502 13,01289 11,36184
16,17432 12,92706 11,39522
16,47949 13,08441 11,32846
16,78467 12,80308 11,27958
17,08984 13,26561 11,42621
16,47949 12,98428 11,40594
16,78467 12,77447 11,08885
16,17432 13,02004 11,29746
17,39502 13,19647 11,42025
17,39502 13,05103 11,46913
16,17432 13,09633 11,43694
16,47949 12,84122 11,27958
16,47949 13,33952 11,69682
18,61572 13,13448 11,50131
16,78467 12,91037 11,41787
17,7002 12,90083 11,55972
18,00537 12,99381 11,44528
16,17432 12,88414 11,21759
18,9209 12,81023 11,0364
16,78467 13,01765 11,30104
17,7002 13,18216 11,48582
16,78467 13,06295 11,29389
16,78467 13,00335 11,69086
16,78467 13,1464 11,53231
16,47949 13,21316 11,59191
18,31055 13,07011 11,40475
19,22607 13,09633 11,4429
15,86914 13,14163 11,3976
17,39502 13,39674 11,51323
17,39502 13,17978 11,6396
18,61572 13,45634 11,71947
17,7002 13,47065 11,68966
15,86914 13,19885 11,58118
18,00537 13,24177 11,3976
17,39502 13,27276 11,71827
16,17432 13,00573 11,68847
17,39502 13,15117 11,45005
17,08984 13,44442 11,88159
17,08984 12,96997 11,40237
16,47949 13,03196 11,33204
16,17432 12,89606 11,518
17,7002 13,07011 11,338
16,17432 12,86745 11,25932
19,22607 13,27276 11,6396
17,39502 12,9962 11,21044
16,17432 13,14402 11,549
17,08984 13,01765 11,46674
16,47949 13,15117 11,54423
16,17432 13,14878 11,70039
17,39502 13,42058 11,60502
17,08984 13,15832 11,48939
16,17432 13,02958 11,57403
18,31055 13,36098 11,65509
16,47949 13,09156 11,37137
17,39502 13,38959 11,8196
17,7002 12,97474 11,28674
16,47949 13,58271 11,73854
18,00537 13,22985 11,58953
16,47949 13,42058 11,84464
17,08984 13,24177 11,64198
16,17432 13,23462 11,57045
15,86914 13,29899 11,52754
18,31055 13,43012 11,61814
18,00537 13,08918 11,62171
17,08984 13,59224 11,73258
16,17432 13,33714 11,77549
16,78467 13,22508 11,51323
16,78467 13,14402 11,62052
17,7002 13,36098 11,65152
19,53125 13,39674 11,57403
16,47949 13,3276 11,61933
18,31055 13,67331 11,93762
16,78467 13,33237 11,70635
17,08984 13,24415 11,60622
17,39502 13,64231 11,66105
17,08984 13,2966 11,77907
16,78467 13,19647 11,64317
18,00537 13,48972 11,49654
16,78467 13,02242 11,39283
17,39502 12,95805 11,03282
18,61572 13,51357 11,75523
18,31055 13,32045 11,68489
17,08984 13,75914 12,11762
15,86914 13,40866 11,7898
17,39502 13,49688 11,73377
17,7002 13,53264 11,9853
18,61572 13,48734 11,70993
16,78467 13,54694 11,8196
17,08984 13,49926 11,84225
16,78467 13,68046 12,00199
16,47949 13,28468 11,58118
16,78467 13,4325 11,48224
18,61572 13,62562 12,08305
19,22607 13,53264 11,69682
18,00537 13,39197 11,50727
18,00537 13,60416 11,93762
18,31055 13,45873 11,85298
16,47949 13,49449 11,8041
16,78467 13,49926 11,74092
20,75195 13,96656 12,33578
18,61572 13,66138 11,67536
15,86914 13,31806 11,77073
18,61572 13,66615 12,0461
18,31055 13,5684 11,91735
16,47949 13,59701 11,84464
20,1416 13,85927 11,85656
16,78467 13,62801 11,87682
18,9209 13,94987 11,89709
18,31055 13,42773 11,57761
17,39502 13,69476 12,08305
16,17432 13,48257 11,85775
18,00537 13,71622 12,12955
17,08984 13,54456 11,82079
16,78467 13,34906 11,61098
19,22607 13,46588 11,91258
19,83643 13,72337 11,99484
18,00537 13,85212 12,0914
18,00537 13,78298 12,02822
16,47949 13,48257 11,729
18,9209 13,97133 12,27498
17,39502 13,98325 12,28213
18,9209 13,88788 12,16412
18,61572 13,69953 12,05802
17,08984 13,67807 11,73615
16,47949 13,91888 12,06517
17,39502 13,83066 11,92808
18,9209 13,9451 12,0461
19,83643 13,75675 11,97577
17,08984 13,80205 12,09617
19,22607 13,99755 12,24756
17,39502 13,78536 11,97457
18,61572 13,70907 11,93404
17,39502 13,71861 11,95073
18,61572 13,61132 11,9555
18,31055 14,08339 12,0461
15,56396 13,5994 11,97934
18,31055 13,80444 12,26306
18,31055 13,66854 11,58834
18,31055 13,60416 11,80768
21,3623 14,1263 12,36081
19,83643 13,73529 11,86609
18,31055 13,66854 11,97577
17,7002 13,68046 11,90186
18,31055 13,99279 12,21776
18,00537 14,03332 12,01987
18,61572 13,8402 12,15458
18,31055 13,93318 12,08663
18,31055 13,91888 12,151
17,39502 14,0214 12,23445
18,00537 13,9904 12,04014
20,1416 13,74483 12,22253
17,7002 13,66854 11,78741
18,31055 13,71384 11,68132
19,83643 13,89265 12,1367
16,17432 13,79728 11,98888
18,61572 14,04524 12,26664
18,31055 13,91411 12,27736
18,31055 14,14061 12,3024
18,00537 13,79967 12,0151
17,7002 13,98325 12,27736
20,44678 13,93795 12,00914
18,00537 13,76152 12,0306
18,00537 13,84974 11,80172
18,9209 13,85689 11,91974
16,78467 13,9761 12,27856
20,1416 13,94987 12,15458
20,75195 14,42671 12,65049
17,39502 14,13584 12,36796
17,7002 13,83066 11,88159
19,53125 14,16445 12,0914
18,31055 13,89265 12,08782
18,31055 13,97848 11,99007
18,61572 14,09769 12,32505
18,00537 14,15968 12,30359
19,83643 13,97371 12,11762
17,7002 14,07146 12,34651
18,61572 14,02378 12,05921
16,78467 14,22167 12,4824
18,31055 14,16922 12,33459
17,7002 14,05001 12,29644
18,9209 13,81636 11,9257
18,61572 14,12392 12,1963
18,00537 13,99755 12,12716
17,39502 13,9451 11,97338
18,9209 14,22644 12,32386
17,7002 14,26458 12,38823
18,00537 13,96179 12,09378
18,00537 14,15014 12,26544
18,31055 14,12392 12,12358
19,22607 14,3981 12,41207
18,9209 14,16206 12,25591
18,61572 14,13345 12,41803
16,78467 14,00232 12,16173
18,61572 14,02855 12,41207
19,53125 14,30511 12,29525
17,7002 14,14299 12,44187
18,31055 14,20259 12,45618
18,00537 14,15253 12,38108
20,44678 14,31465 12,53605
19,53125 14,45055 12,73394
18,61572 14,3075 12,37512
17,7002 14,34803 12,40134
18,61572 14,34326 12,34174
18,9209 14,42909 12,63857
18,61572 14,40048 12,58135
19,53125 14,19067 12,27736
18,61572 14,59837 12,50386
18,00537 14,49108 12,68506
19,22607 14,3528 12,31074
19,83643 14,43863 12,57896
18,31055 14,25028 12,42638
19,22607 14,55784 12,95209
18,31055 14,38379 12,32386
17,08984 14,26935 12,6946
19,83643 14,59837 12,83884
18,61572 14,48631 12,66956
18,00537 14,52923 12,62069
20,75195 14,61506 12,94374
19,22607 14,84632 12,97951
17,7002 14,37426 12,32028
18,61572 14,43624 12,72678
19,53125 14,58883 12,87818
20,1416 14,69135 12,82811
19,53125 14,57453 12,54559
20,44678 14,27412 12,40253
18,9209 14,31227 12,78758
20,1416 14,64844 12,93302
18,31055 13,73529 11,85298
19,83643 14,33372 12,61115
18,00537 13,95226 12,14862
18,9209 14,50539 12,45022
17,7002 14,32419 12,69817
17,7002 14,44578 12,5587
18,00537 14,45293 12,76493
18,31055 14,40525 12,7244
18,00537 14,35995 12,67195
18,9209 14,51254 12,5885
18,61572 14,40048 12,23683
18,9209 14,42909 12,4073
18,61572 14,29558 12,64215
18,31055 14,68897 12,85076
20,75195 14,31704 12,45141
17,39502 13,94033 12,24518
18,61572 14,50539 12,53843
18,9209 14,55545 12,89368
18,31055 14,68658 12,81738
18,61572 14,74857 12,78281
19,83643 14,51731 12,73513
19,53125 14,55069 12,56585
18,00537 14,43148 12,64453
19,83643 14,49347 12,52413
18,9209 14,46009 12,6195
18,9209 14,69851 12,8448
18,61572 14,57453 12,76493
19,83643 14,79864 12,9652
17,7002 14,49585 12,66479
18,61572 14,67466 12,84957
18,9209 14,37187 12,38585
18,61572 14,87732 12,96043
17,7002 14,77718 13,21793
18,00537 14,503 12,47525
18,61572 14,9107 13,02242
18,31055 14,90593 13,0415
18,9209 14,82964 12,92586
18,61572 14,88686 12,97951
18,9209 14,70327 12,56704
21,05713 14,75573 12,76135
19,22607 14,87017 13,16786
18,61572 14,76288 12,82573
18,00537 14,60552 12,62426
19,22607 14,87255 13,18455
19,22607 14,87494 13,04269
18,31055 14,56499 12,65645
19,22607 14,79864 13,12137
18,31055 14,56738 12,77447
18,9209 14,68897 12,77328
19,83643 14,64128 13,02004
18,31055 14,67228 12,97593
18,9209 15,0466 13,05461
20,75195 14,7295 12,6946
18,61572 14,68182 12,60996
18,61572 15,02752 12,95924
18,61572 14,81295 13,0868
18,00537 14,90831 13,10349
20,44678 14,98222 13,00216
20,1416 14,95838 13,1166
17,7002 14,58645 12,59208
18,61572 15,03229 12,9056
18,9209 14,73188 12,85672
19,22607 14,88209 12,71248
18,31055 14,85586 12,91037
18,61572 14,80103 12,93063
19,53125 14,75096 12,94255
19,22607 14,82725 13,09037
20,44678 14,59599 12,93182
19,83643 14,60314 12,86387
19,83643 14,99176 13,10468
18,31055 14,80341 12,82811
19,83643 14,87255 12,87818
18,61572 14,65797 12,84838
21,05713 14,59599 12,74824
21,66748 14,89162 13,00454
18,00537 14,84156 13,00216
19,53125 14,6389 12,83646
19,53125 14,81056 12,94971
18,31055 14,84871 12,96401
18,61572 14,85586 12,93659
18,31055 14,76765 12,68983
19,22607 14,73904 12,94732
18,61572 14,70566 12,98785
19,22607 14,8344 12,93898
20,1416 14,88686 12,81261
17,7002 14,64844 12,84361
19,83643 14,81056 13,0415
19,22607 14,74857 13,03673
18,9209 14,9703 13,0713
18,31055 14,82248 13,17739
18,31055 14,63175 12,68625
19,53125 14,68658 12,76731
18,61572 14,61506 12,91275
18,9209 14,75334 12,91752
18,9209 14,87494 13,12733
20,44678 14,80579 12,85195
19,22607 15,19442 13,13329
18,9209 14,63652 12,65407
18,00537 14,83202 12,71367
18,31055 14,925 12,90321
19,53125 14,95838 13,11183
18,61572 14,72712 12,8305
18,9209 14,42671 12,51101
18,31055 15,0919 13,48019
19,22607 14,86301 13,01408
19,53125 14,79864 12,75063
18,00537 14,74619 12,82096
19,53125 14,62221 12,89725
18,9209 15,17296 12,9807
18,00537 14,44578 12,784
19,53125 14,62698 12,52055
20,1416 14,82725 12,82334
19,83643 14,74619 12,91752
18,00537 14,89401 13,02123
20,44678 14,87017 12,71129
18,31055 14,91308 13,08084
19,22607 14,87494 13,01169
18,00537 14,59837 12,63142
20,1416 14,69374 12,84838
18,9209 14,60552 12,87937
20,75195 15,09428 13,37767
20,44678 15,06329 13,37767
18,61572 14,99653 13,00097
18,9209 15,07521 13,23581
18,31055 14,95123 13,06891
19,53125 15,0919 13,29064
19,22607 14,80103 12,67076
19,83643 14,88209 13,00454
18,31055 15,03468 13,39912
19,83643 15,04898 13,18455
21,3623 15,15627 13,04269
18,9209 14,88686 12,85553
19,22607 14,9107 12,87222
18,61572 14,64844 12,85672
18,9209 15,1825 13,02481
20,75195 15,31124 13,19051
18,9209 15,03706 13,05938
18,9209 14,90593 12,83526
21,05713 15,04183 13,11183
17,7002 15,03229 12,995
20,1416 15,1968 13,16428
19,22607 15,06329 13,04746
18,9209 14,84871 12,9354
19,83643 14,94884 12,85911
18,61572 14,84394 12,85553
19,22607 15,36369 13,47899
21,05713 15,05613 13,21316
18,31055 15,0013 12,88652
18,31055 14,925 12,89129
19,53125 15,34224 13,44681
19,22607 15,28502 13,31091
19,53125 15,20157 13,17024
20,75195 15,29217 13,17382
18,00537 15,07759 13,3419
22,27783 14,94646 12,95805
18,31055 15,01083 13,10587
20,1416 15,23018 13,22269
20,44678 14,91308 13,01646
21,3623 15,2874 13,30972
19,22607 14,97507 13,23938
18,61572 14,74619 12,97116
19,83643 15,10143 13,22269
20,44678 15,15388 13,28349
19,22607 15,26594 13,30614
21,3623 15,28978 13,24415
19,22607 15,17296 13,15236
18,61572 15,21826 13,31568
19,53125 14,96315 13,10468
18,9209 14,94646 12,90917
19,22607 15,36369 13,45754
18,61572 15,02275 13,11064
18,9209 15,23972 13,20124
19,53125 14,89878 12,89725
18,61572 15,07044 13,19647
18,61572 15,01083 13,18574
18,61572 15,01083 13,1619
19,53125 15,15388 13,13686
19,83643 14,80341 13,1011
18,9209 14,94646 12,9509
19,22607 15,26117 13,23462
18,61572 15,02275 13,26799
19,22607 15,02991 13,44323
18,00537 15,1825 13,37528
18,9209 15,18011 13,08203
17,7002 14,66274 12,68864
18,61572 15,07521 13,04746
21,3623 15,38277 13,45396
19,83643 15,29932 13,43131
21,05713 15,32793 13,28588
18,9209 15,06329 12,92348
18,61572 15,05613 13,21554
19,83643 15,23256 13,35263
20,44678 15,18488 13,48019
19,83643 15,43522 13,448
18,31055 15,13958 13,46707
19,22607 15,15388 13,27157
20,1416 15,29217 13,54694
20,75195 15,02275 13,18336
19,53125 15,26594 13,56006
19,53125 15,21826 13,38363
19,22607 15,5282 13,51953
20,44678 15,18011 13,31806
19,53125 15,378 13,34429
19,22607 15,09428 13,20958
18,31055 15,03229 13,10349
18,9209 15,4233 13,53145
18,9209 15,05613 13,25011
18,61572 15,02752 12,99858
20,44678 15,21826 13,23819
18,61572 15,33747 13,55886
18,9209 15,43522 13,33952
19,83643 15,35654 13,36694
19,53125 15,40661 13,59701
19,22607 15,15388 13,31091
19,53125 15,13481 13,36575
19,22607 15,41853 13,51237
19,53125 15,40899 13,30376
18,61572 15,1372 13,18812
17,7002 15,27071 13,25488
19,83643 15,23733 13,58986
19,53125 15,347 13,26084
20,75195 15,38038 13,57555
19,83643 15,23733 13,27753
23,80371 15,43999 13,36336
21,97266 15,66887 13,55171
18,9209 15,59258 13,87358
19,83643 15,29932 13,45158
19,53125 15,31363 13,14521
20,1416 15,19203 13,36813
