0,8138021 0,4275642 0,3147132
1,017253 0,4227957 0,3123289
0,8138021 0,437101 0,318687
0,8138021 0,443459 0,3361715
1,017253 0,4514063 0,3353768
0,8138021 0,4514063 0,331403
0,8138021 0,4609431 0,3425294
1,017253 0,4561747 0,346503
0,8138021 0,4816062 0,3727286
0,8138021 0,4768378 0,3655762
1,017253 0,491143 0,3822652
1,017253 0,4990903 0,3902124
1,220703 0,4879641 0,3846493
1,017253 0,5038586 0,3910072
1,017253 0,4847851 0,3838546
1,017253 0,5181636 0,4061067
1,220703 0,5324684 0,416438
1,220703 0,519753 0,4204114
1,017253 0,5165741 0,4180273
1,220703 0,519753 0,4156432
1,017253 0,5324685 0,4275639
1,017253 0,5467734 0,4426635
1,220703 0,545184 0,4363058
1,017253 0,5388262 0,4299481
1,424154 0,545184 0,4339217
1,220703 0,5992249 0,4720681
1,424154 0,5626678 0,4529948
1,220703 0,5722044 0,4593525
1,424154 0,6008142 0,4744521
1,220703 0,5944565 0,4736574
1,220703 0,6580351 0,5086252
1,220703 0,6373721 0,5030622
1,220703 0,7120768 0,5634623
1,424154 0,7088979 0,5571045
1,220703 0,7518131 0,5992259
1,424154 0,8249283 0,6500893
2,644857 0,9457284 0,7216153
2,848307 1,050631 0,8058552
6,510417 1,246134 0,9512891
8,138021 1,517933 1,132488
14,44499 2,25544 1,575151
12,20703 3,188449 2,140999
33,1624 4,838308 3,19004
36,62105 7,073084 4,659494
97,4527 11,08805 7,462502
95,62173 15,63549 10,63188
105,1839 19,29443 13,21634
109,0492 27,5151 18,39876
115,5596 31,7812 21,24389
136,5152 44,39991 28,53872
127,7665 59,05153 39,08
159,0974 71,42227 48,77646
137,1256 77,13161 54,23232
137,5325 89,47691 63,36054
182,2915 95,06067 70,13878
175,3743 101,7124 77,04733
166,0155 103,6134 81,6321
138,1429 105,6892 82,01913
172,1191 113,9447 92,26154
155,4352 114,6568 91,91661
166,2184 116,2208 96,37188
156,0456 116,3289 95,09473
175,9844 121,9682 104,0282
182,088 121,7282 102,5158
189,8194 127,517 111,2379
178,6293 128,9379 110,3033
178,4258 130,7069 114,8682
188,1918 133,1261 116,7533
191,6505 134,9174 118,3944
192,0574 140,757 124,0488
192,4643 140,1101 124,6274
192,0574 146,4694 129,6587
190,4298 148,9522 133,0673
192,0574 152,0167 134,0448
191,4471 153,2231 137,0568
192,4643 154,749 138,2863
192,4643 159,0182 141,4771
192,4643 161,2117 143,3844
192,4643 165,7751 147,0807
192,4643 165,1107 148,0447
192,4643 168,5011 150,3121
192,2609 170,2638 152,6422
192,4643 167,6635 151,1251
192,4643 168,7157 152,1971
192,4643 173,6972 155,4406
192,4643 175,9367 156,8162
192,2609 177,736 158,625
192,4643 175,0943 156,4633
192,4643 177,7488 157,5959
192,2609 174,2852 155,9476
192,4642 176,9508 158,3229
192,4643 179,2874 159,8847
192,4643 176,5614 158,1848
192,4643 180,3078 159,7997
192,4643 182,9957 163,2456
192,4643 181,9387 161,9304
192,4643 180,6511 160,9599
192,4643 182,8304 161,5179
192,4643 179,4161 160,6817
193,6851 183,0942 161,7659
192,4643 182,8796 161,8159
192,4643 182,9798 163,4134
192,4643 184,5597 163,6494
192,4643 183,1499 162,7999
192,4643 184,8825 164,6523
192,4643 182,9973 162,0187
192,4643 186,011 165,9979
192,4643 184,2609 165,2206
192,4644 183,4233 163,0915
195,3127 184,1719 163,6335
192,4643 185,1781 166,1194
192,2609 181,8624 162,3126
192,4643 184,1194 164,6038
192,4643 182,3599 162,4223
192,4644 184,9619 163,8004
193,4816 183,3835 163,8599
193,8886 184,9699 164,5602
192,4643 182,94 162,8379
192,8712 186,6388 166,1934
192,4643 186,2319 164,7478
192,4643 186,6086 166,5351
192,4643 185,8997 166,0535
192,4643 186,3113 165,4503
192,4644 186,766 166,7131
192,4643 185,6231 164,6937
192,4643 185,8886 165,049
192,6678 186,89 166,6932
192,4643 187,6799 169,3445
192,4643 187,9025 169,4265
192,4643 188,0376 166,3205
192,4643 188,2632 169,6449
192,6678 187,6036 168,7898
192,4644 187,7594 168,4131
192,4644 188,3761 169,1403
192,4643 187,1633 168,0912
192,4643 189,5174 171,7431
192,4643 187,0314 166,0598
192,6678 188,8021 169,7967
194,7023 186,9392 166,2546
192,4643 188,1011 167,7534
192,6678 189,1613 169,9986
195,3127 188,6225 168,5871
192,4644 188,4381 167,7074
192,4643 189,0247 169,675
192,4643 189,0659 170,3879
192,4644 188,9054 167,2258
192,4643 188,4015 167,554
192,4643 188,2346 167,6239
