0,6103516 0,2670287 0,2145769
0,8138021 0,3051759 0,2431873
0,8138021 0,298818 0,2225243
0,6103516 0,2765655 0,2082191
0,8138021 0,3083548 0,2320611
0,6103516 0,2892812 0,2193453
0,4069011 0,2956391 0,2241137
0,8138021 0,2861023 0,2098085
0,6103516 0,2892812 0,211398
0,6103516 0,298818 0,2225243
0,6103516 0,2670287 0,2082191
0,6103516 0,2797444 0,2161664
0,6103516 0,2861023 0,2177559
0,6103516 0,2797444 0,2161664
0,6103516 0,2797444 0,211398
0,6103516 0,2861023 0,2225242
0,6103516 0,2733865 0,2257032
0,8138021 0,2765655 0,2066296
0,6103516 0,3019969 0,232061
0,6103516 0,3051759 0,2288821
0,8138021 0,3178917 0,2288822
0,8138021 0,2829233 0,2145769
0,6103516 0,2956391 0,232061
0,6103516 0,3115338 0,2304716
0,6103516 0,2956391 0,2257032
0,8138021 0,3496809 0,2574924
0,6103516 0,2670287 0,2129874
0,6103516 0,2924602 0,2098086
0,6103516 0,298818 0,2225243
0,8138021 0,3051759 0,2225243
0,6103516 0,2861023 0,2209348
0,8138021 0,2956391 0,2272926
0,8138021 0,3083548 0,2336505
0,8138021 0,3051759 0,2336505
0,6103516 0,2892812 0,2193453
0,6103516 0,301997 0,2304716
0,6103516 0,3083548 0,23524
0,6103516 0,3242495 0,2447768
0,8138021 0,2956391 0,211398
0,6103516 0,2892812 0,2241137
0,8138021 0,298818 0,211398
0,6103516 0,2797444 0,2241137
0,6103516 0,3115338 0,23524
0,6103516 0,2765655 0,2241137
0,8138021 0,298818 0,2193453
0,6103516 0,3051759 0,2368294
0,6103516 0,3083549 0,2288821
0,8138021 0,3051759 0,2304716
0,8138021 0,298818 0,232061
0,6103516 0,3083548 0,2415978
1,017253 0,2861022 0,2257032
0,6103516 0,3083548 0,2272927
0,6103516 0,2861023 0,232061
0,6103516 0,3210706 0,2415979
0,8138021 0,3242495 0,2447768
0,6103516 0,2956391 0,2272926
0,6103516 0,2892812 0,2193453
0,6103516 0,3178917 0,2336506
0,8138021 0,2924601 0,2193453
0,6103516 0,2956391 0,2129875
0,6103516 0,3274285 0,2447768
0,6103516 0,2956391 0,23524
0,6103516 0,3242495 0,2463662
0,6103516 0,3115338 0,2400084
0,6103516 0,2892812 0,2177559
0,6103516 0,3115337 0,2257032
1,017253 0,3210706 0,23524
0,6103516 0,2606708 0,2066296
0,6103516 0,2861023 0,2225242
0,6103516 0,3242495 0,2447768
0,6103516 0,3401442 0,2447768
0,6103516 0,2956391 0,2304716
0,6103516 0,3115338 0,2368295
0,6103516 0,346502 0,2463662
0,6103516 0,2924601 0,23524
0,6103516 0,3083549 0,2304716
0,6103516 0,3496808 0,2638502
0,6103516 0,2924601 0,2257032
0,6103516 0,3051759 0,2415978
0,8138021 0,3115338 0,2288821
0,6103516 0,3083549 0,2400084
0,6103516 0,3147127 0,2431873
0,6103516 0,3210706 0,23524
0,6103516 0,3210706 0,2320611
0,8138021 0,3337863 0,2495452
0,6103516 0,3369653 0,2527241
0,6103516 0,3337863 0,2400084
0,6103516 0,3147127 0,2320611
0,6103516 0,3083549 0,2400084
0,6103516 0,3178916 0,2495452
0,8138021 0,3210706 0,2447768
0,8138021 0,3210706 0,238419
0,4069011 0,3115338 0,2320611
0,4069011 0,2988181 0,2320611
0,6103516 0,3115338 0,2384189
0,6103516 0,2861023 0,2272926
0,6103516 0,3433231 0,2511346
0,6103516 0,3274285 0,2479557
0,6103516 0,3083549 0,2415978
0,6103516 0,3115338 0,2241138
0,6103516 0,3147127 0,2431873
0,6103516 0,3465019 0,2574924
0,6103516 0,3337863 0,2479557
0,6103516 0,3210706 0,2400084
0,6103516 0,2924602 0,2304716
0,6103516 0,3178916 0,23524
0,8138021 0,3401442 0,2431874
0,8138021 0,3083548 0,2384189
0,6103516 0,3242495 0,255903
0,6103516 0,2956391 0,2368294
0,6103516 0,2924601 0,2384189
0,8138021 0,3147127 0,23524
0,8138021 0,3306074 0,2495452
0,6103516 0,3210706 0,2495452
0,6103516 0,3306074 0,2447768
0,6103516 0,3560387 0,2654396
0,6103516 0,3147127 0,2336506
0,8138021 0,3210706 0,2447768
0,8138021 0,3369653 0,2527241
0,6103516 0,3083548 0,2368294
0,6103516 0,3369652 0,2638502
0,8138021 0,3210706 0,2447768
0,6103516 0,2924601 0,232061
0,6103516 0,3337863 0,2606713
0,6103516 0,3115338 0,2463662
0,6103516 0,3019969 0,2241137
0,6103516 0,301997 0,2257032
0,8138021 0,3401442 0,2574925
0,8138021 0,3401442 0,255903
0,6103516 0,3306074 0,2527241
0,6103516 0,3083549 0,2415978
0,6103516 0,3083549 0,2288821
0,6103516 0,3496808 0,2654396
0,6103516 0,3178917 0,2495452
0,8138021 0,3433231 0,2574924
0,6103516 0,2924601 0,2288821
0,6103516 0,3051759 0,2415978
0,8138021 0,3019969 0,2288821
0,8138021 0,3147127 0,2463662
0,6103516 0,3401442 0,2527241
0,8138021 0,3019969 0,2415978
0,6103516 0,3051759 0,2368294
1,017253 0,3560387 0,255903
0,6103516 0,301997 0,2336505
0,6103516 0,3242495 0,2447768
1,017253 0,3433231 0,2622608
0,8138021 0,3496809 0,2590818
0,6103516 0,3019969 0,2384189
0,8138021 0,3623964 0,267029
0,6103516 0,3051759 0,2368294
0,6103516 0,3465019 0,2686185
0,6103516 0,3560387 0,270208
0,8138021 0,3337863 0,2415979
0,6103516 0,3274285 0,2479557
0,6103516 0,3274285 0,2495452
0,8138021 0,3242495 0,2511346
0,8138021 0,3274285 0,2463663
0,6103516 0,3242495 0,2495452
0,6103516 0,3337863 0,2511347
0,6103516 0,3178917 0,2400084
0,6103516 0,3433231 0,2590819
0,6103516 0,3210706 0,2463662
0,6103516 0,3465019 0,2511346
0,8138021 0,3592176 0,267029
0,6103516 0,3210706 0,2415979
0,6103516 0,3306074 0,2495452
0,6103516 0,3274285 0,2463663
1,017253 0,3147127 0,2463662
0,6103516 0,3337863 0,2574925
0,6103516 0,3210706 0,2431873
0,8138021 0,298818 0,2288821
0,6103516 0,3274285 0,2527241
0,6103516 0,2956391 0,232061
0,6103516 0,3274285 0,2479557
0,6103516 0,3115338 0,2447768
0,6103516 0,3401441 0,2574924
0,6103516 0,3242495 0,2479557
0,6103516 0,3337863 0,2463663
1,017253 0,3210706 0,2511346
0,6103516 0,3083549 0,2415978
0,6103516 0,3051759 0,2368294
0,6103516 0,343323 0,2654396
0,6103516 0,3115338 0,23524
0,6103516 0,3242495 0,2463662
0,8138021 0,3401442 0,2495452
0,6103516 0,3178917 0,2431873
0,6103516 0,3401441 0,255903
0,8138021 0,3178916 0,2479557
0,8138021 0,3592176 0,2622607
0,8138021 0,3274285 0,255903
0,6103516 0,2861023 0,2177559
0,6103516 0,3274284 0,255903
0,8138021 0,298818 0,2288821
0,8138021 0,3147127 0,2431873
0,6103516 0,3306074 0,2511347
0,6103516 0,3083549 0,2384189
0,6103516 0,3051759 0,2257032
0,8138021 0,3433231 0,2543136
0,6103516 0,2829233 0,2241137
0,6103516 0,3178917 0,2384189
0,6103516 0,3401442 0,2495452
0,6103516 0,3147127 0,2384189
0,6103516 0,298818 0,2288821
0,6103516 0,3369653 0,2479557
0,6103516 0,3178917 0,2368295
0,6103516 0,3242495 0,2511346
0,6103516 0,3019969 0,23524
0,8138021 0,3274285 0,2527241
0,6103516 0,301997 0,2320611
0,8138021 0,3242495 0,2495452
0,6103516 0,3242495 0,2463663
0,6103516 0,3178917 0,2415979
0,6103516 0,3337863 0,2543136
0,8138021 0,3465019 0,2559029
0,6103516 0,3401442 0,2574924
0,4069011 0,3115338 0,2431873
0,8138021 0,3274285 0,2527241
0,6103516 0,3242495 0,23524
0,8138021 0,3528598 0,2654396
0,6103516 0,3178917 0,2415979
0,6103516 0,3242495 0,2511346
0,8138021 0,3465019 0,2622607
0,6103516 0,3051759 0,2400084
0,6103516 0,3528598 0,2638502
0,6103516 0,3592176 0,2606713
0,6103516 0,3115338 0,2431873
0,8138021 0,3719332 0,2765657
0,6103516 0,3274285 0,2495452
0,6103516 0,3528597 0,2686185
0,8138021 0,3306074 0,2543136
0,6103516 0,3178917 0,2463662
0,6103516 0,298818 0,23524
0,6103516 0,3210706 0,2495452
0,8138021 0,3401442 0,2543135
0,6103516 0,3115338 0,2336505
0,6103516 0,3369652 0,2590819
1,220703 0,3147127 0,2495451
0,8138021 0,3401442 0,2511346
0,8138021 0,3496809 0,2638502
0,6103516 0,3147127 0,2431873
0,6103516 0,3306074 0,2590819
0,8138021 0,3210706 0,2447768
0,6103516 0,298818 0,2272927
0,6103516 0,3083549 0,2400084
0,6103516 0,3528598 0,2606713
0,6103516 0,3242495 0,255903
0,6103516 0,3019969 0,2400084
0,6103516 0,3592176 0,2622607
0,6103516 0,3210706 0,2495452
0,6103516 0,3242495 0,2447768
0,8138021 0,3242495 0,2479557
0,8138021 0,346502 0,2495452
0,6103516 0,3433231 0,2606713
0,8138021 0,3528597 0,2638502
0,8138021 0,3623965 0,267029
0,8138021 0,3369653 0,2543136
0,8138021 0,3687543 0,2702079
0,6103516 0,3496808 0,2622607
0,6103516 0,3846487 0,2813339
1,017253 0,3719332 0,2765657
0,6103516 0,3337863 0,255903
0,8138021 0,3401442 0,2606713
0,6103516 0,3178917 0,2479557
0,8138021 0,3337863 0,2479557
0,6103516 0,3941854 0,2876917
0,8138021 0,3910065 0,2861023
0,6103516 0,3274285 0,2543135
0,6103516 0,3465019 0,2654396
0,6103516 0,3210706 0,2479557
0,6103516 0,3528597 0,2702079
0,8138021 0,3592176 0,2717974
0,6103516 0,3337863 0,2543135
0,4069011 0,3178917 0,2495452
0,6103516 0,3242495 0,2511346
0,6103516 0,3147127 0,2463662
0,8138021 0,3401442 0,2527241
0,6103516 0,3242495 0,255903
0,6103516 0,3369652 0,2574924
0,6103516 0,3274285 0,2447768
0,8138021 0,3592176 0,2654396
0,6103516 0,3910065 0,2845128
0,6103516 0,3560387 0,2654396
1,017253 0,3655753 0,267029
0,6103516 0,3719331 0,2797445
1,017253 0,3687543 0,2781552
0,6103516 0,375112 0,2765656
0,6103516 0,3496808 0,2670291
0,8138021 0,3369653 0,2574925
0,6103516 0,3465019 0,2670291
0,6103516 0,3433231 0,2606713
0,6103516 0,3147127 0,2447768
0,6103516 0,3433231 0,2574924
0,8138021 0,3910065 0,2829234
0,6103516 0,3496808 0,2543135
0,6103516 0,3528598 0,270208
0,8138021 0,3655754 0,2765657
0,6103516 0,3306074 0,2622608
0,6103516 0,3210706 0,2543135
0,6103516 0,3274285 0,2511346
0,6103516 0,3592176 0,267029
0,6103516 0,3719331 0,2749762
0,6103516 0,3083548 0,2431873
0,6103516 0,3592176 0,2686185
0,8138021 0,3433231 0,255903
0,6103516 0,3496808 0,2638502
0,8138021 0,3878276 0,2845128
0,6103516 0,3814698 0,2829234
0,6103516 0,3433231 0,2638502
0,6103516 0,3306074 0,2574925
0,6103516 0,3242495 0,2574924
0,6103516 0,3623964 0,2717974
0,8138021 0,3846487 0,2829234
0,6103516 0,375112 0,2797445
0,6103516 0,4005432 0,2908705
0,8138021 0,4005432 0,29246
0,8138021 0,3433231 0,2654397
0,6103516 0,3337863 0,2654397
0,8138021 0,3592175 0,2654396
0,6103516 0,3560386 0,2686185
0,8138021 0,3369653 0,2622608
0,6103516 0,343323 0,2638502
0,6103516 0,3210706 0,2495452
0,8138021 0,3528598 0,270208
0,6103516 0,3687542 0,2717973
0,6103516 0,346502 0,2606713
0,6103516 0,3560387 0,267029
0,6103516 0,3401441 0,2638502
0,6103516 0,3560386 0,2749763
0,8138021 0,3306074 0,2463663
0,8138021 0,378291 0,2765656
0,6103516 0,3401442 0,2590819
0,8138021 0,3687542 0,2781551
0,8138021 0,3274285 0,2527241
0,6103516 0,3878276 0,2908706
0,8138021 0,3274284 0,2511346
0,6103516 0,3910065 0,2876917
0,8138021 0,3719331 0,2733868
0,8138021 0,3592175 0,2749763
0,8138021 0,3687543 0,2686185
0,6103516 0,3623964 0,2765657
0,6103516 0,3433231 0,2654397
0,6103516 0,3814698 0,2797445
1,017253 0,41008 0,2988178
0,6103516 0,3687542 0,2749762
0,6103516 0,3528597 0,2702079
0,6103516 0,3560386 0,2654396
0,6103516 0,3401441 0,2622608
0,6103516 0,3242496 0,255903
0,6103516 0,3719331 0,2781551
0,8138021 0,3623964 0,2749763
0,8138021 0,3878276 0,2861023
0,6103516 0,3814698 0,2845128
0,8138021 0,3655753 0,2765657
0,8138021 0,3846488 0,2892812
0,8138021 0,3878277 0,2845128
0,8138021 0,3687543 0,2765657
0,6103516 0,3687542 0,2845129
0,6103516 0,3846487 0,2892812
1,017253 0,378291 0,2829235
0,8138021 0,4259745 0,306765
1,017253 0,41008 0,3035862
0,8138021 0,3973643 0,29246
0,8138021 0,4037221 0,2988178
0,8138021 0,378291 0,2829234
0,6103516 0,3751121 0,2845129
0,8138021 0,4037221 0,2956389
0,6103516 0,4005432 0,2940494
0,8138021 0,4164377 0,3035861
0,8138021 0,4291533 0,3147122
0,8138021 0,4227955 0,3115333
1,017253 0,4673001 0,3353748
0,6103516 0,4482267 0,3210699
0,6103516 0,4005432 0,3004072
0,8138021 0,4482267 0,3274277
0,6103516 0,3973643 0,2908706
0,8138021 0,4164378 0,3035861
0,6103516 0,4196166 0,3083544
0,8138021 0,406901 0,3035861
0,6103516 0,4037221 0,2972283
0,8138021 0,4196167 0,3083545
1,017253 0,4482267 0,3226593
1,017253 0,4514056 0,3306065
0,8138021 0,441869 0,3226594
0,8138021 0,4132589 0,3019967
0,8138021 0,4196166 0,3083544
0,8138021 0,4386901 0,3194805
0,8138021 0,4323322 0,3163016
0,8138021 0,4259744 0,3147122
0,6103516 0,4291533 0,3115332
0,6103516 0,4450478 0,3194804
0,8138021 0,4514056 0,3385537
0,8138021 0,4577634 0,3385537
0,8138021 0,4450478 0,3194804
0,6103516 0,4069009 0,3019966
0,6103516 0,4100799 0,3051755
0,8138021 0,470479 0,3321959
1,017253 0,4673001 0,3321959
0,8138021 0,4545845 0,3353748
0,8138021 0,4545845 0,3385537
0,8138021 0,4323322 0,3242487
1,017253 0,4545845 0,3592168
0,8138021 0,4641213 0,3321959
1,017253 0,4545845 0,3353748
0,8138021 0,4514056 0,3258382
1,017253 0,4768369 0,3592168
0,8138021 0,4514056 0,3385537
1,017253 0,43869 0,3353748
0,8138021 0,4736579 0,3592168
0,8138021 0,4831946 0,3687536
0,8138021 0,4482267 0,34968
1,017253 0,470479 0,3544483
0,8138021 0,4577634 0,3560379
0,8138021 0,470479 0,3417326
0,8138021 0,4990892 0,3894167
1,017253 0,470479 0,3655747
1,017253 0,4768369 0,3671641
0,8138021 0,4673001 0,3719326
0,8138021 0,4990892 0,3846482
1,220703 0,5118049 0,4005429
0,8138021 0,5022681 0,400543
0,8138021 0,470479 0,3671642
1,017253 0,5022681 0,3910062
0,8138021 0,508626 0,4100799
0,8138021 0,4863735 0,3862378
1,220703 0,5149839 0,400543
1,017253 0,5245207 0,4196167
0,8138021 0,5118049 0,4005429
1,017253 0,5276996 0,4069008
0,8138021 0,5276996 0,4227956
0,8138021 0,4831947 0,3910063
1,017253 0,55631 0,4498166
1,017253 0,5276996 0,4259746
0,8138021 0,5372365 0,4259745
1,220703 0,5722047 0,457764
0,8138021 0,5435943 0,4498167
1,017253 0,5626679 0,4561745
1,017253 0,5276996 0,4355114
1,424154 0,5690258 0,4450482
1,220703 0,607173 0,4831955
1,017253 0,6103519 0,478427
1,424154 0,6230674 0,4847848
1,220703 0,6516777 0,4927321
1,424154 0,6230675 0,4911427
1,220703 0,6326041 0,4943216
1,220703 0,747045 0,5880991
1,424154 0,6866455 0,5324687
1,017253 0,7025401 0,5547208
1,220703 0,7597607 0,6008145
1,220703 0,785192 0,6294245
1,220703 0,8742011 0,6786975
1,424154 0,8614855 0,6977711
1,424154 0,9123478 0,7406865
1,424154 0,9568526 0,7549915
1,627604 0,9632105 0,7740651
1,627604 0,9473156 0,7661177
1,627604 1,017252 0,8408231
1,627604 1,007716 0,8312863
1,424154 0,9791052 0,82016
2,237956 1,058579 0,8821495
1,424154 1,125336 0,9202965
1,831055 1,106263 0,9218862
2,237956 1,115799 0,9250651
1,831055 1,185735 0,9791061
1,627604 1,188914 0,9775166
1,831055 1,188914 0,9934111
1,627604 1,214345 1,010895
1,831055 1,201629 1,015663
2,034505 1,319249 1,091956
2,441406 1,430511 1,171428
3,255208 1,465479 1,19527
2,237956 1,490911 1,252492
2,644857 1,5831 1,295408
2,644857 1,719793 1,37965
2,848307 1,837412 1,498858
2,848307 1,920063 1,571973
3,255209 1,945495 1,616477
3,051758 2,104442 1,748403
2,848307 2,098084 1,749993
3,051758 2,1712 1,851719
3,66211 2,384184 2,010663
3,458659 2,381005 1,948674
4,06901 2,517699 2,090136
3,458659 2,435047 2,082188
3,662109 2,552669 2,125104
3,662109 2,574921 2,150536
4,272461 2,590816 2,182325
3,662109 2,686184 2,244314
4,272461 2,781551 2,347628
3,86556 2,870559 2,384185
4,06901 2,708436 2,249083
3,66211 2,848307 2,388954
4,272461 2,848307 2,40485
3,86556 2,845127 2,46207
4,475912 2,940495 2,470018
5,289713 2,950031 2,465248
4,475911 3,099442 2,608299
4,069011 2,978641 2,549488
4,679362 2,946851 2,549489
5,086263 3,159842 2,622605
4,882813 3,28064 2,729097
4,475912 3,229778 2,727508
