0,8138021 0,406901 0,299613
0,8138021 0,4291538 0,3131238
1,017253 0,4482274 0,3306083
0,8138021 0,4688904 0,3425295
0,8138021 0,4641221 0,352066
0,8138021 0,4768378 0,3711392
0,8138021 0,4641221 0,3687549
1,017253 0,4768378 0,3727286
1,017253 0,4990903 0,3902124
0,8138021 0,4959114 0,3846494
1,017253 0,519753 0,4132591
1,220703 0,55631 0,4458424
1,017253 0,5404156 0,4315375
1,017253 0,5404156 0,4323322
1,220703 0,5499523 0,4426635
1,220703 0,5880988 0,4641209
1,220703 0,6167089 0,4816048
1,220703 0,631014 0,4943203
1,017253 0,6310142 0,5022674
1,220703 0,6993612 0,5404145
1,627604 0,7454553 0,5714096
1,424154 0,7613497 0,6039944
1,831055 0,8185704 0,6516784
1,424154 0,8598968 0,6771099
1,627604 0,8980443 0,7033363
1,424154 0,9536757 0,7438672
1,627604 0,9679808 0,7311514
2,237956 0,9902331 0,7597614
2,034505 1,045863 0,7939335
4,475912 1,079241 0,8432059
5,289714 1,174607 0,8718158
4,475912 1,142818 0,8567158
6,306965 1,206397 0,9083734
5,289714 1,250903 0,9290367
4,679363 1,279514 0,9417533
3,458659 1,266798 0,9449317
3,66211 1,395545 1,049837
4,679363 1,476607 1,091164
3,66211 1,471838 1,078447
3,255208 1,559257 1,103084
4,475912 1,69436 1,219114
4,882813 1,832645 1,35978
4,679363 1,934369 1,381238
4,475912 2,075831 1,555285
4,069011 2,225239 1,63873
4,475912 2,319018 1,738071
5,493164 2,559028 1,909733
5,900065 2,619426 1,970926
5,696614 2,744992 2,088547
5,900066 2,886452 2,209345
6,713867 3,021558 2,338888
5,289713 3,196398 2,480347
6,917317 3,45389 2,64883
6,306966 3,517468 2,719563
6,510416 3,703434 2,841155
6,103516 3,822644 2,928575
6,510417 4,067421 3,083546
7,120767 4,089674 3,185272
9,358723 4,127821 3,177326
6,917319 4,134179 3,156663
8,951821 4,356701 3,403822
7,73112 4,48863 3,486476
7,93457 4,633269 3,577868
13,42774 4,975001 3,838538
9,358724 5,068782 3,925959
7,93457 5,262691 4,089674
8,951822 5,435945 4,255773
10,57943 5,990665 4,626908
10,17253 6,159145 4,863739
10,78288 6,917317 5,500315
12,00358 7,119178 5,637805
10,37598 7,424352 5,996229
11,80013 7,549923 6,101131
12,00358 8,13961 6,680486
14,85189 8,32399 6,814797
14,03809 8,687967 7,154145
14,03809 8,893014 7,239976
17,29329 8,991565 7,357596
20,75196 9,207726 7,661983
21,76921 9,338058 7,691384
18,71745 9,428663 7,94729
19,12435 9,719528 7,927416
16,27604 10,04378 8,31366
16,27604 10,252 8,464655
15,25879 10,50473 8,854868
19,12435 10,68115 8,900163
17,29329 10,95295 9,129047
14,85189 11,26448 9,545486
15,86914 11,43615 9,709992
18,1071 11,96226 10,06206
15,46224 11,87484 10,00881
16,88639 12,47247 10,56751
18,9209 12,8142 10,7948
19,12435 12,94295 11,08328
18,9209 13,42455 11,4576
21,15886 13,97132 11,99166
18,9209 14,38618 12,24677
19,3278 14,45293 12,59009
18,71745 14,89639 13,06137
20,34505 15,29852 13,19488
20,34505 15,76901 13,81715
19,93815 15,7706 13,65503
22,17611 16,44293 14,27173
22,78646 16,69884 14,55069
21,76921 17,02149 15,04183
21,15886 17,12323 15,06011
21,97265 17,41569 15,42966
21,15886 17,75901 15,79523
22,58301 18,42181 16,24981
23,60027 18,48379 16,51366
23,80371 18,72857 16,75764
23,80371 19,2674 17,08667
24,00716 19,27535 16,99844
24,82096 19,58688 17,49992
25,43131 19,9922 17,93067
24,61751 20,051 17,92749
25,83821 20,41976 18,51479
25,43132 20,22108 17,99186
25,22786 20,42135 18,44565
24,41406 20,38797 18,09995
26,44857 20,84891 18,70314
25,02441 20,9411 18,78818
25,83822 21,20018 19,06315
29,29687 21,60707 19,28011
25,43131 21,60073 19,36118
27,26237 21,62774 19,62184
26,65202 21,81531 19,48119
27,46582 22,19677 19,84913
26,44856 22,40659 19,94849
27,87272 22,52737 20,11616
29,09343 22,82937 20,63036
28,48308 23,19494 20,90136
28,27962 23,23786 20,79962
27,46582 23,32687 21,22639
27,66926 23,54304 21,40919
28,27962 24,02306 21,5157
30,92448 24,32822 21,55383
28,68652 24,43155 21,92656
31,12793 24,8305 22,3867
30,31413 24,89884 22,59413
30,11068 25,23422 22,63625
29,70378 25,38205 22,86037
29,09342 25,43608 22,52023
31,94174 25,43926 23,07733
31,33138 26,2324 23,53588
32,75554 26,31347 23,61695
31,73828 26,83004 23,90305
30,51758 26,86501 24,42439
31,73827 26,99058 24,49035
33,16244 27,31958 25,11422
34,79003 27,19879 24,62148
32,34863 27,558 25,05063
32,75553 27,55006 24,37751
33,56934 27,87113 25,30337
33,16243 28,00624 25,20164
33,36589 28,28915 25,37727
32,14518 28,30505 25,44878
32,95898 28,30505 25,72775
33,97624 28,74374 26,01781
36,62109 29,20628 26,16565
34,17968 28,80574 26,03213
33,56934 29,30323 26,70527
34,58659 29,73398 27,15429
33,77279 29,548 26,83719
33,36588 29,37793 26,79506
35,19693 29,7753 26,87374
34,58659 29,51781 26,84116
35,19693 30,0169 27,05653
35,19694 30,11226 27,47376
37,02799 30,45242 27,41416
34,79003 30,79414 28,30903
34,99349 30,91813 28,36943
35,40039 30,98963 28,53631
36,21418 31,2217 28,57447
35,60384 31,0405 28,31856
37,23144 31,37907 28,31458
37,84179 31,46647 28,57367
37,63835 31,63656 28,78746
39,67286 31,70967 29,03542
37,63834 31,42675 28,51963
35,19694 31,53165 28,25578
37,02799 31,84796 28,71196
36,41764 31,86544 28,86693
36,62108 32,16902 29,7006
36,82455 31,84955 28,74533
37,23143 32,3518 29,81822
40,89356 32,31842 29,29925
36,62109 32,2167 29,54641
37,43488 32,64427 29,6529
38,04524 32,5807 29,72206
38,45214 32,97964 29,77689
37,02798 32,92402 29,54403
37,23145 32,81433 30,02325
38,04525 32,61407 29,86273
37,02799 32,80798 29,97002
38,85905 32,94151 30,45399
38,85905 32,97011 30,31015
37,23145 33,31025 30,19571
40,48666 33,33729 30,29347
36,82454 33,27847 30,22432
38,6556 33,35793 30,27676
38,6556 33,4517 30,79493
40,28321 33,46124 30,7258
37,02798 33,33569 30,37214
38,04524 33,44377 29,72602
37,84179 33,48031 30,46989
38,2487 33,57569 30,7115
40,48665 33,54548 31,00315
39,26594 34,00008 30,90223
38,6556 33,99531 30,574
38,85904 33,80934 31,20024
38,2487 33,56138 30,46909
37,63835 33,98417 31,16131
41,70736 33,99851 30,82436
40,07976 34,20192 31,03414
39,06248 34,00006 31,34808
38,6556 33,89994 30,74884
39,67285 34,221 31,25587
40,2832 34,37836 31,19628
38,85904 34,26392 31,56105
38,85905 34,46579 31,67471
41,50389 34,65016 31,43548
40,48665 34,52937 31,38622
39,87631 34,21941 31,45455
39,26596 34,57705 31,27178
41,097 34,13358 30,86169
38,85904 34,23215 31,5102
40,48665 34,58978 31,47124
39,26594 34,01279 31,21773
40,2832 34,31638 31,10407
39,87627 34,31319 31,39019
40,69012 34,41016 31,30516
39,67286 34,59135 31,8098
38,85904 34,57863 31,76451
41,50391 34,83932 31,64372
39,87629 34,96648 32,08717
38,45213 34,61838 31,58648
42,3177 34,67719 31,3139
39,8763 34,69147 31,69535
38,85905 34,64061 31,91231
40,07975 34,7042 31,20025
38,24869 34,10816 31,31708
39,46941 34,44672 31,30277
40,48666 34,51665 31,22727
39,67285 34,67876 31,60237
39,8763 34,66923 32,24292
40,07975 34,52301 31,4784
40,48664 34,79639 31,96795
40,89355 34,93787 31,91869
41,30043 34,70262 31,99499
38,85905 34,46261 31,38224
42,72461 34,68989 31,54278
40,89356 35,2033 32,34546
39,4694 34,81068 31,65323
40,89356 34,88063 32,04107
39,8763 34,66606 31,79232
41,30045 34,99191 31,89565
41,097 35,51007 32,53222
40,2832 35,038 32,324
39,67285 34,90607 31,51576
40,6901 35,06184 32,09114
42,31771 34,83775 31,95843
40,2832 35,1715 32,07922
41,50389 35,19853 32,61249
40,07975 35,21601 32,31446
39,67286 35,17468 31,99496
40,2832 35,04119 31,96001
39,67285 34,66129 31,7192
40,89355 35,1445 32,55447
38,45213 34,68196 31,9155
43,33496 35,21124 32,61327
38,65559 34,66127 31,28051
39,26595 35,07296 32,21512
41,30046 35,14448 32,03393
40,07974 35,74687 32,9089
41,09702 34,99667 31,71364
40,69008 35,32727 32,33672
40,2832 35,23667 31,57537
39,8763 35,56728 32,43446
41,30045 35,5498 32,7436
40,28318 35,24464 32,04585
39,26594 35,26052 32,324
40,07974 35,40514 31,87179
40,89355 35,76436 32,64824
41,50391 35,63087 32,93196
40,48664 35,20649 32,34864
40,89356 35,64994 32,61565
40,48665 35,41786 32,33989
42,11427 35,76756 32,6689
40,2832 35,49417 32,33989
40,69011 35,52754 32,73486
41,30045 35,34951 32,5489
40,48664 35,3209 31,91947
40,48666 35,36224 32,26757
39,46939 35,63723 32,3534
40,07975 35,60385 32,60612
40,2832 35,60862 32,67924
41,097 35,87246 33,03687
39,67284 35,64358 32,45116
42,52116 35,82954 32,46148
40,48666 35,56094 32,40587
39,26594 35,40992 32,37803
40,2832 35,83431 32,62758
42,72461 35,81681 32,67924
42,7246 35,74847 32,38756
40,48665 35,92331 32,55209
41,097 35,25255 32,32875
41,09701 35,99959 32,72295
41,09699 36,27461 33,11317
43,53842 36,14903 32,68958
39,67285 35,77866 32,35577
39,4694 35,72305 32,73407
39,67284 35,65946 32,71024
42,11425 35,84544 32,60215
40,2832 35,97417 32,70467
40,07975 35,6277 32,44241
39,87631 36,01868 32,8334
41,30045 35,77391 32,99555
42,3177 36,01073 33,15211
41,9108 35,76598 32,92084
41,30046 35,84543 32,94466
40,69009 36,02824 33,17596
41,70735 35,95987 32,9097
42,11425 36,03298 33,12429
40,6901 35,86132 32,28028
42,52116 36,21419 32,9868
40,48666 36,08544 32,40903
40,89355 35,95669 32,90494
42,52116 36,17765 33,09567
43,5384 35,88517 32,22385
42,11424 36,24599 33,44376
41,50391 36,00915 33,19423
42,11425 36,12838 33,67584
40,2832 36,0155 33,00506
41,30046 36,18082 32,81912
41,50391 35,7914 33,1537
42,31769 36,22691 33,12428
40,89356 36,27142 33,08773
40,48664 36,05048 33,17834
41,9108 36,25552 33,01859
42,11424 36,11247 32,78017
41,30045 35,99642 32,71261
40,89354 36,05047 32,7595
42,7246 36,20625 32,95104
42,11426 36,14583 33,17753
41,30045 36,11882 32,70864
42,52116 36,03778 32,94547
41,5039 36,36837 33,8451
41,30045 36,59726 33,48668
41,50391 36,0775 33,03925
41,70736 36,33815 33,75608
40,6901 36,08864 32,79845
41,09702 36,29527 32,92324
43,94531 36,29047 32,78571
43,1315 36,43831 33,48113
41,30045 35,5959 32,54256
43,13151 36,49552 33,13143
42,11424 36,35725 33,05196
44,14877 36,51142 33,52403
40,07975 35,81046 32,94387
39,87629 36,09498 33,17275
42,11426 36,41923 33,6218
40,07975 36,09656 33,36349
