0,6103516 0,301997 0,2209348
0,4069011 0,2479552 0,2018612
0,6103516 0,2670287 0,2034507
0,8138021 0,3019969 0,2161664
0,8138021 0,3083548 0,2336505
0,6103516 0,2956391 0,2272927
0,4069011 0,2829233 0,2177559
0,6103516 0,298818 0,2225243
0,6103516 0,301997 0,2209348
0,6103516 0,3115337 0,2304716
0,6103516 0,3051759 0,2225243
0,8138021 0,2892812 0,2257032
0,6103516 0,2829233 0,2145769
0,6103516 0,2733865 0,2050401
0,6103516 0,2702076 0,2002717
0,6103516 0,3178917 0,2368295
0,4069011 0,3051759 0,2225243
0,6103516 0,3051759 0,2368294
0,8138021 0,2797444 0,2082191
0,6103516 0,2956391 0,2209348
0,6103516 0,3051759 0,2288821
0,6103516 0,298818 0,2241137
0,6103516 0,3274285 0,2511346
0,6103516 0,3242495 0,2463663
0,6103516 0,3083548 0,2320611
0,6103516 0,3210706 0,2447768
0,6103516 0,3147127 0,2336505
0,8138021 0,3401442 0,2574925
0,6103516 0,3210706 0,2463662
0,8138021 0,3178917 0,2511346
0,6103516 0,3274285 0,2511346
0,8138021 0,3274285 0,2527241
0,6103516 0,3623964 0,2654396
0,6103516 0,3051759 0,2384189
0,6103516 0,3274285 0,2479557
0,6103516 0,3369653 0,2495452
0,8138021 0,3337863 0,2463663
0,6103516 0,3337863 0,2511347
0,6103516 0,3401441 0,2622608
0,6103516 0,3719332 0,2733868
0,6103516 0,3687543 0,2702079
0,6103516 0,3242495 0,255903
0,4069011 0,2956391 0,2272927
0,6103516 0,3496808 0,2670291
0,8138021 0,3242495 0,2511346
0,8138021 0,3751121 0,2765657
0,6103516 0,3528597 0,2717974
0,8138021 0,3941854 0,2845128
1,017253 0,375112 0,2797445
0,6103516 0,3401442 0,2495452
0,8138021 0,3878277 0,2845129
0,6103516 0,3401441 0,2431873
0,8138021 0,3878276 0,2924601
0,6103516 0,3401442 0,2638502
0,6103516 0,3910065 0,2829234
0,8138021 0,406901 0,29246
0,8138021 0,3814699 0,2861024
0,6103516 0,3941855 0,2892812
0,8138021 0,3623965 0,2749763
0,8138021 0,4418689 0,3242488
0,6103516 0,3973643 0,2972284
0,6103516 0,3973643 0,2972284
0,6103516 0,3941854 0,2988178
1,017253 0,4514056 0,3290171
0,8138021 0,4259744 0,3067649
0,8138021 0,4164377 0,3083544
0,8138021 0,4355111 0,317891
0,8138021 0,4545845 0,3290171
0,8138021 0,41008 0,3035861
0,8138021 0,4641213 0,3417327
0,8138021 0,4545845 0,3480906
0,8138021 0,4609423 0,3369643
1,017253 0,4704791 0,3385537
0,8138021 0,4577634 0,352859
0,8138021 0,470479 0,3703431
1,017253 0,4673001 0,3592168
1,220703 0,5181627 0,4005429
0,8138021 0,4768369 0,3608062
1,017253 0,4990892 0,3846482
1,627604 0,5022681 0,3687535
1,017253 0,5340575 0,4196166
0,8138021 0,505447 0,4037219
1,220703 0,5531311 0,427564
1,220703 0,5372364 0,4212061
1,220703 0,5404153 0,4180271
1,424154 0,5499521 0,4386903
1,017253 0,5753837 0,4561745
1,017253 0,5722047 0,4561745
1,017253 0,5722047 0,4673009
0,8138021 0,5976362 0,4720692
1,017253 0,6230674 0,4895532
1,017253 0,6198885 0,4847848
1,017253 0,6326041 0,49909
1,017253 0,6294253 0,5038586
1,627604 0,6548565 0,5149849
1,424154 0,705719 0,5563102
1,220703 0,7025402 0,5467736
1,017253 0,747045 0,5992251
1,424154 0,7883709 0,6135301
1,627604 0,7597607 0,6230668
1,220703 0,7788342 0,6437297
1,220703 0,8678433 0,6993605
1,627604 0,816981 0,6659821
1,220703 0,8201599 0,6691609
1,220703 0,8583066 0,6914133
2,034505 0,940958 0,7375074
1,627604 0,9314212 0,7629388
1,424154 0,9091689 0,7375076
1,627604 0,972747 0,8058545
1,627604 1,058579 0,8646652
1,627604 1,08401 0,883739
1,627604 1,176198 0,953675
1,831055 1,214345 0,9822851
1,627604 1,188914 1,002948
2,034505 1,331965 1,088778
8,34147 1,509984 1,212754
8,951822 1,691183 1,327197
7,73112 1,872381 1,454354
7,324218 2,139409 1,624425
10,57942 2,911886 2,051989
18,51401 4,180272 2,772012
15,05534 6,373722 3,989537
14,44499 8,357367 6,289483
19,7347 9,880066 7,767678
20,54851 11,64118 8,986788
22,58301 13,95226 10,87348
32,14517 15,37324 12,25789
30,51756 17,82735 14,35121
28,07617 18,82235 15,48449
31,94171 21,48628 17,5794
33,97623 22,49082 18,82712
33,56932 23,89272 20,0971
38,85904 25,30097 21,61184
33,56932 26,67427 23,2776
35,19693 27,28462 23,87841
39,87629 27,63112 24,45539
37,63832 28,23512 25,05461
35,80728 28,63248 25,14998
43,5384 28,89315 25,49171
34,38312 28,60069 25,63
37,02797 30,14882 26,79984
38,04523 29,43991 26,24511
37,43487 30,15518 26,88408
41,70734 29,91676 26,30392
37,63833 32,05934 27,88543
39,87629 32,70467 28,80574
44,14875 33,93171 30,08683
43,74187 34,96805 31,02302
46,79362 35,97577 32,3836
42,92804 35,54025 32,09749
45,77637 37,21872 33,58841
45,16603 37,50483 33,82842
49,43848 38,95123 35,00302
45,77638 37,46984 33,53753
48,42123 37,02162 33,48668
50,04885 38,89082 34,90288
45,97983 38,31226 34,28458
47,20052 38,49028 35,04435
55,54202 38,72552 35,16196
50,65917 38,13106 34,81229
48,6247 38,87494 35,68331
46,59017 38,55385 35,13811
44,96258 37,89901 34,43559
47,81091 39,15786 35,62609
45,5729 38,83996 35,02685
48,01431 39,14513 35,83748
48,82812 39,41853 35,69444
47,81088 39,64105 36,0918
49,64195 40,97938 36,22213
48,62469 39,38037 35,72463
46,59016 40,19418 36,27459
51,67644 40,06067 35,73735
47,2005 40,27048 36,44943
51,06608 40,40399 36,53208
53,91439 41,27502 37,28071
46,59018 40,93487 37,40628
53,71096 41,05567 37,33793
52,08337 42,04114 37,47145
50,65918 41,40218 37,25211
52,2868 41,45621 37,25369
53,5075 42,77229 38,64606
64,49382 43,53523 39,30091
55,33857 43,64013 39,20395
58,1869 44,19645 39,88583
54,72819 44,89899 40,46123
55,33857 45,20734 40,87925
54,7282 44,73368 40,36902
57,77997 46,03068 41,33543
57,37309 45,9671 41,78842
54,52478 45,63014 41,20668
58,18686 46,61878 42,09361
61,84899 45,27092 40,63924
64,90075 46,57109 41,72485
59,20413 47,5216 42,22075
59,61101 46,40261 41,96644
55,94891 46,57111 41,37199
65,1042 46,45983 42,53229
54,52477 47,21006 42,44009
59,81445 47,49615 43,03456
56,15236 47,02568 42,22235
58,79721 47,48027 43,10766
57,16967 47,04792 42,78659
60,42484 48,00798 42,97734
67,13874 48,12242 43,21258
69,3768 48,13513 43,11403
64,2904 50,55111 44,87515
68,96988 50,63694 44,63037
77,31143 53,39307 47,4326
90,73896 55,16056 47,61856
87,68726 61,56613 52,20736
83,82175 63,9599 55,63583
91,14587 66,84313 58,84971
92,77347 65,98804 58,29183
89,92519 66,05479 58,54455
99,8941 69,95535 61,18149
89,92522 70,29549 61,90945
110,6769 72,47623 63,30341
121,663 75,08608 64,99617
95,62174 73,7319 63,47188
100,9113 77,52115 67,22777
125,325 79,78453 68,87924
132,0388 86,65095 75,84742
110,0665 85,32217 75,20844
110,8803 86,7908 76,27972
108,8458 88,96833 77,98042
107,2182 87,57281 77,38441
116,9837 87,07689 76,75018
107,8286 88,1069 78,95637
120,0354 89,96333 78,52879
106,4045 87,80167 77,77858
126,5458 89,40701 78,77039
114,5423 87,54105 79,02632
114,9492 90,45287 79,27107
