0,213623 0,02002716 0,01001358
0,1068115 0,00500679 0,002503395
0,1068115 0,01168251 0,005841255
0,213623 0,01168251 0,005841255
0,3204346 0,01502037 0,007510185
0,213623 0,01502037 0,007510185
0,213623 0,01502037 0,007510185
0,1068115 0,01168251 0,005841255
0,213623 0,02169609 0,01084805
0,1068115 0,01001358 0,00500679
0,213623 0,02169609 0,01084805
0,213623 0,01168251 0,005841255
0,213623 0,02002716 0,01001358
0,213623 0,01168251 0,005841255
0,1068115 0,01168251 0,005841255
0,213623 0,01335144 0,00667572
0,3204346 0,02169609 0,01084805
0,213623 0,01502037 0,007510185
0,3204346 0,02503395 0,01251698
0,213623 0,02169609 0,01084805
0,3204346 0,02169609 0,01084805
0,3204346 0,01168251 0,005841255
0,213623 0,01835823 0,009179115
0,3204346 0,0166893 0,00834465
0,213623 0,01335144 0,00667572
0,1068115 0,01168251 0,005841255
0,4272461 0,02169609 0,01084805
0,213623 0,01335144 0,00667572
0,1068115 0,00834465 0,004172325
0,3204346 0,01835823 0,009179115
0,213623 0,00834465 0,004172325
0,1068115 0,00500679 0,002503395
0,3204346 0,02670288 0,01335144
0,213623 0,02336502 0,01168251
0,3204346 0,01335144 0,00667572
0,3204346 0,0166893 0,00834465
0,3204346 0,01168251 0,005841255
0,1068115 0,00834465 0,004172325
0,4272461 0,03170967 0,01585484
0,213623 0,01502037 0,007510185
0,3204346 0,02169609 0,01084805
0,1068115 0,00500679 0,002503395
0,4272461 0,02002716 0,01001358
0,213623 0,02503395 0,01251698
0,213623 0,02670288 0,01335144
0,213623 0,01335144 0,00667572
0,1068115 0,01168251 0,005841255
0,213623 0,02002716 0,01001358
0,213623 0,01502037 0,007510185
0,213623 0,0166893 0,00834465
0,3204346 0,01835823 0,009179115
0,3204346 0,02002716 0,01001358
0,213623 0,01168251 0,005841255
0,3204346 0,0166893 0,00834465
0,3204346 0,02002716 0,01001358
0,3204346 0,03671646 0,01835823
0,213623 0,02837181 0,01418591
0,213623 0,01168251 0,005841255
0,213623 0,0166893 0,00834465
0,213623 0,01835823 0,009179115
0,4272461 0,02002716 0,01001358
0,3204346 0,02837181 0,01418591
0,213623 0,02503395 0,01251698
0,213623 0,02169609 0,01084805
0,213623 0,02670288 0,01335144
0,213623 0,0166893 0,00834465
0,213623 0,02670288 0,01335144
0,1068115 0,00834465 0,004172325
0,213623 0,02670288 0,01335144
0,213623 0,03004074 0,01502037
0,213623 0,02169609 0,01084805
0,213623 0,02002716 0,01001358
0,213623 0,01168251 0,005841255
0,3204346 0,02002716 0,01001358
0,1068115 0,01335144 0,00667572
0,4272461 0,01502037 0,007510185
0,213623 0,01835823 0,009179115
0,213623 0,01168251 0,005841255
0,213623 0,01335144 0,00667572
0,213623 0,01001358 0,00500679
0,213623 0,01502037 0,007510185
0,3204346 0,01502037 0,007510185
0,1068115 0,00834465 0,004172325
0,213623 0,02169609 0,01084805
0,213623 0,01502037 0,007510185
0,3204346 0,01335144 0,00667572
0,213623 0,01168251 0,005841255
0,213623 0,01001358 0,00500679
0,213623 0,00500679 0,002503395
0,1068115 0,00834465 0,004172325
0,213623 0,00667572 0,00333786
0,3204346 0,01335144 0,00667572
0,213623 0,00333786 0,00166893
0,213623 0,02002716 0,01001358
0,213623 0,00834465 0,004172325
0,1068115 0,01168251 0,005841255
0,213623 0,01502037 0,007510185
0,213623 0,00667572 0,00333786
0,213623 0,01168251 0,005841255
0,1068115 0,01001358 0,00500679
0,1068115 0,00500679 0,002503395
0,213623 0,02002716 0,01001358
0,3204346 0,01168251 0,005841255
0,213623 0,00834465 0,004172325
0,1068115 0,00500679 0,002503395
0,1068115 0,00834465 0,004172325
0,213623 0,00500679 0,002503395
0,1068115 0,00333786 0,00166893
0,213623 0,00500679 0,002503395
0,213623 0,00834465 0,004172325
0,1068115 0,01168251 0,005841255
0,213623 0,01502037 0,007510185
0,1068115 0,00667572 0,00333786
0,1068115 0,00500679 0,002503395
0,213623 0,01502037 0,007510185
0,1068115 0,00333786 0,00166893
0,3204346 0,01168251 0,005841255
0,3204346 0,02002716 0,01001358
0,213623 0,01001358 0,00500679
0,213623 0,01502037 0,007510185
0,213623 0,01502037 0,007510185
0,3204346 0,01835823 0,009179115
0,213623 0,01001358 0,00500679
0,213623 0,01168251 0,005841255
0,213623 0,01168251 0,005841255
0,4272461 0,01335144 0,00667572
0,213623 0,01001358 0,00500679
0,213623 0,0166893 0,00834465
0,213623 0,0166893 0,00834465
0,1068115 0,00834465 0,004172325
0,213623 0,01001358 0,00500679
0,213623 0,00834465 0,004172325
0,3204346 0,01001358 0,00500679
0,4272461 0,00834465 0,004172325
0,3204346 0,01001358 0,00500679
0,1068115 0,00500679 0,002503395
0,213623 0,00333786 0,00166893
0,3204346 0,0166893 0,00834465
0 0 0
0,213623 0,01335144 0,00667572
0,3204346 0,01168251 0,005841255
0,1068115 0,00333786 0,00166893
0,1068115 0,01001358 0,00500679
0,3204346 0,01335144 0,00667572
0,3204346 0,02169609 0,01084805
0,1068115 0,00333786 0,00166893
0,213623 0,00667572 0,00333786
0,1068115 0,01001358 0,00500679
0,213623 0,01168251 0,005841255
0,213623 0,02002716 0,01001358
0,3204346 0,02169609 0,01084805
0,213623 0,01168251 0,005841255
0,213623 0,01001358 0,00500679
0,213623 0,01335144 0,00667572
0,213623 0,00834465 0,004172325
0,1068115 0,01168251 0,005841255
0,213623 0,0166893 0,00834465
0,213623 0,01335144 0,00667572
0,1068115 0,01335144 0,00667572
0,3204346 0,01335144 0,00667572
0,1068115 0,01168251 0,005841255
0,4272461 0,02503395 0,01251698
0,213623 0,01502037 0,007510185
0,1068115 0,01001358 0,00500679
0,1068115 0,00834465 0,004172325
0,213623 0,02002716 0,01001358
0,213623 0,02002716 0,01001358
0,213623 0,01335144 0,00667572
0,1068115 0,00333786 0,00166893
0,213623 0,01335144 0,00667572
0,1068115 0,01001358 0,00500679
0,3204346 0,02336502 0,01168251
0,3204346 0,03004074 0,01502037
0,9613037 0,03671646 0,01835823
0,3204346 0,02169609 0,01084805
0,4272461 0,02837181 0,01418591
0,4272461 0,02503395 0,01251698
0,3204346 0,04005432 0,02002716
0,3204346 0,03504753 0,01752377
0,6408691 0,05173683 0,02586842
0,5340576 0,04673004 0,02336502
0,213623 0,02503395 0,01251698
0,3204346 0,05507469 0,02753735
0,3204346 0,03671646 0,01835823
0,4272461 0,04839897 0,02419949
0,5340576 0,05507469 0,02753735
0,6408691 0,0667572 0,0333786
0,6408691 0,0834465 0,04172325
0,5340576 0,1018047 0,05090237
0,9613037 0,1618862 0,08094311
1,068115 0,1986027 0,09930134
0,8544922 0,2570152 0,1285076
1,174927 0,3154278 0,1593828
1,281738 0,4622936 0,2478361
0,9613037 0,45228 0,2653599
0,9613037 0,5056858 0,3004074
1,602173 0,5824566 0,3529787
1,38855 0,6124973 0,3896952
1,815796 0,6859303 0,4155636
1,495361 0,7109642 0,4422665
1,708984 0,7493496 0,477314
1,495361 0,7026196 0,4547834
1,174927 0,6642342 0,4347563
1,495361 0,6558895 0,4239082
1,174927 0,6642342 0,3972054
1,281738 0,7126331 0,4339218
1,38855 0,7109642 0,4405975
1,38855 0,6942749 0,4255772
1,38855 0,7109642 0,4322529
1,602173 0,8161068 0,5332232
1,708984 0,8111 0,5048513
1,495361 0,7109642 0,4673004
1,38855 0,7743835 0,4831553
1,495361 0,7176399 0,441432
1,815796 0,8211136 0,5056858
1,602173 0,7693768 0,4998446
1,38855 0,8161068 0,5207062
1,602173 0,8394718 0,5457401
1,815796 0,9412766 0,6175041
1,602173 0,8194447 0,5282164
1,602173 0,8127689 0,5115271
1,38855 0,8094311 0,5323887
1,708984 0,8211136 0,5090237
1,495361 0,8461475 0,5540848
1,815796 0,8428097 0,5691051
1,602173 0,8211136 0,5207062
1,708984 0,8411407 0,5298853
1,708984 0,8895397 0,5908012
1,602173 0,9512901 0,6592274
1,815796 0,9078979 0,6008148
1,922607 0,9729862 0,6500483
1,922607 0,9646416 0,6291866
1,602173 0,9512901 0,6450415
2,13623 1,006365 0,6917715
2,883911 0,9930134 0,6817579
1,922607 1,004696 0,6467104
1,708984 0,9763241 0,6216764
1,602173 1,053095 0,7017851
1,922607 1,081467 0,7218122
2,029419 1,129866 0,7576942
2,456665 1,088142 0,7476807
2,13623 1,098156 0,7435083
2,456665 1,143217 0,7618666
2,243042 1,148224 0,8085966
2,029419 1,086473 0,7251501
2,13623 1,071453 0,7017851
2,243042 1,179934 0,7818937
2,029419 1,173258 0,7952452
2,349854 1,198292 0,8369684
2,349854 1,178265 0,8327961
2,349854 1,2784 0,8836985
2,456665 1,396894 0,9537935
2,670288 1,260042 0,8670092
2,349854 1,31011 0,9137392
2,243042 1,283407 0,9012222
2,349854 1,348495 0,9529591
2,349854 1,353502 0,918746
2,563477 1,401901 0,9763241
2,13623 1,375198 1,010537
3,417969 1,400232 0,9771585
2,456665 1,441956 1,00553
2,456665 1,331806 0,9045601
2,563477 1,473665 1,012206
2,243042 1,373529 0,9454489
2,7771 1,383543 0,9946823
2,243042 1,446962 1,008868
2,563477 1,458645 1,038909
2,349854 1,460314 1,053095
2,456665 1,542091 1,098156
2,456665 1,507044 1,057267
2,563477 1,478672 0,9921789
2,563477 1,577139 1,142383
3,204346 1,54376 1,172423
2,990723 1,665592 1,221657
2,563477 1,640558 1,178265
2,563477 1,635551 1,14572
2,883911 1,635551 1,197457
2,670288 1,645565 1,189113
3,097534 1,755714 1,305938
2,990723 1,695633 1,22416
2,883911 1,600504 1,183271
3,097534 1,745701 1,293421
2,883911 1,717329 1,280069
3,097534 1,76239 1,297593
2,7771 1,727343 1,245022
2,990723 1,797438 1,309276
2,7771 1,792431 1,347661
3,52478 1,845837 1,342654
3,097534 1,857519 1,359344
3,311157 1,900911 1,372695
3,52478 1,999378 1,525402
2,990723 1,917601 1,446128
4,699707 2,112865 1,498699
3,738403 2,069473 1,534581
8,43811 2,291441 1,612186
4,272461 2,376556 1,746535
4,486084 2,476692 1,827478
4,165649 2,661943 1,971006
4,272461 2,723694 2,026081
4,806519 3,027439 2,264738
4,486084 3,034115 2,27809
6,515503 3,274441 2,434969
5,020142 3,152609 2,420783
5,767822 3,264427 2,510905
5,233765 3,107548 2,435803
5,874634 3,484726 2,630234
5,767822 3,576517 2,818823
6,195068 3,371239 2,582669
6,30188 3,551483 2,712846
5,447388 3,424644 2,742887
5,981445 3,493071 2,626896
6,088257 3,738403 2,902269
7,69043 3,82185 2,911448
5,233765 3,601551 2,857208
7,476807 4,078865 3,207684
8,010864 4,103899 3,114223
7,797241 4,244089 3,226042
9,078979 4,060507 3,029943
5,874634 4,050493 3,137589
8,010864 4,173994 3,211856
6,515503 4,128933 3,235221
8,331299 4,469395 3,387928
10,78796 4,806519 3,702521
8,43811 4,923344 3,719211
10,04028 4,749775 3,612399
8,651733 5,011797 3,754258
11,32202 5,25713 3,880262
9,399414 5,398989 4,022121
11,96289 5,335569 4,029632
12,0697 5,874634 4,384279
13,13782 6,981134 4,993439
19,11926 7,70545 5,555034
14,52637 7,930756 6,220937
14,63318 8,211136 6,103277
15,80811 9,227514 6,859303
15,16724 9,529591 7,070422
15,48767 10,11372 7,699609
20,29419 9,916782 7,300735
18,26477 10,62942 7,793903
18,58521 10,43916 7,813096
15,80811 10,95986 8,440614
16,98303 10,96153 8,156896
18,69202 10,9849 8,247018
16,12854 11,19852 8,436441
19,86694 11,68418 8,387208
18,26477 11,70421 8,81362
19,86694 12,0163 8,564949
18,69202 11,59573 8,614182
22,96448 12,25495 9,225845
18,69202 12,26997 9,177446
18,37158 12,01129 8,811116
19,33289 11,15513 8,424759
20,18738 12,10809 9,050608
24,1394 11,23691 8,280396
17,83752 12,09641 9,280086
20,93506 11,77597 9,184122
22,96448 13,09609 9,837508
20,50781 11,92451 8,897066
20,82825 12,19821 9,297609
21,04187 12,35175 9,201646
18,26477 12,04467 9,35936
21,04187 11,99293 9,088159
19,86694 12,22825 9,35185
21,57593 12,38346 9,399414
19,01245 12,55202 9,482861
19,76013 12,89749 9,482861
19,4397 12,87746 9,653926
22,53723 13,62348 10,42998
22,53723 12,81071 9,643912
22,00317 12,43186 9,663939
17,51709 12,09307 9,088159
22,85767 12,98428 9,678125
23,28491 13,54504 10,14626
30,97534 15,20228 11,27028
31,82983 15,10882 11,21604
25,63477 15,17224 11,17265
25,31433 15,68627 11,42132
24,9939 16,99805 12,30502
26,70288 17,60721 12,8566
33,53882 18,48173 13,51333
27,55737 17,78078 13,41653
28,19824 18,13793 13,58926
27,98462 18,73374 13,90386
28,83911 19,15765 14,53722
34,17969 19,25945 14,3044
32,79114 18,83054 14,10663
31,29578 20,13397 15,59281
34,07288 20,38765 15,19978
35,99548 20,88666 15,66541
34,82056 20,91503 16,06345
35,67505 20,65802 16,25037
30,44128 20,33925 15,2874
29,58679 21,61598 16,57998
33,53882 21,56258 16,49737
36,63635 23,94915 18,07618
30,76172 21,58761 16,55829
35,14099 21,89302 16,49153
37,38403 23,15974 17,78746
35,67505 22,55893 16,7619
32,89795 22,6357 17,72237
35,03418 23,16141 18,23307
35,35461 23,73385 18,7087
45,28809 23,50521 17,86423
34,82056 26,09539 20,45858
32,89795 23,28491 18,50676
32,15027 23,72384 18,69117
39,73389 25,46453 19,60408
36,63635 24,79362 19,73677
40,37476 25,10405 18,9799
39,8407 25,0423 19,22441
41,12244 26,02696 20,03967
38,23853 27,19688 21,07525
34,60693 26,2289 20,78319
36,84998 26,13044 20,88332
37,17041 27,05669 21,36063
35,14099 26,71456 21,80373
37,81128 27,77267 22,33613
38,45215 26,67284 20,91086
41,76331 26,80635 20,93089
44,54041 26,41749 21,01183
38,13171 27,21357 21,86298
38,55896 28,02968 22,22596
39,09302 28,62382 23,28324
42,83142 27,44222 22,32695
38,98621 27,06504 21,64351
40,802 27,56572 22,35365
41,97693 27,47893 21,65854
40,90881 28,2433 22,88102
38,66577 27,56405 22,14252
44,75403 27,71425 22,21012
40,802 27,13847 21,82126
39,19983 27,17853 21,54839
41,44287 27,3304 21,1203
38,98621 28,512 22,59731
37,27722 28,13649 22,57645
39,09302 27,63915 22,2702
37,49084 26,63279 21,25549
42,93823 28,26333 22,98867
41,22925 27,31872 21,49081
46,46301 28,75233 22,64654
40,802 28,13482 22,65154
42,83142 28,68223 22,36282
40,48157 28,67556 23,24151
42,6178 28,25999 22,54307
40,58838 29,64687 23,88072
46,99707 28,26834 23,56361
42,6178 27,99129 22,78673
44,00635 29,70529 23,83982
36,84998 28,89252 23,01705
40,05432 29,6936 24,15192
38,98621 28,08142 22,68159
47,53113 30,32279 24,1661
40,16113 28,30672 22,95279
48,81287 30,64489 24,28209
41,97693 28,43022 22,15422
42,72461 30,27105 24,42812
42,51099 30,12085 25,39777
44,75403 30,96533 24,68932
41,87012 29,11949 23,05209
39,09302 29,92392 24,65927
47,21069 30,34449 24,43314
44,21997 30,21097 23,93996
41,87012 31,79479 24,50491
41,22925 31,55613 25,29347
41,12244 30,05075 24,11437
44,86084 30,6766 24,43314
41,54968 29,58012 23,67794
47,10388 29,53506 24,19698
42,29736 30,64823 24,81782
45,82214 30,66492 24,35887
44,43359 31,80814 26,24977
44,21997 32,23038 26,47173
43,79272 32,03011 26,4325
47,95837 30,37786 24,00505
54,90112 31,73137 24,60838
44,64722 31,1439 25,05397
48,70605 30,59149 24,71935
43,68591 32,12357 24,86121
46,89026 31,11386 25,20001
46,46301 30,967 25,20585
44,21997 31,32081 25,18082
48,27881 31,47435 25,65312
42,72461 31,82983 26,23141
49,34692 32,77612 26,6286
48,172 31,461 25,03561
45,71533 31,61287 25,43616
42,19055 30,88522 24,5416
46,89026 32,6159 26,10039
52,76489 32,9113 25,88177
49,34692 32,31549 26,55434
44,00635 32,31883 25,31934
45,3949 33,19836 26,62277
49,77417 33,08153 25,73491
41,97693 32,01008 25,97272
47,95837 31,97169 25,72822
41,65649 31,37255 24,99306
45,60852 32,08518 26,99494
45,50171 32,39059 26,5752
44,86084 32,51409 26,6962
49,56055 32,49908 26,82138
48,06519 33,74577 27,90201
44,96765 32,32384 26,41999
40,16113 31,93665 26,95405
56,71692 35,20107 28,69641
41,22925 31,82983 26,66366
43,04504 32,88794 26,49594
50,0946 32,13358 25,97272
