0,4069011 0,2479552 0,149409
0,4069011 0,2511341 0,1573563
0,6103516 0,2479552 0,1589457
0,6103516 0,2479552 0,1621247
0,6103516 0,2447763 0,1684825
0,6103516 0,2702076 0,166893
0,6103516 0,2352396 0,1557668
0,6103516 0,2574919 0,1843771
0,4069011 0,2733865 0,1843771
0,4069011 0,254313 0,1780193
0,6103516 0,2702076 0,1796087
0,8138021 0,2638497 0,1859666
0,6103516 0,2765655 0,1923244
0,6103516 0,2638497 0,1748403
0,6103516 0,2733865 0,1939139
0,6103516 0,2797444 0,190735
0,6103516 0,2733865 0,190735
0,6103516 0,2670287 0,1923244
0,6103516 0,2829233 0,1986823
0,6103516 0,2670287 0,1796087
0,6103516 0,2956391 0,2193453
0,6103516 0,298818 0,2129875
0,8138021 0,301997 0,2241137
0,6103516 0,2892812 0,2177559
0,6103516 0,2956391 0,232061
0,6103516 0,3051759 0,2193454
0,6103516 0,3242495 0,2320611
0,8138021 0,3083548 0,2288821
0,6103516 0,3274285 0,2415979
0,6103516 0,3115338 0,2225243
0,8138021 0,2861023 0,2161664
0,8138021 0,3433231 0,2463663
0,8138021 0,3242495 0,2384189
0,8138021 0,3814698 0,2765656
1,017253 0,41008 0,2892812
1,017253 0,3560387 0,270208
0,6103516 0,378291 0,2845129
0,8138021 0,3719332 0,2765657
0,8138021 0,3782909 0,2829234
0,8138021 0,4259744 0,3019966
0,8138021 0,4450479 0,317891
0,8138021 0,4196167 0,3083544
1,017253 0,4386901 0,3194805
1,220703 0,4609424 0,3385537
1,017253 0,4704791 0,3433221
1,220703 0,4545845 0,3401432
1,017253 0,4927314 0,3608062
1,017253 0,4927314 0,370343
1,017253 0,4673001 0,346501
1,017253 0,505447 0,3782903
1,017253 0,5404153 0,4005429
1,220703 0,5626679 0,4227955
1,017253 0,5880994 0,454585
1,424154 0,6771091 0,5118058
1,220703 0,67393 0,5118058
2,034505 0,6739302 0,5213429
1,424154 0,7692975 0,5817415
1,627604 0,8233389 0,6357822
1,831055 0,9568526 0,732739
1,627604 1,074474 0,8455917
2,237956 1,198451 0,9441382
2,848307 1,325606 1,012485
2,441406 1,420974 1,11103
2,848307 1,624426 1,276334
3,662109 1,595816 1,277924
5,086263 1,799266 1,398723
5,086263 1,986822 1,503627
5,086263 2,183913 1,63555
21,15886 3,029505 2,153713
17,90365 3,522237 2,455712
18,71745 4,701616 3,248851
68,96978 7,874172 4,873276
46,18326 10,83374 6,556509
42,11423 16,80374 10,30127
55,74547 23,46357 15,14117
76,9043 34,45943 22,30009
78,93879 39,17695 27,3196
68,96975 46,97165 34,98713
76,90435 51,53977 39,12769
85,65269 53,19279 42,57998
104,777 57,23319 43,95328
84,02509 55,453 44,21869
85,85619 57,74181 45,46801
78,53197 56,17461 44,17421
86,66994 57,73547 45,09132
88,50098 56,80087 45,44737
96,63898 55,24319 43,39378
94,19765 56,9916 45,99732
109,0493 64,16325 51,53657
69,78365 56,06334 46,3597
90,73891 61,00974 47,9269
89,92512 60,36444 49,44962
97,45282 60,8222 48,21301
112,1012 63,51474 50,39377
83,00783 61,63282 50,87536
109,6599 63,58149 50,7641
84,02508 61,39758 49,9487
109,4564 64,73225 52,7541
87,89069 61,10511 50,40965
90,94241 63,57514 52,46641
90,5355 62,75179 52,32175
87,28027 64,37305 52,42667
105,9977 64,01065 51,36969
99,28386 64,49703 51,15351
103,9632 67,14187 54,79972
92,16308 62,53881 50,13627
89,92511 62,45616 51,51591
95,62177 64,50657 51,38082
102,3355 64,37305 51,05338
92,57001 63,72772 51,48412
99,89412 65,80993 55,88375
111,6943 67,67593 55,43869
95,82521 65,73363 54,15124
106,8115 63,50201 51,37126
98,06317 67,17686 54,34515
107,2186 67,13234 56,15714
86,87345 64,79585 53,50911
110,677 67,27539 52,13737
111,8977 65,87349 53,13398
107,2184 67,49475 54,38012
100,9115 65,98476 52,68258
95,82518 66,38213 54,02728
105,7942 66,60147 55,49274
94,19753 67,31991 54,98568
95,82516 67,32944 53,09584
98,26659 65,20909 54,05742
108,6425 69,41801 52,90035
103,7597 69,39256 56,901
113,3219 68,23543 54,3054
111,2873 68,5088 56,02837
98,06313 65,90211 56,31134
98,87694 65,89893 55,30677
93,7907 65,18366 53,57108
86,87343 69,09056 56,26363
97,45277 69,87892 57,76725
116,984 70,40027 56,02678
86,46645 66,61417 53,31676
108,6426 69,58966 56,04746
91,55273 66,93524 55,26226
113,9323 70,99472 57,31425
124,1047 68,28311 55,94255
105,9977 72,91796 58,65734
115,56 69,85984 56,04746
98,47008 70,39391 58,64622
100,9114 67,9207 54,89509
98,67348 68,97929 55,46729
107,2184 71,24268 58,98318
102,3356 70,94386 58,52541
89,3148 66,30582 55,0318
91,55273 70,5465 57,83559
119,4253 71,21727 57,16803
99,89417 70,93751 56,42257
110,0667 71,01381 57,45889
126,9531 71,69727 57,41915
96,43555 68,63598 53,52339
103,1494 70,20318 58,22343
105,3873 74,90797 61,16233
98,67348 73,24858 60,09421
102,539 74,32941 61,35784
110,4736 72,94975 60,76019
100,708 71,76086 59,41551
108,4391 74,35164 61,76155
123,6979 71,40482 57,98978
106,608 70,61643 58,11852
111,6943 70,30172 57,89122
116,1702 72,09781 59,18345
103,3528 71,71633 59,28198
105,1839 72,8639 60,35964
100,0976 70,97565 58,93709
124,3082 74,67909 59,70798
116,984 75,25765 60,91595
109,4562 74,11005 59,24703
100,3011 71,10915 58,34104
101,9287 71,9166 59,54903
107,8288 72,20589 61,20842
110,8805 72,61916 60,54721
