0,1220703 0,003814697 0,001907349
0,1220703 0,001907349 0,0009536744
0,2441406 0,009536744 0,004768372
0,1220703 0,003814697 0,001907349
0,2441406 0,01335144 0,006675721
0,3662109 0,01144409 0,005722046
0,1220703 0,003814697 0,001907349
0,2441406 0,01335144 0,006675721
0,2441406 0,01335144 0,006675721
0,1220703 0,009536744 0,004768372
0,2441406 0,01716614 0,00858307
0,2441406 0,01335144 0,006675721
0,2441406 0,007629395 0,003814697
0,2441406 0,005722046 0,002861023
0,6103516 0,01335144 0,00667572
0,1220703 0,005722046 0,002861023
0,1220703 0,01525879 0,007629395
0,1220703 0,001907349 0,0009536744
0,1220703 0,001907349 0,0009536744
0,2441406 0,01144409 0,005722046
0,2441406 0,01907349 0,009536744
0,2441406 0,01907349 0,009536744
0,1220703 0,009536744 0,004768372
0,1220703 0,001907349 0,0009536744
0,2441406 0,01144409 0,005722046
0,1220703 0,001907349 0,0009536744
0,1220703 0,003814697 0,001907349
0,1220703 0,003814697 0,001907349
0,1220703 0,001907349 0,0009536744
0,2441406 0,007629395 0,003814697
0,1220703 0,007629395 0,003814697
0,2441406 0,01335144 0,006675721
0,2441406 0,009536744 0,004768372
0,1220703 0,005722046 0,002861023
0,2441406 0,01716614 0,00858307
0,2441406 0,007629395 0,003814697
0,2441406 0,009536744 0,004768372
0,1220703 0,001907349 0,0009536744
0,1220703 0,005722046 0,002861023
0,1220703 0,01144409 0,005722046
0,2441406 0,005722046 0,002861023
0,2441406 0,01335144 0,006675721
0,1220703 0,001907349 0,0009536744
0,1220703 0,007629395 0,003814697
0,2441406 0,01525879 0,007629395
0,1220703 0,001907349 0,0009536744
0,1220703 0,003814697 0,001907349
0,1220703 0,001907349 0,0009536744
0,1220703 0,01144409 0,005722046
0,2441406 0,01335144 0,006675721
0,2441406 0,007629395 0,003814697
0,2441406 0,009536744 0,004768372
0,2441406 0,005722046 0,002861023
0,1220703 0,005722046 0,002861023
0,3662109 0,007629395 0,003814697
0,2441406 0,01335144 0,006675721
0,1220703 0,003814697 0,001907349
0,1220703 0,001907349 0,0009536744
0,2441406 0,01144409 0,005722046
0,2441406 0,01144409 0,005722046
0,2441406 0,01716614 0,00858307
0,1220703 0,007629395 0,003814697
0,2441406 0,009536744 0,004768372
0,2441406 0,005722046 0,002861023
0,1220703 0,009536744 0,004768372
0,1220703 0,001907349 0,0009536744
0,2441406 0,005722046 0,002861023
0,1220703 0,007629395 0,003814697
0,1220703 0,005722046 0,002861023
0,2441406 0,01525879 0,007629395
0,1220703 0,001907349 0,0009536744
0,1220703 0,005722046 0,002861023
0,1220703 0,01144409 0,005722046
0,3662109 0,01525879 0,007629395
0,2441406 0,01525879 0,007629395
0,3662109 0,01144409 0,005722046
0,2441406 0,01907349 0,009536744
0,2441406 0,007629395 0,003814697
0,1220703 0,005722046 0,002861023
0,1220703 0,003814697 0,001907349
0,1220703 0,007629395 0,003814697
0,1220703 0,001907349 0,0009536744
0 0 0
0,1220703 0,01716614 0,00858307
0,1220703 0,005722046 0,002861023
0,2441406 0,02098084 0,01049042
0,6103516 0,02479553 0,01239777
0,2441406 0,009536744 0,004768372
0,2441406 0,005722046 0,002861023
0,2441406 0,01144409 0,005722046
0,3662109 0,01144409 0,005722046
0,2441406 0,01525879 0,007629395
0,3662109 0,01907349 0,009536743
0,2441406 0,009536744 0,004768372
0,2441406 0,01144409 0,005722046
0,3662109 0,01716614 0,008583069
0,1220703 0,001907349 0,0009536744
0,2441406 0,007629395 0,003814697
0,1220703 0,007629395 0,003814697
0,2441406 0,01144409 0,005722046
0,2441406 0,009536744 0,004768372
0,1220703 0,01144409 0,005722046
0,3662109 0,01144409 0,005722046
0,2441406 0,01144409 0,005722046
0,1220703 0,001907349 0,0009536744
0,2441406 0,01144409 0,005722046
0 0 0
0,2441406 0,009536744 0,004768372
0,1220703 0,007629395 0,003814697
0,2441406 0,009536744 0,004768372
0,2441406 0,01144409 0,005722046
0,1220703 0,009536744 0,004768372
0,2441406 0,007629395 0,003814697
0,1220703 0,007629395 0,003814697
0,2441406 0,01144409 0,005722046
0,2441406 0,007629395 0,003814697
0,1220703 0,001907349 0,0009536744
0,1220703 0,01144409 0,005722046
0,1220703 0,003814697 0,001907349
0,2441406 0,009536744 0,004768372
0,1220703 0,003814697 0,001907349
0,2441406 0,01144409 0,005722046
0,2441406 0,01525879 0,007629395
0,1220703 0,01335144 0,006675721
0,1220703 0,01525879 0,007629395
0,1220703 0,01335144 0,006675721
0,2441406 0,01716614 0,00858307
0,3662109 0,01335144 0,00667572
0,1220703 0,007629395 0,003814697
0,2441406 0,01335144 0,006675721
0,2441406 0,01907349 0,009536744
0,2441406 0,01525879 0,007629395
0,3662109 0,01335144 0,00667572
0,2441406 0,01716614 0,00858307
0,1220703 0,01525879 0,007629395
0,1220703 0,01525879 0,007629395
0,2441406 0,02861023 0,01430512
0,2441406 0,01144409 0,005722046
0,2441406 0,01907349 0,009536744
0,2441406 0,01907349 0,009536744
0,2441406 0,02098084 0,01049042
0,2441406 0,02479553 0,01239777
0,2441406 0,02288819 0,01144409
0,3662109 0,01716614 0,008583069
0,3662109 0,03242493 0,01621246
0,3662109 0,03242493 0,01621246
0,2441406 0,02288819 0,01144409
0,2441406 0,03433228 0,01716614
0,2441406 0,03433228 0,01716614
0,3662109 0,05149841 0,02574921
0,4882813 0,05149841 0,02574921
0,6103516 0,0667572 0,0333786
0,8544922 0,09727478 0,04863739
0,6103516 0,1182556 0,05912781
0,7324219 0,1792908 0,08964539
0,8544922 0,1792908 0,08964539
1,098633 0,1983643 0,09918213
0,7324219 0,2098083 0,1049042
0,6103516 0,2346039 0,120163
0,9765626 0,2822876 0,1430511
0,7324219 0,2708435 0,1459122
0,8544922 0,3261566 0,1802444
0,7324219 0,3376007 0,1897812
0,7324219 0,3108978 0,1649857
0,7324219 0,377655 0,210762
0,6103516 0,3433228 0,1974106
1,220703 0,3528595 0,1955032
0,8544922 0,3433228 0,1821518
0,8544922 0,3528595 0,1916885
0,9765626 0,3185272 0,1764297
0,9765626 0,3700256 0,1993179
0,9765626 0,3623962 0,202179
0,8544922 0,3738403 0,2069473
0,8544922 0,371933 0,2098083
0,8544922 0,41008 0,2279282
0,8544922 0,4043579 0,2412796
1,098633 0,4177094 0,2336502
0,8544922 0,3890991 0,207901
0,8544922 0,4405975 0,2555847
0,9765626 0,4520416 0,2565384
0,8544922 0,4272461 0,2450943
0,9765626 0,459671 0,2775192
1,098633 0,4730225 0,2775192
0,8544922 0,4501343 0,2717972
1,220703 0,4367828 0,246048
1,098633 0,4482269 0,2613068
0,9765626 0,4520416 0,2565384
1,220703 0,4348755 0,2450943
0,9765626 0,4501343 0,2603531
1,220703 0,4863739 0,2889633
1,098633 0,453949 0,2784729
1,464844 0,497818 0,2765656
1,586914 0,4940033 0,2775192
1,098633 0,5168915 0,3108978
1,342774 0,4787445 0,2841949
0,9765626 0,50354 0,2985001
0,9765626 0,5302429 0,3137589
1,220703 0,5111694 0,3042221
0,9765626 0,5283356 0,3070831
1,220703 0,5474091 0,3414154
1,342773 0,5626678 0,3242493
0,9765626 0,541687 0,3299713
1,098633 0,5531311 0,3414154
1,220703 0,5168915 0,3108978
1,220703 0,5264282 0,3108978
1,098633 0,5493164 0,3213882
0,9765626 0,4844666 0,2727509
1,586914 0,5760193 0,330925
1,220703 0,5970001 0,3576279
1,342774 0,5187988 0,2946854
1,098633 0,5264282 0,2975464
1,220703 0,5702972 0,328064
1,464844 0,5874634 0,3595352
1,220703 0,585556 0,3566742
1,098633 0,5779266 0,3385544
1,342774 0,6103516 0,3585815
1,342774 0,5645752 0,3614426
0,9765626 0,5340576 0,3328323
1,098633 0,6141663 0,3566742
1,098633 0,585556 0,3509521
1,464844 0,6141663 0,3652573
1,586914 0,6980896 0,4148483
1,464844 0,6198883 0,3585815
1,342774 0,6542206 0,4014969
1,098633 0,6198883 0,3833771
1,831055 0,711441 0,451088
1,220703 0,617981 0,3662109
1,342774 0,7019043 0,4262924
1,464844 0,6561279 0,4014969
1,708985 0,6084442 0,377655
1,586914 0,6694794 0,4072189
1,708985 0,6275177 0,374794
2,197266 0,5760193 0,3328323
1,586914 0,6637573 0,4043579
2,075195 0,585556 0,3471375
1,953125 0,6847382 0,4148483
1,831055 0,6923676 0,4091263
1,464844 0,6484985 0,3824234
1,464844 0,705719 0,4301071
1,342774 0,6942749 0,4329681
1,342774 0,6561279 0,4081726
1,464844 0,6389618 0,3948212
1,342774 0,6694794 0,3948212
1,342774 0,7324219 0,4472733
1,464844 0,7305145 0,4348755
2,807617 0,7190704 0,4415512
1,708985 0,7400513 0,4396439
1,708985 0,793457 0,4768372
1,220703 0,6713867 0,4005432
1,708985 0,7209778 0,4358292
1,342773 0,6885529 0,412941
2,197266 0,705719 0,4262924
1,708985 0,8068085 0,4854202
1,464844 0,6809235 0,412941
2,075195 0,6790161 0,3728867
1,342774 0,7247925 0,4386902
1,831055 0,6790161 0,3814697
2,319336 0,743866 0,4358292
1,586914 0,7190704 0,4281998
1,464844 0,7553101 0,4310608
2,685547 0,8182526 0,4835129
3,051758 0,8983612 0,5283356
3,173828 0,837326 0,5111694
2,441406 0,8583069 0,5235672
2,075196 0,787735 0,4711151
2,685547 0,8144379 0,4854202
2,319336 0,9422302 0,5645752
1,586914 0,9155273 0,5607605
2,319336 0,919342 0,5578995
3,051758 0,9288788 0,5311966
4,760742 1,180649 0,6980896
3,90625 1,003265 0,5836487
4,760742 1,085281 0,6427765
4,272461 1,214981 0,6952286
3,173828 1,121521 0,6542206
4,150391 1,296997 0,7638931
3,295898 1,251221 0,7362366
3,540039 1,441956 0,831604
3,78418 1,483917 0,9174347
5,859374 1,525879 0,9174347
3,78418 1,502991 0,8583069
4,760742 1,502991 0,8897781
4,15039 1,535416 0,8955002
5,493163 1,502991 0,8945465
3,295898 1,451492 0,8659363
5,493163 1,602173 0,9670258
4,15039 1,602173 0,9784698
7,202148 1,735687 1,000404
3,417969 1,737595 1,030922
4,760742 1,745224 1,083374
5,126952 2,004623 1,17588
5,493163 2,260208 1,338005
4,638672 2,088547 1,257896
5,981444 2,416611 1,534462
6,713866 2,651215 1,671791
7,446289 2,651215 1,559258
5,493163 2,384186 1,46389
7,446289 2,653122 1,691818
7,080077 3,065109 1,924515
7,446289 2,96402 1,779556
6,713866 3,343582 2,059937
