0,6103516 0,2733865 0,2193453
1,017253 0,3433231 0,2447768
0,6103516 0,3051759 0,2193454
0,6103516 0,2829233 0,2225242
0,6103516 0,2765655 0,2225242
0,6103516 0,3147127 0,2288821
0,6103516 0,3147127 0,2209349
0,6103516 0,2924601 0,2129875
0,6103516 0,3051759 0,2288821
0,8138021 0,2956391 0,2177559
0,6103516 0,2892812 0,2193453
0,8138021 0,3083548 0,2209348
0,6103516 0,2956391 0,2241137
0,6103516 0,2956391 0,2193453
0,6103516 0,2892812 0,2177559
0,6103516 0,3147127 0,2336506
0,6103516 0,2924601 0,2145769
0,6103516 0,3147127 0,2288821
0,8138021 0,3051759 0,2368294
0,6103516 0,3019969 0,2304716
0,6103516 0,3115338 0,2368295
0,6103516 0,2733865 0,2177558
0,8138021 0,3242495 0,2368295
0,6103516 0,3051759 0,2257032
0,6103516 0,3242495 0,2400084
0,8138021 0,3210706 0,2336505
0,6103516 0,2765655 0,2129875
0,6103516 0,3083549 0,2257032
0,6103516 0,2670287 0,2066296
0,6103516 0,2861023 0,2193453
1,017253 0,3306074 0,238419
0,4069011 0,2861023 0,2304716
0,6103516 0,2924601 0,2193453
0,6103516 0,2956391 0,2288821
0,6103516 0,3369653 0,2590819
0,8138021 0,2892812 0,2209348
0,4069011 0,2829233 0,2082191
0,6103516 0,3147127 0,2304716
1,220703 0,3306074 0,2479557
0,6103516 0,2924602 0,2209348
0,6103516 0,2924602 0,2241137
1,017253 0,3210706 0,2384189
1,017253 0,3178916 0,2400084
0,4069011 0,2606708 0,1986823
0,6103516 0,3115338 0,2320611
0,6103516 0,2956391 0,232061
0,6103516 0,2765655 0,2034507
0,8138021 0,3337863 0,2463663
0,8138021 0,2956391 0,2177559
0,8138021 0,3115338 0,2304716
0,6103516 0,2861023 0,2225243
0,6103516 0,3210706 0,2479557
0,6103516 0,298818 0,23524
0,6103516 0,3369653 0,2415979
0,6103516 0,3051759 0,2257032
0,4069011 0,2638497 0,2098085
0,6103516 0,3147127 0,2384189
0,6103516 0,3115338 0,2304716
0,4069011 0,2988181 0,2209348
0,6103516 0,3019969 0,2257032
0,6103516 0,3083549 0,2320611
0,6103516 0,3274285 0,238419
0,6103516 0,2956391 0,214577
0,8138021 0,2956391 0,2241137
0,6103516 0,2797444 0,2129875
0,6103516 0,3306074 0,2463663
0,6103516 0,3083549 0,2257032
0,6103516 0,2924601 0,2209348
0,8138021 0,3274285 0,2511346
0,6103516 0,3369653 0,2447768
0,6103516 0,3369652 0,2431873
0,6103516 0,3560386 0,2638502
0,8138021 0,3528597 0,2702079
0,8138021 0,3274285 0,2511346
0,6103516 0,2892812 0,2257032
0,6103516 0,3051759 0,2368294
0,8138021 0,3051759 0,23524
0,6103516 0,2892812 0,232061
1,017253 0,3401442 0,2543136
0,4069011 0,3147127 0,2447768
0,8138021 0,343323 0,2590818
0,6103516 0,3433231 0,255903
0,6103516 0,3147127 0,2495452
0,6103516 0,3242495 0,2574924
0,6103516 0,3274285 0,2511347
0,6103516 0,3401441 0,2606713
0,6103516 0,3433231 0,2590819
0,6103516 0,3210706 0,2479557
0,8138021 0,378291 0,281334
0,8138021 0,3401442 0,2543136
1,017253 0,3401442 0,2606713
0,6103516 0,3623964 0,2686185
0,8138021 0,3433231 0,2590819
0,8138021 0,3560387 0,2717974
0,6103516 0,3878277 0,2876918
0,8138021 0,3751121 0,2797446
0,6103516 0,375112 0,2845129
0,8138021 0,3465019 0,2670291
0,6103516 0,3465019 0,2686185
0,6103516 0,3528597 0,2622607
0,8138021 0,375112 0,2829234
0,6103516 0,3719332 0,2765657
0,6103516 0,3782909 0,2845129
0,8138021 0,3814698 0,2861023
0,6103516 0,3973643 0,2972284
0,6103516 0,3655753 0,281334
0,6103516 0,3655754 0,2797446
0,6103516 0,3846487 0,2861023
0,6103516 0,3973643 0,2908706
1,220703 0,4355112 0,3083544
0,8138021 0,3878276 0,2908706
0,8138021 0,3878277 0,2861023
0,6103516 0,3941854 0,2956389
0,6103516 0,4323322 0,3131227
0,6103516 0,3910065 0,29246
0,6103516 0,406901 0,2972283
1,017253 0,4037222 0,3004073
0,8138021 0,4100799 0,2988178
0,8138021 0,4037221 0,3004072
0,8138021 0,4037221 0,2988178
0,6103516 0,4164377 0,3035861
0,8138021 0,3973644 0,2924601
0,6103516 0,4323322 0,3210699
0,6103516 0,4005433 0,2956389
0,8138021 0,4164378 0,3099439
0,8138021 0,4418689 0,3258382
0,8138021 0,4641213 0,3353748
1,424154 0,4704791 0,3401431
1,424154 0,4863736 0,3528588
0,6103516 0,4545845 0,3306065
0,8138021 0,4609423 0,3385537
0,8138021 0,4577634 0,34968
0,8138021 0,470479 0,3528589
0,8138021 0,4545845 0,3528589
1,017253 0,4641213 0,3576274
0,8138021 0,4831946 0,3623957
1,017253 0,4927314 0,3814693
1,220703 0,505447 0,3830588
0,8138021 0,4990892 0,3767009
0,8138021 0,4800158 0,3767009
1,220703 0,5022681 0,3751114
1,017253 0,4959103 0,3846483
1,017253 0,4768369 0,3798799
0,8138021 0,5404153 0,4116693
0,8138021 0,4831946 0,3862378
0,8138021 0,4959103 0,3941852
1,017253 0,5435942 0,4164376
1,017253 0,4959103 0,3941852
1,017253 0,5276996 0,4100798
1,017253 0,5118049 0,4037219
1,424154 0,5404153 0,4259745
1,017253 0,5467733 0,430743
1,017253 0,5245206 0,4243851
1,220703 0,5531311 0,4323324
0,8138021 0,4831946 0,3989536
1,017253 0,5372364 0,4355114
1,017253 0,5435943 0,4355114
1,220703 0,5626679 0,4498166
1,017253 0,559489 0,4371008
1,220703 0,607173 0,4784271
1,017253 0,5976362 0,4736587
1,017253 0,5817415 0,4673008
1,220703 0,5753837 0,4625324
0,8138021 0,5531311 0,4498166
1,220703 0,607173 0,4831955
1,017253 0,6484986 0,5070374
1,424154 0,6421409 0,49909
1,220703 0,6930033 0,5340582
1,017253 0,6993612 0,5451842
1,220703 0,705719 0,5658468
1,220703 0,7216136 0,5594892
1,424154 0,70254 0,5563102
1,220703 0,747045 0,6055827
1,424154 0,7597607 0,6071723
1,424154 0,7375082 0,5944567
1,220703 0,7597607 0,6087617
1,220703 0,7406872 0,6039933
1,424154 0,7692975 0,6278352
1,627604 0,7979076 0,6389612
1,424154 0,8010864 0,6643927
1,424154 0,8138021 0,6707504
1,627604 0,8519489 0,683466
1,424154 0,8551277 0,7057185
1,627604 0,9409579 0,7422758
1,424154 0,9218845 0,7613494
1,627604 0,9854627 0,8153913
1,424154 0,975926 0,8058546
2,034505 1,036326 0,8487704
1,831055 1,026789 0,8440021
2,034505 1,169841 0,9393699
1,424154 1,122157 0,9266545
1,627604 1,115799 0,9107598
1,627604 1,157125 0,9600326
1,831055 1,16984 0,9806957
2,237956 1,293817 1,047452
2,237956 1,293818 1,066526
2,237956 1,351038 1,107851
2,848307 1,503626 1,215934
3,051758 1,710257 1,331966
3,86556 1,983643 1,575152
3,458659 2,412795 1,918475
3,86556 2,657574 2,145768
4,475912 2,765657 2,31266
5,900065 2,927779 2,43028
4,475912 3,032683 2,5479
4,679362 3,147125 2,625783
5,289713 3,28064 2,757707
5,493164 3,337861 2,834001
6,713867 3,770192 3,081957
5,900065 3,862381 3,15984
6,510417 4,119874 3,383955
8,13802 4,323323 3,584227
7,324219 4,739762 3,843307
7,120769 4,634857 3,95298
9,765622 5,369187 4,340808
7,527669 5,238853 4,452071
8,544921 5,68072 4,795392
8,748372 5,753835 4,763602
9,358722 6,163915 5,135538
10,17252 6,380082 5,29607
16,8864 7,543563 6,162323
32,34861 8,436839 6,933212
27,66926 9,473168 7,623039
35,6038 11,25018 8,893014
34,58656 12,55036 9,783111
33,36585 15,63072 11,67616
44,14875 22,08073 15,47178
40,07971 25,78734 20,62797
37,02795 26,40724 21,93928
45,9798 29,41448 23,93245
48,82814 30,39358 24,04371
41,30043 28,17153 23,39044
39,2659 27,86635 23,48581
39,67281 28,95672 23,55416
43,53838 31,26143 24,80824
53,50754 29,39223 24,4236
48,21777 30,54299 25,1611
56,96619 31,73191 26,33413
55,33862 33,41037 27,48489
57,57658 35,13335 27,86158
60,42491 37,97211 30,84659
55,13515 39,28818 33,91583
54,11785 41,47845 35,76596
50,86266 41,59608 37,17103
62,45938 43,58291 38,13426
51,87989 41,16056 36,1204
62,66282 41,64058 36,43829
61,84904 43,44621 37,53979
61,64552 45,30588 38,49824
72,02158 49,38127 41,93942
75,27676 55,13512 45,6397
78,12507 57,01384 50,76726
73,6492 59,15327 53,24207
68,56291 56,14285 50,33972
74,46301 59,4044 52,70324
76,9044 58,56518 52,38376
70,19048 56,71504 50,88966
77,31129 58,00251 51,55089
72,63187 55,03339 49,65149
80,56644 58,86399 52,90828
76,29402 57,57971 51,87831
78,73545 58,48888 52,02613
74,86988 57,77044 52,06587
84,22856 59,46481 53,54565
86,66999 59,22639 52,66828
68,15598 57,56381 51,57471
69,37671 57,39533 51,26002
75,07336 59,52205 52,81771
88,09415 59,56334 52,92099
78,32854 58,62557 52,63649
72,02158 58,20914 52,24232
75,27676 59,21685 52,96232
84,83891 58,71777 53,07836
71,41122 59,7954 53,41056
80,76997 60,09105 53,31359
78,93896 59,50614 53,97322
88,09418 59,28361 53,02272
94,60457 60,20868 53,46618
77,10792 61,36265 55,2464
81,58372 62,72956 55,91871
86,66996 65,49207 57,69733
83,41479 66,66189 58,76067
104,1665 67,79678 59,37739
96,639 69,75816 62,17958
96,63886 73,36941 64,04562
103,5563 74,73634 65,28699
119,0184 81,00834 71,19501
111,2873 85,43336 73,12936
115,7632 90,1095 78,90707
123,4941 93,39333 82,72652
118,815 97,53859 88,33408
118,6114 99,72569 89,5516
124,5116 101,6267 90,53388
127,3599 103,9759 93,72708
138,5493 108,8459 97,06014
130,0047 106,608 96,88216
142,0085 108,6743 99,23292
135,701 109,202 98,05833
137,9388 112,0471 101,6616
158,2836 117,4098 105,9245
152,3836 121,4629 110,5228
160,7252 128,2306 114,3501
161,539 131,6225 119,0198
164,3873 137,5351 125,3792
171,5083 138,0056 126,4012
162,7597 137,0074 126,94
178,0189 137,3444 126,0737
164,7942 136,235 125,8131
167,8461 142,065 130,6322
182,4947 138,2282 127,97
166,0151 139,6491 128,38
179,2395 145,7431 133,4837
190,4298 142,9361 132,0707
181,6811 146,2994 134,4851
187,3779 147,5201 135,5547
185,1399 150,0283 136,5959
177,6121 150,5433 135,5103
179,85 147,5931 135,8838
182,902 150,8992 137,8531
190,6332 150,7022 139,2312
191,2436 153,6999 140,9303
189,8194 152,0596 138,3745
189,0056 150,0441 138,1074
190,8367 148,9919 136,9678
187,3779 153,4678 141,0002
186,5641 149,5387 138,3857
190,0229 151,3094 138,4635
189,616 158,2203 143,0077
