0,6103516 0,2956391 0,2209348
0,6103516 0,2924602 0,2098086
0,8138021 0,3083548 0,2288821
0,6103516 0,2924601 0,2145769
0,6103516 0,2765655 0,2050401
0,6103516 0,2733865 0,2082191
0,6103516 0,2861023 0,2209348
0,6103516 0,2638497 0,2066296
1,017253 0,3083548 0,2336505
0,6103516 0,2892812 0,2066296
0,8138021 0,2892812 0,2177559
0,6103516 0,3147127 0,2257032
0,4069011 0,2733865 0,2018612
0,8138021 0,2765654 0,211398
0,6103516 0,2829233 0,2161664
0,8138021 0,2924601 0,2193453
0,4069011 0,2829233 0,2098085
0,6103516 0,3051759 0,2272927
0,6103516 0,3274285 0,2336506
0,6103516 0,2892812 0,2098086
0,4069011 0,2733865 0,2050401
0,6103516 0,301997 0,2288821
0,6103516 0,2733865 0,2129874
0,6103516 0,3051759 0,2384189
0,6103516 0,2829233 0,2082191
0,8138021 0,3051759 0,23524
0,6103516 0,3115338 0,2304716
0,8138021 0,3115337 0,2400084
0,6103516 0,3242495 0,2400084
0,6103516 0,3210706 0,2320611
0,6103516 0,3242495 0,238419
0,6103516 0,301997 0,2384189
0,6103516 0,3115338 0,2320611
0,6103516 0,301997 0,2384189
0,6103516 0,3147127 0,2368295
0,6103516 0,3178916 0,2431873
0,6103516 0,3115338 0,23524
0,6103516 0,3083549 0,2288821
0,8138021 0,3051759 0,2193454
0,6103516 0,301997 0,2304716
0,6103516 0,3147127 0,2304716
0,6103516 0,3083548 0,2272927
0,8138021 0,3274285 0,2495452
0,6103516 0,3242495 0,2463662
0,6103516 0,2861022 0,2129875
0,6103516 0,3115337 0,2304716
0,8138021 0,2861023 0,2209348
0,8138021 0,3306074 0,2431873
0,6103516 0,3115338 0,2431873
0,8138021 0,2765655 0,2193453
0,6103516 0,298818 0,2304716
0,8138021 0,2956391 0,232061
0,8138021 0,3274285 0,2479557
0,4069011 0,254313 0,2066296
0,6103516 0,298818 0,23524
0,8138021 0,3115338 0,2304716
0,4069011 0,2924602 0,2257032
0,6103516 0,3274285 0,2320611
0,8138021 0,3115338 0,2336505
0,6103516 0,2924601 0,2225243
0,4069011 0,2988181 0,23524
0,8138021 0,2892812 0,2209348
1,017253 0,2892812 0,2241137
0,6103516 0,3274285 0,2495452
0,6103516 0,3401442 0,2479557
0,6103516 0,3115338 0,2447768
0,6103516 0,2733865 0,2082191
0,6103516 0,3306074 0,2415979
0,6103516 0,3051759 0,2384189
0,6103516 0,3274284 0,2463662
0,6103516 0,3274285 0,255903
0,6103516 0,298818 0,2272927
0,6103516 0,3083548 0,2304716
0,8138021 0,3496809 0,2622607
0,6103516 0,2924602 0,2272927
0,6103516 0,3306074 0,2463663
0,8138021 0,3306074 0,2463663
0,8138021 0,3147127 0,2447768
0,8138021 0,3369653 0,2415979
0,6103516 0,3147127 0,2479557
0,6103516 0,3210706 0,238419
0,6103516 0,3433231 0,2574924
0,6103516 0,3306074 0,2527241
0,6103516 0,2956391 0,2368294
0,8138021 0,3019969 0,2336505
0,6103516 0,3337863 0,255903
0,6103516 0,3019969 0,2400084
0,6103516 0,3369652 0,2574924
0,8138021 0,3433231 0,2622608
0,6103516 0,3242495 0,2447768
0,8138021 0,3306074 0,2479557
0,6103516 0,3306074 0,2527241
0,8138021 0,3147127 0,2415979
0,6103516 0,3687542 0,2749762
0,6103516 0,3369653 0,2495452
0,8138021 0,3337863 0,2638502
0,6103516 0,3019969 0,232061
0,8138021 0,3592176 0,2686185
0,6103516 0,3242495 0,2511346
0,6103516 0,3306074 0,2574925
0,6103516 0,3465019 0,2654396
0,8138021 0,3210706 0,2511346
0,6103516 0,3083549 0,2415978
1,017253 0,3655754 0,2781552
0,8138021 0,3496809 0,2638502
0,6103516 0,3369653 0,2463663
0,6103516 0,2988181 0,2368294
0,6103516 0,3369653 0,2590819
0,8138021 0,3719332 0,2733868
0,8138021 0,3401442 0,2606713
0,6103516 0,3306074 0,2495452
0,8138021 0,3496809 0,2638502
0,8138021 0,3528597 0,2638502
0,6103516 0,3592175 0,2765657
0,6103516 0,346502 0,270208
0,8138021 0,3910066 0,281334
0,6103516 0,3401441 0,2606713
0,8138021 0,375112 0,2781551
0,8138021 0,3592176 0,2733868
0,8138021 0,3687542 0,2765657
0,8138021 0,3560387 0,2686185
0,8138021 0,3814698 0,281334
1,017253 0,3719332 0,2765657
0,6103516 0,3623964 0,267029
0,6103516 0,3655753 0,2765657
0,6103516 0,3655754 0,2717974
0,6103516 0,3719331 0,2781551
0,8138021 0,3878277 0,2845128
0,8138021 0,3592176 0,270208
0,6103516 0,3560386 0,2654396
0,8138021 0,3369653 0,2590819
0,6103516 0,3687542 0,2781551
0,8138021 0,3496808 0,270208
0,6103516 0,4164377 0,2972283
0,6103516 0,343323 0,2622607
0,6103516 0,3369653 0,2606713
0,6103516 0,3592176 0,2733868
0,6103516 0,3623964 0,2765657
0,6103516 0,3687542 0,2733868
0,8138021 0,4323323 0,3115333
0,6103516 0,3560386 0,2733868
0,8138021 0,3846487 0,2892812
0,8138021 0,3592175 0,2702079
0,8138021 0,4164377 0,3019966
0,6103516 0,3878277 0,2924601
0,8138021 0,3910065 0,2876917
0,8138021 0,4386901 0,3147122
0,8138021 0,43869 0,317891
0,6103516 0,4323322 0,3131227
0,8138021 0,4450478 0,3290171
0,6103516 0,4227955 0,3131227
0,6103516 0,4450478 0,3353748
1,017253 0,4386901 0,3194805
0,6103516 0,4291533 0,3163016
0,8138021 0,4259744 0,3099438
0,8138021 0,4545845 0,3417326
0,8138021 0,4482267 0,3242488
0,8138021 0,4768369 0,3830589
0,6103516 0,4673001 0,332196
0,8138021 0,5022681 0,3878272
0,8138021 0,4895525 0,3687535
0,8138021 0,4863735 0,3957746
0,8138021 0,4959103 0,3957746
0,8138021 0,5181628 0,4021324
1,017253 0,5308785 0,4196166
0,8138021 0,5372364 0,424385
1,220703 0,5976362 0,4450481
1,017253 0,5690258 0,4418692
1,017253 0,5944573 0,4641218
1,017253 0,6071729 0,4800165
1,017253 0,6389621 0,4990901
1,017253 0,705719 0,5578997
1,017253 0,705719 0,5547209
1,424154 0,6993612 0,5515419
1,424154 0,7724764 0,61353
1,424154 0,7820131 0,6341929
1,424154 0,8869166 0,6961815
1,831055 0,9028112 0,7104868
2,034505 1,036326 0,8169808
2,237956 1,17302 0,8853281
2,848307 1,417795 1,082421
3,86556 1,459121 1,142819
3,86556 1,70072 1,311302
3,86556 1,964569 1,46548
4,272461 2,257029 1,659393
5,900064 2,530416 1,870791
6,510417 3,306071 2,322198
8,951822 3,557204 2,519289
10,37598 4,472734 3,240903
11,39323 4,975 3,616014
10,57943 5,960464 4,39008
10,98633 6,952285 5,311965
14,44499 7,521312 5,625088
12,61393 8,160272 6,403924
13,02083 8,506772 6,818771
18,514 9,16163 7,456142
14,85189 9,930929 7,813774
22,17611 11,11984 8,953414
17,49675 11,93364 9,504955
18,71746 12,84281 10,87507
17,7002 13,60257 11,46476
20,1416 14,08259 11,81761
19,73471 15,1062 12,75857
18,31055 14,60394 12,84758
21,76921 16,03763 13,7949
21,36231 16,10756 13,91252
23,3968 16,05034 13,92046
21,76921 16,39367 14,34326
25,43131 17,01991 14,7597
21,36231 17,66205 15,42727
23,8037 17,79875 15,52105
23,19335 18,23425 15,82146
26,65201 19,75695 16,94997
29,50033 20,46267 17,80828
29,09342 21,35913 18,7238
33,56933 21,60072 18,99879
31,53482 22,0871 19,32463
29,50032 22,29372 19,38343
33,97623 23,39998 20,48174
36,21418 24,48082 20,67884
34,99347 25,49489 21,89795
40,89354 27,71377 23,04077
37,63832 27,52621 23,77191
38,24868 28,17472 23,74014
37,84178 29,15382 24,61116
39,87629 29,9867 26,20379
40,07973 30,87679 26,81255
37,84177 31,05799 26,55664
39,46939 29,85636 26,40883
47,40397 32,0816 27,9967
42,52115 32,23418 28,29711
41,70734 32,66333 28,6595
43,94532 32,4567 28,75646
42,72461 33,23236 29,01553
44,14875 33,98576 29,88816
43,94531 32,40902 28,09842
45,5729 33,5439 29,83253
46,38671 34,78685 31,08183
44,75911 34,1479 30,11068
42,72461 34,32909 30,43492
42,72458 34,53572 31,13587
45,57291 34,89811 31,35045
42,92805 34,90129 30,43652
42,3177 35,19693 30,94672
43,74184 34,79321 31,10408
46,38671 35,21601 30,57639
43,9453 34,92036 30,845
42,11424 35,09838 30,97692
44,14875 35,67059 31,59204
47,20054 36,88811 31,48237
43,33494 35,56568 31,43787
43,74186 36,06478 31,76689
50,04885 36,38266 32,2326
45,16602 35,31137 31,32183
43,5384 35,85179 32,42492
49,84539 36,10292 31,75576
49,0316 37,27594 33,03844
49,23503 37,81954 33,77438
49,23503 37,39992 33,741
52,28677 38,10881 33,85702
50,86264 37,50164 33,58046
49,03158 36,70374 32,87315
54,52476 37,77185 33,39925
51,47298 39,31044 34,56114
44,96257 37,94669 33,56932
52,6937 38,77003 34,01754
50,65918 38,76049 34,3418
47,20053 38,20101 34,32433
49,84538 37,63199 33,40882
46,99707 38,27094 33,92219
52,28684 39,27866 34,99826
48,01434 39,62517 35,52596
50,65921 38,93215 34,98236
53,50752 38,92261 34,83453
56,76272 40,34994 35,99802
48,62468 38,87493 35,127
46,99707 38,47122 34,8997
49,43846 39,58701 35,99802
49,64191 38,90037 34,77892
68,96976 39,47257 34,66606
45,77636 38,87175 35,45442
49,84541 39,45985 35,44966
47,60742 39,43124 34,41651
52,89717 39,01797 35,36223
57,37309 39,38992 35,39562
53,10063 39,47575 35,02687
69,37674 41,73916 36,26506
84,22869 42,47029 37,53821
69,37673 43,23642 37,50801
88,29759 49,24139 40,21169
94,60454 57,2809 45,95759
94,19761 63,69598 53,25799
86,87344 65,01206 56,2716
97,45274 67,072 57,05202
118,6114 67,48528 57,65444
103,1493 67,9017 57,90238
96,02865 68,62331 57,93575
106,8114 70,31451 60,24049
92,97691 70,10789 60,37401
95,21485 73,66511 62,19711
96,84238 70,78182 60,39944
107,6252 75,07969 62,98229
94,40107 72,65421 62,25276
100,0976 73,88762 63,75
116,3734 77,49888 66,62218
112,9148 81,11646 69,00158
127,1561 81,34533 66,62376
115,1527 82,77904 71,36037
130,0043 88,93972 77,30493
126,7492 88,92699 76,04445
113,932 89,7567 77,8676
121,2562 90,63407 79,30762
153,6043 90,42108 79,47451
127,1562 92,12496 79,0072
129,5974 93,19309 80,62366
123,6975 95,40242 81,358
119,0182 95,15122 82,02558
121,6631 94,59177 82,33075
139,5665 97,81195 84,67677
125,325 94,41057 82,42772
145,4664 99,0358 85,48099
