0,8138021 0,3274285 0,23524
0,4069011 0,2829233 0,2066296
0,8138021 0,3178917 0,2431873
0,6103516 0,2892812 0,2257032
0,4069011 0,2861023 0,211398
0,6103516 0,2797444 0,2129875
0,6103516 0,2956391 0,2209348
0,6103516 0,3051759 0,2257032
0,6103516 0,3083549 0,2241138
0,6103516 0,2956391 0,2129875
0,6103516 0,2861023 0,2034507
0,6103516 0,2829233 0,2145769
0,6103516 0,2956391 0,2193453
0,8138021 0,3051759 0,2288821
0,6103516 0,3147127 0,23524
0,4069011 0,2606708 0,2034507
0,8138021 0,2892812 0,232061
0,6103516 0,2956391 0,2225243
0,6103516 0,3051759 0,2225243
1,017253 0,3274284 0,2463662
0,6103516 0,2956391 0,2209348
0,6103516 0,3019969 0,2161664
0,6103516 0,3019969 0,2288821
0,6103516 0,2892812 0,2272926
0,6103516 0,3147127 0,2288821
0,6103516 0,2574919 0,1986823
0,6103516 0,2829233 0,2177559
0,6103516 0,3147127 0,23524
0,6103516 0,2797444 0,2082191
0,4069011 0,2956391 0,2225243
0,6103516 0,3019969 0,2336505
0,6103516 0,2861023 0,2241137
0,6103516 0,3083548 0,2209348
0,6103516 0,2733865 0,211398
0,4069011 0,2797444 0,2082191
0,6103516 0,2892812 0,2145769
0,6103516 0,3147127 0,2320611
0,6103516 0,2988181 0,2241137
0,6103516 0,2892812 0,2161664
0,6103516 0,301997 0,2336505
0,6103516 0,3083549 0,23524
0,6103516 0,3178917 0,2288822
0,6103516 0,2956391 0,2304716
0,6103516 0,3083549 0,23524
0,6103516 0,3083549 0,2336505
0,6103516 0,298818 0,2272927
0,8138021 0,3019969 0,2241137
0,6103516 0,3274285 0,2479557
0,6103516 0,3147127 0,2415978
0,6103516 0,3401442 0,2511347
0,6103516 0,2988181 0,23524
0,8138021 0,298818 0,2288821
0,6103516 0,3083548 0,2368294
0,8138021 0,301997 0,2304716
0,6103516 0,3147127 0,2431873
0,6103516 0,3306074 0,2495452
1,017253 0,3528598 0,2622608
0,8138021 0,3242495 0,2447768
0,6103516 0,3210706 0,2415979
0,8138021 0,2892812 0,2257032
0,6103516 0,3115338 0,2368295
0,8138021 0,3115338 0,2368295
1,017253 0,3528599 0,2527241
0,6103516 0,3337863 0,2495452
0,6103516 0,2956391 0,2209348
0,6103516 0,3051759 0,2320611
0,8138021 0,3337863 0,2511347
0,6103516 0,3147127 0,2368295
0,8138021 0,3369653 0,2400084
0,8138021 0,3147127 0,2415979
0,6103516 0,3178917 0,2463662
0,6103516 0,3051759 0,2304716
0,6103516 0,3051759 0,2400084
0,6103516 0,3369653 0,2479557
0,6103516 0,3083549 0,2288821
0,6103516 0,3147127 0,2463662
0,6103516 0,3401442 0,255903
0,6103516 0,343323 0,2622607
0,6103516 0,3242495 0,2400084
0,6103516 0,3147127 0,2415978
0,6103516 0,298818 0,2336505
0,6103516 0,2956391 0,2304716
0,6103516 0,3051759 0,2336505
0,6103516 0,3115338 0,2447768
0,6103516 0,3369652 0,2479557
0,6103516 0,301997 0,2336505
0,6103516 0,3242495 0,2479557
0,8138021 0,3337863 0,2574925
0,6103516 0,2988181 0,2368294
0,6103516 0,3369653 0,238419
0,6103516 0,3242495 0,2479557
0,6103516 0,343323 0,2511346
0,6103516 0,3274285 0,2447768
0,6103516 0,3401442 0,2511347
0,6103516 0,3369652 0,2463663
0,6103516 0,3655753 0,2765657
0,6103516 0,3337863 0,2527241
0,6103516 0,3528597 0,2733868
1,220703 0,3910066 0,2829234
0,6103516 0,298818 0,2384189
0,6103516 0,3242495 0,2511346
0,6103516 0,3242495 0,2527241
0,6103516 0,3592176 0,2749763
0,6103516 0,3910066 0,281334
0,8138021 0,3560387 0,2590818
0,6103516 0,3560386 0,2559029
0,8138021 0,3433231 0,2638502
0,6103516 0,3560386 0,2749763
0,6103516 0,343323 0,2622607
0,8138021 0,3496809 0,2638502
0,6103516 0,3687543 0,267029
0,6103516 0,3337863 0,2527241
0,6103516 0,3306074 0,2527241
0,8138021 0,3401442 0,2479557
0,6103516 0,3274285 0,2543136
0,6103516 0,3465019 0,2670291
0,6103516 0,3878276 0,2861023
0,8138021 0,3306074 0,2606713
0,6103516 0,3846487 0,2781551
0,6103516 0,3433231 0,2654397
0,8138021 0,3369653 0,2606713
0,6103516 0,3528597 0,2702079
0,8138021 0,3369653 0,2606713
0,6103516 0,3592175 0,2654396
0,6103516 0,3592175 0,2702079
0,6103516 0,3655753 0,2733868
0,6103516 0,3369653 0,2590819
0,8138021 0,3560387 0,2622607
0,6103516 0,3306074 0,2606713
0,6103516 0,3496809 0,2622607
0,6103516 0,3433231 0,2574924
0,8138021 0,378291 0,2797446
0,6103516 0,346502 0,2606713
0,8138021 0,3687542 0,2765657
0,8138021 0,3846488 0,2829234
0,8138021 0,3560387 0,2686185
0,6103516 0,3687543 0,2781551
0,8138021 0,3719331 0,2765657
0,6103516 0,3401441 0,2590819
0,6103516 0,3814698 0,2861023
0,8138021 0,3941854 0,2972284
0,6103516 0,3687542 0,2797446
0,8138021 0,3528597 0,2702079
0,8138021 0,3655754 0,2765657
0,8138021 0,3846487 0,2845128
0,6103516 0,3592175 0,2781551
0,8138021 0,4164377 0,3004072
0,8138021 0,3941854 0,2908706
0,6103516 0,3910065 0,29246
0,8138021 0,4164377 0,3035861
0,6103516 0,4132588 0,3051755
0,8138021 0,3592176 0,2749763
0,6103516 0,3846487 0,2829234
0,8138021 0,4132589 0,306765
0,8138021 0,4100799 0,3019967
0,6103516 0,4259744 0,3115333
0,6103516 0,4227955 0,3099439
1,017253 0,4196166 0,3035861
0,6103516 0,4132588 0,3083544
0,6103516 0,406901 0,2988178
0,8138021 0,43869 0,3210699
0,8138021 0,4196166 0,3099439
0,8138021 0,3941854 0,2908706
1,017253 0,4323322 0,3163016
0,8138021 0,4609423 0,3592168
0,6103516 0,4355111 0,3210699
0,6103516 0,4450478 0,3194804
0,6103516 0,4641212 0,3433221
0,8138021 0,4609423 0,3290171
0,8138021 0,4609423 0,332196
1,017253 0,4641213 0,3290171
0,8138021 0,4641213 0,3449115
0,8138021 0,4609423 0,3608063
0,8138021 0,4800158 0,3751115
0,8138021 0,4641213 0,3592168
0,8138021 0,4514056 0,3385537
0,8138021 0,4927314 0,3782904
0,8138021 0,4863736 0,3894167
1,017253 0,5022681 0,3798798
1,017253 0,5245206 0,3957745
1,220703 0,4609424 0,3512694
0,8138021 0,5118049 0,3862377
0,8138021 0,4831946 0,3671641
0,8138021 0,4959103 0,403722
1,017253 0,4959103 0,3767009
1,017253 0,5149838 0,3989535
0,8138021 0,5022681 0,3878272
0,8138021 0,5118049 0,4037219
1,017253 0,5404153 0,427564
1,017253 0,5467732 0,4386903
1,017253 0,5276996 0,4259745
1,424154 0,5435942 0,4355114
1,017253 0,5404153 0,4339219
1,017253 0,4768369 0,3830589
1,017253 0,5435942 0,4434587
0,8138021 0,5181628 0,4132588
1,017253 0,5531311 0,4339219
1,017253 0,55631 0,4339218
1,017253 0,5276996 0,4227956
1,424154 0,553131 0,4498166
1,220703 0,5817415 0,4593534
1,017253 0,5690258 0,4514061
0,8138021 0,5912784 0,4657113
1,017253 0,5626679 0,4514061
1,220703 0,559489 0,4514061
1,220703 0,603994 0,4752481
1,017253 0,6103519 0,4927323
1,017253 0,607173 0,4704797
1,627604 0,67393 0,5118058
1,627604 0,6580355 0,5102164
1,017253 0,6326041 0,5006795
1,017253 0,6612142 0,5197532
1,017253 0,6421408 0,5102165
1,220703 0,6516775 0,5102164
1,220703 0,6961823 0,548363
1,220703 0,6961823 0,5610784
1,220703 0,6961823 0,5547208
1,220703 0,705719 0,5801517
1,424154 0,705719 0,5658469
1,220703 0,7279714 0,5912778
1,017253 0,6961823 0,5674362
1,017253 0,7534029 0,6024039
1,220703 0,7343293 0,6008145
1,220703 0,747045 0,5928673
1,220703 0,7565818 0,6055828
1,220703 0,7311504 0,6024039
1,424154 0,7756553 0,61353
1,627604 0,7724764 0,6373719
1,220703 0,7692974 0,6389612
1,220703 0,7661185 0,631014
1,424154 0,7534028 0,6151194
1,220703 0,7692975 0,6246561
1,220703 0,7661185 0,6246563
1,220703 0,8042654 0,6596243
1,424154 0,8455911 0,6850554
1,220703 0,816981 0,6596242
1,424154 0,8551278 0,6850556
1,627604 0,8614856 0,6930028
1,831055 0,9695681 0,750223
1,831055 1,014073 0,780423
1,831055 1,106263 0,874202
2,441406 1,233418 0,9918213
2,237956 1,34468 1,058579
2,441406 1,55131 1,220703
2,848307 1,579921 1,28905
2,441406 1,678467 1,357397
3,051758 1,732509 1,425744
2,644857 1,862843 1,511574
3,051758 1,955031 1,594224
2,644857 1,891453 1,573561
3,051758 2,031326 1,675287
3,255208 2,088547 1,710257
3,051758 2,098084 1,75794
3,458659 2,171199 1,84695
3,255208 2,215704 1,81834
3,458659 2,317428 1,9598
3,255208 2,438226 2,005895
3,255208 2,355574 1,967747
3,255208 2,444584 2,013841
3,662109 2,355574 2,001126
3,86556 2,552669 2,125105
3,255208 2,460479 2,07583
3,458659 2,476373 2,079009
4,272461 2,628964 2,199809
4,069011 2,717973 2,260208
3,86556 2,717973 2,236366
4,272461 2,781551 2,299945
3,458659 2,797444 2,358754
4,272461 2,965925 2,435048
6,103515 3,286997 2,644856
5,696615 3,391902 2,719561
5,493164 3,655753 2,878507
5,900065 3,725688 2,962748
5,900065 4,049937 3,19163
5,900065 4,043579 3,296535
6,306966 4,460017 3,60012
6,103515 4,618961 3,905296
7,324217 4,758835 3,989538
6,713866 4,825593 4,21365
6,713866 4,83195 4,108747
6,306966 4,838307 4,132588
7,324217 5,172093 4,412333
6,713867 5,032223 4,185041
6,917316 4,882812 4,207293
6,713866 4,943213 4,210472
7,324217 5,191167 4,423459
6,713866 5,118053 4,399617
6,713867 5,251565 4,48227
8,544919 5,29289 4,588761
7,324217 5,21024 4,472733
9,155272 5,318322 4,547436
7,120767 5,385078 4,626909
7,527668 5,505879 4,71274
7,120767 5,544027 4,688898
7,324217 5,642574 4,914602
8,341469 5,639395 4,835129
7,324217 5,515417 4,779497
8,544919 5,696617 4,830362
8,341469 5,94457 4,959108
7,324217 5,709331 4,855793
8,74837 5,820591 4,95116
8,748369 5,884169 5,027452
8,341469 6,125768 5,153019
8,341469 5,877812 5,068778
9,358722 6,113052 5,09739
10,57942 6,32286 5,451838
8,95182 6,446837 5,475677
8,74837 6,519952 5,507465
9,562171 6,831485 5,772907
9,155271 6,809233 5,701383
11,18978 7,133483 6,117822
9,358721 7,247923 6,356237
9,15527 7,321037 6,346702
8,951819 7,092158 5,936622
11,80013 7,572173 6,461142
10,78288 7,575351 6,491343
9,15527 7,359186 6,459553
10,37597 7,607142 6,613733
11,18978 7,63893 6,639161
10,17252 7,537206 6,532668
9,969072 7,692973 6,672544
9,562172 7,492699 6,405511
10,17252 7,594425 6,505647
15,05534 7,629392 6,61532
16,4795 8,049011 6,821952
14,44499 7,928214 6,73294
33,77275 8,805591 7,300377
28,6865 9,247459 7,390974
35,80725 10,4332 8,090339
37,84174 12,88732 9,450912
44,55564 15,86914 11,02129
40,89351 20,39274 14,04126
51,67646 24,72241 17,10891
65,71466 32,50121 22,16656
77,71832 38,02615 27,86
92,57 43,96755 33,4692
67,54573 46,08472 35,40039
81,58384 49,48618 39,21349
69,98715 50,29681 41,9553
89,51829 53,07519 43,85632
83,61832 56,82952 47,99369
78,32868 55,2909 46,74278
80,36315 57,79275 49,75959
91,55276 57,11244 48,41489
85,24588 58,14243 49,12539
92,97691 60,44715 51,24414
111,0837 61,97938 51,86563
94,80793 58,49211 50,08383
92,1631 59,15331 50,2523
84,22867 61,46761 52,58247
96,84241 60,93034 50,87698
95,62171 63,39085 53,72053
84,63556 60,73645 51,63674
82,60107 60,89223 51,59384
101,5217 61,29593 53,42488
118,0009 60,31046 51,40308
84,43212 62,53254 52,55545
95,82516 63,05706 53,13243
77,31142 61,40721 53,02594
115,763 63,95033 54,48824
105,5906 63,15877 54,75527
86,46658 63,88039 54,44214
86,46658 64,03935 55,12243
85,85623 64,8913 55,72324
91,14587 65,77186 57,00753
87,28036 63,38449 54,90627
112,7113 64,85313 55,78999
88,29762 62,85042 55,09223
84,02521 64,8309 56,28749
95,62171 68,02888 58,43645
90,53554 65,53026 57,13786
91,7562 64,0584 55,63106
90,94242 67,1865 58,9753
93,18034 67,46306 58,32204
93,18034 68,41675 59,08337
95,62171 68,47395 57,52412
96,63895 66,44579 57,904
98,46999 69,13835 60,05771
103,1493 70,12381 59,97826
95,21481 70,17788 60,32796
110,0665 68,90311 59,97188
99,69066 68,57251 58,79092
114,7458 70,40991 61,80931
87,48383 68,67107 59,6715
118,0009 68,91264 59,59836
94,80792 69,3895 59,93851
107,6251 70,68651 60,80637
114,1354 71,94534 62,4896
98,26655 72,13609 61,77119
111,0837 74,9526 64,49075
95,01138 74,76505 65,24734
98,46997 75,39764 66,4617
107,6251 75,72824 66,05001
102,3355 77,54023 67,84135
102,5389 75,07658 65,17581
102,9458 79,41898 70,71033
104,3699 78,58295 69,07478
105,7941 79,51115 68,70441
104,5734 80,37901 72,01685
124,5112 81,29768 72,46984
102,9458 82,12739 72,92918
110,6768 83,65325 74,35175
119,4251 81,19918 71,73868
121,8664 82,42937 72,67966
112,9147 84,15868 75,02884
109,0492 85,00429 75,07174
127,7664 82,46436 73,02298
118,4078 84,9407 74,34219
116,7802 84,88666 72,97368
110,0665 85,24905 74,66011
111,6941 87,26444 75,80767
111,0837 86,44749 76,44977
124,5112 85,00426 74,31197
115,763 84,94705 75,22592
111,6941 84,54016 73,79703
102,5389 82,47388 71,7228
114,5423 85,37302 74,13715
115,763 85,9802 77,4003
123,2906 83,46887 75,89351
112,3044 85,60825 76,82968
121,4595 85,99608 75,65507
113,1182 85,25541 73,96867
114,7458 85,87849 75,64555
111,4906 84,67369 76,27497
109,0492 86,34576 77,26521
113,7285 84,15236 74,85878
115,1527 89,54372 77,9884
122,2733 88,13548 78,36353
122,8837 87,28989 78,48434
115,763 88,73946 77,85489
120,0354 89,0637 79,03584
109,0492 87,10869 75,5629
114,7458 88,78394 79,29969
117,7975 88,75535 78,60671
