0,8138021 0,3083549 0,2304716
0,6103516 0,298818 0,2288821
0,6103516 0,3115338 0,2193454
0,8138021 0,2892812 0,2257032
0,6103516 0,3147127 0,2304716
0,6103516 0,2829233 0,2082191
0,6103516 0,2829233 0,2129875
0,6103516 0,2702076 0,2145769
0,6103516 0,3274284 0,2447768
0,6103516 0,298818 0,2336505
1,017253 0,298818 0,2145769
0,6103516 0,3242495 0,238419
0,6103516 0,3274285 0,2495452
0,6103516 0,2861023 0,2177559
0,6103516 0,2924601 0,2225243
0,6103516 0,3369653 0,2463663
0,6103516 0,3210706 0,2368295
0,6103516 0,3147127 0,2431873
0,6103516 0,3274285 0,2511347
0,6103516 0,3242495 0,2368295
0,4069011 0,2861023 0,2129875
0,8138021 0,3242495 0,2511346
0,6103516 0,3210706 0,2400084
1,017253 0,3369653 0,2495452
1,017253 0,3147127 0,2415978
0,6103516 0,3115337 0,2384189
0,8138021 0,3496809 0,255903
0,8138021 0,3210706 0,2447768
0,8138021 0,3274285 0,2511346
0,8138021 0,3147127 0,2431873
0,6103516 0,3115338 0,2463662
0,6103516 0,3115338 0,2368295
0,8138021 0,3592176 0,2638502
0,6103516 0,3083548 0,2384189
0,8138021 0,3210706 0,2447768
0,6103516 0,2988181 0,2272927
0,6103516 0,3051759 0,2368294
0,6103516 0,3178917 0,2463662
0,6103516 0,3369653 0,2543136
0,6103516 0,3178916 0,2463662
0,8138021 0,3369652 0,255903
0,8138021 0,3369653 0,2606713
0,6103516 0,3178917 0,2384189
0,6103516 0,3210706 0,2479557
0,8138021 0,3719333 0,2765657
0,6103516 0,346502 0,2574924
0,6103516 0,3496808 0,2654396
0,8138021 0,378291 0,2797445
0,6103516 0,3401442 0,2543135
0,6103516 0,3623964 0,2702079
0,8138021 0,3592176 0,270208
1,017253 0,3433231 0,2638502
1,220703 0,3687543 0,2749763
0,6103516 0,3465019 0,2622607
1,017253 0,346502 0,255903
0,8138021 0,3401442 0,2527241
1,220703 0,3910066 0,2765656
0,6103516 0,3051759 0,2463662
0,8138021 0,3496809 0,2670291
0,8138021 0,3496808 0,270208
0,6103516 0,3274285 0,2527241
0,8138021 0,3973643 0,2908706
1,017253 0,4132589 0,3035862
0,6103516 0,3592175 0,2702079
0,6103516 0,3782909 0,2845128
0,8138021 0,3751121 0,2765657
0,8138021 0,3814698 0,2892812
0,8138021 0,3941854 0,2908706
0,6103516 0,3973643 0,29246
0,8138021 0,4227955 0,3131227
0,8138021 0,4227955 0,3083544
0,8138021 0,4164377 0,3019966
0,6103516 0,4259744 0,3115333
0,6103516 0,4164377 0,3019966
1,017253 0,3941854 0,2940495
0,8138021 0,4323323 0,3131227
1,220703 0,4037221 0,2988178
0,6103516 0,43869 0,3226593
0,8138021 0,4609423 0,3385537
0,8138021 0,4450479 0,3226594
0,8138021 0,470479 0,3560378
0,8138021 0,4609423 0,3512694
0,8138021 0,4800158 0,3592167
1,017253 0,5118049 0,3623956
0,8138021 0,4736579 0,3655747
0,8138021 0,4704791 0,3544483
0,8138021 0,4800158 0,3687536
1,017253 0,5181628 0,397364
1,017253 0,5308785 0,4132587
1,017253 0,5658469 0,4212061
1,017253 0,5626679 0,4434587
1,220703 0,5499521 0,4180271
1,220703 0,5785626 0,4625324
1,220703 0,5817415 0,4529955
1,424154 0,6230676 0,4673006
1,831055 0,6262464 0,4768374
1,424154 0,6866456 0,5229322
1,424154 0,7661185 0,5722049
2,034505 0,8074445 0,6246562
1,424154 0,8742011 0,6802868
2,848307 1,049042 0,7820124
2,644857 1,258851 0,9361907
4,272461 1,468657 1,093547
7,527668 1,878738 1,322428
6,103515 2,406439 1,676878
7,731118 3,306071 2,260208
5,900064 3,824234 2,738635
8,95182 4,494986 3,317198
8,54492 4,784266 3,581048
7,934568 5,464554 4,016559
10,17252 5,324683 4,067423
10,37597 6,081263 4,658699
13,63119 6,580352 4,873277
11,18978 6,866454 5,351702
14,24154 7,826486 5,982717
14,44499 8,112588 6,322861
13,63119 8,75155 6,85215
13,42774 9,371441 7,387798
14,64844 9,679794 7,750193
13,83464 10,30286 8,099873
19,73471 10,47452 8,62916
17,7002 11,23428 9,090106
17,90365 11,96861 9,764035
17,49675 12,60122 10,41412
24,61751 13,23382 10,47135
23,8037 13,42138 10,83056
20,34506 13,75517 11,30263
19,93815 13,95862 11,44727
20,14161 14,43545 11,80013
21,15886 15,56396 12,28968
21,97266 15,76106 12,62824
21,97266 16,36188 13,09713
26,85546 16,86096 13,73927
23,39681 17,68112 14,36711
26,65201 18,20246 15,20952
27,26236 18,26604 15,10143
27,26236 18,66659 15,92159
26,65201 20,50082 17,57462
27,87273 20,58665 17,29965
28,68651 21,16203 17,71927
29,70377 21,01262 17,66045
27,87272 22,04577 18,74288
32,55207 22,57029 18,76354
31,94172 21,80735 18,66977
35,80727 22,35731 18,21836
25,63477 21,70245 18,43134
30,51756 23,34912 19,66158
31,94172 23,71152 20,60096
32,14518 24,07392 20,47062
30,92447 23,62887 20,10822
32,95897 24,58254 21,58642
36,82451 25,77781 21,66589
35,40036 26,00352 22,4495
33,56933 25,78735 21,85663
37,63832 26,56936 22,41929
39,06247 26,5344 22,20471
34,79004 26,48353 22,24764
37,84176 27,99987 23,93404
38,65557 28,02848 23,91338
33,16243 28,10796 23,95789
34,38312 27,18607 23,18382
51,67646 28,22876 23,82119
39,26594 27,81232 23,82755
36,41763 28,39724 23,52079
45,97983 29,23647 24,52373
38,24869 29,14428 24,6938
37,63833 27,44992 23,74013
45,57293 29,69105 25,16269
42,31771 29,09024 24,94652
44,14875 30,61294 26,3834
46,38674 29,91994 25,86683
39,06248 30,63519 26,24193
39,26593 30,33956 26,61863
42,72461 30,90223 26,84117
45,36945 31,42675 26,16882
41,9108 31,29959 25,89226
40,89354 32,23418 27,75827
43,33496 31,51575 26,84116
42,72459 32,24372 27,00805
40,48664 32,11021 27,66927
42,72461 32,23736 27,49601
48,01432 32,97169 27,90133
50,04882 33,35316 27,97444
45,77639 33,89676 28,33684
53,30406 34,4626 29,31594
48,42125 33,97941 28,82481
47,81086 33,92537 28,97103
48,21778 33,83953 29,04097
56,76269 35,72463 30,68446
52,69371 35,97894 30,72421
49,23502 34,56433 29,63384
45,77636 36,19511 31,45059
49,03157 36,66877 31,10409
45,77635 34,74553 29,30482
49,23505 35,92808 29,38905
47,40397 36,71646 30,80527
54,93167 37,2219 31,27892
52,28679 36,95487 30,44287
51,67645 37,08839 31,8114
47,20051 37,90219 32,14359
47,60744 38,44896 32,95739
50,65918 38,23597 31,92424
49,4385 38,80182 33,79185
52,49023 40,10836 33,89518
55,54202 40,58837 34,52618
53,91439 39,50118 34,60089
58,39031 41,41807 35,19534
53,30404 39,70781 34,13677
56,35579 41,44986 35,23032
58,18689 42,03796 35,37496
55,13509 41,77729 35,44649
57,98338 40,96666 34,98077
59,2041 42,08564 36,63061
58,3903 42,35586 35,79617
60,01794 44,04385 37,19806
61,03517 45,56973 38,93375
62,86625 44,51434 38,07703
62,66276 46,17374 39,56953
62,86621 47,79816 39,29138
65,91798 48,07791 41,78842
71,00426 50,04883 42,54977
69,58011 50,02976 42,6086
71,41115 50,88171 44,17896
72,42844 53,39941 44,60335
77,10779 55,63736 47,21802
69,17319 56,20957 47,80293
72,63186 54,51839 47,81565
85,65266 59,37578 50,4764
83,82162 58,95297 51,00726
74,66637 59,15007 49,97572
79,95609 63,40981 54,70276
92,56998 61,70592 53,09583
86,46647 62,00791 52,07857
80,36296 63,58465 54,00341
94,60451 67,98111 57,96275
91,9596 69,11914 58,41097
91,75618 71,67182 62,26541
89,72165 73,43291 63,75471
101,3183 75,46743 64,86575
94,40105 73,52828 61,81398
99,48725 77,40021 64,9627
93,7907 77,52419 67,78241
104,3701 79,44745 69,28603
104,1667 80,1563 69,70564
110,8805 81,26897 69,64366
101,3184 81,03688 69,75175
104,777 82,31801 70,18408
109,2529 83,44968 72,65091
111,4908 84,6831 74,62978
106,2012 84,12679 72,24081
106,4046 84,47647 74,50898
101,5218 83,41153 72,55552
