0,6103516 0,2924601 0,2161664
0,6103516 0,3083549 0,2304716
0,6103516 0,2861023 0,2177559
0,8138021 0,2861023 0,2129875
0,6103516 0,2924601 0,2241137
0,6103516 0,301997 0,2320611
0,8138021 0,2924601 0,2257032
0,6103516 0,3051759 0,2257032
0,6103516 0,3147127 0,2257032
0,6103516 0,2892812 0,2066296
0,6103516 0,301997 0,2272927
0,6103516 0,3051759 0,2368295
0,6103516 0,2797444 0,2161664
0,8138021 0,2924601 0,2209348
0,6103516 0,3178917 0,2320611
0,6103516 0,3115338 0,2272927
0,8138021 0,3019969 0,2225243
0,8138021 0,2892812 0,2098086
0,6103516 0,2606708 0,2034507
0,6103516 0,2956391 0,2177559
0,6103516 0,2702076 0,2082191
0,6103516 0,2670287 0,2098085
0,6103516 0,298818 0,2225243
0,6103516 0,3178917 0,23524
0,8138021 0,3178917 0,2368295
0,8138021 0,3115337 0,2272927
0,6103516 0,3178917 0,2241138
0,6103516 0,2892812 0,2145769
0,6103516 0,3242495 0,2415979
0,6103516 0,3369653 0,2368295
0,6103516 0,301997 0,2257032
0,6103516 0,2861023 0,2209348
0,6103516 0,2924602 0,2241137
0,6103516 0,2733865 0,1955034
0,6103516 0,3242495 0,2431873
0,6103516 0,2765655 0,2066296
0,6103516 0,2956391 0,2225243
0,6103516 0,2861023 0,2145769
0,6103516 0,2861023 0,2098085
0,6103516 0,2861023 0,2209348
0,6103516 0,2733865 0,2129875
0,6103516 0,298818 0,2304716
0,6103516 0,3083549 0,2304716
0,8138021 0,3083548 0,2320611
0,6103516 0,2765655 0,2129875
0,6103516 0,301997 0,2288821
0,6103516 0,3083549 0,2288821
0,6103516 0,3147127 0,2288822
0,6103516 0,2956391 0,2304716
0,6103516 0,3178917 0,2384189
0,4069011 0,2861023 0,2161664
0,6103516 0,2892812 0,2225242
0,6103516 0,2892812 0,211398
0,6103516 0,301997 0,2272927
0,6103516 0,2733865 0,2098085
0,6103516 0,2924602 0,2257032
0,6103516 0,3051759 0,2336505
0,6103516 0,2988181 0,2225243
0,6103516 0,2861023 0,2098085
0,6103516 0,2797444 0,2145769
0,6103516 0,2861023 0,2304716
0,6103516 0,3306074 0,2415979
0,6103516 0,2861023 0,2225242
0,6103516 0,2797444 0,2177558
0,6103516 0,3210706 0,2400084
0,6103516 0,2924602 0,2241137
0,6103516 0,2733865 0,211398
0,4069011 0,2924602 0,2257032
0,6103516 0,2829233 0,2209348
0,6103516 0,3210706 0,2384189
0,6103516 0,2892812 0,2209348
0,6103516 0,3147127 0,2288821
0,8138021 0,3051759 0,2225243
0,6103516 0,2861023 0,2066296
0,4069011 0,2988181 0,2257032
0,6103516 0,3306074 0,2431874
0,6103516 0,3115338 0,2368295
0,6103516 0,298818 0,211398
0,6103516 0,2924601 0,2209348
0,6103516 0,2702076 0,2098085
0,6103516 0,2638497 0,2066296
0,6103516 0,2892812 0,211398
0,6103516 0,2829233 0,2225242
0,8138021 0,2956391 0,2193453
0,6103516 0,3083549 0,2400084
0,6103516 0,2829233 0,2177559
0,8138021 0,3051759 0,2336505
0,6103516 0,2924601 0,2225243
0,6103516 0,3051759 0,2320611
0,6103516 0,298818 0,2288821
0,6103516 0,3083549 0,2209348
0,6103516 0,3019969 0,2177559
0,8138021 0,2861023 0,2177559
0,6103516 0,3051759 0,2336505
0,6103516 0,3147127 0,2241138
0,6103516 0,301997 0,2304716
0,6103516 0,2892812 0,2304716
0,6103516 0,2892812 0,2129875
0,6103516 0,3115338 0,2320611
0,6103516 0,2956391 0,2241137
0,8138021 0,3210706 0,23524
0,6103516 0,2956391 0,2225243
0,6103516 0,2797444 0,2129875
0,6103516 0,3051759 0,2304716
0,6103516 0,2924602 0,2209348
0,6103516 0,3496809 0,2543135
0,8138021 0,3814699 0,2686184
0,6103516 0,2829233 0,2177559
0,8138021 0,3051759 0,2241137
0,6103516 0,298818 0,2272927
0,6103516 0,2765654 0,2145769
0,6103516 0,2956391 0,2209348
0,6103516 0,3210706 0,2447768
0,6103516 0,3051759 0,2336505
0,6103516 0,3242495 0,2447768
0,6103516 0,3178916 0,2304716
0,6103516 0,3115337 0,2288821
0,6103516 0,3147127 0,2400084
0,6103516 0,3115338 0,2257032
0,6103516 0,2797444 0,2225242
0,6103516 0,3274285 0,2400084
0,6103516 0,3306074 0,238419
0,6103516 0,2765655 0,2225242
0,8138021 0,3178917 0,2431873
0,8138021 0,3115337 0,2320611
0,6103516 0,3083549 0,2320611
1,017253 0,3178916 0,2336505
0,6103516 0,298818 0,2161664
0,8138021 0,3496808 0,2670291
0,8138021 0,298818 0,232061
0,4069011 0,2797444 0,2193453
0,6103516 0,3147127 0,2447768
0,6103516 0,3178917 0,2368295
0,6103516 0,2702076 0,2145769
0,6103516 0,2956391 0,232061
0,8138021 0,3083548 0,2384189
0,6103516 0,3337863 0,2431874
0,6103516 0,298818 0,2384189
0,6103516 0,3337863 0,2400084
0,8138021 0,3019969 0,2241137
0,6103516 0,2733865 0,2066296
0,8138021 0,3083548 0,2384189
0,6103516 0,3051759 0,2431873
0,4069011 0,3147127 0,2336506
0,6103516 0,2638497 0,2082191
0,6103516 0,3274285 0,2447768
0,8138021 0,3115338 0,2320611
0,6103516 0,3274285 0,2447768
0,8138021 0,298818 0,2272927
0,8138021 0,3274285 0,2511346
0,6103516 0,301997 0,2336505
0,6103516 0,3178916 0,2400084
0,6103516 0,2733865 0,2225242
0,6103516 0,3178916 0,2304716
0,6103516 0,3083548 0,2272927
0,6103516 0,3147127 0,2400084
0,6103516 0,298818 0,2288821
0,6103516 0,298818 0,2304716
0,6103516 0,2924601 0,2288821
0,8138021 0,346502 0,255903
1,017253 0,3019969 0,2193453
0,6103516 0,2765655 0,2225242
0,6103516 0,3051759 0,2336505
0,6103516 0,3242495 0,2431873
0,6103516 0,301997 0,2336505
0,6103516 0,3083549 0,2320611
0,8138021 0,2924601 0,2257032
0,8138021 0,3147127 0,2384189
0,6103516 0,3178917 0,2415979
0,6103516 0,3210706 0,238419
0,6103516 0,3115337 0,2304716
0,8138021 0,3147127 0,2400084
0,8138021 0,3242495 0,2495452
0,6103516 0,2988181 0,2288821
0,6103516 0,3115338 0,2431873
0,6103516 0,3051759 0,2304716
0,8138021 0,346502 0,2590819
0,6103516 0,2733865 0,2177558
1,017253 0,3242495 0,2511346
0,6103516 0,3083549 0,2463662
0,6103516 0,3178917 0,23524
0,6103516 0,3051759 0,2400084
0,6103516 0,3115338 0,2415978
0,6103516 0,2861023 0,2272926
0,6103516 0,3337863 0,2543136
0,6103516 0,3115338 0,2400084
0,6103516 0,3337863 0,255903
0,6103516 0,3210706 0,2431873
0,6103516 0,3274285 0,2479557
0,6103516 0,346502 0,2495452
0,6103516 0,3083548 0,2415978
0,6103516 0,3178917 0,2463662
0,8138021 0,3274284 0,2463662
0,6103516 0,3337863 0,2511347
0,6103516 0,2765655 0,2066296
0,6103516 0,301997 0,2384189
1,017253 0,3687543 0,267029
0,6103516 0,3242495 0,2495452
0,6103516 0,2956391 0,2272927
0,4069011 0,3115338 0,2336506
0,8138021 0,3401442 0,2622608
0,8138021 0,3178916 0,23524
0,8138021 0,3401441 0,2574924
0,6103516 0,3274285 0,2463663
0,6103516 0,3274285 0,2495452
0,8138021 0,3369653 0,2463663
0,6103516 0,3115337 0,2415978
1,017253 0,3306074 0,2415979
0,8138021 0,3401442 0,2511346
0,6103516 0,3465019 0,2527241
0,6103516 0,2797444 0,2177559
0,8138021 0,3433231 0,2638502
0,6103516 0,2829233 0,2241137
0,6103516 0,3178917 0,2447768
0,6103516 0,3560387 0,2590818
0,6103516 0,3465019 0,2559029
0,6103516 0,3274285 0,2495452
0,8138021 0,3496809 0,2574924
0,6103516 0,3210706 0,238419
0,6103516 0,3210706 0,2415979
0,8138021 0,3973643 0,2829234
0,8138021 0,3178917 0,2400084
0,8138021 0,3496809 0,2606713
0,6103516 0,3115338 0,2384189
0,6103516 0,301997 0,23524
0,6103516 0,3337863 0,255903
0,6103516 0,3242496 0,2463663
0,6103516 0,3369653 0,2495452
0,6103516 0,3496808 0,2559029
0,6103516 0,3401442 0,2574924
0,6103516 0,343323 0,2638502
0,8138021 0,3623965 0,2590818
0,6103516 0,3178917 0,2447768
0,6103516 0,3178917 0,2384189
0,6103516 0,3528598 0,2574924
0,8138021 0,3210706 0,2463663
0,6103516 0,3401441 0,2590819
0,6103516 0,3083549 0,2415978
0,6103516 0,3274285 0,2511346
0,6103516 0,3210706 0,2495452
0,6103516 0,3147127 0,2511346
0,6103516 0,3369653 0,2479557
0,6103516 0,3433231 0,2717974
0,8138021 0,3337863 0,2638502
0,6103516 0,3496808 0,2638502
0,8138021 0,3973643 0,2892812
0,6103516 0,301997 0,2400084
0,6103516 0,2956391 0,2272927
0,8138021 0,3782909 0,2765656
0,6103516 0,3369653 0,2543136
0,6103516 0,3369653 0,2447768
0,4069011 0,2956391 0,232061
0,8138021 0,3115338 0,2447768
0,6103516 0,301997 0,2384189
0,6103516 0,3274285 0,2511347
0,6103516 0,3623964 0,2749762
0,8138021 0,3496809 0,2670291
0,6103516 0,298818 0,2288821
0,6103516 0,3210706 0,2495452
0,6103516 0,3401442 0,2527241
0,6103516 0,3210706 0,2495452
0,6103516 0,3147127 0,2495452
0,6103516 0,3623965 0,2622607
0,8138021 0,3528598 0,2670291
0,6103516 0,3306074 0,255903
0,8138021 0,3719332 0,2717974
0,6103516 0,3083549 0,2463662
0,6103516 0,3751121 0,2797446
0,6103516 0,3560386 0,2590818
0,6103516 0,3433231 0,2622608
0,8138021 0,3274284 0,2495452
0,8138021 0,3655754 0,2749763
0,8138021 0,3496809 0,2670291
0,6103516 0,3751121 0,2749762
0,6103516 0,3147127 0,2447768
0,8138021 0,3910065 0,2845128
0,6103516 0,3878276 0,2845128
0,6103516 0,3147127 0,2495452
0,8138021 0,3687543 0,267029
0,8138021 0,3878276 0,2829234
1,017253 0,3719332 0,2765657
0,8138021 0,4291534 0,3115333
0,6103516 0,3878276 0,2908706
0,6103516 0,4132588 0,3019966
0,8138021 0,4100799 0,2988178
0,8138021 0,4577634 0,3353748
1,017253 0,4800158 0,3417326
1,017253 0,4259745 0,3131228
1,017253 0,4514056 0,3226593
0,8138021 0,4577634 0,3417326
0,8138021 0,505447 0,3894167
0,8138021 0,4990892 0,3687535
1,220703 0,5372363 0,4164376
0,8138021 0,5372364 0,4100797
1,424154 0,5690257 0,4371008
1,220703 0,603994 0,4498164
1,220703 0,6389621 0,4879637
1,424154 0,715256 0,5118056
4,272461 0,8837382 0,6182988
5,086263 1,05222 0,7311497
6,713866 1,274746 0,899633
3,051758 1,344681 0,9441376
9,15527 1,923243 1,282692
5,900065 2,015432 1,366934
8,748369 2,673468 1,804034
10,37597 3,566742 2,331733
21,56576 4,771551 3,240903
35,80724 6,125767 4,146892
43,74184 8,430479 5,453428
31,73825 9,539922 6,251337
44,14874 14,54035 9,032886
47,40397 17,08348 11,04673
52,89718 21,10481 13,36892
74,66655 29,55754 18,64593
81,58384 36,74506 24,73036
77,71833 44,63832 31,47921
92,16312 48,17645 34,57864
111,0837 60,889 43,13472
96,84239 67,68875 50,30003
120,0354 76,12878 62,46894
100,0976 77,60703 66,08501
111,4906 79,13605 66,33453
100,301 81,072 68,28956
129,5974 81,92712 66,76688
122,6802 87,7254 74,88734
122,2733 86,0088 72,4857
108,6424 88,94608 75,82991
129,5974 90,88522 79,06763
120,2388 90,13815 78,80378
126,5457 92,77982 78,53517
122,2733 95,58038 81,26106
129,5974 100,0276 83,11432
127,563 100,9336 85,28075
129,394 102,4245 87,4154
129,8009 106,112 90,88035
130,2078 106,2455 90,84696
130,2078 106,557 90,83424
130,2078 107,6124 92,5143
130,2078 112,3298 93,67455
130,2078 113,1754 95,52464
130,2078 112,7399 96,60706
130,2078 117,4351 98,25214
130,2078 117,5781 101,1497
130,2078 116,8851 96,77076
130,2078 118,7194 100,5282
130,2078 122,3337 104,923
130,2078 121,1289 105,0009
130,2078 120,366 99,27572
130,2078 121,5581 100,5012
130,2078 122,8296 103,8501
130,2078 122,4545 104,6242
130,2078 124,4159 101,8219
130,2078 124,5748 105,1106
130,2078 123,8151 102,356
130,2078 123,7483 106,9082
130,2078 121,9618 100,7714
130,2078 122,9727 102,7216
130,2078 123,3859 103,2493
130,2078 123,8564 104,6178
130,2078 125,1756 105,5238
130,2078 123,9104 105,0104
130,2078 122,6103 103,8692
130,2078 123,4654 101,3721
130,2078 123,618 103,2668
130,2078 123,7896 102,5102
130,2078 124,7624 106,8812
130,2078 122,8551 102,4418
130,2078 124,6288 105,9911
130,2078 123,2842 105,9641
130,2078 123,3923 108,5756
130,2078 122,9822 103,9233
130,2078 125,112 108,6009
130,2078 122,143 103,9137
130,2078 123,8119 104,6671
130,2078 124,4699 108,7249
130,2078 124,6416 103,8548
130,2078 123,761 102,7439
130,2078 122,7724 105,9831
130,2078 123,7451 107,2198
130,2078 123,8786 104,4716
130,2078 123,6784 107,0783
130,2078 121,9586 102,3068
130,2078 124,4667 107,784
130,2078 123,281 102,5277
130,2078 124,3332 106,8224
130,2078 123,7165 106,9734
130,2078 123,5385 104,5272
130,2078 122,9377 104,1537
130,2078 123,6402 107,6266
130,2078 123,6815 107,0449
130,2078 124,5144 104,9802
130,2078 124,578 105,6112
130,2078 123,5417 107,5933
130,2078 124,6924 108,2671
130,2078 123,5989 106,6475
130,2078 124,1552 107,2833
130,2078 124,098 108,3212
130,2078 124,2283 106,7477
130,2078 123,7038 104,1473
130,2078 124,5112 108,9634
130,2078 123,6879 105,713
130,2078 123,2906 107,0417
130,2078 123,6402 107,5011
130,2078 122,8583 102,569
130,2078 121,3419 101,8077
130,2078 125,1756 106,8541
130,2078 124,5208 105,0883
130,2078 123,6211 106,2772
130,2078 123,8818 97,92461
130,2078 123,5258 102,5738
130,2078 123,548 107,9144
130,2078 124,1298 103,7087
130,2078 123,4431 104,0838
130,2078 124,2315 106,9876
