0,6103516 0,2892812 0,2225243
0,8138021 0,3242495 0,2479557
0,6103516 0,2765655 0,211398
0,6103516 0,2829233 0,2257032
0,8138021 0,3115338 0,2304716
0,6103516 0,2924601 0,2288821
0,6103516 0,2765655 0,2193453
0,6103516 0,2956391 0,2225243
0,6103516 0,3083549 0,2257032
0,6103516 0,2956391 0,2304716
0,8138021 0,3306074 0,2463663
0,8138021 0,3242495 0,2431873
0,6103516 0,2988181 0,2288821
0,6103516 0,3178917 0,2400084
0,6103516 0,2892812 0,2272926
0,6103516 0,2924601 0,2241137
0,6103516 0,2892812 0,2272926
0,8138021 0,3115337 0,2415978
0,6103516 0,3210706 0,2447768
0,6103516 0,3274285 0,23524
0,6103516 0,3051759 0,23524
0,8138021 0,2956391 0,2272926
0,6103516 0,3369653 0,2511347
0,6103516 0,3115337 0,2288821
0,6103516 0,2988181 0,2336505
0,6103516 0,2861023 0,2193453
0,6103516 0,2892812 0,2288821
0,6103516 0,3115338 0,2257032
0,6103516 0,3306074 0,255903
0,6103516 0,3242495 0,23524
0,8138021 0,3465019 0,2622607
0,6103516 0,3147127 0,2384189
0,6103516 0,3115338 0,2336505
0,8138021 0,3178916 0,2463662
0,6103516 0,301997 0,2272927
0,6103516 0,3655753 0,281334
0,6103516 0,3433231 0,255903
0,8138021 0,4069011 0,2908706
0,8138021 0,4323322 0,3131227
0,8138021 0,3878277 0,2861023
0,6103516 0,3941854 0,2892812
0,8138021 0,3878277 0,2940495
0,8138021 0,4291533 0,3131227
0,8138021 0,4291534 0,3115333
1,220703 0,4450478 0,3163016
1,017253 0,4800158 0,3449115
0,8138021 0,5308785 0,4069008
1,017253 0,5340575 0,4069008
1,220703 0,6103519 0,4545849
1,831055 0,6230675 0,4529953
3,66211 0,7788343 0,5435954
5,493164 0,9028115 0,6469085
5,086263 1,316072 0,8932751
4,882813 1,630782 1,147588
7,120767 2,342859 1,605351
9,562175 3,592173 2,352397
22,17611 5,772908 3,781318
20,1416 7,651646 5,324682
22,98991 9,409583 6,779034
23,80371 12,28015 8,873938
26,65202 15,11574 11,51243
31,94172 17,16614 13,5533
30,31412 19,45814 15,02196
28,88996 20,56757 16,48426
32,75552 23,16157 18,80486
31,94172 23,70198 19,62026
37,23144 25,45674 21,36866
38,45214 26,28008 22,47016
38,6556 28,03484 24,02146
39,46941 28,0571 23,95948
46,59018 28,81049 24,99421
41,5039 31,72239 27,50397
44,55564 31,98623 27,29893
45,36946 32,47896 28,01577
56,7627 33,73781 29,51146
48,82813 33,8141 29,57026
48,21779 34,31001 29,95173
54,72818 35,91538 30,90381
45,97982 35,41946 30,82275
55,542 36,35406 32,00053
49,23504 35,97895 31,45853
56,15238 37,81636 32,26915
54,52477 40,22599 34,09703
66,73183 43,21099 36,84521
75,07324 45,9226 38,2773
83,61817 46,72686 39,97007
83,61816 49,32086 41,00481
68,35941 53,94937 44,56361
97,85967 55,16371 46,84767
108,2357 58,33309 49,98049
87,89063 57,36671 49,59426
79,54916 57,84036 50,07426
85,85609 58,97842 50,32222
77,7181 59,35036 51,65101
112,1013 62,89486 55,46093
91,95962 62,95205 55,81538
89,5182 64,24587 56,86918
128,9876 65,93069 57,22522
98,87695 65,80035 57,2141
122,2733 73,21676 60,89528
137,5325 77,55283 64,23635
125,9359 78,2458 63,33828
141,8051 86,1613 71,4175
126,5462 87,60451 72,24083
130,6147 92,05181 75,98714
133,8705 97,83742 79,4951
149,3327 105,346 84,17924
149,1292 104,672 87,5584
151,9775 109,9744 88,2514
169,4743 109,8282 86,62852
145,6706 110,7469 86,90989
162,9639 110,2034 86,80182
160,3191 111,5417 89,65011
158,8948 116,4086 91,29678
156,25 113,201 88,54544
163,7777 122,0351 96,74859
174,5605 123,7708 100,4027
172,9329 121,3039 101,5344
157,6732 120,0768 102,4642
199,9918 123,7135 102,8902
154,8249 121,644 106,0007
150,3491 121,5422 106,1676
164,5915 122,8646 109,9043
151,5697 125,2805 113,3868
182,9018 129,181 117,1745
163,5735 127,5566 115,9792
163,7769 128,647 116,5721
172,3221 128,7996 116,7691
158,6905 127,2896 114,7203
162,9631 126,2787 115,7058
192,4643 128,1225 115,8949
166,6253 131,0216 119,0055
166,4219 132,646 119,2566
168,4564 131,3681 120,0036
159,9113 136,4924 123,44
192,0574 131,8354 120,0895
175,374 136,7817 124,4525
192,4643 133,0275 121,3197
192,4643 133,8 122,666
173,3394 135,809 124,559
192,0574 140,6917 126,622
183,5122 139,3915 128,6708
184,733 139,7349 128,8012
171,9152 144,5 131,5302
183,9191 141,9919 128,5358
192,0574 142,6404 128,1781
190,8367 146,7316 131,4269
192,0574 147,3991 134,4277
192,0574 143,9088 130,1172
190,6332 149,297 134,8776
183,7157 150,7529 136,8214
192,0574 149,5799 135,0302
192,4643 150,7085 135,8965
192,2609 150,8642 135,9584
192,4643 149,1794 136,6101
187,7848 149,777 135,7422
192,4643 151,6335 136,9312
192,2609 154,9936 140,9047
184,1226 152,6284 137,2045
190,4298 152,0118 135,7343
192,0574 154,6472 138,0963
192,0574 155,7057 139,5728
192,0574 154,3864 140,3786
192,4643 158,2393 143,1077
192,0574 157,3651 140,6282
192,0574 155,4291 141,5024
192,0574 158,8942 143,1316
