0,6103516 0,2574919 0,2034507
0,6103516 0,2797444 0,2098085
0,6103516 0,298818 0,2177559
0,8138021 0,3115338 0,2225243
0,6103516 0,2892812 0,2272926
0,6103516 0,3051759 0,2209348
0,6103516 0,3083549 0,2225243
0,6103516 0,2606708 0,1986823
0,6103516 0,2797444 0,2082191
0,6103516 0,2797444 0,2066296
0,6103516 0,2797444 0,2177558
0,8138021 0,3051759 0,2241137
0,6103516 0,2829233 0,2066296
0,6103516 0,301997 0,2209348
0,6103516 0,298818 0,2241137
0,6103516 0,301997 0,2177559
0,6103516 0,2956391 0,2209348
0,8138021 0,2956391 0,2193453
0,6103516 0,3115337 0,2320611
0,6103516 0,2861023 0,211398
0,8138021 0,2829233 0,2129875
0,4069011 0,2670287 0,2050401
0,6103516 0,2797444 0,2161664
0,6103516 0,2765655 0,2050401
0,6103516 0,298818 0,2098086
0,6103516 0,2956391 0,2241137
0,6103516 0,3019969 0,2241137
0,6103516 0,3115337 0,2368294
0,6103516 0,2733865 0,2082191
0,8138021 0,346502 0,255903
0,6103516 0,3019969 0,2304716
0,6103516 0,3210706 0,2368295
0,6103516 0,2829233 0,2145769
0,6103516 0,2892812 0,2257032
0,6103516 0,2765655 0,2082191
0,6103516 0,2861023 0,2272926
0,6103516 0,2797444 0,2225242
0,6103516 0,2892812 0,2209348
0,6103516 0,298818 0,2161664
0,6103516 0,2638497 0,2082191
0,8138021 0,3115338 0,2336505
0,6103516 0,298818 0,2225243
0,6103516 0,3274285 0,2288822
0,8138021 0,3115338 0,2336505
0,6103516 0,3083549 0,2241138
0,6103516 0,2797444 0,2193453
0,6103516 0,2956391 0,2193453
0,8138021 0,3083548 0,2241137
0,6103516 0,2924602 0,2225243
0,6103516 0,3083549 0,23524
0,8138021 0,2797444 0,2098085
0,6103516 0,301997 0,2225243
0,4069011 0,2892812 0,2161664
0,6103516 0,298818 0,2177559
0,6103516 0,2797444 0,2098085
0,6103516 0,3369653 0,2400084
0,8138021 0,3019969 0,2336505
0,6103516 0,2956391 0,2209348
0,6103516 0,2956391 0,2272927
0,6103516 0,301997 0,2113981
0,6103516 0,2924601 0,2098086
0,6103516 0,3083549 0,2257032
0,8138021 0,295639 0,2257032
0,8138021 0,3401442 0,2447768
0,6103516 0,301997 0,2257032
1,017253 0,2670287 0,2018612
0,6103516 0,3019969 0,2336505
0,6103516 0,2765655 0,2082191
1,017253 0,3083548 0,23524
0,4069011 0,2702076 0,2161664
0,6103516 0,2988181 0,2241137
0,6103516 0,301997 0,2320611
0,8138021 0,3051759 0,2336505
0,6103516 0,298818 0,211398
0,6103516 0,3210706 0,2336506
0,6103516 0,2829233 0,2257032
0,6103516 0,298818 0,2257032
0,6103516 0,3337863 0,2431874
0,6103516 0,301997 0,2336505
0,6103516 0,2892812 0,2129875
0,8138021 0,3178916 0,2304716
0,6103516 0,3019969 0,2209348
0,6103516 0,3306074 0,2415979
0,6103516 0,3051759 0,2288821
0,6103516 0,3051759 0,2225243
0,8138021 0,3147127 0,2225243
0,6103516 0,3083549 0,2384189
0,6103516 0,298818 0,214577
0,8138021 0,298818 0,2384189
0,6103516 0,2733865 0,2129874
0,8138021 0,3496808 0,2574924
0,4069011 0,2988181 0,2320611
0,8138021 0,3242495 0,2336506
0,6103516 0,3306074 0,238419
0,6103516 0,3083549 0,2257032
0,6103516 0,298818 0,2241137
0,6103516 0,2733865 0,2145769
0,6103516 0,298818 0,2288821
0,6103516 0,3115338 0,2209348
0,4069011 0,2988181 0,2320611
0,8138021 0,3147127 0,2415978
0,6103516 0,2956391 0,2241137
0,6103516 0,3337863 0,2463663
0,6103516 0,2956391 0,2288821
0,6103516 0,3274285 0,2431873
0,6103516 0,3306074 0,2479557
0,6103516 0,3210706 0,2257032
0,8138021 0,3274285 0,2431873
0,6103516 0,3242495 0,2431873
0,6103516 0,3147127 0,2288822
0,6103516 0,2765655 0,211398
0,6103516 0,3051759 0,2368295
0,6103516 0,3115338 0,2415978
0,6103516 0,3115337 0,2336505
0,6103516 0,2829233 0,2288821
0,8138021 0,2956391 0,2288821
0,6103516 0,301997 0,23524
0,6103516 0,2702076 0,2177558
0,6103516 0,3401441 0,2511346
0,8138021 0,3306074 0,255903
0,6103516 0,3147127 0,2400084
0,6103516 0,3369653 0,2527241
0,6103516 0,2861023 0,2209348
0,6103516 0,2670287 0,2193453
0,6103516 0,2797444 0,2193453
0,6103516 0,3115338 0,2304716
0,6103516 0,3369653 0,2511347
0,6103516 0,3115338 0,2336505
0,6103516 0,3274285 0,2400084
0,6103516 0,2956391 0,232061
0,6103516 0,2638497 0,2066296
0,6103516 0,3178917 0,2336506
0,4069011 0,2988181 0,2272927
0,6103516 0,3178917 0,238419
0,6103516 0,2924601 0,2272926
0,6103516 0,3083549 0,2384189
0,8138021 0,3337863 0,2495452
0,6103516 0,301997 0,2320611
0,6103516 0,3210706 0,2368295
0,6103516 0,3083549 0,2368295
0,6103516 0,298818 0,2272927
0,8138021 0,301997 0,2336505
0,6103516 0,3433231 0,2590819
0,6103516 0,3401442 0,2511347
0,4069011 0,2670287 0,211398
0,6103516 0,3210706 0,2479557
0,6103516 0,301997 0,2272927
0,6103516 0,3178917 0,2431873
0,8138021 0,3051759 0,2336505
0,6103516 0,3306074 0,2447768
0,6103516 0,3369652 0,2431873
0,6103516 0,3528598 0,2622607
0,6103516 0,3210706 0,2431873
0,6103516 0,3178916 0,2447768
0,6103516 0,3178917 0,2415979
0,6103516 0,298818 0,2368294
0,8138021 0,3496809 0,2495452
0,6103516 0,2892812 0,2384189
0,6103516 0,3528598 0,2559029
0,6103516 0,3401442 0,255903
1,017253 0,298818 0,2209348
0,6103516 0,301997 0,2368294
0,6103516 0,3274285 0,2447768
0,8138021 0,3592175 0,2606712
0,6103516 0,3178916 0,2415978
0,6103516 0,3369653 0,2543136
0,6103516 0,3115338 0,2479557
0,6103516 0,3369653 0,2511347
0,6103516 0,3369652 0,255903
0,6103516 0,3178917 0,2447768
0,6103516 0,3051759 0,2400084
0,6103516 0,2956391 0,2336505
0,6103516 0,3051759 0,2304716
0,6103516 0,3178917 0,2447768
1,017253 0,3178916 0,2431873
0,8138021 0,3242495 0,2400084
0,6103516 0,2988181 0,2304716
0,6103516 0,343323 0,2606713
0,8138021 0,3655753 0,2654396
0,6103516 0,3306074 0,2511346
0,6103516 0,3115338 0,2495452
0,8138021 0,3433231 0,2654397
0,6103516 0,3306074 0,2511346
0,8138021 0,3274285 0,2527241
0,6103516 0,3274285 0,2495452
0,8138021 0,3274285 0,2400084
0,8138021 0,3401442 0,2654397
0,8138021 0,3337863 0,2527241
0,6103516 0,3115338 0,2415979
0,8138021 0,3751121 0,2686185
0,6103516 0,3274285 0,2415979
0,6103516 0,3465019 0,2543135
0,6103516 0,3306074 0,2463663
0,6103516 0,3115337 0,2336505
0,6103516 0,3401441 0,2543135
0,8138021 0,3560387 0,2622607
0,6103516 0,3147127 0,2368295
0,6103516 0,3401442 0,2574925
0,4069011 0,3178917 0,2527241
0,8138021 0,346502 0,2479557
0,8138021 0,3528598 0,2574924
0,6103516 0,3337863 0,2590819
0,8138021 0,3401442 0,2606713
0,6103516 0,3433231 0,255903
0,6103516 0,3433231 0,2654397
0,6103516 0,301997 0,2415978
0,6103516 0,3687542 0,2733868
0,8138021 0,3560387 0,2590818
0,6103516 0,3401442 0,2654397
0,6103516 0,3623964 0,2686185
0,6103516 0,3496808 0,2654396
0,6103516 0,375112 0,2797445
0,8138021 0,3814699 0,2829235
0,8138021 0,3687543 0,2765657
0,6103516 0,3878276 0,2876917
0,8138021 0,3878276 0,2940495
0,6103516 0,3846487 0,2892812
0,6103516 0,3846487 0,2908706
0,8138021 0,4100799 0,2988178
0,8138021 0,3878276 0,2876917
0,6103516 0,3782909 0,281334
1,017253 0,3687543 0,2781551
0,6103516 0,4196166 0,3051755
0,6103516 0,3941854 0,2892811
0,6103516 0,43869 0,3226593
1,424154 0,4895525 0,3528588
0,8138021 0,4959103 0,3592167
1,220703 0,4959103 0,3544482
1,424154 0,5276995 0,4053113
1,424154 0,5880993 0,4371007
1,220703 0,5880993 0,4402796
3,051758 0,6453201 0,4831953
3,662109 0,7184352 0,5229323
4,475912 0,9441374 0,6532664
3,66211 0,883738 0,6167091
11,80013 1,293819 0,8662537
18,71746 1,811982 1,138053
24,00716 2,622605 1,616478
18,10711 3,344217 2,059935
21,15886 4,847845 2,967517
41,30042 7,619858 4,560152
42,92804 9,31104 5,610783
33,9762 13,89503 8,330345
32,7555 17,18203 10,92434
39,87625 21,39727 14,59439
57,37312 25,60932 17,88297
46,99707 29,14745 21,08096
51,87992 31,12155 23,00579
48,82814 32,7714 25,04665
58,39038 36,38902 27,19243
68,15605 39,97483 29,64019
65,51121 41,08426 31,5682
69,17332 44,89898 34,12404
75,07344 49,99481 39,58225
73,24236 50,41125 39,30886
83,41486 51,89263 41,76141
70,19057 52,35038 39,34543
84,83899 55,36719 41,89176
83,2114 57,72597 47,13061
81,58381 60,11018 50,27298
92,77347 59,97348 47,76482
86,67 63,45123 51,81001
96,84238 65,78773 53,9367
88,7045 68,30228 54,58997
97,65618 70,16514 57,46215
109,2527 74,6792 60,56159
132,4458 77,32085 62,05408
93,58722 73,36948 59,35202
105,7941 80,60468 66,24234
108,4389 77,51797 63,86132
124,9181 81,70776 63,72303
107,0148 81,25001 65,0836
118,4079 84,06967 67,80634
120,8493 88,28806 72,68916
110,2699 85,18546 68,67896
111,8975 88,74581 72,19959
135,9043 91,61633 71,90234
122,2733 87,07689 68,33402
119,2216 90,44332 73,78264
127,9699 92,98009 78,20452
123,0871 92,89108 75,53104
126,7493 93,51732 76,16363
125,3251 92,95781 75,57079
129,5974 96,39737 77,61958
122,2734 93,89243 76,16367
135,294 96,18755 77,08234
139,5664 97,30968 78,187
126,1389 97,29382 78,29511
130,4113 98,07263 77,82143
142,8215 97,41777 81,12432
134,8871 102,167 84,85317
124,7147 98,49542 83,52286
137,7354 104,4844 86,80659
135,9044 102,2338 83,50689
134,6837 104,2523 85,43173
135,294 104,4717 84,9056
147,7043 107,037 89,79318
136,9216 107,4884 90,05221
130,6147 108,7441 93,35514
138,7526 107,9367 84,10448
142,2112 108,2164 85,60651
144,6526 111,3762 90,98201
136,1078 106,9163 84,77206
137,125 109,5928 89,00473
133,2595 110,359 88,50406
144,0422 113,3503 90,65777
156,2491 113,4679 94,45972
140,5836 113,8811 95,17657
144,0423 114,1005 95,47537
143,432 112,457 96,10483
146,4835 115,2417 94,08301
142,0078 112,9021 94,95247
138,9561 113,5251 91,86413
153,8077 115,6963 94,98104
144,2457 113,0673 90,33666
147,2974 115,2449 95,73445
156,2491 120,6172 97,69106
147,9077 117,718 96,99964
143,4319 117,7371 99,23756
145,0595 117,0664 91,19174
146,0767 114,2435 91,36661
143,8388 119,4886 92,0866
151,7732 119,2566 96,5212
150,3491 118,1822 99,46487
138,9561 116,8629 97,02983
153,4009 118,3125 93,97015
156,0457 123,7929 97,72918
148,1112 120,8747 104,1617
153,6043 122,7374 102,8583
149,5353 118,268 93,50919
149,9422 123,0395 106,0404
146,0767 121,6535 103,7898
150,5526 122,5245 101,7791
150,5526 121,1862 99,64922
154,8249 119,4664 98,44917
153,8078 122,8805 99,64605
144,4491 121,9905 97,66245
149,3319 125,1184 102,72
150,3491 121,3261 98,37766
155,4353 124,3841 104,3142
151,3664 120,0386 102,6136
151,9767 120,2897 93,67603
153,6042 120,3756 98,45398
149,3319 119,3456 99,84795
145,0595 118,872 99,28368
156,2491 121,4787 97,10612
