0,6103516 0,2415974 0,1525879
0,4069011 0,2447762 0,1684825
0,6103516 0,254313 0,1478195
0,6103516 0,2447763 0,1462301
0,6103516 0,2384185 0,1446406
0,4069011 0,254313 0,1684825
0,6103516 0,2797444 0,1843771
0,4069011 0,2511341 0,170072
0,4069011 0,2479552 0,170072
0,6103516 0,2797444 0,1939139
0,6103516 0,2765655 0,1811982
0,6103516 0,2384185 0,1605352
0,6103516 0,2511341 0,1653036
0,6103516 0,2702076 0,1684825
0,6103516 0,2733865 0,187556
0,6103516 0,2670287 0,187556
0,6103516 0,2924601 0,1986823
0,8138021 0,2765655 0,1891455
0,8138021 0,2861023 0,2066296
0,6103516 0,2956391 0,2193453
0,6103516 0,2733865 0,1923244
0,6103516 0,2574919 0,1891455
0,6103516 0,3051759 0,2257032
0,4069011 0,2797444 0,2018612
0,6103516 0,2638497 0,1859666
0,6103516 0,2797444 0,2050402
0,6103516 0,2924601 0,1986823
0,6103516 0,2956391 0,211398
0,6103516 0,2956391 0,2177559
0,6103516 0,3306074 0,2463663
0,6103516 0,2733865 0,2145769
0,6103516 0,3083548 0,2209348
0,6103516 0,2924601 0,2129875
0,8138021 0,3178916 0,2288821
0,8138021 0,3337863 0,2495452
0,6103516 0,298818 0,2257032
0,6103516 0,3274285 0,2400084
0,6103516 0,3369653 0,238419
0,6103516 0,3623964 0,2686185
0,6103516 0,3337863 0,2511347
0,8138021 0,3306074 0,2415979
0,6103516 0,3274285 0,2463663
0,8138021 0,3433231 0,2543135
1,017253 0,3687543 0,2717974
0,6103516 0,3210706 0,2511346
0,8138021 0,3369653 0,255903
0,8138021 0,3623965 0,2606713
0,8138021 0,3465019 0,2622607
0,6103516 0,3623964 0,267029
0,8138021 0,3941855 0,2845128
0,6103516 0,375112 0,2797445
0,6103516 0,3941854 0,2876917
0,8138021 0,4005432 0,2940495
0,8138021 0,3846487 0,2892812
0,8138021 0,3941854 0,2876917
0,8138021 0,4323322 0,3131227
0,8138021 0,4164377 0,306765
0,8138021 0,4418689 0,317891
0,8138021 0,4800158 0,3528589
0,8138021 0,470479 0,3417326
1,017253 0,4990892 0,3592167
0,8138021 0,4673001 0,352859
1,220703 0,5181627 0,3719325
1,220703 0,5531311 0,4212061
1,017253 0,5817415 0,4434586
1,831055 0,6707512 0,4911425
1,627604 0,6739299 0,5133952
3,051758 0,8265179 0,6008149
2,034505 0,9314214 0,6850553
2,644857 1,125336 0,8249282
8,748373 1,427332 1,006126
5,696614 1,764297 1,241365
26,85546 2,679824 1,805623
26,44856 3,862381 2,474785
32,34863 7,289251 4,347165
42,92807 12,13074 7,174811
93,18032 20,39909 12,40254
57,37307 28,9472 18,754
66,93528 39,22145 26,64248
74,46294 43,96121 32,34863
67,74908 46,87947 36,78642
87,28032 49,63241 38,01823
81,17679 52,41713 42,14923
103,3528 50,77044 39,25007
87,07685 55,3481 43,6322
80,97334 55,93302 44,44918
83,00785 58,18688 46,00367
105,7942 60,19594 47,15443
92,77351 63,18732 50,54159
96,63895 64,2141 48,12401
106,4046 69,85033 52,44416
102,7425 71,21088 56,59264
115,5599 76,27807 59,91937
109,4564 78,13457 61,87919
111,2874 81,20539 63,21114
122,0703 88,97781 73,00695
116,984 88,79979 74,98424
127,5634 91,63221 77,40815
124,1048 95,13218 80,67609
125,3254 97,01095 83,46399
131,6324 97,98368 85,04072
131,0221 99,54453 88,01777
153,1981 99,30608 86,84792
134,8877 101,8365 89,01118
125,9358 103,2861 87,25484
136,9222 104,5958 91,67035
131,836 107,3678 93,16445
162,15 106,4777 91,6195
137,329 106,9291 89,97916
140,1773 106,8433 93,85584
141,398 108,6489 94,58701
139,3635 108,4486 94,55045
143,636 111,688 99,47141
139,5671 110,871 97,73573
141,6015 111,262 99,17574
145,467 109,8029 97,63078
154,0119 112,1902 97,69914
137,7359 111,6212 98,73707
173,7468 115,3278 98,71484
145,0601 113,0517 99,42369
142,0084 110,8074 99,16147
140,5842 113,0771 97,11581
157,2671 109,6948 98,06312
129,191 110,0667 95,9476
169,0674 114,5776 97,12378
159,7086 113,8337 98,40011
152,1809 117,7915 102,0606
144,4498 115,3819 102,6186
167,2362 120,8814 104,5703
164,3879 117,6325 101,854
168,2535 121,0053 104,6308
167,6432 122,8936 107,8939
176,1881 124,1874 110,3465
164,7948 122,9318 107,8574
171,7122 124,0603 106,7289
154,2155 125,3128 107,0722
172,9329 122,83 104,9725
181,8847 120,1343 106,0994
166,6259 127,2011 112,346
176,1882 127,4045 110,9679
157,6741 124,6165 111,4114
148,9257 125,8849 111,0776
154,2154 122,5312 108,8889
161,9465 126,2092 109,6026
147,9084 120,3187 105,1203
159,7086 125,2905 109,8871
171,3053 124,41 110,1049
151,9775 125,211 110,782
162,5569 128,3518 108,9875
155,843 125,3731 108,1609
153,1982 122,8682 108,8523
164,9984 127,2837 111,4765
188,3952 127,7828 110,8233
172,7296 132,9103 114,0467
171,3052 132,9262 115,5551
178,0191 125,85 110,7947
176,7986 128,657 112,6846
187,5814 127,6747 111,5036
164,9983 129,2482 110,8837
170,8984 130,6565 113,182
173,7467 136,191 116,6137
196,5332 130,1765 111,2604
163,7776 131,0507 109,2355
188,1917 129,0512 110,8217
159,0983 127,0008 112,0679
196,3298 134,7351 113,306
207,5196 130,2719 112,3826
165,2018 128,1388 112,6305
163,1672 131,0125 116,0033
169,8812 135,32 117,0508
161,3362 135,32 119,7195
174,9674 132,7387 116,4738
161,3362 128,0053 110,5578
166,0155 130,6343 113,8862
162,9638 130,6184 113,43
184,3261 129,0925 112,7958
156,4534 130,9553 115,0703
192,0573 134,6747 116,6423
