0,6103516 0,3369652 0,2415979
0,4069011 0,2829233 0,2177559
0,6103516 0,2733865 0,2002718
0,6103516 0,2829233 0,2050402
0,8138021 0,3242495 0,2368295
0,6103516 0,2797444 0,2193453
0,6103516 0,298818 0,2209348
0,6103516 0,2892812 0,2225243
1,017253 0,3147127 0,2272927
0,6103516 0,3147127 0,2384189
0,6103516 0,2829233 0,2098085
0,8138021 0,3306074 0,23524
0,6103516 0,2956391 0,2177559
0,6103516 0,2956391 0,2241137
0,6103516 0,2956391 0,2209348
0,8138021 0,2861023 0,2129875
1,017253 0,3337863 0,2479557
0,6103516 0,2892812 0,2177559
0,6103516 0,2702076 0,2098085
0,6103516 0,2861023 0,2193453
0,6103516 0,2956391 0,2241137
0,6103516 0,3306074 0,2415979
0,8138021 0,3051758 0,2304716
0,6103516 0,2861023 0,2257032
0,6103516 0,2892812 0,2145769
0,6103516 0,2988181 0,2209348
0,6103516 0,3083548 0,2368294
0,6103516 0,3274285 0,2431873
0,6103516 0,301997 0,2193454
0,6103516 0,301997 0,2241137
0,6103516 0,2861023 0,2050402
0,6103516 0,3115338 0,2209348
0,6103516 0,2829233 0,2241137
0,6103516 0,3083549 0,2304716
0,6103516 0,2892812 0,2145769
0,8138021 0,3115337 0,2320611
0,6103516 0,2956391 0,2209348
0,6103516 0,2829233 0,2257032
0,6103516 0,3019969 0,2272927
0,6103516 0,2956391 0,2161664
0,6103516 0,3147127 0,23524
0,8138021 0,3242495 0,2368295
0,6103516 0,2892812 0,211398
0,6103516 0,3019969 0,2272927
0,6103516 0,3210706 0,2368295
0,6103516 0,2702076 0,211398
0,6103516 0,3274285 0,2463663
0,8138021 0,3083548 0,23524
0,6103516 0,3401442 0,2447768
0,6103516 0,2956391 0,2288821
0,8138021 0,3210706 0,2400084
0,8138021 0,3337863 0,2463663
0,6103516 0,3401442 0,2622608
0,6103516 0,2892812 0,2288821
0,8138021 0,3528598 0,2527241
0,6103516 0,3115338 0,2400084
0,8138021 0,3560387 0,2606713
0,8138021 0,3401442 0,2495452
0,8138021 0,3465019 0,2606713
0,6103516 0,3337863 0,2574925
0,6103516 0,3337863 0,2527241
0,8138021 0,3242495 0,2447768
0,6103516 0,3337863 0,2511347
0,6103516 0,3306074 0,2479557
0,8138021 0,3337863 0,2574925
0,8138021 0,3115338 0,2431873
0,6103516 0,3210706 0,238419
0,8138021 0,3560387 0,2686185
0,8138021 0,298818 0,2447767
0,6103516 0,3147127 0,2447768
0,6103516 0,3719331 0,2797445
0,6103516 0,3401441 0,255903
0,6103516 0,3369652 0,2511346
0,6103516 0,3465019 0,2686185
0,6103516 0,3496809 0,2654396
0,6103516 0,346502 0,2654397
0,6103516 0,3337863 0,255903
0,8138021 0,3846487 0,281334
0,8138021 0,3655754 0,2686185
1,424154 0,4005433 0,2876917
0,6103516 0,3306074 0,2447768
0,8138021 0,3878276 0,2908706
0,6103516 0,3687542 0,2781551
0,6103516 0,3941854 0,2861023
0,6103516 0,3528597 0,2686185
0,8138021 0,3878277 0,2892812
0,6103516 0,4259744 0,3099438
0,8138021 0,4323322 0,3083543
0,8138021 0,3846487 0,2861023
0,6103516 0,4132588 0,3019966
1,017253 0,4577635 0,3258382
0,8138021 0,375112 0,2861023
0,8138021 0,4355111 0,3131227
0,8138021 0,4196167 0,306765
0,8138021 0,4227955 0,3051755
0,6103516 0,43869 0,3306065
0,8138021 0,4577634 0,3306065
0,8138021 0,473658 0,3592168
1,017253 0,4514056 0,3496801
1,017253 0,473658 0,3671641
0,8138021 0,470479 0,3560378
1,017253 0,5912783 0,448227
1,424154 0,5912783 0,4355112
1,220703 0,6198887 0,4673007
6,103515 0,8106233 0,575384
6,306965 0,8742014 0,6198881
4,882813 1,033147 0,7422757
4,679362 1,357398 0,9266536
4,475912 1,761118 1,195272
6,306967 2,740225 1,781782
6,917317 3,525415 2,334913
7,324218 4,523597 3,19322
9,155272 5,111695 3,900528
27,46581 6,259284 4,787446
28,07616 6,872811 5,156199
28,07616 7,737478 5,849202
39,46937 9,33647 6,879172
32,34862 10,63347 7,942516
32,34864 12,77924 9,395284
36,62108 14,09848 10,28696
33,97621 16,40638 12,19272
38,85903 19,54714 14,04285
46,38671 23,28554 16,62414
43,33496 26,79189 19,08461
50,25229 32,5489 24,52055
47,40398 35,8804 28,92812
53,50752 39,36448 32,41061
54,93167 40,69645 34,93943
61,44209 43,31271 36,6179
57,57654 43,16012 37,81
53,71092 42,82633 37,07249
62,45935 42,90581 37,83861
60,01791 43,09019 37,31093
58,59375 44,26321 39,40583
58,18686 44,59698 39,34383
61,03518 45,83359 39,65536
67,95252 46,33268 40,50891
62,86623 46,4948 41,23211
65,71457 46,47255 41,16218
60,42484 46,60289 40,98575
63,06968 47,66147 41,8647
60,42481 47,80134 42,41785
64,90075 49,09199 43,33337
66,32493 49,42258 44,02797
64,90076 49,15556 43,98188
63,06968 49,02205 43,16172
66,12146 49,26045 43,76887
65,51113 51,81631 46,31519
61,4421 51,62557 46,13242
65,30765 51,90532 45,56496
78,93884 53,43438 47,9285
64,08693 52,05472 46,42962
77,92162 53,38035 48,14149
69,37668 55,45936 49,84857
79,14227 56,67688 49,5879
77,10796 57,0234 50,5225
86,26308 56,74046 50,48275
66,52836 56,86444 50,44304
77,51473 58,54609 52,74934
74,05609 59,27406 53,42167
73,24225 58,25044 52,40282
85,8561 59,63963 53,0402
73,85257 58,95615 52,36945
80,7699 59,04836 53,31041
80,76996 60,85717 54,30383
81,78712 60,40894 53,51546
86,87331 60,66324 55,21934
75,8871 59,15963 53,47253
86,66997 60,93027 53,35492
81,17685 60,16734 54,09401
77,71816 60,4566 53,75703
74,86987 61,61057 55,30677
80,76988 61,75998 55,12874
80,76994 62,99022 55,70095
87,07685 62,57697 56,2509
74,86987 62,54198 55,14623
74,86983 62,17641 56,09672
76,49744 61,74408 55,36875
81,38027 62,32901 54,56132
80,56644 63,36214 56,26521
76,49745 62,2845 55,65009
81,38025 62,45298 55,26862
91,34931 66,6428 58,891
81,99062 65,00247 58,03904
89,31482 66,46796 59,46162
82,19407 66,75406 59,45367
79,54918 64,64007 57,67983
84,22855 65,22182 57,81811
88,70444 67,27222 59,78746
87,48376 67,20546 59,62215
87,48375 66,92571 59,11192
96,84241 67,30401 60,54404
81,99062 66,28358 59,18665
92,77342 66,92254 59,90665
89,51834 69,50701 61,89985
103,9631 69,92345 61,83944
143,2285 75,17181 65,5842
98,26653 72,75906 64,08855
113,1182 75,94431 65,42686
141,6009 79,60002 67,20543
146,2801 95,99995 77,82774
143,432 100,0594 83,16672
152,3837 106,7032 87,87308
184,5296 113,4552 93,41549
159,301 113,5887 95,07011
175,7809 118,392 98,15205
182,2915 116,6658 98,81483
164,7942 121,218 100,3137
171,3048 126,8318 104,718
168,4564 128,5643 108,2926
192,4643 131,2314 111,5542
192,2609 137,7195 122,3656
191,6505 140,0211 119,6317
186,5642 140,5455 125,0581
179,2396 143,6322 127,5185
192,2609 138,5651 122,3321
191,4471 139,6046 123,6689
192,2609 143,521 125,9148
192,2609 144,8657 127,5598
189,209 141,6518 124,1028
190,0228 141,407 123,9788
192,0574 141,6454 127,2372
189,8194 144,6781 126,4996
181,4776 146,7507 128,8774
