0,8138021 0,2797444 0,2161664
0,8138021 0,298818 0,2225243
0,6103516 0,2765655 0,2145769
0,8138021 0,3306074 0,2400084
0,6103516 0,3178916 0,2400084
0,6103516 0,2924602 0,2209348
0,6103516 0,2924601 0,2193453
0,6103516 0,3178917 0,238419
0,6103516 0,3210706 0,2384189
0,8138021 0,2797444 0,2145769
0,8138021 0,2892812 0,2225242
0,6103516 0,2924601 0,2161664
0,6103516 0,3306074 0,255903
0,6103516 0,3401442 0,2415979
0,6103516 0,2956391 0,2257032
0,6103516 0,2924601 0,2241137
0,6103516 0,3083548 0,2304716
0,8138021 0,298818 0,2304716
0,6103516 0,2956391 0,2177559
0,8138021 0,2829233 0,2272926
0,8138021 0,3019969 0,2400083
0,8138021 0,301997 0,2209348
0,8138021 0,3083548 0,2384189
0,8138021 0,3337863 0,2463663
0,6103516 0,2988181 0,2209348
0,6103516 0,343323 0,2463662
0,6103516 0,3115338 0,2320611
0,6103516 0,3306074 0,2527241
0,6103516 0,3051759 0,232061
0,6103516 0,2924601 0,2304716
0,6103516 0,2892812 0,2193453
0,6103516 0,3337863 0,2574925
0,6103516 0,2892812 0,2272926
0,6103516 0,3083549 0,2368295
0,6103516 0,3178917 0,2479557
0,6103516 0,3306074 0,2415979
0,6103516 0,3178917 0,2447768
0,6103516 0,298818 0,2241137
0,6103516 0,2797444 0,2225242
0,6103516 0,3337863 0,2527241
0,8138021 0,3560386 0,2654396
0,8138021 0,3401441 0,2415979
0,8138021 0,298818 0,2336505
0,8138021 0,3210706 0,2447768
