0,8138021 0,4116696 0,3067657
0,8138021 0,4529957 0,3329925
1,017253 0,4609431 0,3361715
0,8138021 0,4545852 0,334582
1,017253 0,4704799 0,3560396
0,8138021 0,4800167 0,3631921
0,8138021 0,4847851 0,3655763
0,8138021 0,4831957 0,3806758
1,017253 0,5086269 0,4140537
1,017253 0,5499523 0,4283587
1,220703 0,5626678 0,4426636
1,220703 0,5992249 0,472068
1,627604 0,6230667 0,4808101
1,220703 0,6278352 0,4943203
1,220703 0,6914139 0,5348512
1,424154 0,7454553 0,573794
1,627604 0,7549919 0,592868
1,831055 0,8630758 0,6628049
1,424154 0,8535389 0,670752
1,831055 0,9250654 0,6985677
1,627604 0,9870542 0,7359198
2,441406 1,072883 0,7979077
2,441406 1,149176 0,8416163
2,644857 1,26044 0,9163216
2,644857 1,279513 0,9338054
3,051758 1,327198 0,9385743
3,458659 1,417797 1,016458
4,475912 1,554489 1,1158
5,086263 1,69436 1,237392
3,662109 1,821518 1,308918
3,86556 1,975695 1,457532
4,069011 2,202986 1,613299
4,882813 2,293586 1,709461
4,679362 2,381007 1,822313
5,086263 2,605121 2,008279
4,679362 2,77996 2,104441
4,475912 2,786317 2,164045
5,493164 3,035865 2,397697
4,882813 3,271103 2,543924
4,882813 3,259976 2,579687
5,900065 3,42528 2,746584
5,493164 3,533362 2,764861
6,306966 3,757477 2,985793
6,306966 3,849666 3,085137
6,713868 3,978412 3,163816
10,57943 4,191396 3,362495
7,527669 4,390083 3,488858
7,120768 4,674592 3,720124
8,748372 4,927315 3,885428
8,748373 4,992486 3,986358
9,562174 5,485216 4,405178
11,80013 5,529724 4,464786
12,41048 6,302197 4,944006
10,37598 6,686847 5,432763
12,61393 7,190704 5,823769
13,22428 7,457734 6,141665
13,02083 7,902781 6,479423
15,05534 8,303326 6,841024
14,85189 8,883472 7,251103
15,86914 9,255408 7,483162
26,24512 10,15027 8,10226
28,27962 11,19932 8,834994
19,7347 11,78901 9,572508
20,75196 13,70748 10,83851
24,00716 14,08736 11,49178
26,04167 15,35892 12,53605
26,85547 16,03444 13,16229
32,14519 16,21883 13,42059
24,21061 17,25356 14,24631
32,75553 18,27399 14,77083
31,12793 19,10845 15,9208
29,70378 19,27694 16,08213
32,55208 20,28782 17,02387
30,72103 19,97947 17,00401
31,53483 21,0317 17,51104
32,55208 21,25899 18,07689
29,70377 21,50536 18,23505
32,55209 21,51649 18,31294
35,80729 22,78486 19,10129
36,41764 22,72129 19,10686
31,33138 22,30009 18,96938
33,16243 22,7944 19,26501
29,90723 22,22538 19,1013
32,95898 23,03441 19,62979
32,14518 23,80053 20,2171
34,17968 23,43655 20,03034
38,24869 24,11366 20,52705
35,19693 24,12954 20,80678
35,60384 24,65566 20,92362
36,82455 24,75421 21,23595
36,41764 24,92905 21,03566
38,04525 25,20561 21,34243
37,63834 25,36615 21,88205
38,2487 26,5344 22,61002
34,17968 25,60933 22,04021
36,62109 26,03689 22,19519
39,26595 26,51851 22,61401
38,6556 26,8507 23,18223
39,46939 27,35454 23,61376
40,48664 26,92541 22,89692
33,77278 27,20673 23,68926
38,6556 27,72649 23,93723
38,85905 28,26531 24,44187
36,41764 28,46083 24,69699
37,63834 28,64201 24,98308
43,33496 29,23012 25,42178
39,0625 28,52439 24,82812
39,26595 28,84229 24,74229
48,21777 29,19356 25,56722
43,53841 29,34773 25,77544
38,45214 29,57662 26,13942
41,30045 29,95492 26,16883
41,9108 29,41132 25,78257
43,5384 29,99623 26,21649
39,46939 29,92948 26,19664
41,097 30,36657 26,68779
46,59017 30,59228 26,83003
42,52115 30,26485 26,57652
43,1315 30,29506 26,31504
41,30045 30,69878 26,96037
42,11425 30,38089 26,83797
38,24869 30,93719 27,36092
41,09701 30,60341 27,05176
42,72461 31,2217 27,58263
42,31771 31,42516 27,68279
43,53841 31,42516 27,70186
39,87629 30,09954 26,7434
44,96257 30,70036 26,87932
38,65559 30,51757 26,94052
41,30045 31,41403 27,53973
41,30045 31,09296 27,47775
42,52115 31,1168 27,18129
43,94531 30,60977 27,21468
44,14876 31,72556 27,93947
42,11424 30,88315 27,66371
42,72461 30,7258 27,05733
46,79362 32,22625 28,28678
43,13151 31,03891 27,44038
44,35221 31,0421 27,16462
41,30045 30,86408 27,13442
41,30045 31,48556 27,85762
45,77636 31,29642 27,52463
41,09701 31,59047 28,03804
41,50391 31,4792 27,90373
39,87629 31,12475 27,45788
43,33496 31,30594 28,02133
42,52116 31,61431 27,84649
43,74186 32,12292 28,1167
43,13151 31,66834 28,06584
41,9108 31,79391 28,16995
42,7246 31,70332 28,22479
45,97982 31,90675 28,55618
43,33496 31,29322 28,05154
43,33496 31,59364 27,93629
42,31771 31,84319 28,18425
43,94531 31,7526 27,71934
41,5039 31,57298 27,89338
43,74186 31,92107 28,38055
37,84179 31,1486 27,56756
41,9108 32,35976 28,71435
40,07975 31,78914 28,37896
41,097 31,97988 28,51566
46,99707 32,21512 28,66825
45,97982 31,38066 27,87431
41,5039 31,2694 28,00782
42,52116 31,84954 28,49578
41,30045 32,11815 28,69448
48,42122 32,07048 28,53076
44,14875 31,65722 28,31697
41,50389 31,91789 28,35989
40,2832 31,46012 28,16439
45,36947 32,06253 28,44651
41,5039 31,68583 28,58957
38,85905 31,38066 28,04995
42,52117 31,449 27,89338
44,96256 31,97034 28,45526
44,96257 32,20082 28,66825
41,91079 31,68266 28,19538
40,89355 32,12134 28,67301
40,28319 31,56504 28,35194
43,74186 31,81935 28,3456
41,097 31,63814 28,66348
41,09699 32,19923 28,70879
41,5039 32,27392 29,08945
39,8763 31,63179 28,52838
39,87629 32,23101 28,89872
41,9108 32,38042 29,26746
41,50391 31,80028 28,36625
38,45214 31,78915 28,09922
42,3177 32,33433 28,70798
44,75911 32,7603 29,06005
42,52116 31,83206 28,4783
41,30044 31,73033 28,80891
42,11426 32,58069 29,24601
39,87629 31,94015 28,55539
40,6901 31,39973 28,6309
44,14876 32,51394 29,26746
45,16601 32,08796 28,7962
40,69009 32,10703 28,70003
45,16602 32,1706 29,08944
42,11425 32,23418 29,10375
40,6901 32,2024 28,64599
40,07975 32,05458 28,46877
42,72461 31,59523 28,24068
44,35221 32,58864 28,92176
44,35221 32,30094 29,08864
41,91081 32,70468 29,44151
42,11426 32,74599 29,17527
41,9108 32,16743 29,03143
40,48664 31,79073 28,49102
41,9108 32,49803 29,03381
46,18327 32,5632 29,06401
40,48664 31,9608 28,89632
44,96256 32,15471 28,76917
41,9108 32,15472 29,22614
45,77635 32,28981 28,9607
48,01434 32,62679 29,23964
43,33496 32,66652 29,35569
41,5039 32,40903 29,34455
43,13151 32,52983 29,04892
41,50391 32,67924 29,21263
51,26953 32,7142 29,45662
42,3177 32,62997 29,32231
41,097 32,51712 29,41052
47,20052 33,29435 29,83887
41,70735 32,83023 29,31038
40,07975 32,57274 29,31834
41,09699 32,98601 29,58537
40,07975 32,1865 29,12204
41,70735 32,60613 28,96706
41,70734 32,04823 29,0815
43,94531 32,59023 29,15939
39,67285 32,72692 29,45821
42,31771 32,14994 29,16257
45,36947 32,87315 29,79119
40,89355 32,56161 29,57582
40,6901 32,39313 28,84945
40,89355 32,83023 29,64179
41,30045 32,57751 29,60442
40,69009 32,45195 29,07356
44,14877 32,8954 29,66245
42,92805 32,83659 29,67198
42,92806 33,21329 29,86749
40,89355 32,46466 29,29847
43,94531 33,06547 29,63462
41,70734 32,94468 29,54324
42,52116 33,29595 29,87862
42,31771 32,87156 29,63702
40,89356 32,74599 29,4892
45,77637 33,23236 29,86669
44,14877 33,56139 30,3038
40,48664 32,1722 29,19594
44,35221 33,02256 29,55834
41,9108 32,86521 29,5949
43,94531 33,14654 29,81028
45,97982 32,51552 29,44389
42,11425 32,84296 29,38987
40,89355 33,03687 29,48205
43,33496 32,73486 29,63066
40,89355 32,86202 29,75067
38,65559 32,81911 29,54801
41,5039 33,20854 30,11227
49,23502 32,84137 29,36919
46,18327 33,40085 30,14167
42,92806 32,90336 30,07968
40,89355 32,9558 29,96127
40,07974 33,56298 30,25055
42,11425 33,28164 29,80312
43,33496 33,55502 30,40869
44,55566 33,2721 29,93822
39,67285 33,2896 30,04948
53,5075 33,45013 29,98591
42,52115 33,02256 29,53608
41,9108 32,36134 29,38589
43,94531 33,04164 29,72047
40,07975 32,81594 29,72683
43,74186 32,76825 29,8214
46,79362 33,90311 30,40631
41,9108 32,7905 29,55992
48,62467 33,46919 30,48499
45,36947 33,17833 29,93107
42,72461 33,4247 30,17425
42,3177 33,32455 30,17426
43,5384 33,21489 30,07492
44,75911 33,78233 30,62487
41,9108 33,61384 30,47069
42,3177 33,42151 30,50009
39,06249 33,24191 30,00895
41,30045 33,53595 30,15598
40,48666 33,17991 29,99386
43,1315 33,11316 29,99544
41,70736 33,12747 30,14247
40,2832 33,11953 30,2585
42,7246 33,69173 30,1067
45,77636 33,61543 30,26487
39,46939 33,18311 29,9406
44,14876 33,55024 30,26008
48,62466 33,79027 30,29824
41,70736 32,61565 29,72523
50,45574 33,96511 30,35387
41,30045 32,74282 29,68947
41,70736 33,81253 30,56845
42,72461 33,59478 30,03994
41,70735 33,12748 30,17505
42,11426 33,31185 30,11545
41,30045 33,04164 30,20287
43,1315 33,39607 30,35704
42,52115 33,36428 30,09557
42,52115 33,4692 30,07412
44,35221 33,59476 30,2863
46,59017 33,88087 30,2879
44,14876 33,07661 29,98431
43,1315 33,35476 30,4246
41,50389 33,32933 30,32446
43,13151 33,23079 30,10512
41,097 33,03051 29,94457
41,30045 33,31184 30,17188
47,60742 33,68854 30,31016
43,1315 33,39608 30,32843
43,33496 33,21013 30,17108
41,30045 33,34045 29,95411
45,97982 33,65835 30,42619
46,79362 33,61543 30,40949
45,16601 33,21012 30,23147
41,097 33,65675 30,2108
41,70736 33,4088 30,17028
50,04884 33,72351 30,20049
43,33495 33,28165 30,23783
46,18327 33,52642 30,46433
46,99707 32,87474 30,01769
41,5039 32,9717 29,88338
42,31771 33,43424 30,45242
47,40397 33,30388 30,08682
41,9108 33,2276 30,06618
39,06249 33,12111 30,17584
45,97982 33,72509 30,56923
44,75911 33,62974 30,38168
43,74186 33,65833 30,60738
43,33495 33,03052 29,78802
45,16601 33,46444 30,38962
42,72461 33,43899 30,42538
40,48664 33,50892 29,84761
41,30045 33,52482 30,23306
41,09699 32,9717 29,97796
43,1315 33,0019 30,02643
44,14876 33,52959 30,2394
43,74186 33,68696 30,39837
44,35221 33,59319 30,14088
46,99707 33,44537 30,1663
44,75912 34,1161 30,66221
46,99707 34,31639 30,91574
42,52116 33,34522 30,31015
44,96256 34,04141 30,50406
43,33495 33,59476 29,92789
42,11425 33,3802 30,0948
46,79362 33,88563 30,52871
45,36947 33,36271 30,19968
44,55567 33,87294 30,68289
46,18327 33,78391 30,76235
40,2832 33,31661 30,40314
43,13151 33,46603 30,20843
41,30044 33,67264 30,44287
43,74185 34,1161 30,99044
41,70736 33,66311 30,02008
42,72461 33,75848 30,4238
40,69009 34,1002 30,64394
47,40397 34,3132 30,65825
48,82812 33,79821 30,6964
44,75912 33,64246 30,36738
43,74185 34,37838 31,0111
41,9108 33,96193 31,04845
44,55566 33,87928 30,47466
43,53841 34,45784 31,43946
39,67285 33,29436 30,65189
43,13151 34,27188 30,92448
43,33495 34,05253 30,82593
45,77637 34,12088 30,82832
41,70736 33,47079 30,03518
43,1315 33,3627 30,29187
45,77636 34,10023 31,00157
43,33496 33,79821 30,94674
44,55567 34,62633 31,12079
42,72461 33,98418 30,99681
44,14875 34,03345 30,88394
44,75912 33,88722 30,70989
47,60742 34,49916 30,58592
46,59017 34,29254 30,84422
46,38672 34,65017 30,96819
45,36946 34,18764 30,75757
47,81087 34,0875 30,82674
45,57291 34,66129 31,21853
46,79362 34,02551 30,94197
43,94531 34,06683 30,76553
44,14876 33,70921 30,13372
44,96256 34,71851 30,93083
46,79362 34,34341 31,07548
45,57293 35,04276 31,58887
47,40397 34,54209 31,25112
49,23502 34,59931 31,21615
45,36946 34,7837 31,14622
44,75912 34,30367 30,72262
46,79362 33,86656 30,52235
49,64193 34,68355 31,09853
43,94531 34,26395 30,85376
50,04882 34,38633 30,7719
44,14877 34,4356 31,05959
44,75911 34,86157 31,09774
45,16601 34,47057 31,09455
46,99707 34,76778 31,24714
44,14877 34,79163 31,34253
43,74186 34,57863 31,04447
44,96257 35,90743 32,25008
46,59017 35,52754 31,96159
47,40396 35,47033 31,84238
47,60742 34,89336 31,57536
45,57292 34,3275 30,55015
43,13151 34,20035 30,9507
43,5384 35,27801 31,31072
42,31771 34,31638 31,03495
47,60742 34,18764 30,73137
43,74186 34,48168 31,2233
47,40397 34,80275 31,31547
46,99707 34,6152 31,2972
45,57291 34,85203 31,36318
47,81087 34,85679 31,21217
45,36947 35,53391 31,80663
52,28678 35,02687 31,27098
48,21778 35,3384 31,77086
50,25228 35,19534 31,5539
44,14877 34,78527 31,18913
45,57291 35,48145 31,79152
48,01432 34,31321 31,09454
47,60741 35,35907 31,81616
48,62467 35,42741 31,57457
45,16602 35,17627 30,97931
47,81087 35,54662 31,56502
47,60742 35,31775 31,42039
45,36947 34,92196 31,65403
49,43848 35,46238 31,82014
44,55566 35,02209 31,59443
46,18327 35,32091 31,36475
45,16602 34,68037 31,12714
47,20053 35,28118 31,58252
46,38671 35,75166 31,91153
44,75912 34,61361 31,5086
42,92806 35,68014 31,86624
45,36946 35,69444 32,04188
46,18326 35,08409 31,76451
44,35221 35,07773 31,62385
44,55566 35,17152 31,67073
46,18327 36,10293 32,34864
43,53841 35,57524 31,95286
50,86263 36,4097 32,09909
44,14877 35,41947 31,89883
47,40396 35,67059 31,86623
45,97982 35,45602 31,6747
47,20052 35,17469 31,79153
45,16602 35,24463 31,59047
47,40397 35,45443 31,74226
45,77637 35,10158 31,77484
47,40397 35,3988 31,46887
48,62467 35,91379 32,03948
57,1696 35,20806 31,16688
43,94531 35,35271 31,9314
46,18327 34,75825 31,40131
45,16602 35,5784 31,81138
46,18327 35,90108 32,05301
49,23503 35,27166 31,5404
48,42122 35,23826 31,57456
44,75912 36,09974 32,30651
50,45572 35,6086 31,83365
49,43847 35,59748 31,8114
45,77637 34,6311 31,2225
45,36947 35,27801 31,58727
45,77637 35,55932 31,56899
44,55566 35,07932 31,71284
49,43848 35,42265 32,06412
42,31771 34,949 31,47365
42,92806 34,99349 32,03948
46,79362 35,20966 31,51654
44,35221 35,99644 32,20637
48,01432 35,44808 32,04743
50,65918 36,02505 32,15789
44,75912 35,23349 31,6453
46,99707 34,86474 31,33614
48,82813 35,28595 31,66437
49,84538 35,38768 31,73829
52,08335 35,63881 32,05697
46,79362 35,62291 31,93298
45,16602 35,79458 32,17856
51,47298 35,66902 31,98862
46,79362 36,1538 32,26122
45,36946 35,54185 32,022
46,79362 34,9188 31,25351
43,33496 34,85999 31,43947
55,542 35,86768 32,09193
45,16602 35,89153 32,17777
50,65918 35,98372 32,20876
48,01432 35,59431 32,06254
51,26953 36,18559 32,02756
43,53841 35,18104 31,34251
45,16602 35,49575 31,53085
47,20052 35,32727 31,85908
49,43848 35,33044 31,87178
43,94531 35,33363 31,94729
45,16602 35,68968 32,06016
48,42123 35,43854 32,06094
44,55566 35,16676 31,77008
52,28678 35,17151 31,6612
48,21778 36,16333 32,2175
51,06608 36,07114 32,2795
44,96257 35,93922 31,9783
46,79362 35,16515 31,80742
49,23502 35,5498 31,55231
47,40397 35,23349 31,47683
48,42123 35,56092 32,21273
46,59017 36,0791 32,5799
46,79362 35,54663 32,14916
49,64193 35,68331 31,68661
44,75912 35,73418 32,28427
44,75912 35,52755 32,30811
44,75911 35,63721 31,95524
52,28679 34,94739 31,53483
