0,8138021 0,4069011 0,3051762
0,8138021 0,443459 0,3202765
0,8138021 0,4307432 0,3123291
0,8138021 0,4482274 0,3361715
1,017253 0,4688904 0,357629
0,8138021 0,4704799 0,3568344
1,017253 0,4784272 0,3671656
0,8138021 0,491143 0,3735234
1,220703 0,508627 0,3925966
1,017253 0,5261107 0,4124644
1,017253 0,5213425 0,4069014
1,017253 0,519753 0,424385
1,220703 0,5578994 0,4426635
1,017253 0,5531311 0,4371005
1,017253 0,5642571 0,4561736
1,220703 0,6167088 0,48081
1,220703 0,6278351 0,495115
1,424154 0,6818771 0,5308775
1,220703 0,7073085 0,5467725
1,220703 0,7168452 0,5682309
1,627604 0,7677075 0,6079681
1,831055 0,7963179 0,6334
1,627604 0,8455915 0,6747259
1,831055 0,8980443 0,7041306
1,831055 0,9409602 0,7279729
1,831055 1,010895 0,7716818
2,034505 1,039505 0,7939336
2,237956 1,055399 0,8201594
2,644857 1,120566 0,8670473
5,696614 1,220703 0,9202945
3,458659 1,279514 0,9489054
4,475912 1,452766 1,068115
5,289713 1,508396 1,123747
5,086263 1,656214 1,193684
4,679362 1,905759 1,382827
8,138019 2,245906 1,592637
6,306965 2,601943 1,849334
6,306965 2,911885 2,117952
18,31056 3,414153 2,446176
14,44499 3,911654 2,826851
19,12436 4,569688 3,251235
25,63476 5,068778 3,693103
25,02441 5,41687 4,030863
18,10711 6,561279 4,802543
23,60026 7,572172 5,522567
28,6865 8,902546 6,451606
26,85546 10,74791 7,673902
28,07615 13,0717 9,511311
32,55205 15,87708 11,83509
38,24864 17,26309 13,61847
31,9417 19,25787 15,63073
32,14515 19,88888 16,60267
37,02794 21,06189 17,53331
44,14874 22,72128 19,29283
41,50386 24,23604 20,20517
42,11422 27,34501 22,11967
48,42123 31,60316 25,28587
43,74184 34,52933 28,9273
49,4385 36,05996 31,70567
48,62469 37,09152 31,45056
52,69373 38,14215 33,82442
53,91444 38,05155 33,53354
50,2523 38,69211 33,9961
48,01433 38,12945 34,04854
52,49028 38,97344 34,02469
53,10063 38,90191 34,77651
51,87992 39,1769 34,6128
50,45576 39,30245 34,39741
53,50753 39,56314 35,50369
52,89718 39,30724 35,08249
52,89719 39,76023 34,81228
48,82814 39,69824 35,62211
55,54206 40,78541 36,78239
54,72825 40,55337 35,91457
54,72825 40,32607 35,45759
59,81455 41,11126 36,47006
51,26957 41,16213 36,67512
54,9317 41,14465 36,4931
52,28682 39,92235 35,91853
52,89718 41,74388 37,3395
54,5248 41,6517 36,96121
52,49028 41,55315 36,67115
59,40765 40,75205 36,00278
58,39038 41,60242 36,42796
55,74551 42,24616 37,63039
54,9317 41,92508 36,97473
58,59384 41,94573 37,06137
59,6111 42,39399 38,20259
50,65921 42,15873 37,61846
64,90085 42,54022 37,61927
58,18694 42,0586 37,8251
53,10063 42,07926 37,4778
57,57658 41,31631 36,82611
57,57658 41,76613 37,06056
55,74551 42,00614 37,29182
53,30408 41,8631 37,60337
54,9317 42,59903 38,18033
57,37313 41,54043 37,03751
58,39038 41,51817 37,11221
57,16967 42,71981 37,99676
56,15241 42,36061 37,58826
53,91444 41,84561 37,86959
54,32135 42,25728 37,67091
54,5248 42,02999 36,83646
54,32135 41,83605 37,51117
52,08337 42,8136 37,99199
55,54206 41,67076 37,52069
56,96622 42,1619 37,5827
57,16967 43,25865 37,57795
59,40765 43,07905 38,38775
54,72825 41,94097 37,35541
55,94896 42,76591 37,79171
55,74551 42,01567 37,37209
56,55932 42,27794 36,90798
58,79729 42,33358 37,75676
58,39038 42,77705 37,49052
59,20419 42,68803 38,46964
53,71099 42,91057 37,72973
55,54205 42,4798 38,13423
54,72825 42,17463 38,20261
55,94896 43,30157 38,05636
56,55932 42,77385 37,75754
54,11789 42,3463 37,35462
56,76277 41,96004 37,1758
56,15241 42,39079 37,64945
55,94896 42,62605 37,8998
57,37313 43,37786 38,39811
64,08704 42,56246 37,43886
51,67647 43,32223 37,85212
63,06978 42,8311 37,84337
54,11789 43,15692 38,18432
56,96622 42,73254 37,61291
56,96622 42,64989 38,743
56,35587 42,59743 38,11518
59,81455 43,38899 38,40129
54,11789 42,98526 38,37584
60,42491 42,80883 38,10802
55,3386 43,46212 38,48234
55,3386 43,07745 37,57157
58,18694 43,79907 38,60711
55,74551 42,88514 38,19942
62,05252 43,38423 38,58168
52,08337 43,27455 38,11757
61,84907 44,30931 39,05138
60,22145 44,04704 38,33772
59,00074 43,93102 39,17136
59,20419 42,83585 38,04364
56,15241 43,25865 38,28128
60,018 43,74345 38,21452
59,20419 42,62921 37,71383
64,6974 43,92466 38,25111
54,9317 43,62581 39,03865
54,11789 42,69597 38,72552
57,16967 43,94691 38,94648
56,55932 43,71006 38,54274
55,94896 42,57994 37,79807
58,39038 43,59243 38,01028
56,96622 44,04544 38,743
55,7455 44,07088 39,27468
