0,4069011 0,2352399 0,140667
0,6103516 0,2447767 0,1509984
0,6103516 0,2479557 0,1486143
0,4069011 0,2415978 0,149409
0,6103516 0,2638502 0,1660982
0,6103516 0,2590818 0,1565615
0,8138021 0,2431872 0,1470248
0,6103516 0,2606713 0,1613299
0,6103516 0,2352399 0,149409
0,6103516 0,2336504 0,1462301
0,8138021 0,2479557 0,1541773
0,4069011 0,2352399 0,154972
0,6103516 0,2463662 0,1533826
0,6103516 0,2559029 0,1597404
0,6103516 0,2511346 0,1549721
0,6103516 0,2415978 0,1509984
0,6103516 0,2495451 0,1573562
0,6103516 0,2559029 0,1597404
0,8138021 0,2463662 0,1597404
0,8138021 0,2527241 0,1629193
0,6103516 0,2606713 0,1668929
0,6103516 0,2495451 0,1732507
0,6103516 0,2717974 0,1637141
0,6103516 0,2384188 0,1517931
0,6103516 0,2495451 0,158151
0,6103516 0,2511346 0,1716613
0,8138021 0,2527241 0,1621246
0,6103516 0,2479557 0,1502037
0,8138021 0,2622608 0,1684824
0,4069011 0,2447767 0,1533826
0,6103516 0,2479557 0,1525879
0,6103516 0,2574924 0,1653035
0,6103516 0,2559029 0,1660982
0,6103516 0,2415978 0,1613298
0,4069011 0,2368294 0,1533826
0,6103516 0,2606713 0,1756349
0,6103516 0,2654397 0,1708666
0,6103516 0,2511346 0,1525879
0,6103516 0,2749763 0,1827874
0,6103516 0,2559029 0,1676877
0,6103516 0,2559029 0,1764296
0,6103516 0,2543135 0,1772243
0,6103516 0,2479557 0,1645087
0,6103516 0,2511346 0,1597404
0,6103516 0,270208 0,1732507
0,8138021 0,2511346 0,1660982
0,8138021 0,2431872 0,1645087
0,8138021 0,2543135 0,1748402
0,4069011 0,270208 0,1827874
0,6103516 0,2447767 0,1756349
0,6103516 0,2511346 0,1732507
0,6103516 0,2638502 0,1637141
0,6103516 0,2606713 0,1883505
0,6103516 0,2368294 0,1660982
0,6103516 0,281334 0,1923241
1,017253 0,2622607 0,1819927
0,6103516 0,2686186 0,1764296
0,6103516 0,2527241 0,1700718
0,6103516 0,2590819 0,172456
0,6103516 0,2559029 0,1740454
0,8138021 0,2670291 0,1819927
0,6103516 0,2622608 0,1788138
0,6103516 0,2463662 0,1700718
0,6103516 0,2590819 0,1796085
0,8138021 0,2670291 0,1804033
0,6103516 0,2670291 0,1851716
0,6103516 0,2368294 0,1716612
0,4069011 0,2559029 0,1748402
0,4069011 0,2829235 0,1994766
0,6103516 0,2559029 0,1756349
0,6103516 0,2686186 0,1923241
0,8138021 0,2606713 0,1843769
0,6103516 0,2797446 0,1962977
0,6103516 0,2511346 0,1676876
0,6103516 0,2543135 0,1843769
0,8138021 0,2590818 0,186761
1,017253 0,2590819 0,1772244
0,6103516 0,2543135 0,1788138
0,8138021 0,2717974 0,181198
1,017253 0,2606713 0,1843769
0,6103516 0,2638502 0,1907347
0,6103516 0,270208 0,1931188
0,8138021 0,2876918 0,1955029
0,8138021 0,2559029 0,181198
0,6103516 0,2765658 0,2074238
0,6103516 0,2940495 0,215371
0,6103516 0,2749763 0,195503
0,6103516 0,2479557 0,1740454
0,6103516 0,2670291 0,1867611
0,6103516 0,2733869 0,1970924
0,6103516 0,2845129 0,2090132
0,6103516 0,2686186 0,1883505
0,6103516 0,2749763 0,1923241
0,6103516 0,2845129 0,2018607
0,6103516 0,2876918 0,2129868
0,6103516 0,2861023 0,2058343
0,8138021 0,2908707 0,2050396
0,8138021 0,2765658 0,2050397
0,6103516 0,2956389 0,2050396
0,6103516 0,2908706 0,2106027
0,6103516 0,2861023 0,2129868
0,6103516 0,2829235 0,2018607
0,6103516 0,2908706 0,2169604
0,6103516 0,2988178 0,2185499
0,6103516 0,2845129 0,209808
0,6103516 0,2908706 0,2145763
0,6103516 0,2908707 0,2161657
0,8138021 0,2797446 0,2026555
0,8138021 0,2876918 0,2106027
0,6103516 0,281334 0,2074238
0,6103516 0,2956389 0,2225235
0,8138021 0,3004073 0,2257024
0,8138021 0,3131227 0,2241129
0,6103516 0,2924601 0,215371
0,8138021 0,3019967 0,2241129
0,6103516 0,2749763 0,2042449
0,6103516 0,317891 0,2249076
0,6103516 0,2638502 0,2010661
0,6103516 0,3004072 0,2217287
0,8138021 0,3163016 0,2257023
0,6103516 0,2988178 0,229676
0,8138021 0,3115333 0,2288812
0,8138021 0,3274276 0,240802
0,6103516 0,3290171 0,2336495
0,6103516 0,3258382 0,2392126
0,6103516 0,3019967 0,2280865
0,6103516 0,3035861 0,2304707
0,8138021 0,3083544 0,2288812
0,6103516 0,3004073 0,2272918
0,8138021 0,3131227 0,2288812
1,017253 0,3131227 0,2336496
0,6103516 0,3115332 0,235239
0,8138021 0,3083544 0,2336496
1,017253 0,3337854 0,2423914
0,8138021 0,3194804 0,240802
0,8138021 0,3210699 0,2384179
1,017253 0,3226593 0,2415968
0,8138021 0,3163016 0,2360337
0,6103516 0,3226593 0,249544
0,6103516 0,3385538 0,2487492
0,6103516 0,3306065 0,2495439
0,6103516 0,3306065 0,2479545
0,8138021 0,3274276 0,2463651
1,017253 0,3306065 0,2447756
0,8138021 0,346501 0,261465
0,6103516 0,3401432 0,2566966
0,6103516 0,3258382 0,2463651
0,6103516 0,3608064 0,2662337
0,8138021 0,3767011 0,2781549
0,8138021 0,3814695 0,2821286
0,8138021 0,376701 0,280539
0,8138021 0,3703432 0,2757706
0,6103516 0,34968 0,2646441
0,8138021 0,3512695 0,2662335
0,8138021 0,4132589 0,3019972
0,8138021 0,3973642 0,2876919
0,8138021 0,3639853 0,2717969
0,8138021 0,416438 0,3027921
1,017253 0,3894167 0,2861023
0,8138021 0,4434589 0,3131239
0,8138021 0,4482274 0,3178923
0,8138021 0,4688904 0,3353768
1,017253 0,4895535 0,3687551
0,8138021 0,487964 0,3655762
1,017253 0,508627 0,363987
1,017253 0,4768378 0,3639866
1,220703 0,5261108 0,391802
1,424154 0,5340579 0,3989544
0,8138021 0,5515417 0,4323322
1,017253 0,5610784 0,4371006
1,220703 0,5753832 0,4490213
1,220703 0,6008142 0,4601474
1,424154 0,6039932 0,4704787
1,424154 0,6977715 0,5245193
1,627604 0,7088979 0,5380301
1,424154 0,7724758 0,5857148
1,831055 0,8058546 0,6270419
1,627604 0,8360546 0,6421416
1,424154 0,8471811 0,6635997
1,831055 0,9330127 0,7224098
2,034505 1,023611 0,7915504
2,034505 1,099903 0,8598953
2,644857 1,287461 0,960032
4,069011 1,376472 1,043479
3,66211 1,406671 1,075268
10,17253 1,667339 1,234215
8,54492 1,943906 1,422564
7,120769 1,947085 1,444021
10,17252 2,253849 1,676877
17,2933 2,924601 2,126694
12,20703 3,523825 2,524853
11,18978 4,706384 3,337066
16,8864 5,903245 4,282794
16,68294 7,637342 5,640188
18,92091 9,430248 7,113619
21,15886 10,9752 8,393123
26,44856 13,06057 10,0859
29,90722 15,49721 11,971
32,95896 17,29965 13,65423
32,95897 19,88252 15,98676
37,43488 21,69291 17,34335
45,57289 24,78122 19,61866
51,87988 27,63271 21,68735
69,58022 30,84977 24,18439
47,40398 32,67287 26,3214
63,06977 35,50529 29,0664
57,57657 38,19941 32,03868
70,19055 38,74459 33,13939
69,37675 41,27343 34,5103
78,12521 43,12357 36,58135
68,96987 43,82293 37,13687
97,04585 44,24414 36,9231
78,32862 46,29613 38,836
94,40102 46,33111 39,43524
76,49756 47,97143 41,06683
73,24236 49,50844 41,87267
80,97348 49,74368 42,05625
81,78732 48,59926 41,3235
81,38037 51,31565 43,80543
80,36315 52,49982 43,50586
88,50103 53,79523 45,15332
102,1321 55,03659 46,20239
101,3182 56,16988 46,72768
88,90794 57,29999 47,59315
123,6975 60,03065 49,27317
120,0354 64,05043 52,96789
101,1148 71,29523 56,4298
114,7458 77,64986 63,29067
120,2388 84,11104 71,07427
121,4595 87,81762 76,84966
115,5596 89,72178 79,84734
115,3561 91,26348 81,75151
119,4251 92,77658 83,23046
114,3389 92,04546 82,547
115,763 93,71754 83,51496
119,2216 91,82771 82,25533
130,2078 95,84737 85,77986
120,0354 96,21136 85,91975
123,6975 96,37669 87,52988
119,832 95,23228 85,3738
126,7492 98,68293 88,19024
122,4768 98,826 88,04324
126,3423 99,16296 89,50556
123,6975 101,5566 90,8462
122,6802 100,932 90,10553
124,7147 102,0525 91,60196
123,2906 102,5628 92,35298
122,2733 101,1386 91,31983
122,4768 104,2365 93,55225
120,4423 102,5723 92,80762
121,0526 103,3019 93,93053
130,2078 104,4224 93,9297
128,5802 106,1994 96,15098
125,1216 106,1518 95,25774
125,1216 106,4983 95,17589
123,6975 107,4042 97,32722
123,6975 107,3311 96,23526
127,563 108,0416 97,36059
123,0871 106,5507 96,69617
123,6975 108,9062 99,03662
129,5974 110,219 100,8835
123,6975 109,596 98,93887
123,6975 108,9364 98,37939
123,6975 109,2416 99,8218
123,9009 108,1687 98,57968
124,5112 111,6241 101,4279
124,7147 110,1301 98,87289
123,0871 110,2954 99,42365
126,7492 111,6288 100,8223
128,3767 111,5542 101,017
127,3595 114,245 103,5585
130,2078 112,0056 100,9845
129,5974 114,431 103,1691
130,2078 113,3979 102,4626
130,2078 113,5584 102,5802
130,2078 113,0291 102,438
130,2078 113,266 102,4904
130,2078 115,4594 103,9344
129,5974 114,2896 104,0409
128,3767 114,0146 104,3239
130,2078 114,4104 104,7379
130,2078 115,0652 106,3734
129,8009 115,1908 105,0963
129,1905 113,5584 103,2001
129,8009 115,7074 105,9268
127,9698 115,8123 105,7376
123,6975 114,8189 104,9349
130,2078 116,1603 106,077
128,9871 115,4356 104,8626
129,5974 115,7725 106,4052
129,394 116,545 106,5562
128,9871 116,545 106,5586
126,9526 115,4292 104,6782
130,2078 116,5196 106,7581
130,2078 114,6504 105,4229
126,5457 115,9267 106,6372
129,8009 116,4306 106,6317
128,5802 115,2893 104,9556
128,9871 116,8978 106,3774
127,1561 116,305 106,1143
130,2078 115,6708 105,9689
129,394 116,3352 105,6144
130,2078 116,2811 106,4044
130,2078 115,5277 105,9585
130,2078 117,2253 106,7445
128,5802 117,3127 107,8253
