0,6103516 0,2511346 0,149409
0,4069011 0,2304715 0,1438459
0,6103516 0,2400083 0,1398723
0,6103516 0,2463662 0,1541773
0,6103516 0,2495451 0,1557668
0,6103516 0,2447767 0,1502037
0,4069011 0,2543135 0,149409
0,6103516 0,2463662 0,1470248
0,6103516 0,2543135 0,1653035
0,6103516 0,2463662 0,1486143
0,6103516 0,2574924 0,1708666
0,6103516 0,2511346 0,1613299
0,6103516 0,2415978 0,1478195
0,8138021 0,2511346 0,1597404
0,6103516 0,2495451 0,1557668
0,4069011 0,2384188 0,1525879
0,6103516 0,2543135 0,1629193
0,4069011 0,2447767 0,1621246
0,6103516 0,2622608 0,1756349
0,6103516 0,2733869 0,1756349
0,8138021 0,2543135 0,1605351
0,4069011 0,232061 0,1525879
0,6103516 0,2559029 0,1692771
0,6103516 0,2479557 0,1565615
0,4069011 0,2368294 0,1541773
0,6103516 0,2415978 0,1525879
0,6103516 0,2670291 0,1716613
0,6103516 0,2559029 0,1597404
0,6103516 0,2559029 0,163714
0,6103516 0,2431872 0,1525879
0,6103516 0,2495451 0,1613299
0,6103516 0,2606713 0,1764296
0,6103516 0,2590818 0,1597404
0,4069011 0,2559029 0,1708665
0,6103516 0,2527241 0,1597404
0,6103516 0,2590819 0,1621246
0,6103516 0,2622608 0,1692771
0,6103516 0,2431872 0,1629193
0,8138021 0,2431872 0,1573562
0,6103516 0,2511346 0,1525879
0,6103516 0,2559029 0,1629193
0,4069011 0,2415978 0,154972
0,6103516 0,2479557 0,1533826
0,6103516 0,2527241 0,1629193
0,6103516 0,2622608 0,1740455
0,4069011 0,2543135 0,1597404
0,6103516 0,2543135 0,1788138
0,4069011 0,2463662 0,1692771
0,6103516 0,2479557 0,1589457
0,6103516 0,2447767 0,158151
0,6103516 0,2543135 0,1573562
0,6103516 0,2495451 0,1541773
0,6103516 0,2622608 0,1589457
0,4069011 0,2463662 0,1597404
0,6103516 0,2336504 0,1533826
0,6103516 0,2559029 0,1692771
0,6103516 0,2368294 0,1509984
0,6103516 0,2463662 0,1470248
0,4069011 0,2479557 0,1668929
0,6103516 0,2479557 0,1573562
0,6103516 0,252724 0,1645087
0,6103516 0,2336504 0,1597404
0,6103516 0,2495451 0,1541773
0,6103516 0,2400083 0,1621246
0,6103516 0,2495451 0,1525879
0,6103516 0,2590819 0,1668929
0,6103516 0,2495451 0,1692771
0,6103516 0,2606713 0,1684824
0,6103516 0,2527241 0,1621246
0,6103516 0,2495451 0,1621246
0,6103516 0,2543135 0,158151
0,6103516 0,2622608 0,172456
0,4069011 0,2479557 0,1645087
0,6103516 0,2400083 0,1502037
0,8138021 0,2590819 0,1613299
0,6103516 0,2415978 0,1565615
0,6103516 0,2527241 0,1684824
0,4069011 0,2495451 0,1645087
0,8138021 0,2638502 0,1764296
0,6103516 0,2670291 0,1716613
0,6103516 0,2559029 0,1732507
0,6103516 0,270208 0,1827874
0,6103516 0,2574924 0,172456
0,6103516 0,2447767 0,1716613
0,4069011 0,2288821 0,1668929
0,6103516 0,2590819 0,1700718
0,6103516 0,2527241 0,1732507
0,6103516 0,2511346 0,1732507
0,6103516 0,2559029 0,1708665
0,6103516 0,2447767 0,1645087
0,6103516 0,2765657 0,1915293
0,6103516 0,2559029 0,1653035
0,8138021 0,270208 0,1827874
0,6103516 0,2574924 0,1732507
0,6103516 0,2717974 0,1875558
0,8138021 0,252724 0,1676876
0,6103516 0,2606713 0,1708666
0,6103516 0,2511346 0,1740454
0,6103516 0,2543135 0,1788138
0,4069011 0,2527241 0,1668929
0,6103516 0,2574924 0,1708665
0,6103516 0,2654397 0,1883505
0,6103516 0,2463662 0,1613299
0,6103516 0,2733869 0,1883505
0,6103516 0,2765658 0,1923241
0,6103516 0,2447767 0,1756349
0,6103516 0,2495451 0,1708665
0,6103516 0,2574924 0,1708666
0,6103516 0,2892812 0,1962976
0,8138021 0,2654397 0,1819927
0,6103516 0,2559029 0,1740454
0,6103516 0,2622608 0,1748402
0,6103516 0,2574924 0,1708665
0,4069011 0,2654397 0,1867611
0,6103516 0,2543135 0,1780191
0,6103516 0,2495451 0,1676876
0,6103516 0,2670291 0,1859663
0,6103516 0,2622608 0,1827874
0,8138021 0,2654397 0,1796085
0,6103516 0,2749763 0,195503
0,4069011 0,2638502 0,1931188
0,6103516 0,2765658 0,1978872
0,6103516 0,2797446 0,1939135
0,8138021 0,2845129 0,2018607
0,6103516 0,2845129 0,209808
0,8138021 0,2924601 0,2002712
0,6103516 0,2781552 0,2026555
0,6103516 0,2717974 0,1923241
0,8138021 0,2733869 0,1883505
0,6103516 0,2733869 0,1978872
0,8138021 0,3004073 0,2145762
0,6103516 0,2749763 0,2074238
0,8138021 0,2892812 0,215371
0,8138021 0,2829235 0,2074238
0,8138021 0,2892812 0,2145763
0,6103516 0,2924601 0,215371
0,6103516 0,2988178 0,2137815
0,8138021 0,2908706 0,2129868
0,6103516 0,270208 0,1962977
0,6103516 0,2829235 0,2058344
0,6103516 0,2686186 0,1994766
0,6103516 0,2892812 0,2169605
0,6103516 0,2908706 0,215371
0,8138021 0,2829235 0,2034502
0,8138021 0,3051755 0,2264971
1,017253 0,2924601 0,215371
0,6103516 0,2988178 0,2257024
0,6103516 0,3115333 0,2296759
0,6103516 0,3131227 0,235239
0,8138021 0,2892812 0,2217288
0,6103516 0,2988178 0,2161657
0,6103516 0,3258382 0,2392126
0,6103516 0,3385538 0,2503387
0,8138021 0,3337854 0,2479545
0,8138021 0,3194804 0,240802
0,6103516 0,3242487 0,240802
0,8138021 0,3369642 0,2519282
1,220703 0,3258383 0,2447757
0,6103516 0,3496801 0,2622599
0,8138021 0,3417327 0,249544
0,6103516 0,3019967 0,2384179
0,6103516 0,3401432 0,2527229
0,6103516 0,3465011 0,264644
0,6103516 0,3306065 0,2527229
0,8138021 0,37988 0,2749759
0,8138021 0,406901 0,2932551
0,8138021 0,3925959 0,2845129
0,8138021 0,4084906 0,2980236
0,8138021 0,437101 0,3163028
1,017253 0,4243852 0,3083553
0,8138021 0,4545852 0,3266345
1,017253 0,4561747 0,3321978
1,017253 0,4847851 0,3528608
1,220703 0,4768378 0,3560396
1,017253 0,4863746 0,3647815
0,8138021 0,4545852 0,3480923
1,017253 0,4847851 0,3600132
1,017253 0,4847851 0,3814704
1,220703 0,5102164 0,394186
1,017253 0,534058 0,4180274
1,017253 0,5340579 0,4251798
1,017253 0,5531312 0,4259746
1,220703 0,5340579 0,4124645
1,220703 0,6055826 0,4569685
1,831055 0,5880988 0,4641209
1,220703 0,6182982 0,4728629
1,627604 0,6198877 0,4744522
1,424154 0,6628034 0,5030625
2,034505 0,7311502 0,5435932
2,034505 0,7565814 0,5650513
1,831055 0,7740653 0,5833305
2,237956 0,8567176 0,6373734
2,237956 0,9282439 0,6699573
2,441406 1,002948 0,740688
28,07615 1,384415 0,9131426
48,21777 1,761118 1,133281
29,29686 2,291995 1,445611
38,04519 3,191632 1,988411
55,13515 5,922319 3,511111
59,61109 8,643467 5,037783
62,25598 15,47972 8,950236
65,51121 24,96877 15,19124
68,56297 32,82864 23,3531
69,58025 40,61061 30,65587
66,93537 47,43578 37,32682
82,19418 51,84655 43,26426
70,39404 52,52206 44,58747
76,4976 54,7187 46,74915
83,21142 57,31905 49,3328
88,29759 59,228 51,14161
84,02522 61,72984 54,04
98,06309 61,84745 54,28238
86,05968 64,8007 56,05227
88,09415 65,77983 58,29182
84,43211 66,93379 59,86221
91,75621 66,80345 59,58724
88,09416 69,08274 61,76083
92,97691 69,97601 62,75977
107,4217 70,69125 63,75955
97,04585 72,38561 65,03189
99,48722 73,51415 65,74003
113,932 74,50595 66,89953
100,0976 76,08748 68,67179
94,40104 76,14474 68,284
97,24929 77,27321 69,62155
95,01137 78,08546 70,25652
105,7941 78,95963 71,53444
104,5734 81,9208 74,16187
109,6596 81,62038 74,26443
123,2906 82,1179 74,92801
121,4595 83,56586 75,12589
119,4251 83,5325 75,90154
111,2872 83,9346 76,51585
120,2388 83,96004 76,22975
117,3906 84,47343 77,58398
115,3561 86,12012 78,49554
107,4217 85,40644 78,42322
118,2044 86,20275 78,76093
125,325 86,83537 78,74189
113,7285 88,25629 80,15728
121,2561 88,53442 79,90132
109,863 89,8632 81,65374
121,2561 90,09687 81,93904
120,4423 88,15302 80,64846
116,5768 90,94875 82,94279
118,6113 90,17628 82,26565
121,4595 91,76569 83,74623
123,2906 92,00253 84,00764
113,932 93,38852 85,25538
118,0009 93,41555 85,98653
119,6285 93,79224 85,52636
119,832 93,93845 85,43422
125,7319 95,1989 86,42839
118,6113 93,51885 86,24162
123,2906 97,65298 88,65356
119,6285 98,17907 88,92058
122,8837 97,66414 89,36882
117,7975 95,35943 87,06015
126,1388 98,10756 89,91802
119,0182 96,93774 88,98418
130,2078 98,34441 89,7296
121,663 98,25539 89,34344
120,6457 98,05987 89,6271
125,7319 99,77647 91,80225
126,9526 98,49065 89,62952
122,6802 98,93089 90,27481
128,1733 99,45698 91,02105
129,394 101,3818 92,50797
121,2561 102,2751 92,8672
129,394 101,3548 92,27118
130,2078 100,8064 92,20997
129,394 100,9654 92,25052
123,2906 101,6854 92,34028
123,6975 100,8351 92,04709
121,4595 102,3243 92,55015
127,1561 103,4338 93,63729
126,9526 101,0465 92,42461
123,6975 101,9461 93,33131
123,6975 101,6647 93,01743
123,6975 100,2693 92,26642
128,7836 103,642 94,28819
126,3423 103,1079 93,54989
123,6975 101,1847 92,20762
125,7319 102,2719 93,65475
122,2733 105,5605 95,7457
126,3423 103,4592 94,49397
129,5974 106,379 95,64796
122,2733 102,0812 93,77398
127,9698 104,1856 94,88979
130,2078 103,7199 94,75866
124,3078 103,4497 93,54835
123,6975 104,4225 95,66232
128,9871 104,1697 93,67622
128,1733 105,5478 95,69643
128,9871 103,7263 94,3804
128,5802 102,7583 93,90437
125,325 103,4608 94,46062
125,5285 103,65 94,80714
129,394 104,2587 94,9693
123,6975 104,087 94,69187
123,6975 104,602 95,63683
126,9526 103,9075 94,53376
124,3078 104,3271 93,51093
125,325 105,384 95,9118
