0,8138021 0,4212063 0,3099447
0,8138021 0,4450485 0,325045
0,8138021 0,4402801 0,328224
1,017253 0,4482273 0,3242503
0,8138021 0,4529957 0,3385558
1,017253 0,4657115 0,3441188
1,017253 0,4561747 0,3552448
1,220703 0,4704799 0,3767021
1,017253 0,467301 0,3536555
1,017253 0,4831957 0,366371
0,8138021 0,4959114 0,3790865
1,220703 0,5022693 0,3933913
0,8138021 0,5006797 0,4180272
1,017253 0,5340579 0,4140538
1,220703 0,5213425 0,4188221
1,220703 0,5356473 0,4331269
1,017253 0,5547205 0,4434582
1,017253 0,5912776 0,4672997
1,017253 0,61353 0,4887571
1,017253 0,664393 0,5157775
1,220703 0,699361 0,5380301
1,627604 0,7073085 0,5523358
1,627604 0,813802 0,6349895
1,424154 0,8201599 0,6540627
1,424154 0,8757917 0,6985677
1,627604 0,9377812 0,7422779
1,831055 1,002948 0,8010868
2,034505 1,001359 0,8002918
9,562171 1,145997 0,8980416
8,341469 1,200039 0,9075786
5,493164 1,180966 0,8948632
7,731118 1,300176 0,9528788
8,138019 1,409851 1,060168
9,562171 1,44164 1,054604
7,527668 1,540185 1,129311
7,527668 1,575153 1,123747
8,748369 1,653035 1,180969
7,731118 1,805622 1,289845
7,934568 1,912117 1,34627
8,748369 2,180737 1,535415
9,358721 2,465247 1,674492
11,39323 2,862613 1,935165
9,765621 3,094673 2,096494
12,41048 3,611247 2,400081
12,20703 3,798802 2,589224
10,78288 4,159608 2,818902
11,18978 4,549025 3,093877
13,22429 4,92255 3,366472
16,8864 5,513825 3,787674
17,70021 5,834895 3,967284
29,29685 6,348293 4,258952
26,652 7,152556 4,602273
15,86915 7,336936 4,853406
18,31056 8,494061 5,717279
19,93816 9,506548 6,241006
29,5003 11,14528 7,468065
32,55205 12,60122 8,851687
29,70375 14,64049 10,44512
38,04519 16,90388 12,89209
36,82449 19,21972 15,6037
47,81087 21,44654 17,7153
54,11789 24,1804 19,9445
40,28315 27,41176 22,37398
50,65921 31,56183 25,48455
46,18326 34,13198 29,56548
45,36946 35,21597 30,752
49,03159 36,05521 32,29855
50,04885 36,48753 32,0625
54,11789 37,85448 33,59634
49,8454 38,1358 33,91024
48,62469 38,1326 34,06125
50,25229 38,21687 33,84826
48,01433 38,2264 33,92853
50,04885 38,35357 34,56352
52,69373 39,06086 34,80829
52,08337 39,00046 34,66444
50,04885 39,79996 35,77389
50,86266 39,6426 34,31478
51,47301 39,73479 35,5911
48,62469 39,98434 36,13709
49,8454 39,41213 35,6666
51,26957 40,6376 36,53365
52,69373 41,07154 36,84519
53,30408 40,27838 36,55272
56,35587 40,01454 36,17046
57,57658 41,38942 37,24174
53,10063 41,42918 37,72735
54,72825 41,89805 37,67093
52,08337 41,76295 37,82668
52,89718 41,5881 37,76469
57,57658 42,0888 37,83781
50,86266 41,3306 37,61686
58,59384 42,53703 38,40524
52,89717 41,74388 37,81874
55,13515 42,27795 38,09928
54,11789 41,74387 37,61926
52,49028 42,18734 38,16047
51,87992 41,98072 37,82032
52,69373 42,22231 37,73132
59,6111 43,15693 38,63888
53,91444 42,95031 37,97292
59,00074 43,18553 38,98461
54,9317 43,27137 38,5801
53,50754 42,93918 38,32101
59,81455 42,5863 38,54352
56,76277 43,17757 38,95042
60,83181 43,24116 38,86618
54,72825 43,28886 38,90355
60,83181 43,86266 38,84634
54,9317 44,45712 39,64662
54,11789 43,2491 39,20395
56,35587 43,20303 39,28025
54,32135 43,64808 39,30091
59,6111 43,86741 39,96848
56,15241 43,65284 39,05613
63,47669 43,7657 39,06965
56,96622 43,4192 39,19601
62,05252 44,46507 39,60926
56,96622 43,52251 39,13483
62,66288 44,53341 39,59019
60,22145 43,5225 39,13161
61,44217 43,389 39,29376
60,62836 44,41419 39,89775
57,37313 44,43486 40,0114
59,6111 44,28864 40,04798
59,40765 43,97074 39,59497
60,22145 43,99141 39,65137
65,71466 44,34428 39,51314
61,84907 45,05476 40,36744
57,78003 45,15014 40,15685
56,35587 44,51751 40,15604
59,6111 44,29181 39,7857
55,74551 44,38877 40,00346
65,1043 44,49685 39,66967
55,74551 44,11539 39,89062
62,66288 44,55726 39,43762
56,96622 44,98322 40,51687
62,05252 44,92124 40,7505
56,76276 44,59222 40,32772
56,76277 44,29182 39,89616
56,76277 44,51116 40,12984
57,78003 45,15967 40,64322
55,74551 44,88946 40,19339
58,39038 44,77818 40,36269
60,62836 45,55862 40,34995
60,83181 44,75594 40,31578
59,6111 45,5316 40,96189
59,40765 45,73822 40,94757
65,91811 45,03091 40,35394
56,76277 45,77637 41,0382
59,00074 45,13582 40,49459
60,62836 46,81272 41,71134
60,83181 45,29317 40,53753
58,39038 44,94508 40,22836
60,42491 45,24231 40,86654
64,2905 45,21212 40,7672
61,64562 45,82247 41,52616
61,64562 44,67012 40,74097
59,40765 46,07361 41,60326
63,68014 46,40421 41,80036
57,16967 46,49641 41,44987
59,40765 45,86221 41,33224
60,018 45,7875 41,32986
58,79729 45,60154 41,19557
63,47669 45,22642 40,59236
60,018 45,64126 41,04295
