0,8138021 0,4196168 0,3075605
0,6103516 0,4307432 0,3147133
0,8138021 0,4561747 0,3321978
1,220703 0,4466378 0,321866
0,8138021 0,464122 0,3496818
1,017253 0,4831957 0,3631921
0,8138021 0,4609431 0,360013
1,017253 0,4704799 0,3782915
1,017253 0,4975008 0,3949806
1,220703 0,5102164 0,4021331
1,220703 0,5531312 0,4323323
1,017253 0,5722044 0,4593525
1,220703 0,5785621 0,4625314
1,017253 0,6198878 0,4800154
1,017253 0,6103511 0,4784259
1,017253 0,6945928 0,5364408
1,424154 0,7295607 0,5714096
1,220703 0,7708863 0,6016101
1,424154 0,813802 0,623863
1,627604 0,886918 0,6834681
2,237956 0,91076 0,6890308
2,034505 0,9648021 0,7375093
3,255208 1,039505 0,8018814
2,237956 1,045863 0,821749
2,848307 1,071294 0,7939335
3,255208 1,168249 0,875789
3,051758 1,247724 0,9091687
4,475912 1,262029 0,8956583
4,272461 1,325609 0,9195008
4,475912 1,454355 1,041889
4,679362 1,559259 1,112621
4,882813 1,718202 1,180173
6,510416 1,87397 1,296202
6,103515 1,948674 1,384417
5,696614 2,163253 1,535416
5,493165 2,291996 1,622041
7,934568 2,508163 1,773835
7,527668 2,654394 1,92086
6,713867 2,795855 2,046425
6,103515 3,07401 2,203783
6,306965 3,045401 2,176762
7,527669 3,25044 2,34763
6,713867 3,51906 2,5932
7,731118 3,825822 2,760887
8,138018 4,024507 2,973082
8,341472 4,409153 3,264746
8,341472 4,665057 3,533364
9,765624 5,025864 3,790061
9,35872 5,461376 4,145306
9,155272 6,01292 4,613401
9,969072 6,351471 4,967846
10,98633 6,952285 5,540056
11,59668 7,343291 5,931855
11,59668 7,909138 6,525516
11,39323 8,339877 7,022223
14,85189 8,913671 7,498261
13,22429 9,435013 8,050597
13,22429 9,592379 8,412999
13,83464 10,28697 8,931162
13,42774 10,36644 9,094874
14,64844 10,92593 9,486674
13,22428 11,04673 9,780729
14,24154 11,42661 10,21067
15,05535 11,6094 10,42207
15,86915 12,0004 10,70817
15,46225 11,94477 10,72883
15,6657 12,40889 11,17309
16,0726 12,5885 11,20885
16,8864 12,88733 11,49019
15,86915 13,29899 11,96305
17,08985 13,59145 12,11087
15,86915 13,86484 12,41843
17,49675 14,30194 12,84281
17,2933 14,47042 13,15117
19,32781 14,81375 13,3729
18,71746 15,17296 13,61052
18,10711 15,24608 13,80364
18,92091 15,58145 14,1271
19,73471 15,53218 14,08339
19,53126 15,9661 14,35598
19,53126 16,08531 14,50857
20,34506 16,46202 14,9099
22,37956 16,72904 14,98143
21,15886 16,93886 15,50674
19,93816 17,1868 15,58145
21,15886 17,59689 16,14729
22,78646 17,38549 15,88663
21,56576 17,7908 16,20293
22,58302 17,97676 16,4334
22,37955 18,30579 16,79738
22,58301 18,53625 17,035
22,17611 18,97812 17,2933
22,78646 19,25151 17,6541
23,8037 19,40728 17,90603
22,58301 19,27695 17,7296
24,21062 19,79827 18,15
22,78646 19,72835 18,12141
23,39681 20,04306 18,51241
23,80371 20,14954 18,47823
23,8037 20,11777 18,55294
24,61751 20,24968 18,70313
24,41405 20,52308 19,01707
24,61751 20,73606 19,09812
24,41406 20,66772 18,83586
25,02441 20,95222 19,20383
24,82096 21,10958 19,35084
25,43131 21,00786 19,19747
25,02441 21,31939 19,57019
27,66926 21,31779 19,5384
29,50031 21,5753 19,62026
25,02441 21,68656 20,02478
25,83821 21,93928 20,27114
25,02441 21,80735 20,16703
27,46581 22,20154 20,5199
26,24511 22,10776 20,52704
27,05891 22,37001 20,55009
25,63475 22,30008 20,56281
27,87271 22,51148 20,87514
26,04167 22,99308 21,36389
27,66927 23,1282 21,2733
27,26236 23,18224 21,23912
28,48306 23,24104 21,38853
26,24512 23,1425 21,34721
27,66926 23,62728 21,70324
28,07617 23,59707 21,84152
28,68651 23,79101 21,78034
27,66926 23,78147 21,9369
27,87271 23,83392 22,09425
27,26236 23,78942 22,00047
27,05892 23,88796 22,16975
28,48306 23,90544 22,09664
27,87271 24,23922 22,4638
29,5003 24,26147 22,47174
27,66925 24,48558 22,71095
29,50032 24,58731 22,71175
29,09342 24,43632 22,60924
29,29686 24,71764 22,93031
28,88996 24,76056 22,92951
28,68651 24,55711 22,54089
28,07617 24,80506 23,11387
28,27961 24,62546 22,87468
28,88996 25,03394 23,16554
28,88996 24,54598 22,78885
29,09341 24,82096 23,06541
29,29686 25,07846 23,32053
28,88997 25,07369 23,54463
29,09341 24,95766 23,17031
29,09341 24,91792 23,20687
29,90721 25,10865 23,11944
28,27962 25,10388 23,03838
28,68651 25,12613 23,34753
28,88997 25,56642 23,60423
28,27961 25,19131 23,11944
30,11066 25,5235 23,67815
29,50032 25,54099 23,3841
30,51757 25,92246 23,52793
30,11066 25,33753 23,6249
29,29685 25,29939 23,31575
30,92446 25,76669 23,7298
29,09341 25,50284 23,90306
30,72103 25,51714 23,6384
31,12791 25,39476 23,7147
30,31411 25,48854 23,56769
30,51756 25,47104 23,71231
29,09341 25,6602 23,8069
29,50031 25,37727 23,72662
28,68651 25,52033 23,79258
29,50031 25,71106 23,94278
29,09342 25,71742 23,9404
29,5003 25,45038 23,53669
29,90722 25,49648 23,78781
29,70377 25,56323 23,71151
28,07615 25,4949 23,77591
30,92446 25,89702 23,53907
29,29687 25,73808 24,07788
31,1279 25,61888 23,81007
29,50031 25,73013 23,96742
29,09341 25,64907 23,79498
29,50031 25,44402 23,73219
29,70377 25,76192 23,97854
29,50031 25,6141 23,75603
28,88996 25,68085 23,96583
29,50032 25,84139 24,03577
29,90722 25,96218 23,92768
32,34861 26,09094 24,48559
29,5003 25,96855 24,30121
28,88997 25,85729 24,12557
30,92446 25,85411 23,93484
30,11066 25,78257 23,9245
30,92445 25,87318 23,90703
29,29687 25,81278 24,23286
29,90722 25,70789 23,74411
29,29687 25,83345 23,92531
30,31412 25,82868 23,85856
30,11066 25,83503 24,09697
29,90722 25,77463 23,84106
31,12791 25,99238 24,05326
29,90722 25,81438 23,87048
29,50032 25,89543 24,01907
30,92446 25,96061 24,1073
30,11066 25,91292 23,94756
31,53481 25,92563 24,03975
29,90721 25,92087 23,8808
30,51756 26,00829 24,07471
29,29687 25,95265 24,15339
29,90722 25,98285 24,14862
29,09341 25,95265 24,21537
29,90721 26,11319 24,29087
30,11066 26,08935 24,14784
29,90721 26,38181 24,48401
30,92446 26,15928 24,46253
30,51756 26,01623 24,05246
30,51757 25,99238 24,23842
31,73828 26,22128 24,3648
30,11066 26,0528 24,41327
28,88996 26,04644 24,4244
30,51756 26,06392 24,21537
29,70378 26,01305 24,2575
30,92448 26,01464 24,18121
29,50031 26,07027 24,31631
31,12791 26,14021 24,22809
30,72102 26,01782 24,28293
30,92446 26,14816 24,15181
30,31412 25,98603 24,27339
31,12793 26,28327 24,48956
30,11066 25,98921 24,29008
28,88996 26,07345 24,39181
29,90722 26,13067 24,24956
29,50032 26,13227 23,93246
29,90722 25,9606 24,2281
29,90722 26,28962 24,47685
30,72102 26,08299 24,28452
31,53481 26,08936 24,24399
29,29686 25,9908 24,41961
30,31412 26,19108 24,29088
29,70378 26,20061 24,37512
30,11065 26,5201 24,61196
29,29687 26,34048 24,64215
29,90721 26,3516 24,47367
30,51757 26,25624 24,49751
31,94171 26,44855 24,6477
31,12791 26,56142 24,85911
29,90721 26,26419 24,21619
30,31412 26,40724 24,61354
30,51756 26,39453 24,35366
33,16242 26,56459 24,54122
29,70376 26,46127 24,65088
30,72101 26,40247 24,55791
31,12792 26,38658 24,52057
31,73827 26,57095 24,8758
30,51757 26,53121 24,58571
32,95898 26,36273 24,63499
30,51756 26,58685 24,5587
30,72101 26,52169 24,61511
29,70377 26,43426 24,95367
31,33137 26,48829 24,71446
31,94172 26,54234 24,71685
32,95896 26,42789 24,21618
29,50031 26,45492 24,47604
30,92447 26,37387 24,52454
30,72103 26,43903 24,48559
29,09341 26,51532 24,55314
29,9072 26,37068 24,59844
31,94173 26,48989 24,71923
32,55206 26,28008 24,15816
31,12792 26,9874 25,09992
29,50032 26,78552 24,96321
30,51756 26,54075 24,66837
30,31411 26,39293 24,45935
30,51756 26,74102 24,95209
29,70377 26,50578 24,60798
30,72102 26,72195 24,83288
31,12792 26,64089 24,50864
32,14517 27,03667 25,20244
30,31411 26,60275 24,72321
31,33136 26,84752 24,64135
30,92445 26,89203 25,03396
30,92447 26,9222 24,97275
30,11067 26,61705 24,73911
31,12791 27,0303 24,84399
30,92446 26,69494 24,77567
30,11066 26,71718 24,82891
30,72101 26,93494 24,73037
29,90721 26,90951 24,99899
30,51757 26,72514 24,99342
30,51756 26,89202 25,2223
30,72101 27,01759 25,36217
31,33135 27,01283 25,17857
31,73827 27,30529 25,34151
31,33138 27,1972 25,26122
31,73827 27,00645 25,08639
31,33137 27,14633 25,39952
30,51756 26,99533 25,07051
30,72102 27,08276 25,14918
31,53481 26,98579 25,11499
31,53482 27,23534 25,42735
30,92446 27,2576 25,56006
30,92447 27,13997 25,28984
31,33136 27,15427 25,21197
31,53481 27,20832 25,02442
31,33136 27,36727 25,44403
30,92447 27,11296 25,35025
31,53482 27,2417 25,37489
31,53481 26,92858 24,87263
31,94172 27,29575 25,4925
31,33138 27,23693 25,62285
30,51757 27,29416 25,02282
31,12792 27,49443 25,57914
30,31411 27,25283 25,33594
31,73828 27,34661 25,61012
30,31412 27,43084 25,2835
30,72102 27,07322 25,42655
30,72103 27,11613 25,30653
31,94172 27,26714 25,28191
33,56933 27,27826 25,25646
32,55206 27,23535 25,41622
31,33137 27,21945 25,39079
31,12792 27,30052 25,5092
31,94171 27,30847 25,37966
29,90722 26,98261 25,16269
32,55208 27,17655 25,35899
30,721 27,2719 25,33356
31,73826 27,36569 25,48695
31,94172 27,24488 25,33833
32,34862 27,27191 25,29463
32,14516 27,18925 25,20959
32,95896 27,27826 25,15316
31,53481 27,30687 25,11979
31,12791 27,20833 25,02441
31,94172 27,36885 25,11819
33,36586 27,28621 25,33277
32,14517 27,24965 25,24059
30,51756 27,30687 25,09434
32,95898 27,24965 24,93461
30,92446 27,07957 25,20322
32,14516 27,48012 25,5831
32,75551 27,20357 25,29224
30,92447 27,45947 25,54019
31,53481 27,40225 25,65862
30,72102 27,46581 25,6284
31,12791 27,25919 25,30496
31,73826 27,1209 25,16587
32,34862 27,11614 25,21832
31,5348 27,23693 25,088
31,12792 27,27508 25,38522
32,55207 27,29257 25,65065
32,95897 27,48172 25,63874
34,38312 27,35774 25,58868
30,51756 27,21627 25,24773
30,51756 27,0764 25,26601
32,75551 27,15429 25,02999
30,92447 27,38635 25,24456
32,34862 27,46423 25,60378
32,34863 27,38476 25,48696
31,33136 27,26873 25,28747
31,12791 27,02871 25,33833
31,33138 27,24329 25,42495
31,33138 27,31324 25,57754
30,72103 27,30053 25,20086
30,51756 27,17654 25,40112
31,73826 27,41019 25,23741
30,92446 27,48171 25,4639
30,11066 26,99056 25,15236
30,92446 27,54528 25,58072
34,79003 27,24488 25,29939
31,73827 27,09547 25,3407
30,31411 27,31322 25,08084
32,34861 27,3482 25,4472
30,72102 27,2131 25,31688
32,75552 27,45151 25,29065
31,33138 27,2417 25,23184
31,33137 27,23693 25,12932
32,55206 27,26078 25,53225
32,95897 27,50396 25,57436
32,34861 27,65814 25,75874
32,14515 27,27509 25,26443
31,73826 27,47218 25,58867
32,34862 27,3768 25,36615
31,33138 27,30369 25,19051
30,51756 27,47695 25,6777
30,51757 27,41495 25,60695
31,53482 27,17176 25,24693
31,73827 27,39271 25,51714
31,53482 27,29574 25,28509
34,79003 27,19083 25,49727
32,34862 27,62476 25,54019
32,34862 27,51191 25,3248
31,94172 27,62159 25,89624
32,55207 27,55642 25,90735
32,14517 27,42131 25,27317
32,14516 27,25125 25,4178
32,14516 27,6343 25,7953
32,14518 27,34184 25,59741
31,53482 27,57867 25,54336
32,95897 27,558 25,71026
31,33136 27,318 25,50841
31,94171 27,44515 25,44403
33,56933 27,40223 25,50919
33,77277 27,37841 25,3288
30,92446 27,62635 25,54577
31,94172 27,34025 25,60378
31,94172 27,26713 25,40668
31,53482 27,53733 25,54892
30,72103 27,42608 25,68881
31,94172 27,17335 25,35264
31,73828 27,44833 25,61172
31,73827 27,69947 25,79292
31,33137 27,33865 25,32799
32,14516 27,7408 25,67928
33,56932 27,45469 25,30575
32,34861 27,66769 25,68563
31,94172 27,2878 25,02998
33,56932 27,73443 25,61094
30,72101 27,62157 25,88192
31,12792 27,7106 25,74207
32,14517 27,46105 25,50205
31,53482 27,62318 25,78815
30,51756 27,28462 25,34151
31,73826 27,48488 25,62206
31,53481 27,44039 25,5553
31,12791 27,16699 25,13408
32,14516 27,44357 25,44722
33,36587 27,79007 25,85411
34,17966 27,37999 25,51635
32,95898 27,77577 25,85094
32,95898 27,40701 25,66736
30,51757 27,65496 25,72219
32,75552 27,51827 25,53146
34,58657 27,49125 25,16985
31,94171 27,59297 25,69277
31,73826 27,51509 25,76749
31,33137 27,62634 25,84457
30,92448 27,35139 25,64986
31,73827 27,62476 25,86285
31,94171 27,48806 25,71503
32,95897 27,72807 25,53144
32,95897 27,48171 25,57516
31,33136 27,54529 25,52749
30,11067 27,27666 25,26919
34,79002 27,36092 25,25886
30,721 27,48013 25,45754
30,92446 27,38476 25,29701
30,11067 27,27985 25,62124
31,53482 27,2131 25,2366
31,94172 27,1829 25,18018
30,51757 27,68517 25,64589
31,53482 27,77893 25,78974
31,12792 27,42926 25,57199
31,94172 27,76782 25,58708
32,14516 27,26078 25,20324
30,72101 27,50078 25,6451
30,51758 27,20354 25,04427
30,72101 27,46104 25,77383
30,92446 27,41019 25,65463
31,53481 27,51828 25,25647
31,33137 27,29098 25,38205
31,73827 27,53734 25,65305
31,33138 27,59138 25,32084
30,51756 27,15906 25,17622
31,33137 27,31482 25,72854
31,94171 27,44516 25,55052
31,94172 27,72967 25,69516
32,14517 27,73126 25,67926
30,92447 27,40382 24,98149
31,73827 27,3625 25,26046
32,95898 27,38793 25,50998
32,95897 27,8012 25,64907
31,73828 27,48171 25,53941
31,94171 27,46741 25,48614
32,34861 27,61999 25,37808
32,55206 27,3323 25,44245
32,14517 27,41972 25,5386
31,33136 27,40064 25,23184
31,33136 27,3339 25,2676
33,36586 27,61204 26,04246
31,53481 27,45946 25,14044
33,16243 27,75034 26,01941
31,33136 27,58344 25,51556
31,33136 27,59457 25,65145
31,12792 27,74398 25,79928
31,5348 27,67881 25,86364
31,94171 27,60251 25,43925
32,14517 27,48331 25,40272
34,38311 27,74237 25,74443
32,75552 27,62954 25,87637
31,53482 27,66132 25,64986
31,73826 27,39429 25,56165
30,92447 27,51509 25,55608
31,33137 27,65814 25,66417
31,33138 27,57548 25,53065
32,55207 27,92358 25,62046
31,53481 27,33707 25,46232
31,12791 27,69471 25,88353
31,73826 27,71853 25,92323
31,53482 27,6804 25,63793
31,73828 27,4992 25,69913
31,33137 27,71696 25,63398
33,16242 27,71536 26,02974
31,12792 27,53416 25,42019
32,14516 27,60251 25,79291
31,12792 27,74556 25,97968
