0,8138021 0,4402801 0,3194818
0,8138021 0,416438 0,3075606
1,017253 0,4577641 0,3321978
1,017253 0,4688904 0,3480925
0,8138021 0,4768378 0,3623974
1,017253 0,4847851 0,3711392
1,017253 0,4959114 0,3918018
1,017253 0,5292896 0,4156433
1,017253 0,5372368 0,4188222
0,8138021 0,5261107 0,4180274
1,220703 0,5626677 0,4522001
1,220703 0,5801515 0,4665049
1,220703 0,6659825 0,5133935
1,424154 0,7136663 0,5523359
1,424154 0,7502235 0,5849203
1,831055 0,8328756 0,6453208
1,627604 0,844002 0,6540627
2,237956 0,9234759 0,7041309
1,831055 0,9059917 0,7057201
2,848307 0,9822859 0,7462515
2,034505 1,045863 0,796318
1,831055 1,017253 0,7613504
2,848307 1,056989 0,8018807
2,848307 1,091956 0,8185698
3,86556 1,200039 0,880558
3,051758 1,195271 0,8885052
2,644857 1,23024 0,910758
3,051758 1,276335 0,9195005
3,66211 1,327199 0,9528795
3,66211 1,413029 1,037121
4,069011 1,560847 1,138847
4,272461 1,668929 1,177789
4,06901 1,827876 1,289845
3,662109 1,99318 1,434485
4,679362 2,16325 1,601378
4,882813 2,361932 1,704692
5,493164 2,535186 1,814366
5,696614 2,727509 1,955827
5,493165 2,961159 2,167226
6,306966 3,040632 2,268156
6,103515 3,178915 2,312661
8,54492 3,54608 2,597174
6,917318 3,778138 2,760092
8,138019 4,011788 2,971488
8,748369 4,655523 3,35455
10,17252 5,027453 3,695489
9,562173 5,429585 4,109543
9,358721 5,593301 4,218421
9,765621 5,76019 4,393259
10,17253 6,100337 4,681747
10,17252 6,400744 4,97659
11,18978 6,56128 5,121232
10,17253 6,877582 5,546412
11,59668 7,192292 5,86271
12,20703 7,36872 5,911189
10,57942 7,487932 6,091597
12,61393 7,843969 6,378492
12,20703 7,977486 6,502471
11,80013 8,174574 6,669358
11,80013 8,619623 7,133485
12,61393 8,676844 7,170042
13,02083 8,773804 7,336139
12,61393 8,851686 7,471239
12,00358 9,069439 7,669128
13,22429 9,045598 7,685023
13,42774 9,401645 7,970336
14,44499 9,670255 8,132455
14,44498 10,00245 8,596581
14,24154 10,29015 8,814335
13,63119 10,26631 8,815127
15,46225 10,63665 9,122688
16,0726 11,07057 9,41118
16,27605 11,02606 9,346798
16,27605 11,48065 9,915042
15,6657 11,59509 10,03504
17,2933 11,77311 10,12325
18,1071 12,10848 10,4785
17,2933 12,3024 10,69069
17,49676 12,54559 10,9895
16,68295 12,50585 10,92037
18,10711 12,7999 11,22475
16,68295 12,87619 11,32329
17,90366 13,17184 11,59112
17,7002 13,40071 11,70078
17,08985 13,86484 12,15061
18,1071 13,81397 12,1212
17,90366 14,05398 12,24597
18,51401 14,57215 12,68626
19,73471 14,31942 12,57897
19,93816 15,06964 13,19647
19,12436 15,00447 13,30057
19,12436 15,48926 13,5684
21,36232 15,8914 14,06829
21,97266 15,98676 14,01503
19,53126 15,88027 14,22326
22,37956 16,17114 14,34167
21,97266 16,65911 14,76686
22,78646 17,12323 15,21985
21,76921 17,00401 15,24131
21,56576 17,34893 15,41139
21,76921 17,40774 15,38197
23,80371 17,59371 15,82623
22,37956 17,93386 15,82703
24,41406 18,18181 16,30624
22,98991 18,46155 16,49539
23,39681 18,49016 16,57327
23,19336 18,79216 16,70997
25,02441 19,22131 17,18283
25,63476 19,57417 17,4284
27,8727 19,95405 17,88696
25,02441 20,24174 18,06896
26,65201 20,53259 18,36617
29,70375 20,69473 18,57361
27,66926 21,61344 19,25946
27,0589 21,27965 18,98607
28,48306 21,72947 19,63378
26,65201 22,20948 19,81815
28,07615 22,43678 20,144
27,87271 22,50513 20,33154
27,87271 23,57801 21,20892
29,70375 23,50966 21,27011
29,5003 23,69723 21,50059
30,721 23,92609 21,4529
33,77275 24,05484 21,89318
31,73825 24,97832 22,52102
34,79 25,22786 22,75069
30,51755 25,90973 23,15838
34,58654 26,14656 23,69006
32,55205 26,39293 23,87602
33,9762 26,99693 24,56187
32,7555 27,29733 24,8583
36,01069 27,52145 24,83607
32,95895 28,1461 25,69913
33,77275 28,33841 25,62522
36,82449 28,86452 26,55346
35,6038 29,69104 27,25361
34,58654 29,45739 27,07401
37,23139 30,28868 27,44515
39,46935 30,39676 27,74238
37,23139 30,57318 27,9188
36,21414 30,85611 28,14212
37,63829 31,52209 28,84069
37,02794 31,39652 28,60147
36,41759 31,44898 29,03382
37,43484 31,74462 29,20706
38,4521 32,08158 29,56388
37,84174 32,0037 28,94163
40,4866 32,58226 29,86589
39,46935 32,62836 30,35385
37,43484 32,13404 29,71171
40,0797 32,42967 29,9843
39,67279 32,55841 29,92946
38,65554 32,99553 30,53902
37,63829 32,84452 30,25928
40,28315 33,0146 30,40551
38,45209 33,35792 30,98726
40,0797 33,75528 31,34567
39,26589 33,87448 31,40289
39,26589 34,30999 31,86144
40,4866 33,91105 31,51336
39,26589 34,097 31,54673
39,26589 34,2639 31,7478
38,85899 34,24323 31,55945
41,91077 34,86946 31,97668
39,67279 34,68032 32,07602
41,70731 35,1063 32,61962
40,4866 34,43714 31,98701
41,91076 35,35425 32,57431
40,28315 35,28588 32,87392
41,30041 35,83744 33,27209
42,92803 36,16328 33,45327
42,72458 36,265 33,47314
42,52113 35,74367 33,33169
42,52113 36,41599 33,41752
44,35219 36,19665 33,75606
41,70732 36,68461 33,9031
44,96255 37,02794 34,39265
43,33493 37,23774 34,51107
44,35219 37,82902 35,14288
43,74184 38,04678 34,86789
44,35219 38,22799 35,43058
43,33493 38,34082 35,25968
47,40397 38,90987 36,49709
43,94529 39,01319 36,3612
45,36945 38,84469 36,15458
47,20051 39,12286 36,43433
45,36945 39,23888 36,70372
44,96254 39,2373 36,64332
46,38671 39,38352 36,82453
46,38671 39,29929 36,029
46,79362 39,4169 36,81896
46,79361 40,15602 37,38084
46,79362 39,70618 37,05896
45,166 39,77612 37,38163
46,18326 39,75705 37,26322
45,77635 39,88897 37,16148
46,38671 39,84129 36,9334
46,18326 40,09242 36,93499
46,59017 39,79678 37,11062
48,21778 39,97639 37,2648
47,60743 40,08765 37,51037
45,166 40,47548 37,58032
45,36945 40,58515 37,59542
46,99707 40,03998 37,4786
47,20052 40,32289 37,60098
45,166 40,00818 37,02238
46,79362 40,6392 37,6582
46,99707 40,52317 37,79807
49,8454 40,47866 37,62642
45,166 40,40873 37,78058
48,82814 40,3658 37,34426
45,97981 40,61217 37,8831
47,20052 40,16235 37,53103
47,20052 40,84582 38,07542
46,59017 40,96982 38,25425
48,42123 40,83312 38,08179
46,18326 40,47707 37,40864
46,79362 40,16873 37,42614
45,5729 40,68847 37,91646
48,01433 40,62806 37,64069
46,79362 40,24501 37,70826
46,99707 40,82357 38,09289
45,57291 40,61536 37,72016
46,59017 40,83629 37,69872
46,38672 40,90303 38,20972
45,77636 40,90624 38,22642
46,79362 40,68689 37,88708
47,20052 40,54224 37,80839
47,81088 40,54065 37,94747
47,20052 40,52794 37,80442
48,82814 40,51682 37,95464
45,36945 40,61694 37,56601
48,82814 40,82358 38,0818
47,20052 40,91416 37,54613
45,97981 41,12716 38,6357
46,99707 41,15577 38,11993
46,99707 40,85377 38,29081
46,59017 41,1653 38,441
47,40397 41,32743 38,83281
50,2523 40,81246 38,42194
47,81088 41,05563 38,12152
48,42123 41,22252 38,26616
46,38671 40,98251 38,08814
45,9798 41,14784 38,37823
47,60743 41,03974 38,35436
48,62469 41,46888 38,79227
46,59017 41,38148 38,78751
49,23504 41,02383 38,55782
46,38672 41,05725 38,09848
46,99707 41,17483 38,47358
46,18326 41,42123 38,55863
47,81088 41,52452 38,49344
48,01433 41,21775 38,67781
46,79362 41,8615 38,99096
50,6592 41,6644 39,17852
48,01433 41,34173 38,64842
48,82814 41,61672 38,80977
46,79361 41,34332 38,57372
46,99707 41,60401 38,83201
48,62469 41,83764 38,92259
47,20052 41,95209 38,79703
47,81088 41,68666 38,94486
48,01433 41,79792 38,67545
48,42123 41,51658 38,66511
46,99707 41,48321 38,85348
46,79362 41,54679 38,74459
46,79362 41,54202 38,79227
