0,8138021 0,4148485 0,3043815
1,017253 0,44028 0,3210712
0,6103516 0,3973643 0,299613
0,8138021 0,4100801 0,3051763
0,8138021 0,413259 0,3067658
1,017253 0,4402801 0,325045
0,8138021 0,4307433 0,3170975
0,8138021 0,4307433 0,315508
0,8138021 0,4148485 0,3067658
0,8138021 0,4291538 0,3107396
0,8138021 0,4418695 0,321866
0,8138021 0,4227959 0,3107395
0,8138021 0,4148484 0,3075605
0,8138021 0,443459 0,3234555
0,6103516 0,4466379 0,3465028
0,8138021 0,4466379 0,325045
0,8138021 0,4212064 0,3107395
0,8138021 0,4275643 0,3147133
0,8138021 0,4529957 0,3401453
0,6103516 0,443459 0,3449134
0,6103516 0,4355117 0,3258398
0,8138021 0,4418695 0,3337873
0,8138021 0,4371012 0,3266346
0,8138021 0,443459 0,3361716
0,8138021 0,464122 0,3480925
0,8138021 0,4418695 0,3298135
0,8138021 0,4545852 0,34094
0,8138021 0,4386906 0,3337873
0,8138021 0,4561747 0,3329925
1,017253 0,4625326 0,3480924
0,8138021 0,4736588 0,3647814
0,8138021 0,4402801 0,337761
0,8138021 0,4386906 0,3457081
0,8138021 0,4529957 0,3560394
0,8138021 0,4498168 0,3337873
0,8138021 0,4609431 0,3457083
0,8138021 0,4482274 0,3353768
1,017253 0,4593536 0,3528606
1,017253 0,4657115 0,3552449
1,017253 0,467301 0,3536555
0,8138021 0,4482274 0,3441188
0,8138021 0,443459 0,3337873
0,8138021 0,464122 0,3600131
1,017253 0,4577641 0,3608077
1,017253 0,4514063 0,3504764
0,8138021 0,443459 0,3449134
1,017253 0,4609431 0,3679602
0,8138021 0,467301 0,3592184
0,8138021 0,4625326 0,3568342
0,8138021 0,4498168 0,3441187
1,017253 0,467301 0,3560396
0,8138021 0,4498168 0,3592182
0,8138021 0,4482274 0,3480923
0,8138021 0,4625326 0,3608078
0,8138021 0,4577642 0,3552448
0,8138021 0,4688904 0,3695497
1,017253 0,4593536 0,3608077
0,8138021 0,467301 0,3536555
0,6103516 0,4545852 0,3552447
0,8138021 0,464122 0,3568342
1,017253 0,4609431 0,3616025
1,017253 0,4800167 0,3830598
1,220703 0,4625326 0,3647813
0,8138021 0,4561747 0,3592183
1,017253 0,4784272 0,3759074
1,017253 0,4863746 0,3695498
1,017253 0,4768378 0,3782915
1,017253 0,4895535 0,3830599
0,8138021 0,4752483 0,3806756
1,220703 0,4895535 0,3830599
0,8138021 0,4863746 0,3862388
0,8138021 0,4609431 0,3616025
0,8138021 0,4657115 0,3671655
1,017253 0,4784272 0,3878281
0,8138021 0,4720694 0,3790862
0,8138021 0,4609431 0,3687549
1,017253 0,4863746 0,3902123
0,8138021 0,4879641 0,3925964
1,017253 0,4625326 0,371139
0,8138021 0,4752483 0,3759073
0,8138021 0,4879641 0,391007
0,8138021 0,4831957 0,3902123
0,8138021 0,5102164 0,4021331
1,220703 0,4959114 0,4053119
0,8138021 0,5054481 0,4005437
1,017253 0,5038587 0,4005437
1,017253 0,5038586 0,4069013
1,017253 0,4959114 0,3925965
0,8138021 0,4959114 0,4100801
0,8138021 0,5038586 0,4029278
1,220703 0,5149847 0,4140538
1,017253 0,5149847 0,4140538
1,017253 0,5133952 0,4148485
1,017253 0,5277002 0,4235904
1,220703 0,5563101 0,4450476
0,8138021 0,5245213 0,4386898
1,220703 0,545184 0,4482264
1,017253 0,5594889 0,4466371
1,220703 0,55631 0,4514053
1,220703 0,5753832 0,4641207
1,220703 0,5785621 0,4641208
1,017253 0,5690255 0,4609419
1,424154 0,6453193 0,506241
1,017253 0,61353 0,4895518
1,220703 0,6357825 0,5022674
1,017253 0,6198879 0,497499
1,220703 0,6818772 0,5324671
1,627604 0,6930034 0,5380303
1,220703 0,7009507 0,5571044
1,627604 0,7216135 0,5753836
1,220703 0,7502236 0,5984312
1,627604 0,7486341 0,6039945
1,627604 0,8900969 0,6914155
1,627604 0,8773811 0,7025412
1,831055 0,9409601 0,7454569
2,034505 1,017253 0,8034711
2,237956 1,169839 0,9226784
2,237956 1,26044 0,9862573
3,051758 1,417797 1,115005
4,06901 1,659391 1,297791
6,917317 1,966159 1,523495
7,934572 2,244312 1,728535
6,306966 2,646447 2,026558
7,324218 3,059704 2,365113
9,155272 3,768604 2,831618
7,324218 4,304249 3,316402
12,41048 5,283353 4,016558
15,86915 6,149611 4,827182
11,39323 6,806055 5,446275
12,81738 7,707281 6,142458
14,24154 8,474988 6,913342
16,47949 9,516085 7,958412
17,7002 10,31081 8,544925
19,32781 11,48701 9,357928
22,1761 12,86348 10,44115
27,26235 14,51493 11,91934
29,9072 15,84212 12,71249
28,07616 17,11052 14,14538
28,27961 18,55373 15,42727
36,0107 20,4881 16,91977
36,82454 22,41611 18,37492
37,84176 23,87205 19,64808
55,3386 25,97649 21,54032
45,166 28,19377 23,23787
49,03159 30,1345 24,77565
53,10063 32,54572 26,96672
52,89717 35,07613 29,20467
55,3386 37,28865 31,387
52,69371 38,24868 32,47975
53,91444 40,86175 34,34737
58,59384 43,41285 36,6211
58,79729 45,14217 38,58806
59,40765 46,26752 39,37007
61,64561 48,90127 42,6515
66,93537 49,09357 42,85175
65,91811 50,74981 44,20916
64,90085 51,48732 45,40923
63,27324 50,94847 45,00548
66,73193 53,51866 46,59019
67,74918 53,9033 48,0342
69,58025 54,70123 48,36167
69,37679 55,57542 48,91636
69,98715 55,89172 49,36936
70,59751 55,49278 48,40458
71,00442 57,34767 51,36175
69,17335 56,22393 50,51455
69,98715 57,30476 50,94453
71,61476 58,43485 52,07859
71,00442 58,09788 51,50402
79,34592 58,61129 52,47993
75,68382 59,31542 53,2087
77,10798 59,45212 52,70244
83,21142 59,18509 53,18566
83,61832 59,91149 53,30329
80,9735 61,6615 54,89114
93,79069 62,62156 54,45406
88,09415 64,92469 56,81757
90,73898 66,90519 58,22271
97,65618 72,27278 62,21778
92,77345 76,33862 67,09502
96,4355 77,78187 68,52638
97,24929 78,44463 69,63105
97,65618 80,35042 72,37054
97,65618 80,92898 72,543
97,65618 80,41081 72,63439
97,65618 81,92555 72,57716
97,65618 81,24052 72,94755
95,62171 81,53138 72,94752
97,65618 81,90016 72,47227
96,4355 81,76502 73,9425
97,65618 82,3245 74,36536
97,04585 82,18784 74,78975
97,65618 83,63742 75,42072
97,65618 83,78043 75,76566
97,65618 84,04589 76,04382
97,65618 85,0075 76,75272
97,85963 85,17915 76,46738
97,65618 84,81203 76,27592
97,65618 85,50182 76,64619
97,65618 84,83743 76,96568
97,65618 86,20279 77,6579
97,65618 85,67667 78,0966
97,65618 86,21232 77,82162
97,65618 85,6004 77,54744
97,65618 86,60968 78,97318
97,65618 84,99796 77,65549
97,65618 87,32171 80,15571
97,65618 86,98637 79,53903
97,65618 86,51272 79,23622
97,65618 85,68781 78,68233
97,65618 87,58079 80,22404
97,65618 87,6253 79,97054
97,65618 88,12117 80,90351
97,65618 87,72225 79,15277
97,65618 87,51085 80,13744
97,65618 88,26263 80,98537
97,65618 88,07029 80,99493
97,65618 87,09125 79,65187
97,65618 87,58398 80,44814
97,65618 88,81256 81,13483
97,65618 88,59801 81,78967
97,65618 88,61229 81,09982
97,65618 88,55826 80,36152
97,65618 88,85707 81,84525
97,65618 89,93785 82,38727
97,65618 89,79005 82,5478
97,65618 88,08781 81,19044
97,65618 89,77736 81,9049
97,65618 88,42632 81,89134
97,65618 89,20989 82,16946
97,65618 89,9172 81,96445
97,65618 89,0796 81,82615
97,65618 88,92223 81,90804
97,65618 89,22897 82,3634
97,65618 89,31799 82,21882
97,65618 89,57549 82,63123
98,06308 89,9903 83,07624
97,65618 89,37995 82,11623
97,65618 90,09044 83,30834
97,85963 89,08594 82,3372
97,85963 90,07452 82,8474
97,65618 89,5405 82,17267
97,65618 90,64355 83,27094
