0,8138021 0,3910064 0,293255
0,8138021 0,4243853 0,3131238
0,8138021 0,4371012 0,3194818
0,8138021 0,4402801 0,3234555
1,017253 0,4657115 0,352066
0,8138021 0,4752483 0,3584238
0,8138021 0,4609431 0,3560394
0,8138021 0,4625326 0,3639866
1,220703 0,508627 0,3965702
1,017253 0,4943219 0,3918018
0,8138021 0,4975009 0,3965701
1,017253 0,5245213 0,418822
1,017253 0,5435945 0,4267693
1,424154 0,5356473 0,4307428
1,017253 0,5467734 0,4410741
1,220703 0,5753833 0,4585578
1,424154 0,6214772 0,4911413
1,831055 0,6437297 0,5125983
1,627604 0,7168452 0,5571043
1,831055 0,7311503 0,5698203
1,831055 0,7756547 0,6031995
1,831055 0,837644 0,6532682
1,831055 0,9234759 0,7128729
1,831055 1,023611 0,8002918
2,441406 1,05222 0,7939339
2,441406 1,104671 0,8543317
3,458659 1,19686 0,9028102
2,848307 1,258851 0,9449316
3,255208 1,424156 1,056194
3,255208 1,583099 1,153153
5,493164 1,777012 1,279512
4,679362 2,026558 1,440842
11,39323 2,401667 1,699129
10,57943 2,721153 1,920065
10,98633 3,140768 2,25226
11,39323 3,573101 2,591609
11,80013 3,960926 2,927778
9,562175 4,725458 3,530185
13,42773 5,47568 4,098414
14,64844 6,036756 4,556974
10,57943 6,615319 4,886786
13,22429 7,383028 5,43674
13,83464 7,859866 6,105103
15,05534 8,236564 6,407102
13,42774 8,767441 6,887115
14,85189 9,285604 7,466475
14,44499 9,638467 7,655617
14,85189 10,04854 8,118947
17,2933 10,58419 8,751552
15,25879 10,48565 8,660954
16,88639 10,81785 8,947054
16,27605 11,37097 9,337268
16,0726 11,24065 9,434225
15,6657 11,60781 9,772779
15,46224 11,87484 9,95795
16,0726 12,01471 10,07398
16,8864 12,35485 10,53651
21,15886 12,90003 10,93388
17,7002 12,81421 10,82738
17,90366 13,26084 11,36223
18,51401 13,48972 11,44886
18,71744 13,74245 11,55933
20,54851 14,2622 12,10213
19,32781 14,70249 12,6632
22,98991 15,28581 13,19408
19,93816 15,54012 13,4635
21,36231 16,06623 13,89027
23,80371 16,28081 14,27015
21,56576 16,83077 14,80023
21,15886 17,13912 15,11813
22,98991 17,5937 15,60688
24,00716 17,821 15,85246
22,37956 18,06737 16,11154
25,02441 18,49335 16,68613
23,39681 18,64752 16,87687
21,56576 18,62208 16,85143
24,82096 19,09893 17,03661
27,26235 19,41046 17,44906
24,41406 19,27058 17,38866
24,00716 19,41045 17,54046
27,66925 19,8253 18,11027
24,82096 19,92544 18,05544
25,43131 20,09233 18,13411
26,652 20,20041 18,13968
26,04166 20,01763 18,12856
27,8727 20,55486 18,63877
25,43131 20,78691 18,88434
25,43131 20,60414 18,79693
27,8727 20,86639 19,04726
27,26235 20,96653 18,95348
27,4658 21,36548 19,42874
26,652 21,51966 19,34607
26,44855 21,58324 19,61867
27,0589 21,47834 19,70053
26,24511 21,7104 19,82769
27,4658 22,27148 20,19166
27,66925 22,21584 20,45871
28,6865 22,10776 20,14319
29,70375 22,51785 20,41339
28,6865 22,78963 20,68361
29,5003 22,63863 20,65817
31,5348 22,96606 21,01897
33,1624 23,07097 21,06666
29,9072 23,37138 21,1358
31,1279 23,71312 21,56815
32,14515 24,28054 22,08153
32,3486 24,79712 22,61241
30,92445 25,09594 22,89454
30,11065 25,69516 23,29428
30,3141 25,94947 23,6392
31,1279 26,02259 23,92292
31,73825 26,75374 24,40135
33,1624 26,67109 24,17961
34,99345 27,12725 25,01407
36,82449 27,44515 25,14363
34,17965 27,15746 24,99899
32,7555 27,39112 25,08084
33,1624 27,07004 24,95845
33,9762 27,36409 25,36932
34,17965 27,56595 25,24456
34,99345 27,76622 25,75874
34,99345 27,78053 25,59422
39,87625 28,28119 25,87396
34,78999 28,15722 25,78814
34,38309 27,93311 25,55768
34,58654 28,55299 25,95502
34,38309 28,14293 25,86046
35,40034 28,5069 26,04086
40,0797 28,75644 26,07901
39,06244 29,30958 26,70763
41,09696 28,99486 25,9312
39,67279 29,30004 26,62341
43,74184 29,79436 26,683
37,43484 29,71011 26,16485
41,30041 29,81978 26,80459
39,87625 30,70034 27,53814
43,53838 30,43808 27,05731
39,87625 30,64312 27,29258
40,89351 31,38381 27,83536
41,30041 32,2294 28,71036
44,7591 31,53322 28,24624
45,57291 32,21986 28,7326
42,11422 32,13403 28,8113
41,09696 31,83522 28,09206
44,14874 31,56024 28,31299
43,33493 32,60611 29,39461
40,69006 32,25165 28,7771
41,30041 32,11972 28,92652
40,28315 32,16741 28,97738
42,31767 32,65856 29,18799
43,53838 32,10225 29,07275
41,50386 32,20556 28,93606
44,14874 33,1497 29,41846
44,14874 32,32001 29,10295
40,0797 32,07521 28,85022
41,09695 32,9399 29,67358
41,91077 32,56318 29,38984
42,92803 32,49483 29,30084
41,30041 32,20239 28,99011
42,52113 33,10997 29,3072
40,89351 32,54571 29,32388
42,31767 32,93671 29,69105
44,14874 32,7285 29,10375
41,91077 33,17036 29,95568
46,59017 32,85088 29,60362
49,4385 33,02095 29,60283
43,53838 33,26254 29,99304
41,91077 32,73167 29,45262
43,33493 33,4374 29,97477
42,11422 33,15765 29,75541
42,11422 33,33883 29,91595
45,77636 32,74916 29,31038
44,96255 33,52641 30,10353
44,35219 33,26731 29,94296
45,97981 33,14811 29,48124
43,13148 33,34837 29,73555
44,96255 33,45169 30,02642
44,96255 33,49144 30,15041
44,35219 33,67741 30,2569
53,71099 33,79502 29,91676
45,97981 33,23075 29,69025
48,82814 33,38653 30,15199
46,79362 33,93489 30,29503
46,18326 34,13675 30,34193
45,57291 33,58044 30,14405
46,99707 33,80933 30,51518
47,60743 33,53116 30,21794
41,70732 33,4199 30,1663
45,57291 33,60746 29,88973
44,96255 33,52482 29,90802
47,40397 33,54707 30,05028
46,18326 33,15128 30,08443
45,77636 34,19873 30,74883
46,99707 33,32613 29,83331
47,81088 33,65993 30,43253
45,57291 34,04774 30,37531
48,21778 33,7346 30,27835
46,99707 33,51844 30,11622
46,38671 33,65516 30,17585
44,7591 34,09861 30,09398
44,35219 34,01275 30,32523
45,77636 33,95394 30,61054
43,13148 33,38811 30,21715
40,89351 33,02255 29,70773
46,38671 33,9937 30,37849
44,96255 34,23848 30,60896
46,59017 33,46918 30,10749
43,33493 33,94442 30,34431
47,20052 34,02866 29,95569
44,35219 33,65196 30,06297
43,13148 33,45804 29,56945
45,166 34,22417 30,6193
53,91444 34,03344 30,64552
42,72458 33,89991 30,49213
48,82814 34,04932 30,16232
44,55564 33,83316 30,65982
45,97981 34,10496 30,37293
40,69006 33,30228 29,69662
48,62469 33,88721 30,52233
47,20052 33,9031 30,51517
46,79362 34,51821 30,64472
47,40397 34,45781 30,93558
47,20053 34,12404 30,69162
43,13148 34,61993 31,08022
43,94529 33,85383 30,65188
45,77636 34,25119 30,13212
43,94529 33,37381 30,24735
44,96255 34,22098 30,67254
41,91077 34,71848 31,11919
43,13148 33,72825 30,15835
45,77636 34,17967 30,79174
46,79362 34,0541 30,72897
44,96255 33,81567 30,38802
48,01432 34,43079 30,65188
48,82814 33,91106 30,39677
48,62469 34,20825 30,62246
49,03159 33,89039 30,46194
46,59017 34,57067 31,12554
45,97981 33,78865 30,37849
45,9798 34,29887 30,98964
42,31767 33,7807 30,54458
45,77636 34,28139 30,94672
46,38671 34,763 31,356
43,94529 34,25595 30,54856
46,18326 33,82681 30,65903
50,04885 34,54682 30,86644
45,57291 34,3243 30,53584
42,72458 34,78205 31,09373
46,59016 33,89515 30,68603
43,53838 33,70283 30,5565
44,55564 34,53093 31,03733
44,96255 34,73756 31,07705
44,7591 34,5627 31,12871
52,08337 34,72641 31,23916
42,11422 33,99529 30,52552
44,55564 35,37969 31,87018
46,38671 34,48644 30,93084
47,20052 34,40217 30,85769
46,59017 34,38787 30,79491
44,35219 34,12563 30,69558
48,62469 34,8504 31,08819
44,55564 35,03159 31,45852
43,94529 34,58656 30,95863
46,79362 34,72803 31,39653
46,59017 34,27662 30,70671
49,03159 34,34177 30,37849
46,99707 35,50525 31,77641
45,57291 34,7757 31,32818
51,26957 34,78683 31,26699
44,35219 34,15265 30,95227
46,59016 34,34816 30,68605
51,87992 34,20668 30,67173
45,57291 34,78048 30,95149
46,59017 34,76775 31,46249
46,79362 34,74072 31,15494
46,38671 34,34814 30,65028
47,81088 34,6994 31,02142
51,67647 34,55001 31,05163
44,35219 34,25913 31,01427
48,42123 35,08086 31,57613
44,96255 33,65833 30,47942
44,7591 34,96008 30,99836
46,38671 34,31315 30,5406
44,55564 34,57544 30,9777
51,47301 34,67398 31,03572
47,40397 34,66283 31,32898
46,38671 34,37515 31,11996
49,8454 34,52298 30,88235
46,59017 34,46894 31,10168
45,97981 34,40854 31,11758
44,7591 34,89967 31,09851
51,47301 34,31158 30,69718
45,36945 34,85994 31,21136
42,52113 34,21463 30,31333
48,62469 34,78365 31,17957
48,21778 34,90127 31,44184
44,14874 34,88538 31,34726
44,7591 35,2303 31,51416
46,79362 35,22392 31,47601
45,77636 34,75821 31,32819
50,45576 35,5879 31,74462
50,86266 34,60881 31,30116
45,97981 35,22075 31,43467
46,38671 35,18578 31,4013
44,55564 34,65013 31,06989
45,77636 35,5593 31,91152
45,36945 35,19214 31,55707
45,166 35,01253 31,19308
48,42123 34,47054 31,356
44,14874 34,4165 30,67255
48,01433 35,572 31,83682
46,79362 35,18418 31,42752
49,8454 35,70075 32,02593
50,86266 34,94736 31,50541
48,62468 34,77412 31,29243
46,38671 34,81702 30,94909
51,06611 34,53251 30,86724
44,14874 34,46574 31,14459
47,40397 34,87741 31,27254
49,4385 35,55135 31,63972
48,01433 35,22393 31,36156
47,60743 35,19214 31,58092
52,49028 35,45916 31,89244
44,96255 35,09836 31,33455
51,06611 36,1633 31,98384
44,7591 34,65331 31,30672
50,65921 34,61993 31,27097
45,36945 35,0014 31,22169
44,35219 34,48165 31,11996
46,79362 34,41968 31,15097
44,35219 35,26365 31,56579
48,62468 34,82974 31,12474
46,99707 35,50525 31,71202
44,7591 34,97279 31,29082
43,74184 34,69305 31,06434
46,99707 35,38923 31,64289
49,8454 34,32907 30,89426
48,21778 35,61332 31,37269
48,01433 35,06339 31,54752
49,23504 34,95532 31,44977
45,166 34,89332 31,25985
46,59017 34,6549 31,04924
48,01433 34,88379 31,11442
47,20052 35,54658 31,92501
47,60743 35,02525 31,0548
50,45576 35,59427 31,9433
50,65921 34,84882 31,36078
46,18326 34,57861 30,76949
47,81088 34,75663 31,52845
48,42123 35,20327 31,72634
47,20052 35,35427 31,58011
45,166 34,81543 31,6421
47,20052 35,30498 31,60634
45,166 35,30181 31,3711
48,01433 35,07769 31,27335
45,36945 35,09359 31,5682
44,7591 34,9998 31,51732
45,97981 35,42897 31,54277
49,23504 36,01228 32,12688
47,60743 34,86153 31,15574
48,21778 35,81361 32,11655
47,20052 35,13332 31,6262
45,166 34,97756 31,56502
44,7591 35,92805 32,03152
48,01433 34,86948 31,1756
44,7591 35,04589 31,51494
46,59017 34,7884 31,21452
48,01433 35,91056 32,17854
43,74184 34,56112 31,09691
50,2523 35,10153 31,06354
43,13148 35,0173 31,64846
47,81088 35,78182 32,11734
46,38671 34,96326 31,34567
47,40397 34,94896 31,49985
45,36945 35,36379 31,6103
49,03159 35,80568 31,80343
43,74183 35,35107 31,83443
48,21778 35,76434 31,96715
44,96255 35,83744 32,16105
48,01433 35,94394 32,18252
48,42123 35,34154 31,34885
49,4385 35,09995 31,25428
45,57291 35,36378 31,6556
45,77636 35,18737 31,09374
47,20052 34,69464 31,27017
47,81088 35,98368 32,13403
48,21778 35,10153 31,68819
52,08337 35,56567 31,97112
48,21778 35,89943 32,09428
44,7591 35,37016 31,74384
43,13148 35,3924 31,71442
48,01433 35,7993 32,37405
46,18326 35,38127 31,70569
52,08337 35,37491 32,0013
48,42123 34,64854 31,31786
47,20052 35,18577 31,57376
49,4385 35,63081 32,00607
46,59017 35,86923 31,93456
45,57291 35,16192 31,95602
44,96255 35,18737 31,95761
48,01433 36,1474 32,49485
46,38671 35,10152 31,50302
50,65921 35,59267 32,37087
48,42123 35,04271 31,63415
44,7591 35,46233 31,83761
46,59017 35,40034 31,61588
48,42123 35,13492 31,57853
52,89719 35,70394 32,20476
49,03159 36,05678 32,33668
46,38671 35,6801 31,92662
51,87992 36,6576 32,60291
45,97981 34,71372 30,99361
45,166 35,22075 31,81853
48,62469 35,59746 31,74145
49,64195 35,28432 31,95124
50,65921 36,01388 32,3645
48,62469 35,7087 32,3176
54,5248 35,84382 32,22384
49,8454 36,40965 32,6816
43,94529 35,9201 32,30093
48,42123 35,73096 32,19046
47,81088 35,55928 31,92978
48,21778 36,47163 32,44875
52,69373 36,14421 32,36926
49,43849 36,25388 32,41616
45,97981 35,47188 32,01642
42,92803 34,94099 31,29639
51,87992 35,30976 31,78594
48,21778 36,23481 32,11258
54,32135 35,8311 31,92026
45,57291 35,25572 31,95522
47,60743 35,98686 32,17933
51,87992 35,65148 31,9735
