1,017253 0,4529957 0,3242503
0,8138021 0,4545852 0,3337873
1,017253 0,4657115 0,3496819
0,8138021 0,4577641 0,346503
1,017253 0,4768378 0,3616026
0,8138021 0,4816062 0,3600133
1,220703 0,487964 0,385444
0,8138021 0,4959114 0,3886229
1,017253 0,4943219 0,402133
0,8138021 0,4990903 0,3965701
1,220703 0,5277002 0,4140538
1,017253 0,545184 0,4307428
1,017253 0,5578995 0,4458424
6,713866 0,6326032 0,4911413
7,527668 0,6675714 0,5110091
7,934568 0,758171 0,5634619
7,934568 0,7851915 0,5801515
7,731118 0,8233385 0,6254523
6,510416 0,8662544 0,6707523
6,917316 0,9123492 0,6937997
6,713866 0,9695705 0,7438673
6,306965 1,023611 0,7669139
7,324217 1,072884 0,8153917
7,934568 1,106261 0,8360537
8,138019 1,206397 0,8972472
8,341469 1,335145 0,9671845
5,696614 1,354219 0,9743373
7,120767 1,422566 1,023611
9,35872 1,482965 1,063347
6,917316 1,591046 1,124542
4,069011 1,619655 1,142025
4,069011 1,765887 1,259644
4,475912 1,90258 1,312097
5,289713 2,091727 1,454355
5,493164 2,334911 1,608531
6,306965 2,737047 1,931191
10,98633 3,024737 2,197423
9,562171 3,533365 2,565384
12,41048 3,751119 2,654393
8,138019 3,957748 2,856253
22,78646 4,383721 3,160635
27,8727 4,789036 3,374418
15,05535 5,009967 3,520647
20,75196 5,458194 3,872712
26,24511 6,41505 4,472735
21,76921 6,629626 4,487037
19,32781 7,038117 4,806521
18,71746 7,46886 5,095006
22,98991 8,018813 5,482038
20,54851 8,487703 5,78165
30,92445 9,444551 6,476241
31,5348 10,37598 6,748044
35,40034 11,16911 7,369517
34,58654 12,44227 8,364518
41,30041 13,70906 9,072617
32,7555 17,2472 11,49734
42,31767 20,60254 14,38061
42,72458 23,68927 18,68883
37,84174 25,89702 21,37104
41,30041 28,66425 24,26067
39,87625 28,94558 24,57697
40,89351 30,84498 26,71956
43,13148 31,55706 27,3013
44,96255 33,15446 29,42403
43,74184 33,48031 29,87704
42,92803 33,96984 30,34115
44,35219 34,6104 30,8434
44,14874 35,45439 31,93853
44,35219 35,93917 32,6212
53,71099 36,30633 32,73009
45,166 36,96278 33,60507
55,13515 36,64012 33,14333
49,03159 37,36013 33,76957
49,23504 37,39193 33,81649
47,60743 37,44439 34,11688
46,79362 37,14239 33,84349
50,2523 37,94347 34,70258
50,45576 38,24705 34,95769
50,04885 38,33925 34,72882
50,04885 38,51091 35,35585
46,79362 38,75253 35,22553
46,99707 38,17078 34,82977
47,20052 38,89716 35,5466
48,82814 38,1358 34,80194
44,35219 38,30268 35,32246
48,62469 39,16257 35,83349
50,2523 39,18962 35,8788
45,97981 38,86854 35,61415
46,79362 39,80949 36,17841
50,04885 39,30246 35,91217
52,49027 39,64738 36,06158
49,64194 39,8095 36,41046
47,81088 39,5377 36,0123
50,2523 40,3229 36,75936
50,86266 39,37081 36,0441
46,79362 38,85423 35,59429
53,30408 40,08927 36,15455
53,50754 40,2625 36,60359
51,06611 40,22911 36,28331
50,65921 39,66962 36,33099
52,28682 40,30859 36,91115
51,26957 40,42144 37,02559
48,62469 39,98751 36,65604
50,45576 40,07175 36,55192
55,13515 40,0336 36,7204
51,67647 39,5965 36,81339
50,04885 40,28794 37,01527
48,01433 39,89375 36,61393
48,21778 40,23389 36,98825
50,86266 40,55496 37,0534
52,49028 41,09696 37,03513
51,06611 41,24001 37,41104
48,42123 40,51205 37,35698
50,2523 40,24342 36,7077
53,50754 40,46595 36,9342
54,72825 40,96186 37,48891
49,03159 40,78543 36,96041
56,35587 40,90623 37,18373
48,42123 40,3086 37,09393
49,4385 40,99842 37,33076
51,67647 40,63444 37,15595
55,54206 41,3322 37,56204
55,13515 41,37035 37,56362
49,23504 40,61695 37,15989
51,67647 41,24162 37,72575
52,08337 41,24161 37,94986
48,82814 40,3213 37,1734
54,11789 40,97775 37,34666
50,65921 40,92213 37,58747
49,64195 41,13671 37,65185
49,64195 40,69323 37,22744
52,89718 39,87307 36,3437
51,67647 40,82358 37,18692
49,8454 40,96822 37,41581
54,11789 41,21458 37,59222
55,94896 41,04927 37,47937
52,69373 41,73751 38,08019
54,72825 41,08425 37,63116
52,89717 40,8204 37,41342
53,71098 40,46118 37,04863
56,35587 41,4848 37,5374
53,91444 41,10014 37,9737
51,26957 40,66145 37,57156
49,43849 41,26545 37,55807
50,45576 40,68846 36,70531
50,86266 40,32447 36,73154
55,13515 41,1987 37,35142
54,72825 41,4705 37,70268
50,86266 41,66758 37,75356
52,28682 41,33696 37,79966
57,98348 42,21754 38,16924
50,65921 41,84719 38,03728
55,94896 41,6358 37,62085
52,69373 41,50069 37,78375
52,08337 41,80587 37,62403
55,3386 41,01751 36,83565
52,49028 41,84561 37,72178
54,32135 42,23027 38,12868
55,54206 42,31133 38,50778
49,64195 40,98253 37,21395
53,71098 40,99365 37,15275
52,69373 41,52612 37,50083
54,5248 41,98071 38,02298
51,87992 41,43235 37,67807
51,47301 41,76456 37,73371
55,13515 41,68824 37,89979
52,49028 41,31473 37,41899
57,37313 41,42123 37,40707
