0,8138021 0,4371011 0,318687
0,6103516 0,4355117 0,3186871
0,8138021 0,4307433 0,3163028
0,8138021 0,4386906 0,3210712
0,8138021 0,4323328 0,3266346
0,6103516 0,4514063 0,3298135
1,017253 0,4609431 0,3608078
0,8138021 0,4736589 0,3727285
0,8138021 0,4990903 0,3989542
1,017253 0,4863746 0,391007
1,017253 0,5292897 0,4227957
1,017253 0,4990903 0,3965701
1,017253 0,5308791 0,4307428
1,017253 0,5737938 0,4609419
1,220703 0,6087615 0,4752469
1,424154 0,6580349 0,5046517
1,424154 0,7057191 0,542004
1,831055 0,7422764 0,5722044
5,493164 0,828107 0,6349894
5,696614 0,9139386 0,6906208
7,120767 1,018844 0,7510201
6,306965 1,063347 0,7891662
8,748369 1,160302 0,8535373
6,917316 1,207986 0,8583056
5,900065 1,265207 0,916321
6,510416 1,408262 1,009305
5,086263 1,543363 1,091957
6,306965 1,578331 1,094341
7,73112 1,786549 1,253286
9,562175 2,034505 1,419385
9,765624 2,237955 1,591046
6,917316 2,358753 1,749197
9,358723 2,772014 1,994768
8,951821 3,075599 2,254644
5,493164 3,231366 2,385776
9,15527 3,566743 2,565384
7,934568 3,886222 2,801418
8,138019 4,199347 3,057323
8,341469 4,445709 3,228187
9,562171 4,773141 3,385543
9,15527 4,963876 3,554027
16,4795 5,332627 3,753502
18,31056 5,647342 3,977616
14,85189 5,842844 4,173122
10,98633 6,093982 4,37101
10,37598 6,4675 4,671416
13,02083 6,834664 5,007585
11,80013 7,081031 5,253951
13,83464 7,443427 5,470117
13,02083 7,662773 5,551972
14,24154 7,764499 5,650522
12,41048 8,147561 6,017688
12,81738 8,649825 6,467502
13,42774 8,784929 6,620089
14,44499 9,188651 6,967383
15,46225 9,636876 7,096927
15,25879 9,767215 7,27415
17,2933 10,59691 8,318426
16,68295 10,77652 8,567177
15,86914 11,01812 8,580688
16,27605 11,55853 9,476339
18,71746 11,99246 9,957154
18,51401 12,57261 10,33227
18,71745 12,90481 10,99666
21,97266 13,27515 11,05864
20,75196 13,86484 11,85099
20,5485 14,43069 12,26982
19,93815 14,84712 12,59168
21,56576 15,04898 12,95407
19,7347 15,26674 12,93501
23,60026 15,65138 13,34349
22,58301 16,43657 13,97689
20,95541 16,37141 13,76549
23,8037 16,83076 14,32975
24,21062 16,94044 14,51811
22,78646 17,40933 15,07441
23,60027 17,71609 15,32554
25,63477 18,0006 15,48608
27,46582 18,54103 15,98915
27,46582 18,80805 16,33167
27,26237 19,44542 16,61936
24,61751 19,36436 16,795
26,24512 19,6441 17,12799
25,63477 20,05419 17,22176
30,11069 20,53897 18,01412
27,26237 20,59461 18,07293
27,46581 21,32258 18,37651
27,26237 21,11435 18,54658
27,05892 21,56577 18,9956
28,27962 21,94406 19,08462
28,07619 22,23491 19,38661
32,14519 22,58618 19,63774
33,36585 23,49694 20,50161
31,53484 23,78305 20,69235
32,75554 24,46333 21,39091
30,51759 25,07845 21,91623
34,38314 25,74603 22,7054
34,79004 26,06234 22,39864
32,1452 26,79983 23,37296
34,38315 27,54848 23,89988
34,79004 27,98239 24,17167
34,9935 27,91564 24,36717
32,34864 28,03644 24,68428
36,01074 28,71832 25,05384
36,2142 29,54482 26,04404
34,58658 29,45582 25,28667
34,79004 29,75305 25,64508
36,21419 30,06936 26,33809
39,67285 30,91654 26,75613
37,028 30,96899 27,31643
36,82456 31,13111 27,66371
39,06249 31,86225 28,57129
39,26594 32,24691 28,96229
39,06251 32,89699 29,80629
38,45216 33,20535 30,5462
38,65562 33,4835 30,56128
38,45214 33,69649 31,09851
41,09701 33,87133 31,33774
41,09703 33,96193 30,87998
40,07976 34,17334 31,56582
42,31771 34,16856 31,5682
40,89357 34,68038 32,29222
41,70736 34,42925 32,03075
39,8763 34,74713 31,9028
42,72459 35,43694 32,96456
43,13148 35,13971 32,55288
41,50391 35,0062 32,55129
44,55566 35,61816 32,26677
40,89358 35,04436 32,44878
40,89356 35,35588 32,84057
41,30047 35,54502 33,02891
42,92805 35,8359 33,11475
40,6901 35,78822 32,84454
42,11426 35,59749 32,69196
41,50391 36,11405 33,1545
41,50391 35,9106 33,18309
43,53843 36,5162 33,97783
41,30045 35,90423 33,75451
43,53843 36,30957 33,9548
42,52116 36,71329 33,96749
40,89358 36,72599 34,2226
43,33492 36,6179 33,83954
42,52117 36,44943 33,89518
44,14876 36,4669 34,03743
42,11426 36,58612 33,89597
43,53844 36,46214 33,92773
43,74186 36,67514 34,29652
43,53841 37,24574 34,8862
43,1315 36,65924 34,24407
42,11425 36,8754 34,12724
41,70737 36,92945 33,92141
43,74187 37,08205 34,64859
42,92804 37,09952 34,39108
46,18328 37,05502 34,41174
42,31773 36,95645 34,32511
48,01432 37,1488 34,45626
41,70735 37,30298 34,54448
41,5039 37,21397 34,5397
43,94533 37,34747 34,92673
42,11425 37,18853 34,48249
43,94532 37,3284 35,10395
42,92806 37,22984 34,89415
41,50391 37,04231 34,45865
42,52118 37,65585 35,32409
42,11427 37,41106 35,03403
42,52117 37,05023 34,54922
42,11428 37,49529 34,95376
43,53841 37,51119 34,99428
41,70737 37,41425 34,85601
43,5384 37,17741 34,99429
46,18325 37,96259 35,32967
45,97985 37,4047 34,69069
43,74186 37,59067 35,30502
44,14875 37,51755 34,29096
42,11429 37,47145 34,96726
42,92807 37,27437 34,8282
43,53843 37,62404 34,91322
44,14875 37,91014 35,09123
43,7419 37,79727 35,59827
43,94533 37,58112 35,00778
42,92807 37,5223 34,96884
43,53842 38,02302 35,32729
42,72462 37,79253 35,21123
43,74188 37,85611 35,35272
43,13152 37,87519 35,26451
43,74189 37,6622 35,21681
42,11428 37,59861 34,79799
43,74186 37,69875 34,94978
47,40397 37,8577 35,32729
43,74189 37,7655 35,4592
45,16602 38,1279 35,6531
45,36946 38,10406 35,16117
43,13152 37,9006 35,28595
44,55569 37,87995 35,56807
43,33494 37,82908 35,43296
44,75913 38,12631 35,76041
42,31771 37,66855 35,06421
46,18328 38,29161 35,7302
48,62468 38,15015 35,89949
44,14874 37,63518 34,57229
43,33495 38,1279 35,39801
43,74186 38,2312 35,28196
42,92805 37,78933 35,67616
44,14875 38,04843 35,20169
43,74186 38,23439 35,31853
45,77639 37,83545 35,17787
41,5039 37,75915 35,10553
44,55565 38,36951 35,69287
45,36946 37,99121 35,41233
43,53844 38,00871 35,50054
44,75914 38,2503 35,47748
43,53843 38,1883 35,6849
42,72461 38,21056 35,33681
43,33496 38,13585 35,67379
43,9453 38,16924 35,8065
44,96257 38,00392 35,43218
44,96257 38,24233 35,3543
43,33496 37,68922 35,58557
43,53842 37,97373 35,2041
42,92807 37,95463 35,77947
45,16602 38,3536 35,86372
47,40397 38,17557 35,72781
44,14878 37,80684 35,61498
44,96255 38,19466 35,35351
43,94531 38,2185 35,67141
