0,8138021 0,389417 0,2916656
0,8138021 0,4386906 0,3226608
0,8138021 0,4529957 0,3353768
0,8138021 0,4784272 0,3528608
0,8138021 0,4418695 0,3401452
1,017253 0,4863746 0,3751128
0,8138021 0,4688904 0,3703443
1,017253 0,5118058 0,4013384
1,017253 0,4959114 0,3965701
1,017253 0,5102164 0,4092855
1,017253 0,5372368 0,4235904
1,424154 0,5753833 0,4506107
1,220703 0,5499523 0,4378952
1,220703 0,5960459 0,4609421
1,220703 0,6055827 0,4720681
1,220703 0,6326034 0,4871679
1,627604 0,7009504 0,5340563
1,424154 0,7327397 0,5507461
1,831055 0,7963177 0,6230683
1,424154 0,8090335 0,6278366
1,831055 0,8932758 0,6850576
3,051758 1,002949 0,7422777
2,237956 1,045863 0,778834
2,237956 1,103082 0,837643
2,441406 1,22865 0,8964529
3,051758 1,273156 0,9377795
5,696615 1,408261 1,037121
7,934571 1,478196 1,087983
5,696614 1,643498 1,211168
7,324219 1,894633 1,361369
6,713868 2,155306 1,594227
6,917318 2,369879 1,701514
6,306967 2,543133 1,884302
6,306966 2,770425 2,013048
6,510417 2,913475 2,156893
7,324218 3,194809 2,388954
7,731119 3,530184 2,546309
7,120769 3,759065 2,769629
8,951822 4,115105 3,015994
8,13802 4,363058 3,27746
8,138019 4,76996 3,599328
8,341469 5,051297 3,872713
9,358725 5,575817 4,223982
9,765621 5,971592 4,534721
10,37597 6,267228 4,959107
10,57942 6,591479 5,216599
10,98633 7,057189 5,645752
10,57943 7,373493 5,782448
12,61393 7,437072 5,920729
11,80013 7,740655 6,360211
11,59668 7,939338 6,506445
13,22429 8,118945 6,609757
12,20703 8,312863 6,831486
11,39323 8,435252 7,013478
13,02083 8,614856 7,096924
13,42773 8,722942 7,266998
13,02084 8,843743 7,332962
15,05534 8,775394 7,27971
13,22429 9,21726 7,735888
13,42774 9,425481 7,896424
14,44499 9,60668 8,103055
12,81738 9,573299 8,037883
14,44499 9,751319 8,148352
14,03809 9,711585 8,37803
13,83464 9,915035 8,420149
14,44499 10,07239 8,514722
14,24154 10,36485 8,655389
14,64844 10,60168 8,947849
14,44499 10,58419 8,954998
14,64844 10,52062 8,909705
15,46224 10,49042 9,04004
14,03809 10,55876 8,985993
14,03809 10,87666 9,268126
15,66569 11,04991 9,380977
14,85189 11,16912 9,549456
14,85189 11,33759 9,584427
15,86914 11,34078 9,612241
16,4795 11,5474 9,891988
16,0726 11,52674 9,977819
16,68295 11,50926 9,904698
15,6657 11,78106 10,15902
15,86915 11,68568 10,08431
17,49676 12,16253 10,38949
18,31056 12,15458 10,34657
17,7002 12,22134 10,41492
20,5485 12,78718 10,85123
18,71746 12,80626 11,01336
18,514 13,33396 11,41151
19,12436 13,48019 11,59747
18,71746 13,90616 11,92728
18,71745 14,34803 12,35644
18,92091 14,8964 12,70851
20,54852 15,19521 13,15196
19,93816 15,42727 13,39912
20,14161 15,78649 13,64469
20,95541 15,98358 14,03808
21,36231 16,17908 14,19624
20,14161 16,58916 14,52287
22,17611 16,977 14,91706
22,58301 16,83712 14,89401
21,97266 17,09303 14,87733
23,19336 17,40774 15,24529
21,15886 17,08349 14,93693
21,97266 17,46496 15,26992
21,36231 17,27581 15,30488
22,78646 17,7892 15,60529
22,17611 17,87186 15,87709
25,02441 17,92274 15,74517
22,37956 17,9545 15,68953
23,19336 18,1516 15,81033
23,80371 18,16431 16,08451
23,60026 18,29942 16,24266
23,80371 18,41546 16,20929
23,60026 18,18021 16,21485
25,22786 18,32009 16,07895
22,78646 18,69997 16,59791
23,60026 18,75878 16,6448
23,80371 18,83348 16,62732
25,22786 18,79374 16,7338
23,80371 18,91455 16,60904
25,02441 19,0417 16,88083
23,60026 19,16251 16,9603
23,39681 19,18634 16,97699
25,22786 19,14819 17,01116
24,41405 19,26104 17,00482
23,80371 19,73152 17,40694
24,21061 19,6743 17,53489
24,21061 19,54556 17,61119
25,02441 19,80781 17,68271
28,88996 19,83484 17,61199
26,04167 20,14797 17,68907
28,48305 20,14956 18,04114
25,02441 19,87615 17,66443
24,61751 20,30214 18,05703
23,80371 19,79828 17,88855
24,61751 20,22267 18,24299
26,04167 20,20201 17,7908
30,31411 20,79646 18,59348
26,85546 21,06189 18,59267
25,83821 20,68202 18,34393
25,83821 21,23038 18,91931
26,85545 21,50695 18,95428
27,66925 21,51648 19,01944
28,07617 22,56234 19,9914
28,88997 23,00104 20,36095
29,29687 23,42064 20,64227
28,88995 24,40452 21,85741
31,33135 24,70493 21,98299
30,92445 25,31687 22,71016
31,33135 25,59027 22,87864
32,34865 26,27531 23,26567
31,94174 26,70288 24,02862
33,5693 27,19719 24,19312
32,34862 27,36568 24,7248
34,38309 27,56753 24,84877
34,17969 28,42903 25,54337
33,9762 28,61657 25,90735
36,21414 28,82797 25,76827
36,01069 29,49237 26,67109
37,84179 29,41289 26,72752
34,78999 29,80071 26,6528
35,6038 30,15357 27,3458
35,80725 30,36815 27,55879
35,60379 30,96579 27,9212
38,85899 31,39495 28,65789
38,04519 31,31228 28,21365
36,82455 31,28686 28,37974
37,84174 32,08159 29,04573
39,87625 32,16583 29,1125
40,28315 32,409 28,90028
38,45209 32,79525 29,59171
38,85899 33,09726 29,90722
39,67279 33,23713 29,8818
39,26589 33,58361 30,51598
38,85899 33,62177 30,26722
39,46935 33,65989 30,45239
40,4866 33,84747 30,42617
41,30041 34,51025 30,99598
42,92803 34,68669 31,46964
39,46934 34,82019 31,47202
39,87625 34,99184 31,91706
41,50386 34,64378 31,60395
41,70732 35,43688 32,28104
41,70732 35,55292 32,61324
40,28315 35,25411 31,80025
42,11422 35,52431 31,8217
42,11422 35,92486 32,68477
44,14874 36,33335 33,1942
42,31767 36,48435 33,0424
42,92803 36,53362 33,48666
41,91077 36,48277 33,02969
42,52113 37,19165 34,36562
42,52113 36,71005 33,65117
42,11422 37,10583 33,81807
42,72458 37,39193 34,53809
44,14874 38,33448 35,11189
44,14874 38,17076 34,80669
43,74184 38,25977 34,69225
45,166 38,42348 35,01014
46,99707 38,66985 35,00697
43,53838 38,09288 34,42126
44,35219 38,83516 35,67295
45,57291 39,40737 35,88754
44,14874 39,17849 36,20464
44,96255 39,12444 36,05919
43,94529 39,42325 35,65864
44,75909 39,8842 36,83009
44,55564 40,17508 36,80624
45,36945 40,0797 37,31805
44,96255 40,22594 37,32918
44,96255 40,41508 37,27512
45,166 40,58038 37,51038
45,77636 40,34038 37,15355
47,81087 40,62012 37,61051
45,166 40,58834 37,93079
45,57291 40,64715 37,47223
48,42123 40,63761 36,84995
46,59017 40,70278 36,82533
45,57291 40,83788 37,87515
46,38671 41,23684 37,84179
49,03159 41,41167 38,17715
47,40397 41,58653 37,72497
47,40397 41,23364 37,29104
48,01433 41,66438 38,56654
46,59017 41,85195 38,46484
47,20052 41,58969 38,01822
48,42123 41,51974 38,5149
46,99707 42,01566 38,23913
47,81088 41,79951 38,85505
48,21778 41,54995 38,30907
46,18326 41,83765 38,70246
46,59017 41,65645 38,43464
46,79361 41,97913 38,64047
48,82814 42,02838 38,94405
48,42123 41,79473 38,33451
47,60743 41,85197 38,47836
46,18326 41,85038 38,18115
45,9798 41,79155 39,15785
47,20052 41,51022 38,34007
48,21778 41,81223 38,25026
50,04885 41,83287 38,58324
48,82814 41,75342 38,45533
46,99707 42,07767 38,13106
46,99707 41,93302 38,34962
47,60743 42,04109 39,01798
47,20052 42,12534 38,63093
48,01433 42,4655 39,64582
49,64195 42,56565 39,09509
48,82814 42,37012 38,57691
48,42123 42,55928 38,78513
47,40397 42,51955 39,7396
47,20052 42,01567 38,79783
49,23504 42,34788 38,50936
48,42123 42,55768 39,2842
51,26957 42,23661 39,13004
47,60743 42,45914 39,44396
47,40397 42,28747 38,50776
48,21778 42,2986 39,14912
47,40397 42,359 39,03785
48,82814 42,55294 38,86935
49,4385 42,24932 38,83678
48,21778 43,16488 39,93986
47,40397 42,88672 39,11654
49,64195 42,67373 39,32156
51,87992 42,61012 39,21825
48,42123 42,72936 38,52526
48,21778 42,50525 39,5727
48,42123 42,93757 39,92954
49,03159 42,67055 39,3462
47,81088 42,29225 38,61744
48,62469 42,5116 39,35176
50,45576 42,54179 39,64741
51,06611 43,08064 39,52741
48,82814 42,95346 39,65457
47,60743 42,61492 39,15467
49,23504 42,64511 39,27785
48,01433 42,95189 39,75152
47,20052 42,68008 39,00765
48,42123 42,74523 39,26274
49,8454 42,84697 39,28421
47,20052 42,9662 39,12687
48,42123 42,92963 39,4821
46,99707 42,64827 39,18091
