1,017253 0,3941853 0,2956392
1,017253 0,4116696 0,3043815
0,8138021 0,4291538 0,315508
0,8138021 0,4434589 0,3210712
0,8138021 0,406901 0,3043814
0,6103516 0,4243854 0,3139185
0,8138021 0,443459 0,325045
0,8138021 0,4498168 0,3242503
1,220703 0,4466379 0,3353768
1,017253 0,4371011 0,318687
0,8138021 0,4371012 0,3282241
0,8138021 0,4180274 0,3107395
0,8138021 0,4466379 0,3258398
0,8138021 0,4355117 0,3274293
0,8138021 0,4291538 0,3147133
0,8138021 0,4466379 0,3361715
0,8138021 0,4561747 0,3449135
0,8138021 0,4466379 0,3353768
0,8138021 0,4498168 0,3266345
0,8138021 0,4498168 0,334582
1,017253 0,4609431 0,3480924
0,8138021 0,4593536 0,3528607
1,017253 0,4450485 0,3449135
0,8138021 0,4450485 0,3329926
1,017253 0,4529957 0,334582
0,6103516 0,4466379 0,3504764
0,8138021 0,467301 0,3639867
0,8138021 0,4529957 0,3480923
0,8138021 0,4498168 0,348887
1,017253 0,4593536 0,348887
0,8138021 0,4482274 0,3512712
0,8138021 0,4482274 0,3528605
0,8138021 0,4593536 0,3457083
0,8138021 0,4450485 0,3417346
1,017253 0,4625326 0,3608077
0,8138021 0,464122 0,3536554
0,8138021 0,4688904 0,3608079
1,017253 0,4545852 0,3472977
0,8138021 0,4657115 0,3616025
0,8138021 0,4768378 0,3631921
0,8138021 0,4577641 0,3623972
0,8138021 0,4577641 0,3536553
0,8138021 0,4577641 0,3449136
0,8138021 0,4784273 0,374318
0,8138021 0,4625326 0,365576
0,8138021 0,467301 0,3774967
0,8138021 0,4720694 0,3743179
0,8138021 0,4609431 0,3623971
0,8138021 0,467301 0,3774967
0,8138021 0,4863746 0,3894176
0,8138021 0,4752483 0,3798809
0,8138021 0,467301 0,3759073
1,017253 0,4816062 0,3806757
1,017253 0,4863746 0,3846493
0,8138021 0,4657115 0,3647814
1,017253 0,4879641 0,3870335
1,017253 0,4736589 0,3814703
1,017253 0,4879641 0,3814705
1,017253 0,487964 0,3782917
1,017253 0,4768378 0,3830598
1,017253 0,5006798 0,407696
1,017253 0,4768378 0,3806757
0,8138021 0,4816062 0,3918017
1,017253 0,5165741 0,4100803
0,8138021 0,4943219 0,4061065
0,8138021 0,5086269 0,4164379
0,8138021 0,4943219 0,3997489
0,8138021 0,4990903 0,4045172
1,017253 0,4752483 0,3957751
0,8138021 0,4975009 0,4053119
1,017253 0,5292896 0,4283586
0,8138021 0,5292896 0,4291533
0,8138021 0,5038586 0,407696
1,017253 0,5070375 0,4069014
1,017253 0,519753 0,4156432
1,017253 0,5086269 0,4180273
1,017253 0,530879 0,4315374
1,017253 0,5181636 0,4156432
1,017253 0,5102164 0,4251797
1,017253 0,5340579 0,4267692
1,017253 0,545184 0,4506105
1,017253 0,5133953 0,424385
1,017253 0,5165741 0,4283586
1,017253 0,5388263 0,4371005
1,017253 0,5594888 0,4545842
1,017253 0,5467734 0,4458423
1,017253 0,5610783 0,4545842
1,017253 0,5531311 0,4506106
1,220703 0,5642571 0,4688889
1,017253 0,55631 0,4537894
1,017253 0,5435945 0,4569682
1,017253 0,5976354 0,4831939
0,8138021 0,567436 0,4665048
1,424154 0,5849198 0,4688891
1,220703 0,61353 0,4855783
1,220703 0,6087615 0,4839888
1,017253 0,6039932 0,4903464
1,017253 0,592867 0,4823992
1,220703 0,61353 0,4974989
1,017253 0,6326036 0,511009
1,017253 0,6469089 0,5110091
1,220703 0,6500878 0,5125985
1,220703 0,6246563 0,5014726
1,017253 0,6564458 0,5229303
1,017253 0,6151194 0,499883
1,017253 0,6469089 0,5141879
1,017253 0,6628036 0,5229302
1,220703 0,6961823 0,5531307
1,220703 0,6818772 0,5388252
1,017253 0,6659826 0,526904
1,220703 0,670751 0,5340568
1,220703 0,6898245 0,5674364
1,424154 0,7311502 0,5729992
1,017253 0,6834667 0,5499519
1,220703 0,7232029 0,5865102
1,220703 0,7311502 0,5880996
1,424154 0,7104874 0,5753837
1,017253 0,7009506 0,5698205
1,424154 0,7168451 0,5825365
1,424154 0,7232029 0,5865102
1,220703 0,7343291 0,6000209
1,424154 0,7327397 0,5976366
1,220703 0,7454553 0,6039946
1,220703 0,7486341 0,6198896
1,220703 0,7851917 0,6453207
1,424154 0,7597603 0,632605
1,220703 0,7820129 0,6469102
1,424154 0,7502236 0,6238631
1,220703 0,7867814 0,6564468
1,424154 0,7915495 0,6532679
1,220703 0,8026759 0,6651888
1,220703 0,8233389 0,6715468
1,627604 0,8360547 0,6882359
1,220703 0,8757917 0,7192303
1,627604 0,8392336 0,6914148
1,424154 0,9059917 0,7375093
1,627604 0,9012234 0,7390987
1,831055 0,8964549 0,7287672
1,424154 0,9250655 0,7653247
1,627604 0,9584443 0,787577
1,424154 0,9298339 0,7740666
1,627604 0,975928 0,8106235
1,424154 0,9632123 0,8066498
1,627604 1,007716 0,8400276
1,831055 1,055399 0,8702266
1,831055 1,093545 0,9051937
1,627604 1,142819 0,9425463
1,831055 1,188914 0,9934098
1,831055 1,233419 1,025199
2,237956 1,274746 1,055399
2,034505 1,330376 1,105469
2,034505 1,400312 1,162691
2,441406 1,452765 1,215142
2,848307 1,537004 1,283486
2,848307 1,672106 1,378852
3,051758 1,781782 1,482963
3,051758 1,934371 1,608533
3,255208 2,107618 1,749991
3,86556 2,328555 1,927216
5,493165 2,621016 2,125898
7,934569 3,031095 2,450148
8,951822 3,466607 2,787908
8,13802 3,997484 3,215471
11,39323 4,905063 3,83377
13,02084 6,044706 4,694465
15,05535 7,435482 5,927881
24,00716 9,407997 7,349652
25,02441 11,32011 8,922421
30,31412 13,65343 10,80275
37,2314 16,54625 12,94931
35,1969 19,67588 15,68952
46,79362 22,84845 18,36538
48,62469 26,93652 21,41395
62,05252 30,12815 24,724
48,01432 31,89721 26,64407
57,16967 32,9224 27,77177
57,98348 35,18103 29,58139
52,89717 36,20147 30,87838
52,49026 38,01344 32,63789
74,86995 41,9855 35,85814
62,66286 43,36196 37,78218
64,08704 43,94531 37,76868
68,56296 46,69352 40,31421
80,77004 48,3386 41,60565
76,29411 49,10788 42,4576
83,82172 50,39217 43,72676
91,14587 52,11197 44,7639
85,65277 52,82724 46,16582
78,53211 54,44372 47,37539
106,8113 55,86312 47,92058
103,7596 58,90057 50,75696
105,3872 63,18102 53,37402
129,394 70,91213 58,14476
123,9009 77,82308 64,89916
122,0699 78,64485 67,26109
127,3595 83,24474 71,66473
130,2078 87,09442 74,7245
129,5974 91,34776 76,9831
130,2078 91,25237 78,16568
130,2078 93,86064 79,65573
130,2078 99,56501 83,4958
130,2078 101,4024 86,42358
130,2078 102,682 88,1219
130,2078 104,8086 90,80089
130,2078 110,5274 96,13032
130,2078 112,012 98,84669
130,2078 114,4645 100,6793
130,2078 116,5434 102,461
130,2078 118,7368 105,5628
130,2078 119,5284 105,0343
130,2078 120,8571 107,0219
130,2078 120,3771 107,2023
130,2078 120,8476 108,4484
130,2078 120,8333 108,1432
130,2078 121,3499 107,6592
130,2078 123,2588 110,1499
130,2078 123,812 110,8191
130,2078 123,7865 109,5269
130,2078 124,238 110,781
130,2078 126,4965 113,2938
130,2078 125,8766 113,758
130,2078 125,5667 112,4824
130,4112 125,9958 113,2533
130,4112 126,0562 113,789
130,4112 126,8891 115,2019
130,2078 125,7463 113,8803
130,4112 126,4981 114,621
130,2078 125,7621 113,688
130,2078 126,3995 113,6276
130,4112 126,177 113,6086
130,2078 125,9783 114,3174
130,4112 125,9418 113,9296
130,2078 124,9357 113,0411
130,4112 125,8385 111,2769
130,2078 125,7494 114,0178
130,2078 126,8414 114,1155
130,2078 125,9609 114,4764
130,2078 125,9879 114,7522
130,2078 126,0784 114,7379
130,4112 125,9958 114,1585
130,2078 126,5823 115,1336
130,2078 126,5489 114,195
130,2078 127,0814 115,4285
130,2078 125,8973 114,3191
130,2078 126,0181 114,3937
130,4112 126,2978 114,8253
130,4112 127,0925 114,8714
130,2078 127,1974 115,7439
130,2078 126,2517 113,6204
130,2078 127,2801 116,2072
130,2078 126,8557 115,3291
130,2078 126,8875 115,5715
130,4112 126,9161 114,3866
130,4112 126,6109 114,8094
130,2078 126,7206 114,5884
130,2078 126,9177 114,4135
130,2078 126,4393 115,2433
130,4112 127,0274 114,2014
130,2078 126,9336 114,2221
130,4112 127,5805 113,9812
130,4112 126,8669 114,8817
130,2078 128,2989 116,9177
130,4112 127,1799 115,9466
130,2078 126,7699 114,3397
130,4112 126,2152 114,0941
130,4112 126,5823 113,8819
130,4112 127,4565 115,5842
130,2078 127,9079 117,296
130,4112 126,0324 114,075
130,2078 126,3598 114,714
130,4112 128,6088 116,359
130,2078 126,8414 115,3689
130,4112 126,9081 114,989
