1,220703 0,4212063 0,3083552
0,8138021 0,4307432 0,3147133
1,017253 0,4291537 0,3155079
0,8138021 0,4339221 0,3178922
0,8138021 0,4704799 0,3472978
1,017253 0,464122 0,34094
0,6103516 0,4514063 0,3520659
0,8138021 0,4736589 0,3631921
1,017253 0,4514063 0,3361715
0,8138021 0,4736589 0,368755
0,8138021 0,4704799 0,3751126
1,017253 0,4800167 0,3790863
1,017253 0,4943219 0,3838547
1,017253 0,5054481 0,399749
1,017253 0,4879641 0,3878282
1,017253 0,4959114 0,3981595
0,8138021 0,5133952 0,4220009
0,8138021 0,5102164 0,4013384
0,8138021 0,5086269 0,4124643
1,017253 0,5133953 0,4084908
1,017253 0,5372368 0,4283586
1,017253 0,5261108 0,4283586
1,017253 0,5388262 0,4315375
1,220703 0,5722044 0,449816
1,220703 0,5404156 0,4394846
1,220703 0,5594888 0,4482265
1,017253 0,5706149 0,4601472
1,017253 0,5737938 0,4617366
1,017253 0,567436 0,4545842
1,017253 0,6198878 0,4959096
1,424154 0,6024037 0,4776309
1,017253 0,5594888 0,4529947
1,424154 0,5722044 0,4569682
1,220703 0,6151194 0,4863729
1,017253 0,5737939 0,4569684
1,017253 0,6024037 0,4760415
1,017253 0,6357825 0,5006781
1,424154 0,6326035 0,5006779
1,424154 0,6469088 0,5133931
1,220703 0,6262457 0,4911413
1,220703 0,6612141 0,5086252
1,017253 0,6707509 0,5165722
1,424154 0,6945928 0,5292881
1,220703 0,6866456 0,5380304
1,627604 0,7279713 0,567436
1,220703 0,7327396 0,5729992
1,627604 0,7232029 0,5769731
1,220703 0,7470447 0,5849204
1,627604 0,766118 0,6031997
1,220703 0,7772443 0,6341945
1,424154 0,7708864 0,6222737
2,034505 0,8185703 0,6635992
1,627604 0,8885075 0,7073098
1,424154 0,8726126 0,6961834
2,441406 0,9282444 0,7462513
1,831055 1,001359 0,8106234
3,051758 1,163481 0,903605
2,441406 1,276335 1,010894
3,255208 1,49568 1,153947
6,510417 1,770654 1,33117
8,544921 2,268156 1,679262
12,20703 2,980233 2,161663
21,97266 4,337629 2,954801
22,58301 6,175042 4,068215
75,88712 9,8451 6,157557
67,54566 13,59622 8,906524
63,4766 16,46519 11,41707
56,15236 19,87298 14,10246
61,0352 22,48446 15,92556
75,07343 26,71559 18,4377
60,42481 31,19945 21,28601
141,194 38,29639 26,23796
114,5423 44,22823 31,26383
149,3318 52,82084 39,11018
136,5146 57,05518 43,18236
125,7319 59,90984 46,06407
172,3221 63,27947 50,9898
154,418 65,81147 54,15359
168,4564 70,67997 57,16165
163,37 74,65835 60,48122
177,0016 81,02568 64,72903
190,2263 91,85461 71,29739
173,5428 108,1703 81,65672
192,0574 125,5413 98,29587
184,9364 126,5569 103,9066
191,6505 130,3477 108,1703
192,2609 138,1519 114,6011
191,6505 136,0156 113,978
192,4643 136,4639 116,2406
192,0574 140,428 118,0455
192,2609 141,6836 121,3817
192,4643 146,2533 125,6008
192,2609 147,6647 126,9202
192,2609 147,3501 126,6507
191,4471 152,3966 131,4055
192,2608 151,4476 130,1268
192,2608 155,1829 133,3581
192,2608 153,6538 134,4478
192,0574 156,3304 136,8875
192,2609 154,3468 135,9617
192,4643 161,4389 139,8359
192,4643 157,6131 138,0224
192,0574 161,2657 141,3388
192,2609 162,9012 142,9679
192,4643 163,0904 144,1815
192,4643 164,8992 145,252
192,2609 165,2489 146,0881
192,0574 160,304 142,6468
192,4643 162,3418 143,6586
192,4643 166,0612 146,8327
192,4643 164,2109 146,6498
192,4643 169,3816 149,8336
192,4643 168,1386 147,7681
192,2609 169,469 149,7907
192,4643 164,1124 147,3254
192,2609 166,8161 147,331
192,2609 167,1023 147,9326
192,4643 170,0317 150,939
192,4643 169,7679 150,5092
192,4643 171,1539 151,3587
192,4643 168,0734 149,0452
192,2609 168,9397 150,1794
192,2609 168,4962 150,5154
192,2609 170,9695 152,0088
192,4643 166,449 147,5646
192,4643 170,1636 152,0159
192,4643 166,1772 148,6741
192,0574 168,8078 152,062
192,4643 169,3323 151,5501
192,2609 174,2105 155,0217
192,4643 167,5441 148,5597
192,0574 168,6599 150,0498
192,4643 169,5453 151,594
192,4643 166,6063 150,7816
192,0574 172,718 154,0894
192,4643 169,6565 152,5221
192,2609 170,5022 152,9815
192,4643 172,4652 154,9278
192,4643 169,299 152,7081
192,4643 168,6901 151,396
192,4643 177,2544 157,343
192,4643 175,2357 156,1223
192,0574 171,5449 152,1757
192,2609 172,2681 153,5776
192,4643 173,4681 153,7493
192,2609 169,7933 151,7513
192,4643 167,3773 149,7398
192,2609 171,0649 152,9736
192,2609 171,324 154,4113
192,4643 170,9822 154,1482
192,4643 168,5059 153,2184
192,4643 168,7966 152,2129
192,2609 170,0222 152,9776
192,4643 171,2842 154,1419
192,4643 170,1414 153,0506
192,2609 170,7374 152,9664
192,4643 171,7467 154,0878
192,4643 172,6687 155,144
192,4643 172,5511 154,8158
192,4643 173,3632 156,8923
192,4643 170,4847 152,9807
192,2609 170,9966 152,5763
192,4643 172,7688 154,807
192,4643 173,7035 154,4979
192,4643 171,0585 153,7953
192,2609 173,926 154,6863
192,4643 171,618 154,5869
192,4643 172,1156 154,3715
192,4643 169,4054 152,964
192,4643 171,386 153,0706
