0,6103516 0,4005432 0,2988178
0,6103516 0,4227955 0,3131227
0,8138021 0,4386901 0,32107
0,8138021 0,4482267 0,3417326
0,8138021 0,4482267 0,3258382
1,017253 0,470479 0,3639852
0,8138021 0,4768369 0,3703431
1,220703 0,4704791 0,3544483
0,8138021 0,4609423 0,346501
1,017253 0,5340574 0,391006
0,8138021 0,505447 0,3894166
1,220703 0,559489 0,424385
0,8138021 0,4959103 0,3941851
1,017253 0,4800158 0,3878273
1,017253 0,508626 0,3989535
0,8138021 0,4895525 0,3957746
1,017253 0,4959103 0,4021325
0,8138021 0,5022681 0,4196167
0,8138021 0,4863735 0,3973641
0,8138021 0,4959103 0,4084904
1,017253 0,5213417 0,4196167
0,8138021 0,5340575 0,427564
0,8138021 0,4959103 0,4053115
0,8138021 0,559489 0,4450482
0,8138021 0,508626 0,4148483
1,017253 0,5372364 0,4371009
0,8138021 0,5404153 0,4355114
0,8138021 0,5118049 0,4227957
1,220703 0,5499521 0,4498166
1,017253 0,559489 0,4529956
1,017253 0,5499521 0,4482272
1,017253 0,5849205 0,4641219
1,017253 0,559489 0,4514061
1,017253 0,5849204 0,4688902
0,8138021 0,5785626 0,4657114
1,017253 0,5785626 0,4720692
1,017253 0,635783 0,5038585
1,017253 0,5817415 0,4641218
1,017253 0,6802877 0,5340581
1,220703 0,6453197 0,5102164
1,017253 0,6294252 0,5102165
1,220703 0,6802877 0,5340581
1,220703 0,670751 0,5213427
1,017253 0,6802877 0,5435946
1,220703 0,6993611 0,548363
1,017253 0,7375083 0,5976356
1,017253 0,7247926 0,5785623
1,220703 0,7406871 0,5976356
1,220703 0,7343293 0,6024038
1,424154 0,7629396 0,6151194
1,627604 0,7947288 0,6389611
1,424154 0,8138021 0,6596243
1,220703 0,8519488 0,6882343
1,220703 0,8678433 0,6945922
1,627604 0,8932744 0,7247919
1,424154 0,9346001 0,7534021
1,627604 0,9854628 0,7931387
1,424154 0,9632104 0,813802
1,627604 1,020431 0,8392336
1,627604 1,014073 0,8312863
1,831055 1,08401 0,8948653
1,831055 1,077653 0,9028127
1,831055 1,14123 0,9441383
1,831055 1,160304 0,9473172
2,034505 1,227061 0,9997689
2,441406 1,277923 1,069704
2,034505 1,262028 1,060168
2,034505 1,28746 1,090367
2,441406 1,478195 1,231829
2,644857 1,484553 1,214344
2,441406 1,576742 1,300177
2,848307 1,710257 1,401903
2,848307 1,853306 1,509984
3,051758 1,923242 1,603761
3,255208 2,094906 1,765888
3,458658 2,241135 1,87556
4,272461 2,530415 2,058346
3,86556 2,686184 2,19981
4,679362 2,984999 2,409616
5,289714 3,248851 2,687772
6,713867 3,732046 3,080369
7,527669 4,374185 3,563564
8,748371 5,022683 4,124641
9,155272 5,750657 4,680952
14,03809 6,437303 5,194347
16,4795 7,251103 5,772907
22,98991 8,093516 6,392797
20,9554 9,13302 7,122356
16,27604 10,0867 8,114181
19,32781 11,14845 9,094872
16,8864 12,73791 10,56989
20,34506 13,44681 11,1405
20,75195 14,04762 11,95271
20,34506 14,6993 12,28969
26,44857 15,33826 12,80149
22,78646 16,52718 13,84735
24,82096 17,08031 14,45135
24,61751 18,18021 15,19521
26,65201 19,05441 15,9804
28,88997 20,64705 17,47449
33,16243 21,0921 18,03716
78,32853 22,85004 19,27852
103,1495 25,47582 20,895
95,01144 27,14794 21,95836
120,2393 32,73329 25,08164
136,7187 38,86859 28,88203
125,9358 49,51477 34,84726
151,9775 74,95562 49,31451
132,2428 92,88152 70,93749
133,6668 103,3465 85,90222
158,8947 106,3442 90,23349
155,4361 109,5199 93,82243
181,6815 111,0204 94,8
155,843 114,3232 99,28063
158,0809 117,499 99,98796
182,6985 118,8659 102,2688
153,4014 119,5208 103,2797
156,25 121,3169 106,0994
161,5397 124,4799 109,5803
163,1673 124,4258 106,9958
166,6261 132,6624 116,887
202,6368 139,3508 120,155
186,9708 140,7559 123,5294
176,595 143,5341 128,4566
196,1261 144,3893 126,543
