0,8138021 0,4402799 0,3178922
0,8138021 0,4498168 0,325045
0,8138021 0,464122 0,3417347
0,8138021 0,4577642 0,3449136
1,017253 0,464122 0,3592184
1,017253 0,4720694 0,3711391
1,017253 0,5070376 0,4005437
1,017253 0,508627 0,4005437
1,220703 0,5722044 0,4466372
1,017253 0,5642572 0,4458424
1,220703 0,5880987 0,4680943
1,220703 0,5722043 0,4641207
1,017253 0,5896881 0,4672997
1,831055 0,6230667 0,4967043
1,424154 0,6834666 0,5308776
1,220703 0,7549919 0,592073
2,034505 0,7740653 0,6031995
1,627604 0,8058546 0,6326053
1,831055 0,8519493 0,6723415
1,831055 0,9298338 0,7184361
1,424154 0,9012233 0,7009519
1,627604 0,9489075 0,7470461
1,831055 1,023611 0,813802
2,644857 1,115797 0,8424111
2,848307 1,111029 0,847974
2,034505 1,166661 0,8757898
2,034505 1,206398 0,8948634
2,644857 1,289051 0,9743369
3,458659 1,368524 1,017253
3,051758 1,432102 1,058579
4,06901 1,659392 1,215935
4,272461 1,716613 1,276333
4,069011 1,846949 1,318454
3,66211 1,888275 1,376469
4,069011 2,037684 1,49568
4,272461 2,152124 1,593431
4,272462 2,361933 1,742045
5,493164 2,423921 1,774628
5,086263 2,539954 1,896222
4,272461 2,633731 1,970132
5,086263 2,789496 2,074242
7,731118 3,062885 2,311072
8,341469 3,422101 2,532799
8,74837 3,522237 2,653598
8,748369 3,811518 2,835592
7,73112 3,817876 2,876122
7,52767 4,161199 3,097852
9,358721 4,436172 3,341833
9,358721 4,817646 3,548463
9,562171 5,391437 4,128615
10,37597 5,734758 4,377365
12,61393 6,489754 5,020301
12,41048 6,790163 5,338191
12,00358 6,930032 5,48045
11,18978 7,185935 5,766548
12,00358 7,72317 6,219545
10,78288 7,64211 6,242595
13,42774 7,778801 6,335573
10,57943 7,971126 6,584323
12,81738 8,131665 6,740092
12,20703 8,242926 6,673337
12,81739 8,522667 6,964208
14,24154 8,791289 7,151764
15,25879 8,942293 7,332168
12,61394 8,711818 7,315476
14,64844 9,191828 7,445014
13,22428 9,57489 7,867018
14,44499 9,452505 7,973514
13,83464 9,857812 8,127687
14,85189 10,0549 8,314449
15,6657 10,29809 8,641079
13,83464 10,29809 8,567172
14,64844 10,492 8,784928
16,0726 10,60327 9,03368
16,4795 11,07851 9,37382
15,86915 11,17706 9,556613
16,8864 11,6078 9,773568
16,27605 11,4743 9,656746
14,85189 11,73973 10,02074
15,6657 11,8351 10,04299
16,0726 12,25312 10,54525
16,8864 12,27061 10,4626
16,4795 12,37392 10,57387
17,08985 12,46135 10,65334
17,2933 12,83487 11,02925
16,68295 12,93024 11,10395
16,8864 13,08442 11,13017
17,7002 13,12097 11,34713
17,70021 13,46429 11,66343
17,2933 13,10826 11,36144
18,31055 13,92047 12,07352
18,10711 13,88232 12,13392
18,31056 14,10008 12,26982
18,92091 14,1271 12,16491
18,71746 14,55784 12,71884
19,12436 14,4736 12,56625
19,73471 14,44975 12,45578
20,14161 14,4132 12,46453
19,53126 14,92977 12,87857
19,53126 15,05852 13,00096
20,75196 15,25085 13,12176
19,32781 15,57351 13,56682
19,32781 15,53218 13,1774
19,73471 15,74199 13,75119
21,97266 15,97246 14,03491
24,00716 16,26174 14,29399
22,58301 16,36982 14,39651
21,15886 16,51447 14,36154
20,75196 16,60506 14,71678
20,54852 16,54784 14,49664
21,36231 16,86892 14,95361
21,36231 16,83236 14,72473
22,78646 17,11687 15,03547
23,19336 17,25833 15,1372
21,76921 17,40933 15,378
21,56576 17,39027 15,50039
22,37956 17,76059 15,52502
25,22786 17,84325 15,61086
21,76921 17,76378 15,71259
23,19337 17,87505 15,8461
22,58301 18,03558 15,88663
21,56576 17,73199 16,00345
22,17612 17,96405 15,81828
23,39681 18,01492 16,22677
22,37956 18,20882 16,31021
22,58302 18,50606 16,17512
23,19336 18,40751 16,24664
22,37956 18,2279 16,04239
25,02442 18,82553 16,63208
22,58301 18,58076 16,28399
23,39681 19,25151 17,34814
24,41406 18,53785 16,39844
22,98991 18,84302 16,4326
23,80371 19,03534 16,84268
23,39681 18,90025 16,62652
22,98991 18,91137 16,71553
23,39681 19,2388 16,94918
25,63476 19,58212 17,35291
23,60026 19,11959 17,09303
24,41406 19,22449 17,16058
24,00716 19,04329 16,98653
25,22786 19,69338 17,67953
24,41406 19,03216 16,92375
25,83821 19,70927 17,53012
24,00716 19,88888 17,35767
24,82096 19,84915 17,67796
25,02441 19,43271 17,217
25,83821 19,41998 17,32827
25,63476 19,87458 17,37357
24,61751 19,92861 17,76775
23,39682 19,73629 17,62072
23,60026 20,13683 17,96325
24,41406 20,10663 17,92272
25,43131 20,11776 17,87424
24,82096 20,16703 18,04749
25,43131 20,63274 18,08325
24,41407 20,34823 18,123
27,05892 20,63116 18,21438
25,22786 20,36731 18,28909
24,82096 20,89818 18,01411
27,26237 20,91885 18,17546
25,43132 20,79805 18,46393
26,24512 21,05872 18,36379
27,26237 21,05077 18,76673
25,43132 21,06667 18,51956
29,70377 21,25899 18,90023
29,50032 21,06348 18,56088
28,07616 21,32575 18,80249
27,05891 21,8455 19,36834
26,44856 21,56257 19,21098
28,07617 22,11571 19,49946
27,4658 21,39886 18,99005
27,26236 21,49264 18,85573
28,07616 21,79623 19,30713
26,65201 21,71993 19,30873
27,05891 22,22856 19,72199
28,48305 21,97424 19,2833
27,66928 22,2985 19,88331
27,26236 21,95358 19,48197
26,44856 22,22697 19,67272
28,48308 22,55281 19,83086
27,46581 22,45903 20,01364
26,85546 22,61321 19,90318
26,85546 22,39704 19,92781
26,85546 22,29533 19,86664
28,07617 22,5846 19,92622
27,87271 22,48128 20,08994
27,66926 22,65295 19,95326
27,87271 22,68314 20,04543
27,66926 22,61956 20,12969
27,87271 22,583 20,1726
27,46581 22,88977 20,01365
27,26237 23,37773 20,95938
30,11066 23,09164 20,31962
29,09341 23,21561 20,73605
28,27963 23,30144 20,46028
30,11068 23,44926 20,77183
28,88997 23,97855 21,47117
29,29687 23,73218 21,20098
30,11066 23,80371 21,468
29,09342 23,73695 21,25979
30,11067 23,77033 21,19541
27,26236 24,01988 21,87968
30,72102 24,56029 22,00445
31,73827 24,77169 22,04975
30,51757 24,55076 22,19519
31,73827 24,68268 21,97345
31,94172 25,21674 22,10935
29,90722 25,01011 22,32154
31,94173 25,12773 22,55598
31,53482 25,2533 22,48605
32,55207 25,87636 22,86673
32,34862 25,8255 23,1107
31,94173 25,97332 23,12182
31,53482 26,30711 23,65827
34,79003 26,55188 23,00739
32,75552 26,44856 23,53032
32,55207 26,67745 23,64953
31,73827 26,40088 23,28872
36,41763 26,73943 23,90465
33,16243 26,90633 24,06677
33,97623 27,24965 24,58413
33,16243 26,9413 24,2138
34,58658 27,43562 24,14862
32,75552 26,89203 24,09777
33,97623 27,29416 24,41247
33,36587 27,1066 24,1216
34,17968 27,41336 24,19631
33,97623 27,58821 24,98786
36,41763 28,09047 24,69699
33,56933 27,87272 24,8297
34,17968 27,98558 25,09356
33,56932 27,87749 24,52294
32,95898 27,88543 24,97117
33,16243 28,34955 25,33038
34,79003 27,45947 24,44744
36,62108 28,69924 25,62682
33,16243 28,2987 25,40668
33,56933 27,94743 24,65169
34,17968 28,29233 25,1921
33,56933 28,18584 25,34628
34,79003 28,34319 25,13251
33,36588 28,23034 25,21595
33,97623 28,37181 25,64589
33,56933 28,50055 25,2517
34,58658 28,83115 25,68801
35,40039 28,59274 25,62762
38,6556 28,91224 25,94709
37,43488 28,30346 24,97752
34,79003 28,6754 25,44721
34,79003 28,60228 25,92802
35,19693 28,35114 25,51556
36,82455 28,5991 25,46549
35,19693 29,07435 25,6904
35,19693 28,91698 25,92802
35,19691 29,05845 26,0075
34,79003 29,09978 25,66417
36,82453 29,15699 25,94232
38,24867 29,56708 26,3683
40,6901 29,39224 25,82392
36,41764 29,31913 26,1895
35,19693 29,37317 25,97649
34,79003 29,09661 25,89941
36,82454 28,81367 25,63556
35,40038 29,37793 25,82074
35,80728 29,87227 27,02077
33,36588 29,01396 25,47821
35,40038 29,40337 26,19504
35,80728 29,53052 26,32539
34,58658 29,40337 26,31107
35,40038 29,44469 25,9447
35,60383 29,64973 26,4907
34,99348 29,5639 26,13464
36,41764 29,6847 26,60433
35,40039 29,36522 25,75636
34,99349 29,76099 26,73863
36,82454 29,92947 26,48989
34,38314 29,44946 26,35081
36,41763 29,80709 26,51294
37,43489 30,05345 26,75454
34,79004 29,42244 26,27373
35,19694 29,90881 26,70923
34,38313 29,42086 26,59321
36,41764 29,87544 26,73706
36,62108 29,8071 26,91189
34,38314 29,97874 26,84434
35,80729 30,42538 27,07561
37,23144 30,17903 26,76408
34,38314 30,00736 26,93096
36,01074 30,38088 27,23058
36,62109 30,26166 27,0152
38,04524 30,57956 27,23296
37,02799 30,44287 27,18608
36,82454 30,93243 27,90053
35,60383 30,45716 27,48648
36,41762 30,30459 27,39668
38,24868 30,45082 27,36966
35,60383 30,60658 27,64544
35,80728 30,54936 27,35058
35,40038 30,51281 27,08753
35,60383 30,17585 26,86023
36,62109 30,37294 27,31085
36,82454 30,84341 27,70344
36,82453 30,35545 27,03271
36,01074 30,38247 27,40859
37,63834 30,52235 27,35217
36,21418 30,54141 27,44515
36,01073 30,99759 27,61285
38,24868 30,29823 27,15111
38,04525 30,97693 27,94345
36,62109 29,87226 26,50897
37,02799 30,31253 26,88328
36,21419 30,303 27,10184
37,23144 30,45877 27,48648
37,02799 30,71944 27,30687
36,62109 30,53347 26,95402
36,82454 30,28234 27,09945
37,43489 30,49533 27,40781
38,04524 30,23147 27,12964
39,4694 30,87203 27,3776
38,85904 30,96739 27,57311
37,23144 30,76394 27,55244
36,41764 30,64474 27,68994
36,41763 30,88793 27,33311
38,85904 31,10408 27,80993
36,82454 30,62089 27,11137
36,41764 30,87838 27,64462
37,43488 30,69878 27,30926
39,87629 30,82116 27,61602
37,23144 30,75758 27,60172
39,46939 30,93401 27,91166
36,01073 30,5605 27,31959
37,63834 30,91176 27,83537
35,80729 30,73056 27,26395
38,65559 31,03892 27,51191
37,02799 30,87044 27,99432
37,63834 31,15654 27,57231
35,80729 30,95309 27,63827
38,45214 30,73533 27,34264
36,82454 30,90381 27,62954
38,24868 31,11044 27,94504
38,04524 31,04369 28,13816
38,85905 30,73534 27,49046
36,21419 31,11045 28,21047
38,45214 31,24556 27,63272
36,41764 30,9658 27,7996
37,84179 31,02144 27,94027
36,41763 30,85932 27,54928
36,41763 31,18673 27,62954
37,63833 31,08183 27,77576
37,43489 31,05958 27,67642
36,82454 31,06911 27,7686
35,80728 31,12474 27,21388
37,63834 30,60817 27,28622
38,45214 30,99443 27,74478
38,24869 31,49827 28,16121
35,80729 31,33615 28,19061
39,06248 30,88156 27,3347
38,04523 30,91176 27,41018
38,24869 31,04527 27,6335
38,45214 31,24396 27,88225
39,26593 31,25986 27,73524
37,02799 30,84024 27,14396
37,84177 31,09932 27,84412
38,65559 31,46014 28,21129
38,2487 30,82911 26,94925
36,41763 30,68764 27,29653
37,02799 30,77984 27,69152
37,23144 30,71467 27,20277
39,67284 31,20581 28,05708
38,24868 31,53482 28,10716
39,06249 31,2217 27,9514
38,04525 31,43787 28,27166
38,45214 31,03733 27,91167
36,41763 30,71467 27,38794
36,82454 30,65109 27,5739
37,43489 31,1009 27,68277
39,06248 31,07866 27,61522
38,85904 30,81481 27,3188
39,26595 31,58728 28,30028
36,21419 31,07866 27,45468
39,0625 31,35999 28,11193
39,8763 31,12475 27,72889
35,60383 31,43469 27,86079
38,45214 31,22011 27,83378
36,21419 31,26779 27,5755
37,43489 31,62066 28,464
43,1315 31,04052 27,94584
36,41764 31,37907 28,38771
37,43488 31,53165 28,03166
36,82454 31,15813 27,84411
40,89355 31,09772 27,75033
36,41764 31,00077 27,15507
37,63834 31,33297 27,97444
40,2832 31,26779 27,74397
37,23144 31,20263 27,63669
36,82454 31,12792 28,0873
37,02798 31,62701 27,99034
37,02799 31,5078 28,24068
38,04523 31,2837 28,09446
37,43489 31,35363 27,85681
39,87629 31,56185 28,48704
37,43489 31,35045 27,90053
39,46939 31,36952 28,39803
37,02798 31,47125 27,73602
38,04524 30,80526 27,49524
38,85905 31,71126 28,56731
39,26594 31,07229 27,92994
38,45214 31,49827 28,49976
38,45214 31,42357 28,13578
38,24869 31,62067 28,22081
38,2487 31,54436 28,15247
38,24869 31,17402 28,01179
38,04524 31,28687 28,22637
38,45214 31,23602 27,39112
39,06249 31,68582 28,3273
37,84179 31,57139 28,34797
41,097 31,31867 28,18267
37,63834 31,74781 28,2979
38,85904 31,33932 28,04916
38,04524 31,94014 28,47353
36,82454 31,449 28,18505
39,67285 31,63338 28,44812
37,63834 31,29641 28,15247
36,62109 31,17084 27,86239
35,80728 31,28528 28,00782
36,82453 31,52847 27,98398
37,43489 31,43153 28,0738
39,0625 31,60159 28,19618
36,82454 31,68582 28,30664
36,41763 31,05163 27,60093
37,43489 31,11205 27,56834
39,26594 31,18198 28,20174
35,40038 30,82752 27,8465
38,45214 31,57457 28,37658
39,67285 31,45536 28,24624
37,84179 31,26939 27,58662
38,45214 31,65086 28,5705
37,23144 31,02461 27,75191
39,87629 31,53801 27,75351
37,23144 31,63655 28,25578
37,23144 31,07865 27,73762
37,23144 31,52053 28,13261
39,46939 31,62385 28,16678
37,43489 31,57775 28,13976
37,43489 31,51735 27,98319
36,41764 31,58252 28,32811
38,65559 31,14858 28,44651
37,23144 31,12793 27,85602
37,23144 31,60159 28,35989
37,43488 31,538 28,57607
37,84179 31,63813 28,33685
40,48665 31,69218 28,20491
39,26594 31,53006 28,4346
37,43489 31,13747 28,3138
37,43489 31,30595 28,06266
39,46939 31,79391 28,33447
38,45214 31,71762 28,06664
39,06249 31,77642 28,62135
36,82454 31,8845 28,25577
36,62109 31,81457 28,67459
39,26594 32,04187 28,64281
38,45214 32,16426 28,22081
38,85904 31,85431 29,15938
37,84179 31,65721 28,37339
36,82454 31,91629 28,36704
38,45214 31,42039 28,06982
38,45214 31,74941 28,38293
37,63834 31,24077 27,47375
39,46939 31,77485 28,17551
39,87629 31,29959 27,98875
38,65559 31,9767 28,91541
37,02799 31,66357 27,9514
37,43488 31,98465 28,96786
40,48666 31,89246 28,83752
39,87629 31,8559 28,70084
38,6556 31,61907 28,47671
38,6556 31,71602 28,26769
38,85905 32,50439 29,31674
40,07975 32,29776 28,63883
38,24868 31,5698 28,1469
40,6901 31,75576 28,52997
40,2832 32,26757 29,19912
37,63835 32,16108 28,82242
38,65559 32,05935 28,19299
38,45214 32,01803 28,34399
39,67285 31,8273 28,24943
39,06249 31,59682 27,91483
37,63834 32,16108 28,93209
37,02799 31,68583 28,5411
38,65558 32,10703 28,92494
39,8763 31,93537 28,87249
36,21419 31,53801 27,9967
38,24869 31,7653 28,59911
38,24869 31,68583 28,0563
37,84179 31,7351 28,17313
39,67284 32,15949 28,69368
40,2832 31,95126 28,57287
40,48665 32,34386 28,84944
40,07975 32,40585 29,00123
39,46939 31,94649 28,80413
