0,8138021 0,4132591 0,305971
0,8138021 0,4402801 0,3210713
0,8138021 0,4720694 0,344119
1,017253 0,4688904 0,3544502
0,8138021 0,4831957 0,3592186
1,017253 0,4800167 0,3774968
1,017253 0,5149847 0,4029278
0,8138021 0,5102164 0,4172326
0,8138021 0,5245213 0,4188221
1,017253 0,5467734 0,4418688
1,017253 0,5420051 0,4299481
1,017253 0,5722044 0,4585578
1,424154 0,6055825 0,4823992
1,220703 0,6643929 0,5205458
1,220703 0,7057191 0,5435935
1,424154 0,7327397 0,5785624
1,220703 0,7470447 0,596047
1,220703 0,7708864 0,6119419
1,424154 0,810623 0,652473
1,424154 0,8583074 0,6842625
1,627604 0,9425497 0,7311518
1,627604 0,9791069 0,7589669
2,237956 1,049042 0,824133
2,848308 1,118976 0,8487688
2,034505 1,157124 0,8837367
2,034505 1,204809 0,9004268
2,644857 1,298588 0,9878477
2,644857 1,371702 1,056194
2,848307 1,463891 1,119774
4,069011 1,581509 1,184942
3,458659 1,670517 1,259644
3,458659 1,802444 1,383621
4,272461 1,902582 1,459917
5,086263 2,055168 1,56959
3,66211 2,148944 1,662572
4,069011 2,264976 1,773833
3,86556 2,401672 1,93278
4,272461 2,557439 2,024968
4,272461 2,719558 2,143382
5,086263 2,77201 2,187091
5,289714 2,986593 2,388958
4,882813 3,113748 2,473194
5,086263 3,290176 2,654394
7,527668 3,45707 2,799036
5,696614 3,552437 2,844334
7,934568 3,708203 2,917447
7,731118 3,879865 3,062884
9,35872 4,159607 3,238517
6,103516 3,941855 3,072423
8,341469 4,170734 3,293354
6,510416 4,21047 3,365673
8,341469 4,558565 3,586611
9,35872 4,673002 3,61045
8,341469 4,882814 3,786088
10,17252 4,994076 3,854435
8,748369 5,164145 3,988742
7,731118 5,289713 4,062653
9,765621 5,334219 4,131
10,98633 5,61555 4,271665
9,969071 5,534493 4,386901
10,57942 5,7888 4,568097
8,748369 5,776085 4,638032
10,37597 6,211598 4,935266
10,98633 6,456375 5,219777
12,20703 6,472273 5,265875
10,17252 6,655055 5,384284
12,20703 6,955467 5,679133
16,8864 7,162093 5,856355
11,80013 7,287661 5,876224
13,02083 7,26064 5,971588
11,39323 7,610322 6,241004
11,18978 7,761316 6,38564
13,02083 7,731121 6,44207
11,59668 7,82013 6,543797
14,44499 8,188882 6,748837
12,81738 8,020401 6,68923
13,02083 8,214313 6,807642
12,81738 8,411411 7,013481
13,42774 8,745193 7,184348
13,63119 8,627573 7,097721
18,31056 8,967722 7,402104
13,42774 9,015403 7,55151
15,6657 9,102823 7,512572
13,63119 9,415944 7,831254
13,42774 9,333295 7,797084
15,6657 9,853047 8,192064
15,6657 10,27107 8,532205
15,05534 10,15027 8,435247
18,31056 10,42048 8,647443
16,0726 10,30604 8,56797
17,2933 10,35849 8,691151
20,54851 10,63824 8,824666
20,95541 10,85917 9,109973
17,2933 11,34395 9,505744
16,4795 11,32807 9,483506
19,12436 11,53787 9,547873
20,34506 11,87166 9,879272
20,95541 12,20385 10,06206
21,36231 12,20385 10,26709
18,71746 12,78242 10,74552
15,86915 12,39936 10,50234
20,75196 13,1766 10,96726
23,19336 13,39595 11,33919
22,98991 13,59463 11,46316
21,56576 13,40549 11,35032
22,58301 13,95226 11,62926
19,32781 13,60099 11,52516
20,54851 13,86166 11,79219
20,34506 14,05716 11,84464
19,53126 13,85848 11,91537
18,51401 14,25107 12,17524
22,58301 13,93318 11,95908
18,10711 13,80603 11,94954
21,76921 14,12392 12,1657
18,92091 14,34009 12,20465
21,56576 14,31306 12,21497
19,73471 14,20975 12,22452
21,76921 14,15889 12,23962
20,54851 14,57215 12,58453
19,73471 13,9602 12,11246
22,37956 14,6389 12,48677
19,73471 14,22247 12,14584
20,14161 14,37187 12,17683
19,12436 14,63732 12,52015
20,54851 14,3369 12,4526
20,54851 14,38459 12,34452
22,17611 14,50698 12,56545
21,15886 14,49744 12,30796
20,54851 14,5944 12,65446
21,97266 14,37188 12,41446
21,56576 14,39572 12,44784
21,76921 14,68182 12,50823
21,36231 15,0013 13,0264
22,37956 14,50857 12,50904
20,54851 14,72951 12,71646
20,54851 15,11733 13,19885
23,60026 14,75016 12,77844
21,56576 14,49426 12,46532
20,14161 14,75652 12,90639
23,39681 15,29535 12,87381
21,15886 14,90911 12,77288
20,75196 14,73745 12,7236
24,61751 15,11097 13,0248
20,54851 14,77719 12,73871
24,61751 15,50993 13,2219
20,75196 15,13005 13,10667
19,12436 14,74222 12,84281
24,61751 15,53536 13,26799
21,15886 15,29217 13,09315
20,34506 15,4082 13,24892
20,54851 14,87414 12,93977
24,00716 15,10779 13,07885
20,95541 15,21906 13,17661
25,83821 15,16819 13,03514
20,54851 15,01878 12,87858
22,17611 15,19998 13,02561
22,37956 15,64661 13,36098
18,92091 15,27468 13,20124
22,98991 15,42728 13,38244
19,93816 15,30172 13,3586
24,82096 15,28263 13,09315
22,98991 15,35416 13,33873
22,98991 15,54649 13,4476
25,63476 15,32396 13,35621
21,36231 15,24449 13,03911
22,37956 15,09031 12,96202
21,97266 15,32873 13,32522
22,78646 15,80238 13,49211
19,73471 15,19998 13,1758
19,93816 15,60847 13,56204
22,98991 15,62437 13,4182
20,75196 15,56397 13,63357
22,58301 15,63867 13,50085
23,80371 15,57191 13,34349
21,97266 15,3033 13,36733
20,95541 15,62119 13,50244
21,97266 15,86596 13,87994
24,21061 15,6959 13,64152
22,17611 15,8453 13,84735
23,80371 15,97723 13,80682
17,2933 12,98746 11,3678
22,37956 15,90411 13,78616
24,00716 15,92159 13,87914
22,37956 16,12346 14,112
22,78646 16,1314 14,06591
21,36231 16,12187 13,8704
24,21061 15,51946 13,62801
21,15886 16,08054 13,87597
25,02441 16,02649 14,04921
24,41406 16,16796 14,10722
23,39681 16,20611 14,03808
23,19336 16,12027 13,93556
23,19336 16,01855 13,82113
28,07615 16,29512 13,91888
23,60026 16,15843 14,14062
21,15886 15,93749 13,73371
21,15886 16,08213 14,081
20,75196 16,30624 14,27491
22,98991 15,95974 13,92444
22,78646 16,4032 14,13425
21,76921 16,09166 13,95702
25,43131 16,19022 14,04603
24,21061 16,50334 14,42354
21,97266 16,41115 14,18352
24,21061 16,12822 14,2018
22,98991 16,13935 13,99994
23,80371 16,73699 14,43386
20,95541 16,26491 14,21372
22,78646 16,30943 14,25108
21,97266 16,41592 14,2034
22,78646 16,30307 14,19863
21,97266 16,33962 14,37585
25,02441 16,81011 14,50539
25,02441 16,42228 14,11915
25,83821 15,84531 13,9006
21,36231 16,22359 14,2773
22,98991 16,45407 14,51811
23,39681 16,69725 14,69771
27,26235 16,82759 14,64924
21,56576 16,43181 14,31068
23,60026 16,65592 14,56976
23,19336 16,50333 14,37902
25,02441 16,77673 14,57692
23,39681 17,07077 14,76209
25,02441 16,81805 14,73984
22,37956 16,56851 14,68023
22,78646 16,36983 14,29717
22,58301 16,4334 14,47678
22,17611 16,47791 14,53162
22,58301 16,94997 14,61506
24,41406 17,10574 14,84632
24,21061 16,88799 14,77003
25,22786 16,86414 14,68102
22,98991 16,63368 14,40367
23,80371 16,94362 14,74937
24,41406 16,71315 14,60314
23,19336 17,14706 14,92421
24,21061 16,81487 14,82089
21,97266 16,99766 14,99176
22,98991 16,69884 14,59599
23,39681 16,6893 14,60075
24,21061 17,05966 14,89243
24,61751 16,95475 14,84872
23,39681 16,63527 14,59996
28,07615 17,22495 14,99018
22,17611 16,74652 14,69532
24,21061 16,58122 14,54353
23,80371 16,55261 14,4577
24,61751 16,90389 14,79308
22,58301 16,65274 14,59996
24,82096 17,28695 14,89242
24,21061 16,91342 14,6246
23,19336 16,93408 14,69533
21,76921 16,8848 14,79546
24,61751 16,97541 14,85507
24,00716 16,64321 14,41082
23,80371 17,16455 15,01639
23,39681 16,99766 14,92659
28,07615 16,96746 14,8511
21,56576 16,94203 14,75096
25,83821 16,71791 14,76686
24,00716 17,00083 14,90434
24,61751 16,68454 14,59837
24,82096 16,84507 14,73109
25,22786 17,01991 14,93295
23,19336 17,06441 14,88447
26,652 17,12005 15,06329
22,17611 17,06918 14,74778
21,97266 16,91819 14,74461
26,652 17,08985 14,84951
23,39681 17,39662 15,01164
24,00716 17,01355 14,88765
21,97266 16,85778 14,71759
21,97266 17,07396 14,9417
21,56576 16,68454 14,78991
21,76921 16,73381 14,8956
22,98991 16,78149 14,70884
23,80371 17,00242 14,77798
23,80371 17,01832 14,7597
26,652 16,87368 14,59599
26,85546 17,06282 14,81931
24,82096 16,56851 14,50062
25,43131 17,33145 15,24608
22,58301 16,90707 14,8821
23,39681 17,49675 15,16978
27,66925 17,2949 14,81375
25,43131 17,56192 15,21667
23,80371 17,32668 15,13322
25,02441 17,15025 14,76129
22,98991 16,99925 14,80659
23,19336 16,91818 14,94566
22,58301 17,09939 14,9711
26,04166 17,10893 14,97667
27,4658 16,9754 14,92183
20,75196 16,94998 14,87574
30,3141 17,37277 15,16184
22,58301 16,84507 14,69136
24,61751 17,02467 14,80659
23,60026 17,29648 15,19045
26,24511 16,93249 14,79547
22,37956 16,95793 14,71599
25,63476 17,10098 15,02355
22,78646 17,21542 15,00687
24,21061 17,20906 15,00845
22,17611 17,53331 15,32634
28,6865 17,36483 15,17376
22,98991 16,98972 14,98541
24,61751 17,30761 15,14595
24,21061 17,35688 15,06488
25,22786 17,29648 15,23495
23,39681 16,92614 14,70646
22,37956 17,08508 14,88686
24,21061 17,29647 15,01401
28,07615 17,36324 15,19442
21,56576 16,75446 14,84155
24,00716 17,15978 14,78115
21,76921 17,3394 15,31363
22,17611 17,14072 15,09429
23,80371 17,12165 15,13084
28,48305 17,46177 15,34302
25,02441 17,03741 14,81454
25,83821 17,2631 14,95283
24,21061 17,04852 14,85746
22,17611 17,3092 14,94965
27,0589 17,48562 15,26118
23,60026 17,2472 15,03865
26,44855 16,94202 14,85745
24,41406 17,04852 14,76844
23,60026 17,30125 15,10859
23,60026 16,915 14,90752
23,80371 17,11527 14,89083
22,98991 17,0533 14,92421
23,19336 17,27582 15,08713
24,41406 16,96586 14,74778
26,85546 17,15978 15,0609
22,17611 17,03263 14,91627
22,17611 17,22814 15,09747
24,41406 17,32509 15,09905
24,82096 17,55079 15,39152
23,80371 17,28535 15,07918
24,21061 16,94681 14,9115
23,60026 17,34257 15,1213
22,37956 17,28536 14,97667
22,98991 17,01991 14,88288
27,4658 17,30443 15,22382
22,98991 17,23926 15,08316
23,60026 17,59053 15,40343
23,60026 16,8721 14,84792
27,0589 17,01992 14,77878
22,78646 17,57304 15,25243
25,63476 17,51583 15,15627
24,41406 17,21383 15,03945
24,21061 17,279 15,10143
25,02441 17,02786 14,83281
24,00716 17,51106 15,48609
23,80371 17,35688 15,29376
28,48305 17,31078 15,2882
22,58301 17,29329 15,1372
24,41406 17,22336 15,01322
21,97266 17,27582 15,13561
22,98991 17,13913 15,05693
26,44855 17,33463 15,23971
24,61751 17,27582 15,01481
24,41406 17,34893 14,99415
26,04166 17,54284 15,1523
23,39681 17,28376 15,17534
22,37956 17,19794 14,92581
28,07615 17,42681 15,23733
22,98991 17,0072 14,95361
23,19336 17,4729 15,42171
22,37956 16,94044 14,98938
27,26235 17,27581 15,28025
21,15886 16,75606 14,72394
24,21061 16,95316 14,99494
22,37956 17,08667 15,08395
26,04166 17,25357 15,09428
24,82096 17,41251 15,04898
22,78646 17,06919 14,90196
23,60026 17,70497 15,4233
25,22786 17,57622 15,46145
26,24511 17,74153 15,47178
22,98991 17,1582 15,01561
22,58301 17,33939 15,23337
24,21061 17,59847 15,258
25,02441 17,46814 15,45668
21,97266 17,41728 15,31045
26,24511 17,5635 15,38356
23,19336 17,51741 15,30568
28,6865 17,61119 15,46543
24,00716 17,68272 15,41615
25,43131 17,90524 15,50834
23,60026 17,21542 15,06488
24,82096 17,48721 15,35575
25,02441 17,60801 15,38515
25,02441 17,92273 15,45191
27,26235 17,58576 15,33668
24,61751 17,4602 15,19601
25,22786 17,58258 15,35973
23,39681 17,13594 14,95839
24,61751 17,19635 15,0776
22,98991 17,63186 15,33271
22,58301 17,38549 15,25561
26,04166 17,33622 15,18886
25,43131 17,62232 15,36847
23,19336 17,5492 15,38198
23,60026 17,4745 15,32237
25,63476 17,32508 15,11653
24,82096 17,49676 15,29297
25,43131 17,80987 15,60768
27,26235 17,73517 15,56079
24,82096 17,42682 15,18329
22,58301 17,50151 15,40264
25,43131 17,60324 15,36608
27,66925 17,78285 15,39708
23,80371 17,47768 15,38278
25,63476 17,72244 15,25561
24,00716 17,28217 15,19124
24,21061 18,04988 15,52821
27,0589 17,84643 15,52105
26,24511 17,69384 15,28264
27,66925 17,47926 15,44476
27,8727 17,7304 15,49085
23,60026 17,43952 15,32793
24,21061 17,79557 15,66172
23,60026 17,62072 15,36687
27,26235 17,52218 15,4082
25,02441 17,82259 15,5147
24,61751 17,61914 15,36926
24,82096 17,60165 15,35733
25,43131 17,8353 15,74675
27,0589 17,91637 15,73166
26,24511 17,87027 15,46622
23,80371 17,62072 15,39549
22,78646 17,84962 15,5759
25,63476 17,7161 15,68397
23,19336 17,58258 15,33827
24,00716 17,83531 15,58145
25,22786 17,96564 15,71099
24,21061 18,14367 15,75868
27,0589 18,02127 15,80557
24,61751 17,66047 15,55841
24,61751 17,78285 15,50356
23,60026 17,98153 15,73403
22,98991 17,82578 15,53059
26,04166 17,8369 15,75073
22,78646 17,99266 15,58781
26,24511 17,57781 15,35575
23,60026 17,66842 15,52741
24,41406 17,58416 15,32952
24,00716 17,7161 15,53775
25,22786 17,65092 15,3486
24,41406 17,87505 15,68318
22,98991 17,53648 15,31442
23,19336 17,69225 15,42489
26,85546 17,73994 15,50595
24,82096 17,93067 15,74675
22,58301 17,17568 15,13084
22,37956 17,30601 15,35415
23,39681 17,92432 15,71894
23,80371 17,40298 15,36291
23,80371 17,25992 15,00846
26,652 18,05942 15,66013
25,02441 17,77808 15,50993
25,02441 17,58735 15,44158
25,83821 17,65571 15,51867
24,61751 17,92749 15,70305
24,21061 17,77014 15,52742
22,78646 17,27581 15,34542
22,78646 17,46019 15,11097
22,98991 17,49992 15,35098
25,83821 17,33463 15,49244
28,6865 17,83054 15,75391
25,22786 17,49835 15,23495
26,85546 17,84643 15,60768
24,21061 18,23267 15,78729
24,21061 18,14843 15,82066
26,85546 18,11505 15,62755
26,44855 17,9275 15,58781
23,19336 17,98154 15,67841
22,17611 17,49834 15,30727
28,88995 17,86232 15,67523
26,44855 17,92272 15,77139
24,82096 17,70655 15,13958
27,66925 17,90524 15,50834
22,78646 17,30125 15,08077
24,41406 17,86073 15,32873
26,24511 17,86075 15,48211
25,22786 17,28693 15,33985
25,02441 18,00379 15,43761
25,22786 17,51424 15,32873
25,22786 17,56986 15,4686
26,04166 17,7463 15,66331
24,61751 17,77491 15,55046
25,83821 18,11028 15,80477
24,21061 17,74947 15,55602
22,98991 17,55556 15,41932
24,82096 18,0038 15,68954
24,82096 18,0324 15,8453
28,88995 18,01173 15,8151
24,21061 17,56986 15,41376
24,00716 18,18023 15,82146
