0,8138021 0,4243852 0,312329
1,017253 0,4355116 0,3139186
1,017253 0,467301 0,3520661
1,017253 0,4561747 0,3417346
0,8138021 0,4720694 0,3600131
0,8138021 0,4895535 0,3838547
0,8138021 0,4704799 0,3759074
1,017253 0,5181636 0,4021332
1,017253 0,5070375 0,4116696
1,017253 0,5467734 0,4331269
1,220703 0,545184 0,4323323
1,220703 0,5737939 0,449816
1,017253 0,5896881 0,4672997
1,017253 0,6119404 0,4879623
1,220703 0,607172 0,4808098
1,220703 0,7041296 0,5491568
1,220703 0,7136663 0,5507463
1,627604 0,7534025 0,5976365
2,034505 0,766118 0,6071734
2,034505 0,8312862 0,6612153
2,237956 0,8726125 0,6699576
1,831055 0,917118 0,6969784
2,034505 0,9950016 0,7390989
1,831055 1,018843 0,780424
2,237956 1,095135 0,8273115
3,458659 1,112619 0,7987016
3,458659 1,203218 0,8805583
3,662109 1,308124 0,9401636
3,66211 1,403492 1,014869
4,882813 1,521111 1,096725
6,306965 1,751582 1,207194
9,358721 2,037683 1,402695
6,713866 2,320609 1,614889
7,324219 2,717973 1,91768
9,15527 3,25203 2,237161
8,544921 3,66211 2,600351
8,748373 4,073777 2,866585
9,765626 4,514056 3,141561
9,35872 4,655523 3,368854
10,37597 5,151431 3,755092
10,37598 5,660058 4,145304
16,27605 5,903243 4,192194
12,20703 6,23862 4,491012
13,42774 6,465912 4,653133
18,51401 6,829897 4,997254
14,24154 7,365543 5,361238
13,02083 7,511774 5,307993
15,05534 8,039475 5,741915
15,66569 8,317631 5,986691
16,8864 8,697511 6,27359
17,70019 8,935931 6,636779
15,86915 9,210902 6,797313
17,2933 9,48747 7,034938
22,78646 10,52857 7,845561
19,53126 10,66684 8,019604
32,14515 11,39641 8,709432
29,0934 12,23723 9,298328
24,61751 13,0558 9,973847
23,60026 13,81397 10,58181
24,61751 14,87255 11,26607
27,66925 16,24584 12,91514
27,05893 17,59847 14,20577
26,04167 18,64434 15,14196
39,67288 19,83961 16,49141
33,97625 20,78375 17,30045
29,29688 21,78033 18,47029
32,959 23,14409 19,64648
31,33139 23,59232 20,1583
31,12794 24,51897 21,57291
31,53485 25,11978 22,13556
33,56936 25,92406 22,40261
32,75555 26,36273 23,5637
33,56935 26,91746 23,34596
34,58661 27,77577 24,50945
33,16245 27,92676 24,8456
34,58661 28,45288 25,65306
33,97626 28,49261 25,05064
33,7728 28,92972 26,33015
36,82456 29,46378 26,62023
34,99351 29,63384 26,72514
37,84181 30,28234 27,08436
37,02802 30,67811 27,57231
36,62111 31,07389 27,93869
35,80731 31,28529 28,73421
35,40041 31,39815 28,60785
36,82456 32,04346 29,02349
37,63836 32,19606 29,61796
37,23146 33,03688 30,03676
38,45217 33,30868 30,50328
38,65562 33,74419 30,76791
38,45217 33,56299 31,01748
39,26598 34,55641 31,85034
39,26598 34,51348 31,57297
41,91083 34,82978 31,90437
39,67288 35,03325 32,5974
40,48668 35,61657 32,74361
39,87633 35,67696 33,22998
40,28322 35,5816 32,69595
41,70737 36,16653 33,23714
40,69012 36,3048 33,88802
40,69012 36,575 34,11213
39,67287 36,36519 33,6059
41,91082 37,26007 34,34579
42,11427 37,49212 34,82579
42,31772 37,57001 34,90687
44,75912 37,67809 34,96965
43,33497 37,91175 35,34398
44,35222 38,22646 35,15722
42,52117 38,37111 35,62133
42,92807 38,32977 35,10159
44,35221 38,90195 36,30479
42,11427 38,96556 35,93525
43,53842 39,67443 36,37472
44,75912 39,56637 37,02959
45,57291 40,01301 36,98031
44,14877 40,16717 37,34352
45,77637 40,60588 37,59226
44,14877 40,88879 38,41798
45,16602 40,72508 38,27097
47,40397 41,02867 38,96316
46,59017 41,25119 38,66198
45,57292 40,94123 37,95781
47,60741 41,55637 39,20716
45,57291 41,89014 39,45351
49,64191 41,74553 38,82806
45,97982 42,1524 39,65059
46,59017 41,9569 39,07205
45,97982 42,09838 39,38437
45,77637 42,41309 40,05195
46,79362 42,28434 39,74359
46,18327 42,57837 39,8167
48,01432 42,85494 39,5465
47,20052 42,5593 40,20771
47,60741 42,67693 40,12823
46,38672 42,92011 40,10043
47,40397 43,0584 40,55818
48,01432 43,01864 40,19894
47,60742 42,9058 40,32292
46,79361 43,30952 41,19793
49,23502 43,12196 40,78865
47,20052 43,47484 40,63688
48,21777 43,24277 40,54864
48,62467 43,46052 41,1264
47,81086 43,4812 40,60668
48,01432 43,45895 40,7243
47,81087 43,71484 40,99765
48,21777 43,80386 41,10971
48,62467 43,8738 41,50074
47,40396 43,87698 41,5182
48,82812 44,17419 41,64854
49,23502 44,32518 41,17329
48,62467 44,4301 41,86709
48,42122 44,33312 42,15477
49,84537 44,60017 41,31316
49,64193 44,90216 41,87107
49,84538 44,83859 42,35666
50,65916 45,15014 42,55455
48,82812 45,18509 42,35109
49,23502 45,31702 42,84781
51,26952 45,55383 43,12356
50,65916 45,46005 43,09177
49,03158 45,47118 42,2398
50,04882 45,72551 43,03615
50,04882 45,96234 43,25312
51,47297 46,16579 43,65285
50,86261 46,23095 43,70054
51,06607 46,11492 42,65548
50,25227 46,09742 43,59561
50,65918 46,23572 43,19034
49,43846 46,53295 44,05181
50,65917 46,33426 43,13946
51,87986 46,39467 43,63775
51,87988 46,75229 44,18691
51,26952 46,72688 44,18533
51,87986 46,88582 43,90002
49,64191 46,6601 44,42374
51,47297 46,41374 43,32226
49,84537 46,68395 44,44044
50,86261 46,83495 43,68386
50,86262 46,64421 44,26003
51,87988 46,90011 44,46748
50,25227 46,77931 44,25763
53,10058 47,54386 44,8219
51,67641 46,9319 43,89524
51,87986 47,2482 45,02458
50,25227 47,42622 44,43408
51,26952 47,49138 45,11752
50,65917 47,65193 44,34903
51,06607 47,36903 44,40071
52,08332 47,63444 44,31405
52,49023 47,76636 45,23356
52,28677 47,79814 44,61924
52,08331 47,35629 44,39989
51,87986 47,61377 44,84891
51,67643 47,97143 45,46167
