1,017253 0,4116694 0,3043815
0,8138021 0,4323326 0,3147132
0,8138021 0,4371011 0,3194818
0,8138021 0,4561747 0,3290187
0,8138021 0,4545852 0,3393505
0,8138021 0,4514063 0,3520659
1,017253 0,4800167 0,3695498
0,8138021 0,467301 0,3592184
0,8138021 0,4545852 0,3457083
1,220703 0,4863746 0,3711393
1,017253 0,4736588 0,374318
1,017253 0,4847851 0,3774969
1,017253 0,4768378 0,3767021
0,8138021 0,5118058 0,4100802
1,017253 0,491143 0,3949806
0,8138021 0,4959114 0,3965701
1,017253 0,5118058 0,4069014
1,017253 0,5070375 0,3973649
1,017253 0,5356473 0,4235904
1,017253 0,5515417 0,4394847
1,220703 0,5578994 0,4490212
1,017253 0,5356473 0,4307427
1,017253 0,5292896 0,4259745
1,017253 0,5658466 0,4498159
1,017253 0,5706149 0,4529948
1,220703 0,5769726 0,4657102
1,220703 0,5865092 0,4672996
1,220703 0,592867 0,4704785
1,220703 0,5769727 0,4601472
1,017253 0,5960459 0,4720679
1,017253 0,6167091 0,4911413
1,627604 0,6707508 0,5189562
1,220703 0,6977718 0,538825
1,220703 0,6532667 0,5094198
1,220703 0,6993612 0,5531307
1,424154 0,691414 0,5420042
1,424154 0,7486341 0,5984313
2,237956 0,8138019 0,6413472
2,441406 0,9187073 0,7152572
3,051758 0,9886435 0,7470465
2,848307 1,13964 0,8455913
13,42774 1,360575 0,9878472
17,2933 1,645089 1,191299
14,85189 2,471607 1,694362
26,85546 3,410975 2,321403
42,92803 5,3517 3,52621
56,96613 7,363954 4,940826
53,1006 10,03742 6,802081
71,20771 13,87278 9,373826
68,76634 17,65569 12,00676
84,83887 20,32916 14,11438
65,71456 24,97515 17,2027
72,02151 29,42562 20,45869
93,99415 36,14426 24,64137
100,7081 43,97076 30,40474
115,153 51,6971 37,03832
95,82523 56,46391 42,34394
105,3872 60,87148 47,46995
114,3389 71,48427 54,72979
131,225 73,6984 56,82153
148,5181 79,87025 61,98168
119,8322 82,02238 65,95454
147,7043 92,24251 73,17857
155,6389 92,13285 73,01805
157,063 101,0147 82,41496
175,7812 109,1113 89,5325
183,3088 114,3422 94,3708
168,8639 121,3675 99,19715
177,612 127,6934 107,2461
192,2609 134,4756 115,8354
192,0574 141,0844 122,4721
188,1917 143,8119 125,4689
192,2609 149,1207 130,9613
192,4643 152,0452 135,5587
192,4643 153,1801 139,4831
192,0574 158,3077 142,0198
192,4643 161,9333 144,8014
192,2609 162,3751 146,2605
192,2609 167,158 149,8559
192,2609 162,9935 146,4648
192,2609 160,0831 145,2503
192,2609 165,9912 150,0219
192,0574 163,0697 147,1124
192,4643 164,3508 147,3755
192,2609 169,7757 152,9815
192,4643 168,0321 150,509
192,4643 166,8702 149,1184
192,4643 168,0003 150,7841
192,2609 168,8571 151,8467
192,4643 169,45 151,2641
192,2609 173,7559 155,295
192,4643 169,6375 152,5015
192,4643 169,9586 152,0342
192,2609 173,0295 153,5966
192,4643 169,7154 150,8262
192,4643 173,9005 155,0781
192,2609 172,9325 154,2222
192,4643 173,4508 154,5179
192,4643 170,3258 152,3378
192,4643 173,8639 155,9689
192,4643 172,1966 154,1927
192,2609 174,433 157,7952
192,2609 173,6669 155,7997
192,4643 177,1415 156,8479
192,0574 174,7636 156,9894
192,4643 175,8286 156,7431
192,4643 175,6426 155,764
192,4643 175,1801 156,1319
192,4643 177,0001 157,8215
192,4643 177,0096 157,2637
192,4643 177,1845 159,9553
192,4643 178,197 159,0907
192,4643 176,3594 157,0196
192,4643 175,4169 154,4527
192,4643 175,5027 155,1695
192,4643 177,3657 157,5362
192,4643 178,3145 158,6114
192,4643 180,2729 160,7454
192,4643 177,1876 156,7462
192,4643 177,221 157,2604
192,4643 177,8902 158,4868
192,4643 178,0682 160,1834
192,4643 177,5278 158,8061
192,4643 177,887 158,1148
192,4643 175,5838 155,8187
192,4643 175,7888 154,885
192,4643 176,1051 157,2168
192,4643 178,8788 159,2044
192,4643 177,976 158,2157
192,4643 176,9778 156,4784
192,4643 178,7676 157,5926
192,4643 176,946 156,0318
192,4643 175,5632 155,1163
192,4643 180,6448 159,3228
192,4643 180,5605 158,7633
192,4643 180,3333 158,4312
192,4643 178,3765 158,4175
192,4643 179,4177 158,3699
192,4643 178,8948 157,4941
192,4643 176,3007 156,5594
192,4643 180,9389 158,7141
192,4643 180,7895 159,9213
192,4643 180,7815 159,8696
192,4643 178,7374 158,8227
192,4643 181,6064 160,5586
192,4643 179,1189 157,5346
192,4643 180,1441 160,7168
192,4643 181,2552 160,5538
192,4643 179,8341 159,5453
192,4643 179,6657 158,9128
192,4643 181,724 160,1811
192,4643 177,7901 157,7157
192,2609 178,6929 157,7635
