0,6103516 0,1382828 0,06914139
0,3051758 0,1001358 0,0500679
0,6103516 0,1168251 0,05841255
0,6103516 0,1144409 0,05722046
0,3051758 0,09536743 0,04768372
0,3051758 0,10252 0,05125999
0,3051758 0,09536743 0,04768372
0,6103516 0,1239777 0,06198883
0,3051758 0,1168251 0,05841255
0,6103516 0,08106232 0,04053116
0,6103516 0,1192093 0,05960464
0,6103516 0,1001358 0,0500679
0,9155273 0,1120567 0,05602837
0,3051758 0,1263618 0,06318092
0,3051758 0,1144409 0,05722046
0,6103516 0,128746 0,06437302
0,3051758 0,1049042 0,05245209
0,6103516 0,1335144 0,0667572
0,6103516 0,1263618 0,06318092
0,3051758 0,1168251 0,05841255
0,6103516 0,1072884 0,05364418
0,6103516 0,128746 0,06437302
0,6103516 0,1311302 0,06556511
0,6103516 0,1192093 0,05960464
0,3051758 0,1072884 0,05364418
0,6103516 0,1311302 0,06556511
0,6103516 0,1215935 0,06079674
0,6103516 0,10252 0,05125999
0,3051758 0,1358986 0,0679493
0,3051758 0,1096725 0,05483627
0,6103516 0,1263618 0,06318092
0,6103516 0,1192093 0,05960464
0,3051758 0,128746 0,06437302
0,6103516 0,1239777 0,06198883
0,3051758 0,10252 0,05125999
0,3051758 0,10252 0,05125999
0,6103516 0,1072884 0,05364418
0,6103516 0,1454353 0,07271767
0,3051758 0,1049042 0,05245209
0,3051758 0,1001358 0,0500679
0,6103516 0,1788139 0,08940697
0,6103516 0,1335144 0,0667572
0,3051758 0,1215935 0,06079674
0,3051758 0,1358986 0,0679493
0,6103516 0,1120567 0,05602837
0,3051758 0,1215935 0,06079674
0,6103516 0,1382828 0,06914139
0,6103516 0,1335144 0,0667572
0,6103516 0,1335144 0,0667572
0,6103516 0,1335144 0,0667572
0,6103516 0,1311302 0,06556511
0,3051758 0,1335144 0,0667572
0,6103516 0,1502037 0,07510185
0,6103516 0,1335144 0,0667572
0,6103516 0,1525879 0,07629395
0,6103516 0,1215935 0,06079674
0,6103516 0,140667 0,07033348
0,6103516 0,1549721 0,07748604
0,6103516 0,1645088 0,08225441
0,6103516 0,1311302 0,06556511
0,6103516 0,1478195 0,07390976
0,6103516 0,1716614 0,08583069
0,3051758 0,1215935 0,06079674
0,6103516 0,140667 0,07033348
0,6103516 0,1454353 0,07271767
0,6103516 0,1597404 0,07987022
0,3051758 0,1478195 0,07390976
0,6103516 0,1335144 0,0667572
0,6103516 0,140667 0,07033348
0,3051758 0,1311302 0,06556511
0,6103516 0,1788139 0,08940697
0,3051758 0,1454353 0,07271767
0,3051758 0,140667 0,07033348
0,6103516 0,1311302 0,06556511
0,3051758 0,1049042 0,05245209
0,6103516 0,1454353 0,07271767
0,6103516 0,1382828 0,06914139
0,6103516 0,1192093 0,05960464
0,6103516 0,1382828 0,06914139
0,6103516 0,140667 0,07033348
0,6103516 0,1430511 0,07152557
0,3051758 0,1239777 0,06198883
0,6103516 0,1525879 0,07629395
0,6103516 0,140667 0,07033348
0,6103516 0,166893 0,0834465
0,6103516 0,1382828 0,06914139
0,6103516 0,1358986 0,0679493
0,3051758 0,1335144 0,0667572
0,6103516 0,1335144 0,0667572
0,3051758 0,1430511 0,07152557
0,6103516 0,1358986 0,0679493
0,6103516 0,128746 0,06437302
0,3051758 0,1573563 0,07867813
0,6103516 0,1621246 0,08106232
0,9155273 0,1549721 0,07748604
0,6103516 0,1502037 0,07510185
0,6103516 0,1597404 0,07987022
0,3051758 0,1263618 0,06318092
0,6103516 0,1692772 0,0846386
0,3051758 0,1335144 0,0667572
0,6103516 0,1382828 0,06914139
0,6103516 0,1525879 0,07629395
0,6103516 0,1335144 0,0667572
0,6103516 0,1549721 0,07748604
0,6103516 0,1621246 0,08106232
0,6103516 0,1335144 0,0667572
0,6103516 0,1525879 0,07629395
0,6103516 0,1549721 0,07748604
0,6103516 0,1478195 0,07390976
0,6103516 0,1740456 0,08702278
0,6103516 0,1382828 0,06914139
0,6103516 0,140667 0,07033348
0,6103516 0,1692772 0,0846386
0,6103516 0,1621246 0,08106232
0,6103516 0,1263618 0,06318092
0,3051758 0,1382828 0,06914139
0,3051758 0,1144409 0,05722046
0,6103516 0,1740456 0,08702278
0,3051758 0,1358986 0,0679493
0,3051758 0,1573563 0,07867813
0,6103516 0,1525879 0,07629395
0,6103516 0,1525879 0,07629395
0,3051758 0,1645088 0,08225441
0,6103516 0,1215935 0,06079674
0,6103516 0,1430511 0,07152557
0,6103516 0,1740456 0,08702278
0,6103516 0,1478195 0,07390976
0,6103516 0,1573563 0,07867813
0,9155273 0,1621246 0,08106232
0,6103516 0,140667 0,07033348
0,6103516 0,166893 0,0834465
0,3051758 0,1192093 0,05960464
0,6103516 0,1478195 0,07390976
0,6103516 0,1764297 0,08821487
0,6103516 0,1525879 0,07629395
0,6103516 0,1311302 0,06556511
0,6103516 0,1549721 0,07748604
0,6103516 0,1597404 0,07987022
0,9155273 0,1430511 0,07152557
0,6103516 0,1358986 0,0679493
0,3051758 0,1263618 0,06318092
0,6103516 0,1382828 0,06914139
0,6103516 0,1430511 0,07152557
0,6103516 0,1764297 0,08821487
0,6103516 0,166893 0,0834465
0,6103516 0,1645088 0,08225441
0,3051758 0,1573563 0,07867813
0,6103516 0,1549721 0,07748604
0,6103516 0,1716614 0,08583069
0,6103516 0,1382828 0,06914139
0,6103516 0,1573563 0,07867813
0,6103516 0,1788139 0,08940697
0,6103516 0,166893 0,0834465
0,9155273 0,166893 0,0834465
0,6103516 0,1430511 0,07152557
0,6103516 0,1358986 0,0679493
0,6103516 0,1716614 0,08583069
0,6103516 0,1597404 0,07987022
0,6103516 0,1716614 0,08583069
0,6103516 0,140667 0,07033348
0,3051758 0,1192093 0,05960464
0,6103516 0,1907349 0,09536743
0,3051758 0,1621246 0,08106232
0,6103516 0,1716614 0,08583069
0,6103516 0,166893 0,0834465
0,6103516 0,1525879 0,07629395
0,3051758 0,1454353 0,07271767
0,6103516 0,193119 0,09655952
0,6103516 0,1740456 0,08702278
0,3051758 0,128746 0,06437302
0,6103516 0,1907349 0,09536743
0,6103516 0,1645088 0,08225441
0,6103516 0,1573563 0,07867813
0,6103516 0,1573563 0,07867813
0,6103516 0,1811981 0,09059906
0,6103516 0,1907349 0,09536743
0,6103516 0,1811981 0,09059906
0,6103516 0,1621246 0,08106232
0,6103516 0,1478195 0,07390976
0,6103516 0,1740456 0,08702278
0,6103516 0,1502037 0,07510185
0,6103516 0,1573563 0,07867813
0,6103516 0,1645088 0,08225441
0,6103516 0,1621246 0,08106232
0,3051758 0,1573563 0,07867813
0,6103516 0,1788139 0,08940697
0,6103516 0,166893 0,0834465
0,6103516 0,1764297 0,08821487
0,3051758 0,1454353 0,07271767
0,6103516 0,1502037 0,07510185
0,6103516 0,1692772 0,0846386
0,6103516 0,1573563 0,07867813
0,6103516 0,1835823 0,09179115
0,6103516 0,1692772 0,0846386
0,6103516 0,1788139 0,08940697
0,6103516 0,1883507 0,09417534
0,6103516 0,1525879 0,07629395
0,6103516 0,1859665 0,09298325
0,6103516 0,1764297 0,08821487
0,6103516 0,1740456 0,08702278
0,6103516 0,1525879 0,07629395
0,6103516 0,2002716 0,1001358
0,6103516 0,1525879 0,07629395
0,3051758 0,1597404 0,07987022
0,6103516 0,1692772 0,0846386
0,6103516 0,1621246 0,08106232
0,3051758 0,1168251 0,05841255
0,6103516 0,1692772 0,0846386
0,6103516 0,1883507 0,09417534
0,6103516 0,2074242 0,1037121
0,6103516 0,1597404 0,07987022
0,6103516 0,1859665 0,09298325
0,3051758 0,1621246 0,08106232
0,6103516 0,1740456 0,08702278
0,6103516 0,1788139 0,08940697
0,6103516 0,2026558 0,1013279
0,6103516 0,1525879 0,07629395
0,6103516 0,1573563 0,07867813
0,6103516 0,1454353 0,07271767
0,6103516 0,166893 0,0834465
0,6103516 0,1811981 0,09059906
0,6103516 0,1811981 0,09059906
0,6103516 0,2026558 0,1013279
0,6103516 0,1740456 0,08702278
0,6103516 0,1716614 0,08583069
0,6103516 0,1621246 0,08106232
0,6103516 0,1478195 0,07390976
0,6103516 0,1764297 0,08821487
0,6103516 0,1859665 0,09298325
0,6103516 0,1621246 0,08106232
0,6103516 0,1811981 0,09059906
0,6103516 0,2264977 0,1132488
0,6103516 0,1811981 0,09059906
0,6103516 0,1740456 0,08702278
0,6103516 0,20504 0,10252
0,6103516 0,1573563 0,07867813
0,6103516 0,1740456 0,08702278
0,6103516 0,1883507 0,09417534
0,6103516 0,1883507 0,09417534
0,6103516 0,1740456 0,08702278
0,6103516 0,1859665 0,09298325
0,6103516 0,1764297 0,08821487
0,6103516 0,2002716 0,1001358
0,6103516 0,2002716 0,1001358
0,6103516 0,2169609 0,1084805
0,6103516 0,1597404 0,07987022
0,6103516 0,1955032 0,09775162
0,6103516 0,2026558 0,1013279
0,6103516 0,2145767 0,1072884
0,6103516 0,1859665 0,09298325
0,6103516 0,1883507 0,09417534
0,3051758 0,1692772 0,0846386
0,6103516 0,1788139 0,08940697
0,6103516 0,1740456 0,08702278
0,6103516 0,1859665 0,09298325
0,6103516 0,1740456 0,08702278
0,6103516 0,1907349 0,09536743
0,6103516 0,2026558 0,1013279
0,6103516 0,1907349 0,09536743
0,6103516 0,1835823 0,09179115
0,3051758 0,1597404 0,07987022
0,3051758 0,1907349 0,09536743
0,6103516 0,193119 0,09655952
0,6103516 0,1764297 0,08821487
0,6103516 0,2121925 0,1060963
0,6103516 0,1716614 0,08583069
0,6103516 0,1692772 0,0846386
0,6103516 0,2074242 0,1037121
0,6103516 0,1525879 0,07629395
0,3051758 0,1740456 0,08702278
0,3051758 0,1955032 0,09775162
0,6103516 0,1859665 0,09298325
0,6103516 0,1597404 0,07987022
0,6103516 0,1716614 0,08583069
0,6103516 0,1716614 0,08583069
0,6103516 0,193119 0,09655952
0,6103516 0,2002716 0,1001358
0,6103516 0,1978874 0,09894371
0,6103516 0,2026558 0,1013279
0,6103516 0,1883507 0,09417534
0,6103516 0,1811981 0,09059906
0,6103516 0,1740456 0,08702278
0,3051758 0,1859665 0,09298325
0,6103516 0,2026558 0,1013279
0,6103516 0,20504 0,10252
0,6103516 0,1955032 0,09775162
0,6103516 0,1645088 0,08225441
0,6103516 0,1859665 0,09298325
0,6103516 0,1883507 0,09417534
0,6103516 0,2074242 0,1037121
0,6103516 0,2002716 0,1001358
0,6103516 0,1883507 0,09417534
0,6103516 0,2336502 0,1168251
0,6103516 0,1811981 0,09059906
0,6103516 0,1740456 0,08702278
0,6103516 0,2193451 0,1096725
0,6103516 0,1835823 0,09179115
0,9155273 0,2026558 0,1013279
0,6103516 0,2002716 0,1001358
0,6103516 0,2336502 0,1168251
0,9155273 0,1978874 0,09894371
0,3051758 0,2098083 0,1049042
0,6103516 0,2288818 0,1144409
0,6103516 0,1764297 0,08821487
0,6103516 0,2217293 0,1108646
0,6103516 0,1740456 0,08702278
0,9155273 0,20504 0,10252
0,6103516 0,1955032 0,09775162
0,6103516 0,2098083 0,1049042
0,6103516 0,1859665 0,09298325
0,6103516 0,2145767 0,1072884
0,3051758 0,1621246 0,08106232
0,9155273 0,2002716 0,1001358
0,6103516 0,2098083 0,1049042
0,6103516 0,1811981 0,09059906
0,6103516 0,2098083 0,1049042
0,6103516 0,2288818 0,1144409
0,6103516 0,20504 0,10252
0,6103516 0,2193451 0,1096725
0,6103516 0,193119 0,09655952
0,6103516 0,2169609 0,1084805
0,6103516 0,231266 0,115633
0,6103516 0,2169609 0,1084805
0,6103516 0,2193451 0,1096725
0,6103516 0,2455711 0,1227856
0,6103516 0,1764297 0,08821487
0,6103516 0,2241135 0,1120567
0,6103516 0,2336502 0,1168251
0,6103516 0,1764297 0,08821487
0,6103516 0,2145767 0,1072884
0,6103516 0,2384186 0,1192093
0,9155273 0,20504 0,10252
0,6103516 0,2288818 0,1144409
0,6103516 0,2527237 0,1263618
0,6103516 0,2193451 0,1096725
0,6103516 0,2241135 0,1120567
0,6103516 0,2336502 0,1168251
0,6103516 0,2264977 0,1132488
0,6103516 0,231266 0,115633
0,6103516 0,1835823 0,09179115
0,6103516 0,2074242 0,1037121
0,6103516 0,2145767 0,1072884
0,6103516 0,2574921 0,128746
0,6103516 0,1811981 0,09059906
0,6103516 0,2217293 0,1108646
0,6103516 0,2193451 0,1096725
0,6103516 0,2384186 0,1192093
0,6103516 0,2098083 0,1049042
0,6103516 0,2455711 0,1227856
0,6103516 0,2193451 0,1096725
0,6103516 0,2217293 0,1108646
0,6103516 0,231266 0,115633
0,6103516 0,2169609 0,1084805
0,6103516 0,2074242 0,1037121
0,6103516 0,2384186 0,1192093
0,6103516 0,2241135 0,1120567
0,6103516 0,2074242 0,1037121
0,6103516 0,2336502 0,1168251
0,6103516 0,2479553 0,1239777
0,6103516 0,2288818 0,1144409
0,6103516 0,2098083 0,1049042
0,6103516 0,2241135 0,1120567
0,6103516 0,2121925 0,1060963
0,6103516 0,2574921 0,128746
0,6103516 0,2479553 0,1239777
0,3051758 0,2145767 0,1072884
0,6103516 0,2861023 0,1430511
0,6103516 0,2384186 0,1192093
0,6103516 0,2217293 0,1108646
0,9155273 0,2741814 0,1370907
0,6103516 0,2121925 0,1060963
0,6103516 0,2527237 0,1263618
0,9155273 0,2121925 0,1060963
0,6103516 0,2455711 0,1227856
0,9155273 0,243187 0,1215935
0,6103516 0,2408028 0,1204014
0,6103516 0,2264977 0,1132488
0,6103516 0,231266 0,115633
0,6103516 0,231266 0,115633
0,6103516 0,2169609 0,1084805
0,6103516 0,2574921 0,128746
0,6103516 0,2717972 0,1358986
0,6103516 0,231266 0,115633
0,6103516 0,2479553 0,1239777
0,9155273 0,2408028 0,1204014
0,6103516 0,243187 0,1215935
0,6103516 0,2598763 0,1299381
0,6103516 0,231266 0,115633
0,6103516 0,243187 0,1215935
0,6103516 0,2169609 0,1084805
0,6103516 0,2384186 0,1192093
0,9155273 0,2622604 0,1311302
0,6103516 0,2598763 0,1299381
0,6103516 0,2622604 0,1311302
0,6103516 0,2408028 0,1204014
0,6103516 0,2288818 0,1144409
0,6103516 0,2455711 0,1227856
0,6103516 0,2527237 0,1263618
0,6103516 0,2217293 0,1108646
0,6103516 0,2264977 0,1132488
0,6103516 0,2241135 0,1120567
0,6103516 0,2717972 0,1358986
0,6103516 0,2717972 0,1358986
0,6103516 0,231266 0,115633
0,6103516 0,2717972 0,1358986
0,6103516 0,2598763 0,1299381
0,6103516 0,2408028 0,1204014
0,6103516 0,2455711 0,1227856
0,6103516 0,2551079 0,1275539
0,6103516 0,2789497 0,1394749
0,6103516 0,2789497 0,1394749
0,6103516 0,2169609 0,1084805
0,6103516 0,2527237 0,1263618
0,6103516 0,2670288 0,1335144
0,6103516 0,2646446 0,1323223
0,6103516 0,2193451 0,1096725
0,6103516 0,2384186 0,1192093
0,6103516 0,231266 0,115633
0,6103516 0,2574921 0,128746
0,6103516 0,243187 0,1215935
0,6103516 0,2741814 0,1370907
0,6103516 0,2741814 0,1370907
0,6103516 0,2622604 0,1311302
0,6103516 0,2455711 0,1227856
0,6103516 0,2479553 0,1239777
0,6103516 0,2574921 0,128746
0,6103516 0,2789497 0,1394749
0,9155273 0,2336502 0,1168251
0,6103516 0,2884865 0,1442432
0,6103516 0,2622604 0,1311302
0,6103516 0,2503395 0,1251698
0,9155273 0,2717972 0,1358986
0,6103516 0,2765656 0,1382828
0,3051758 0,2408028 0,1204014
0,6103516 0,2908707 0,1454353
0,6103516 0,269413 0,1347065
0,9155273 0,2670288 0,1335144
0,6103516 0,269413 0,1347065
0,6103516 0,30756 0,15378
0,6103516 0,2670288 0,1335144
0,9155273 0,2717972 0,1358986
0,6103516 0,2765656 0,1382828
0,6103516 0,3099442 0,1549721
0,6103516 0,2479553 0,1239777
0,9155273 0,2717972 0,1358986
0,6103516 0,2717972 0,1358986
0,6103516 0,243187 0,1215935
0,6103516 0,2646446 0,1323223
0,6103516 0,2741814 0,1370907
0,6103516 0,2288818 0,1144409
0,6103516 0,2884865 0,1442432
0,6103516 0,2670288 0,1335144
0,6103516 0,2646446 0,1323223
0,6103516 0,2908707 0,1454353
0,6103516 0,269413 0,1347065
0,6103516 0,2765656 0,1382828
0,6103516 0,269413 0,1347065
0,6103516 0,2717972 0,1358986
0,6103516 0,2980232 0,1490116
0,6103516 0,2598763 0,1299381
0,9155273 0,2932549 0,1466274
0,6103516 0,2813339 0,140667
0,6103516 0,2717972 0,1358986
0,6103516 0,2932549 0,1466274
0,6103516 0,3004074 0,1502037
0,6103516 0,2861023 0,1430511
0,6103516 0,2980232 0,1490116
0,6103516 0,2789497 0,1394749
0,6103516 0,3170967 0,1585484
0,6103516 0,269413 0,1347065
0,6103516 0,2408028 0,1204014
0,6103516 0,2837181 0,1418591
0,6103516 0,3051758 0,1525879
0,6103516 0,295639 0,1478195
0,6103516 0,2884865 0,1442432
0,9155273 0,2765656 0,1382828
0,6103516 0,3051758 0,1525879
0,6103516 0,2574921 0,128746
0,6103516 0,269413 0,1347065
0,6103516 0,2551079 0,1275539
0,6103516 0,3051758 0,1525879
0,9155273 0,2837181 0,1418591
0,6103516 0,2741814 0,1370907
0,6103516 0,2765656 0,1382828
0,6103516 0,2789497 0,1394749
0,9155273 0,2598763 0,1299381
0,6103516 0,3194809 0,1621246
0,6103516 0,2813339 0,140667
0,6103516 0,2622604 0,1311302
0,6103516 0,2980232 0,1490116
0,6103516 0,2861023 0,1430511
0,6103516 0,295639 0,1478195
0,6103516 0,2717972 0,1358986
0,6103516 0,2813339 0,140667
0,6103516 0,2551079 0,1275539
0,6103516 0,2813339 0,140667
0,6103516 0,295639 0,1478195
0,6103516 0,2813339 0,140667
0,6103516 0,2646446 0,1323223
0,6103516 0,2980232 0,1490116
0,6103516 0,2861023 0,1430511
0,6103516 0,2932549 0,1466274
0,6103516 0,3027916 0,1513958
0,6103516 0,269413 0,1347065
0,6103516 0,2861023 0,1430511
0,6103516 0,3027916 0,1513958
0,6103516 0,3147125 0,1621246
0,6103516 0,2908707 0,1454353
0,6103516 0,2837181 0,1418591
0,9155273 0,243187 0,1215935
0,9155273 0,2980232 0,1490116
0,6103516 0,2884865 0,1442432
0,6103516 0,3147125 0,1573563
0,6103516 0,269413 0,1347065
0,6103516 0,3266335 0,1645088
0,6103516 0,3004074 0,1502037
0,6103516 0,2980232 0,1490116
0,6103516 0,2884865 0,1442432
0,6103516 0,30756 0,15378
0,6103516 0,2741814 0,1370907
0,6103516 0,3194809 0,1692772
0,6103516 0,2908707 0,1454353
0,6103516 0,2884865 0,1442432
0,6103516 0,295639 0,1478195
0,6103516 0,2861023 0,1430511
0,6103516 0,3099442 0,1549721
0,9155273 0,3147125 0,1573563
0,6103516 0,3218651 0,1609325
0,6103516 0,3004074 0,1502037
0,6103516 0,2932549 0,1466274
0,6103516 0,2861023 0,1430511
0,6103516 0,3314018 0,1692772
0,6103516 0,3218651 0,1609325
0,6103516 0,3027916 0,1513958
0,6103516 0,3194809 0,1657009
0,6103516 0,2789497 0,1394749
0,6103516 0,3099442 0,1549721
0,6103516 0,2884865 0,1442432
0,6103516 0,3218651 0,1609325
0,6103516 0,30756 0,15378
0,9155273 0,3099442 0,1549721
0,6103516 0,2789497 0,1394749
0,6103516 0,3218651 0,166893
0,6103516 0,2932549 0,1466274
0,6103516 0,30756 0,15378
0,6103516 0,2837181 0,1418591
0,6103516 0,3123283 0,1609325
0,6103516 0,2717972 0,1358986
0,6103516 0,2813339 0,140667
0,6103516 0,3242493 0,1633167
0,6103516 0,3027916 0,1513958
0,6103516 0,2980232 0,1490116
0,6103516 0,2908707 0,1454353
0,6103516 0,2980232 0,1490116
0,6103516 0,2861023 0,1430511
0,6103516 0,3242493 0,1621246
0,6103516 0,295639 0,1478195
0,6103516 0,3147125 0,1740456
0,6103516 0,3123283 0,1561642
0,9155273 0,3242493 0,1645088
0,6103516 0,2789497 0,1394749
0,6103516 0,2789497 0,1394749
0,6103516 0,3099442 0,1549721
0,6103516 0,3170967 0,1585484
0,6103516 0,269413 0,1347065
0,6103516 0,3004074 0,1502037
0,6103516 0,30756 0,15378
0,6103516 0,2670288 0,1335144
0,6103516 0,2789497 0,1394749
0,6103516 0,2861023 0,1430511
0,6103516 0,30756 0,15378
0,6103516 0,30756 0,15378
0,6103516 0,2837181 0,1418591
0,6103516 0,3170967 0,1585484
0,6103516 0,2861023 0,1430511
0,6103516 0,2884865 0,1442432
0,6103516 0,3123283 0,1609325
0,6103516 0,3242493 0,1716614
0,6103516 0,3027916 0,1513958
0,6103516 0,3194809 0,1728535
0,6103516 0,2908707 0,1454353
0,6103516 0,30756 0,15378
0,6103516 0,3051758 0,1525879
0,6103516 0,2837181 0,1418591
0,6103516 0,2837181 0,1418591
0,6103516 0,269413 0,1347065
0,6103516 0,3099442 0,1549721
0,6103516 0,3051758 0,1525879
0,6103516 0,3147125 0,1573563
0,6103516 0,3266335 0,1680851
0,6103516 0,3170967 0,1585484
0,6103516 0,3194809 0,1692772
0,6103516 0,2932549 0,1466274
0,6103516 0,2932549 0,1466274
0,9155273 0,3266335 0,1692772
0,6103516 0,30756 0,15378
0,6103516 0,3099442 0,166893
0,6103516 0,3242493 0,1621246
0,6103516 0,3194809 0,1597404
0,9155273 0,3194809 0,1645088
0,9155273 0,3194809 0,1597404
0,9155273 0,3194809 0,166893
0,9155273 0,3266335 0,1704693
0,6103516 0,3027916 0,1513958
0,6103516 0,3218651 0,1609325
0,6103516 0,3218651 0,1609325
0,6103516 0,3027916 0,1513958
0,6103516 0,3242493 0,1704693
0,6103516 0,2932549 0,1466274
0,6103516 0,295639 0,1478195
0,6103516 0,3027916 0,1513958
0,6103516 0,30756 0,15378
0,6103516 0,2932549 0,1466274
0,6103516 0,3194809 0,1704693
0,6103516 0,30756 0,15378
0,6103516 0,295639 0,1478195
0,6103516 0,2908707 0,1454353
0,6103516 0,3194809 0,1633167
0,6103516 0,2908707 0,1454353
0,6103516 0,3266335 0,1633167
0,6103516 0,30756 0,1549721
0,6103516 0,3170967 0,1645088
0,6103516 0,3099442 0,1585484
0,6103516 0,3123283 0,1561642
0,9155273 0,3242493 0,1788139
0,6103516 0,30756 0,15378
0,6103516 0,3218651 0,1645088
0,6103516 0,3194809 0,1609325
0,6103516 0,30756 0,15378
0,6103516 0,3123283 0,1561642
0,6103516 0,3242493 0,1728535
0,6103516 0,295639 0,1478195
0,6103516 0,3123283 0,1621246
0,6103516 0,30756 0,15378
0,6103516 0,3147125 0,1573563
0,6103516 0,3170967 0,1716614
0,6103516 0,3266335 0,1728535
0,9155273 0,3218651 0,166893
0,6103516 0,2861023 0,1430511
0,9155273 0,3266335 0,1680851
0,9155273 0,30756 0,15378
0,6103516 0,3218651 0,1645088
0,6103516 0,3194809 0,1633167
0,6103516 0,3147125 0,1621246
0,6103516 0,2980232 0,1490116
0,6103516 0,3170967 0,1633167
0,6103516 0,3314018 0,1764297
0,6103516 0,3218651 0,1609325
0,6103516 0,3123283 0,1561642
0,6103516 0,3123283 0,1561642
0,6103516 0,30756 0,15378
0,6103516 0,3242493 0,1645088
0,9155273 0,3266335 0,1716614
0,6103516 0,3218651 0,1716614
0,6103516 0,3170967 0,1609325
0,6103516 0,3218651 0,1907349
0,6103516 0,3266335 0,1835823
0,6103516 0,3266335 0,1716614
0,6103516 0,3147125 0,1597404
0,9155273 0,3218651 0,1609325
0,6103516 0,3147125 0,1704693
0,3051758 0,3051758 0,1525879
0,6103516 0,3266335 0,1776218
0,6103516 0,3242493 0,1692772
0,6103516 0,3147125 0,1680851
0,9155273 0,3194809 0,1621246
0,6103516 0,3123283 0,166893
0,6103516 0,3123283 0,1633167
0,6103516 0,3099442 0,1549721
0,6103516 0,3123283 0,1573563
0,6103516 0,3123283 0,1692772
0,6103516 0,3314018 0,1835823
0,6103516 0,3314018 0,1764297
0,6103516 0,3218651 0,1740456
0,6103516 0,3147125 0,1573563
0,6103516 0,3314018 0,1859665
0,6103516 0,3242493 0,1776218
0,6103516 0,3266335 0,166893
0,6103516 0,3147125 0,1657009
0,6103516 0,3194809 0,1704693
0,6103516 0,3099442 0,1549721
0,6103516 0,3218651 0,1728535
0,9155273 0,3290176 0,1776218
0,6103516 0,3218651 0,1752377
0,9155273 0,3290176 0,1788139
0,6103516 0,3266335 0,191927
0,9155273 0,3218651 0,1788139
0,6103516 0,3242493 0,1752377
0,6103516 0,3290176 0,1943111
0,9155273 0,3218651 0,1728535
0,6103516 0,3123283 0,193119
0,6103516 0,3290176 0,1871586
0,6103516 0,3242493 0,1633167
0,9155273 0,3242493 0,1835823
0,6103516 0,3242493 0,180006
0,6103516 0,3194809 0,1907349
0,6103516 0,3123283 0,1752377
0,6103516 0,3266335 0,1847744
0,6103516 0,333786 0,1895428
0,6103516 0,3242493 0,1740456
0,6103516 0,333786 0,191927
0,6103516 0,3361702 0,193119
0,9155273 0,3218651 0,1788139
0,6103516 0,3266335 0,191927
0,6103516 0,3242493 0,1788139
0,6103516 0,3242493 0,180006
0,6103516 0,3385544 0,1823902
0,9155273 0,3290176 0,2002716
0,6103516 0,3314018 0,2074242
0,6103516 0,3314018 0,2026558
0,6103516 0,3266335 0,2002716
0,6103516 0,3147125 0,1788139
0,9155273 0,3361702 0,2014637
0,6103516 0,3290176 0,1907349
0,9155273 0,3361702 0,2062321
0,6103516 0,3266335 0,1966953
0,6103516 0,3242493 0,1859665
0,6103516 0,3290176 0,2038479
0,9155273 0,3242493 0,2002716
0,9155273 0,3385544 0,2086163
0,9155273 0,3457069 0,1895428
0,6103516 0,3242493 0,1943111
0,6103516 0,3194809 0,1692772
0,6103516 0,3290176 0,2014637
0,9155273 0,3314018 0,2002716
0,6103516 0,3266335 0,2014637
0,6103516 0,3385544 0,2074242
0,6103516 0,3385544 0,1943111
0,6103516 0,3314018 0,2026558
0,6103516 0,3266335 0,2157688
0,9155273 0,3314018 0,1776218
0,6103516 0,3290176 0,2217293
0,6103516 0,3314018 0,2133846
0,6103516 0,333786 0,2110004
0,6103516 0,3314018 0,2217293
0,6103516 0,3242493 0,2026558
0,9155273 0,3457069 0,2193451
0,9155273 0,3314018 0,2002716
0,6103516 0,3361702 0,218153
0,6103516 0,3385544 0,20504
0,6103516 0,3314018 0,1955032
0,6103516 0,333786 0,2062321
0,9155273 0,3266335 0,2133846
0,6103516 0,3314018 0,2014637
0,6103516 0,3266335 0,2074242
0,6103516 0,3409386 0,2217293
0,6103516 0,3290176 0,2086163
1,220703 0,3314018 0,2038479
0,6103516 0,3361702 0,20504
0,9155273 0,3385544 0,20504
0,6103516 0,3266335 0,1955032
0,6103516 0,3290176 0,1990795
0,9155273 0,3290176 0,2038479
0,6103516 0,3194809 0,2002716
0,6103516 0,3290176 0,2121925
0,6103516 0,3218651 0,2193451
0,6103516 0,3290176 0,231266
0,6103516 0,333786 0,2002716
0,6103516 0,3385544 0,2098083
0,6103516 0,3361702 0,2133846
0,6103516 0,333786 0,2193451
0,6103516 0,333786 0,2026558
0,9155273 0,3457069 0,2169609
0,9155273 0,3361702 0,2110004
0,6103516 0,3314018 0,2145767
0,6103516 0,3457069 0,231266
0,6103516 0,333786 0,2145767
0,6103516 0,333786 0,2157688
0,9155273 0,3409386 0,2253056
0,6103516 0,3290176 0,2229214
0,6103516 0,3528595 0,2169609
0,9155273 0,3385544 0,231266
0,6103516 0,333786 0,2086163
0,6103516 0,3290176 0,2121925
0,6103516 0,3314018 0,2074242
1,220703 0,3743172 0,2336502
0,6103516 0,3290176 0,2086163
0,6103516 0,3409386 0,2133846
0,6103516 0,3266335 0,2074242
0,9155273 0,3504753 0,2253056
0,9155273 0,3385544 0,2145767
0,6103516 0,3266335 0,2133846
0,9155273 0,3433228 0,2145767
0,6103516 0,3314018 0,2217293
0,6103516 0,3385544 0,2217293
0,6103516 0,3361702 0,2014637
0,6103516 0,333786 0,2241135
0,9155273 0,3552437 0,2324581
0,6103516 0,3361702 0,2145767
0,6103516 0,3242493 0,218153
0,6103516 0,3242493 0,2133846
0,6103516 0,3266335 0,2205372
0,9155273 0,3576279 0,2253056
0,9155273 0,3457069 0,2336502
0,6103516 0,3433228 0,2300739
0,6103516 0,3361702 0,2348423
0,9155273 0,3361702 0,2372265
0,6103516 0,3433228 0,2408028
0,6103516 0,3361702 0,2217293
0,6103516 0,3314018 0,2145767
0,6103516 0,3433228 0,2360344
0,6103516 0,3504753 0,2288818
0,6103516 0,3480911 0,2276897
0,6103516 0,3385544 0,2336502
0,9155273 0,3600121 0,2372265
0,6103516 0,3504753 0,2527237
0,6103516 0,3290176 0,2241135
0,9155273 0,3457069 0,2384186
0,6103516 0,3385544 0,2288818
0,9155273 0,3266335 0,2157688
0,6103516 0,3385544 0,2205372
0,6103516 0,3433228 0,2372265
0,9155273 0,3504753 0,2348423
0,6103516 0,3409386 0,2408028
0,9155273 0,3552437 0,243187
0,6103516 0,3409386 0,2372265
0,6103516 0,3385544 0,2467632
0,6103516 0,3361702 0,2419949
0,9155273 0,3361702 0,2276897
0,9155273 0,3457069 0,244379
0,9155273 0,3528595 0,2360344
0,9155273 0,3671646 0,2634525
0,9155273 0,3695488 0,2598763
0,9155273 0,3266335 0,2288818
0,9155273 0,3743172 0,2598763
0,6103516 0,3409386 0,2539158
0,9155273 0,3504753 0,2396107
0,6103516 0,3552437 0,2563
0,9155273 0,3504753 0,2515316
0,6103516 0,3385544 0,2419949
0,6103516 0,3504753 0,2348423
0,9155273 0,3600121 0,2634525
0,9155273 0,3504753 0,244379
0,6103516 0,3385544 0,2276897
0,9155273 0,3671646 0,2658367
0,6103516 0,3409386 0,2419949
0,9155273 0,3528595 0,2563
0,6103516 0,3457069 0,2527237
0,9155273 0,3480911 0,2479553
0,9155273 0,3361702 0,2264977
0,9155273 0,3528595 0,2574921
0,9155273 0,3552437 0,244379
0,9155273 0,3623962 0,2634525
0,9155273 0,3576279 0,2551079
0,9155273 0,3528595 0,2610683
0,9155273 0,3743172 0,2610683
0,6103516 0,3504753 0,2563
0,9155273 0,3838539 0,2765656
0,9155273 0,3504753 0,2515316
0,6103516 0,3552437 0,2622604
0,6103516 0,3433228 0,2479553
0,9155273 0,3790855 0,2741814
0,6103516 0,3361702 0,2455711
0,9155273 0,3647804 0,2729893
0,6103516 0,3385544 0,2491474
0,6103516 0,3552437 0,2455711
0,9155273 0,3552437 0,2598763
0,6103516 0,3504753 0,2551079
0,9155273 0,3409386 0,2539158
0,6103516 0,3457069 0,2491474
0,9155273 0,3576279 0,2598763
0,9155273 0,3457069 0,2658367
0,6103516 0,333786 0,2563
1,220703 0,3767014 0,2777576
0,9155273 0,371933 0,282526
0,9155273 0,3623962 0,2646446
0,6103516 0,333786 0,2467632
1,220703 0,3790855 0,2920628
0,9155273 0,3457069 0,2551079
0,6103516 0,3504753 0,2670288
0,9155273 0,3623962 0,2670288
0,9155273 0,3838539 0,2765656
0,9155273 0,3480911 0,2658367
0,9155273 0,3480911 0,2491474
0,9155273 0,3552437 0,2753735
0,6103516 0,3814697 0,2837181
0,9155273 0,371933 0,2741814
0,6103516 0,3480911 0,2598763
0,6103516 0,3623962 0,2515316
0,9155273 0,398159 0,2932549
0,9155273 0,371933 0,2884865
0,9155273 0,3433228 0,2563
0,9155273 0,371933 0,2789497
0,9155273 0,3790855 0,2717972
0,9155273 0,3552437 0,2574921
0,9155273 0,3743172 0,2765656
0,9155273 0,3600121 0,2872944
0,6103516 0,3623962 0,2682209
0,9155273 0,3600121 0,2527237
0,6103516 0,3623962 0,282526
0,9155273 0,3623962 0,2801418
0,9155273 0,3910065 0,2837181
0,9155273 0,3910065 0,2920628
0,9155273 0,3576279 0,2753735
0,9155273 0,3671646 0,2706051
0,9155273 0,3504753 0,269413
0,9155273 0,3790855 0,2980232
0,9155273 0,3838539 0,2932549
0,9155273 0,3647804 0,2729893
0,6103516 0,3457069 0,2658367
0,9155273 0,3647804 0,2658367
0,6103516 0,3767014 0,2813339
0,6103516 0,3647804 0,2813339
0,9155273 0,3695488 0,282526
0,9155273 0,3528595 0,2729893
0,6103516 0,371933 0,2777576
0,9155273 0,3647804 0,2765656
0,9155273 0,3480911 0,2753735
0,6103516 0,3743172 0,2861023
0,9155273 0,3480911 0,2563
0,9155273 0,3743172 0,2980232
0,9155273 0,3576279 0,2682209
0,9155273 0,3957748 0,2932549
0,9155273 0,3671646 0,2777576
0,9155273 0,3504753 0,2634525
0,9155273 0,371933 0,2717972
0,9155273 0,3647804 0,2801418
0,9155273 0,3862381 0,2777576
0,9155273 0,3910065 0,2932549
0,6103516 0,3600121 0,2789497
0,6103516 0,3623962 0,2849102
0,9155273 0,3814697 0,2801418
0,9155273 0,3623962 0,2872944
0,9155273 0,3695488 0,2968311
0,9155273 0,3767014 0,2908707
0,6103516 0,3623962 0,2837181
0,6103516 0,3528595 0,2682209
0,9155273 0,3647804 0,2908707
0,9155273 0,3862381 0,2968311
0,9155273 0,3814697 0,2944469
0,9155273 0,3838539 0,2980232
0,9155273 0,3457069 0,2539158
0,6103516 0,3671646 0,2861023
0,9155273 0,3767014 0,2884865
0,6103516 0,3767014 0,2884865
0,9155273 0,3838539 0,2980232
0,6103516 0,371933 0,2813339
0,9155273 0,398159 0,295639
0,6103516 0,3623962 0,2849102
0,9155273 0,3671646 0,3004074
0,9155273 0,3886223 0,3027916
0,9155273 0,3862381 0,3004074
0,9155273 0,4076958 0,30756
0,9155273 0,3910065 0,3051758
0,9155273 0,3862381 0,2932549
0,9155273 0,3671646 0,2944469
0,6103516 0,3695488 0,2920628
0,6103516 0,3790855 0,2932549
0,9155273 0,3838539 0,295639
0,9155273 0,3886223 0,2968311
0,6103516 0,3838539 0,2968311
0,9155273 0,3814697 0,2920628
0,6103516 0,3600121 0,2837181
0,6103516 0,3695488 0,2884865
0,9155273 0,3814697 0,295639
0,6103516 0,3623962 0,2872944
0,9155273 0,4005432 0,3135204
0,9155273 0,3552437 0,2646446
0,6103516 0,3767014 0,3015995
0,9155273 0,3862381 0,2968311
0,9155273 0,371933 0,2920628
0,9155273 0,3910065 0,2980232
0,9155273 0,371933 0,2765656
0,9155273 0,3767014 0,2968311
0,9155273 0,3623962 0,2813339
0,9155273 0,3552437 0,2777576
0,9155273 0,3933907 0,3099442
0,9155273 0,3695488 0,282526
0,9155273 0,3814697 0,3004074
0,6103516 0,3743172 0,3004074
0,9155273 0,398159 0,3039837
1,220703 0,3933907 0,3027916
0,6103516 0,3671646 0,2896786
0,6103516 0,3743172 0,3015995
0,9155273 0,3862381 0,3099442
0,9155273 0,3743172 0,2980232
0,6103516 0,4076958 0,3099442
1,220703 0,3886223 0,2884865
0,9155273 0,3647804 0,3027916
0,9155273 0,3814697 0,2944469
1,220703 0,3743172 0,2861023
0,9155273 0,3957748 0,2944469
0,6103516 0,3957748 0,3111362
0,9155273 0,3767014 0,2896786
0,9155273 0,3767014 0,2861023
0,9155273 0,3814697 0,320673
0,9155273 0,3910065 0,3063679
0,9155273 0,3767014 0,2944469
0,9155273 0,3910065 0,2932549
0,9155273 0,4029274 0,3230572
0,9155273 0,4029274 0,3099442
0,9155273 0,3790855 0,2944469
0,9155273 0,3933907 0,30756
0,9155273 0,3743172 0,3099442
0,9155273 0,371933 0,3063679
0,6103516 0,3767014 0,3027916
0,9155273 0,4029274 0,3111362
0,6103516 0,3886223 0,3111362
0,9155273 0,4053116 0,3266335
0,6103516 0,3957748 0,30756
0,9155273 0,371933 0,2932549
