1,017253 0,4291537 0,3131237
0,8138021 0,4402801 0,3210713
0,6103516 0,4498168 0,3329925
0,8138021 0,464122 0,3536554
1,017253 0,467301 0,3592184
0,8138021 0,4752483 0,3679603
0,8138021 0,4720694 0,3790862
1,017253 0,4768378 0,374318
1,017253 0,5133952 0,4053119
1,424154 0,5261108 0,4156432
1,220703 0,5801516 0,4522002
1,220703 0,5880989 0,4577632
1,220703 0,6055825 0,4816045
1,220703 0,6516771 0,5086251
1,424154 0,7025402 0,5404146
1,627604 0,7295608 0,5642569
2,034505 0,8010861 0,6230682
1,627604 0,82016 0,6429365
1,424154 0,9075812 0,7025415
1,627604 0,953676 0,7311518
2,034505 1,001359 0,7518142
1,831055 0,9950012 0,7565823
2,237956 1,088777 0,8145957
2,034505 1,196861 0,8940686
2,441406 1,185734 0,8869157
2,237956 1,219113 0,9012214
2,237956 1,255672 0,9322165
3,051758 1,370113 1,04189
2,644857 1,346272 0,9886427
4,272461 1,382829 1,018842
4,272461 1,49568 1,111827
4,069011 1,541774 1,148385
5,289714 1,637139 1,18812
3,458659 1,716612 1,246133
4,679362 1,904169 1,355807
5,900065 2,090137 1,46548
7,73112 2,245902 1,613299
8,138019 2,655985 1,874765
8,748372 3,040631 2,118746
10,98633 3,368058 2,373853
10,17252 3,716151 2,667109
10,37597 4,124644 2,895197
11,80013 4,572866 3,267128
10,17252 4,822414 3,364086
12,20703 5,21501 3,703434
11,59668 5,706154 3,969671
14,03809 6,410283 4,522007
18,51401 6,877582 4,75327
22,17611 7,662773 5,400181
25,02441 8,276303 5,713302
22,37956 8,68003 6,149611
20,54851 9,353955 6,634391
19,32781 10,08352 6,8752
26,652 11,54423 7,986229
29,5003 12,69659 8,818308
28,2796 14,03491 9,740193
36,21414 15,32078 10,705
29,70375 17,50946 12,83089
37,84174 19,12593 13,79172
40,4866 21,51489 16,68771
39,26589 23,96742 19,01387
40,89351 27,26077 21,63489
43,13148 29,91356 25,58151
42,92803 31,19466 27,39507
44,55564 32,11655 28,21683
41,91077 33,16401 29,48918
46,79362 33,31341 29,55276
45,166 34,34656 30,59466
50,04885 34,73597 31,19865
48,21778 34,95053 31,32738
45,166 35,14921 31,69217
55,74551 36,32064 32,32635
51,47301 36,19666 32,4559
48,01433 35,90261 32,23734
45,166 36,29996 32,66411
49,03159 37,33631 33,55183
47,20052 37,53179 33,3126
52,69373 38,4664 34,37913
52,69373 37,73685 33,8435
50,2523 38,17712 33,92773
49,23504 38,89079 34,74631
54,32135 39,00047 35,20328
51,47301 38,53952 34,94419
52,89717 39,38194 35,47985
52,08338 38,76045 34,67637
54,9317 40,0066 35,75323
51,06611 40,19096 35,75004
46,99707 38,85743 35,26845
65,91811 40,36742 36,20543
51,87992 40,07495 36,28172
56,35587 40,59629 36,40252
54,11789 40,40872 36,91671
51,47301 40,27043 36,63774
51,67647 40,07176 35,80011
55,74551 40,7584 36,79272
55,94896 41,19233 36,60836
62,66288 40,85219 37,19803
55,94896 40,76316 36,80147
51,06611 41,06836 37,10904
57,57658 41,8774 37,63753
51,26957 40,96026 37,04228
59,40765 41,65646 37,52629
62,05252 41,28931 37,54536
59,6111 41,71368 37,86642
52,69373 41,63739 37,58033
54,5248 41,68826 37,6415
55,3386 41,81221 38,03172
56,55932 42,19531 37,86086
56,76277 41,9235 38,06351
53,50754 42,19847 37,77899
54,9317 41,82494 37,81793
54,72824 42,56087 38,40207
62,45943 42,62285 38,20179
54,5248 41,79156 37,75357
53,71099 42,0729 37,97926
55,13515 42,58788 38,20974
58,18694 43,13785 38,72314
61,84907 43,27615 38,98939
54,11789 42,43372 38,31226
61,03526 42,6165 38,02219
57,98348 43,49231 39,29456
53,71098 42,66259 38,2121
55,54206 43,13784 38,93772
55,74551 42,85333 38,71361
57,78003 43,40171 38,98858
58,39038 43,68783 39,23496
58,18694 43,08858 39,00369
58,59384 42,39717 38,53559
55,54206 43,00912 38,93455
64,08704 43,15852 38,78514
58,59384 43,48119 39,22224
60,83181 43,60835 39,35178
58,18694 43,51298 39,23178
56,55932 43,86426 39,24687
57,16967 43,26183 39,04342
60,83181 44,17737 39,56079
67,13882 43,51773 38,92182
57,57658 43,68145 39,26037
61,03526 43,44621 39,13242
59,00074 43,1474 38,84793
57,37313 43,80861 39,31362
58,79729 43,44937 39,1666
60,018 44,3093 39,32714
57,16967 43,48754 39,50117
58,59384 44,41741 39,93035
59,6111 43,36198 39,09747
60,4249 44,17897 39,9049
53,50754 43,40804 39,17692
57,37313 43,99617 39,57906
57,57658 43,42556 39,02356
62,05252 43,8118 39,22621
62,45943 43,68304 39,43523
56,35587 43,80543 39,405
62,25597 44,10583 39,73563
59,6111 43,10289 38,56817
62,45942 44,384 39,80875
60,42491 44,02002 39,63947
56,35587 44,39195 39,6363
60,62836 44,03114 39,68318
57,57658 45,44896 40,88561
60,01799 44,53024 39,57591
62,05252 43,63855 39,61325
56,96622 43,55748 39,61322
60,83181 44,34587 39,85246
56,76277 44,24891 39,97406
58,18694 44,69395 39,73403
56,35587 44,43169 39,89378
56,35587 44,19327 39,92955
54,72825 43,91829 39,44
57,57658 44,50639 39,86279
58,59384 43,88331 39,32156
