0,8138021 0,4275642 0,3131238
0,8138021 0,4275643 0,3115343
1,017253 0,4593536 0,3425294
0,8138021 0,4402801 0,3266346
0,8138021 0,4307433 0,3139186
0,8138021 0,4593536 0,3401453
1,017253 0,4752483 0,3528608
0,8138021 0,4545852 0,3512712
0,8138021 0,4704799 0,3512714
0,8138021 0,467301 0,3647814
0,8138021 0,4657115 0,3608078
1,017253 0,4704799 0,3584237
1,017253 0,5022692 0,3933913
0,8138021 0,4975009 0,3910071
1,017253 0,5054481 0,4029278
0,8138021 0,5102164 0,4021331
1,017253 0,4959114 0,3925965
1,017253 0,4943219 0,3933912
1,017253 0,4800167 0,3767021
1,017253 0,4990903 0,3973648
1,017253 0,5245213 0,4180274
0,8138021 0,5118058 0,4140538
1,017253 0,4879641 0,3933911
1,220703 0,5308791 0,4243851
0,8138021 0,5006798 0,4053119
1,220703 0,5261108 0,4212062
0,8138021 0,5165741 0,4100802
1,017253 0,5372368 0,4434581
1,017253 0,5261107 0,4212062
1,017253 0,5499523 0,4410741
1,017253 0,5690255 0,4545842
1,017253 0,567436 0,4529948
1,220703 0,5658466 0,4545842
1,424154 0,5483629 0,441074
1,017253 0,5610783 0,4617366
1,017253 0,5960459 0,4736574
1,220703 0,6262457 0,495115
1,220703 0,6389616 0,4998835
1,831055 0,6993611 0,538825
1,627604 0,6961824 0,545978
1,831055 0,7422763 0,5706148
1,627604 0,7867809 0,6119416
2,644857 0,8503598 0,6628049
3,051758 1,02679 0,7605565
10,98633 1,355806 0,9727473
39,06244 1,970928 1,342298
30,721 2,784729 1,861255
40,89353 4,563328 2,901555
42,52112 6,260871 3,991127
43,94529 9,495418 5,950134
68,96988 13,68363 8,723732
89,92512 20,1734 12,8166
106,608 28,80256 18,26445
107,2184 38,66195 25,03872
119,832 46,27068 30,14484
129,801 55,02702 37,3125
155,2319 66,10394 45,44338
141,8043 75,60574 54,23627
171,9152 86,53799 63,60768
178,6293 92,6367 70,36446
139,7698 96,99496 75,69389
175,374 108,3881 83,52193
158,2838 109,7805 87,77294
192,0574 121,0575 95,85443
191,6505 121,7775 97,92392
186,3606 126,336 104,908
192,2609 130,2508 109,9274
192,0574 135,3974 112,6088
192,4643 136,7564 116,6865
192,4643 140,9827 122,004
192,4643 143,9311 124,6965
192,4643 147,3135 126,8137
191,6505 151,5239 131,6201
192,0574 153,5616 133,514
192,2609 154,4185 133,2136
192,4643 157,7849 135,5771
192,4643 160,8446 140,3431
192,2609 159,9767 139,3854
192,4643 167,142 141,8356
192,0574 163,5069 140,9423
192,4643 165,1075 142,2663
192,4643 171,8771 148,0789
192,4643 171,5878 146,6103
192,2609 169,992 147,6753
192,2609 173,1552 148,3087
192,4643 174,9227 149,7225
192,6678 173,1519 149,5349
192,4643 174,1024 150,6571
192,4644 176,3086 151,7586
192,2609 175,2565 150,4363
192,4643 177,7789 153,6183
192,4644 179,475 156,2386
192,4643 175,0212 154,4527
192,4643 180,2077 157,3273
192,4643 179,6561 156,7757
192,6677 179,893 156,6708
192,4643 180,0138 158,0379
192,2609 182,3281 159,5947
192,2609 182,9242 160,5015
192,4643 181,3871 160,457
192,2609 180,5654 157,9807
192,4643 184,3166 163,4595
192,6677 184,4787 162,8826
192,4643 183,9462 162,5885
192,4643 184,2705 161,8152
192,4643 183,533 161,8962
192,2609 186,3225 166,3738
192,4643 187,629 168,189
192,8712 183,8287 164,1208
192,4643 184,5804 163,4174
192,2609 185,1765 163,1114
192,4643 184,3849 162,8571
192,4644 183,6951 163,0637
192,4643 183,9176 164,3099
192,8712 182,7795 159,6527
192,4643 185,4912 163,016
192,4643 185,6787 164,1206
192,4643 186,5482 165,4059
192,4643 186,4799 165,6092
192,4643 186,5799 165,366
192,4643 187,3795 165,4948
192,4643 185,9998 163,4341
192,4643 186,1985 165,0243
192,4644 186,1826 166,4819
192,4643 187,2619 166,4184
192,4643 185,4705 162,8134
192,8712 186,2542 164,9974
192,4643 186,8391 166,3873
192,4643 186,2112 165,1031
192,4644 187,1601 165,5838
192,8712 188,117 167,2536
192,4643 186,3019 165,9415
192,4643 187,4542 166,8459
192,4643 187,4574 166,5487
192,4643 186,6452 166,3302
192,4644 187,0982 167,8576
192,4643 186,6658 164,9075
192,6678 186,0618 164,8597
192,8713 186,5005 165,4781
192,4643 187,0409 166,5772
192,4643 186,8693 167,6469
192,4643 186,5704 164,6183
192,4643 187,664 167,9601
192,4643 187,6671 167,0899
192,4643 187,7212 168,5919
192,4643 187,2619 167,1828
192,6679 187,5591 168,0379
192,4643 186,1175 164,0182
192,8714 188,365 169,3699
192,6678 187,8897 168,3829
192,4643 187,5066 167,6223
192,8712 186,4401 165,5592
192,4643 187,7737 167,9139
