0,6103516 0,09536743 0,04768372
0,3051758 0,09536743 0,04768372
0,3051758 0,1192093 0,05960464
0,3051758 0,09775162 0,04887581
0,3051758 0,08583069 0,04291534
0,6103516 0,07629395 0,03814697
0,6103516 0,1120567 0,05602837
0,6103516 0,09298325 0,04649162
0,3051758 0,08106232 0,04053116
0,6103516 0,1001358 0,0500679
0,3051758 0,07867813 0,03933907
0,6103516 0,1096725 0,05483627
0,6103516 0,1049042 0,05245209
0,6103516 0,1311302 0,06556511
0,3051758 0,1144409 0,05722046
0,6103516 0,1120567 0,05602837
0,6103516 0,1049042 0,05245209
0,6103516 0,1072884 0,05364418
0,6103516 0,1001358 0,0500679
0,6103516 0,1168251 0,05841255
0,6103516 0,1144409 0,05722046
0,6103516 0,1239777 0,06198883
0,6103516 0,1573563 0,07867813
0,3051758 0,1001358 0,0500679
0,6103516 0,1382828 0,06914139
0,6103516 0,1049042 0,05245209
0,6103516 0,10252 0,05125999
0,9155273 0,1096725 0,05483627
0,6103516 0,09775162 0,04887581
0,6103516 0,08106232 0,04053116
0,6103516 0,1168251 0,05841255
0,6103516 0,09775162 0,04887581
0,6103516 0,1215935 0,06079674
0,6103516 0,1049042 0,05245209
0,6103516 0,1049042 0,05245209
0,6103516 0,1239777 0,06198883
0,3051758 0,1144409 0,05722046
0,6103516 0,1358986 0,0679493
0,3051758 0,1144409 0,05722046
0,3051758 0,1239777 0,06198883
0,6103516 0,1001358 0,0500679
0,3051758 0,09059906 0,04529953
0,6103516 0,09059906 0,04529953
0,6103516 0,1382828 0,06914139
0,3051758 0,09536743 0,04768372
0,6103516 0,1215935 0,06079674
0,6103516 0,09536743 0,04768372
0,3051758 0,1072884 0,05364418
0,6103516 0,1072884 0,05364418
0,6103516 0,10252 0,05125999
0,6103516 0,1049042 0,05245209
0,3051758 0,1239777 0,06198883
0,6103516 0,1263618 0,06318092
0,3051758 0,08583069 0,04291534
0,3051758 0,1072884 0,05364418
0,6103516 0,1478195 0,07390976
0,3051758 0,1358986 0,0679493
0,6103516 0,1263618 0,06318092
0,6103516 0,1263618 0,06318092
0,6103516 0,1311302 0,06556511
0,3051758 0,128746 0,06437302
0,6103516 0,1215935 0,06079674
0,6103516 0,1430511 0,07152557
0,6103516 0,1192093 0,05960464
0,6103516 0,1502037 0,07510185
0,9155273 0,1192093 0,05960464
0,6103516 0,1478195 0,07390976
0,3051758 0,1192093 0,05960464
0,6103516 0,1454353 0,07271767
0,6103516 0,1478195 0,07390976
0,6103516 0,1358986 0,0679493
0,3051758 0,1120567 0,05602837
0,3051758 0,1120567 0,05602837
0,6103516 0,1478195 0,07390976
0,3051758 0,1168251 0,05841255
0,3051758 0,1215935 0,06079674
0,3051758 0,1215935 0,06079674
0,6103516 0,1144409 0,05722046
0,6103516 0,08821487 0,04410744
0,6103516 0,1168251 0,05841255
0,3051758 0,1358986 0,0679493
0,6103516 0,1549721 0,07748604
0,6103516 0,1144409 0,05722046
0,3051758 0,1168251 0,05841255
0,6103516 0,1263618 0,06318092
0,3051758 0,1120567 0,05602837
0,6103516 0,1120567 0,05602837
0,6103516 0,1263618 0,06318092
0,3051758 0,1192093 0,05960464
0,6103516 0,1454353 0,07271767
0,3051758 0,1239777 0,06198883
0,3051758 0,1454353 0,07271767
0,6103516 0,1263618 0,06318092
0,6103516 0,128746 0,06437302
0,6103516 0,1239777 0,06198883
0,6103516 0,1335144 0,0667572
0,6103516 0,1144409 0,05722046
0,6103516 0,1430511 0,07152557
0,3051758 0,1430511 0,07152557
0,6103516 0,1168251 0,05841255
0,6103516 0,1454353 0,07271767
0,6103516 0,1335144 0,0667572
0,6103516 0,1263618 0,06318092
0,3051758 0,140667 0,07033348
0,3051758 0,1215935 0,06079674
0,6103516 0,1358986 0,0679493
0,6103516 0,1478195 0,07390976
0,6103516 0,1502037 0,07510185
0,6103516 0,1311302 0,06556511
0,6103516 0,09536743 0,04768372
0,3051758 0,1072884 0,05364418
0,6103516 0,128746 0,06437302
0,3051758 0,1072884 0,05364418
0,6103516 0,1049042 0,05245209
0,6103516 0,1358986 0,0679493
0,3051758 0,1454353 0,07271767
0,3051758 0,1263618 0,06318092
0,3051758 0,128746 0,06437302
0,6103516 0,1454353 0,07271767
0,6103516 0,128746 0,06437302
0,3051758 0,1072884 0,05364418
0,6103516 0,1144409 0,05722046
0,6103516 0,1311302 0,06556511
0,6103516 0,1239777 0,06198883
0,6103516 0,10252 0,05125999
0,3051758 0,1358986 0,0679493
0,6103516 0,1525879 0,07629395
0,6103516 0,1335144 0,0667572
0,3051758 0,1263618 0,06318092
0,6103516 0,140667 0,07033348
0,6103516 0,1478195 0,07390976
0,6103516 0,128746 0,06437302
0,6103516 0,1525879 0,07629395
0,6103516 0,1621246 0,08106232
0,6103516 0,1335144 0,0667572
0,6103516 0,1549721 0,07748604
0,6103516 0,1382828 0,06914139
0,6103516 0,1358986 0,0679493
0,6103516 0,1239777 0,06198883
0,6103516 0,1502037 0,07510185
0,6103516 0,1311302 0,06556511
0,3051758 0,1454353 0,07271767
0,6103516 0,1358986 0,0679493
0,6103516 0,1239777 0,06198883
0,3051758 0,1311302 0,06556511
0,6103516 0,1645088 0,08225441
0,6103516 0,1358986 0,0679493
0,6103516 0,1525879 0,07629395
0,6103516 0,1645088 0,08225441
0,3051758 0,1358986 0,0679493
0,6103516 0,1430511 0,07152557
0,6103516 0,1311302 0,06556511
0,6103516 0,1525879 0,07629395
0,6103516 0,1144409 0,05722046
0,6103516 0,1430511 0,07152557
0,9155273 0,1358986 0,0679493
0,6103516 0,1478195 0,07390976
0,3051758 0,1478195 0,07390976
0,3051758 0,128746 0,06437302
0,3051758 0,1168251 0,05841255
0,3051758 0,1478195 0,07390976
0,6103516 0,1454353 0,07271767
0,3051758 0,1239777 0,06198883
0,6103516 0,1621246 0,08106232
0,6103516 0,1168251 0,05841255
0,3051758 0,1335144 0,0667572
0,6103516 0,1358986 0,0679493
0,6103516 0,128746 0,06437302
0,6103516 0,1597404 0,07987022
0,6103516 0,1573563 0,07867813
0,6103516 0,1382828 0,06914139
0,6103516 0,1382828 0,06914139
0,6103516 0,1335144 0,0667572
0,3051758 0,1358986 0,0679493
0,6103516 0,1263618 0,06318092
0,3051758 0,1382828 0,06914139
0,9155273 0,1525879 0,07629395
0,6103516 0,1573563 0,07867813
0,3051758 0,1311302 0,06556511
0,6103516 0,1263618 0,06318092
0,6103516 0,1358986 0,0679493
0,6103516 0,1335144 0,0667572
0,6103516 0,1502037 0,07510185
0,6103516 0,1120567 0,05602837
0,6103516 0,1525879 0,07629395
0,6103516 0,1239777 0,06198883
0,6103516 0,1239777 0,06198883
0,6103516 0,1573563 0,07867813
0,3051758 0,128746 0,06437302
0,6103516 0,1049042 0,05245209
0,6103516 0,10252 0,05125999
0,6103516 0,1645088 0,08225441
0,3051758 0,1573563 0,07867813
0,6103516 0,1382828 0,06914139
0,3051758 0,1335144 0,0667572
0,6103516 0,1215935 0,06079674
0,3051758 0,1263618 0,06318092
0,3051758 0,128746 0,06437302
0,6103516 0,1239777 0,06198883
0,6103516 0,1478195 0,07390976
0,6103516 0,1502037 0,07510185
0,6103516 0,1430511 0,07152557
0,6103516 0,1716614 0,08583069
0,6103516 0,1382828 0,06914139
0,6103516 0,1573563 0,07867813
0,3051758 0,128746 0,06437302
0,6103516 0,1573563 0,07867813
0,6103516 0,1311302 0,06556511
0,6103516 0,1311302 0,06556511
0,3051758 0,1788139 0,08940697
0,3051758 0,1311302 0,06556511
0,6103516 0,1263618 0,06318092
0,3051758 0,140667 0,07033348
0,6103516 0,1454353 0,07271767
0,6103516 0,1311302 0,06556511
0,6103516 0,1525879 0,07629395
0,3051758 0,1144409 0,05722046
0,3051758 0,1096725 0,05483627
0,6103516 0,1454353 0,07271767
0,9155273 0,1573563 0,07867813
0,3051758 0,1382828 0,06914139
0,6103516 0,1645088 0,08225441
0,6103516 0,1335144 0,0667572
0,6103516 0,1358986 0,0679493
0,6103516 0,1430511 0,07152557
0,6103516 0,1430511 0,07152557
0,6103516 0,1621246 0,08106232
0,3051758 0,1120567 0,05602837
0,6103516 0,2026558 0,1013279
0,6103516 0,1478195 0,07390976
0,6103516 0,140667 0,07033348
0,6103516 0,1239777 0,06198883
0,6103516 0,1215935 0,06079674
0,3051758 0,1478195 0,07390976
0,6103516 0,1239777 0,06198883
0,6103516 0,128746 0,06437302
0,3051758 0,1502037 0,07510185
0,6103516 0,1335144 0,0667572
0,6103516 0,1525879 0,07629395
0,6103516 0,140667 0,07033348
0,6103516 0,1525879 0,07629395
0,3051758 0,1788139 0,08940697
0,6103516 0,1549721 0,07748604
0,6103516 0,140667 0,07033348
0,6103516 0,140667 0,07033348
0,6103516 0,1311302 0,06556511
0,6103516 0,1573563 0,07867813
0,6103516 0,1549721 0,07748604
0,3051758 0,1764297 0,08821487
0,6103516 0,1764297 0,08821487
0,6103516 0,1764297 0,08821487
0,6103516 0,1692772 0,0846386
0,3051758 0,1478195 0,07390976
0,6103516 0,1835823 0,09179115
0,6103516 0,1764297 0,08821487
0,6103516 0,1335144 0,0667572
0,6103516 0,1430511 0,07152557
0,6103516 0,1549721 0,07748604
0,6103516 0,1716614 0,08583069
0,3051758 0,1454353 0,07271767
0,6103516 0,1192093 0,05960464
0,6103516 0,1430511 0,07152557
0,6103516 0,1811981 0,09059906
0,6103516 0,1358986 0,0679493
0,3051758 0,1215935 0,06079674
0,6103516 0,166893 0,0834465
0,6103516 0,1597404 0,07987022
0,3051758 0,1358986 0,0679493
0,6103516 0,1788139 0,08940697
0,3051758 0,1358986 0,0679493
0,6103516 0,1788139 0,08940697
0,3051758 0,1478195 0,07390976
0,6103516 0,1740456 0,08702278
0,3051758 0,1454353 0,07271767
0,3051758 0,1454353 0,07271767
0,6103516 0,1716614 0,08583069
0,6103516 0,1597404 0,07987022
0,6103516 0,1549721 0,07748604
0,6103516 0,1573563 0,07867813
0,6103516 0,1740456 0,08702278
0,6103516 0,1978874 0,09894371
0,6103516 0,1835823 0,09179115
0,6103516 0,1978874 0,09894371
0,6103516 0,1502037 0,07510185
0,6103516 0,1454353 0,07271767
0,6103516 0,128746 0,06437302
0,6103516 0,1549721 0,07748604
0,6103516 0,1645088 0,08225441
0,6103516 0,1645088 0,08225441
0,3051758 0,1120567 0,05602837
0,3051758 0,1144409 0,05722046
0,6103516 0,1645088 0,08225441
0,6103516 0,1549721 0,07748604
0,3051758 0,1120567 0,05602837
0,3051758 0,1215935 0,06079674
0,6103516 0,1573563 0,07867813
0,6103516 0,1597404 0,07987022
0,3051758 0,1454353 0,07271767
0,6103516 0,1525879 0,07629395
0,6103516 0,1525879 0,07629395
0,3051758 0,1645088 0,08225441
0,6103516 0,1740456 0,08702278
0,6103516 0,1335144 0,0667572
0,6103516 0,1430511 0,07152557
0,6103516 0,1764297 0,08821487
0,6103516 0,1835823 0,09179115
0,6103516 0,1478195 0,07390976
0,6103516 0,1525879 0,07629395
0,6103516 0,166893 0,0834465
0,6103516 0,128746 0,06437302
0,9155273 0,166893 0,0834465
0,6103516 0,1502037 0,07510185
0,6103516 0,1478195 0,07390976
0,6103516 0,140667 0,07033348
0,3051758 0,1239777 0,06198883
0,6103516 0,1382828 0,06914139
0,6103516 0,1311302 0,06556511
0,6103516 0,1764297 0,08821487
0,6103516 0,140667 0,07033348
0,6103516 0,1573563 0,07867813
0,6103516 0,1478195 0,07390976
0,6103516 0,1215935 0,06079674
0,6103516 0,1382828 0,06914139
0,6103516 0,166893 0,0834465
0,6103516 0,1597404 0,07987022
0,6103516 0,1502037 0,07510185
0,6103516 0,1502037 0,07510185
0,6103516 0,1764297 0,08821487
0,6103516 0,1597404 0,07987022
0,6103516 0,1621246 0,08106232
0,6103516 0,1692772 0,0846386
0,6103516 0,1716614 0,08583069
0,6103516 0,140667 0,07033348
0,3051758 0,1645088 0,08225441
0,6103516 0,1859665 0,09298325
0,6103516 0,1478195 0,07390976
0,6103516 0,1335144 0,0667572
0,6103516 0,1478195 0,07390976
0,6103516 0,1645088 0,08225441
0,6103516 0,1764297 0,08821487
0,6103516 0,1478195 0,07390976
0,3051758 0,1311302 0,06556511
0,6103516 0,1502037 0,07510185
0,6103516 0,1502037 0,07510185
0,6103516 0,1502037 0,07510185
0,6103516 0,1573563 0,07867813
0,3051758 0,1215935 0,06079674
0,6103516 0,1454353 0,07271767
0,6103516 0,1335144 0,0667572
0,6103516 0,1549721 0,07748604
0,6103516 0,1716614 0,08583069
0,6103516 0,1621246 0,08106232
0,6103516 0,1430511 0,07152557
0,3051758 0,1621246 0,08106232
0,6103516 0,1645088 0,08225441
0,6103516 0,1645088 0,08225441
0,6103516 0,1692772 0,0846386
0,6103516 0,1573563 0,07867813
0,6103516 0,1692772 0,0846386
0,6103516 0,1311302 0,06556511
0,6103516 0,1621246 0,08106232
0,6103516 0,166893 0,0834465
0,3051758 0,1645088 0,08225441
0,6103516 0,140667 0,07033348
0,6103516 0,1811981 0,09059906
0,6103516 0,1978874 0,09894371
0,6103516 0,1645088 0,08225441
0,6103516 0,1883507 0,09417534
0,6103516 0,1454353 0,07271767
0,6103516 0,166893 0,0834465
0,6103516 0,1573563 0,07867813
0,6103516 0,1788139 0,08940697
0,6103516 0,1382828 0,06914139
0,6103516 0,1430511 0,07152557
0,6103516 0,1525879 0,07629395
0,3051758 0,1573563 0,07867813
0,6103516 0,1382828 0,06914139
0,3051758 0,1525879 0,07629395
0,6103516 0,1502037 0,07510185
0,6103516 0,1454353 0,07271767
0,6103516 0,1621246 0,08106232
0,6103516 0,1788139 0,08940697
0,6103516 0,1478195 0,07390976
0,6103516 0,1716614 0,08583069
0,3051758 0,1907349 0,09536743
0,6103516 0,166893 0,0834465
0,6103516 0,1859665 0,09298325
0,6103516 0,1549721 0,07748604
0,6103516 0,1835823 0,09179115
0,6103516 0,20504 0,10252
0,3051758 0,1835823 0,09179115
0,6103516 0,1549721 0,07748604
0,6103516 0,140667 0,07033348
0,6103516 0,1549721 0,07748604
0,6103516 0,1597404 0,07987022
0,6103516 0,166893 0,0834465
0,6103516 0,1811981 0,09059906
0,6103516 0,1764297 0,08821487
0,6103516 0,1621246 0,08106232
0,6103516 0,2002716 0,1001358
0,6103516 0,166893 0,0834465
0,3051758 0,1382828 0,06914139
0,6103516 0,1454353 0,07271767
0,9155273 0,1859665 0,09298325
0,6103516 0,1716614 0,08583069
0,6103516 0,1525879 0,07629395
0,6103516 0,1788139 0,08940697
0,6103516 0,1621246 0,08106232
0,6103516 0,1692772 0,0846386
0,3051758 0,1621246 0,08106232
0,6103516 0,1764297 0,08821487
0,6103516 0,1597404 0,07987022
0,6103516 0,1502037 0,07510185
0,6103516 0,1811981 0,09059906
0,6103516 0,1716614 0,08583069
0,6103516 0,1907349 0,09536743
0,6103516 0,140667 0,07033348
0,6103516 0,1549721 0,07748604
0,6103516 0,1716614 0,08583069
0,6103516 0,1788139 0,08940697
0,3051758 0,1430511 0,07152557
0,6103516 0,1621246 0,08106232
0,6103516 0,1764297 0,08821487
0,6103516 0,1740456 0,08702278
0,6103516 0,1621246 0,08106232
0,6103516 0,1811981 0,09059906
0,6103516 0,1645088 0,08225441
0,6103516 0,1645088 0,08225441
0,6103516 0,1239777 0,06198883
0,6103516 0,1978874 0,09894371
0,6103516 0,1740456 0,08702278
0,6103516 0,1859665 0,09298325
0,6103516 0,166893 0,0834465
0,6103516 0,128746 0,06437302
0,6103516 0,193119 0,09655952
0,6103516 0,2121925 0,1060963
0,6103516 0,1454353 0,07271767
0,6103516 0,1692772 0,0846386
0,6103516 0,166893 0,0834465
0,6103516 0,1955032 0,09775162
0,6103516 0,1788139 0,08940697
0,6103516 0,1978874 0,09894371
0,6103516 0,1716614 0,08583069
0,6103516 0,2217293 0,1108646
0,6103516 0,1811981 0,09059906
0,6103516 0,166893 0,0834465
0,6103516 0,2002716 0,1001358
0,6103516 0,2002716 0,1001358
0,6103516 0,2098083 0,1049042
0,6103516 0,2002716 0,1001358
0,6103516 0,1788139 0,08940697
0,6103516 0,1955032 0,09775162
0,6103516 0,2026558 0,1013279
0,6103516 0,1740456 0,08702278
0,6103516 0,2026558 0,1013279
0,6103516 0,1740456 0,08702278
0,6103516 0,2002716 0,1001358
0,3051758 0,193119 0,09655952
0,6103516 0,2121925 0,1060963
0,6103516 0,2074242 0,1037121
0,6103516 0,2241135 0,1120567
0,6103516 0,2145767 0,1072884
0,6103516 0,2169609 0,1084805
0,6103516 0,1811981 0,09059906
0,6103516 0,193119 0,09655952
0,6103516 0,193119 0,09655952
0,3051758 0,1955032 0,09775162
0,6103516 0,2479553 0,1239777
0,6103516 0,2098083 0,1049042
0,6103516 0,2121925 0,1060963
0,6103516 0,2026558 0,1013279
0,6103516 0,1859665 0,09298325
0,6103516 0,2074242 0,1037121
0,6103516 0,2264977 0,1132488
0,6103516 0,2145767 0,1072884
0,6103516 0,20504 0,10252
0,6103516 0,1835823 0,09179115
0,6103516 0,2145767 0,1072884
0,6103516 0,1955032 0,09775162
0,6103516 0,2002716 0,1001358
0,6103516 0,2336502 0,1168251
0,6103516 0,2169609 0,1084805
0,6103516 0,1907349 0,09536743
0,6103516 0,1811981 0,09059906
0,6103516 0,193119 0,09655952
0,6103516 0,2026558 0,1013279
0,6103516 0,2384186 0,1192093
0,6103516 0,2241135 0,1120567
0,6103516 0,2408028 0,1204014
0,9155273 0,2646446 0,1323223
0,3051758 0,193119 0,09655952
0,6103516 0,2384186 0,1192093
0,6103516 0,2169609 0,1084805
0,6103516 0,2574921 0,128746
0,6103516 0,2479553 0,1239777
0,6103516 0,2551079 0,1275539
0,6103516 0,2646446 0,1323223
0,6103516 0,243187 0,1215935
0,6103516 0,231266 0,115633
0,6103516 0,2789497 0,1394749
0,6103516 0,2479553 0,1239777
0,6103516 0,2193451 0,1096725
0,6103516 0,2455711 0,1227856
0,6103516 0,2551079 0,1275539
0,6103516 0,3123283 0,1561642
0,6103516 0,2622604 0,1311302
0,6103516 0,2670288 0,1335144
0,6103516 0,2813339 0,140667
0,6103516 0,2503395 0,1251698
0,6103516 0,2622604 0,1311302
0,6103516 0,2789497 0,1394749
0,9155273 0,3099442 0,1549721
0,6103516 0,3218651 0,1728535
0,9155273 0,3170967 0,1585484
0,6103516 0,269413 0,1347065
0,9155273 0,2741814 0,1370907
0,6103516 0,3218651 0,1645088
0,6103516 0,295639 0,1478195
0,6103516 0,3147125 0,1573563
0,6103516 0,3170967 0,1621246
0,6103516 0,3218651 0,1609325
0,6103516 0,3051758 0,1525879
0,6103516 0,3123283 0,1728535
0,6103516 0,3194809 0,1847744
0,6103516 0,3218651 0,1609325
0,6103516 0,3218651 0,1895428
0,6103516 0,3385544 0,1966953
0,9155273 0,3242493 0,193119
0,6103516 0,3242493 0,180006
0,6103516 0,3290176 0,1943111
0,6103516 0,3242493 0,1823902
0,6103516 0,3242493 0,1776218
0,6103516 0,3314018 0,1859665
0,9155273 0,3361702 0,1859665
0,6103516 0,3242493 0,1883507
0,9155273 0,3433228 0,1883507
0,9155273 0,3242493 0,2038479
0,6103516 0,3314018 0,1859665
0,6103516 0,3385544 0,193119
0,9155273 0,3361702 0,2074242
0,6103516 0,3457069 0,2157688
0,9155273 0,333786 0,2086163
0,9155273 0,3409386 0,2014637
0,6103516 0,3409386 0,2288818
0,6103516 0,3361702 0,2288818
0,9155273 0,3385544 0,2336502
0,6103516 0,3409386 0,2288818
0,6103516 0,3576279 0,231266
0,9155273 0,3385544 0,243187
0,9155273 0,3433228 0,2360344
0,9155273 0,333786 0,2336502
0,9155273 0,3600121 0,2479553
0,9155273 0,371933 0,2610683
0,9155273 0,3504753 0,2384186
0,6103516 0,3361702 0,2384186
0,9155273 0,371933 0,2777576
0,9155273 0,3647804 0,2610683
0,9155273 0,3743172 0,2634525
0,9155273 0,3671646 0,2574921
0,9155273 0,3600121 0,2682209
0,9155273 0,3790855 0,2682209
0,6103516 0,3433228 0,2563
0,9155273 0,3671646 0,2706051
0,6103516 0,3623962 0,2706051
0,9155273 0,3790855 0,2861023
0,9155273 0,4053116 0,3027916
0,9155273 0,3647804 0,2789497
0,9155273 0,3623962 0,2920628
0,6103516 0,3814697 0,2944469
0,9155273 0,3886223 0,2908707
0,9155273 0,4005432 0,2992153
1,220703 0,398159 0,2896786
0,9155273 0,3767014 0,282526
0,9155273 0,3814697 0,2872944
0,9155273 0,3910065 0,2884865
0,6103516 0,3743172 0,3004074
1,220703 0,3957748 0,2992153
0,9155273 0,3647804 0,2896786
0,9155273 0,3862381 0,3087521
1,220703 0,4076958 0,3099442
1,220703 0,4315376 0,3302097
0,9155273 0,398159 0,3135204
1,220703 0,4339218 0,3373623
0,9155273 0,4220009 0,3361702
0,9155273 0,4339218 0,3397465
0,9155273 0,4673004 0,3576279
0,9155273 0,4220009 0,3290176
0,9155273 0,4267693 0,3457069
0,9155273 0,4267693 0,333786
0,9155273 0,4577637 0,3623962
0,9155273 0,4577637 0,3623962
1,220703 0,4482269 0,3564358
1,220703 0,4887581 0,3731251
1,220703 0,4720688 0,3647804
1,220703 0,4649162 0,3671646
0,9155273 0,4673004 0,3659725
0,9155273 0,4577637 0,3576279
0,9155273 0,4959106 0,3790855
0,9155273 0,5125999 0,3969669
1,220703 0,5340576 0,4053116
1,525879 0,5888939 0,4339218
1,220703 0,629425 0,4601479
1,525879 0,6365776 0,462532
1,525879 0,6318092 0,4673004
1,220703 0,6532669 0,474453
1,525879 0,705719 0,5245209
1,525879 0,6842613 0,5161762
1,525879 0,7152557 0,5471706
1,220703 0,7843971 0,5984306
1,220703 0,8010864 0,6151199
1,525879 0,8654594 0,6628036
1,525879 0,9131432 0,705719
1,831055 0,9918213 0,7593632
1,831055 1,058578 0,8201599
2,746582 1,153946 0,9024143
2,13623 1,277924 0,9977818
2,441406 1,299381 1,029968
2,746582 1,420975 1,118183
2,746582 1,559258 1,238585
4,577637 1,657009 1,283884
3,662109 1,740456 1,382828
3,967285 1,974106 1,533031
3,662109 2,12431 1,643896
4,577637 2,381802 1,85132
6,713867 2,741814 2,093315
5,187988 3,0303 2,342463
6,408691 3,364086 2,630949
7,019043 3,888607 3,029108
7,93457 4,189014 3,296137
8,544922 4,632473 3,691912
7,93457 5,099773 4,178286
8,544922 5,655289 4,556179
8,850098 5,998611 4,894733
10,37598 6,532669 5,328655
11,59668 6,866455 5,680323
11,59668 6,985664 5,865097
10,68115 7,307529 6,098747
12,20703 7,662773 6,444454
12,51221 7,846355 6,64711
11,59668 8,170605 6,914139
12,51221 8,454323 7,160902
14,34326 8,921623 7,450581
13,42773 9,019375 7,70092
13,73291 9,076595 7,697344
14,03809 9,424686 7,98583
14,64844 9,85384 8,291006
16,47949 9,937286 8,406639
14,64844 10,43797 8,809566
16,17432 10,56194 8,865595
14,95361 10,66923 9,03368
15,56396 11,05309 9,305477
15,86914 11,12223 9,354353
20,44678 12,04252 9,981394
18,00537 11,89947 10,23889
17,39502 12,03537 10,22935
25,02441 12,52413 10,5083
20,1416 12,68864 10,64897
28,9917 13,1011 11,0054
19,53125 13,42535 11,27005
21,97266 13,93795 11,69682
20,75195 14,00232 11,78861
20,44678 14,10484 11,8351
25,02441 14,64128 12,20703
20,75195 14,25266 11,93762
19,83643 14,42909 12,04133
23,80371 14,98938 12,68268
26,24512 15,16104 12,73036
22,58301 15,09666 12,53605
23,80371 15,43045 12,85553
21,97266 16,20293 13,69476
23,19336 15,82623 13,39674
24,10889 16,09564 13,25011
23,19336 16,53671 13,88192
24,71924 16,84904 14,07385
23,80371 16,68453 14,12749
25,63477 16,90388 14,39691
25,32959 17,1566 14,64009
29,90723 18,05782 15,25283
28,07617 17,93623 15,10859
23,49854 17,85994 15,28859
27,46582 17,82656 15,10739
27,771 18,45598 15,41972
29,90723 18,14842 15,56873
27,46582 18,80169 15,91086
26,55029 18,40591 15,60807
27,46582 19,35244 16,36147
28,38135 19,52648 16,6142
27,46582 19,22131 16,29472
28,07617 19,35005 16,46757
28,38135 19,9008 16,95156
30,82275 20,18452 17,29727
27,771 20,11538 17,31634
32,34863 20,70665 17,68112
29,90723 20,53738 17,29012
33,26416 20,99752 17,55118
36,01074 21,09766 18,12696
32,34863 21,28363 18,0614
30,2124 21,42191 18,26048
33,87451 22,19677 18,8911
30,82275 22,39943 19,09018
34,17969 21,96312 18,4834
34,17969 22,16101 18,9805
32,95898 22,62592 19,33336
34,79004 23,57721 20,20717
33,26416 22,96925 19,29402
33,56934 23,37694 19,73271
35,09521 24,64294 20,60652
34,48486 24,6191 20,71261
38,14697 24,95527 21,1823
36,31592 25,1627 21,08812
37,53662 25,42734 21,53635
42,11426 25,83742 21,86656
39,0625 25,66814 21,68179
36,92627 26,24273 22,38631
37,8418 26,38102 22,28379
38,75732 26,69811 22,82619
35,40039 27,38476 23,51522
43,94531 27,02475 23,41986
36,62109 27,22502 23,489
39,0625 27,20594 23,10514
39,0625 27,14396 23,29946
48,21777 26,91031 22,88222
40,58838 28,06187 23,80967
44,25049 27,97842 23,54503
47,9126 27,48966 22,94421
43,02979 28,46241 24,11127
38,75732 28,61261 24,44029
45,16602 28,45049 24,49274
37,23145 27,76623 23,44012
39,97803 28,07617 24,09816
43,94531 28,9917 24,56307
37,53662 28,8558 24,25671
40,2832 28,55301 24,19114
41,19873 28,08094 24,18637
43,64014 28,02372 23,80013
37,23145 28,55778 24,3938
40,89355 29,25634 24,71209
40,58838 28,97501 24,61672
48,21777 28,82004 24,25671
42,41943 29,33741 25,07925
37,23145 28,80096 24,43194
46,69189 29,11329 25,03991
48,82813 29,27542 25,04706
44,86084 29,31595 25,04945
47,9126 29,32549 24,99342
39,97803 28,66268 24,42837
38,75732 29,10852 24,56427
42,41943 29,52814 25,12813
37,53662 28,98216 24,69778
42,11426 29,26111 24,93501
46,69189 29,91915 25,60973
46,69189 29,67119 25,177
42,41943 29,68311 24,77884
43,94531 29,73557 25,32244
42,11426 30,16949 25,63477
41,19873 29,94537 25,62284
41,50391 30,28631 25,77662
45,16602 30,90382 26,53241
44,55566 30,68447 26,01147
45,47119 31,0421 26,42155
44,55566 30,56765 26,12829
41,80908 30,18618 25,56324
41,80908 30,36022 25,66695
42,41943 30,98726 25,69318
46,69189 30,74169 25,89464
43,33496 30,57718 25,81596
44,86084 30,70593 26,27492
43,64014 30,41983 25,99001
39,36768 30,31969 26,05319
45,16602 31,58808 26,89719
49,1333 31,24475 26,54195
44,55566 31,30198 26,56102
47,9126 31,49271 26,70884
46,08154 30,87282 26,66116
43,64014 31,18038 26,91984
43,02979 31,83126 27,00686
47,9126 32,21512 27,08554
42,11426 32,04823 27,25601
49,1333 32,24373 27,31681
47,60742 31,25429 26,56579
43,64014 31,65007 27,14992
43,64014 31,72159 27,02355
43,64014 31,51655 27,50397
41,80908 31,147 26,78156
44,86084 31,61907 26,88169
50,354 32,0673 27,43721
46,38672 32,68242 27,8604
48,21777 32,14121 27,30846
52,79541 32,76587 27,95815
42,72461 32,84931 28,2526
56,15234 32,45831 27,44317
46,08154 32,08876 27,46105
44,55566 32,7754 27,63033
47,9126 32,77063 28,24903
50,354 32,62043 27,51231
46,99707 32,90892 28,31221
48,52295 32,04346 27,52185
47,9126 32,88507 27,82106
46,69189 32,58705 27,53735
46,08154 32,2175 27,33469
49,1333 33,22601 28,06187
52,79541 33,42867 28,63169
47,60742 32,65858 28,33962
45,16602 33,43821 28,41949
48,21777 33,19025 28,2228
53,10059 34,30843 29,25158
46,38672 33,55026 28,52678
44,86084 33,74338 28,56731
46,69189 33,93412 29,24919
48,52295 34,10578 29,2933
