0,3051758 0,1311302 0,06556511
0,3051758 0,08821487 0,04410744
0,3051758 0,09059906 0,04529953
0,6103516 0,1215935 0,06079674
0,6103516 0,1192093 0,05960464
0,6103516 0,1120567 0,05602837
0,6103516 0,1001358 0,0500679
0,6103516 0,1192093 0,05960464
0,6103516 0,1049042 0,05245209
0,3051758 0,1120567 0,05602837
0,6103516 0,1072884 0,05364418
0,3051758 0,1001358 0,0500679
0,3051758 0,1192093 0,05960464
0,6103516 0,09775162 0,04887581
0,6103516 0,06914139 0,03457069
0,6103516 0,1215935 0,06079674
0,3051758 0,1049042 0,05245209
0,6103516 0,10252 0,05125999
0,3051758 0,1001358 0,0500679
0,3051758 0,09059906 0,04529953
0,6103516 0,09775162 0,04887581
0,6103516 0,1096725 0,05483627
0,6103516 0,09536743 0,04768372
0,6103516 0,1049042 0,05245209
0,3051758 0,08821487 0,04410744
0,3051758 0,09536743 0,04768372
0,3051758 0,09775162 0,04887581
0,6103516 0,1358986 0,0679493
0,6103516 0,09536743 0,04768372
0,3051758 0,09775162 0,04887581
0,6103516 0,10252 0,05125999
0,6103516 0,1096725 0,05483627
0,3051758 0,1072884 0,05364418
0,6103516 0,09298325 0,04649162
0,3051758 0,1072884 0,05364418
0,6103516 0,1192093 0,05960464
0,6103516 0,1049042 0,05245209
0,3051758 0,10252 0,05125999
0,6103516 0,128746 0,06437302
0,6103516 0,09775162 0,04887581
0,6103516 0,1072884 0,05364418
0,6103516 0,09536743 0,04768372
0,6103516 0,1144409 0,05722046
0,6103516 0,1049042 0,05245209
0,3051758 0,1168251 0,05841255
0,3051758 0,1049042 0,05245209
0,3051758 0,1072884 0,05364418
0,6103516 0,1168251 0,05841255
0,6103516 0,09059906 0,04529953
0,3051758 0,1049042 0,05245209
0,6103516 0,1072884 0,05364418
0,6103516 0,08821487 0,04410744
0,3051758 0,1144409 0,05722046
0,6103516 0,1120567 0,05602837
0,6103516 0,1096725 0,05483627
0,6103516 0,1168251 0,05841255
0,6103516 0,1215935 0,06079674
0,6103516 0,1096725 0,05483627
0,3051758 0,1096725 0,05483627
0,3051758 0,09059906 0,04529953
0,3051758 0,09775162 0,04887581
0,3051758 0,1072884 0,05364418
0,6103516 0,1382828 0,06914139
0,6103516 0,1358986 0,0679493
0,6103516 0,1215935 0,06079674
0,3051758 0,09298325 0,04649162
0,6103516 0,09536743 0,04768372
0,3051758 0,09536743 0,04768372
0,6103516 0,10252 0,05125999
0,3051758 0,09298325 0,04649162
0,6103516 0,1311302 0,06556511
0,6103516 0,1049042 0,05245209
0,3051758 0,1096725 0,05483627
0,6103516 0,128746 0,06437302
0,6103516 0,1358986 0,0679493
0,6103516 0,1072884 0,05364418
0,3051758 0,1072884 0,05364418
0,6103516 0,1144409 0,05722046
0,3051758 0,09536743 0,04768372
0,6103516 0,1454353 0,07271767
0,6103516 0,1096725 0,05483627
0,6103516 0,1263618 0,06318092
0,6103516 0,1192093 0,05960464
0,3051758 0,1144409 0,05722046
0,6103516 0,1263618 0,06318092
0,3051758 0,1072884 0,05364418
0,3051758 0,1072884 0,05364418
0,6103516 0,1144409 0,05722046
0,6103516 0,1120567 0,05602837
0,6103516 0,1335144 0,0667572
0,6103516 0,1192093 0,05960464
0,6103516 0,1335144 0,0667572
0,6103516 0,1049042 0,05245209
0,3051758 0,1335144 0,0667572
0,6103516 0,1263618 0,06318092
0,3051758 0,09775162 0,04887581
0,6103516 0,1215935 0,06079674
0,6103516 0,1430511 0,07152557
0,6103516 0,128746 0,06437302
0,6103516 0,1311302 0,06556511
0,6103516 0,1597404 0,07987022
0,3051758 0,1311302 0,06556511
0,6103516 0,1239777 0,06198883
0,6103516 0,1335144 0,0667572
0,3051758 0,1192093 0,05960464
0,6103516 0,10252 0,05125999
0,6103516 0,1478195 0,07390976
0,6103516 0,1311302 0,06556511
0,3051758 0,140667 0,07033348
0,6103516 0,128746 0,06437302
0,6103516 0,1454353 0,07271767
0,3051758 0,1120567 0,05602837
0,6103516 0,1335144 0,0667572
0,3051758 0,166893 0,0834465
0,6103516 0,1478195 0,07390976
0,6103516 0,1311302 0,06556511
0,6103516 0,1311302 0,06556511
0,3051758 0,1144409 0,05722046
0,3051758 0,140667 0,07033348
0,3051758 0,140667 0,07033348
0,6103516 0,1382828 0,06914139
0,6103516 0,128746 0,06437302
0,3051758 0,1597404 0,07987022
0,6103516 0,1692772 0,0846386
0,6103516 0,128746 0,06437302
0,3051758 0,1239777 0,06198883
0,6103516 0,1311302 0,06556511
0,3051758 0,128746 0,06437302
0,3051758 0,1335144 0,0667572
0,3051758 0,1716614 0,08583069
0,6103516 0,1525879 0,07629395
0,6103516 0,08821487 0,04410744
0,6103516 0,1597404 0,07987022
0,3051758 0,128746 0,06437302
0,6103516 0,1358986 0,0679493
0,6103516 0,1454353 0,07271767
0,3051758 0,1502037 0,07510185
0,6103516 0,1263618 0,06318092
0,6103516 0,1430511 0,07152557
0,6103516 0,1573563 0,07867813
0,6103516 0,1716614 0,08583069
0,6103516 0,1573563 0,07867813
0,6103516 0,1192093 0,05960464
0,6103516 0,1382828 0,06914139
0,6103516 0,1335144 0,0667572
0,6103516 0,1215935 0,06079674
0,6103516 0,1525879 0,07629395
0,6103516 0,1311302 0,06556511
0,6103516 0,1597404 0,07987022
0,3051758 0,1215935 0,06079674
0,6103516 0,1430511 0,07152557
0,6103516 0,1478195 0,07390976
0,6103516 0,1764297 0,08821487
0,3051758 0,1597404 0,07987022
0,6103516 0,1502037 0,07510185
0,6103516 0,1335144 0,0667572
0,6103516 0,1525879 0,07629395
0,6103516 0,1525879 0,07629395
0,9155273 0,1335144 0,0667572
0,3051758 0,1168251 0,05841255
0,6103516 0,1764297 0,08821487
0,3051758 0,1335144 0,0667572
0,6103516 0,1525879 0,07629395
0,6103516 0,1549721 0,07748604
0,6103516 0,1525879 0,07629395
0,6103516 0,1597404 0,07987022
0,6103516 0,1573563 0,07867813
0,6103516 0,1716614 0,08583069
0,3051758 0,1382828 0,06914139
0,6103516 0,1430511 0,07152557
0,6103516 0,1692772 0,0846386
0,6103516 0,1645088 0,08225441
0,3051758 0,1358986 0,0679493
0,3051758 0,1478195 0,07390976
0,3051758 0,140667 0,07033348
0,6103516 0,1645088 0,08225441
0,6103516 0,1621246 0,08106232
0,6103516 0,1740456 0,08702278
0,3051758 0,1716614 0,08583069
0,3051758 0,1430511 0,07152557
0,6103516 0,1764297 0,08821487
0,6103516 0,1597404 0,07987022
0,6103516 0,1430511 0,07152557
0,6103516 0,1454353 0,07271767
0,6103516 0,1907349 0,09536743
0,6103516 0,1645088 0,08225441
0,6103516 0,1502037 0,07510185
0,6103516 0,1239777 0,06198883
0,6103516 0,1502037 0,07510185
0,6103516 0,1645088 0,08225441
0,6103516 0,1764297 0,08821487
0,6103516 0,1645088 0,08225441
0,6103516 0,1835823 0,09179115
0,6103516 0,1716614 0,08583069
0,6103516 0,1478195 0,07390976
0,6103516 0,1525879 0,07629395
0,6103516 0,1502037 0,07510185
0,6103516 0,1716614 0,08583069
0,6103516 0,1764297 0,08821487
0,6103516 0,1811981 0,09059906
0,6103516 0,1835823 0,09179115
0,6103516 0,1955032 0,09775162
0,3051758 0,1788139 0,08940697
0,6103516 0,1764297 0,08821487
0,6103516 0,2026558 0,1013279
0,6103516 0,1835823 0,09179115
0,9155273 0,2241135 0,1120567
0,6103516 0,193119 0,09655952
0,6103516 0,1955032 0,09775162
0,6103516 0,128746 0,06437302
0,6103516 0,2002716 0,1001358
0,6103516 0,1955032 0,09775162
0,3051758 0,1573563 0,07867813
0,6103516 0,1716614 0,08583069
0,6103516 0,166893 0,0834465
0,6103516 0,1883507 0,09417534
0,6103516 0,1835823 0,09179115
0,6103516 0,1978874 0,09894371
0,6103516 0,1859665 0,09298325
0,6103516 0,1978874 0,09894371
0,6103516 0,1788139 0,08940697
0,3051758 0,1549721 0,07748604
0,6103516 0,1811981 0,09059906
0,6103516 0,193119 0,09655952
0,6103516 0,1907349 0,09536743
0,3051758 0,1811981 0,09059906
0,6103516 0,1907349 0,09536743
0,6103516 0,2074242 0,1037121
0,6103516 0,1907349 0,09536743
0,6103516 0,1978874 0,09894371
0,6103516 0,2145767 0,1072884
0,3051758 0,20504 0,10252
0,3051758 0,1811981 0,09059906
0,6103516 0,2074242 0,1037121
0,6103516 0,1835823 0,09179115
0,6103516 0,2098083 0,1049042
0,6103516 0,193119 0,09655952
0,6103516 0,2074242 0,1037121
0,6103516 0,2098083 0,1049042
0,6103516 0,1907349 0,09536743
0,6103516 0,2360344 0,1180172
0,3051758 0,2002716 0,1001358
0,6103516 0,2527237 0,1263618
0,6103516 0,2264977 0,1132488
0,6103516 0,2002716 0,1001358
0,6103516 0,2408028 0,1204014
0,6103516 0,2026558 0,1013279
0,6103516 0,243187 0,1215935
0,6103516 0,2264977 0,1132488
0,6103516 0,2598763 0,1299381
0,6103516 0,2503395 0,1251698
0,6103516 0,2646446 0,1323223
0,6103516 0,2527237 0,1263618
0,6103516 0,2717972 0,1358986
0,6103516 0,2861023 0,1430511
0,6103516 0,2670288 0,1335144
0,6103516 0,2598763 0,1299381
0,6103516 0,2813339 0,140667
0,9155273 0,3123283 0,1561642
0,6103516 0,3147125 0,1585484
0,6103516 0,2765656 0,1382828
0,6103516 0,30756 0,15378
0,3051758 0,3051758 0,1525879
0,6103516 0,3290176 0,1657009
0,6103516 0,3170967 0,1597404
0,6103516 0,3242493 0,1859665
0,6103516 0,3194809 0,1621246
0,6103516 0,3266335 0,1943111
1,220703 0,3623962 0,2110004
0,6103516 0,3266335 0,20504
0,6103516 0,3361702 0,2276897
0,6103516 0,3409386 0,2121925
0,9155273 0,3480911 0,2133846
0,6103516 0,333786 0,2229214
0,9155273 0,3552437 0,243187
0,6103516 0,3647804 0,2551079
0,9155273 0,3600121 0,2515316
0,9155273 0,3600121 0,2586842
1,220703 0,3600121 0,2658367
1,220703 0,3957748 0,2896786
0,9155273 0,3910065 0,2837181
0,6103516 0,3743172 0,2753735
0,9155273 0,4076958 0,3099442
1,220703 0,4220009 0,3230572
0,9155273 0,398159 0,2968311
0,9155273 0,4076958 0,3159046
1,525879 0,4482269 0,3361702
0,9155273 0,4243851 0,3254414
0,9155273 0,436306 0,3397465
0,9155273 0,4410744 0,3421307
1,220703 0,5054474 0,371933
0,9155273 0,4839897 0,371933
1,525879 0,5602837 0,4076958
1,220703 0,5817413 0,4255772
1,220703 0,6151199 0,4506111
2,13623 0,7390976 0,5078316
1,831055 0,7987022 0,5698204
1,831055 0,872612 0,6198883
2,746582 0,9870529 0,7140636
2,441406 1,094341 0,8022785
4,882813 1,318455 0,9608269
3,967285 1,56641 1,153946
4,577637 1,916885 1,393557
5,493164 2,095699 1,583099
5,79834 2,472401 1,869202
6,713867 2,851486 2,213717
12,20703 3,311634 2,527237
8,239746 3,521442 2,774
11,90186 4,091263 3,167391
13,73291 4,827976 3,695488
13,73291 5,605221 4,273653
18,00537 6,685257 4,967451
14,95361 8,146763 6,073713
18,00537 10,23531 7,551908
20,44678 11,87801 9,052753
29,60205 13,38243 10,13041
22,27783 13,95464 10,92315
27,16064 15,32793 12,01034
28,9917 16,48903 13,52549
34,17969 17,97676 14,70566
28,68652 19,03534 15,558
37,53662 20,31565 16,68096
36,62109 21,09289 17,77649
40,58838 22,93348 19,01269
42,41943 25,06018 20,25843
50,65918 27,58026 21,74735
46,38672 30,97773 24,58096
46,38672 31,76928 26,37506
58,89893 35,18105 28,96547
51,57471 36,48758 30,02048
57,06787 38,23519 31,55231
53,71094 39,82782 33,50257
59,2041 40,59553 33,82565
74,15771 42,64593 35,79736
59,2041 44,20757 37,82392
75,07324 43,79749 37,03476
71,10596 44,56282 37,33875
78,125 45,65239 38,44621
70,80078 45,87412 39,2127
64,39209 45,16125 38,73111
65,91797 46,35096 39,47736
81,78711 48,45381 41,31795
68,0542 49,11423 41,76975
86,36475 52,18983 43,62109
74,15771 50,31109 43,05963
82,70264 51,57232 44,40784
78,73535 52,40202 44,12415
77,81982 52,23989 44,31011
72,63184 54,06857 46,53931
75,68359 53,15304 46,00407
81,78711 53,98035 45,66789
83,61816 55,28688 47,59312
85,75439 57,76167 49,49332
90,33203 57,96909 50,08222
90,33203 57,33013 48,94614
87,28027 57,69491 49,71862
83,92334 58,24089 49,85097
91,24756 58,87508 50,65563
89,11133 60,89211 52,15764
96,74072 61,54776 52,51172
90,02686 61,00416 52,1469
89,72168 63,89141 53,15662
87,58545 62,5968 53,14829
89,4165 62,79945 53,61442
96,43555 66,28992 56,0868
97,35107 66,81682 56,55293
93,99414 64,58759 55,41803
90,63721 65,90843 56,54932
94,29932 66,46634 57,29321
91,55273 68,86246 59,46758
92,77344 68,44522 59,2709
99,18213 68,841 59,09924
94,60449 70,07359 60,34972
101,0132 70,66251 60,34135
112,3047 69,55623 61,10551
97,96143 70,14037 61,44167
93,07861 68,91251 58,91803
96,43555 72,80827 62,12358
92,77344 72,12161 61,95901
94,29932 71,28 61,79811
92,16309 70,56474 59,92413
102,5391 73,51399 63,45633
101,6235 75,3069 64,64603
107,1167 73,95029 63,28943
97,35107 74,82053 63,11418
101,6235 75,34746 64,72113
98,87695 76,29395 65,65454
97,96143 75,69551 64,48509
99,79248 74,53442 64,38258
104,6753 75,16862 64,81528
97,0459 77,37396 66,83469
101,9287 77,52419 66,53076
91,85791 77,19756 66,47707
105,2856 77,98674 66,32446
99,79248 76,22959 67,02665
103,1494 76,63487 66,0157
100,0977 78,35869 68,01729
95,52002 76,34641 64,82125
95,21484 78,11308 66,6285
97,0459 78,18939 65,69032
99,18213 78,24187 66,56889
102,5391 78,5923 66,99206
94,90967 78,37296 68,51437
105,896 79,10013 67,55707
96,74072 78,69005 67,24718
96,74072 80,03708 68,69437
101,6235 78,25377 67,82773
107,4219 83,20572 72,78445
102,2339 80,6785 69,98183
102,8442 81,65358 71,38727
103,4546 81,67509 70,03071
106,8115 82,18528 70,89616
101,6235 82,06131 71,43738
104,3701 84,24997 73,69517
114,7461 85,82835 75,06731
110,1685 82,93867 72,91557
103,1494 85,09637 72,60207
103,1494 85,48978 74,07672
104,0649 84,86033 74,26264
103,4546 84,28813 73,49495
111,084 86,9846 75,44878
120,2393 86,1669 75,43214
103,4546 87,0228 75,76112
108,9478 87,31367 75,9959
111,9995 88,54628 77,63155
