0,8138021 0,4434589 0,3178923
0,8138021 0,4577641 0,3274293
0,8138021 0,4482274 0,3369663
1,017253 0,4498168 0,331403
0,8138021 0,4577641 0,3385558
0,8138021 0,4609431 0,3496818
0,8138021 0,4736589 0,3655761
0,8138021 0,4879641 0,3743181
0,8138021 0,4816062 0,3687551
1,220703 0,4895535 0,3814705
1,627604 0,5197531 0,4005438
1,017253 0,4975008 0,3941859
1,220703 0,508627 0,3949808
1,017253 0,5261108 0,4180274
1,017253 0,5229319 0,4100803
1,017253 0,5213425 0,4172327
0,8138021 0,5181636 0,4148485
1,017253 0,5372368 0,4323322
1,017253 0,5372368 0,4212063
1,220703 0,5483629 0,4402794
1,017253 0,5563101 0,444253
1,017253 0,5690255 0,4537895
1,017253 0,5435945 0,4434582
1,017253 0,5801516 0,4577632
1,220703 0,5992247 0,4831939
1,220703 0,5865093 0,4649155
1,017253 0,5849198 0,4696838
1,017253 0,6024036 0,4839886
1,017253 0,5833303 0,4657102
1,424154 0,6246561 0,4887572
1,220703 0,6119404 0,4903464
0,8138021 0,6262458 0,4959097
1,017253 0,6659825 0,5157775
1,017253 0,6437299 0,5094197
1,017253 0,6643931 0,5229302
1,220703 0,6834667 0,5332619
1,627604 0,7200241 0,5753837
1,424154 0,70254 0,5515411
1,220703 0,7120768 0,580947
1,220703 0,7295607 0,5841258
1,220703 0,7263818 0,5857154
1,220703 0,7692969 0,6270419
1,627604 0,796318 0,6453208
1,424154 0,7899599 0,6413472
1,627604 0,8153915 0,6596259
1,424154 0,8233389 0,6643943
1,424154 0,9012233 0,723999
1,627604 0,9346023 0,7494305
1,627604 0,9568546 0,778835
1,627604 0,9886435 0,8114182
1,831055 1,034736 0,8479746
1,831055 1,111029 0,9131411
2,237956 1,152356 0,934599
2,034505 1,244546 1,021226
2,848307 1,306535 1,060962
2,237956 1,424155 1,176202
2,848307 1,495679 1,209579
2,644857 1,579919 1,296201
3,051758 1,672107 1,392362
3,255208 1,784961 1,498063
3,86556 1,90894 1,589459
4,069011 2,045631 1,703104
4,069011 2,201396 1,847742
4,069011 2,404851 1,979669
10,78288 2,710023 2,214112
30,3141 3,681182 2,762473
37,63829 4,224774 3,140765
36,21418 5,105335 3,684361
37,02795 6,829897 4,690489
52,28682 9,121898 6,113054
93,38377 14,33373 9,092491
86,87348 19,44225 12,23088
115,3561 26,40724 17,32826
137,5319 42,13174 27,2568
133,8698 58,66372 38,17324
161,5389 79,78121 55,63734
176,7982 99,60011 73,73568
187,3779 115,9633 90,75392
189,4125 128,3752 102,6811
192,4643 136,3781 110,6204
192,4643 150,9946 124,9412
192,4643 156,7866 131,5923
192,4643 158,4539 132,5738
192,4643 166,484 142,0414
192,4643 167,6348 145,1067
192,4643 166,662 142,8806
192,4643 173,3888 148,9969
192,4643 174,2041 150,9606
192,4643 179,2619 157,0522
192,4643 177,3179 155,6781
192,4643 176,5725 156,7629
192,4643 179,7436 157,1047
192,4643 179,8691 160,7231
192,4643 179,5083 160,0356
192,4643 183,8507 163,902
192,4643 181,3537 161,068
192,4643 180,1806 159,7828
192,4643 181,7034 162,3451
192,4643 182,4267 164,5282
192,4643 183,5297 164,603
192,4643 181,697 162,2966
192,4643 186,5052 166,7679
192,4643 181,8305 163,3099
192,4643 185,1304 166,0915
192,4643 182,5506 162,5414
192,4643 185,5166 166,6614
192,4643 186,874 167,7493
192,4643 186,1445 165,2953
192,4643 185,4101 165,4844
192,4643 185,116 165,3572
192,4643 183,2309 164,0363
192,4643 183,0163 163,4347
192,4643 187,7594 167,0786
192,4643 187,6258 167,0626
192,4643 185,2464 166,3347
192,4643 180,0137 163,228
192,4643 181,8337 162,6734
192,4643 188,0216 167,805
192,4643 187,513 166,8505
192,4643 185,4943 166,2798
192,4643 185,7486 166,6708
192,4643 186,5435 166,4459
192,4643 186,8518 166,3022
192,4643 184,4119 164,8064
192,4643 186,4385 168,161
192,4643 185,7009 167,3391
192,4643 186,2589 166,8616
192,4643 187,4335 167,9353
192,4643 187,2444 168,3827
192,4643 187,2825 167,2701
192,4643 186,0713 167,0087
192,4643 185,1796 165,4318
192,4643 188,764 168,4266
192,4643 186,4624 167,2042
192,4643 184,2847 165,3651
192,4643 183,1133 165,2594
192,4643 183,8444 165,3977
192,4643 182,8255 164,7364
192,4643 181,2933 161,9827
192,4643 183,2293 164,8453
192,4643 186,2176 167,0945
192,4643 184,0971 165,3174
192,4643 184,4834 165,8729
192,4643 186,75 167,247
192,4643 184,7822 165,5971
192,4643 184,6822 165,6759
192,4643 183,2325 164,0053
192,4643 185,9298 166,7122
192,4643 186,2589 167,1612
192,4643 184,1735 165,7545
192,4643 184,636 165,6433
192,4643 186,9154 168,0585
192,4643 185,941 166,3085
192,4643 184,7632 166,7297
192,4643 186,3829 166,2624
192,4643 185,4577 167,6332
192,4643 188,7958 170,0295
192,4643 184,1782 165,5598
192,4643 184,0002 165,6059
192,4643 182,5125 164,769
192,4643 183,7173 166,0128
192,4643 186,0856 166,8234
192,4643 187,0648 164,8398
192,4643 187,4399 168,2063
192,4643 186,2859 168,5179
192,4643 186,7246 167,267
192,4643 188,1345 169,7425
192,4643 184,0892 166,0979
192,4643 186,1317 167,0341
192,4643 184,0383 165,9778
192,4643 187,7402 169,4404
192,4643 188,214 168,649
192,4643 188,5017 169,7728
