0,6103516 0,41008 0,302792
0,8138021 0,4514063 0,328224
0,8138021 0,4482274 0,3353768
0,8138021 0,4529957 0,337761
0,8138021 0,4593536 0,3393505
0,8138021 0,4688904 0,363192
1,017253 0,4959114 0,38306
1,017253 0,4831956 0,3894175
0,8138021 0,5102164 0,3957754
0,8138021 0,4975009 0,3933912
1,017253 0,519753 0,4172326
1,220703 0,5515417 0,4378953
0,8138021 0,5483628 0,4378951
1,017253 0,5992248 0,4688891
1,220703 0,6437299 0,5062409
1,220703 0,6659824 0,5165721
1,424154 0,6834665 0,5284935
1,424154 0,7438658 0,5825362
1,627604 0,7947283 0,6238629
1,627604 0,8408231 0,6540627
1,627604 0,8710231 0,6763153
1,424154 0,9187075 0,7160518
1,831055 0,9663914 0,7573774
2,034505 0,9918224 0,743867
2,034505 1,029969 0,7788337
3,86556 1,08242 0,8336695
2,237956 1,101493 0,8193642
2,441406 1,084009 0,8130066
2,644857 1,107851 0,8455899
2,441406 1,115797 0,8344633
2,441406 1,201629 0,9004264
2,848307 1,233418 0,9012213
2,848307 1,246135 0,9330105
6,306965 1,381241 1,005332
6,306965 1,443229 1,081626
6,713867 1,560848 1,111031
6,306966 1,734096 1,23342
7,120766 1,765887 1,23183
6,103515 1,958211 1,366933
6,510416 2,1712 1,559259
16,0726 2,48273 1,764296
13,63119 2,668701 1,906555
13,22429 2,940494 2,083778
16,27605 3,258386 2,371469
12,20703 3,623965 2,601146
15,05534 4,183452 2,974668
14,64844 4,696844 3,312428
16,27605 5,561511 3,95775
19,73471 6,407102 4,448097
18,31056 7,445019 5,16494
25,02441 9,66072 6,554924
22,58301 12,24995 8,366902
30,3141 15,06488 11,19455
33,5693 17,519 13,67728
35,1969 19,1768 16,07418
35,1969 20,37207 17,13276
38,45209 21,68655 18,25809
43,13148 23,89113 20,07326
38,65554 25,76827 20,66056
49,23504 30,30616 24,35763
49,64195 33,2244 28,35352
50,04885 35,02842 29,64098
45,166 34,81543 29,40414
45,166 36,07268 31,06433
44,7591 36,09653 31,69614
57,57658 36,55112 31,8837
56,55932 37,14717 31,99655
60,42491 37,1122 31,47044
47,81088 37,55405 32,59497
50,86266 38,17395 33,21804
51,06611 38,41554 33,46679
51,26957 38,50932 32,71976
51,26957 38,84788 33,70839
56,76277 39,52658 34,63185
55,74551 39,80473 33,72031
48,42123 39,95732 35,14286
51,06611 40,65509 35,43296
51,87992 39,68711 34,13435
53,50754 40,39125 35,06501
55,13515 40,72663 35,06261
54,11789 40,85059 35,24779
61,84907 41,75341 36,5718
55,74551 40,98095 35,49731
52,28682 40,7902 35,36858
55,74551 41,57382 35,78581
56,96622 41,82495 36,68943
52,69373 40,85537 35,26766
54,9317 41,213 35,65708
55,54206 42,20164 36,81181
55,94896 41,94893 36,99938
59,20419 43,1172 37,99676
58,39038 42,45439 36,96124
55,13515 42,39556 37,19884
56,35586 41,74706 36,62109
57,57658 42,20006 37,27276
55,54206 42,76274 37,59065
52,49028 42,7802 37,10666
55,13515 41,54041 36,06715
59,6111 42,06178 36,40094
52,08337 41,85831 37,39991
54,11789 42,52272 37,19645
63,47669 42,67691 36,42957
55,74551 42,52591 36,71804
55,13515 42,89943 37,84497
57,98348 43,78635 38,43863
56,76277 43,36673 37,16468
55,94896 43,32541 37,56205
53,50754 43,34926 37,11224
56,96622 43,09175 37,24494
55,3386 42,50523 36,53127
56,76277 43,06633 38,23438
58,18694 42,8867 37,54217
60,62835 42,35899 36,17444
60,018 43,28091 37,83622
60,018 42,89308 37,51834
55,3386 43,61628 37,79808
56,55932 42,34789 37,09555
56,15241 42,75003 37,3888
62,25598 43,14739 37,28627
58,59384 43,23005 38,10883
57,37313 43,92623 37,51674
66,73192 43,93259 38,50062
55,13515 43,3858 38,96633
51,06611 42,63081 37,2346
59,40765 43,28567 38,23281
55,74551 43,59402 38,30193
57,57658 43,22527 38,44101
56,96622 43,22368 37,5223
56,96622 43,78318 38,68739
58,59384 43,40807 37,71465
62,45943 43,90239 38,07307
53,71099 43,69576 38,80979
56,76277 43,19984 38,62538
58,79729 43,82927 37,79491
61,23872 44,39354 39,14119
60,22145 44,11538 38,36312
59,81455 43,95008 38,56023
54,72825 43,71961 38,30989
57,16967 43,76889 38,99655
61,23871 43,38739 37,93158
53,50754 43,94848 38,68025
55,54206 44,11379 38,94409
58,39038 43,66874 38,04842
60,42491 44,6431 38,54354
57,37313 43,75139 38,20021
55,94896 42,98526 38,07306
60,83181 44,20281 38,40763
55,3386 44,30134 38,3846
63,47669 44,86403 39,62043
65,30775 45,10562 39,95259
56,35587 44,99119 39,47896
58,59384 44,75118 39,30492
60,42491 43,80067 37,77423
55,54206 44,3697 39,68877
56,35587 45,07225 39,01881
63,47669 44,26004 38,72237
59,40764 44,99594 39,56954
61,23872 44,12968 38,2169
59,6111 44,06452 39,47815
58,39038 44,70666 39,28025
55,3386 44,25208 39,28106
65,71466 44,65103 39,16264
62,45943 44,82905 39,35337
