0,6103516 0,140667 0,07033348
0,6103516 0,1573563 0,07867813
0,3051758 0,1311302 0,06556511
0,3051758 0,1263618 0,06318092
0,6103516 0,1239777 0,06198883
0,6103516 0,1382828 0,06914139
0,6103516 0,1525879 0,07629395
0,6103516 0,140667 0,07033348
0,3051758 0,1358986 0,0679493
0,6103516 0,1549721 0,07748604
0,6103516 0,1358986 0,0679493
0,3051758 0,1597404 0,07987022
0,6103516 0,1311302 0,06556511
0,3051758 0,1358986 0,0679493
0,6103516 0,1215935 0,06079674
0,3051758 0,1597404 0,07987022
0,6103516 0,1358986 0,0679493
0,6103516 0,1358986 0,0679493
0,3051758 0,1454353 0,07271767
0,6103516 0,1502037 0,07510185
0,3051758 0,128746 0,06437302
0,6103516 0,140667 0,07033348
0,6103516 0,1716614 0,08583069
0,3051758 0,1263618 0,06318092
0,6103516 0,140667 0,07033348
0,3051758 0,1382828 0,06914139
0,3051758 0,1549721 0,07748604
0,6103516 0,1621246 0,08106232
0,6103516 0,1525879 0,07629395
0,6103516 0,1430511 0,07152557
0,3051758 0,1215935 0,06079674
0,6103516 0,1144409 0,05722046
0,6103516 0,1454353 0,07271767
0,6103516 0,1692772 0,0846386
0,3051758 0,1120567 0,05602837
0,6103516 0,1215935 0,06079674
0,6103516 0,128746 0,06437302
0,6103516 0,1358986 0,0679493
0,3051758 0,1478195 0,07390976
0,6103516 0,1335144 0,0667572
0,6103516 0,1502037 0,07510185
0,6103516 0,1597404 0,07987022
0,6103516 0,1549721 0,07748604
0,6103516 0,1716614 0,08583069
0,3051758 0,128746 0,06437302
0,6103516 0,1645088 0,08225441
0,6103516 0,140667 0,07033348
0,6103516 0,1549721 0,07748604
0,6103516 0,128746 0,06437302
0,6103516 0,1311302 0,06556511
0,6103516 0,1716614 0,08583069
0,6103516 0,1311302 0,06556511
0,6103516 0,1382828 0,06914139
0,6103516 0,1573563 0,07867813
0,6103516 0,1811981 0,09059906
0,6103516 0,140667 0,07033348
0,6103516 0,1430511 0,07152557
0,6103516 0,1525879 0,07629395
0,6103516 0,1454353 0,07271767
0,6103516 0,166893 0,0834465
0,6103516 0,1549721 0,07748604
0,6103516 0,1597404 0,07987022
0,6103516 0,1502037 0,07510185
0,6103516 0,1454353 0,07271767
0,3051758 0,166893 0,0834465
0,6103516 0,1597404 0,07987022
0,6103516 0,1478195 0,07390976
0,3051758 0,1382828 0,06914139
0,6103516 0,1549721 0,07748604
0,9155273 0,128746 0,06437302
0,3051758 0,1454353 0,07271767
0,6103516 0,1645088 0,08225441
0,6103516 0,1788139 0,08940697
0,3051758 0,1692772 0,0846386
0,6103516 0,1788139 0,08940697
0,6103516 0,1859665 0,09298325
0,6103516 0,1907349 0,09536743
0,6103516 0,1573563 0,07867813
0,6103516 0,1645088 0,08225441
0,6103516 0,193119 0,09655952
0,3051758 0,1478195 0,07390976
0,6103516 0,193119 0,09655952
0,6103516 0,1645088 0,08225441
0,3051758 0,1716614 0,08583069
0,3051758 0,1335144 0,0667572
0,6103516 0,1525879 0,07629395
0,6103516 0,1454353 0,07271767
0,6103516 0,1573563 0,07867813
0,6103516 0,1549721 0,07748604
0,6103516 0,1549721 0,07748604
0,3051758 0,1740456 0,08702278
0,6103516 0,1621246 0,08106232
0,6103516 0,1430511 0,07152557
0,3051758 0,1645088 0,08225441
0,6103516 0,1549721 0,07748604
0,6103516 0,1549721 0,07748604
0,6103516 0,193119 0,09655952
0,3051758 0,1549721 0,07748604
0,6103516 0,1573563 0,07867813
0,6103516 0,1621246 0,08106232
0,6103516 0,1835823 0,09179115
0,6103516 0,1883507 0,09417534
0,6103516 0,1740456 0,08702278
0,6103516 0,1716614 0,08583069
0,3051758 0,1454353 0,07271767
0,6103516 0,1955032 0,09775162
0,6103516 0,1859665 0,09298325
0,6103516 0,1764297 0,08821487
0,6103516 0,2026558 0,1013279
0,6103516 0,1573563 0,07867813
0,6103516 0,1859665 0,09298325
0,6103516 0,2121925 0,1060963
0,6103516 0,1692772 0,0846386
0,6103516 0,1430511 0,07152557
0,3051758 0,1740456 0,08702278
0,3051758 0,1764297 0,08821487
0,3051758 0,1621246 0,08106232
0,6103516 0,1311302 0,06556511
0,6103516 0,193119 0,09655952
0,6103516 0,1716614 0,08583069
0,3051758 0,1502037 0,07510185
0,6103516 0,1764297 0,08821487
0,6103516 0,1978874 0,09894371
0,6103516 0,1716614 0,08583069
0,3051758 0,1716614 0,08583069
0,6103516 0,1907349 0,09536743
0,6103516 0,1811981 0,09059906
0,6103516 0,1811981 0,09059906
0,6103516 0,166893 0,0834465
0,6103516 0,2074242 0,1037121
0,6103516 0,1788139 0,08940697
0,6103516 0,1335144 0,0667572
0,6103516 0,1335144 0,0667572
0,6103516 0,1811981 0,09059906
0,3051758 0,1573563 0,07867813
0,6103516 0,193119 0,09655952
0,6103516 0,20504 0,10252
0,3051758 0,1692772 0,0846386
0,6103516 0,166893 0,0834465
0,6103516 0,1788139 0,08940697
0,6103516 0,2026558 0,1013279
0,6103516 0,1621246 0,08106232
0,6103516 0,2026558 0,1013279
0,6103516 0,1764297 0,08821487
0,6103516 0,1764297 0,08821487
0,6103516 0,1859665 0,09298325
0,6103516 0,193119 0,09655952
0,6103516 0,1716614 0,08583069
0,6103516 0,1764297 0,08821487
0,6103516 0,1978874 0,09894371
0,6103516 0,2074242 0,1037121
0,3051758 0,1788139 0,08940697
0,6103516 0,1645088 0,08225441
0,6103516 0,1740456 0,08702278
0,6103516 0,1430511 0,07152557
0,6103516 0,2002716 0,1001358
0,6103516 0,1740456 0,08702278
0,6103516 0,193119 0,09655952
0,6103516 0,1549721 0,07748604
0,6103516 0,1764297 0,08821487
0,6103516 0,166893 0,0834465
0,6103516 0,1764297 0,08821487
0,3051758 0,1907349 0,09536743
0,6103516 0,1883507 0,09417534
0,6103516 0,193119 0,09655952
0,6103516 0,140667 0,07033348
0,6103516 0,1597404 0,07987022
0,6103516 0,1716614 0,08583069
0,6103516 0,1716614 0,08583069
0,6103516 0,1740456 0,08702278
0,6103516 0,1478195 0,07390976
0,6103516 0,1955032 0,09775162
0,6103516 0,1597404 0,07987022
0,6103516 0,1978874 0,09894371
0,6103516 0,1716614 0,08583069
0,6103516 0,1788139 0,08940697
0,6103516 0,1811981 0,09059906
0,6103516 0,1692772 0,0846386
0,6103516 0,1978874 0,09894371
0,6103516 0,1811981 0,09059906
0,6103516 0,193119 0,09655952
0,6103516 0,1978874 0,09894371
0,6103516 0,1835823 0,09179115
0,6103516 0,2074242 0,1037121
0,3051758 0,2121925 0,1060963
0,6103516 0,2002716 0,1001358
0,6103516 0,1859665 0,09298325
0,6103516 0,1978874 0,09894371
0,6103516 0,2264977 0,1132488
0,6103516 0,2026558 0,1013279
0,6103516 0,2384186 0,1192093
0,6103516 0,2360344 0,1180172
0,6103516 0,1883507 0,09417534
0,6103516 0,1883507 0,09417534
0,6103516 0,2408028 0,1204014
0,6103516 0,1788139 0,08940697
0,6103516 0,2169609 0,1084805
0,6103516 0,2026558 0,1013279
0,6103516 0,1883507 0,09417534
0,6103516 0,2026558 0,1013279
0,6103516 0,1955032 0,09775162
0,6103516 0,193119 0,09655952
0,3051758 0,193119 0,09655952
0,6103516 0,2074242 0,1037121
0,9155273 0,1978874 0,09894371
0,3051758 0,1573563 0,07867813
0,6103516 0,2002716 0,1001358
0,6103516 0,1740456 0,08702278
0,6103516 0,231266 0,115633
0,6103516 0,2288818 0,1144409
0,6103516 0,1788139 0,08940697
0,3051758 0,1907349 0,09536743
0,9155273 0,2479553 0,1239777
0,6103516 0,2121925 0,1060963
0,6103516 0,2241135 0,1120567
0,6103516 0,2336502 0,1168251
0,6103516 0,2241135 0,1120567
0,6103516 0,1907349 0,09536743
0,6103516 0,1859665 0,09298325
0,6103516 0,1859665 0,09298325
0,6103516 0,231266 0,115633
0,6103516 0,2145767 0,1072884
0,6103516 0,2026558 0,1013279
0,6103516 0,2455711 0,1227856
0,6103516 0,2241135 0,1120567
0,6103516 0,2336502 0,1168251
0,3051758 0,1835823 0,09179115
0,6103516 0,2002716 0,1001358
0,6103516 0,2264977 0,1132488
0,6103516 0,2241135 0,1120567
0,6103516 0,2121925 0,1060963
0,3051758 0,193119 0,09655952
0,6103516 0,2098083 0,1049042
0,6103516 0,231266 0,115633
0,6103516 0,1907349 0,09536743
0,6103516 0,2217293 0,1108646
0,6103516 0,2217293 0,1108646
0,6103516 0,2002716 0,1001358
0,6103516 0,2408028 0,1204014
0,6103516 0,231266 0,115633
0,6103516 0,2408028 0,1204014
0,6103516 0,2074242 0,1037121
0,6103516 0,2217293 0,1108646
0,6103516 0,2360344 0,1180172
0,6103516 0,2169609 0,1084805
0,6103516 0,2527237 0,1263618
0,6103516 0,2574921 0,128746
0,6103516 0,2384186 0,1192093
0,6103516 0,2241135 0,1120567
0,6103516 0,2503395 0,1251698
0,6103516 0,2551079 0,1275539
0,6103516 0,2169609 0,1084805
0,6103516 0,2479553 0,1239777
0,6103516 0,2336502 0,1168251
0,6103516 0,2336502 0,1168251
0,6103516 0,2646446 0,1323223
0,6103516 0,2598763 0,1299381
0,6103516 0,2384186 0,1192093
0,6103516 0,2408028 0,1204014
0,6103516 0,2551079 0,1275539
0,6103516 0,2884865 0,1442432
0,6103516 0,2503395 0,1251698
0,6103516 0,2360344 0,1180172
0,6103516 0,269413 0,1347065
0,6103516 0,2455711 0,1227856
0,6103516 0,231266 0,115633
0,6103516 0,2670288 0,1335144
0,6103516 0,2622604 0,1311302
0,6103516 0,2384186 0,1192093
0,6103516 0,2551079 0,1275539
0,6103516 0,2384186 0,1192093
0,6103516 0,2193451 0,1096725
0,6103516 0,2574921 0,128746
0,6103516 0,2479553 0,1239777
0,6103516 0,2408028 0,1204014
0,6103516 0,2908707 0,1454353
0,6103516 0,2789497 0,1394749
0,6103516 0,243187 0,1215935
0,3051758 0,2217293 0,1108646
0,6103516 0,2598763 0,1299381
0,6103516 0,2598763 0,1299381
0,6103516 0,2717972 0,1358986
0,6103516 0,2717972 0,1358986
0,6103516 0,3004074 0,1502037
0,6103516 0,2264977 0,1132488
0,6103516 0,2408028 0,1204014
0,6103516 0,3099442 0,1549721
0,6103516 0,2837181 0,1418591
0,6103516 0,2908707 0,1454353
0,6103516 0,2622604 0,1311302
0,9155273 0,2527237 0,1263618
0,6103516 0,2837181 0,1418591
0,6103516 0,2765656 0,1382828
0,6103516 0,2646446 0,1323223
0,6103516 0,2813339 0,140667
0,6103516 0,2264977 0,1132488
0,6103516 0,2598763 0,1299381
0,3051758 0,2551079 0,1275539
0,6103516 0,3004074 0,1502037
0,9155273 0,2908707 0,1454353
0,6103516 0,2622604 0,1311302
0,6103516 0,2574921 0,128746
0,6103516 0,2837181 0,1418591
0,6103516 0,2932549 0,1466274
0,6103516 0,2646446 0,1323223
0,6103516 0,2646446 0,1323223
0,6103516 0,2408028 0,1204014
0,9155273 0,2861023 0,1430511
0,6103516 0,2551079 0,1275539
0,6103516 0,2765656 0,1382828
0,6103516 0,2717972 0,1358986
0,6103516 0,2813339 0,140667
0,6103516 0,2455711 0,1227856
0,6103516 0,3051758 0,1525879
0,6103516 0,2574921 0,128746
0,9155273 0,2717972 0,1358986
0,6103516 0,2837181 0,1418591
0,6103516 0,2980232 0,1490116
0,6103516 0,243187 0,1215935
0,6103516 0,2789497 0,1394749
0,6103516 0,2884865 0,1442432
0,6103516 0,2717972 0,1358986
0,6103516 0,2741814 0,1370907
0,6103516 0,2503395 0,1251698
0,6103516 0,3099442 0,1609325
0,6103516 0,2479553 0,1239777
0,6103516 0,2598763 0,1299381
0,6103516 0,2717972 0,1358986
0,9155273 0,3147125 0,1573563
0,6103516 0,295639 0,1478195
0,6103516 0,2551079 0,1275539
0,9155273 0,2765656 0,1382828
0,6103516 0,2932549 0,1466274
0,6103516 0,2980232 0,1490116
0,6103516 0,295639 0,1478195
0,6103516 0,2980232 0,1490116
0,6103516 0,2717972 0,1358986
0,6103516 0,3004074 0,1502037
0,6103516 0,269413 0,1347065
0,6103516 0,2884865 0,1442432
0,6103516 0,2980232 0,1490116
0,6103516 0,2789497 0,1394749
0,6103516 0,3147125 0,1573563
0,6103516 0,2670288 0,1335144
0,6103516 0,2932549 0,1466274
0,6103516 0,3170967 0,1704693
0,9155273 0,3147125 0,1573563
0,9155273 0,30756 0,15378
0,6103516 0,295639 0,1478195
0,6103516 0,3099442 0,1597404
0,6103516 0,3218651 0,1609325
0,9155273 0,30756 0,15378
0,6103516 0,2765656 0,1382828
0,6103516 0,3027916 0,1513958
0,6103516 0,3194809 0,1597404
0,6103516 0,3218651 0,1609325
0,6103516 0,3147125 0,1657009
0,9155273 0,3218651 0,1764297
0,6103516 0,3123283 0,1621246
0,6103516 0,30756 0,15378
0,6103516 0,30756 0,1561642
0,6103516 0,3170967 0,1692772
0,9155273 0,333786 0,1847744
0,6103516 0,3099442 0,1680851
0,6103516 0,3123283 0,1561642
0,6103516 0,3170967 0,1692772
0,6103516 0,3123283 0,1561642
1,220703 0,3218651 0,1609325
0,6103516 0,3218651 0,1740456
0,6103516 0,3147125 0,1573563
0,6103516 0,3218651 0,180006
0,9155273 0,3266335 0,1847744
0,6103516 0,3266335 0,1716614
0,6103516 0,3170967 0,1764297
0,6103516 0,3290176 0,1716614
0,6103516 0,3314018 0,180006
0,6103516 0,3218651 0,180006
0,6103516 0,3218651 0,1835823
0,6103516 0,3123283 0,1740456
0,6103516 0,3170967 0,1835823
0,6103516 0,3266335 0,1883507
0,6103516 0,3218651 0,1764297
0,6103516 0,3170967 0,166893
0,6103516 0,3099442 0,1764297
0,6103516 0,3147125 0,2014637
0,6103516 0,3266335 0,1895428
0,9155273 0,3266335 0,1788139
0,6103516 0,3099442 0,1740456
0,9155273 0,3290176 0,1966953
0,6103516 0,3242493 0,1752377
0,6103516 0,3194809 0,1859665
0,6103516 0,3194809 0,1776218
0,6103516 0,3218651 0,193119
0,6103516 0,3194809 0,1883507
0,6103516 0,3170967 0,1823902
0,6103516 0,3314018 0,2002716
0,6103516 0,3218651 0,1752377
0,6103516 0,3099442 0,1859665
0,6103516 0,3242493 0,1811981
0,6103516 0,3170967 0,1692772
0,6103516 0,3147125 0,191927
0,6103516 0,3218651 0,1966953
0,6103516 0,3218651 0,1907349
0,6103516 0,3123283 0,1597404
0,6103516 0,3361702 0,1990795
0,6103516 0,3123283 0,1835823
0,6103516 0,3242493 0,1752377
0,6103516 0,3242493 0,1907349
0,9155273 0,3266335 0,2086163
0,6103516 0,3170967 0,2145767
0,6103516 0,3290176 0,1990795
0,6103516 0,3218651 0,1823902
0,9155273 0,3242493 0,2074242
0,6103516 0,3314018 0,1990795
0,6103516 0,333786 0,2157688
0,6103516 0,3218651 0,1895428
0,6103516 0,3266335 0,2217293
0,6103516 0,3385544 0,2086163
0,6103516 0,3314018 0,2074242
0,9155273 0,3242493 0,1943111
0,6103516 0,3433228 0,2229214
0,6103516 0,3099442 0,1978874
0,6103516 0,333786 0,2253056
0,6103516 0,3290176 0,2157688
1,220703 0,3266335 0,20504
0,6103516 0,3290176 0,218153
0,6103516 0,3314018 0,2288818
0,6103516 0,3242493 0,2145767
0,6103516 0,3290176 0,2288818
0,6103516 0,3290176 0,2157688
0,9155273 0,3361702 0,2276897
0,6103516 0,3147125 0,2062321
0,9155273 0,3385544 0,2336502
0,6103516 0,333786 0,2419949
0,6103516 0,3409386 0,2396107
0,6103516 0,3457069 0,2586842
0,6103516 0,3433228 0,244379
0,6103516 0,3385544 0,2515316
0,9155273 0,3385544 0,2551079
0,6103516 0,3290176 0,244379
1,220703 0,3480911 0,2527237
0,6103516 0,3528595 0,2527237
0,9155273 0,3576279 0,2658367
0,9155273 0,3552437 0,2646446
0,9155273 0,3600121 0,2563
0,9155273 0,333786 0,2598763
0,9155273 0,3480911 0,2610683
0,6103516 0,3457069 0,2717972
0,6103516 0,3504753 0,2682209
0,6103516 0,3457069 0,2658367
0,6103516 0,3552437 0,2753735
0,9155273 0,3576279 0,2741814
0,6103516 0,3480911 0,2706051
0,9155273 0,3814697 0,295639
0,9155273 0,3576279 0,2872944
0,6103516 0,371933 0,2920628
1,220703 0,3600121 0,2896786
0,6103516 0,3433228 0,2789497
0,9155273 0,3671646 0,2861023
0,9155273 0,3767014 0,3027916
1,220703 0,3790855 0,3015995
0,9155273 0,3767014 0,3063679
0,9155273 0,3910065 0,3111362
0,9155273 0,3957748 0,3218651
0,9155273 0,4053116 0,3325939
0,9155273 0,4196167 0,3409386
1,220703 0,4410744 0,3504753
0,9155273 0,4601479 0,3600121
0,9155273 0,4768372 0,3826618
0,9155273 0,4458427 0,3635883
0,9155273 0,4887581 0,3814697
0,9155273 0,5197525 0,4041195
1,220703 0,5602837 0,4243851
0,9155273 0,5578995 0,4243851
1,220703 0,5531311 0,4267693
0,9155273 0,6103516 0,4541874
1,220703 0,5722046 0,4339218
0,9155273 0,5841255 0,4434586
1,220703 0,6079674 0,4553795
1,220703 0,6198883 0,4601479
1,220703 0,6461143 0,474453
1,220703 0,6055832 0,4541874
1,220703 0,6484985 0,4827976
1,220703 0,6699562 0,4827976
0,9155273 0,6604195 0,4827976
1,220703 0,6651878 0,4887581
0,9155273 0,6484985 0,5149841
1,220703 0,6604195 0,4947186
1,220703 0,6484985 0,4863739
1,220703 0,6723404 0,5042553
1,220703 0,6580353 0,5066395
1,525879 0,679493 0,5209446
1,220703 0,6699562 0,5066395
1,220703 0,6818771 0,5209446
0,9155273 0,6723404 0,5161762
1,525879 0,7033348 0,5447865
1,220703 0,6818771 0,5495548
1,220703 0,6842613 0,5483627
1,220703 0,6961823 0,5424023
1,525879 0,7104874 0,5590916
1,220703 0,7200241 0,576973
1,525879 0,7271767 0,5745888
1,220703 0,7796288 0,6246567
1,831055 0,7486343 0,6008148
1,525879 0,8249283 0,6520748
1,525879 0,8058548 0,6401539
1,525879 0,8773804 0,6914139
1,525879 0,8678436 0,6854534
1,525879 0,8583069 0,6890297
1,831055 0,975132 0,7629395
1,831055 1,032352 0,7927418
2,13623 1,0252 0,7963181
1,831055 1,08242 0,8642673
2,13623 1,15633 0,9226799
2,13623 1,189709 0,9560585
2,746582 1,211166 0,9775162
2,13623 1,301765 1,035929
2,441406 1,420975 1,128912
2,441406 1,413822 1,140833
2,746582 1,459122 1,196861
2,441406 1,471043 1,211166
3,051758 1,590252 1,323223
2,746582 1,599789 1,326799
2,441406 1,597404 1,324415
2,746582 1,745224 1,413822
3,051758 1,77145 1,451969
2,746582 1,847744 1,519918
3,356934 1,893044 1,538992
3,662109 2,012253 1,631975
3,356934 2,052784 1,670122
3,356934 2,202988 1,810789
3,967285 2,281666 1,876354
3,967285 2,543926 2,083778
4,577637 2,682209 2,241135
4,882813 2,737045 2,282858
4,882813 2,841949 2,331734
4,272461 2,896786 2,405643
4,272461 2,82526 2,322197
6,103516 3,073215 2,555847
4,882813 3,252029 2,670288
6,408691 3,414154 2,855062
6,408691 3,483295 2,859831
5,493164 3,5882 2,954006
6,713867 3,79324 3,10421
6,713867 4,024506 3,30925
6,408691 4,272461 3,482103
7,629395 4,394054 3,573895
8,544922 4,546642 3,705025
8,850098 4,863739 3,896952
8,239746 5,13792 4,144907
9,460449 5,402565 4,413128
9,155273 5,688667 4,601479
11,2915 5,977154 4,776716
9,765625 6,473064 5,277395
12,20703 6,973743 5,784035
12,81738 7,228851 5,894899
10,37598 7,202625 5,996227
10,98633 7,39336 6,129742
12,20703 7,717609 6,386042
11,90186 7,953644 6,645918
11,2915 8,161068 6,72102
13,73291 8,294582 6,967783
13,73291 8,6236 7,243156
14,03809 8,797646 7,289648
13,42773 9,231567 7,671118
13,12256 9,083748 7,684231
12,51221 9,155273 7,874966
13,73291 9,434223 7,869005
14,95361 9,539127 8,172989
18,61572 9,756088 8,314848
15,25879 10,02312 8,454323
17,08984 10,26869 8,625984
14,64844 10,0565 8,474588
15,86914 10,23054 8,735657
13,42773 10,3426 8,773804
16,78467 10,54287 8,968115
16,47949 10,67877 8,987188
15,25879 10,64062 8,924007
16,47949 11,13892 9,442568
16,17432 11,10077 9,486675
15,86914 11,55615 9,82523
16,17432 12,02822 10,20193
15,86914 12,08782 10,21862
17,39502 12,42161 10,674
17,39502 12,4979 10,69784
18,31055 12,66003 10,93388
18,31055 13,02719 11,07693
17,39502 13,23223 11,28197
20,44678 13,15832 11,307
18,31055 13,60416 11,54304
18,00537 13,54933 11,6241
22,58301 13,9761 12,00438
19,53125 13,78536 12,0008
19,83643 14,25743 12,39419
20,1416 14,45055 12,37035
19,22607 14,81771 12,72678
20,1416 14,55307 12,65526
21,3623 14,87494 12,90083
19,22607 14,92262 12,97593
19,83643 14,92023 12,96878
20,1416 14,98938 13,0403
20,1416 15,2564 13,27157
19,22607 15,12289 13,38363
21,97266 15,4376 13,26561
20,75195 15,28502 13,38243
20,75195 15,07521 13,26203
22,58301 15,44237 13,2966
24,10889 15,55443 13,56125
20,1416 15,47337 13,48853
21,66748 15,83099 13,86523
20,44678 15,66887 13,69834
19,22607 15,65456 13,79132
20,75195 16,02173 14,00113
21,97266 16,0265 14,04047
22,58301 16,12186 14,07146
21,66748 16,00981 14,15968
23,49854 16,33406 14,28485
24,10889 16,57486 14,38141
22,27783 16,72029 14,57334
21,66748 16,66307 14,62817
23,80371 17,05408 14,925
25,02441 17,14468 14,97507
24,10889 17,35449 15,13362
23,19336 17,69066 15,5139
24,41406 17,89808 15,45429
25,63477 17,7002 15,4531
23,19336 18,25571 15,73205
24,71924 17,72165 15,5282
23,19336 17,85278 15,76424
28,68652 18,30101 15,86437
23,80371 18,33916 16,10756
25,63477 19,03772 16,66546
25,02441 18,77546 16,49022
25,63477 19,05918 16,66069
25,63477 19,01388 16,64281
24,71924 19,3572 16,9909
24,10889 18,78262 16,55579
26,55029 19,11163 16,73937
26,85547 19,17124 16,72506
25,93994 19,39297 17,066
25,32959 19,2523 16,65354
26,24512 19,0258 16,54983
24,41406 19,54556 17,02428
25,32959 19,41681 17,08865
26,24512 20,17021 17,84205
28,38135 19,88888 17,53926
28,07617 19,94133 17,21144
28,68652 19,98425 17,5035
26,24512 20,34187 17,65847
26,24512 20,85447 18,27121
27,16064 20,55883 17,78603
29,90723 20,51115 17,87066
27,16064 20,57791 18,17107
27,16064 21,06905 18,3022
28,68652 20,81156 18,29267
27,771 20,94507 18,30101
28,38135 20,79248 18,08882
28,38135 21,30985 18,74447
27,16064 20,92361 18,2116
30,51758 21,14058 18,37254
28,07617 21,05236 18,39399
28,9917 21,62457 18,75639
28,68652 21,4839 18,82076
30,2124 21,40045 19,05799
29,90723 21,75331 18,93401
26,55029 21,39807 19,09971
28,38135 21,84153 18,93759
27,16064 21,72232 18,97931
27,46582 21,48151 18,96381
28,9917 21,84868 19,28091
28,07617 21,70801 18,97931
27,16064 21,59595 18,84222
27,771 21,75093 19,11402
30,2124 22,04657 19,53602
30,82275 21,86775 19,11521
27,16064 22,03703 19,12236
27,46582 21,90828 19,1617
29,29688 22,44711 19,84358
30,2124 21,94405 19,21296
28,07617 22,46857 19,70291
29,60205 21,56496 19,07468
29,29688 21,80576 19,1164
28,68652 22,07518 19,33694
28,68652 21,66271 19,07825
28,68652 21,73424 19,31906
28,68652 22,00842 19,26661
31,12793 22,37797 19,5384
29,60205 22,41611 19,41562
30,2124 22,27783 19,66357
31,73828 22,04418 19,27137
28,68652 22,18723 19,64211
29,29688 22,11332 19,1927
28,9917 22,26114 19,36674
32,65381 22,1467 19,42277
33,56934 22,32075 19,63377
31,73828 21,90351 19,06991
34,17969 22,37797 19,4931
28,07617 22,09187 19,44661
28,07617 22,09663 19,21654
29,90723 21,98458 19,56582
29,60205 21,86775 19,21535
27,16064 22,18246 19,40489
28,68652 22,22538 19,45376
28,9917 22,38035 19,43707
28,38135 22,30406 19,51933
30,2124 22,12524 19,51098
29,90723 22,29691 19,81258
28,68652 21,80576 19,37985
28,07617 21,65794 19,06514
28,68652 22,62831 19,69457
29,60205 22,04418 19,18077
30,51758 22,40419 19,52648
31,12793 22,0108 19,09733
29,29688 21,86298 19,13309
28,9917 22,46618 19,80901
29,29688 21,87252 19,11998
30,82275 22,20154 19,45496
28,38135 22,11809 19,41085
32,95898 22,48526 19,88053
29,90723 22,18485 19,64569
29,90723 22,68553 19,84239
30,51758 22,27545 19,69099
32,04346 22,14909 19,41562
29,29688 22,00842 19,41681
32,04346 22,39227 19,63854
30,2124 22,56632 20,15591
28,9917 22,20154 19,38343
29,60205 22,13478 19,36316
33,26416 22,74513 19,65284
29,60205 22,59731 19,77205
29,29688 22,49002 19,73271
29,60205 22,15624 19,53602
28,68652 22,06564 19,47165
26,85547 22,06087 19,44542
29,29688 22,11332 19,42039
27,46582 22,04418 19,24992
30,82275 22,22538 19,52648
28,9917 22,09902 19,48476
29,29688 22,26353 19,56582
28,68652 21,8749 19,28806
30,82275 22,41135 19,53959
29,90723 22,45665 19,72795
28,07617 22,03465 19,43469
30,2124 22,8858 19,94014
31,43311 22,21584 19,64688
27,771 22,54248 19,88053
30,51758 22,53294 19,64092
28,68652 22,79758 19,95087
36,62109 22,78328 19,82212
32,95898 22,81427 20,14756
28,9917 22,4185 19,65046
28,9917 22,62592 19,52767
31,43311 22,67361 19,54317
30,51758 22,68791 19,95444
32,34863 22,82858 19,7196
27,771 22,67838 20,00213
29,90723 22,61639 19,95087
29,60205 22,75229 20,04027
28,38135 22,27545 19,75417
28,07617 22,77136 20,01524
28,9917 22,91203 20,20955
28,68652 22,34936 19,49191
32,04346 22,60923 19,89484
29,90723 22,71175 19,89126
31,43311 22,71175 19,99736
31,12793 22,67838 20,01047
32,04346 22,87149 19,9759
28,9917 22,80951 20,14995
32,04346 22,76897 20,11776
32,34863 22,62592 19,95802
29,90723 22,91679 20,11538
28,07617 22,66884 20,03789
34,79004 23,31972 20,32518
32,04346 22,7046 19,87338
32,34863 23,17429 20,27273
34,79004 22,86911 19,92702
29,90723 22,63308 19,68503
29,29688 23,03839 20,10107
32,04346 22,7952 20,09153
29,90723 22,66407 19,88888
30,2124 22,84765 20,30134
29,29688 23,02647 20,17379
28,07617 22,9764 20,2322
31,12793 23,10753 20,43009
29,90723 23,02647 20,36095
29,60205 22,95256 20,15233
28,9917 22,54486 19,72079
29,90723 23,31257 20,52784
29,29688 23,18621 20,44082
32,04346 23,15521 20,46347
32,04346 23,40794 20,62798
29,60205 23,05508 20,27512
38,45215 23,33164 20,32995
28,38135 22,74275 20,08438
33,26416 23,04554 20,29896
29,29688 23,37456 20,51473
31,43311 23,38886 20,30849
30,82275 23,40317 20,73884
29,29688 22,96448 20,2167
30,82275 23,38171 20,27154
30,2124 22,8405 20,18571
31,12793 23,18382 20,17736
31,12793 23,56768 20,55407
29,90723 23,36025 20,46824
32,65381 23,35072 20,60056
32,95898 23,10514 20,06888
30,2124 23,09561 20,19048
32,34863 23,54622 20,72096
30,2124 23,25296 20,40505
31,73828 23,36264 20,51353
30,51758 22,9001 20,28465
32,34863 23,17667 20,38717
29,90723 23,70119 20,77937
30,82275 23,20528 20,44678
31,73828 23,23866 20,36572
29,29688 23,06461 20,30611
32,65381 23,3531 20,46585
32,95898 23,44608 20,7293
29,29688 23,06223 20,3383
31,12793 23,23627 20,5493
31,12793 23,39125 20,60413
28,07617 23,08846 20,57433
29,29688 23,35072 20,52665
29,90723 23,47708 20,73884
31,12793 23,46039 20,66135
30,2124 23,85855 20,83302
32,34863 23,36979 20,82825
32,65381 23,74887 20,69592
31,12793 23,1719 20,67566
29,29688 23,65589 20,86401
28,68652 23,04316 20,07961
34,48486 23,74172 20,70427
31,43311 23,40794 20,71023
32,04346 23,44847 20,60175
28,07617 23,03123 20,13683
30,2124 23,62251 20,91527
32,04346 23,50092 20,59937
31,12793 23,51284 20,61725
29,60205 23,57721 20,77222
30,2124 23,70596 20,71619
29,29688 23,19336 20,47777
28,38135 23,03123 20,39075
31,12793 23,3984 20,62798
31,43311 23,87285 21,16203
33,26416 24,18995 21,35515
33,56934 23,74411 20,88547
31,73828 23,80848 21,12031
31,43311 23,62728 21,01421
32,04346 23,29588 20,81752
32,34863 23,88477 20,91765
30,51758 23,67973 20,6995
32,34863 24,13511 21,16919
30,2124 23,79656 20,7901
29,60205 23,8061 20,95342
31,12793 23,44847 20,67804
32,95898 23,82278 21,07739
30,82275 23,99445 21,09885
29,90723 23,67258 20,95461
29,60205 23,48185 20,78772
32,95898 23,75841 20,88189
34,17969 23,73219 20,70069
32,04346 23,31734 20,63155
28,9917 23,60821 20,88904
30,51758 23,489 20,45631
32,95898 24,20187 21,35992
30,82275 23,5486 20,84255
31,43311 23,62013 20,53857
30,2124 23,27442 20,19882
30,82275 23,67735 20,78295
31,12793 23,66066 20,82705
32,34863 23,66066 20,95819
30,2124 23,16475 20,63632
32,95898 23,7298 20,79964
31,73828 24,07312 21,11316
32,04346 23,84901 21,02375
31,73828 24,24717 21,26336
28,68652 23,54622 20,69235
32,04346 24,56188 21,56258
34,79004 23,96345 21,09647
31,73828 23,99683 20,9558
31,73828 24,03736 20,96415
30,2124 24,29008 21,49701
32,65381 23,82755 20,97726
32,34863 24,06597 21,08097
29,60205 23,77033 20,87712
31,73828 24,25432 21,4386
30,51758 24,28293 21,34323
30,51758 24,1518 21,23356
31,73828 23,96584 21,08812
30,82275 24,40214 21,42549
29,60205 23,7155 20,87951
32,65381 24,0612 21,15011
30,82275 23,5939 20,87116
31,43311 24,45459 21,42787
33,56934 24,22333 21,49463
32,04346 24,23286 21,46721
34,17969 24,56188 21,86894
31,73828 24,14227 21,38257
32,34863 24,11127 21,27051
29,29688 23,84186 20,9856
29,90723 23,64635 21,07024
31,12793 24,36161 21,35515
31,73828 24,01829 21,1668
31,12793 24,19472 21,29793
34,79004 24,02782 21,17872
32,65381 23,99921 21,01302
33,26416 24,25909 21,43741
30,82275 24,09458 21,24071
30,82275 24,26863 21,51489
29,29688 24,00398 21,38734
34,79004 23,70834 20,80321
32,04346 24,44983 21,65794
30,82275 23,83471 21,07263
32,04346 23,39363 20,76626
36,92627 23,99445 21,05832
33,87451 24,20664 21,29555
30,2124 23,97299 21,36946
30,2124 23,93484 20,75434
32,95898 24,18041 21,33727
30,82275 24,32346 21,61145
31,43311 23,88 20,9558
32,34863 24,25432 21,21687
32,95898 23,5033 20,80321
30,2124 24,27101 21,32773
30,51758 23,73934 21,20852
31,43311 23,74649 20,68162
31,12793 24,29485 21,43383
30,51758 23,67973 21,01541
31,12793 23,75126 20,98083
32,04346 24,52612 21,54827
28,9917 23,75126 21,137
32,34863 24,54519 21,53039
31,12793 24,21141 21,20376
32,65381 24,0016 21,15726
32,04346 24,09697 21,11793
30,51758 23,81563 21,24429
31,43311 24,25194 21,55066
30,51758 24,21379 21,06667
29,90723 24,55235 21,6496
29,60205 24,13988 21,2729
30,51758 23,9563 21,23713
30,51758 24,10412 21,54946
31,12793 24,35684 21,60072
31,73828 24,02306 21,11316
32,34863 24,78838 21,93809
34,79004 24,56188 21,29793
31,73828 24,2734 21,38019
30,2124 24,19233 21,27409
33,26416 24,54996 21,74497
32,65381 23,88954 21,33131
35,40039 24,48559 21,38257
32,34863 24,0016 20,96057
32,65381 24,74546 21,81768
30,51758 24,29485 21,16084
31,73828 24,27578 21,41714
30,2124 24,05882 21,12508
36,92627 24,47367 21,42191
31,12793 24,20425 21,44694
31,43311 24,37592 21,28601
34,17969 24,30439 21,23475
31,73828 24,65248 21,61503
31,43311 24,37115 21,59357
34,79004 24,6048 21,58165
30,51758 23,96345 21,13581
32,65381 23,85139 21,33727
28,9917 23,96345 21,22283
31,43311 24,21618 21,37423
32,65381 24,70732 21,72828
31,43311 24,03259 21,19184
30,82275 24,41883 21,40403
31,12793 24,71447 21,68894
29,60205 24,02782 21,31224
32,34863 24,25432 21,41237
30,82275 24,41883 21,81768
32,04346 24,3187 21,64602
32,65381 24,0612 21,28601
36,31592 25,05541 22,0418
30,82275 24,6191 21,74973
33,87451 24,74785 21,74377
31,73828 24,73593 21,88325
31,73828 24,69301 21,82245
34,48486 24,47844 21,69967
30,82275 24,42122 21,52801
32,65381 24,55235 21,58284
34,79004 24,55473 21,55066
32,34863 24,76454 21,77954
34,48486 24,93382 21,88921
33,87451 24,62864 21,74854
32,95898 24,94812 22,0871
32,95898 24,97435 22,29333
31,12793 24,41168 21,81649
36,01074 24,73831 21,59834
31,43311 24,57619 21,85702
33,26416 25,19369 22,35055
33,87451 24,59764 21,76285
30,2124 24,68824 21,96908
31,43311 24,83845 21,82841
32,04346 24,73354 21,8749
32,34863 24,67871 21,73781
32,65381 24,92905 21,87014
30,82275 24,70255 21,71874
31,43311 24,79553 21,56019
31,73828 24,29247 21,84391
31,73828 24,72401 21,91663
31,12793 24,96719 22,04895
32,04346 24,3926 21,45052
30,51758 24,94574 21,97862
31,12793 24,8909 22,13359
34,48486 24,92905 21,8308
33,26416 24,75739 21,8904
30,2124 24,85752 21,99888
36,01074 24,40691 21,52681
31,12793 24,96004 22,11332
29,90723 24,26386 21,4076
30,51758 24,47605 21,36946
30,82275 24,57857 21,69609
32,04346 25,01249 22,00365
33,87451 24,67155 21,80457
31,73828 24,79076 21,8451
31,73828 24,786 21,98815
30,82275 24,7097 22,1622
29,29688 24,49989 21,75212
30,82275 24,74785 22,00842
32,04346 24,59764 21,8904
33,56934 24,52135 21,70205
32,95898 24,31154 21,69967
33,87451 24,60718 21,63649
31,43311 24,72401 21,91544
30,82275 24,35207 21,37065
32,34863 24,92905 21,69132
32,04346 24,42837 21,84987
32,34863 25,12217 22,06683
31,73828 24,98627 22,22896
29,90723 24,19233 21,64841
31,73828 24,92189 22,05133
34,79004 25,23661 22,35413
34,79004 24,94574 21,95716
31,73828 24,76454 21,83437
32,04346 24,88375 21,79027
32,65381 24,40929 21,43502
33,26416 25,44641 22,42565
30,82275 25,05064 22,09067
30,82275 24,79553 21,68536
33,87451 25,12455 22,26233
34,17969 24,77884 22,14432
30,82275 24,80268 21,90709
31,12793 24,80745 21,94166
32,04346 24,52135 21,71755
30,51758 24,93143 21,94762
29,90723 24,19949 21,62576
31,12793 24,33777 21,76762
34,79004 24,91236 22,05491
32,65381 24,99819 21,74854
33,26416 24,77407 21,8153
30,51758 24,9815 21,91186
32,65381 24,55473 21,52562
33,56934 24,97911 22,24207
33,56934 24,87183 21,76523
31,43311 24,39737 21,6341
32,65381 24,28293 21,50536
30,82275 24,43552 21,56138
33,87451 24,9362 21,88683
32,95898 24,86229 21,9214
31,12793 25,22469 22,19319
32,95898 24,50943 21,64721
30,82275 24,54042 21,79027
33,56934 24,77884 21,95835
31,73828 24,50466 21,67583
32,95898 24,62387 21,60072
32,04346 24,86229 21,60072
32,34863 24,80268 21,96312
31,73828 24,1971 21,44456
31,43311 24,8909 21,93093
30,2124 24,61433 22,05849
31,73828 24,77169 21,91067
31,43311 24,34969 21,47079
31,43311 24,94574 22,00484
31,73828 24,63579 21,4541
30,2124 24,45698 21,40641
32,34863 25,03157 21,78669
34,48486 24,57142 21,51728
32,65381 25,23184 22,21346
32,95898 24,71209 21,76881
31,43311 24,67632 21,68059
32,04346 24,56903 21,69609
32,34863 24,91951 22,07994
31,73828 24,52135 21,86298
32,65381 25,06733 22,20869
32,34863 24,82414 21,80457
31,12793 24,6501 21,85822
31,12793 24,76931 21,88683
32,34863 24,84083 22,03584
29,60205 24,55235 21,7092
32,34863 24,60718 21,60311
31,43311 25,12932 21,98458
31,43311 24,90759 21,96312
30,82275 24,72878 21,77477
32,04346 25,1317 22,29571
30,51758 24,71447 21,75689
33,56934 24,84798 21,94285
29,90723 24,23525 21,74139
34,79004 25,87318 22,71295
33,87451 25,45834 22,51983
36,01074 25,12693 22,10975
31,12793 24,60957 21,76881
32,34863 24,87898 21,9512
30,82275 25,01249 22,05253
33,87451 25,07687 21,98458
32,04346 24,56903 21,78669
30,82275 24,82176 21,92616
32,65381 24,71447 21,8761
34,17969 24,44267 21,68179
33,56934 24,75262 22,03345
30,82275 24,73831 21,91186
30,82275 25,36535 22,34578
31,12793 24,84798 21,98815
32,65381 24,98865 21,77835
34,17969 25,10786 22,00484
31,12793 24,65963 21,81292
30,82275 24,78123 21,8749
35,09521 25,47503 22,59135
32,04346 24,64056 21,9512
32,04346 24,75262 21,77238
32,04346 24,70255 21,8904
31,43311 25,23661 22,15147
32,04346 24,93858 21,87014
32,34863 24,83606 21,55066
34,48486 25,08402 22,1312
39,0625 24,74546 21,68059
34,79004 25,55132 22,52221
31,43311 24,68824 21,9357
32,04346 25,05064 22,17889
30,82275 24,80984 21,88921
33,56934 25,10548 22,25995
33,26416 24,74785 21,95477
34,48486 24,88852 22,11809
32,34863 24,54042 21,81172
32,95898 24,60003 21,84153
33,26416 25,27714 22,20154
31,73828 25,07448 22,14909
34,48486 25,13647 22,24565
32,95898 25,01249 21,77954
33,56934 25,2223 22,36724
30,51758 24,67155 21,94643
32,65381 24,92428 21,81292
31,12793 25,20561 22,11928
29,60205 24,92189 22,23134
31,73828 25,21276 22,17293
35,70557 25,04587 21,80576
32,04346 24,64294 21,49582
31,43311 24,80745 22,03465
33,26416 24,56903 21,64721
32,34863 25,60854 22,67003
32,65381 24,97911 22,05133
32,65381 25,06256 22,24803
34,17969 25,18654 22,35413
29,90723 24,84322 21,89279
33,56934 24,92428 21,91424
32,34863 24,82653 21,88802
36,31592 25,03633 22,28618
32,65381 24,9505 22,2373
33,26416 24,61672 21,72112
33,26416 25,09594 22,10855
34,17969 25,12455 22,16101
33,26416 25,18415 22,32313
33,56934 24,88852 22,16458
29,60205 24,94812 22,21823
32,95898 24,98627 21,92855
32,65381 25,11024 22,37797
32,34863 25,25806 22,47095
31,12793 24,56903 21,51847
33,56934 24,47367 21,55185
32,04346 25,22707 22,2826
33,87451 25,28191 22,36605
31,12793 25,32005 22,48168
31,73828 25,33913 22,71652
30,51758 24,87659 22,21227
33,56934 25,59662 22,65811
31,73828 25,24376 22,48526
30,2124 24,81699 21,94166
34,17969 25,41304 22,434
31,43311 25,42973 22,51625
31,12793 24,78838 22,08948
33,56934 25,21992 22,0418
32,34863 24,91236 21,78073
33,56934 25,04826 22,26353
32,65381 25,77543 22,64857
30,2124 24,94335 21,97027
31,73828 25,00057 22,2826
33,26416 25,08163 22,01557
32,95898 25,39873 22,55797
32,04346 25,52032 22,73083
33,56934 25,4488 22,41135
33,56934 25,48933 22,4793
32,34863 25,60377 22,46022
33,26416 25,19369 22,28141
36,31592 25,42973 22,18008
32,04346 25,32721 21,9667
33,56934 25,87795 22,70937
32,34863 25,68007 22,62235
32,34863 25,44165 22,64857
33,56934 25,18177 22,12882
33,87451 24,95527 22,35532
33,26416 25,65145 22,62354
31,43311 25,2676 22,25518
32,04346 24,85275 22,21704
32,65381 25,47264 22,65096
32,04346 24,87183 22,1312
32,04346 25,19846 22,12882
32,04346 25,93279 22,75825
37,23145 25,61808 22,72487
34,48486 25,42973 22,85004
31,43311 25,25806 22,4185
33,26416 25,45118 22,17531
31,12793 25,49887 22,64857
36,31592 25,59423 22,54844
33,26416 24,89805 22,07756
32,34863 24,99819 21,9059
34,17969 25,7206 22,32313
31,73828 25,48218 22,30406
34,79004 25,208 22,37558
32,65381 25,42734 22,53771
32,65381 25,56801 22,38035
31,73828 25,21276 22,35889
32,95898 25,77305 22,54128
34,48486 25,48933 22,67361
33,56934 25,45357 22,39347
33,56934 25,4178 22,61639
32,04346 25,27952 22,22538
33,87451 25,59185 22,60447
36,31592 25,15316 22,4793
35,40039 25,79212 22,4483
33,56934 25,70391 22,72248
33,87451 25,56324 22,645
30,51758 25,34866 22,44949
32,65381 25,51079 22,27426
33,56934 25,21992 22,28022
36,01074 25,44403 22,26472
36,62109 25,86842 22,89057
34,79004 25,17462 21,89159
34,17969 25,19369 22,28022
34,17969 25,5084 22,59254
31,73828 25,15554 22,1324
30,82275 25,24614 21,92855
32,34863 25,19846 22,44115
33,87451 25,0864 22,32313
33,26416 25,41542 22,73083
33,26416 25,34151 22,41254
30,82275 25,44641 22,59612
32,65381 25,45834 22,47453
30,82275 25,67291 22,68434
33,87451 26,15213 23,04554
35,40039 25,68245 22,60447
33,56934 25,12693 22,23849
37,23145 24,8313 21,92736
34,48486 25,62046 22,8703
32,95898 25,08879 21,9357
36,62109 26,02339 23,00501
31,73828 24,85752 21,93689
32,95898 24,92428 22,15147
33,56934 24,92428 22,08471
32,65381 24,87659 22,03345
30,51758 25,14601 21,94881
34,17969 25,34389 22,33267
33,26416 25,70152 22,74752
35,70557 25,50125 22,83931
32,65381 25,77066 22,33028
33,26416 25,19131 22,38393
34,79004 25,93994 22,75825
31,12793 25,54417 22,77732
31,12793 25,14839 21,88683
32,65381 25,1174 21,96908
36,01074 25,5537 22,35174
32,34863 25,51317 22,50195
33,87451 25,58947 22,42804
32,34863 25,82788 22,67003
32,95898 25,44165 22,36128
34,17969 25,78735 22,73083
33,26416 25,90656 22,7201
31,73828 25,08163 22,39466
32,65381 26,09491 22,88103
33,87451 25,78497 22,72606
33,87451 25,80881 22,90249
34,79004 25,57039 22,66169
32,95898 25,98286 22,67957
34,79004 25,58947 22,79878
34,79004 26,12829 22,90845
33,87451 25,79212 22,71295
32,34863 25,77066 22,92752
32,34863 25,45595 22,71175
32,95898 26,67665 23,64755
32,04346 25,48695 22,75825
32,95898 25,75397 22,7809
34,17969 26,16405 22,74156
