0,8138021 0,4529957 0,3266345
0,8138021 0,4259748 0,3115343
0,8138021 0,4466379 0,334582
0,8138021 0,4545852 0,3425294
1,017253 0,4816062 0,366371
0,8138021 0,4593536 0,3512712
1,017253 0,487964 0,377497
0,8138021 0,4975009 0,3925965
1,220703 0,5404156 0,4156433
0,8138021 0,5277002 0,4188221
1,220703 0,5594889 0,4442529
1,424154 0,592867 0,4696838
1,424154 0,6310141 0,4927309
1,831055 0,6596246 0,5054466
1,424154 0,6898245 0,5547203
1,627604 0,7629392 0,5984311
1,424154 0,7708864 0,6206842
1,424154 0,8440021 0,6612153
1,424154 0,8789706 0,6763152
1,831055 0,9187074 0,7160518
2,644857 0,9806966 0,7597616
2,848307 1,017254 0,7963185
3,051758 1,072883 0,821749
2,644857 1,160302 0,8940678
4,679363 1,366935 1,041889
4,882813 1,398724 1,065731
4,272461 1,516344 1,118979
5,289714 1,668929 1,242161
4,679362 1,923243 1,385211
6,103517 2,237957 1,609327
4,882813 2,527236 1,785755
6,103515 2,859433 2,060731
10,17252 3,102621 2,206961
10,78288 3,54449 2,528029
8,54492 3,763835 2,713205
9,969071 4,01338 2,891222
17,49676 4,369414 3,20196
23,80371 4,769962 3,377597
22,17611 5,024273 3,525416
16,0726 5,267462 3,615221
20,14161 5,825361 4,167557
21,56576 6,141664 4,345576
20,95541 6,7393 4,663469
18,92091 7,135074 4,913805
20,75196 8,223854 5,632241
19,12436 8,673667 6,012915
21,36231 9,528794 6,440481
25,63476 10,03742 7,007915
19,73471 10,86076 7,409254
21,15886 11,70794 8,247697
26,04166 12,70771 8,911295
24,41406 14,51333 10,35769
26,04166 16,40798 12,68307
23,80371 17,54761 14,75096
24,61751 18,12299 15,27547
27,8727 18,75561 15,72609
26,85546 18,99402 16,43181
31,5348 19,71563 17,01196
33,1624 19,87775 17,24323
36,41759 20,68679 17,76855
43,53838 21,71039 18,40989
39,06244 22,8246 19,17759
41,50386 25,01168 20,02874
41,30041 27,74714 22,16418
43,13148 30,66538 25,06732
44,35219 32,8318 27,76463
45,57291 33,57409 28,73737
44,55564 33,768 29,2333
46,18326 34,54682 29,6521
49,03159 34,08906 29,65927
43,13148 34,42125 30,22193
48,01432 35,54498 31,5515
47,81088 36,1458 31,57932
47,60743 35,79135 30,35861
48,82814 36,17916 31,57931
45,57291 36,10288 31,51733
46,18326 36,41124 31,51015
58,18694 37,55882 32,9526
51,26957 37,22187 32,43604
49,84541 37,92599 32,82941
50,2523 37,52703 32,48689
49,64195 38,34084 33,32852
50,04885 38,50137 33,9325
51,47301 39,27862 34,69067
46,59017 38,72548 34,45782
59,20419 38,7382 34,15504
50,2523 39,14669 34,48324
49,03159 39,76499 35,22791
51,47301 39,5218 34,80669
50,45576 39,73798 35,31931
52,28682 39,79201 35,26764
53,71099 39,39147 34,41172
55,13515 39,67282 35,48461
55,74551 40,38648 35,91298
60,018 40,50249 35,81441
49,03159 39,71414 35,20486
54,11789 40,45005 36,30557
50,2523 40,23547 35,93126
55,3386 40,02884 35,24461
52,89718 40,16871 35,4234
51,87992 41,10968 36,51377
50,45575 40,33244 35,88596
54,32135 40,07017 36,0123
54,5248 40,88398 36,51856
53,30408 40,58675 35,98369
52,28682 40,77114 36,28967
49,8454 40,41826 36,02343
57,16967 41,01273 36,10689
52,28682 40,84424 36,11722
50,86266 40,90782 36,41921
52,28682 40,41984 35,75957
61,23871 41,44983 37,12493
53,30408 40,66621 36,35881
58,39038 41,23684 36,49472
51,87992 41,0922 36,65922
49,03159 40,94597 36,31988
50,04885 40,87443 36,89048
55,13515 40,849 36,43431
54,9317 41,92667 36,7816
57,57657 41,39579 36,79988
60,22145 41,06042 36,15299
54,72825 41,50069 36,67114
56,15241 41,151 35,81842
52,69373 40,20687 35,75481
50,86266 41,67712 36,21973
54,72825 41,9203 37,3403
50,04885 41,91397 37,18614
54,11789 42,50843 37,98006
54,11789 41,41804 36,47326
51,06611 41,27499 36,71008
55,54206 41,5611 36,393
53,91444 40,34198 35,39799
58,39038 41,74389 37,06851
60,018 41,90918 37,0407
66,73192 42,36696 37,21873
56,76277 40,55655 36,11563
53,10063 41,70096 36,57498
55,74551 41,17167 36,49949
54,11789 41,38148 35,95511
57,37313 41,34652 36,41683
56,76277 41,94258 37,13765
57,16967 42,79452 37,81953
55,54206 41,87422 37,12415
57,37313 42,15395 36,87379
57,98348 42,27001 37,23064
51,87992 41,70732 36,99222
59,6111 42,75161 37,5827
53,50754 41,87899 37,13844
56,96622 41,76454 37,17897
52,69373 41,99025 36,74586
59,00074 42,41146 37,8092
52,69373 41,61832 36,86823
59,40765 41,72799 36,50184
54,72825 41,3465 36,32701
55,54206 41,55313 36,73154
55,74551 41,9505 37,51275
56,76277 41,61035 36,37153
53,91444 41,43553 36,66003
54,9317 42,54181 37,71384
52,69373 41,97911 37,39833
58,18694 42,01408 36,61076
52,69373 42,23981 37,28231
53,50754 41,83925 37,01606
52,89718 41,63263 36,51379
56,76277 42,25571 37,63517
52,69373 42,14284 37,49369
53,91444 41,8901 37,81316
61,44217 41,76771 36,59087
59,00074 42,35584 37,25766
60,83181 42,23663 37,77108
54,5248 41,45618 36,87539
53,50754 41,27338 35,75006
