0,8138021 0,4227959 0,3115343
0,8138021 0,4434589 0,3194818
0,8138021 0,4577641 0,3353768
1,017253 0,4800167 0,3536556
1,017253 0,4688904 0,3504767
0,8138021 0,4895535 0,3711392
1,017253 0,4879641 0,3830599
1,017253 0,5165741 0,410875
0,8138021 0,4943219 0,3981594
0,8138021 0,5133952 0,413259
1,017253 0,5245214 0,4172327
1,017253 0,5563101 0,4450477
1,424154 0,5674361 0,4490213
1,017253 0,5944564 0,4649155
1,424154 0,6643928 0,514188
1,424154 0,7073085 0,5499515
1,220703 0,766118 0,5880992
1,424154 0,7947285 0,6381682
1,424154 0,8885075 0,6953889
1,424154 0,9822857 0,7677089
2,034505 1,026789 0,8066493
1,831055 1,002948 0,8114177
2,034505 1,044273 0,8225433
2,441406 1,153945 0,8885053
2,644857 1,198451 0,9131421
2,237956 1,236598 0,9377793
2,441406 1,268388 0,9425473
2,644857 1,296998 0,9767213
3,051758 1,32243 1,006922
3,051758 1,502038 1,124542
3,66211 1,624424 1,236597
3,255209 1,646676 1,246929
3,255208 1,746813 1,321632
3,051758 1,811982 1,404285
3,66211 2,088546 1,556874
3,66211 2,164839 1,691181
3,458659 2,269744 1,738865
3,662109 2,334913 1,831849
5,289714 2,503399 1,960597
5,289713 2,530419 1,993975
6,510417 2,646446 2,091726
7,527668 2,861022 2,231596
5,696614 2,986592 2,34604
7,324219 3,083549 2,507366
5,900066 3,217061 2,532798
6,103515 3,263155 2,579688
7,731118 3,522237 2,797447
6,510417 3,706614 2,955593
8,544919 3,757476 2,998511
7,12077 3,973643 3,139179
8,748373 4,034043 3,097852
8,951819 4,045169 3,182093
11,59668 4,367826 3,376801
9,562175 4,412336 3,372034
11,39323 4,671416 3,515879
10,57943 4,749298 3,594558
11,80013 5,054471 3,792445
12,81738 5,097389 3,809929
17,08984 5,626678 4,092059
21,56575 5,91437 4,324911
15,05534 6,300606 4,527569
17,29329 7,014273 5,111694
17,70019 7,96636 5,760192
17,08984 8,139612 6,14087
18,51399 9,171168 6,942749
16,27604 10,29809 7,725554
21,3623 10,85918 8,291405
19,93814 11,14845 8,72453
21,97265 11,59986 9,22044
18,51399 12,2563 9,736222
22,78646 12,77447 10,24247
19,93815 12,72838 10,19796
21,15885 13,42614 10,79718
27,87273 14,00153 11,02447
25,83822 14,62618 11,56648
22,9899 14,51333 11,38687
24,61751 14,98222 12,04729
25,22786 15,16024 12,29683
25,83822 16,01855 12,7705
25,63477 15,93908 12,91911
24,41406 16,03603 13,18693
27,66928 16,68135 13,38879
36,21421 17,61118 14,06589
42,72462 17,94179 14,46883
35,19696 19,16091 15,07362
38,24873 19,80622 15,34859
41,50392 21,65953 16,70917
45,16601 22,10617 16,73143
41,09703 24,1979 18,58475
43,33498 26,48513 20,43168
43,94533 27,93789 22,51784
43,33498 28,766 23,067
46,99707 29,98353 24,43871
46,59017 30,63997 24,635
47,20052 31,27893 25,48855
51,06607 31,52053 26,40724
46,38672 31,42357 26,27293
44,35222 31,78438 26,45016
43,94532 31,95922 26,69494
59,20405 32,87158 27,50476
50,25226 32,74124 27,45629
47,20052 34,27347 28,64838
51,47297 33,24033 28,53791
51,06607 34,94899 29,37317
52,08332 34,17969 28,52122
54,52471 34,01121 28,76838
51,87986 35,40516 30,30937
51,47297 35,3877 29,93028
56,96611 36,17924 30,81004
48,01432 35,01099 30,14645
47,20052 35,27642 30,56128
50,04881 35,75644 30,62169
48,01432 35,30184 30,40472
51,47297 35,67536 30,27041
50,65917 35,96307 31,38622
49,43846 36,43832 31,57537
52,69366 35,53869 30,99523
50,25227 36,34455 31,67869
45,97983 36,40335 31,86942
55,7454 36,67833 31,97115
48,82811 37,50961 32,99317
53,71091 37,18219 32,28188
54,72816 37,38563 32,77461
54,93161 37,2839 32,47103
52,69366 37,81001 33,61304
56,55921 36,97396 32,1444
56,15231 38,0834 33,23873
49,64192 37,40631 32,81038
58,59384 38,31704 33,72988
55,94896 38,5793 33,7704
63,27323 38,09452 33,47715
64,90086 39,28185 33,92061
63,27324 40,49939 34,61522
70,59751 43,12199 36,08068
70,5975 48,26391 39,32001
69,3768 54,55817 43,9795
79,14247 59,68578 52,09846
74,66655 58,79567 53,55516
77,92178 59,97187 54,28478
73,64929 60,54092 54,92057
74,0562 60,32316 54,63922
70,19061 60,0307 54,3555
74,4631 61,00346 55,12881
78,53213 60,50755 54,92533
72,02168 60,62199 55,15342
74,87 60,40105 55,6573
72,02168 60,59657 55,33938
70,59751 61,07025 55,33226
74,4631 61,06704 55,53489
76,29417 62,60888 56,39242
78,12524 60,95737 55,56668
77,10798 60,94625 55,56987
72,83549 60,90972 55,84089
75,68382 62,64861 57,304
74,87 61,50893 56,45202
73,64929 62,41021 56,82637
75,07346 61,47236 56,28432
76,49762 62,66609 57,85711
76,09071 62,32276 56,85018
72,22513 62,21309 56,90343
77,10798 61,60748 56,58236
76,49762 62,80914 57,2714
76,09071 62,11612 56,98052
75,88727 62,79961 57,20942
74,87 63,28757 57,7673
73,03893 63,63088 57,94931
77,51488 63,75488 58,72656
80,36315 64,05369 57,91196
78,12524 62,80438 57,67752
78,53213 63,92814 58,56524
75,27691 62,7408 57,50824
81,58384 64,05211 58,94988
81,38039 64,13159 58,62247
75,48035 64,35093 59,32896
76,49762 64,73557 59,61425
77,10798 64,5639 58,99915
78,93903 65,454 59,76686
75,27691 64,34933 59,49904
76,09071 65,39202 60,17455
79,95626 65,76555 60,3009
79,54936 65,27599 60,32793
75,07346 65,61295 60,66489
76,70107 65,42539 60,00844
79,54936 66,00078 60,38118
80,77005 66,0723 60,5703
83,41486 66,4649 61,59157
84,43211 65,95311 60,60531
79,95626 66,76215 61,43261
78,32868 66,10886 61,00424
80,15971 66,43788 61,11233
83,41486 66,63655 61,45087
78,73557 66,2376 60,71733
81,38039 67,09911 61,98256
77,51488 67,34705 62,03103
79,14247 66,76851 61,7958
81,38039 65,8037 60,85405
77,92177 65,71309 60,6657
81,58384 66,02142 60,63469
80,15971 67,44243 61,96745
78,93903 66,92902 61,86654
80,9735 67,47103 62,07952
79,34592 66,22807 60,65455
79,95626 67,82392 62,10655
78,12524 66,03575 60,42968
78,53213 68,08774 62,75504
78,73557 66,91949 61,25139
81,58384 66,3298 60,64659
