0,8138021 0,4291537 0,3115343
0,8138021 0,413259 0,3075605
0,8138021 0,4148485 0,3051763
1,424154 0,4529957 0,3321977
0,8138021 0,4498168 0,3306083
0,8138021 0,4545852 0,3298135
1,017253 0,4561747 0,3504765
0,8138021 0,4498168 0,3465029
1,017253 0,4545852 0,3528606
0,8138021 0,4879641 0,3790864
0,8138021 0,4720694 0,3584238
1,017253 0,4831957 0,3759075
0,8138021 0,4625326 0,3671654
1,017253 0,4816062 0,3751127
0,8138021 0,4895535 0,3846494
0,8138021 0,5038586 0,394186
1,017253 0,4975009 0,4013383
1,017253 0,5372368 0,4331269
1,017253 0,5102164 0,4021331
1,017253 0,5229319 0,4140538
1,017253 0,5356473 0,4331269
1,017253 0,5610783 0,4514053
1,017253 0,5372368 0,441074
1,017253 0,5213425 0,4283586
1,017253 0,5626678 0,449816
1,017253 0,5690255 0,4601472
1,220703 0,55631 0,4450476
1,220703 0,5976353 0,4760415
1,220703 0,5912777 0,4688891
1,220703 0,6087615 0,4879623
1,220703 0,6326034 0,4967044
1,627604 0,6834666 0,5261089
1,831055 0,7406869 0,5714096
1,831055 0,7343291 0,5880995
2,034505 0,8026756 0,6278367
2,441406 0,8646652 0,6620105
4,679363 0,9838754 0,7502254
4,679363 1,152355 0,8781744
7,120768 1,487733 1,089572
9,765624 1,840591 1,32243
14,44499 2,511344 1,730919
24,21061 3,601711 2,435842
41,09699 5,254744 3,550052
43,33494 7,386207 4,974206
43,13151 9,582836 6,589094
62,05252 13,6439 9,406408
78,73557 17,31713 11,98689
85,0424 20,78851 14,32418
122,4768 25,25012 17,7145
98,87688 29,41767 20,56996
103,1493 33,70604 23,39046
104,7769 39,66809 26,69811
103,5562 44,38242 29,62987
162,5562 53,11012 35,79615
123,0871 58,06129 39,68079
148,3147 67,68864 47,35947
157,6732 76,68018 54,17982
157,0628 89,5341 65,96801
158,0801 101,323 77,15461
175,1705 112,1455 91,37859
164,1838 117,478 98,92456
178,0189 124,7926 107,0131
172,1187 126,0912 110,5497
187,1745 129,952 112,8647
191,0401 131,1059 115,1781
192,0574 136,2636 120,0394
191,6505 141,8044 123,1524
191,854 139,1706 123,3367
191,4471 147,8857 128,7718
191,8539 145,3298 129,2725
191,8539 150,4081 131,1981
192,0574 151,3729 133,2946
191,8539 151,8737 134,0766
192,0574 152,9178 134,6583
192,0574 158,6574 139,9353
192,2609 164,3746 142,5404
192,2609 163,8439 142,9816
192,2609 162,7757 143,0785
192,4643 163,2922 144,7362
192,2609 165,6526 145,8043
192,0574 164,6783 144,5479
192,2609 172,106 150,7222
192,4643 172,4303 149,6096
192,2609 172,8451 150,773
192,2609 175,3072 153,3566
192,2609 177,1145 153,6978
192,2609 176,0272 153,1692
192,4643 179,2571 158,3834
192,2609 178,4671 156,1359
192,4643 176,466 154,3072
192,2609 178,6516 155,7568
192,2609 178,774 154,916
192,2609 179,2286 156,7423
192,4643 176,2308 153,4498
199,1784 178,9361 156,813
192,4643 180,6114 157,0094
192,4643 178,0666 156,4443
192,2609 180,57 158,0433
192,4643 179,6784 157,8072
192,4643 180,4604 158,2904
192,2609 179,2491 157,5903
192,2609 180,5891 157,4909
192,2609 183,3851 160,5777
192,2609 181,8703 157,3257
192,2609 183,3835 162,0828
192,2609 184,059 162,1457
192,4643 182,638 159,5613
192,4643 182,1596 160,2526
192,4643 184,4547 161,7856
192,2609 182,7428 161,2484
192,4643 184,3086 162,9642
192,2609 184,6615 160,5094
192,2609 183,5313 163,1025
192,2609 182,6158 160,4903
192,2609 185,1748 162,7672
192,2609 183,2356 162,3643
192,2609 181,7782 159,6264
192,2609 182,6077 159,7298
192,2609 184,1846 162,2092
192,4643 184,752 162,9252
192,2609 181,0914 161,1848
192,4643 184,7488 161,5091
192,4643 181,5221 160,7914
192,4643 183,1069 160,4099
192,4643 184,4421 162,1648
192,4643 184,6503 160,3862
192,4643 182,2915 159,9189
192,4643 185,8535 164,0547
192,4643 185,9346 164,8692
192,4643 186,1492 162,0329
192,4643 183,7602 161,3462
192,4643 186,3463 163,539
192,4643 183,2674 160,6366
192,4643 184,3356 163,1008
192,4643 182,7906 162,268
192,4643 185,1749 164,3923
192,4643 187,2968 163,4182
192,4643 184,2386 162,7926
192,2609 185,0238 163,1772
192,4643 184,9126 162,4684
192,4643 186,4926 164,956
192,4643 185,6087 164,9828
192,4643 183,7252 162,574
192,4643 188,2378 164,9981
192,4643 184,6567 161,4678
192,4643 189,1264 168,6101
192,4643 185,836 163,2504
192,4643 185,1336 162,3285
192,4643 186,8804 164,479
