0,6103516 0,3957748 0,296434
0,6103516 0,4386906 0,321866
0,8138021 0,4402801 0,3290188
1,017253 0,443459 0,3290188
0,8138021 0,4355117 0,321866
0,8138021 0,4545852 0,3361715
0,8138021 0,4545852 0,3480923
0,8138021 0,467301 0,3560396
0,8138021 0,467301 0,344119
0,8138021 0,4545852 0,3584236
1,017253 0,4863746 0,3782916
0,8138021 0,4752483 0,3719338
1,017253 0,4816062 0,3814704
0,8138021 0,4768378 0,3886227
1,017253 0,4943219 0,3814706
1,017253 0,5038586 0,4092855
0,8138021 0,4800167 0,3751128
1,017253 0,4943219 0,3910071
1,017253 0,5102164 0,4053119
1,017253 0,5308791 0,4291534
0,8138021 0,5261107 0,4180274
0,8138021 0,5181636 0,4259744
0,8138021 0,5118058 0,4140538
1,017253 0,5388262 0,4291532
1,017253 0,5292896 0,4212062
1,220703 0,5467734 0,4418688
1,017253 0,5277002 0,4227956
1,220703 0,5531312 0,4339217
1,220703 0,5547206 0,4506106
1,220703 0,5912775 0,4696838
1,017253 0,5992247 0,472068
1,424154 0,6516772 0,5070357
1,424154 0,640551 0,5006781
1,424154 0,688235 0,5300827
1,220703 0,7200241 0,5666413
1,424154 0,7343291 0,5785624
1,627604 0,8424125 0,6564471
8,54492 1,004538 0,7534046
7,527668 1,120567 0,8138028
8,138021 1,376469 0,9822842
7,527668 1,716614 1,192888
14,85189 2,328557 1,618068
10,37598 3,012021 2,082187
19,12435 4,191401 2,859435
34,38311 5,814234 3,889401
37,02795 8,047421 5,379515
47,60743 10,23928 6,891886
50,04884 13,21634 9,051961
42,31768 15,37482 11,22077
79,75279 17,4443 12,81182
72,83546 20,37685 15,03309
67,95251 22,18405 16,36426
73,44568 24,03737 17,44032
61,44209 27,65338 19,67669
68,15595 32,57433 23,12977
85,65273 38,46645 26,92143
81,58371 44,16626 32,07446
116,1702 48,97914 37,30378
100,301 54,5327 42,73972
101,1148 57,77681 45,52208
114,1355 60,6092 47,62651
111,6943 65,2393 51,76466
140,9906 69,70884 54,99203
109,863 74,39777 58,73442
126,7493 80,18179 63,93991
131,2251 86,15657 69,82091
130,2081 92,64467 76,50619
139,5664 98,01061 80,8652
171,7117 105,1934 87,44874
169,6772 105,8323 89,55556
177,612 111,5384 94,50511
166,6254 116,216 100,2716
175,9843 121,5041 104,1983
190,6332 127,1307 110,1897
175,9844 126,1914 110,3629
189,8194 135,2099 118,7004
191,2436 137,1871 118,0152
190,8366 140,6759 122,7248
192,2608 146,7397 127,6076
191,4471 147,4104 128,1703
192,4643 152,1057 132,7638
192,6677 151,5541 131,6892
192,4643 152,6206 134,4493
192,0574 155,1685 136,4846
192,4643 157,1109 138,6796
192,2609 155,774 137,4032
192,4643 158,8831 140,3454
192,2609 163,8756 145,3816
192,4643 163,0062 144,1943
192,4643 162,7248 143,4758
192,2609 166,0675 147,242
192,4643 167,08 149,1588
192,0574 166,7177 147,5894
192,4643 170,8392 152,279
192,2609 170,0587 152,6048
192,4643 164,6004 148,9498
192,4643 169,6741 153,0681
192,2609 168,7267 150,9414
192,4643 172,9055 155,1337
192,2609 171,0808 153,739
192,4643 169,7822 153,2176
192,4643 171,5258 155,1447
192,4643 170,5896 153,4695
192,4643 175,0497 157,2366
192,4643 175,1547 157,0833
192,2608 175,0307 157,3836
192,4643 174,077 157,2651
192,4643 173,4221 156,344
192,4643 178,108 158,8992
192,4643 176,3023 158,4256
192,4643 179,6132 161,9875
192,2609 179,7626 160,9758
192,4643 177,0509 158,5289
192,4643 178,909 161,3293
192,4643 178,6246 159,2052
192,4643 178,8868 160,7525
192,4643 179,3429 160,2653
192,4643 178,5339 160,1994
192,4643 176,0193 158,768
192,4643 179,0807 161,494
192,4643 177,9268 159,7487
192,6678 178,3782 158,9382
192,4643 178,89 158,362
192,4643 173,7384 157,2103
192,4643 179,5512 161,3542
192,2609 177,6216 158,9429
192,4643 178,6945 160,1525
192,4643 178,6659 160,6611
192,4643 179,2826 162,1282
192,0574 179,904 160,9965
192,4643 178,5626 160,2534
192,4643 178,5053 160,2375
192,4643 179,6975 162,5851
192,4643 178,1381 161,2134
192,4643 179,9375 162,8569
192,4643 177,8886 159,7511
192,4643 181,1915 163,5889
192,4643 184,0956 165,3628
192,4643 179,0076 160,4751
192,4643 177,5707 159,2202
192,4643 179,0075 161,4153
192,2609 179,9614 160,5332
192,4643 179,8373 162,0797
192,4643 180,8736 161,0601
192,4643 181,0437 163,4983
192,4643 180,7227 161,6522
192,4643 177,9983 159,6032
192,4643 179,7086 162,0241
192,4643 180,5414 162,0551
192,4643 181,2044 163,7574
192,4643 179,2142 161,5933
192,4643 182,0706 162,7863
192,4643 181,6701 162,4398
192,4643 181,9927 163,5269
