0,3417969 0,06942749 0,03471375
0,3417969 0,08277893 0,04138947
0,3417969 0,09880066 0,04940033
0,3417969 0,08544922 0,04272461
0,1708984 0,08277893 0,04138947
0,3417969 0,1014709 0,05073547
0,6835938 0,1335144 0,0667572
0,3417969 0,09613037 0,04806519
0,5126953 0,1415253 0,07076263
0,3417969 0,1281738 0,06408691
0,3417969 0,138855 0,06942749
0,5126953 0,1869202 0,09346008
0,3417969 0,1708984 0,08544922
0,5126953 0,194931 0,09746552
0,5126953 0,2056122 0,1054764
0,5126953 0,2056122 0,1081467
0,5126953 0,2216339 0,1188278
0,5126953 0,213623 0,129509
0,5126953 0,2323151 0,1415253
1,879883 0,2830505 0,1895905
2,221679 0,27771 0,1708984
2,392578 0,3551483 0,2243042
4,101563 0,3364563 0,213623
2,563477 0,3925323 0,2536774
1,708984 0,3925323 0,2643585
3,24707 0,5527496 0,3484726
2,563476 0,7450104 0,4526138
5,639647 1,046753 0,6368637
7,861325 1,540756 0,9212493
7,177732 1,879883 1,15757
7,177732 2,539444 1,599502
6,152343 2,769089 1,71566
9,570313 3,559494 2,27375
7,861327 4,002762 2,584839
9,057616 4,197693 2,811813
8,886719 4,745102 3,161621
9,741212 4,918671 3,305817
10,08301 5,161667 3,586197
8,886718 5,810546 4,094886
9,74121 5,925369 4,195023
10,08301 6,109619 4,208374
11,79199 6,929398 5,180359
13,15919 7,519531 5,666351
12,64649 7,530212 5,858612
13,15919 8,494186 6,495476
13,50098 8,942795 7,094955
14,35547 9,783936 8,000183
14,86817 10,71053 8,651733
15,03907 11,60774 9,364701
17,94434 13,09509 10,84805
19,65332 13,30872 11,62911
17,43165 13,86681 12,02965
18,62793 14,66523 12,90283
18,79883 14,98032 13,35278
18,96973 15,66658 13,78136
19,14063 16,27808 14,61582
20,16601 16,71066 14,97498
19,99511 16,80946 15,25803
20,50781 17,04178 15,39288
21,1914 17,77077 16,17527
21,5332 17,91496 16,1459
20,8496 17,96837 16,44363
20,84961 18,17398 16,35284
21,5332 18,70804 16,63456
23,24217 18,87093 17,1299
22,55859 19,00978 17,38224
23,24218 19,34356 17,30347
23,92576 19,82956 17,69066
22,72948 19,70673 18,19401
23,24218 19,85359 18,20335
23,24218 20,25413 18,31818
22,90038 20,33157 18,27145
23,24217 20,4277 18,76945
22,72948 20,68405 19,13528
23,24218 20,79887 18,8015
22,72948 20,57991 18,58654
23,58397 21,00715 19,43302
23,58397 20,9404 19,43302
24,26757 21,12465 19,42368
24,26756 20,87898 19,03248
24,60936 21,04988 19,25812
25,97654 21,56791 19,82021
25,80564 21,34895 19,61193
23,75486 21,39167 19,71874
25,29295 21,46644 19,58122
24,60936 21,41838 19,87762
24,60936 21,75216 20,04452
24,43846 21,85897 20,23811
25,97654 22,25952 19,8349
27,17282 22,09396 20,53051
26,83103 22,35031 20,43705
26,66013 22,28622 20,51048
26,48924 22,62535 20,97111
25,80564 22,55859 21,13533
26,14743 22,76954 20,80688
26,14743 22,77488 21,03386
26,14744 22,94578 21,07525
28,54002 23,30093 21,42639
25,97654 23,3036 20,48912
28,54 23,49586 21,65336
28,88181 23,6267 21,63334
27,68552 23,76823 22,06726
28,19822 23,80561 22,23682
28,02732 24,20348 22,37568
28,19822 24,13406 22,32227
28,8818 24,29427 22,5933
28,19822 24,35035 22,70813
28,02731 24,20348 22,10864
28,54 24,68948 22,70279
27,85642 24,57999 22,62134
28,02732 24,01923 22,43976
27,34372 24,44648 22,64537
27,68552 24,8577 22,60265
26,83103 24,55863 22,41706
28,19822 24,78294 23,1554
28,36912 24,88441 22,97515
28,02732 25,23955 23,33564
28,02732 24,78027 22,45311
28,54002 25,15945 23,29425
29,2236 25,61607 23,50921
29,0527 25,074 23,02055
28,02731 24,8764 23,09532
27,85641 24,79095 22,57595
28,88181 25,05798 23,24485
28,54001 25,26893 23,34098
29,3945 25,2262 23,36502
29,2236 25,325 22,8136
29,7363 25,06065 22,93911
29,73631 25,6401 23,60267
28,36912 25,2983 23,4478
31,10349 25,62408 23,60401
29,22361 25,50124 23,44246
28,88182 25,53329 23,48785
32,98336 25,49857 23,27823
29,73631 25,41045 23,71349
30,4199 25,71754 23,81496
30,07809 26,07803 23,4251
28,88181 25,52261 22,64938
29,73631 25,85906 23,96316
29,90719 25,39176 23,27423
30,24899 26,11808 23,85501
31,44527 26,70554 24,51858
30,76168 26,44653 23,66676
31,95798 26,61475 24,41311
31,27439 26,17416 24,04861
31,61618 26,58004 24,64542
30,0781 26,29966 24,13406
30,76169 26,71355 24,72152
31,44528 26,33704 24,48921
33,15426 26,42249 24,24755
33,32516 26,8444 24,66678
31,61619 27,17284 25,00057
32,12887 27,64548 25,04596
32,47067 27,32505 25,03662
34,52146 27,61611 25,0967
31,27439 27,76832 25,20485
31,78708 27,51464 24,64675
34,86326 27,76031 25,11806
32,29977 27,73894 25,20217
31,78708 27,85644 25,11672
33,66697 27,58674 25,02193
33,49607 27,44254 24,44782
34,86326 28,29703 26,04999
33,32516 28,08074 25,85373
32,81247 28,23295 25,65078
35,03416 28,39049 25,70552
32,29978 27,89115 25,44384
32,47068 28,09142 25,76961
33,15428 28,33442 26,09138
34,00876 29,12215 26,85909
31,95797 28,16085 25,69084
33,83786 28,7857 26,18217
35,03416 28,98063 25,86841
33,66697 29,08477 26,41448
34,17968 28,89251 26,70555
34,35057 29,39719 26,19419
33,66698 29,88586 26,83239
33,49607 29,52804 27,21958
34,52146 29,64286 27,22225
33,83786 29,49599 26,95522
35,88866 29,3518 26,54266
34,35057 29,6215 27,13012
35,20505 29,92057 27,19955
34,00876 29,68559 26,5934
34,17967 29,80308 26,98593
34,86327 29,6936 27,04868
38,11035 30,54542 28,0941
34,86326 30,40122 27,58808
37,42675 30,43326 27,72693
35,03416 31,11953 28,14483
39,30665 30,80176 28,09276
33,49607 30,27572 27,76164
35,03416 30,47866 27,9766
37,08494 30,17158 28,02066
38,45214 30,81512 28,38916
38,45216 31,32781 28,28235
37,76855 31,27173 28,34777
38,11034 31,00738 27,87513
34,35056 30,74302 28,07541
35,54686 31,35185 28,7136
37,08495 31,38923 28,74832
37,59766 30,88187 28,1248
35,03416 30,978 27,63614
38,28125 31,1676 28,26099
36,91405 31,85653 28,75767
37,59765 31,68563 28,66554
36,74316 31,57615 28,49998
36,40136 31,25305 28,94992
37,25586 31,9313 28,9606
37,42675 32,09685 28,78169
36,40136 31,45065 28,46927
35,71776 31,75506 28,97262
38,28125 31,7604 29,44927
36,23046 31,34917 28,64151
37,25585 32,01141 28,6642
39,13574 31,6162 28,96995
36,91405 31,96601 28,77369
40,33204 31,99272 28,19023
39,30664 31,69364 28,78704
36,40136 32,31314 29,24098
36,91405 31,49871 28,19557
39,13574 31,57615 29,11815
37,25585 31,67495 28,10745
37,59766 32,33184 28,92055
39,30665 32,20367 29,9139
36,23045 31,958 28,77636
37,76856 32,52143 29,31709
39,99025 31,83517 29,51603
36,91405 31,69898 28,94325
37,08496 32,17963 29,13284
40,67382 32,32917 29,58278
36,57226 32,15026 28,92455
36,57225 32,09686 29,13951
38,28125 32,26776 29,43592
37,76856 32,13157 29,97798
37,59765 32,25707 29,0287
35,37596 32,28912 29,31442
35,54686 32,07282 29,50267
37,42675 32,04879 29,16355
36,23045 32,4253 29,23965
38,28125 32,54813 29,68959
36,74316 32,16361 29,28638
36,40136 32,34786 28,93924
37,25585 32,68432 30,07545
37,93946 31,86721 28,89785
40,16115 32,97538 29,53739
37,42675 32,52143 29,91123
37,42677 32,1556 29,50935
39,13573 32,7938 29,98466
37,25586 32,79113 29,90322
37,59765 32,90595 29,62284
37,08495 32,75375 29,42123
38,28125 32,60421 29,37584
38,45216 32,30247 28,95794
37,93945 32,87124 30,20363
36,40136 32,06481 29,4693
36,74317 32,39326 29,33578
38,96484 32,90862 29,60281
38,45214 33,07685 30,69229
37,76854 32,95669 30,51204
37,08495 32,66829 29,07276
37,76855 32,25974 29,249
36,74315 32,54546 29,68959
35,54685 32,50274 29,80575
39,30663 32,95402 29,40921
36,57226 32,67097 29,21028
37,25586 32,5962 29,84047
38,96485 32,8926 30,09949
37,59766 32,47604 29,92725
38,45214 32,59086 30,07545
37,42675 32,81249 29,92992
38,62304 32,03277 29,43191
38,28124 32,70034 29,90055
37,76854 33,04481 29,58812
39,47754 32,77511 29,70562
40,33204 32,90595 30,25303
40,16114 32,57751 29,58679
37,08495 32,73238 29,48265
35,54686 32,84454 30,16224
37,08495 32,2544 28,97262
39,99023 33,12759 30,20496
37,76854 32,91931 29,75902
40,16114 33,3065 30,16891
38,45214 32,73773 29,56676
40,67383 32,31047 29,56943
37,76854 32,43865 29,01134
38,96486 32,29713 29,27704
38,11034 32,67898 29,68292
38,28125 32,72438 29,91257
37,08495 32,34786 29,11014
37,59766 32,76443 29,94461
38,62304 32,54546 29,55608
39,30664 33,13026 29,84447
39,64844 32,82851 30,32913
37,59765 32,73773 29,45461
38,45215 32,50541 30,02472
40,16114 33,22105 29,96464
37,76855 32,61756 29,86583
41,69923 33,78448 30,25169
36,40137 32,13157 29,04071
39,99024 32,88726 30,02338
37,59764 32,71102 29,24366
40,16113 33,52012 30,6509
41,69923 33,31451 30,2103
37,93946 32,96203 30,27572
37,59764 33,14094 29,83513
38,62305 33,56018 30,86185
39,99024 32,95936 30,12752
39,30665 33,21838 30,13153
40,67384 32,86056 30,12085
37,59766 33,39195 30,67226
39,47755 33,72573 30,5294
37,93946 33,47473 30,13153
37,93944 33,48274 31,13289
38,28124 32,66563 29,36916
41,87014 33,83255 29,62685
38,79395 33,47206 30,14355
38,28125 33,49342 29,66823
38,45214 33,26377 30,727
36,05956 33,26911 30,30777
38,45215 33,19434 29,84981
39,30663 33,79516 31,26106
37,59764 33,14628 30,1382
39,13576 33,44001 30,30777
38,96483 33,45871 30,75237
39,64844 33,09288 30,47333
40,33204 33,03413 30,36785
40,33203 33,02612 29,62818
37,76855 33,06884 30,18627
39,30664 33,1623 29,89654
38,96484 33,08754 30,34649
40,84473 33,01544 29,77505
38,79394 33,87527 31,13289
37,42676 32,98606 29,94194
42,38283 33,34922 31,05812
38,45214 33,17566 29,739
38,96484 33,26911 30,01937
40,67383 33,60824 30,49869
37,76855 33,18099 30,12619
41,69922 33,41598 30,19028
40,67382 33,20236 30,55877
39,13575 33,73909 30,7991
38,28125 32,47871 29,98733
38,11036 33,24241 30,69896
38,45213 33,35189 29,91123
39,99024 33,46138 30,85518
38,45214 33,65631 30,27572
36,40136 32,92465 29,86316
37,59766 32,59353 29,76837
36,40136 33,11424 30,43461
39,47755 32,72971 30,11951
36,57225 32,5241 29,99935
39,64844 33,57887 30,29842
39,47753 33,54683 30,48401
38,28125 33,2077 29,91924
39,13574 33,03947 29,72965
39,81934 34,08889 31,05144
40,33202 33,44802 30,56011
39,13574 33,52012 29,45728
39,64843 33,66966 30,38921
38,79395 32,7137 30,01003
37,93945 33,44802 30,07145
38,62305 33,35456 30,34382
38,62304 33,55484 30,8258
38,28124 33,34655 29,95395
41,01563 33,52279 30,61352
41,87012 33,2798 29,94461
40,33203 33,35456 30,52673
40,50294 33,35456 30,20897
37,76854 33,2798 30,80978
39,64844 33,8192 30,67493
38,96484 33,56018 30,73234
38,28124 32,5241 29,49466
38,62305 33,81919 30,15423
40,16114 33,20502 30,17425
39,47755 33,31985 30,25303
39,99024 33,48274 30,05409
39,81934 33,69102 30,35183
39,30664 33,70437 30,75905
38,28125 32,67097 29,91123
38,45214 33,33854 30,77774
38,62304 33,675 30,57213
37,76855 32,54814 29,90989
37,08495 32,87925 30,09414
39,81934 33,39996 30,04875
37,42677 33,07418 30,5561
43,75002 33,87527 30,52673
37,25585 33,0101 30,34115
37,42674 33,77914 30,38387
38,96485 33,22105 30,02605
38,62304 33,44268 30,63621
40,67384 33,95271 30,73101
37,08495 32,54012 29,87117
38,62305 33,24508 30,39188
39,99025 34,41734 31,39324
39,47754 33,77914 30,20763
40,50293 33,22372 30,21564
39,30665 34,02481 31,09684
39,47754 33,70437 30,94997
40,16113 33,68301 30,59349
40,84475 33,38661 30,91659
37,76856 33,48808 31,02608
39,13575 33,432 30,67894
39,13575 34,00078 30,83115
38,96484 33,36525 30,18894
38,62304 33,72039 30,90057
40,67383 33,90464 30,46665
40,16114 33,70704 30,30643
38,96484 33,39729 30,26104
38,28125 33,69637 30,9206
39,13575 33,9447 31,34651
39,99024 34,3586 31,66294
38,45214 33,60557 30,02472
38,45214 33,29048 30,30643
39,81934 33,7284 30,37319
37,08495 33,26645 30,22499
39,81934 33,32519 29,92458
40,67383 33,64563 30,58281
40,16114 33,48808 29,93793
38,45213 33,68568 30,73768
38,11034 33,3065 30,15156
41,35744 33,73642 31,08082
40,50294 33,53614 30,40523
39,64842 33,39729 30,6015
39,13575 33,85925 30,32913
39,30664 33,26377 30,75638
39,47754 32,95936 29,53338
37,42675 32,85789 29,94327
40,67384 34,44137 30,63354
38,11034 33,30383 30,57213
38,96485 33,11157 30,64689
40,16113 34,51614 30,98469
40,67384 34,07021 31,00071
38,96485 33,33053 30,09414
38,45215 33,89129 31,12621
39,99023 33,91533 30,82981
38,45215 33,81385 30,62286
39,64845 34,05952 31,04744
38,96484 33,35456 29,38518
40,84474 33,75244 30,35316
39,99024 34,02481 30,723
38,79393 33,2798 29,73766
38,96484 33,93135 31,32648
40,84473 34,20639 31,17428
39,13575 33,95805 30,95665
41,35743 33,50677 30,72166
39,81934 33,85391 30,8712
41,52833 33,92601 30,22365
41,01564 33,80317 30,41057
39,99023 33,3786 30,48267
41,69923 33,21838 30,05809
41,18653 33,72039 30,70965
39,99022 33,86192 30,39188
38,79393 33,28781 30,58948
42,55372 34,03816 30,84717
40,84474 34,03549 31,13289
40,16113 33,38661 30,17292
40,16114 33,80317 30,96199
39,47755 33,42666 30,92193
38,62304 33,86459 30,92861
39,64844 33,98475 30,85518
39,64844 34,08355 31,14357
38,79394 34,06486 31,20899
38,62304 33,3332 30,60951
41,35743 33,62694 30,966
44,60451 34,64431 31,28109
41,87014 34,9247 31,55613
39,47754 33,96339 31,08349
40,33204 33,26912 29,28505
38,79395 33,61091 30,71232
38,62304 33,78982 30,6282
38,96484 33,81118 30,8218
39,99024 33,91533 30,56278
39,64843 34,34791 30,94063
37,93945 33,74443 30,62553
42,04103 33,78448 30,06477
38,79394 33,82721 30,76706
40,33204 33,83789 31,10752
40,67384 33,82988 30,85918
40,16114 33,66432 30,07679
37,08496 33,68568 30,25036
37,76855 33,23173 30,63221
41,18653 34,17702 31,23035
39,47755 33,81118 30,34515
39,99025 33,60825 30,29709
39,13574 33,3786 29,74567
39,99025 33,24241 30,17158
39,99026 33,83255 30,64956
42,04104 34,23309 31,67362
40,33204 34,15031 31,07948
39,30663 33,79783 30,45597
37,42675 33,6483 30,86986
41,01563 33,93135 30,69496
40,33203 34,0435 30,86052
43,06642 34,35859 31,43863
39,13575 33,89129 30,60951
39,47754 34,18236 30,93662
38,79395 33,4774 30,17425
39,81934 34,2144 31,36387
41,01564 34,31053 30,53741
41,52833 33,43734 30,34248
41,87013 34,05418 30,7457
40,33204 34,04083 30,79376
41,69923 33,96339 30,82447
41,01563 33,9447 30,75104
40,84474 34,09958 30,58147
40,16113 34,66301 31,14758
40,84473 34,54819 31,28777
41,01561 34,02748 30,31978
40,67384 33,79783 31,42128
38,96485 34,37996 31,0688
38,62304 33,58955 30,49335
39,64845 33,91265 30,47199
39,64845 34,18769 31,32915
41,35743 34,0168 31,15692
42,21191 34,59892 30,95932
40,67383 34,50279 31,20098
39,30664 33,9447 30,87654
41,01563 33,83255 30,30376
38,45214 33,66165 29,64287
40,50293 34,22775 30,64689
41,18653 33,64563 30,35583
39,30664 33,74176 30,47066
41,69922 33,89663 31,09283
39,47754 34,08088 30,83515
41,52832 33,52813 30,07278
38,28126 33,66165 29,94194
40,33204 34,01947 30,93929
39,30664 33,19968 30,49335
36,74315 33,432 30,63621
40,16114 33,63762 30,39055
38,28125 33,61892 31,20498
42,55371 34,47876 30,90858
39,99023 34,03015 31,44398
39,13573 34,12094 30,77507
40,33204 34,21707 31,24904
38,11034 34,05418 31,02341
37,93944 33,31184 30,90591
41,69921 33,90999 30,95665
41,35744 34,43871 30,73502
38,45215 33,59222 31,08349
39,30665 33,39462 29,496
40,16114 33,78448 30,05676
40,84474 34,06753 30,91259
39,13574 34,35058 31,07681
39,64843 33,38127 30,53741
37,42675 33,51478 30,13553
37,25586 34,18502 31,36654
40,84474 34,46541 30,77507
38,96484 34,07821 30,98469
41,52834 34,30519 30,94063
38,62305 33,72039 30,54943
39,64843 34,00611 31,0688
39,47754 34,3132 31,30379
40,50293 33,71505 30,66025
38,62305 34,02748 30,13687
38,62305 33,96606 30,97534
43,23732 34,22508 30,76172
40,33204 33,46405 29,94995
39,99024 34,20372 30,99136
39,30664 34,20639 31,50806
41,35741 33,28514 30,03006
39,99025 33,21304 29,99267
39,64844 34,11293 30,71232
40,50294 33,88329 29,6896
39,99023 34,35859 31,61087
41,18652 33,59222 30,71632
39,99023 33,57353 30,54008
41,01563 33,11423 30,01003
39,47755 34,05151 31,35185
38,79395 33,92334 30,80177
39,13575 34,00611 31,07414
38,28125 33,96606 30,96866
41,87014 33,42933 30,54142
39,64843 34,26513 31,43997
40,84474 33,81652 30,54142
40,50292 33,25576 30,35316
40,67383 33,675 30,49736
38,11034 33,34922 30,07812
39,64844 33,54148 30,56812
40,33204 34,4654 31,20365
38,79395 33,0635 29,5681
38,11034 33,32252 30,08079
38,96485 33,86459 30,59616
40,16114 33,89663 30,51739
37,93945 33,60824 31,11419
38,45214 33,31451 30,57613
41,18653 34,24377 30,79109
40,67383 33,85658 31,00872
39,81934 34,14497 31,55346
39,81935 33,19702 30,34382
37,42675 34,16366 30,70698
39,99023 33,53614 30,48534
39,99023 33,65631 30,52673
37,25586 33,66966 30,49469
39,64845 33,56018 30,62286
39,81935 33,42933 30,91526
41,35744 34,59892 30,9927
39,99024 33,66432 31,10084
40,67383 33,91266 30,60818
40,67384 33,8459 31,27975
39,30664 33,24775 30,80177
40,16113 33,59222 30,1342
40,67384 34,12094 30,80444
39,47755 34,24644 31,43863
37,93945 33,65898 30,60818
40,67382 34,54818 30,47199
39,30664 33,72039 30,21965
42,04103 33,57887 30,26638
38,96484 33,82454 30,52406
38,79395 34,08356 31,5361
39,47753 34,2411 31,66828
42,55372 34,11293 30,66559
41,18653 34,35592 31,32915
39,13575 33,92601 30,83381
39,47754 34,29451 31,44932
41,87012 34,62028 31,03809
43,2373 33,97408 30,77507
40,50293 34,46007 30,82047
39,30663 34,06219 31,39324
40,33204 34,58023 31,59485
41,01563 34,08088 31,41193
39,99024 34,03015 30,42393
42,55372 33,8993 30,9206
40,33204 33,76045 29,7884
39,47754 33,99276 30,54943
42,38282 33,22372 30,58147
38,79393 33,93402 30,67493
39,64845 34,39598 30,97267
41,87014 34,14764 30,56812
39,64843 34,46541 31,71368
39,13575 33,7284 31,10084
40,67383 33,73909 30,32112
38,62305 33,25309 30,04608
41,87012 33,85925 31,17962
39,64843 33,29048 30,55744
40,50293 33,97407 30,8258
40,33203 33,78715 30,5521
38,62304 33,72573 30,30109
41,52833 33,61892 30,34916
39,99023 33,36257 30,35316
38,96485 33,8913 31,13556
40,33205 32,99674 29,95796
39,64844 33,75778 30,70698
39,30664 34,21707 30,00469
41,01563 34,29718 31,79779
38,96484 34,35859 30,51338
40,33203 34,0702 30,60818
41,01563 33,43467 30,37319
41,01564 34,161 31,14891
40,16113 33,96339 31,18362
40,16113 34,08889 31,18763
40,50292 34,56955 31,04343
39,30664 34,27848 31,03275
37,25586 33,61358 30,55744
42,72461 34,48143 31,44264
41,87014 34,81788 31,95667
41,69923 34,09423 31,15024
39,81934 33,98742 31,50406
38,11034 33,50677 30,73501
41,69923 34,71107 31,90326
39,13574 34,29184 30,72166
41,52834 34,20372 31,18362
43,40823 34,19838 31,64558
39,99025 34,53484 31,83651
38,79395 34,00077 31,11553
38,96486 33,74977 30,79376
42,21191 34,52949 31,42528
39,99023 34,23042 31,47602
40,50294 34,02481 31,24637
41,18653 33,80585 30,60684
40,50293 34,79919 31,50806
42,04102 34,07554 31,43329
43,57911 34,48143 30,86586
40,16113 34,2144 30,7003
40,67383 34,20906 30,93796
40,16114 34,36928 31,25839
41,18653 35,18905 31,97803
40,16113 33,92868 30,92861
38,11035 34,54284 31,21433
40,50295 34,29718 31,03676
41,35743 34,34257 30,85518
38,79396 33,68301 29,91524
39,47754 33,96339 31,15158
40,84474 35,06889 31,36921
39,64845 34,36126 31,84719
40,50293 34,35592 31,83918
42,21192 35,25848 32,19299
40,16114 34,02481 30,97668
43,06641 34,42001 31,38923
41,18653 34,5295 31,44131
41,87014 34,16633 29,91123
41,52832 34,92469 31,36253
40,84475 34,40399 31,40392
39,81934 34,07287 30,62687
41,52833 34,74846 31,63891
41,18654 35,5175 32,38392
39,30665 34,13429 30,74303
40,84474 34,36928 31,88324
39,81933 35,16235 31,78711
41,18652 34,4841 30,93796
40,84474 34,95407 30,99804
42,04102 34,21974 31,02474
42,55373 34,63631 31,48136
38,96484 34,70573 31,27174
42,04103 34,64699 31,46133
40,67383 35,04219 31,57883
43,40823 35,24513 32,2464
39,99024 34,07554 30,95665
39,81934 33,92601 30,92727
42,21192 34,5562 30,19829
40,16113 34,20639 30,69897
38,11034 34,2144 31,29044
40,67385 34,61761 31,51207
41,52833 35,29587 32,57351
39,47754 34,61761 31,41727
40,67384 34,05952 30,94997
40,33205 34,51881 31,64825
39,13573 34,05685 30,84049
40,16113 34,44405 30,00202
39,99022 34,23576 31,25172
42,55373 34,76715 31,07815
40,84473 34,49478 31,3879
42,72462 35,0502 30,93529
40,67384 35,38666 32,34921
40,67384 34,52415 32,06882
40,50293 34,42802 31,73103
39,81933 34,79118 31,76708
40,50293 34,26246 31,49071
41,18654 35,01549 31,80447
41,52832 34,80186 30,97935
42,21193 34,71107 31,99673
39,64845 34,45205 30,55343
39,81934 34,39598 31,21834
41,35743 34,50546 31,12488
40,16114 34,67102 31,31714
40,67382 34,66034 31,2397
42,38284 34,46541 30,75237
41,52832 35,52284 31,22635
41,18653 34,99679 31,99138
39,81934 34,66568 31,37855
40,33204 35,11963 31,86054
41,69923 34,80987 32,05681
40,50293 34,58023 31,43863
41,01563 34,97276 31,22768
43,40821 35,0769 31,44398
44,09181 35,20508 31,3385
43,23733 34,87663 31,70166
45,28811 35,13031 31,86321
42,72461 35,45341 32,30381
39,81934 34,94873 31,94332
43,23732 35,7338 32,31716
41,35744 34,4841 31,66828
41,52834 34,96475 32,25574
44,77541 35,18906 31,00739
43,57911 34,54018 31,62556
44,09183 34,55353 31,15826
42,21194 35,44273 31,95801
42,04102 34,70306 31,53076
40,67383 34,58557 31,13155
41,18652 34,67102 31,14223
40,84473 34,84192 32,01942
43,06643 34,72442 30,54676
40,50293 34,59358 31,31981
41,69923 35,37331 32,39059
41,18653 34,94072 31,84986
40,84473 34,59091 31,64959
41,01563 34,67903 32,07417
40,33204 34,81255 30,96733
41,01563 34,73511 31,89392
39,64843 34,69238 31,76174
39,13575 34,26246 31,46934
41,52834 34,41467 31,15158
42,38282 35,30121 31,7524
39,81935 34,69772 31,67362
41,69923 35,17303 32,21569
41,87014 34,72443 31,61888
41,18652 35,27451 31,94599
40,50293 34,9781 31,47736
42,55373 35,29319 32,09553
39,81934 35,03418 31,82983
41,87011 34,24911 30,81646
41,69922 35,53085 32,36523
42,04103 35,07423 32,07817
39,13574 34,7084 31,66695
39,47753 34,17968 30,63755
42,55373 34,89265 31,70433
41,87013 34,13162 31,07014
40,50294 34,23576 31,21834
37,93945 34,46273 30,72834
41,01562 34,46006 30,70564
42,38283 34,74312 31,53477
42,89552 34,59892 31,17561
41,18653 34,46541 30,63221
39,99023 34,88197 31,53477
39,81935 34,6817 31,87256
41,01563 34,67102 30,98335
40,84473 35,08491 32,28778
40,50293 34,96742 31,62155
42,72462 35,85663 32,50809
40,67384 34,89532 31,5134
39,13574 34,27848 31,30379
40,50294 34,61494 31,59218
42,89553 34,99146 31,63223
40,16114 34,55086 31,72302
41,69924 35,33592 32,10754
41,35744 35,6163 32,60822
39,99024 34,75113 31,71101
39,30663 35,31189 31,86855
40,33204 34,64164 31,80046
42,21192 35,44006 32,67097
41,87012 34,64966 31,0461
43,92093 34,58824 30,64823
43,06643 35,10895 31,18896
41,69921 35,31456 31,42662
42,55372 35,29587 31,67229
39,99026 34,63898 31,55212
42,89552 35,44807 32,02343
41,01564 35,2478 32,20634
40,33204 35,80856 32,38926
40,84474 35,7338 32,90062
41,35744 34,99146 31,57749
41,69924 34,90601 31,77509
40,50295 36,01418 32,51076
40,33203 34,9781 31,70834
41,18652 35,39467 31,58016
40,67384 35,08492 32,28512
41,18653 35,1757 31,80313
39,99023 34,98611 31,37856
43,23731 35,02617 31,48804
41,87012 35,5896 32,07149
43,06642 35,25314 32,2771
42,04101 34,28382 31,80313
39,47755 34,58824 30,96065
41,87011 35,04219 32,01809
42,21193 34,91401 31,59752
42,89552 35,33859 32,39193
42,21191 35,09293 31,27174
41,18653 34,81521 31,03008
45,2881 35,2478 31,59485
39,47754 34,9247 31,19965
40,84473 34,80988 31,48003
42,21192 34,99947 31,88324
40,67383 34,90334 31,92463
41,69923 35,59227 32,01275
42,38283 35,76584 32,04746
42,04102 35,29053 32,18498
41,52833 34,72442 31,14624
41,18653 35,2211 31,77776
41,87011 34,52949 30,75237
40,33204 35,33058 32,23839
44,43361 35,19707 31,25439
45,45901 35,10361 32,06081
44,26271 34,5295 31,80714
43,23731 35,43205 32,15961
41,18652 34,98611 31,7337
40,84473 34,6817 30,77774
44,09182 35,52017 32,40929
41,01564 34,94339 31,41861
41,01562 35,09559 31,84185
42,21192 35,27184 32,17163
44,09181 34,94606 30,91526
43,40822 35,65102 31,71234
40,50294 35,50949 32,46136
42,21192 35,73112 32,38258
41,52834 36,11832 31,89659
40,50293 34,96742 32,09019
40,50292 34,83658 32,03278
41,52832 34,90067 32,13024
42,55371 34,8793 31,18763
40,50294 35,40001 32,18365
43,06641 35,45609 32,27177
42,72462 35,54688 31,99806
43,75001 35,3199 31,8018
40,50293 35,84595 32,93667
42,72462 35,74715 31,65359
45,11719 35,50148 31,85253
39,99024 35,68306 32,43198
41,18655 35,75249 32,01275
40,84474 35,00747 32,02076
39,64843 34,92203 31,64825
41,69923 35,64835 32,72171
42,04102 35,26917 31,60553
45,8008 34,52415 31,50806
39,81934 35,04219 31,43196
42,89553 34,95407 30,83515
43,57911 35,66704 32,26509
42,89551 35,68573 31,13155
41,01564 34,86595 31,71368
42,55373 34,79118 31,56681
43,75002 35,48546 32,41329
42,21193 35,33325 31,60419
44,77541 36,04622 32,43866
40,84473 35,41336 32,4707
46,14259 36,01151 32,29847
40,16114 35,72044 32,50008
42,04102 36,21178 32,82852
41,35745 35,39467 31,48136
40,84473 35,16769 32,38525
46,31349 35,149 31,27842
40,33205 34,68704 31,79779
41,52833 34,86595 31,35185
44,7754 35,48813 32,24907
42,21192 34,75647 31,50806
42,38283 35,20775 30,80044
41,87013 35,55756 32,20768
42,38283 34,75647 31,38657
40,67384 35,45074 31,35853
41,87013 35,45074 31,96335
43,23732 35,21042 32,1022
45,11721 35,26115 31,73771
42,21191 35,64835 32,16095
40,50294 35,48813 32,13425
42,04103 35,21576 32,53479
44,60451 35,00481 31,19297
44,0918 35,65903 32,07016
40,50293 35,05821 31,66027
38,96486 34,35325 31,11687
43,06642 34,94339 32,06348
39,64843 34,62829 31,46534
41,87013 35,50682 32,3946
39,81935 34,61761 31,4373
41,52833 35,50949 32,13558
43,75003 35,13565 31,52943
45,8008 35,04486 31,76575
40,67383 34,71908 31,37588
40,84474 35,33859 32,69901
42,72462 35,69908 31,66027
43,23732 35,62965 31,80714
41,52832 34,74579 31,76041
41,18653 34,66835 31,0955
43,57912 35,88333 32,46937
43,23732 35,48813 31,84185
42,04103 35,80055 32,02209
43,75 35,3466 31,71368
42,38283 35,78987 32,21436
41,69921 35,68306 32,53345
42,21193 34,5375 31,51741
41,01563 35,66704 31,98071
44,9463 35,62698 31,99806
42,55371 36,02219 32,26376
40,50294 34,49211 31,4373
42,72461 35,53886 32,40128
41,52832 35,09293 32,11021
41,69923 36,12099 32,32918
41,35743 35,06088 31,79913
40,84475 35,06622 31,49338
39,81934 34,71908 31,4146
44,6045 35,26649 32,22637
41,18654 35,70709 32,18098
43,57911 34,84192 31,94466
42,04103 35,98747 32,28111
40,50293 34,80721 31,40793
40,33204 35,51483 32,47337
40,33203 36,05957 32,687
41,52832 35,48813 31,46133
41,69921 35,44807 32,28512
41,52834 35,65636 33,10757
42,72462 35,75516 31,94866
42,04101 35,15701 31,98471
40,33204 34,97009 31,91261
41,69923 35,54688 32,50675
42,04103 35,82191 32,97405
40,33203 34,88731 32,12223
42,55373 35,3199 32,24373
45,45901 35,2478 32,24239
42,21191 34,87396 31,7791
41,18653 35,38399 31,98471
42,21192 35,84328 32,4173
40,84474 35,48546 32,17697
41,35742 35,53886 32,50408
39,99023 35,65369 32,03011
42,21192 35,72311 32,29446
44,43361 35,69374 31,92463
41,01563 35,3653 31,95667
43,92091 35,26382 31,61087
40,84472 35,39734 31,86455
42,55372 35,73112 31,95534
42,04103 35,87265 32,39994
42,55371 36,09962 32,50675
40,50293 36,10764 32,03411
40,84473 35,42671 32,65095
41,01563 35,80055 31,46
44,43361 35,14099 32,43332
44,43363 35,7151 31,54812
39,30664 35,14366 31,09016
42,21191 35,51216 32,5922
41,52833 34,9514 31,20899
41,87012 35,3466 31,50806
41,35743 35,54153 32,24773
42,72463 35,35461 31,31714
41,35744 35,57625 31,9767
44,43361 35,61096 32,16763
41,87014 35,99014 32,62157
42,55372 35,90736 32,64027
44,2627 35,88333 32,00741
43,23732 36,13968 32,72171
41,01563 35,27985 31,74171
43,40822 35,68039 32,39326
41,87013 35,07957 31,79512
41,52834 35,72578 32,48672
41,35742 35,5629 32,55882
43,92091 35,84595 33,0328
41,52833 36,10229 33,15296
41,87013 35,9127 32,32918
44,77542 35,47211 31,22234
40,16113 34,84726 31,5094
43,23731 34,86328 31,98071
42,04102 35,99815 32,4173
41,52833 35,57625 32,5201
39,64845 35,1757 31,93264
43,06642 35,94208 32,94601
42,89553 34,90334 31,76975
44,26272 35,8139 32,35188
43,40821 35,53886 32,41463
41,18653 34,8259 31,35586
42,38283 35,33058 31,85787
40,67382 35,62698 31,88324
41,35744 34,80988 31,17027
43,06643 35,48012 32,24773
43,06642 35,55489 32,08885
41,87012 35,93941 32,7137
45,45898 35,71243 32,8392
42,55371 35,65102 31,82583
41,01564 35,48279 32,23705
42,38282 35,52284 32,04212
41,69922 35,11963 32,04612
42,72461 36,16371 32,41596
40,67383 35,15167 31,70433
44,43362 35,32791 32,0755
41,18653 35,3653 32,20901
41,52832 35,55756 31,92196
42,89554 36,08627 32,02343
42,21192 35,82993 32,54414
44,26271 34,34525 30,54943
41,01564 34,9781 31,64692
43,06642 35,41336 31,72569
43,92092 35,2478 31,59618
40,16114 35,03418 32,03144
41,52834 35,91537 33,03547
45,80079 35,86197 32,72972
43,75001 35,75783 31,69498
41,87013 35,94475 32,23171
42,89552 36,04088 32,63092
42,89551 35,70976 32,01141
41,52832 36,01418 32,95403
45,62992 36,70311 33,41599
42,04103 35,76584 32,70836
45,11721 35,93941 32,41463
42,7246 35,96878 32,35588
42,38283 35,98747 33,02345
42,38282 35,45609 32,42664
44,26272 36,03287 32,34253
43,06642 35,78186 32,70836
42,04102 35,12497 31,86722
42,89551 36,02486 32,71236
41,35743 35,4187 32,48672
41,87012 35,82993 32,54814
41,87012 35,85396 32,75509
41,18653 35,71243 31,81248
43,06641 35,6884 32,1022
43,75002 36,20377 32,55348
43,75002 35,6163 32,47871
42,38282 35,7872 31,96068
41,01563 35,77919 32,45201
43,06643 35,46944 32,13291
41,18653 35,72845 32,55615
41,87014 35,69107 32,90462
42,72461 35,46944 31,57349
42,55373 36,07025 32,58152
45,6299 35,91537 32,59087
42,55372 36,24115 32,41329
42,38283 35,44006 31,78043
42,55373 35,89935 32,3225
47,168 36,01151 32,61623
44,77539 36,31592 32,87125
40,67385 35,91003 32,56016
40,50294 35,14366 31,99806
44,60451 35,91003 32,62291
44,09182 36,129 32,82185
45,1172 36,05156 32,62825
41,18653 35,71777 32,97806
42,89553 35,98213 32,14359
45,8008 35,59494 32,17831
42,38284 35,86731 32,74174
41,01563 35,28252 32,72572
40,67383 35,22644 32,16763
42,55373 36,37199 33,21705
41,01561 35,53085 32,60422
41,01562 35,59227 32,57217
44,26273 35,57892 31,81782
44,77541 35,42404 31,99673
45,45901 35,99548 33,01945
43,92091 36,19308 32,37457
42,38282 35,98213 32,42664
41,35744 35,93674 32,96337
43,75001 36,74316 32,59487
41,18652 35,17036 31,57482
45,45901 36,23848 32,71236
41,01564 35,78453 32,48405
42,38282 36,29723 32,40128
42,55371 36,01151 32,6149
43,23731 36,25984 33,04081
42,72462 36,33728 32,67365
41,69924 36,17706 32,74841
41,87012 36,37733 32,34119
42,21192 36,05423 32,75242
43,57911 35,99014 31,87523
42,38282 36,33461 32,75642
45,80079 35,85663 32,53212
41,01563 36,26785 32,77245
43,40822 35,78453 32,93667
43,06641 35,91805 31,53076
42,89552 35,56556 32,7898
41,18653 35,67505 33,06351
42,89553 36,00616 33,19702
40,67384 35,58426 32,74708
46,99708 36,7672 32,74841
41,69922 35,81657 32,52811
43,23734 35,66437 32,68833
