0,8138021 0,4196169 0,30915
0,8138021 0,4450485 0,325045
0,8138021 0,4545852 0,328224
1,017253 0,4609431 0,3401453
0,8138021 0,4609431 0,3457083
0,8138021 0,4514063 0,3457082
1,017253 0,4720694 0,3504767
0,8138021 0,464122 0,3536554
1,220703 0,4831956 0,3679604
1,017253 0,4927325 0,3767023
1,017253 0,4863746 0,3830599
1,017253 0,4736588 0,3663709
1,017253 0,4927325 0,3830599
1,220703 0,508627 0,4069014
0,8138021 0,4800167 0,3902122
1,017253 0,487964 0,3838546
1,220703 0,5149847 0,4029279
1,017253 0,4975009 0,3981595
0,8138021 0,4943219 0,4013383
1,220703 0,5149847 0,4156432
1,017253 0,5340579 0,4299481
1,220703 0,5261108 0,4220009
1,220703 0,5292897 0,4275639
1,017253 0,5626677 0,4545842
0,8138021 0,5340579 0,4283586
1,017253 0,5769727 0,4625314
1,017253 0,5896882 0,4688891
1,017253 0,5896881 0,4696838
1,424154 0,6278352 0,495115
1,220703 0,5992247 0,466505
1,424154 0,6071721 0,4792205
1,220703 0,6214772 0,4967042
1,017253 0,6326035 0,5014727
1,424154 0,7104874 0,5451829
1,424154 0,7041296 0,5388249
1,220703 0,7088979 0,5817418
1,220703 0,7232029 0,567436
1,424154 0,7581708 0,6008154
1,424154 0,8201599 0,6524734
1,424154 0,7947283 0,6357842
1,627604 0,813802 0,6477049
1,424154 0,8344652 0,660421
1,424154 0,8614863 0,6961833
1,627604 0,8932759 0,7136677
1,831055 0,9648022 0,759762
2,237956 1,014074 0,8090341
2,441406 1,028379 0,8153919
2,034505 1,098314 0,8718162
3,66211 1,187323 0,9361886
24,41406 1,465482 1,099904
36,01069 1,61489 1,193684
32,95895 1,802444 1,314482
32,3486 2,07742 1,478989
102,5389 3,026325 2,00033
126,3423 5,548783 3,275073
178,0189 7,97748 4,588762
174,7636 13,54056 7,45295
140,1767 19,14339 10,37993
171,5083 31,88449 16,9754
192,2609 56,48608 30,42139
185,7503 90,68797 55,26537
187,5814 113,9288 80,5043
192,4643 131,1837 103,5846
192,4643 139,1484 116,2938
192,0574 143,9501 122,209
192,4643 147,9683 127,4526
192,2609 153,9367 133,5505
192,0574 155,6263 136,5267
192,2609 157,7625 139,3146
192,2609 160,0783 140,97
192,4643 160,3612 141,6073
192,4643 159,3058 142,7128
192,4643 162,3656 143,1658
192,4643 163,8868 145,5675
192,4643 164,8818 146,2041
192,4643 165,1298 145,9585
192,4643 162,6008 144,9586
192,4643 166,84 146,2947
192,4643 172,3984 151,1274
192,4643 172,3412 151,5916
192,4643 177,7312 155,0129
192,4643 185,8281 162,0424
192,4643 187,5957 166,2935
192,4643 189,9689 169,6418
192,4643 190,0769 172,3008
192,4643 189,5509 170,411
192,4643 189,7655 172,3032
192,4643 190,0086 172,3628
192,4643 190,3504 174,1527
192,4643 190,7605 173,0114
192,4643 191,3931 176,2913
192,4643 191,4821 177,0011
192,4643 191,3836 175,2176
192,4643 189,9704 174,1383
192,4643 191,4281 178,445
192,4643 191,5075 178,9695
192,4643 191,4742 177,6377
192,4643 190,8304 176,3754
192,4643 191,5092 178,6191
192,4643 191,5791 178,2353
192,4643 191,6522 179,5626
192,4643 191,7428 180,5551
192,4643 191,1976 176,8857
192,4643 191,7745 181,2083
192,4643 191,6379 180,5416
192,4643 191,8746 179,2215
192,4643 191,018 178,1613
192,4643 191,7603 179,9948
192,4643 191,819 180,9046
192,4643 191,7333 179,7421
192,4643 191,9048 178,7518
192,4643 191,7937 179,8358
192,4643 191,8556 180,586
192,4643 191,6506 180,447
192,4643 191,746 182,1939
192,4643 191,5695 179,4868
192,4643 191,8238 179,9876
192,4643 191,6157 179,1842
192,4643 191,7364 181,5262
192,4643 191,6411 179,6666
192,4643 191,6713 180,6155
192,4643 191,9811 181,4714
192,4643 191,997 181,5699
192,4643 191,8699 179,6339
192,4643 191,9334 180,3222
192,4643 192,0526 181,8194
192,4643 191,9842 182,5816
192,4643 191,8476 181,821
192,4643 191,7285 180,7855
192,4643 192,024 182,4402
192,4643 191,9938 179,889
192,4643 191,7841 181,0057
192,4643 191,6125 181,0462
192,4643 191,9842 181,2393
192,4643 192,0161 180,5011
192,4643 192,0002 182,9775
192,4643 191,7825 181,5397
192,4643 191,8397 179,6697
192,4643 192,0129 181,6105
192,4643 191,981 180,3269
192,4643 191,7904 182,5586
192,4643 191,6744 180,4421
192,4643 191,8286 180,2515
192,4643 192,0288 183,7753
192,4643 191,935 180,8769
192,4643 191,4837 178,3338
192,4643 191,8413 180,9286
192,4643 192,043 179,9948
192,4643 192,0002 182,41
192,4643 191,8905 180,7608
192,4643 192,0844 182,9408
192,4643 191,9398 181,0748
192,4643 191,6871 179,6976
192,4643 191,7984 180,0894
192,4643 191,8492 180,455
192,4643 191,9842 180,5399
192,4643 191,9334 182,2367
192,4643 191,7174 182,3886
192,4643 191,8333 181,4841
