0,6103516 0,4037222 0,3012025
0,8138021 0,4116694 0,302792
1,017253 0,4243853 0,3131238
1,017253 0,4498168 0,328224
0,8138021 0,4514063 0,3409399
0,8138021 0,4577641 0,3290187
1,220703 0,4784272 0,3425295
0,8138021 0,4752483 0,3663709
1,017253 0,4720694 0,3639867
1,017253 0,4831957 0,3782916
0,8138021 0,4895535 0,3751128
1,017253 0,4927325 0,3957753
1,220703 0,4895535 0,3854441
1,017253 0,487964 0,3814705
1,017253 0,5022692 0,399749
0,8138021 0,4831957 0,3846493
0,8138021 0,4990903 0,4029278
0,8138021 0,5165741 0,4124643
1,017253 0,5435945 0,4394846
0,8138021 0,5340579 0,4259745
1,220703 0,5610784 0,4529948
1,017253 0,5420051 0,4347163
1,220703 0,5642572 0,4537895
1,424154 0,5849199 0,4577632
1,017253 0,581741 0,4633261
1,424154 0,5801516 0,4696838
1,017253 0,5880987 0,474452
1,017253 0,6230668 0,4887573
1,220703 0,6135299 0,4863729
1,424154 0,6628035 0,5165721
1,220703 0,6516772 0,5094198
1,220703 0,6802877 0,5316723
1,220703 0,7216135 0,567436
1,627604 0,7470447 0,5888942
1,424154 0,7708864 0,6270421
2,034505 0,8598967 0,6691629
2,034505 0,8837389 0,6969784
4,06901 1,02838 0,790756
7,120767 1,214343 0,932215
4,679362 1,392367 1,05222
5,900064 1,713433 1,293024
12,20703 2,234778 1,621246
13,42774 2,973874 2,090931
21,36231 3,851254 2,653599
29,09342 5,524954 3,601711
41,50386 7,901191 5,11567
40,48661 10,99269 7,339317
41,50386 15,29217 10,46498
63,4767 21,04283 14,39016
76,70107 26,88726 18,40353
121,0526 33,79344 23,94517
100,7079 40,44851 29,31594
131,0216 48,58176 36,44785
169,2707 55,75975 43,55272
122,8837 58,82738 46,72924
147,9077 61,57715 50,09175
135,4974 66,4552 53,68472
160,7251 74,88724 58,32512
177,4085 83,93599 63,87309
191,4471 98,9722 72,99577
172,9325 112,1899 84,35555
192,2609 130,1649 101,6154
192,2608 130,0966 104,9802
192,2609 141,3611 115,4166
192,0574 143,3097 116,5975
192,0574 145,3839 120,5607
192,2609 150,912 128,2791
192,2609 156,2637 134,9461
192,2609 157,087 135,9235
192,2609 159,4251 139,7525
192,4643 166,0023 144,6592
192,2609 163,2876 142,4244
192,2609 165,6987 145,9426
192,4643 166,3806 146,3415
192,4643 169,3578 147,8214
192,2609 169,3752 148,3078
192,4643 171,9566 151,0957
192,2609 170,1366 149,844
192,2609 170,3925 149,8638
192,4643 170,863 151,2983
192,2609 173,9927 155,5215
192,4643 175,4408 154,006
192,4643 172,8499 154,5202
192,2609 175,1753 155,8848
192,2609 175,8492 155,8259
192,2609 174,9861 155,082
192,2609 177,4959 154,7919
192,2609 173,864 152,6302
192,2609 177,1128 153,5903
192,4643 177,7487 157,5672
192,4643 176,2879 155,5589
192,4643 175,606 153,6739
192,2609 178,224 158,1386
192,4643 179,7737 157,2724
192,2609 175,2834 155,8139
192,4643 177,0159 156,2932
192,2609 178,8947 158,3571
192,2609 177,7455 156,3688
192,2609 179,8023 157,4575
192,2609 178,1207 156,2988
192,2609 178,4846 157,1173
192,2609 177,6311 155,9841
192,2609 175,4344 153,7851
192,2609 178,2844 158,567
192,4643 182,9702 160,4322
192,2609 180,1743 157,4361
192,2609 178,7851 158,6909
192,2609 181,5111 161,7594
192,4643 180,2236 159,8544
192,2609 180,4636 160,3193
192,2609 177,9792 156,8575
192,2609 179,2397 157,9527
192,4643 179,405 158,2737
192,2609 180,7274 158,981
192,4643 181,8322 158,1578
192,2609 179,947 159,1051
192,2609 177,5357 156,6739
192,2609 180,257 160,328
192,4643 179,4861 159,2584
192,2609 180,1362 158,0831
192,2609 178,8581 158,017
192,4643 178,0587 156,6485
192,4643 178,9043 158,9142
192,4643 181,5381 159,1066
192,2609 180,125 159,5025
192,4643 183,8238 160,531
192,2609 176,7266 157,6013
192,2609 180,23 158,2564
192,2609 180,6655 158,8865
192,4643 179,691 157,2549
192,2609 183,5218 162,6385
192,2609 178,0952 157,3725
192,4643 178,2589 157,63
192,2609 181,0183 160,1287
192,2609 182,4839 162,4827
192,2609 181,7034 161,5814
192,2609 179,0553 159,2696
192,2609 182,2931 161,548
192,2609 180,0249 159,9871
192,2609 182,8207 161,8969
192,4643 180,3666 159,2893
192,4643 182,5124 159,7894
192,2609 180,9547 160,491
192,4643 182,8463 162,6018
192,4643 180,6559 159,5016
192,4643 180,5526 161,4717
192,4643 183,7523 161,9756
192,2609 180,6718 158,8904
192,2609 180,8053 159,9013
192,4643 181,6398 159,6565
