0,6103516 0,232061 0,1398723
0,6103516 0,2415978 0,1533826
0,6103516 0,2415978 0,1390776
0,6103516 0,2447767 0,1438459
0,6103516 0,2527241 0,1525879
0,6103516 0,2543135 0,1605351
0,6103516 0,2447767 0,1430512
0,6103516 0,2479557 0,1486143
0,4069011 0,2447767 0,1629193
0,6103516 0,2590819 0,1653035
0,6103516 0,2463662 0,149409
0,6103516 0,2495451 0,1557668
0,8138021 0,2543135 0,1668929
0,6103516 0,2606713 0,1708666
0,6103516 0,2479557 0,149409
0,6103516 0,2511346 0,1454354
0,6103516 0,2543135 0,158151
0,6103516 0,2606713 0,1692771
0,6103516 0,2415978 0,1517932
0,6103516 0,2400083 0,1533826
0,6103516 0,232061 0,1470248
0,6103516 0,2479557 0,1549721
0,6103516 0,2527241 0,1565615
0,6103516 0,2527241 0,1629193
0,6103516 0,2511346 0,149409
0,6103516 0,2479557 0,1486143
0,6103516 0,2447767 0,1621246
0,6103516 0,2654397 0,1748402
0,6103516 0,2447767 0,1478195
0,6103516 0,2622608 0,1708666
0,6103516 0,2527241 0,1589457
0,8138021 0,2368294 0,1557668
0,6103516 0,2559029 0,1613299
0,6103516 0,270208 0,1708666
0,4069011 0,2463662 0,1589457
0,8138021 0,2574924 0,1573562
0,6103516 0,2574924 0,1700718
0,4069011 0,2559029 0,1756349
0,4069011 0,2463662 0,163714
0,6103516 0,2590819 0,1684824
0,8138021 0,2638502 0,1819927
0,6103516 0,2686186 0,1804033
0,6103516 0,2590818 0,158151
0,6103516 0,2765658 0,1819927
0,6103516 0,2574924 0,1645088
0,6103516 0,2606713 0,1788138
0,8138021 0,2638502 0,1796085
0,4069011 0,2590819 0,1676877
0,6103516 0,2638502 0,172456
0,6103516 0,2686186 0,1748402
0,6103516 0,2686186 0,1748402
0,6103516 0,2733869 0,1748402
0,6103516 0,2543135 0,1653035
0,6103516 0,2527241 0,1780191
0,6103516 0,2590819 0,1748402
1,017253 0,252724 0,1645087
0,6103516 0,2717974 0,1923241
0,8138021 0,2463662 0,1653035
0,6103516 0,2670291 0,1843769
0,4069011 0,2304715 0,1605351
0,6103516 0,2574924 0,1788138
0,6103516 0,2559029 0,1740454
0,6103516 0,2511346 0,1796085
0,6103516 0,2574924 0,1827874
0,6103516 0,2638502 0,1796085
0,6103516 0,2654397 0,1804033
0,6103516 0,270208 0,1819927
0,6103516 0,2733869 0,1827874
0,6103516 0,2543135 0,1732507
0,6103516 0,2908707 0,1986818
0,6103516 0,2733869 0,1796085
0,6103516 0,2686186 0,1899399
0,6103516 0,2447767 0,1708665
0,6103516 0,2654397 0,1827874
0,8138021 0,2559029 0,1764296
0,8138021 0,2797446 0,1978871
0,8138021 0,2670291 0,1732507
0,8138021 0,2686186 0,1947083
0,6103516 0,2654397 0,1891452
0,6103516 0,2749763 0,1891452
0,8138021 0,2781552 0,1915294
0,6103516 0,2638502 0,1907347
0,6103516 0,2622608 0,1891452
0,6103516 0,2829235 0,1883504
0,8138021 0,295639 0,2090132
0,6103516 0,270208 0,195503
0,4069011 0,2543135 0,1748402
0,6103516 0,2956389 0,2050396
0,6103516 0,2733869 0,1970924
0,6103516 0,2765657 0,1962977
0,6103516 0,2829235 0,1978871
0,6103516 0,2638502 0,1891452
0,6103516 0,2924601 0,2106027
0,6103516 0,2765658 0,201066
0,6103516 0,2686186 0,1891452
0,6103516 0,2574924 0,1827874
0,6103516 0,281334 0,2058344
0,6103516 0,2797446 0,1994766
0,6103516 0,2733869 0,2026555
0,6103516 0,2861024 0,2082185
0,8138021 0,295639 0,2042449
0,8138021 0,2924601 0,2137816
1,017253 0,2861024 0,2050396
0,8138021 0,2972284 0,2106026
0,6103516 0,2829235 0,2002713
0,6103516 0,3019967 0,2193446
0,6103516 0,295639 0,2257024
0,8138021 0,2908707 0,2185499
0,6103516 0,2876918 0,2129868
0,6103516 0,3051755 0,2241129
0,6103516 0,3226593 0,226497
1,017253 0,3083544 0,2177551
0,8138021 0,2892812 0,2082185
0,8138021 0,2972284 0,2225235
0,6103516 0,2892812 0,2090132
0,8138021 0,2717974 0,2066291
0,8138021 0,2972284 0,2185499
0,6103516 0,2622608 0,1978872
0,6103516 0,2829235 0,209808
0,8138021 0,2924601 0,2193446
0,8138021 0,2972284 0,2241129
0,6103516 0,2988178 0,2201393
0,6103516 0,2924601 0,2169604
0,6103516 0,2876918 0,215371
0,6103516 0,2781552 0,2137816
0,8138021 0,3099439 0,2225234
0,6103516 0,2972284 0,2225235
0,6103516 0,2988178 0,2288813
0,8138021 0,2956389 0,2201393
0,6103516 0,2876918 0,2161657
0,6103516 0,3004073 0,2185499
0,8138021 0,3051755 0,2257023
0,6103516 0,2940495 0,2129868
0,6103516 0,3306065 0,2423915
0,6103516 0,3115333 0,2288812
0,6103516 0,2940495 0,2257024
0,6103516 0,317891 0,2344443
0,6103516 0,3163016 0,2288812
0,6103516 0,317891 0,240802
0,8138021 0,3147122 0,2392126
0,8138021 0,306765 0,2336496
0,6103516 0,329017 0,2455703
0,6103516 0,3417327 0,2551071
0,8138021 0,3258382 0,2455704
0,8138021 0,3417327 0,2519282
0,8138021 0,3369642 0,2479545
0,8138021 0,3290171 0,2463651
0,8138021 0,3147122 0,2423915
1,017253 0,3671642 0,2686179
0,8138021 0,3385538 0,2527229
0,8138021 0,3703431 0,2694126
0,6103516 0,3321959 0,2503387
0,8138021 0,34968 0,2654388
0,8138021 0,3687537 0,2741811
0,6103516 0,3512695 0,2670283
0,8138021 0,3353748 0,2566966
0,8138021 0,3385537 0,2566966
0,8138021 0,3655748 0,2686179
0,8138021 0,3814694 0,2781548
0,8138021 0,3544485 0,2670283
0,8138021 0,3719327 0,2757706
0,8138021 0,3592169 0,2678231
0,6103516 0,3496801 0,2654389
0,8138021 0,3417326 0,2559018
0,8138021 0,3401431 0,2606703
0,8138021 0,386238 0,2861023
0,6103516 0,329017 0,2551071
0,6103516 0,3703433 0,2781548
0,8138021 0,3687537 0,2789495
0,8138021 0,3782906 0,2845128
0,8138021 0,3910064 0,2916656
0,8138021 0,383059 0,2813339
0,8138021 0,3989537 0,2956392
0,8138021 0,3894169 0,2916655
0,8138021 0,3957747 0,2924602
0,8138021 0,3925958 0,2908708
0,8138021 0,4227958 0,3099448
0,8138021 0,4053116 0,3004078
0,8138021 0,4084904 0,302792
0,8138021 0,4291537 0,312329
1,017253 0,3973642 0,2940498
1,017253 0,4529957 0,3234555
0,8138021 0,4418695 0,321866
1,017253 0,4243852 0,3067658
1,017253 0,4084906 0,302792
0,8138021 0,4402799 0,3194817
1,017253 0,4498168 0,3266345
0,8138021 0,4498168 0,325045
0,8138021 0,467301 0,3449134
0,8138021 0,4625326 0,3496817
1,017253 0,4577641 0,3369662
0,8138021 0,4768378 0,3608079
1,017253 0,4768378 0,3584237
0,8138021 0,4704799 0,3552449
0,8138021 0,4657115 0,3592184
0,8138021 0,4625326 0,3608077
0,8138021 0,4831957 0,3782916
1,017253 0,4657115 0,3584237
1,017253 0,4688904 0,3616025
1,220703 0,5054481 0,3854442
1,017253 0,4816062 0,3751127
1,017253 0,4720694 0,3647814
1,017253 0,5006798 0,3727288
0,8138021 0,4831957 0,3711392
1,017253 0,4927324 0,3695499
1,017253 0,4831957 0,3703445
0,8138021 0,4831957 0,3846493
1,017253 0,4959114 0,3910071
1,017253 0,5133953 0,3981596
1,017253 0,5006798 0,3806759
1,017253 0,4879641 0,3743181
1,017253 0,5022692 0,3925965
0,8138021 0,4975009 0,3957754
1,017253 0,4895535 0,3894176
1,017253 0,5022693 0,4021331
0,8138021 0,5022692 0,4037225
1,220703 0,5261108 0,4235903
0,8138021 0,5261108 0,4188221
1,220703 0,5133953 0,4069014
1,220703 0,5261108 0,4204115
1,017253 0,5388262 0,4235904
0,8138021 0,5324684 0,4251798
1,017253 0,5578994 0,4426635
1,220703 0,5578995 0,4474318
0,8138021 0,5404156 0,4283586
1,220703 0,5737938 0,4522001
1,220703 0,5769727 0,4569684
1,017253 0,6087615 0,477631
1,220703 0,6039932 0,4768363
1,017253 0,6167088 0,4919359
1,220703 0,6453193 0,5054463
1,220703 0,6659825 0,5141881
1,627604 0,6930033 0,5372356
1,220703 0,6707509 0,52293
1,220703 0,6977717 0,5507463
1,220703 0,7295607 0,5753835
1,424154 0,7486341 0,5976365
1,627604 0,7597603 0,6159156
1,220703 0,7438658 0,6047894
1,424154 0,7724759 0,6198894
1,627604 0,8328757 0,6643944
1,627604 0,816981 0,6691625
1,831055 0,8551283 0,6874415
1,831055 0,9187075 0,7255886
1,627604 0,9489076 0,7605568
1,831055 1,004538 0,8018817
1,831055 1,056989 0,842412
1,627604 1,087187 0,8646635
1,831055 1,099903 0,8916838
2,237956 1,214345 0,9838728
2,441406 1,223882 0,9814888
2,237956 1,312893 1,066526
2,237956 1,330376 1,093548
2,644857 1,514753 1,192096
2,644857 1,60376 1,295406
2,848307 1,66098 1,347857
2,644857 1,797676 1,471837
3,051758 1,904172 1,545748
3,458659 1,96616 1,580717
5,900065 2,117156 1,711846
4,069011 2,233187 1,809597
3,86556 2,458894 2,000334
4,679362 2,597172 2,123514
5,696615 2,80539 2,283257
5,696615 2,992949 2,428692
5,696615 3,148717 2,554256
6,713867 3,569921 2,83003
7,934568 4,000664 3,181299
7,934569 4,243848 3,386337
8,544921 4,704791 3,738402
9,358724 5,172095 4,16835
11,80013 5,582174 4,467965
11,80013 5,803109 4,698431
12,20703 6,502469 5,203087
15,46224 7,397332 5,815825
22,17611 8,271535 6,442865
18,514 9,244283 7,192293
18,514 10,33465 8,256436
17,90365 11,59509 9,321372
18,1071 12,44068 10,15902
20,14161 13,32442 10,93626
26,04167 14,45135 11,99643
29,50031 15,37959 12,77844
27,66927 15,89775 13,35304
33,16241 16,72108 13,8259
27,66927 16,91183 14,11835
28,68652 18,22154 15,20872
31,33139 18,84618 15,78728
28,68652 19,04964 15,98358
38,04521 19,62661 16,26333
33,36585 20,80123 17,40138
36,62106 22,15226 18,58632
41,91078 22,5242 18,55533
32,75551 22,60049 19,11957
41,09697 24,28054 20,49129
41,09697 23,87364 19,99218
39,46936 24,79076 20,72413
45,9798 25,33754 21,47118
47,40397 26,93653 22,72207
50,86264 28,3416 23,34593
48,01432 31,09612 25,42097
54,72823 33,24348 27,29255
51,06609 34,48485 29,05527
47,81087 36,43035 30,36499
49,64193 37,03432 31,82091
58,18694 37,48415 31,85906
59,81452 38,88605 33,23238
54,72822 39,4058 33,84747
58,59383 40,17987 34,89891
53,30407 41,02547 35,33362
57,78002 40,81882 35,56966
55,74551 41,37831 35,92092
59,20418 41,85357 36,2706
60,01799 42,95032 37,01607
60,01797 42,64195 36,97792
57,98347 43,19985 37,95145
71,20787 44,52387 38,48077
63,4767 43,74187 38,04446
64,08702 45,8193 39,63948
64,90083 44,89582 39,02356
72,2251 46,75706 40,58599
68,56298 45,47121 39,60133
74,46307 46,84131 40,31979
65,30773 46,47414 40,62732
64,90083 48,85834 43,20383
69,17334 49,09358 42,27241
66,12154 49,23821 43,71089
64,08704 49,78181 44,11619
74,05616 50,08064 44,37209
66,12152 49,87241 43,55113
73,24236 51,71779 45,29795
69,78368 51,16465 44,70826
73,64928 52,64285 46,11174
63,68012 49,76434 43,8746
66,93534 51,16307 45,15331
75,68378 52,09447 45,67463
72,02164 52,15964 46,22301
72,02164 52,56177 46,36129
74,05619 52,63807 46,52978
68,56297 53,27388 47,36345
69,37679 53,18167 46,9923
71,41129 53,67124 47,66626
80,97348 54,53112 48,36006
80,9735 55,76774 49,17622
76,09071 54,6122 47,9182
73,44582 54,90149 48,66682
81,99072 55,73753 49,35345
84,22865 57,41443 51,00095
82,8045 57,28564 50,53046
83,6183 57,90399 51,12333
89,92519 57,41602 50,7657
74,25963 57,48436 50,24831
81,58382 59,43779 52,23354
85,2459 59,33448 52,46404
77,92178 58,23936 51,64467
74,0562 58,69394 52,17794
85,04246 59,30747 52,58641
85,2459 60,13559 53,74674
95,41827 61,60744 54,49538
76,09067 60,95893 54,53989
80,15971 62,39264 56,04509
87,68726 63,50687 56,38763
91,95966 64,3477 57,09258
84,22865 64,34928 57,65285
84,83898 64,51776 57,8396
84,0252 65,23624 58,67965
87,28035 66,18674 59,62379
84,63554 65,06295 58,55485
90,94244 66,42674 59,84631
86,67002 66,90834 60,32632
85,65279 66,96876 60,69271
84,43208 67,16582 60,69507
82,19419 66,56818 60,41214
95,41828 68,62972 61,21639
94,40102 68,08613 61,5391
83,6183 66,79392 60,5751
80,15968 68,11156 61,80056
95,41827 68,45171 62,00716
88,50103 68,49306 62,23846
86,87346 67,69515 60,72531
81,78727 68,03051 61,73618
91,3493 69,64698 62,92348
92,57001 69,11134 62,6525
89,92521 70,26529 63,49094
92,77345 70,31456 63,27321
94,19758 71,52094 64,3119
92,1631 70,09522 63,36776
86,46657 70,77072 63,67929
88,09415 69,20512 62,58574
87,07693 70,64677 64,17281
90,53554 69,31958 63,05861
97,04585 71,30003 63,65226
94,19758 70,93444 64,68146
92,16314 71,41926 64,2984
93,18034 69,90926 62,91318
91,34935 70,37177 63,09279
90,94242 70,75166 64,57018
97,65618 71,41922 64,5042
88,50105 69,98872 63,93919
87,48381 70,57842 63,58632
87,48381 71,76255 65,31802
91,14589 71,38904 64,75536
91,95965 70,45602 63,88037
97,6562 72,07246 65,02476
