0,8138021 0,3941853 0,2956392
0,8138021 0,4275643 0,3139185
1,017253 0,4053116 0,3035867
0,8138021 0,4069012 0,3004078
0,8138021 0,4800167 0,34094
0,6103516 0,3989538 0,2988183
0,8138021 0,4355116 0,3178923
0,8138021 0,44028 0,318687
0,6103516 0,4275644 0,315508
1,017253 0,4196169 0,3099447
0,8138021 0,4371011 0,315508
0,8138021 0,4084907 0,3012026
0,8138021 0,4259747 0,312329
0,6103516 0,4307432 0,315508
1,017253 0,4498168 0,3306082
0,8138021 0,4450485 0,337761
0,8138021 0,4450485 0,3290188
0,8138021 0,4402801 0,3353768
0,8138021 0,443459 0,337761
0,8138021 0,464122 0,3536554
0,8138021 0,464122 0,3552448
0,6103516 0,4514063 0,3417347
0,8138021 0,4418695 0,3337873
1,017253 0,4529957 0,3504765
0,8138021 0,4529957 0,3465029
0,8138021 0,4482274 0,3441188
0,8138021 0,4593536 0,3544501
0,8138021 0,4816062 0,3687551
1,220703 0,4657115 0,3584237
0,8138021 0,4561747 0,3568341
0,8138021 0,4498168 0,337761
1,017253 0,4657115 0,3616025
0,8138021 0,4561747 0,3512712
1,017253 0,4784272 0,3679603
0,8138021 0,4577642 0,3528606
0,8138021 0,4625326 0,3576289
1,017253 0,4529957 0,3512712
0,8138021 0,4514063 0,3457082
1,017253 0,4593536 0,3695495
0,8138021 0,4688905 0,3623972
0,8138021 0,4657115 0,3608078
0,8138021 0,4784273 0,3774969
1,017253 0,464122 0,3576289
0,8138021 0,4641221 0,3568343
1,017253 0,4720694 0,3671655
0,8138021 0,4609431 0,3663707
0,6103516 0,4545852 0,3576289
0,8138021 0,4704799 0,3663708
0,8138021 0,467301 0,3655761
1,017253 0,4800167 0,3695498
0,8138021 0,487964 0,3798811
0,8138021 0,4704799 0,3695497
0,8138021 0,4943219 0,3790864
0,8138021 0,467301 0,3774967
1,017253 0,5022693 0,3973649
0,8138021 0,4800167 0,385444
1,017253 0,4784272 0,3782915
1,017253 0,4800167 0,3719339
1,220703 0,4752483 0,3822651
0,8138021 0,4688904 0,376702
0,8138021 0,4736589 0,3711391
0,8138021 0,4863746 0,3870335
1,017253 0,4879641 0,3878281
1,017253 0,4847851 0,3838545
0,8138021 0,4879641 0,3822652
1,017253 0,4879641 0,3933911
0,8138021 0,5006798 0,394186
0,8138021 0,4800167 0,3830599
0,8138021 0,4943219 0,3854441
0,8138021 0,5038586 0,4061066
1,017253 0,5054481 0,4045172
1,017253 0,4879641 0,3949805
1,017253 0,4847851 0,4037223
0,8138021 0,5245213 0,4251797
0,8138021 0,5038586 0,4140537
1,017253 0,5038586 0,4013383
1,017253 0,4975008 0,4061066
0,8138021 0,5086269 0,4076961
0,8138021 0,5372368 0,4243851
1,017253 0,5229319 0,4188221
1,017253 0,5118059 0,4204115
1,017253 0,5277002 0,4315374
1,017253 0,4990903 0,402133
1,017253 0,5213425 0,4204114
0,8138021 0,5181636 0,4259744
1,220703 0,5420051 0,4323322
1,017253 0,530879 0,4339216
1,017253 0,5578994 0,457763
1,017253 0,5340579 0,4307427
1,017253 0,5722044 0,4537894
1,220703 0,6039932 0,4808099
1,017253 0,567436 0,4561736
1,220703 0,6071721 0,4847834
1,424154 0,6135298 0,4871676
1,424154 0,637372 0,4998834
1,017253 0,6675721 0,5141881
1,424154 0,6850561 0,5276985
1,220703 0,705719 0,5404145
1,424154 0,7025401 0,542004
1,627604 0,783602 0,6047889
1,627604 0,8058545 0,627042
2,237956 0,8964546 0,6961837
2,034505 0,9361917 0,7152573
1,831055 1,087188 0,831286
2,034505 1,165071 0,9059893
2,441406 1,269977 0,9989735
2,237956 1,413029 1,091957
2,441406 1,473428 1,169048
3,051758 1,567204 1,250903
3,051758 1,703897 1,339911
2,848307 1,754761 1,417
2,644857 1,800857 1,485348
3,255209 1,929603 1,568002
3,458659 2,067883 1,660188
3,458659 2,066293 1,720586
3,458659 2,182323 1,806416
3,86556 2,257029 1,849333
3,86556 2,431873 2,033713
3,86556 2,428694 2,024176
4,679363 2,566973 2,114773
4,069011 2,638495 2,166427
5,289714 2,706842 2,238751
4,882813 2,80857 2,333323
5,493164 2,986593 2,461274
8,748368 3,108979 2,60512
8,951821 3,161431 2,599555
8,748369 3,431636 2,793471
9,562172 3,584225 2,922217
8,54492 3,755887 3,055731
12,20703 4,096031 3,313225
14,03809 4,552208 3,643831
10,78288 4,796979 3,871918
11,59668 5,470912 4,32094
19,12436 6,710689 5,184808
16,68295 7,359188 5,644162
18,10711 8,250875 6,509623
16,0726 9,318986 7,440248
17,70021 9,784694 7,843968
16,8864 10,88302 8,857251
26,04166 11,7747 9,334882
20,75196 12,72043 10,28618
19,93816 13,20203 10,71771
30,3141 14,58327 11,90265
25,02441 15,61801 12,61552
26,24511 16,26969 13,23065
26,44856 16,45088 13,73768
27,4658 17,36323 14,19306
29,29686 18,70156 15,30885
32,34859 19,59324 15,88345
34,58655 20,1114 16,60585
30,11065 20,67566 17,04216
34,58654 21,51011 17,99026
31,73825 21,5292 17,80193
39,46935 22,99944 18,74287
34,58655 22,91043 18,90341
36,21415 24,6334 20,14716
36,41759 24,9211 21,05633
38,0452 24,8893 20,66612
45,9798 26,80142 21,99252
40,0797 27,40223 22,64738
42,11422 28,41472 23,92132
48,01434 30,15199 24,77168
48,01432 30,481 25,34229
49,03158 31,56819 26,5185
54,11787 32,94784 27,37124
64,08704 35,58157 29,14587
54,93169 35,68807 29,51463
61,44215 38,22165 31,72633
63,88359 39,98277 33,12269
59,20419 41,08426 33,86893
71,61476 43,8261 36,45103
62,25598 44,20916 36,87698
72,42857 44,05816 36,5464
74,66655 46,53773 38,79865
67,34227 47,51366 39,81353
67,95262 49,51956 41,9569
64,90084 48,04772 40,69727
69,37679 50,89127 43,45021
80,36314 51,02478 42,70077
71,41131 50,94054 43,33896
73,03893 52,35516 43,96519
74,25965 53,0911 45,48472
80,5666 53,33586 46,06726
74,46307 54,5073 46,81113
76,4976 56,0475 47,66706
81,58384 55,75027 47,48349
80,36315 56,13172 47,97937
75,88727 57,10767 48,48642
78,12524 57,7371 49,39161
78,93901 58,88786 50,38026
76,70107 60,14513 51,18214
83,41486 59,56179 50,78158
82,80452 59,99253 51,67088
84,02522 62,43241 53,14676
81,58384 60,78093 52,97823
81,58383 61,95872 53,85641
83,61832 62,60724 54,69645
74,87 62,85838 54,51048
84,63555 63,07296 55,5039
81,78728 64,87067 56,41864
78,73557 62,15741 53,54965
86,26313 63,20488 55,14071
86,26313 63,53868 55,22178
83,00795 62,81864 55,4141
90,73898 63,40198 55,59767
85,04243 63,97896 56,02922
85,85623 63,01256 55,56829
78,12524 64,85795 57,211
84,43211 64,46693 56,50447
84,63555 65,02324 57,14104
91,14587 63,94239 55,21302
89,72173 64,65766 56,63321
84,63555 65,3793 56,92965
84,43211 64,02667 56,41868
84,22865 65,49692 57,56705
82,60107 64,75941 57,0481
79,34592 64,66246 57,7244
83,82175 66,24397 59,10086
89,1114 65,63361 57,69817
83,00798 65,56686 58,12415
89,72173 65,49532 57,65048
82,80452 65,41428 57,4216
80,15971 66,04847 58,10505
89,31485 65,97377 58,33553
82,19418 66,51576 58,29581
83,21142 66,68266 59,11914
84,839 66,44742 58,8688
80,9735 66,69855 58,56364
82,19418 66,80663 59,71677
86,05966 67,3836 60,04103
84,02521 66,1057 58,26006
80,15971 66,49352 58,64469
80,77005 66,51733 58,68995
86,26313 68,33092 60,68394
81,78728 67,52984 59,65322
86,05968 67,91606 59,20339
86,26312 67,28825 59,46089
91,14587 68,37227 60,47417
86,67002 67,52508 59,1128
84,02521 67,95105 60,20474
87,48383 68,92538 61,08451
88,29761 68,40086 60,47178
84,63554 68,52483 60,61881
83,82176 69,7678 62,13594
88,09415 69,57705 61,6146
90,94242 69,23531 60,6013
86,87346 69,2544 61,48982
91,14587 71,00598 63,27081
84,02521 71,0171 63,25331
87,07692 70,51165 63,67771
91,55277 71,70059 63,33438
85,24587 71,0473 63,61966
95,21481 71,39539 63,40432
89,92519 71,08385 63,56088
89,31484 70,68649 62,33064
84,22867 69,98078 62,3354
85,2459 70,72303 63,41782
84,63555 71,59726 62,77411
94,40102 72,08523 64,22768
