0,8138021 0,2415978 0,1486143
0,6103516 0,2415978 0,1390776
0,4069011 0,2463662 0,1470248
0,6103516 0,2606713 0,1597404
0,4069011 0,2495451 0,1565615
0,4069011 0,2574924 0,1573563
0,4069011 0,2447767 0,1557668
0,6103516 0,2479557 0,1462301
0,4069011 0,2384188 0,1589457
0,6103516 0,2559029 0,1525879
0,6103516 0,2400083 0,1517932
0,6103516 0,2511346 0,1525879
0,4069011 0,2527241 0,1597404
0,4069011 0,2368294 0,1430512
0,6103516 0,2384188 0,149409
0,6103516 0,2336504 0,1486142
0,6103516 0,2559029 0,1645088
0,6103516 0,2415978 0,1541773
0,6103516 0,2463662 0,1605351
0,6103516 0,2415978 0,1621246
0,4069011 0,2511346 0,1525879
0,6103516 0,2495451 0,1621246
0,4069011 0,2384188 0,1541773
0,6103516 0,2574924 0,1740454
0,6103516 0,2384188 0,149409
0,6103516 0,2463662 0,1629193
0,6103516 0,2431872 0,1581509
0,8138021 0,2622608 0,1613299
0,6103516 0,2447767 0,1565615
0,6103516 0,2479557 0,1700718
0,6103516 0,2352399 0,1621245
0,6103516 0,2654397 0,1645088
0,4069011 0,2670291 0,1692771
0,6103516 0,2527241 0,1692771
0,6103516 0,2479557 0,1589457
0,6103516 0,2400083 0,1541773
0,6103516 0,252724 0,1597404
0,6103516 0,2463662 0,1621246
1,017253 0,2590818 0,172456
0,6103516 0,2479557 0,1541773
0,8138021 0,270208 0,1716613
0,4069011 0,2479557 0,1684824
0,6103516 0,2638502 0,172456
0,6103516 0,2574924 0,1660982
0,6103516 0,2574924 0,1708666
0,6103516 0,2574924 0,172456
0,6103516 0,2559029 0,1684824
0,8138021 0,270208 0,1732507
0,6103516 0,2606713 0,1772244
0,6103516 0,2622608 0,1629193
0,6103516 0,2559029 0,1772243
0,6103516 0,2527241 0,1740454
0,6103516 0,2527241 0,1700718
0,6103516 0,232061 0,1541773
0,6103516 0,2733869 0,1780191
0,4069011 0,2431872 0,1668929
0,6103516 0,2479557 0,1764296
0,6103516 0,2463662 0,163714
0,8138021 0,2717974 0,1780191
0,4069011 0,2400083 0,1684823
0,6103516 0,252724 0,1716613
0,8138021 0,2749763 0,1899399
0,6103516 0,2670291 0,1859663
0,6103516 0,2781552 0,2050397
0,4069011 0,2559029 0,1692771
0,8138021 0,2479557 0,1676876
0,6103516 0,2717974 0,1827874
0,6103516 0,2733869 0,1899399
0,4069011 0,2463662 0,1668929
0,8138021 0,2717974 0,1819927
0,6103516 0,2559029 0,172456
0,8138021 0,270208 0,1859663
0,8138021 0,2622608 0,1819927
0,8138021 0,2845129 0,1947082
0,6103516 0,2606713 0,1764296
0,8138021 0,2797447 0,1923241
0,6103516 0,2606713 0,1788138
0,6103516 0,2670291 0,1819927
0,6103516 0,2559029 0,1748402
0,4069011 0,2495451 0,178019
0,8138021 0,2559029 0,181198
0,6103516 0,2797446 0,1915293
0,6103516 0,2686186 0,1923241
0,6103516 0,2622608 0,1740455
0,6103516 0,2622608 0,1819927
0,6103516 0,2733869 0,186761
0,8138021 0,2543135 0,1819927
0,6103516 0,2670291 0,186761
0,6103516 0,2543135 0,1883505
0,8138021 0,2717975 0,1875558
0,6103516 0,2670291 0,1907347
0,6103516 0,2733869 0,1939135
0,6103516 0,270208 0,1859663
0,4069011 0,2543135 0,186761
0,6103516 0,2749763 0,1915294
1,017253 0,270208 0,1891452
0,6103516 0,2574924 0,1851716
0,6103516 0,2654397 0,1891452
0,6103516 0,2797446 0,2002713
0,6103516 0,2686186 0,1939136
0,6103516 0,2845129 0,2026554
0,6103516 0,2797446 0,2018608
0,8138021 0,2876918 0,1986818
0,6103516 0,2654397 0,1939136
0,6103516 0,2765658 0,201066
0,6103516 0,2892812 0,2106027
1,220703 0,2781552 0,1939135
0,6103516 0,3004073 0,2098079
0,6103516 0,2781552 0,2026555
0,6103516 0,2797446 0,2050396
0,8138021 0,3004072 0,2129868
0,6103516 0,2797446 0,1939135
0,6103516 0,2670291 0,1962977
0,8138021 0,2845129 0,2113974
0,6103516 0,2654397 0,1907347
0,6103516 0,281334 0,2161658
0,8138021 0,2733869 0,2074239
0,8138021 0,2972284 0,2113974
0,6103516 0,2861024 0,2066291
0,6103516 0,2924601 0,2129868
0,6103516 0,2829235 0,2137816
0,6103516 0,2861024 0,2082185
0,6103516 0,2972284 0,2217288
0,8138021 0,2988178 0,2113973
0,6103516 0,2924601 0,2113974
0,6103516 0,3163016 0,2257023
0,6103516 0,2861024 0,2058343
0,6103516 0,3083544 0,2217287
0,6103516 0,2972284 0,215371
0,8138021 0,2845129 0,2121921
0,8138021 0,3115333 0,2249076
0,8138021 0,2908707 0,2113974
0,6103516 0,2861023 0,2137816
0,8138021 0,2988178 0,2193446
0,8138021 0,3035862 0,2161657
0,6103516 0,3147121 0,2304706
0,6103516 0,2924601 0,2082185
0,6103516 0,3035861 0,2264971
0,8138021 0,2892812 0,2169605
0,6103516 0,3226593 0,2400073
0,6103516 0,2876918 0,2225235
1,017253 0,3385537 0,2439809
0,6103516 0,3051755 0,2296759
0,8138021 0,2829235 0,2201394
0,6103516 0,3163016 0,2392126
0,8138021 0,3083544 0,2288812
0,6103516 0,3004072 0,2320601
0,6103516 0,3147122 0,2392126
0,6103516 0,3115333 0,2415968
0,8138021 0,3051755 0,235239
0,8138021 0,3210699 0,2376232
0,6103516 0,3242487 0,2487492
0,8138021 0,3417327 0,2582861
0,8138021 0,332196 0,2503387
0,6103516 0,329017 0,2431862
0,6103516 0,317891 0,2463651
0,8138021 0,3385537 0,2559018
0,6103516 0,3528591 0,2598757
1,220703 0,373522 0,2717969
0,8138021 0,3449116 0,264644
0,8138021 0,3719327 0,2741811
0,6103516 0,3449117 0,2574914
0,6103516 0,3576274 0,2694125
1,220703 0,3608063 0,2638494
0,8138021 0,34968 0,2598756
0,8138021 0,3337854 0,2559018
0,6103516 0,3480906 0,2670283
0,6103516 0,3544485 0,2694125
0,8138021 0,3846485 0,2789497
1,017253 0,3782905 0,2813338
1,017253 0,352859 0,2670283
0,6103516 0,3751116 0,2797443
0,8138021 0,3703432 0,280539
0,8138021 0,383059 0,2845128
0,6103516 0,3671643 0,2781548
0,8138021 0,3417328 0,2662335
0,8138021 0,41008 0,2980236
0,8138021 0,3910064 0,290076
0,8138021 0,3751116 0,2829233
0,8138021 0,3846485 0,2868971
1,017253 0,3957748 0,2932551
0,8138021 0,4053116 0,299613
0,8138021 0,4037221 0,2956393
1,017253 0,4227957 0,3051763
0,8138021 0,4180274 0,3051763
0,8138021 0,4084905 0,3004078
0,8138021 0,4116695 0,3035868
0,8138021 0,4498168 0,321866
0,8138021 0,443459 0,3186871
1,017253 0,4561747 0,331403
0,8138021 0,4561747 0,331403
1,017253 0,4545852 0,3361715
1,017253 0,4752483 0,346503
0,8138021 0,4577642 0,3417347
1,017253 0,4625326 0,3504766
0,8138021 0,4720694 0,3512714
0,8138021 0,4831956 0,3719339
0,8138021 0,4561747 0,3608077
0,8138021 0,4736588 0,3623973
1,220703 0,4704799 0,3695497
1,017253 0,4800167 0,3695497
1,017253 0,4800167 0,3663709
1,220703 0,4895535 0,3743181
0,8138021 0,4768378 0,3782915
1,017253 0,4943219 0,3838547
0,8138021 0,4752483 0,3894174
1,017253 0,5229319 0,4061067
1,017253 0,5467734 0,4259746
1,220703 0,4990903 0,4037225
1,017253 0,5038587 0,4108749
1,424154 0,5308791 0,4243851
1,220703 0,5531311 0,4378952
1,220703 0,5865093 0,4649155
1,220703 0,6087615 0,4768364
1,220703 0,6182982 0,4903465
1,220703 0,610351 0,4839888
1,017253 0,6151194 0,4919359
1,424154 0,6500878 0,5165722
1,220703 0,6850561 0,5324671
1,424154 0,6945928 0,5539255
1,627604 0,720024 0,5634623
1,424154 0,7375081 0,5698201
1,424154 0,7788336 0,6159155
1,831055 0,844002 0,6620101
1,831055 0,9059915 0,698568
2,034505 1,071294 0,8018815
2,644857 1,173018 0,9107574
2,441406 1,365345 1,06891
2,441406 1,514753 1,212758
3,458659 1,781782 1,454352
3,255208 1,873972 1,544954
2,848307 2,07424 1,748402
3,458659 2,255439 1,900195
3,662109 2,309483 1,990796
4,06901 2,463662 2,108417
4,679362 2,616243 2,215703
4,679362 2,822875 2,408026
5,086263 2,946856 2,47081
6,103516 3,153482 2,667905
4,475912 3,280637 2,806981
5,493164 3,576279 3,021557
5,900064 3,759066 3,259182
6,306966 3,927548 3,399052
6,510417 4,180274 3,600916
5,900065 4,267692 3,69231
6,917317 4,487036 3,886223
7,731119 4,744534 4,067423
7,120767 5,003608 4,303455
6,713867 5,057651 4,487036
7,731118 5,434358 4,67698
8,748369 5,720455 4,982152
7,731118 5,819004 5,109312
7,934568 5,936625 5,17289
9,969071 6,044706 5,268257
7,73112 6,176627 5,414484
8,544921 6,434124 5,652907
8,95182 6,556516 5,768935
8,951822 6,601018 5,824565
7,93457 6,570817 5,835692
8,95182 6,693201 5,924705
9,562172 6,882348 6,113055
9,562172 6,831489 6,002588
9,155273 6,930034 6,147228
9,562174 7,074674 6,283919
9,358722 7,219315 6,438097
10,98633 7,265409 6,465909
10,17253 7,481575 6,717047
9,765624 7,351238 6,593069
10,98633 7,429121 6,634395
10,78288 7,754959 6,851352
9,969073 7,570586 6,823539
10,17252 7,697738 6,779029
10,57943 7,886888 6,953078
12,61393 7,839203 6,996789
11,18978 8,063314 7,147788
11,18978 8,07603 7,181164
11,39323 8,34942 7,367929
11,59668 8,44638 7,56105
10,57942 8,354187 7,40051
11,59668 8,482936 7,557872
13,22428 8,597369 7,651645
14,24154 8,605327 7,595224
13,83464 8,835791 7,922648
17,49675 8,842146 7,884501
19,93816 9,145735 7,965565
19,93816 9,727478 8,301735
19,12435 11,05786 9,108385
23,19336 12,04967 9,843509
25,63476 14,06193 11,39641
26,85545 14,84395 12,57738
31,33135 15,30171 12,91275
29,9072 15,94702 13,30137
25,02442 16,76242 13,94352
27,4658 16,89911 14,20736
28,88996 17,7606 14,98699
28,48306 17,87028 15,05852
33,36584 18,38048 15,51787
27,87271 18,50129 15,70702
26,04166 18,92249 16,05272
32,3486 19,36754 16,68295
29,50031 19,15932 16,32929
36,82449 19,63934 16,77593
32,3486 19,67748 16,69247
31,53481 19,9461 16,81328
27,8727 19,84596 17,13753
29,9072 19,40409 16,69884
35,40035 20,42135 17,28932
30,31411 20,32121 17,30441
33,1624 20,86322 17,74549
39,2659 20,3832 17,45701
33,5693 20,47221 17,60402
30,11065 20,74242 17,97597
33,77275 20,57393 17,76934
32,14515 21,25104 17,80988
33,36584 20,81871 17,74787
36,4176 21,49422 18,19928
33,56931 22,17611 18,72301
32,3486 21,80577 18,56883
30,92445 21,55304 18,33042
33,77275 21,64046 18,56009
33,77275 22,09504 18,66896
35,1969 21,89159 18,42181
35,1969 22,61797 18,98606
39,06245 22,43042 18,93123
36,41759 22,54962 19,09415
30,51756 22,83413 19,34369
41,30041 22,45744 18,8454
37,63829 22,14591 18,68804
33,1624 23,6543 19,62899
33,9762 23,05507 19,51059
40,4866 23,44767 19,98345
41,30041 23,489 19,77999
31,73825 22,94222 19,60675
33,5693 23,05825 19,76251
43,53838 24,24875 20,37127
42,31767 24,12159 20,34346
35,80725 23,51443 19,94133
33,5693 23,07732 19,85709
43,13147 24,08662 20,33473
39,46935 24,69539 20,82109
36,82449 23,86251 20,35935
34,38309 24,48081 20,49366
37,2314 25,00692 21,19302
37,2314 23,64476 19,89682
34,3831 24,22967 20,42451
37,43484 24,94494 21,36628
35,80724 24,97991 21,26296
38,85899 25,51714 21,30032
38,65555 24,94016 21,12388
48,62468 24,70493 20,94825
34,3831 24,77487 21,06825
39,06245 25,31052 21,39728
38,85899 25,33435 21,20893
34,38309 25,932 22,11809
37,43484 25,48217 21,5745
34,17965 24,59049 21,12945
35,40035 25,32958 21,74298
38,24865 25,32323 21,83357
38,24865 25,53939 21,96392
43,13148 26,45015 22,43439
36,21414 25,55052 21,71755
37,84174 26,40088 21,93768
37,84174 26,2928 22,6593
46,3867 26,3373 22,64261
38,65554 27,0605 22,87625
35,1969 26,08617 22,62911
41,50386 26,55982 22,71493
43,33493 26,83638 22,91283
41,09695 26,81572 22,827
41,09695 27,70264 23,69562
37,02794 26,76962 22,86751
51,0661 26,64089 22,71731
35,40034 26,81572 23,07731
44,55564 26,76805 22,96369
38,0452 27,13203 23,47549
40,0797 27,62475 23,55098
39,87625 27,20514 23,10991
42,72458 27,82185 23,62092
41,70731 27,407 23,45323
35,80725 27,04779 23,24024
40,28315 27,42448 23,41111
39,46935 27,93787 23,72899
37,43485 27,58979 23,85378
38,85899 28,09205 23,79416
38,04519 28,43855 24,10411
44,75909 28,491 24,32822
44,14874 27,93787 23,46593
42,11422 27,32117 23,28951
43,13147 28,41789 24,35445
43,13148 28,24623 23,91497
41,50386 28,3114 24,11524
38,24864 28,0873 24,40611
43,74183 28,29868 24,1359
38,04519 28,32253 24,32822
43,13148 29,16017 24,87181
45,57291 28,793 24,7542
43,13148 28,9583 24,87181
47,20053 28,57367 24,53885
40,28315 29,06479 24,99976
46,18326 28,74691 24,28611
41,70731 28,71354 24,48478
37,43484 29,19673 25,15714
42,11422 29,05843 24,97831
43,74183 29,59727 25,27077
44,96254 29,09658 24,60637
46,79362 29,35407 24,57459
40,48661 28,77234 25,02043
42,52113 30,27755 26,03371
44,75909 30,11543 25,87794
44,96255 29,00598 24,36716
40,4866 28,7326 24,7248
44,7591 29,54004 25,09752
38,04519 29,10454 24,7089
39,67279 29,61157 25,22944
41,91076 28,8836 25,13409
40,0797 29,94058 25,81435
45,36945 28,8677 24,6644
41,09697 29,36361 24,9807
39,2659 29,88813 25,24454
45,5729 30,12973 25,83424
42,92803 29,71807 25,00215
44,35219 30,03119 25,15553
48,42123 30,66379 26,01384
43,53838 29,73236 25,34866
49,03158 30,39994 25,8104
44,55564 30,3586 26,19424
41,91077 30,06774 25,78258
42,31767 29,4717 25,17064
39,46935 29,71647 25,74602
41,30042 29,13314 25,28905
44,96254 30,04231 25,33594
41,91077 30,50325 26,03134
43,53838 29,29844 25,04744
45,77635 30,28232 25,92959
42,72458 30,05502 25,66656
43,94527 29,96284 25,60854
41,09697 29,97396 25,68084
44,55564 29,75144 25,37329
48,01432 30,09476 25,74602
54,9317 30,01847 25,59501
42,31767 30,45716 25,73806
41,30041 30,35385 26,26417
41,91077 30,50802 25,76907
46,79361 30,57637 26,00589
46,38671 30,29981 26,0202
42,11422 30,17901 25,60535
50,2523 30,75121 26,4438
42,31768 30,73373 26,36749
43,74184 30,96419 26,71797
50,2523 30,93717 26,01067
45,57291 31,05798 26,71719
41,09696 29,59409 25,24851
43,33493 30,72578 26,38498
46,18326 31,23122 26,43505
42,31767 30,50325 25,92563
48,82813 31,15334 26,8507
42,31767 29,08864 25,63635
44,7591 30,19331 25,68402
44,35219 30,65425 26,55823
47,20052 30,28868 25,94392
41,09696 30,44445 26,32379
49,23504 30,71307 26,26499
44,75909 30,58114 26,33014
45,166 31,15016 26,75056
46,59017 30,72419 26,69889
45,77636 31,07864 26,474
57,57658 30,56366 25,97331
44,96254 30,50484 25,84695
45,9798 31,16765 26,59717
45,9798 30,34272 25,90179
49,23503 30,95625 26,65678
50,86266 31,41401 26,63771
43,74183 30,32683 25,93356
43,13148 30,99916 26,7442
43,53838 30,8434 26,4271
52,08335 31,44103 26,96036
44,75909 30,9483 26,23875
45,97982 30,82274 26,22603
44,35219 30,5112 26,16961
42,52113 30,71941 26,4851
42,92802 31,2948 27,05095
46,59017 31,51415 26,64723
44,14874 31,37428 26,38339
44,7591 30,61928 26,03927
40,69005 31,06592 26,7744
42,31767 30,96103 26,39373
43,13148 31,66355 27,47376
47,60742 31,05479 26,45491
41,91077 30,80366 26,71081
44,96255 31,3266 26,63373
42,52113 30,63836 26,33014
43,13148 31,7478 27,50157
40,89351 31,80502 27,08274
49,84539 32,1086 27,19798
45,166 32,08317 27,38316
42,11422 31,69535 26,89361
48,42123 32,28663 27,70105
47,20052 31,20102 27,0597
44,35219 31,14858 26,62817
44,96255 31,69217 27,11852
43,74183 32,10224 27,68039
42,92803 32,47259 27,73841
47,81087 33,21806 28,43141
42,72458 31,96078 27,46423
48,01433 32,01006 27,50714
49,64195 32,09589 27,28462
46,99707 31,59679 26,9103
44,55564 32,26915 27,20832
48,42123 32,59497 27,5286
48,42124 32,34067 27,33865
48,82814 32,53299 27,63986
48,21778 32,89062 28,03723
53,10063 32,10384 27,63111
45,36945 32,67445 28,17073
50,86264 32,60928 27,69388
44,96255 33,04639 27,95139
48,82814 32,62517 28,15642
46,59016 32,30729 27,78211
46,38671 33,22122 28,48387
49,64194 32,45988 27,4221
42,52113 32,11337 27,26952
49,84539 32,85247 27,84887
49,23504 32,7571 27,75748
48,01432 33,24665 28,16199
52,08337 33,11314 28,24147
44,55564 32,68081 27,99033
48,82814 32,32954 27,63111
52,49028 31,99735 27,02951
47,81087 31,71283 26,92619
49,64195 32,7142 27,95856
45,77636 32,13245 27,22739
42,31767 32,30093 27,91323
50,86266 33,00188 27,85523
61,03526 32,37246 27,52145
48,01432 31,4474 26,77598
48,82814 33,63767 28,70638
45,77636 32,28027 28,08569
49,23503 32,93036 27,71774
46,59017 32,95737 27,67085
49,43849 33,23076 28,42346
58,59384 33,1815 28,23988
45,166 31,71124 26,76088
52,49028 32,91922 27,65733
51,67647 32,94149 28,41075
47,81088 32,35021 27,57945
44,14874 33,45171 28,69527
46,99707 32,83817 27,75033
47,81089 32,8191 28,01339
48,62469 33,78548 28,96308
49,64195 32,2453 27,28461
47,20052 32,00847 26,88884
47,81087 31,8384 27,40462
49,64194 33,11633 28,14769
47,60742 32,26756 27,75112
47,60742 32,85248 27,91563
53,30408 33,0003 28,22239
48,01433 33,46124 28,19855
47,60742 32,37087 27,38793
45,97981 31,5666 26,8173
46,38671 33,02731 28,14292
45,57291 32,29934 27,10739
57,98347 33,04163 28,14849
48,01432 33,38494 28,1771
53,50754 33,27687 28,15803
50,45575 33,71238 28,40677
53,30408 32,4567 27,49998
48,21778 32,64426 27,31879
52,69373 33,4199 28,46159
61,23871 33,34679 27,7535
52,49027 33,86494 28,81127
46,38671 32,99234 27,75271
51,06611 33,75845 28,6873
46,38671 34,28774 28,97499
48,01433 32,82703 27,9498
48,21777 34,2814 28,79301
48,42123 33,17354 27,55243
55,3386 34,11132 28,33047
51,47301 32,30093 27,57071
45,77635 33,68059 28,70956
55,33861 34,64061 29,02746
53,91444 33,5407 28,58399
46,79362 32,88745 27,46583
53,71099 34,2941 29,04412
51,87992 33,04162 28,14292
52,49027 33,29276 28,59512
48,21778 33,15447 28,19537
60,018 34,26709 28,87804
55,13515 34,30999 28,91061
52,49028 34,31954 28,66108
51,26957 33,94284 28,49894
50,65921 34,16536 28,69844
58,39038 34,30523 28,62692
50,65921 33,79501 28,32014
51,47301 33,34998 27,76859
50,65921 35,0793 29,50191
51,0661 34,67398 28,78505
52,69373 33,94761 27,89415
47,60743 33,60429 28,54187
62,66288 34,48643 29,13235
48,82814 34,43715 28,87883
47,40397 33,87291 28,30267
61,44217 34,64855 28,60784
51,06611 34,08589 28,45048
61,03526 34,90764 29,44786
51,67646 34,11768 28,83592
53,91444 34,14628 28,13577
48,82813 35,68487 29,8786
58,18692 34,84247 28,82321
52,08337 34,35769 28,62135
51,06611 35,67853 29,46694
51,26955 34,6692 29,11884
44,7591 34,15742 28,74135
52,08337 34,91242 29,17447
59,20419 34,8838 29,45819
58,18693 35,43374 29,64813
59,81454 35,43057 29,80946
51,47301 35,76277 29,63462
61,64562 35,79297 29,07116
57,37313 35,5625 29,50031
46,18326 35,43056 29,58615
49,8454 35,17307 29,08626
57,98348 34,69624 29,14746
64,90086 35,45125 29,48285
58,39038 35,90422 29,41131
57,78003 36,0886 29,91914
56,55932 35,87243 29,9835
53,10063 36,09177 30,35305
60,42491 35,61653 29,68867
51,47301 36,17762 29,99543
52,28682 35,92807 30,11941
54,5248 35,54818 29,74588
57,98347 36,31748 29,84125
61,23872 36,42397 30,8418
57,16967 35,74687 29,6545
52,28682 35,1842 29,40098
62,45943 36,47483 30,37609
56,76276 36,74345 30,40789
54,11789 35,5593 29,70137
61,23872 36,32065 30,34828
55,94896 36,39537 30,20523
55,54206 37,34585 31,12394
53,10063 35,56885 29,93821
49,4385 35,22075 30,04469
54,52479 36,2078 30,20364
53,91444 37,837 31,33296
51,87992 36,28886 29,56467
60,42491 37,84493 31,43945
63,06978 38,10402 31,66038
48,21778 35,56883 29,84362
55,13515 36,17125 30,41821
53,30408 36,40966 30,19173
59,40764 36,74822 30,63598
55,54206 36,81656 30,69081
51,47301 37,07405 30,51994
56,15241 38,22959 31,98463
51,06611 36,85153 30,46114
58,18694 37,25366 30,55809
54,72823 36,60199 30,7083
52,69373 37,43326 31,19465
49,03158 36,57337 30,61135
60,42491 36,75616 30,93559
67,54572 37,07405 30,83307
69,17334 36,89922 30,59861
52,08337 37,73845 30,98883
54,32133 36,51139 30,50564
61,03526 36,95802 30,8577
58,79728 35,54499 29,84681
56,15241 37,31406 30,93719
52,08337 37,29499 31,53164
58,18694 37,96732 32,15946
51,47301 36,62105 30,84737
64,6974 36,8261 30,97135
61,44217 36,83403 30,78141
53,50754 37,64785 31,476
66,32502 37,12492 31,4919
58,59384 37,88309 31,63893
55,74551 37,35062 31,66276
56,55932 38,39805 32,14278
55,74551 37,65579 31,20102
62,66288 38,41715 31,92105
68,15608 38,90987 31,95045
58,59383 37,83064 32,05219
62,05252 38,31065 32,14516
58,39038 37,85129 31,52129
56,35586 38,61423 31,69852
55,54206 37,73685 31,53561
64,6974 38,78747 32,04184
59,81455 39,03226 32,42649
67,95264 37,39354 30,81478
63,27324 38,74299 31,8535
57,37313 38,58244 31,66118
55,74551 38,77001 32,62916
57,78003 38,97504 32,59258
64,08704 39,84447 33,23074
57,98348 39,76818 33,02653
71,20787 38,65238 32,68479
58,39038 39,61559 32,8032
53,30409 37,31882 31,3854
56,76277 37,08518 30,74406
59,20419 39,47731 32,5028
59,00074 39,32473 32,34148
64,49395 40,10833 33,50335
61,64562 39,55677 32,60133
54,9317 39,0084 32,40662
64,29049 38,14217 31,90119
61,84906 39,05134 32,44478
55,94896 38,84471 32,23656
65,51121 39,57586 32,64666
69,37679 40,2784 33,16798
57,57657 39,02272 32,37008
66,73192 37,57631 31,25904
69,37679 39,06881 32,61803
56,55932 39,79201 33,06862
