0,8138021 0,4339222 0,3170975
0,6103516 0,4402801 0,3234555
0,8138021 0,4545852 0,3369663
0,8138021 0,4450485 0,3345821
0,8138021 0,4466379 0,3496817
0,8138021 0,4688904 0,3695496
1,017253 0,491143 0,3767022
1,017253 0,5149847 0,405312
1,017253 0,4895535 0,3973647
0,8138021 0,5133952 0,4116696
1,017253 0,5483628 0,4299481
1,220703 0,5722044 0,4545843
1,220703 0,6039931 0,4744522
1,220703 0,6516771 0,503857
1,220703 0,7104873 0,5459777
1,220703 0,7168452 0,5515411
1,627604 0,7788337 0,6270419
1,424154 0,7963179 0,6182998
1,831055 0,8455916 0,6588311
1,424154 0,9187076 0,7136679
1,627604 0,9441391 0,7263831
1,424154 0,9520863 0,7303569
2,034505 0,9934119 0,7653243
1,831055 1,049042 0,8169806
2,441406 1,031558 0,806649
3,255208 1,05381 0,8249276
3,86556 1,085598 0,8471795
3,051758 1,112618 0,8535365
3,458659 1,153945 0,857511
3,458659 1,144407 0,8718154
4,475912 1,214345 0,9004263
3,458659 1,277924 0,958442
3,662109 1,29223 0,9719526
4,475911 1,338324 0,9910269
4,475912 1,384419 1,0403
3,86556 1,40985 1,02679
4,272461 1,506806 1,111826
4,069011 1,554489 1,175405
4,272461 1,603761 1,220703
4,475911 1,75476 1,367726
5,289713 1,843771 1,452764
4,06901 1,947087 1,568002
5,696614 2,10444 1,718997
3,86556 2,120335 1,748401
4,679362 2,198218 1,843769
4,06901 2,31902 1,916091
4,069011 2,339683 1,955033
3,662109 2,385779 2,009871
4,475911 2,43505 2,082985
3,458659 2,479553 2,121927
4,06901 2,500215 2,157691
3,865561 2,535182 2,191863
4,06901 2,578097 2,231598
3,86556 2,614654 2,245108
4,272461 2,679823 2,313454
3,66211 2,68936 2,348421
3,86556 2,708433 2,360341
3,86556 2,695718 2,368287
3,66211 2,676643 2,354778
4,069011 2,746581 2,420737
5,289713 2,830824 2,467628
5,086263 2,77837 2,452528
4,06901 2,892816 2,53439
3,66211 2,872153 2,531213
4,069011 2,929374 2,566976
4,272461 2,861025 2,526443
4,272461 2,985004 2,628965
3,86556 3,032685 2,652011
4,475912 3,032684 2,697311
4,679362 3,137586 2,741816
4,679363 3,220237 2,856251
4,475913 3,298121 2,861021
4,475912 3,307659 2,908703
5,289714 3,503168 3,098649
5,493164 3,549261 3,105007
4,679362 3,533366 3,119311
5,086263 3,698665 3,230572
5,086263 3,733633 3,315607
4,882813 3,778135 3,387128
5,900065 3,949802 3,493625
5,900065 3,946621 3,514289
5,493165 4,097623 3,654163
5,696614 4,245438 3,778934
5,493164 4,220009 3,766221
6,103516 4,313784 3,876685
6,306966 4,432996 3,995893
5,900066 4,523599 4,075369
6,510416 4,666648 4,203324
6,713867 4,863735 4,349546
6,510417 4,951152 4,434581
6,713867 5,011554 4,479883
6,713868 5,164153 4,642013
6,917317 5,216602 4,717509
7,120769 5,448658 4,919371
7,324219 5,329451 4,855791
7,120768 5,385079 4,863735
7,527668 5,615549 5,067191
7,527668 5,71569 5,13395
7,934569 5,771321 5,191964
8,54492 5,892121 5,294481
7,934568 6,07808 5,474887
8,54492 6,07331 5,498725
8,138019 6,135301 5,511443
7,934569 6,275178 5,673569
8,138021 6,502472 5,858737
8,951822 6,488166 5,842844
9,358722 6,55969 5,927877
8,341471 6,764731 6,123386
9,562172 6,84897 6,144845
9,155272 7,111231 6,326035
10,37598 7,185937 6,465118
9,358723 7,410049 6,610556
10,98633 7,545153 6,703537
11,59668 8,026758 7,145406
11,80013 8,101462 7,244744
10,57943 8,460682 7,541181
11,39323 8,691148 7,770856
12,00358 9,012223 8,051395
12,00358 9,188656 8,168221
14,64844 9,697286 8,596583
12,00358 9,84033 8,714992
15,25879 10,03106 8,873939
14,03809 10,24564 9,22839
13,63119 10,36962 9,37779
13,83464 10,52379 9,355542
14,03809 10,81149 9,686155
14,03809 10,55081 9,446138
16,4795 10,85123 9,706821
14,85189 10,62075 9,525614
14,44499 11,00381 9,829997
13,42773 10,81308 9,753705
14,44499 10,82897 9,690126
13,02083 10,74314 9,675824
13,42774 10,84487 9,782312
13,83464 11,25335 10,04299
13,83464 11,13892 10,08829
15,66569 11,12461 9,983383
14,85189 11,01335 9,858609
15,86914 11,27561 10,02709
15,25879 11,1564 10,07875
15,86915 11,29309 10,10816
13,83464 11,12142 9,919796
14,64844 11,03718 9,942846
14,03809 11,52356 10,30842
14,64844 11,3233 10,12961
13,63119 11,36303 10,20908
14,24154 11,34237 10,19637
15,46224 11,37575 10,19002
15,05534 11,36939 10,221
14,64844 11,49813 10,3275
16,07259 11,56648 10,37597
14,64844 11,61575 10,44432
15,05534 11,74609 10,52936
14,85189 11,61099 10,45784
15,25879 11,73179 10,49598
15,05534 11,62529 10,44989
15,86914 11,77311 10,53174
15,25879 11,64118 10,46102
15,6657 11,61734 10,38154
14,85189 11,57443 10,4642
14,24154 11,64596 10,43638
14,64844 11,50926 10,27504
14,85189 11,67774 10,39426
15,05534 11,68728 10,46816
14,85189 11,65072 10,34896
14,64844 11,51562 10,41571
16,07259 11,95272 10,66367
15,66569 11,64436 10,40141
14,03809 11,81762 10,53175
15,05535 11,83192 10,6303
14,85189 11,73814 10,57228
15,05534 12,08782 10,85281
15,66569 11,90186 10,60009
14,44499 11,93046 10,71056
15,05534 11,9114 10,76618
14,85189 11,96384 10,75983
14,24154 11,91934 10,7344
16,27605 11,95431 10,78765
15,66569 11,91775 10,70023
16,27605 11,86688 10,69704
15,25879 11,90027 10,63188
15,86915 11,89867 10,66923
14,85189 11,75881 10,56035
14,64844 11,83192 10,67241
15,05534 11,84623 10,71612
16,27605 12,02424 10,73598
15,46224 12,00834 10,76619
14,85189 11,67774 10,53493
14,44499 11,8955 10,73042
16,27605 12,14981 10,85678
15,25879 12,0767 10,86553
16,07259 12,22928 10,90447
16,68295 12,07033 10,78844
17,08985 12,07352 10,98076
15,05534 12,13709 10,92434
17,08985 12,0465 10,87745
15,25879 11,88755 10,66765
15,05534 12,14027 10,88619
15,86915 11,9845 10,82022
15,86914 12,27061 11,07215
15,86915 12,12756 10,85996
14,24154 12,02106 10,80274
15,6657 12,27379 11,1111
14,85189 12,13709 10,93149
15,66569 11,99404 10,72168
15,05534 12,27379 11,06898
15,46224 12,01311 10,73201
15,46225 12,22134 10,945
15,66569 12,242 11,0666
16,47949 12,3485 11,10792
15,25879 12,15458 11,02448
15,05534 12,26425 10,96408
15,66569 12,43274 11,14925
14,85189 12,00199 10,8083
16,8864 12,47883 11,20647
15,86914 12,11961 10,945
14,85189 12,12597 10,93547
17,2933 12,33896 11,15084
16,68295 12,44386 11,20885
14,85189 12,09259 10,9609
15,86915 12,22769 11,00063
14,64844 12,15299 10,9911
15,86914 12,29763 10,99825
17,7002 12,45499 11,18739
15,6657 12,3183 11,08011
16,4795 12,14504 10,95772
16,27605 12,10689 10,93467
15,46225 12,26425 11,09997
15,2588 12,50267 11,15641
16,68295 12,49632 11,21521
15,46224 12,4677 11,21124
16,07259 12,31035 11,04911
15,66569 12,21021 11,0356
16,88639 12,18001 10,98792
14,85189 12,33896 11,15004
15,6657 12,23883 11,01812
15,66569 12,25949 11,01653
16,4795 12,62982 11,31614
16,27605 12,44704 11,23428
15,66569 12,4836 11,19454
16,0726 12,32942 11,13097
15,6657 12,40095 11,17389
16,27605 12,38347 11,2462
15,46224 12,37552 11,12541
15,25879 12,53764 11,24303
16,0726 12,75539 11,32408
14,85189 12,43432 11,26369
15,86914 12,58214 11,31375
15,25879 12,53605 11,23985
15,46224 12,2563 11,09362
15,05534 12,44386 11,17071
16,07259 12,53923 11,22555
16,4795 12,46134 11,20329
15,46224 12,47089 11,25971
15,05534 12,33577 11,05468
16,68295 12,53764 11,32409
16,27605 12,61393 11,32726
15,6657 12,48837 11,31932
16,4795 12,5583 11,21759
15,66569 12,44863 11,29389
16,0726 12,64254 11,32886
16,68295 12,47883 11,30978
15,86914 12,28174 11,19693
16,0726 12,50585 11,1278
16,0726 12,77447 11,41389
17,49675 12,58055 11,24302
17,08985 12,72042 11,29707
17,08985 12,75221 11,43773
15,25879 12,393 11,19694
15,86914 12,43274 11,22078
16,68295 12,45976 11,27402
15,86914 12,60439 11,38368
16,4795 12,56625 11,20965
16,68295 12,60122 11,36065
15,46224 12,6171 11,4115
15,46224 12,6187 11,32886
16,27605 12,54717 11,23984
16,4795 12,8301 11,50449
16,8864 12,7395 11,41071
15,86915 12,71247 11,43694
16,4795 12,63937 11,46953
16,8864 12,59486 11,42026
15,46225 12,51221 11,23905
17,49675 12,64731 11,27163
16,4795 12,46929 11,15322
15,46224 12,47247 11,22633
16,0726 12,52493 11,20727
15,66569 12,45975 11,33283
18,1071 12,63141 11,39322
16,8864 12,38665 11,15402
16,4795 12,66479 11,31057
18,1071 12,55512 11,31138
17,7002 12,68387 11,39641
16,4795 12,67115 11,4568
16,4795 12,68228 11,39482
16,4795 12,60757 11,29945
16,27605 12,56466 11,34873
16,68295 12,6028 11,42184
17,90365 12,62823 11,34713
16,0726 12,68228 11,37813
15,66569 12,49949 11,16514
15,86914 12,74903 11,48542
16,8864 12,57101 11,32726
17,08985 12,82374 11,47032
17,2933 12,8762 11,53391
18,31056 12,74268 11,47191
16,27605 12,61075 11,47191
16,0726 12,66003 11,36859
15,25879 12,52015 11,30024
16,68295 12,73315 11,40515
16,27604 12,70453 11,42263
15,86914 12,56942 11,26607
15,46225 12,82375 11,49655
15,86915 12,52652 11,16991
17,7002 12,73473 11,50449
18,1071 12,65684 11,36858
16,0726 12,59804 11,36065
16,8864 12,7093 11,42104
17,2933 12,68705 11,4576
16,8864 12,83964 11,48542
16,47949 12,58214 11,2017
17,08985 12,65844 11,37336
17,2933 12,82374 11,52515
15,86915 12,71407 11,39561
16,47949 12,73632 11,46396
15,86914 12,66479 11,43217
16,0726 12,60757 11,39243
15,86915 12,66479 11,43058
16,68295 12,77447 11,44886
18,1071 12,93818 11,49734
16,27605 12,74109 11,49575
14,85189 12,42161 11,16912
16,27605 12,71884 11,46714
16,27605 12,85871 11,55138
17,08985 12,87778 11,61098
15,66569 12,90004 11,59032
16,27605 12,77765 11,54344
15,86914 12,77923 11,61893
15,46224 12,77288 11,47906
17,08985 12,51062 11,22078
16,4795 13,00654 11,66185
17,08985 12,97315 11,58715
17,7002 12,71407 11,48065
17,90365 12,76175 11,35985
16,68295 12,97793 11,61655
15,25879 12,75858 11,5943
15,05534 12,70612 11,41945
17,49675 12,94932 11,58953
16,0726 12,8603 11,5641
15,6657 12,78559 11,52357
17,90365 12,7395 11,4576
18,92091 12,60439 11,32727
18,31056 12,93183 11,60622
15,86915 12,8905 11,56966
16,27605 13,00653 11,67774
16,27605 12,997 11,70795
16,27605 12,66638 11,3368
16,0726 12,73314 11,57602
17,2933 12,92865 11,7143
17,08985 12,77606 11,5935
17,08985 12,75221 11,53707
16,07259 12,65525 11,46555
17,08985 12,95885 11,61893
16,4795 12,9064 11,57681
15,46224 12,65049 11,47668
16,0726 12,73473 11,47986
18,10711 12,89209 11,56807
16,4795 12,98746 11,64675
17,90365 12,8603 11,67536
16,27605 12,63618 11,3217
16,4795 13,01607 11,68252
16,0726 12,87143 11,50449
17,7002 12,87461 11,58079
16,68295 12,88255 11,55695
17,49675 12,96361 11,65946
16,27605 12,6648 11,4886
17,70021 12,72678 11,44091
16,4795 12,81262 11,57284
17,49675 12,9064 11,56331
16,27605 12,8444 11,49496
16,4795 12,85712 11,5482
15,86915 12,69341 11,56013
16,0726 12,71883 11,4584
16,8864 13,00653 11,68728
16,88641 12,99699 11,62767
17,49675 12,90798 11,60861
16,4795 12,94772 11,75086
16,0726 13,05739 11,69682
15,86915 13,00971 11,71191
17,49675 13,05421 11,55774
17,2933 12,85235 11,50131
16,27605 12,88574 11,62132
17,08985 13,1766 11,84384
17,2933 13,13687 11,73338
17,08985 13,06534 11,80966
17,49675 13,16389 11,87881
16,0726 12,99064 11,63801
16,68295 12,81261 11,58952
16,8864 13,01607 11,80887
16,47949 12,92229 11,70079
17,90366 13,00177 11,63085
16,27605 12,98269 11,67377
17,2933 13,27355 11,82873
16,27605 12,9652 11,73337
15,86915 12,97475 11,73337
16,8864 12,7697 11,65151
16,27605 13,10348 11,80967
17,2933 13,13687 11,72383
16,8864 12,84917 11,66026
16,68295 12,80625 11,47429
16,0726 12,8905 11,67536
15,66569 12,86825 11,5498
16,0726 12,75857 11,46555
16,0726 12,88255 11,58078
17,08985 12,96998 11,65868
17,7002 12,84759 11,61496
16,27605 13,03991 11,67854
16,4795 13,08123 11,86609
15,6657 12,91752 11,70794
16,0726 12,69341 11,51244
17,2933 12,98746 11,71272
16,27605 13,14004 11,88039
15,86915 13,1019 11,8494
15,86915 12,81738 11,61734
16,68295 13,03991 11,74847
17,49675 13,10349 11,7739
18,31055 13,00018 11,60781
15,86914 13,05898 11,78741
15,46224 12,96203 11,78502
17,7002 12,9509 11,72304
17,90365 13,21157 11,84304
19,12436 13,13369 11,73894
17,08985 13,04945 11,74768
16,4795 13,01766 11,76119
17,7002 13,07647 11,78185
17,90365 13,04309 11,67219
16,8864 13,00495 11,68649
17,08985 13,0717 11,86371
17,7002 13,1464 11,71668
16,68295 13,09554 11,78582
16,27605 13,00176 11,73337
16,0726 13,16865 11,80729
17,7002 13,22269 11,92331
18,31055 13,12256 11,83271
16,4795 13,11779 11,70237
17,08985 12,84917 11,4282
17,08985 13,14482 11,77311
15,86915 12,97156 11,75801
16,0726 13,02243 11,72543
15,86915 13,09236 11,75006
15,66569 13,03513 11,72066
16,8864 13,0717 11,74609
18,1071 13,19249 11,86291
17,2933 13,29263 11,95351
18,1071 13,2513 11,95034
18,514 13,32283 11,83033
17,49675 12,94772 11,67933
17,2933 13,15752 11,80251
17,08985 13,07328 11,76596
17,2933 13,13209 11,71509
15,86915 13,21474 12,00835
18,1071 13,21157 11,82238
17,08985 13,22587 11,82079
17,2933 13,42138 11,97895
16,4795 13,31647 11,97021
17,08985 13,18295 11,8343
16,8864 13,12255 11,86927
15,86915 13,02561 11,72145
17,90365 13,16547 11,81681
16,27605 13,10826 11,8963
16,8864 13,04786 11,68967
16,0726 13,32601 11,99325
16,4795 13,28309 11,971
17,08985 13,24495 11,90663
16,27605 13,0399 11,72303
17,08985 13,10825 11,77867
16,4795 13,02084 11,67218
15,86914 13,18613 11,76913
16,8864 12,87301 11,62529
17,70021 13,22428 11,83827
17,2933 13,18614 11,76198
15,86915 13,20203 11,82556
18,31055 13,34667 11,91775
16,27605 13,18455 11,80569
16,4795 13,16706 11,85655
18,51401 13,49132 11,98848
16,68295 13,32283 11,8939
15,86915 13,09076 11,75086
17,2933 13,24812 11,91059
16,27605 13,23858 11,93762
16,68295 13,1766 11,83986
17,2933 13,21474 11,85894
17,08985 13,47065 12,1212
16,68295 13,27674 11,96146
17,2933 13,11302 11,92093
17,49676 13,18455 11,85974
16,68295 13,34031 11,99166
16,47949 13,31647 12,08306
17,90366 13,25925 11,91775
17,49675 13,24653 11,93205
18,31056 13,3562 11,90821
