0,8138021 0,4259748 0,3147132
0,8138021 0,4498168 0,3242503
0,8138021 0,4688904 0,337761
0,8138021 0,4688904 0,3616025
0,8138021 0,464122 0,3536554
1,017253 0,487964 0,3639869
0,8138021 0,4688905 0,3798809
1,017253 0,5022692 0,399749
1,831055 0,534058 0,4045174
0,8138021 0,5356473 0,4315375
1,017253 0,5547205 0,4474317
1,220703 0,5531312 0,4307429
1,220703 0,6008142 0,4760416
1,017253 0,6500877 0,5078304
1,220703 0,6739299 0,5269039
1,424154 0,7168452 0,561078
1,424154 0,7247924 0,5602833
1,831055 0,7692969 0,6198894
1,627604 0,8265179 0,6413474
2,034505 0,8503599 0,6667784
2,848307 0,9377812 0,716052
2,237956 0,9886435 0,7836032
3,458659 1,064936 0,8249277
3,051758 1,128513 0,8376426
3,458659 1,207986 0,898042
4,679362 1,339914 0,9926158
4,272461 1,459123 1,053015
4,272461 1,629193 1,203221
3,86556 1,740454 1,327196
4,679363 1,893043 1,384416
4,475912 2,161663 1,568795
4,679362 2,344447 1,729329
4,882813 2,748173 1,982848
5,493165 2,932548 2,152125
6,510416 3,396671 2,452534
7,527668 3,641447 2,738635
7,731118 3,754297 2,834002
8,138019 4,347163 3,267129
7,324219 4,418693 3,377598
8,138019 4,77155 3,632704
9,969075 5,071959 3,923576
8,748369 5,329449 4,14292
8,951819 5,582173 4,36465
9,358721 5,904836 4,553798
9,969075 6,229082 4,835128
10,57942 6,637576 5,25316
10,98633 6,58989 5,112491
12,00358 7,219314 5,667209
10,98633 7,370311 5,930264
13,83464 7,594425 5,997021
10,57943 7,93616 6,326043
12,41048 8,349419 6,631216
13,22429 8,349422 6,792546
12,20703 8,657772 7,085005
14,24154 9,202958 7,518133
12,61393 9,296735 7,724763
14,03809 9,620984 7,990201
14,85189 9,937289 8,225442
14,64844 9,948411 8,080006
14,44499 10,58101 8,797644
17,2933 10,67162 8,96533
15,05535 10,75745 9,079769
14,24154 10,86394 9,068648
15,6657 11,19614 9,504951
15,66569 11,46635 9,804568
17,90366 11,68092 9,63767
15,2588 11,84623 9,994504
17,08985 12,01153 10,17014
16,27605 12,07511 10,38472
16,4795 12,53764 10,66606
17,70021 12,83487 10,75983
17,49676 12,7999 10,85043
19,12436 13,41502 11,49654
18,92091 13,69954 11,65946
20,95541 14,16207 12,1228
20,95541 14,28286 12,0751
19,93816 14,47042 12,3016
22,37956 15,00448 12,87619
20,95541 15,08554 12,88096
21,36231 15,35098 13,26164
20,75197 15,52105 13,21633
21,36231 15,98041 13,61609
20,34506 16,15524 13,89265
23,39681 16,69725 14,2026
21,15886 16,81169 14,42115
23,39681 17,43635 15,0331
24,21062 18,1675 15,6347
22,37956 18,15002 15,54966
23,60026 18,18975 15,65139
23,80371 18,79057 16,34836
25,63475 18,80169 16,1163
25,02441 19,06713 16,36823
25,63476 20,0065 17,26549
25,22786 20,08597 17,34098
25,43131 20,29261 17,64616
25,63476 20,57075 17,64695
28,07617 21,38138 18,24697
27,66926 21,2431 18,35267
27,46581 21,47674 18,69997
32,3486 22,07438 19,18475
30,721 22,45267 19,64251
28,07615 22,60049 19,67907
32,95895 23,23627 20,49764
30,11065 23,57165 20,655
30,721 24,36319 21,41475
30,92445 24,70652 21,38933
32,55205 25,05301 21,75568
31,9417 25,62999 22,18644
29,9072 25,67291 22,38592
31,5348 25,99238 22,49717
34,38309 26,83957 23,54621
32,55204 27,23534 23,94595
35,1969 27,9808 24,19472
37,43484 28,24146 24,99579
34,3831 28,53233 25,06972
35,40034 28,87407 25,53383
35,40034 29,60682 25,71185
36,01069 29,75622 26,57254
35,80725 29,82455 26,45332
36,01069 29,90085 26,11635
34,99345 30,32047 26,41836
37,2314 30,64472 27,15667
36,01069 30,61929 26,7307
36,82449 31,23917 27,84409
36,62104 31,95126 28,75407
37,6383 32,06409 27,97919
36,82449 32,79843 29,15539
38,04519 33,10678 29,41846
39,46935 33,31023 29,5154
39,46935 33,9762 30,75519
39,06244 33,83633 29,57741
41,09696 34,36244 30,67014
39,87625 34,56746 30,71067
41,50386 34,92509 31,09691
42,31767 34,58813 30,74962
40,69006 34,80588 30,96498
40,28315 35,28909 31,68661
42,31767 35,21278 31,81137
41,09696 35,63875 31,66039
40,69006 35,01568 31,54036
40,89351 35,67849 32,41059
41,30041 35,59903 32,02357
40,4866 36,07426 32,32236
43,13148 35,86763 31,75891
40,0797 35,71822 31,68103
42,52113 36,13465 32,60131
42,11422 36,10764 32,7555
42,11422 35,98526 31,8352
41,50386 36,21573 32,6053
42,11422 36,327 32,97644
43,53838 36,19982 32,1094
41,50386 36,24911 32,99632
41,70732 36,59719 32,38595
41,70732 36,67665 32,39391
41,50386 36,57813 32,34464
44,14874 36,84832 32,81511
41,70732 36,94529 33,96349
40,28315 36,45414 32,59418
40,89351 36,23321 31,95919
42,11422 37,33947 33,52163
42,52113 37,02635 33,70758
42,11422 36,98343 32,94385
42,52113 37,21233 33,61699
42,31767 37,41737 33,1044
42,31767 37,2441 33,19815
42,11422 36,97549 32,73405
43,33493 37,24887 33,25381
44,35219 37,48413 32,90332
44,35219 37,74479 33,78547
42,52113 37,8195 34,03583
44,55564 37,69232 33,44134
42,11422 37,82744 34,32351
42,31767 37,93712 33,60111
44,35219 38,28997 34,00483
44,35219 38,20414 34,40537
42,92803 38,06903 33,31659
43,74184 38,4235 34,5055
43,53838 37,94665 34,42127
44,96255 38,90351 34,92989
43,13147 37,92599 34,04934
44,14874 38,47912 33,71156
44,14874 38,3583 34,87902
44,7591 38,16758 33,75449
45,36945 38,24071 33,89595
43,53838 38,4362 34,79797
44,14874 38,344 33,75766
43,33493 38,50614 34,33461
43,94529 38,65555 34,96882
43,74184 38,24228 34,03897
43,13148 38,73342 35,08247
44,35219 38,52362 34,93782
43,53838 38,63489 34,36961
44,55564 38,41076 34,74233
45,97981 38,65396 34,40217
43,94529 39,21663 35,26685
43,74184 38,61739 35,08725
42,92803 39,06404 35,14925
44,7591 38,95119 34,45861
44,14874 39,04338 35,32169
45,77636 39,38035 35,15878
48,62469 39,52021 34,96087
46,38671 39,15464 34,9561
45,57291 39,69186 35,58472
45,36945 39,87624 35,13412
46,59016 40,44846 35,56646
45,57291 40,3658 36,43829
45,97981 40,55179 35,60621
46,59017 40,81403 36,79671
48,01433 40,87285 36,62346
46,99707 40,7298 37,10346
48,21778 40,56609 36,01865
45,36945 40,96186 36,4375
46,79362 41,11127 37,82508
48,21778 41,11605 37,20279
46,79361 40,9523 36,42637
48,01433 41,38783 36,59166
45,97981 41,14148 36,89208
45,97981 41,24477 37,11857
47,20052 41,10172 36,90399
47,81088 41,07312 35,97097
47,40397 41,15736 37,11777
48,62469 41,71526 37,72096
45,97981 41,23365 36,90003
46,79362 41,2257 36,83484
46,59017 41,00478 36,44862
48,62469 41,29881 37,10664
47,40397 41,39578 37,16149
47,60743 41,72002 37,42453
47,20052 41,57698 36,78637
46,59017 41,49591 36,43272
46,18326 41,40532 36,93817
47,40397 41,14147 37,51591
48,42123 41,14466 37,15831
48,01433 41,17802 37,51276
50,45576 41,29723 37,5501
47,60743 41,24955 35,71429
46,38671 41,30517 36,35085
