0,8138021 0,416438 0,3067658
0,8138021 0,41008 0,3035867
1,017253 0,4482274 0,3298135
0,8138021 0,4529957 0,3385558
0,8138021 0,4609431 0,346503
0,8138021 0,4625326 0,3472977
1,017253 0,4704799 0,3536555
0,8138021 0,4577641 0,3472977
1,017253 0,4545852 0,3496818
1,017253 0,5022692 0,3862388
1,017253 0,4863746 0,3925964
0,8138021 0,4943219 0,3910071
1,017253 0,5038587 0,3870336
0,8138021 0,4847851 0,3759075
0,8138021 0,4959114 0,3878283
1,017253 0,519753 0,4164379
1,017253 0,5261107 0,4148485
1,220703 0,5245214 0,4148485
1,017253 0,519753 0,4227956
1,424154 0,5531312 0,4410741
1,424154 0,5785621 0,4633261
1,017253 0,5737938 0,4522001
1,220703 0,6167088 0,4855782
1,220703 0,6389614 0,4982939
1,220703 0,6834665 0,5165724
2,034505 0,7327397 0,5658464
2,034505 0,7788336 0,6111469
1,627604 0,840823 0,6477053
3,051758 0,9330127 0,7200259
3,86556 1,020433 0,7875772
5,289714 1,254081 0,9544679
8,951821 1,519522 1,117388
15,46224 2,037684 1,475016
13,83464 2,816517 1,969337
45,97982 4,749297 3,0907
46,59018 7,079441 4,361468
51,67645 11,85099 7,057983
47,60741 15,3033 9,353958
55,94891 20,77579 13,30614
52,69369 26,51691 17,94655
61,64554 32,02914 23,66224
65,5111 36,86904 27,83695
73,0388 40,86018 32,1714
110,8804 46,64581 35,99326
103,3528 51,77499 40,73541
102,3356 54,8156 44,02399
104,9805 57,59558 47,82521
118,4082 60,97475 52,47912
122,2737 63,95818 54,74092
118,4082 64,92139 55,84561
131,2254 64,94363 56,95264
90,73891 67,48519 59,19378
124,9186 69,44182 59,8971
179,0364 72,64773 63,91528
106,6081 72,63821 64,26334
115,9668 74,97632 66,37575
181,2745 77,97881 69,71441
109,2529 77,19521 67,53048
126,9531 79,09939 70,31525
129,8013 79,41566 70,80001
161,3362 81,84277 72,53091
159,3018 84,18562 73,73733
141,1945 82,14475 72,46338
173,1364 85,04868 74,24038
205,6885 86,49667 75,53185
154,6224 85,68128 74,34369
218,0991 90,53706 77,72451
183,1055 92,63989 79,31713
161,1328 91,60198 78,36264
255,9407 97,18735 80,68564
209,3507 100,7445 81,92778
223,7956 114,584 90,46405
210,7747 124,2813 97,64992
237,6302 131,7104 103,8297
230,5094 136,2371 107,22
237,4268 141,6444 110,2034
226,4404 150,9841 117,9806
249,6339 150,4119 116,5557
234,7819 148,6 116,1282
233,7648 158,7121 123,9498
247,5994 159,5465 125,6442
235,3922 163,8014 129,3945
242,513 155,6714 124,6707
255,127 169,4488 133,7115
240,6821 168,697 132,4018
252,4822 171,2862 135,8183
233,5612 170,0051 132,9748
242,92 177,6393 140,8195
252,0753 182,8988 144,7478
253,9063 180,0378 139,8166
256,958 178,0224 139,0902
244,3441 177,1688 138,6443
239,4613 175,4792 139,4009
235,3923 170,0274 136,0321
249,8372 186,5943 146,3738
244,9544 178,8934 143,4771
260,2133 181,7544 143,5852
243,9372 178,38 141,1287
255,127 180,7928 140,5556
256,958 179,5053 141,193
240,8856 177,1084 140,8609
256,3476 183,924 145,2715
266,3167 193,0221 150,8307
256,5512 187,6767 149,1498
253,9063 193,2907 152,6546
249,8373 188,5191 147,9387
261,027 190,3804 148,9695
251,6683 183,87 147,3036
258,5856 182,0008 147,0994
265,9098 191,3611 149,207
265,7064 188,6907 150,9514
253,9063 198,0765 158,2193
254,5166 194,6671 154,9831
262,0444 200,7914 161,8099
271,403 197,2039 158,573
260,0097 193,1318 154,6812
266,7237 203,3203 162,4052
266,9271 199,2258 160,6123
264,4858 196,6889 157,8044
278,5237 204,9191 165,9328
265,7064 202,7671 163,5718
258,7891 198,733 161,7979
265,0959 204,6092 161,9816
256,3477 202,5541 166,498
250,4476 200,4433 162,6094
266,9271 207,537 168,445
257,5685 202,8624 161,3394
260,2133 206,2639 166,0267
267,1306 208,2698 166,8788
254,5166 200,0078 162,0681
261,4339 204,2309 165,414
273,0305 205,6217 167,3928
279,541 206,577 167,3413
266,3167 210,6906 172,5149
266,1133 209,6113 170,2078
256,1442 206,4626 168,4602
263,0616 211,4948 174,3554
263,265 210,2693 173,5178
265,2995 209,082 172,3186
259,3994 208,5399 169,3232
