0,8138021 0,4212063 0,3099447
0,8138021 0,4466379 0,331403
0,8138021 0,4466379 0,3298135
0,8138021 0,4736588 0,3544502
0,8138021 0,4752483 0,3647815
0,8138021 0,4657115 0,3608078
0,8138021 0,4704799 0,3751126
1,017253 0,5102164 0,4061067
0,8138021 0,4943219 0,3925965
0,8138021 0,491143 0,4037224
1,017253 0,5245213 0,416438
1,017253 0,5388262 0,4259745
1,017253 0,5515417 0,4537894
1,017253 0,6039932 0,4657104
1,627604 0,610351 0,4792205
1,220703 0,6548562 0,5038571
1,220703 0,7009507 0,5396198
1,220703 0,7104874 0,5404145
1,627604 0,7422763 0,5753834
1,627604 0,8010862 0,6302209
1,424154 0,8392336 0,6675734
2,237956 0,8694336 0,6771098
3,66211 0,9632127 0,7375096
2,441406 1,012485 0,7613507
2,441406 1,042684 0,7875763
2,441406 1,061757 0,7971128
2,237956 1,087188 0,7994961
3,051758 1,138049 0,8686368
3,051758 1,174607 0,8734052
3,051758 1,273155 0,9274474
3,458659 1,378061 1,010895
3,255208 1,363756 1,012485
3,66211 1,37965 1,018842
4,475912 1,525879 1,116595
3,458659 1,5529 1,117389
2,848307 1,60694 1,180968
3,66211 1,683234 1,240571
3,66211 1,772244 1,310506
3,458659 1,905759 1,413027
4,679362 2,047222 1,540981
3,66211 2,040864 1,533827
3,66211 2,19027 1,665751
4,069011 2,34127 1,72774
4,475912 2,449356 1,87715
4,475911 2,46366 1,850129
5,086263 2,786315 2,124309
6,713867 2,830822 2,147358
5,493164 2,997717 2,33253
5,900065 3,140768 2,423128
6,103516 3,385544 2,604324
6,103516 3,406207 2,655189
7,93457 3,860791 2,950031
9,765621 3,98318 3,062885
7,731121 4,220006 3,235339
7,120768 4,29789 3,376801
7,32422 4,760422 3,690719
8,544921 4,865328 3,788471
8,544921 5,367597 4,179477
9,562172 5,661645 4,344782
8,748372 5,825361 4,609425
9,969072 6,275176 4,970231
9,765622 6,523134 5,028248
10,78288 6,717046 5,331834
10,57943 6,841023 5,456607
10,78288 6,906192 5,666415
10,78288 7,367135 5,84761
12,00358 7,716813 6,288687
12,20703 7,497467 6,207621
12,20703 7,761318 6,179808
11,80013 7,883705 6,570815
12,81738 8,088748 6,550156
12,81738 8,470215 6,849766
12,41048 8,385979 6,733737
13,02083 8,513131 6,998381
11,59668 8,459087 7,038117
13,22429 8,72453 7,187528
13,42773 8,85963 7,425149
13,22428 8,931165 7,240774
12,41048 9,093284 7,634959
13,02083 9,388927 7,795494
12,61393 9,233155 7,72317
15,25879 9,452504 7,828874
15,25879 9,427068 7,96159
12,81738 9,546277 8,032318
13,02083 9,619395 8,1261
14,24154 9,66867 8,138021
14,64844 9,988151 8,351009
13,63119 9,830796 8,199221
14,85189 9,984973 8,274714
13,63119 10,07398 8,376438
15,46224 10,19477 8,655391
13,42774 10,18683 8,602939
13,83464 10,45227 8,65857
13,83464 10,58579 8,911292
14,64844 10,36008 8,69195
13,42774 10,68115 9,098054
16,0726 10,92275 9,106796
16,27605 10,8544 9,208518
14,85189 10,90686 9,221233
15,25879 11,26289 9,393694
17,08984 11,14209 9,573298
14,85189 11,49018 9,873709
15,46224 11,31376 9,558202
17,49674 11,93841 10,09782
16,07259 11,88437 10,15584
16,07259 12,06716 10,35849
17,7002 11,89391 10,21068
16,07259 12,07193 10,09782
17,70019 11,87325 9,866555
15,86915 12,36121 10,63983
15,86914 12,27696 10,5993
15,86914 12,4232 10,54764
16,47949 12,393 10,65652
18,51399 12,45975 10,60328
15,46224 12,39935 10,70658
17,90365 12,31829 10,46499
17,08984 12,695 10,79877
17,90364 12,96202 10,97679
17,70019 13,00971 11,13256
16,88639 13,08283 10,9164
18,514 13,05421 11,15243
17,08984 13,2831 11,36542
18,514 13,29581 11,26687
17,29329 13,3721 11,44171
17,70019 13,32442 11,2772
17,90364 13,75198 11,68092
18,71744 13,78377 11,95669
17,29329 13,82192 11,86451
20,1416 14,10961 11,84623
19,53124 14,23041 12,17683
18,71745 14,31624 12,16491
19,53124 14,3973 12,02266
18,10709 14,26061 12,26981
21,15885 14,70566 12,6036
19,3278 14,74381 12,75778
19,12435 14,77718 12,70135
19,53125 15,23018 13,01447
19,32779 15,46224 13,30455
19,93815 15,44475 13,41899
22,98991 15,68477 13,27753
20,5485 16,23154 14,02776
21,76921 15,88186 13,83464
21,15885 16,62254 14,37187
21,76921 16,91977 14,38856
24,21062 16,94361 14,49347
24,82097 17,67953 15,1515
23,80371 17,821 15,09746
25,02441 18,66659 15,67126
24,61751 18,95109 16,08928
25,63477 20,20359 17,06203
27,26237 21,08097 17,86868
27,05892 21,4386 18,53308
27,05893 22,23173 19,54874
29,29688 22,02511 19,33735
27,05893 22,59413 19,87696
30,92449 23,3984 20,70029
35,19696 23,97537 21,16443
32,34865 24,70494 21,35912
37,23147 25,17383 22,27466
34,99351 25,61728 22,54884
35,19696 26,53123 23,33642
37,02801 27,45787 23,9396
37,63837 27,47854 23,9865
35,80732 28,02371 24,60876
36,62112 28,51486 24,56506
43,74187 29,27621 25,1174
41,09703 30,10273 25,98922
40,48668 30,78143 26,19107
41,70737 31,82252 27,51509
39,06252 33,0925 28,29552
42,92807 34,70104 30,07811
43,33498 35,12543 29,89372
41,09702 35,7485 31,0866
44,96258 36,335 32,56163
48,62467 36,9533 31,96001
45,77637 37,94035 33,47317
49,43847 37,78141 33,56615
45,77637 38,94646 33,13382
45,36948 39,19443 33,97307
49,64192 39,86042 34,72886
51,67642 41,02866 35,46318
49,64191 41,18919 35,59113
50,25226 42,47983 37,9618
49,23502 42,06498 36,55671
50,86262 43,63695 38,99415
57,77991 44,29501 38,85984
55,54197 44,28864 37,73848
53,10056 44,87196 38,38697
54,93161 46,1308 40,133
53,50747 46,31519 40,22836
55,54196 47,42145 41,54681
56,35576 47,8649 42,14286
57,37301 48,68985 43,42319
60,22131 49,25092 43,24277
58,18681 49,59741 43,28727
58,18681 50,39213 43,2666
60,22131 51,34105 44,31326
60,01786 51,99272 45,7557
58,59372 52,06107 44,7893
60,01786 52,02294 44,47302
63,88341 53,3978 46,33267
61,03511 54,33081 49,02123
62,86615 54,6821 47,76796
63,8834 55,92187 49,13568
61,44201 55,56106 49,39875
63,27307 56,24452 49,84301
64,29032 56,38916 50,45412
63,06961 56,17616 48,3489
62,86615 56,47498 49,85411
63,06961 56,82786 49,65306
63,27307 57,33648 51,09947
63,27307 57,39687 51,62637
63,67995 56,85805 50,7013
64,90066 57,47157 50,71002
64,90067 57,08057 50,54632
67,34205 57,5701 50,66548
64,69721 57,81969 50,62103
62,66272 57,49701 51,46185
63,27307 57,90073 49,38602
66,12135 57,75449 51,318
66,7317 57,94524 52,68811
64,08686 58,10575 52,43937
65,30757 58,61121 52,32891
64,08687 58,43478 52,23034
65,51099 58,70658 51,27271
63,88343 57,8912 51,32277
64,29031 58,38393 51,88383
65,9179 58,83216 53,82618
65,51102 59,16595 52,76042
65,51102 59,38528 52,704
65,30755 59,38847 52,32813
64,49377 59,21044 52,7811
67,54549 59,247 51,1996
68,15586 59,99405 54,21559
67,1386 59,20886 52,69448
68,96966 58,97521 50,26418
65,51102 59,47745 51,21231
67,34206 60,09417 53,67754
66,32481 59,80647 51,496
64,49377 60,02423 52,71593
66,93516 60,02739 52,57366
66,32481 59,80647 54,4071
66,32484 60,61234 54,43255
67,95242 60,95884 55,00556
67,13861 61,14162 55,59922
66,93517 60,94295 54,01692
68,96966 60,81577 54,59465
69,17311 60,41842 52,61737
66,32481 60,41364 54,3006
67,1386 60,74585 54,16868
69,78346 60,90002 52,94322
67,74897 61,7202 54,57402
68,15585 60,97791 55,05165
70,19034 61,35621 53,64816
70,19035 61,93157 53,72364
67,54551 61,38005 54,10431
69,37657 62,21926 54,25375
68,15588 62,37664 54,79731
69,98693 62,4402 57,06231
69,58002 62,98222 55,50223
69,98691 63,12685 55,93139
73,24211 63,33348 57,09252
71,81796 63,16342 57,13063
72,42832 63,96608 55,07547
70,3938 64,15841 58,12961
71,41106 64,50332 56,64347
71,00417 64,23627 58,31001
69,57999 64,56213 58,2385
70,59727 64,46993 57,14812
73,44556 64,62731 56,85963
72,22485 65,02148 57,85622
70,80071 65,05326 59,29151
