0,8138021 0,443459 0,3186871
0,8138021 0,4418695 0,3202765
1,017253 0,4609431 0,3361715
0,8138021 0,4657115 0,3504766
0,8138021 0,4593536 0,3631918
0,8138021 0,4768378 0,3719338
0,8138021 0,4800167 0,3735234
1,017253 0,5054482 0,399749
1,424154 0,5229319 0,4132591
1,220703 0,5372368 0,4227957
1,017253 0,5594889 0,4434582
2,034505 0,6024038 0,4736575
1,220703 0,5944564 0,4712732
1,220703 0,6691613 0,52293
1,831055 0,7168451 0,5404142
1,424154 0,737508 0,5737941
1,424154 0,7581708 0,6079683
1,627604 0,8122125 0,6310157
1,831055 0,8344652 0,6723415
2,237956 0,8710232 0,6850573
1,627604 0,9123497 0,7200252
1,831055 0,9616231 0,7295622
1,627604 0,9886436 0,7446619
2,237956 1,034737 0,785987
2,441406 1,071294 0,8193647
2,237956 1,111029 0,8360534
1,831055 1,134871 0,868637
3,86556 1,19686 0,8940683
3,86556 1,263619 0,918706
4,069011 1,32243 0,9735427
2,848307 1,343093 0,9878479
3,66211 1,392366 1,029969
4,679363 1,443229 1,046658
3,458659 1,397135 1,024405
4,069011 1,457533 1,095137
3,66211 1,505217 1,107058
4,069011 1,519521 1,08242
5,289714 1,571973 1,152358
4,069011 1,551311 1,112621
4,882813 1,657803 1,165868
4,679363 1,649855 1,187326
4,272461 1,673697 1,20322
5,289714 1,719791 1,238981
4,272461 1,688002 1,195272
6,510416 1,878738 1,36137
5,289714 1,915295 1,37488
4,882813 1,985232 1,402696
4,475912 1,993179 1,413822
4,475912 2,069473 1,482169
4,679362 2,147357 1,520317
5,696614 2,187093 1,547337
5,493164 2,230009 1,588664
4,272461 2,220471 1,548926
7,93457 2,481142 1,704692
7,731121 2,597175 1,755557
7,93457 2,78314 1,847744
9,358724 2,854666 1,93278
8,341472 3,004073 1,987616
8,748372 3,279051 2,264182
7,731121 3,552438 2,381802
7,324217 3,832181 2,675056
15,66569 4,294715 2,831619
15,46224 4,647573 3,314812
12,41048 5,284946 3,770989
9,562176 5,494753 4,061857
10,98633 5,903242 4,315377
12,61393 6,523131 4,963874
13,83463 7,104873 5,348526
14,64844 7,452963 5,660057
12,81738 7,980667 6,12259
13,42774 8,40187 6,475448
12,81738 8,867582 6,815592
14,44498 9,091699 6,974537
13,42774 9,385741 7,279716
15,46224 9,902321 7,885297
13,83463 10,14391 8,07921
15,46225 10,77493 8,700687
15,66569 11,16117 9,109977
17,29329 11,68092 9,457268
15,86914 12,32942 10,20988
17,08984 12,65049 10,43161
16,88639 13,07487 10,98871
17,70019 13,51834 11,15005
19,7347 13,85211 11,69522
18,31054 14,24154 12,15935
20,5485 14,61029 12,61394
19,3278 15,09667 12,88334
20,1416 15,28898 13,1766
19,93815 15,7102 13,80126
21,97266 15,82781 13,86881
21,97265 16,19498 13,99597
21,15885 16,30306 14,12869
20,1416 16,61619 14,57611
21,97265 17,04851 14,99414
21,3623 17,40615 15,34859
21,97265 17,55237 15,32952
22,37956 18,23265 16,27922
23,19336 18,33916 16,32452
22,98991 18,66181 16,69247
22,37956 18,88275 16,98176
24,41407 19,37708 17,47529
24,2106 19,64886 17,62629
26,04166 19,69814 17,85835
24,00716 20,34347 18,65147
24,82096 20,22266 18,33041
26,85545 20,59777 18,35266
25,22787 20,78534 18,60222
27,05891 21,20654 19,10926
26,85548 21,68815 19,63696
25,22787 21,85027 19,54079
31,73827 22,46698 20,06849
27,0589 22,70538 20,69791
27,87271 22,95971 20,2171
28,68651 23,00739 20,6089
30,51755 23,6559 21,06269
29,09341 23,78305 21,52444
30,72101 24,01829 21,41316
30,92448 24,39181 21,44098
30,72103 25,09435 22,04736
31,12794 25,91451 22,73639
32,34861 26,85546 24,1065
31,1279 27,36409 24,8615
31,12793 27,86318 25,12136
31,73826 28,17947 25,44164
33,16245 28,7183 26,04245
33,97623 29,16813 26,32857
35,40039 29,43832 26,55267
34,38314 30,23624 27,08753
37,028 30,7401 27,10818
37,43489 31,42993 28,03406
36,62109 32,21353 29,157
39,26595 32,90335 29,80867
36,82455 33,38495 30,68686
38,04526 33,70762 30,74329
38,45215 34,13678 31,48397
38,45216 34,27347 31,43945
38,45214 34,85996 31,77324
38,6556 35,2335 32,31606
39,06251 35,44011 32,64983
39,67285 36,07909 33,64006
41,09702 35,90582 33,21488
40,69011 36,17287 33,75927
42,11427 36,68626 34,4642
40,89355 37,12973 33,99928
41,9108 37,56205 34,49518
41,09702 37,90856 35,07218
43,33495 38,34406 35,84386
42,72461 38,59678 36,15139
42,92806 38,79388 35,95274
43,33497 39,03072 36,37791
43,74186 39,59497 36,94614
43,53842 39,61246 37,10828
43,74187 39,82068 37,38402
43,53841 40,04477 37,20759
43,94532 40,36904 37,54615
45,57291 40,57725 38,14299
44,96256 40,67739 38,55387
43,94531 40,7028 38,11995
44,96256 41,09064 38,7025
44,55566 41,14629 38,41876
44,55565 41,31158 39,13402
45,77637 41,56272 39,02832
44,35219 41,64696 39,25243
46,59015 41,76458 38,75096
46,18326 42,00778 39,26356
46,38671 42,07295 39,70066
45,97982 42,0761 38,80342
46,38674 42,51639 39,42171
45,97981 42,37652 39,529
47,40397 42,77706 40,06623
47,20053 42,35268 38,74617
45,36946 42,52591 39,75787
46,79362 42,64513 40,09325
46,18327 42,79932 40,22042
45,77636 42,92488 40,59315
48,42125 43,30634 40,49778
46,79363 43,26185 40,00904
47,20052 43,26502 40,64242
46,38671 43,48756 40,6472
46,59018 43,53524 41,09225
46,3867 43,54955 40,59633
50,25228 43,75297 40,99447
48,01435 43,99935 41,46337
48,42121 44,04068 41,24643
49,03157 44,17897 41,15661
48,01432 44,22982 41,59369
48,01432 44,22506 40,79818
46,99707 44,21871 41,25597
47,60742 44,32837 41,58974
49,84537 44,63671 41,95451
49,03156 44,83382 41,60246
47,20052 44,62717 41,8504
51,06607 45,14851 41,7908
50,04883 45,42986 42,11903
47,81088 44,96735 41,5643
49,23502 45,48072 42,52116
48,82812 45,12311 42,47825
51,47297 45,69848 42,90739
49,84538 45,4394 42,42738
49,84539 45,67782 42,6499
50,45574 45,58406 42,09439
49,84536 46,00365 43,74663
51,26954 45,9973 43,29764
50,86266 45,97344 42,91932
49,43848 45,99889 43,04964
51,06606 46,31202 43,37073
49,64192 46,33586 43,26104
50,04883 46,04023 42,54897
49,43848 46,35813 42,46076
51,06607 46,49796 43,39534
51,26954 46,37081 43,53841
50,04883 46,39943 42,35266
50,2523 46,46457 43,70929
51,47298 46,90806 43,31985
50,86262 46,55202 42,425
50,04884 46,59335 43,41444
50,25227 46,56473 43,25786
51,26953 46,57903 44,04066
50,65918 46,67124 43,11483
52,28679 46,82225 44,14877
50,45573 46,77932 44,12017
49,84539 46,87944 43,0719
50,86263 46,88897 43,64169
52,6937 46,82064 43,8396
51,47299 47,30541 44,31806
50,25226 47,07335 43,92622
51,473 47,28794 43,80225
51,87988 47,14329 43,28489
51,67644 47,17032 43,32303
53,91436 47,43735 43,66002
51,67643 47,18463 43,60359
51,06608 47,61061 44,31485
51,67643 47,0829 44,07724
51,26954 47,33087 44,47699
52,49023 47,43577 44,0955
51,47298 47,39761 43,94928
51,87986 47,39286 43,84439
51,67643 47,54066 44,10188
