1,017253 0,4148484 0,3043815
1,017253 0,4339222 0,3170975
0,8138021 0,4418695 0,3234555
1,017253 0,4609431 0,3353768
0,6103516 0,4450485 0,3258398
1,017253 0,4657115 0,3584236
1,017253 0,4943219 0,377497
1,017253 0,4688904 0,3719338
1,017253 0,5038586 0,3878283
1,220703 0,5133953 0,4061067
1,017253 0,5388262 0,4307427
1,017253 0,5578995 0,4458424
1,424154 0,6151195 0,4847836
1,424154 0,5896882 0,4688891
1,424154 0,6421403 0,5070356
1,220703 0,6500878 0,5094197
1,424154 0,7009506 0,5571044
1,424154 0,7534025 0,5888942
2,034505 0,7581708 0,6047893
1,627604 0,8312861 0,6564468
1,831055 0,8360546 0,6580364
1,627604 0,8996338 0,6969782
1,627604 0,9743385 0,7502248
1,831055 0,9934118 0,7796293
2,034505 1,071293 0,8193645
2,848307 1,093545 0,8463848
2,034505 1,134871 0,8861208
1,831055 1,268388 1,002947
2,848307 1,40667 1,1007
2,441406 1,538594 1,231829
2,848307 1,703896 1,38521
3,051758 1,786551 1,476606
2,644857 1,894635 1,597407
2,848307 2,036094 1,730124
3,458659 2,199807 1,859663
3,051758 2,274514 1,956621
3,255209 2,342863 2,013843
3,66211 2,342863 2,045632
4,06901 2,501805 2,168817
3,458659 2,463658 2,175176
4,069011 2,501806 2,187891
3,66211 2,576507 2,27054
3,66211 2,640086 2,309482
3,865561 2,574919 2,286434
3,662109 2,613065 2,29915
3,86556 2,63214 2,317428
3,458659 2,628961 2,335705
4,069011 2,741812 2,408818
4,272461 2,738634 2,408818
4,27246 2,71956 2,363521
3,86556 2,713202 2,41438
3,66211 2,710022 2,396896
3,458659 2,834004 2,502598
4,272461 2,805392 2,468423
3,662109 2,781551 2,470015
3,86556 2,768834 2,448554
4,475912 2,851488 2,516906
4,272461 2,867384 2,541544
4,06901 2,894406 2,544723
4,272461 2,894405 2,559029
3,86556 2,937321 2,620224
4,679362 3,019971 2,665523
3,86556 2,964341 2,63294
4,069011 3,023148 2,678237
4,069011 3,093081 2,737841
4,475912 3,059705 2,719564
3,86556 3,012023 2,679828
4,069011 3,053348 2,704463
4,272461 3,072419 2,744994
4,679362 3,110566 2,751352
4,069011 3,061294 2,714795
4,069011 3,081955 2,732278
4,272461 3,166195 2,796651
4,272461 3,143942 2,791086
4,882813 3,202753 2,834
4,272461 3,151889 2,797444
4,272461 3,199573 2,831617
4,475912 3,124869 2,795061
4,679362 3,228184 2,845922
4,679362 3,186858 2,821285
4,882813 3,315606 2,924598
4,882813 3,314018 2,930161
5,289713 3,288585 2,899166
4,679363 3,363292 2,962745
4,679362 3,366471 2,98341
4,882813 3,452303 3,037451
4,882813 3,480915 3,090702
5,086263 3,519062 3,127259
4,679362 3,49363 3,088317
4,475912 3,541313 3,15428
4,882813 3,697076 3,268719
5,086264 3,719328 3,290178
5,696614 3,789262 3,366467
5,900066 4,007021 3,497601
6,306965 4,057886 3,56992
6,510417 4,178684 3,680389
5,696615 4,30266 3,763041
5,900065 4,47909 3,945826
5,900065 4,598304 4,07219
6,306965 4,806519 4,24306
6,306966 4,839895 4,315376
7,93457 5,157793 4,527571
7,120767 5,350114 4,715919
6,917318 5,532898 4,863737
7,324219 5,73635 5,029839
8,34147 6,000203 5,24203
9,358723 6,119409 5,342163
8,95182 6,491343 5,685489
9,358722 6,566048 5,783237
8,951822 6,821951 6,024047
9,358722 7,060369 6,217955
9,969072 7,036529 6,207625
9,358722 7,259049 6,401536
10,37597 7,360777 6,484193
10,57943 7,707277 6,782213
10,57942 7,726352 6,87599
11,18978 8,095107 7,12236
11,59668 8,352597 7,211367
12,41048 8,451141 7,417996
12,20703 8,726114 7,600784
12,20703 8,881883 7,749396
12,20703 9,044013 7,838409
12,00358 8,972486 7,745421
11,39323 9,136203 8,05537
11,80013 9,088522 7,928215
12,00358 9,242689 8,153913
12,61393 9,587613 8,429693
12,00358 9,379382 8,269942
12,81738 9,458854 8,317628
12,41048 9,611454 8,45989
12,81738 9,643244 8,573531
12,81738 9,767219 8,540155
15,05535 10,00245 8,77142
13,42774 9,926157 8,676052
17,2933 10,02311 8,776188
15,05534 9,902311 8,695121
13,42774 10,09782 8,870762
13,42774 10,27107 9,075797
13,63119 10,27266 8,954211
12,61393 10,2822 8,950236
13,63119 10,36644 9,100438
13,42774 10,33941 9,152895
13,63119 10,57147 9,302299
13,63119 10,35213 9,176734
15,46224 10,36962 9,10918
13,83464 10,60804 9,330906
14,24154 10,66367 9,261767
14,03809 10,64459 9,426273
14,44499 10,66208 9,263359
15,05534 10,81944 9,558996
14,03809 10,76857 9,485086
14,85189 10,82738 9,461242
15,46224 11,12461 9,672643
13,83464 10,84805 9,543888
15,66569 10,9752 9,612245
15,2588 11,23429 9,847482
16,68295 11,15958 9,733041
15,46225 11,34554 9,960336
14,44499 11,2168 9,861786
15,86915 11,24541 9,932521
14,64844 11,33283 9,885633
14,44499 11,35667 9,966691
14,03809 11,25336 9,906296
14,24154 11,30899 10,07636
15,25879 11,28674 9,812512
14,64844 11,70794 10,28538
15,25879 11,61258 10,21782
15,05534 11,71907 10,3426
14,85189 11,60621 10,20749
17,2933 11,47111 10,06683
14,85189 11,61417 10,20431
15,25879 11,74291 10,3275
15,05534 11,68728 10,20591
16,4795 11,90186 10,50632
15,25879 11,72066 10,32432
15,25879 11,65072 10,2361
15,25879 11,71271 10,11531
16,68295 11,66185 10,2067
15,86914 11,76039 10,30524
14,44499 11,80331 10,38314
15,25879 12,06875 10,49677
15,46225 11,82556 10,35452
14,64844 11,789 10,44909
16,8864 11,73179 10,20431
16,0726 11,93047 10,45784
16,07259 12,00199 10,61598
15,46224 11,86848 10,2822
14,44499 11,87484 10,40936
15,46224 11,82557 10,33942
17,49675 12,07352 10,52062
15,05534 11,98769 10,56194
14,64844 11,85735 10,32034
14,85189 11,97656 10,69068
15,05534 11,95907 10,47293
17,49675 11,8812 10,44035
15,25879 12,11961 10,70658
16,4795 12,04967 10,54128
15,05534 11,95431 10,38233
14,44499 11,99246 10,4626
14,85189 12,01312 10,554
18,31055 12,07669 10,57625
15,86914 11,85736 10,39505
14,64844 11,99722 10,49121
17,49675 11,96067 10,57625
15,05534 12,10371 10,70976
18,31055 11,9861 10,46022
15,05534 12,12597 10,7026
15,05534 12,09577 10,66844
14,85189 12,1673 10,46976
15,46224 12,10212 10,60406
16,4795 12,16729 10,60168
16,27604 12,03855 10,60327
15,05534 12,19272 10,66923
14,64844 11,94795 10,54446
14,85189 12,12279 10,59691
16,4795 12,38346 10,88381
15,25879 12,05127 10,70817
14,64844 12,26108 10,73043
17,2933 12,30717 10,71453
15,25879 12,4089 10,91639
16,0726 12,21339 10,72724
17,08985 12,18796 10,50075
15,46224 12,26743 10,78367
15,86914 12,242 10,89096
17,2933 12,35485 10,73281
15,46225 12,2865 10,89652
15,25879 12,26108 10,72328
19,12436 12,31989 10,74632
15,46224 12,2118 10,75665
15,6657 12,28015 10,82341
15,05534 12,13391 10,64221
15,6657 12,24041 10,69625
15,05535 12,14663 10,83613
16,4795 12,57261 11,08408
16,4795 12,38506 10,73201
17,49675 12,32465 10,83692
15,25879 12,24836 10,58658
16,68295 12,31671 10,68195
15,66569 12,34691 10,86156
15,05534 12,19114 10,7201
15,25879 12,21657 10,76301
16,0726 12,28809 10,69466
14,64844 12,30399 10,7495
16,68295 12,36439 10,9164
15,46224 12,3167 10,7932
15,25879 12,35644 10,96249
15,6657 12,20226 10,82102
14,85189 12,18954 10,62552
15,6657 12,32624 10,72486
16,0726 12,34055 10,90527
15,86915 12,42797 10,84169
17,2933 12,37393 10,85839
17,49675 12,40095 10,84884
15,6657 12,34373 10,73361
16,0726 12,29764 10,73758
17,08985 12,393 11,07057
16,8864 12,26425 10,78049
16,0726 12,33101 10,77651
16,4795 12,49632 10,88699
16,4795 12,15934 10,48406
15,86915 12,3787 10,81467
18,51401 12,41525 10,85043
16,8864 12,43115 10,87904
15,46224 12,34532 10,89414
17,08985 12,47565 11,08805
17,08985 12,27379 10,63743
16,4795 12,58373 10,92832
16,0726 12,55035 11,10077
16,68295 12,30081 10,9307
16,07259 12,35486 10,87825
15,46224 12,24518 10,81546
17,49675 12,43115 10,99587
15,6657 12,41684 10,89414
16,0726 12,5281 11,13574
16,68295 12,60121 11,14448
17,2933 12,64413 11,32488
15,86915 12,35486 10,83771
16,8864 12,40253 10,9156
16,8864 12,48201 11,0348
16,27605 12,73791 11,13892
16,27605 12,45817 10,84487
15,25879 12,52492 10,96646
15,25879 12,34373 10,90448
15,25879 12,29445 10,81229
15,66569 12,40095 10,825
16,0726 12,48995 10,98712
16,27605 12,28174 10,76301
16,68295 12,53288 10,98236
16,27605 12,16093 10,64062
15,25879 12,39141 10,90845
16,8864 12,75698 11,36462
16,0726 12,47248 10,86156
16,0726 12,46929 11,00938
15,86914 12,46771 10,88938
16,0726 12,26107 10,61678
15,86914 12,37075 10,77175
15,86915 12,6028 11,0793
15,86915 12,53764 11,02209
16,68295 12,65208 10,90526
15,66569 12,55512 11,17785
16,0726 12,51062 10,93229
15,86914 12,53605 10,98553
15,2588 12,29128 10,74791
17,7002 12,41208 11,04912
15,25879 12,48519 10,945
16,0726 12,4089 10,74791
16,68295 12,78559 11,17388
16,8864 12,67115 11,09044
18,31055 12,4995 11,03958
15,66569 12,70612 11,13652
17,08985 12,47566 10,91242
18,10711 12,73314 11,18501
17,90365 12,68387 11,247
15,46225 12,68069 11,12461
16,8864 12,63936 11,09361
16,0726 12,52651 10,92037
15,6657 12,50108 10,97997
16,0726 12,69976 11,02606
15,6657 12,43115 10,90686
17,90366 12,75221 11,16037
16,27605 12,57896 10,90526
17,90366 12,62347 11,04672
15,46225 12,61234 11,04673
17,2933 12,68863 11,29071
15,46224 12,50267 11,01891
16,8864 12,50108 10,90924
14,24154 12,24677 10,85759
15,6657 12,60439 11,10235
15,86914 12,50904 10,92593
15,66569 12,59168 11,19454
15,86915 12,66638 11,02607
16,8864 12,66638 11,03878
17,7002 12,79512 11,19693
17,08985 12,66956 11,23429
16,68295 12,74427 11,13891
16,0726 12,67115 11,16991
15,66569 12,60757 11,18183
19,32781 12,67592 11,09521
15,25879 12,60121 11,09759
16,68295 12,79513 11,22792
15,6657 12,73791 11,27163
17,2933 12,7697 11,28038
16,0726 12,6791 10,98871
17,49675 12,59327 11,01653
15,86914 12,54877 11,07613
16,27605 12,65208 11,15163
16,4795 12,62983 11,11587
16,27605 12,59804 10,93149
15,46225 12,67751 11,16276
15,25879 12,60598 11,09123
15,25879 12,67433 11,17468
15,05534 12,49949 10,93626
17,49675 12,5742 11,08886
16,68295 12,6934 11,11428
17,90365 12,81579 11,19296
17,7002 12,64095 11,07296
15,6657 12,48996 10,80116
15,86915 12,60916 11,07931
16,68295 12,56625 10,97839
15,25879 12,48837 10,91003
17,49675 12,6632 11,12223
15,86915 12,66956 11,1262
17,08985 12,41843 10,91957
16,8864 12,79036 11,07296
15,46225 12,52016 11,05388
16,8864 12,64413 11,10077
16,4795 12,67434 11,07137
17,7002 12,7395 11,32726
15,86915 12,78718 11,0356
17,08985 12,70453 11,17626
16,8864 12,7236 11,1699
16,0726 12,77924 11,36939
15,66569 12,62347 11,07295
16,4795 12,71725 11,10633
16,8864 12,62665 11,07692
15,66569 12,49313 11,03322
17,08985 12,62823 10,94897
15,66569 12,62506 11,17547
15,25879 12,33419 10,82579
16,4795 12,74426 11,14448
15,6657 12,62029 11,21362
16,0726 12,74745 11,32488
15,86915 12,70771 11,16356
16,07259 12,60439 10,95374
16,27604 12,5885 11,12143
16,68295 12,64731 11,26607
16,4795 12,69181 11,14289
16,8864 13,01448 11,28992
15,25879 12,26425 10,81785
16,07259 12,62029 11,34316
17,08985 12,79513 11,21679
17,2933 12,73155 11,23746
16,68295 12,63142 10,94182
15,86915 12,6028 11,12858
16,68295 12,68863 10,96249
15,86915 12,77765 11,14686
17,90365 12,76493 11,11984
16,68295 12,86348 11,18342
16,68295 12,72519 11,13415
17,49675 12,61075 11,10951
16,27605 12,6632 11,11587
17,49675 12,89209 11,25495
16,4795 12,44864 10,98236
16,27605 12,784 11,23905
15,6657 12,65367 11,28753
15,86914 12,76175 11,05388
16,4795 12,74109 11,19058
15,46225 12,67275 11,18104
15,66569 12,5583 11,09838
16,0726 12,71248 11,10633
16,27605 12,66003 11,19852
17,7002 12,83963 11,29945
16,8864 12,71565 11,03958
15,46224 12,44863 11,00859
15,66569 12,59644 11,09917
15,25879 12,4836 11,13256
16,27605 12,71565 11,17706
16,07259 12,73632 11,25097
16,8864 12,58691 10,99348
17,29331 12,39618 10,76222
16,27604 12,60757 10,99905
17,7002 12,68069 11,127
16,68295 12,47724 10,88381
16,07259 12,57579 11,10395
17,08986 12,8603 11,30819
16,0726 12,62346 10,99666
16,27605 12,63301 11,15163
16,4795 12,784 11,29786
15,25879 12,59962 11,06897
18,51401 12,79831 11,36302
15,46225 12,73791 11,17706
16,27604 12,94455 11,35271
17,7002 12,98587 11,35111
17,2933 12,79831 11,1405
17,2933 12,62823 11,02765
16,68295 12,66956 11,11428
16,8864 12,72837 11,2621
19,32781 12,79354 11,08646
18,31055 12,91752 11,21283
16,68295 12,93977 11,32886
15,66569 12,61711 11,07534
15,46224 12,53923 11,11905
15,86915 12,54876 11,0499
16,8864 12,82533 11,3225
15,46224 12,6791 11,28912
15,6657 12,75857 11,10872
16,27605 12,57579 10,91163
16,0726 12,89527 11,27005
16,47949 12,57737 11,14606
17,2933 12,9207 11,16276
16,8864 12,78877 11,10395
15,6657 12,66639 11,21521
17,49675 12,86984 11,12302
16,8864 12,52493 11,04832
16,07259 12,91116 11,22951
15,86915 12,70611 11,12302
15,6657 12,4979 10,95931
16,27605 12,58691 11,02527
16,0726 12,72837 11,18581
16,68295 12,81738 11,21282
16,88639 12,69976 11,16593
16,27604 12,84123 11,37257
16,27605 12,86507 11,28833
16,68295 13,086 11,4886
16,4795 12,85871 11,18342
17,90366 12,89527 11,30183
16,8864 13,05581 11,55933
16,8864 13,00971 11,37972
16,0726 12,94454 11,38211
16,0726 12,74903 11,1707
17,08985 12,79195 11,23269
15,46224 12,58691 11,1866
16,0726 12,89845 11,28912
16,0726 12,98745 11,39402
16,8864 13,18614 11,49178
18,51401 13,00971 11,32885
16,4795 12,8746 11,28275
16,8864 12,73473 11,26448
18,10711 12,89686 11,35667
18,31055 12,75062 11,19693
15,86915 13,0113 11,42025
15,86915 12,68069 11,2176
16,68295 13,0113 11,3686
17,08985 12,94613 11,38608
15,86914 12,77606 11,24383
17,2933 12,73791 11,11666
16,07259 12,7999 11,05785
16,4795 12,9668 11,35509
17,49675 12,91752 11,41628
15,6657 12,86824 11,16435
18,31055 12,96362 11,33284
16,4795 12,82692 11,16991
16,0726 12,98269 11,41151
16,68295 12,67751 11,14527
16,0726 12,78242 11,21998
16,27605 12,89845 11,29628
15,86914 12,80466 11,27481
15,86914 12,61711 11,18977
15,86915 12,77447 11,33919
15,6657 12,77606 11,12143
16,8864 12,91752 11,27084
