0,8138021 0,4529957 0,3234555
0,8138021 0,4450484 0,3234555
0,8138021 0,4545852 0,3417347
0,8138021 0,4609431 0,3433241
0,8138021 0,4752483 0,3600132
1,017253 0,4736588 0,3751127
0,8138021 0,491143 0,3902123
1,017253 0,5181636 0,4100802
1,017253 0,5292896 0,4148485
0,8138021 0,5642572 0,4458424
1,017253 0,5880987 0,4633261
1,220703 0,6055826 0,4800152
1,220703 0,6437297 0,5014728
1,017253 0,6930034 0,535646
1,220703 0,7216135 0,5722045
1,220703 0,7359185 0,580152
1,424154 0,7724759 0,6119419
1,627604 0,8249284 0,6405526
1,627604 0,8328757 0,6572416
1,424154 0,8646653 0,6747259
1,424154 0,9425498 0,7430724
1,831055 0,987054 0,7549931
2,034505 0,9838751 0,7589664
2,034505 1,060167 0,8138015
2,441406 1,138049 0,8773786
3,051758 1,220703 0,8996316
2,644857 1,273156 0,9600317
3,051758 1,336735 0,9830791
3,458659 1,389187 1,046658
2,848307 1,433691 1,050631
2,644857 1,562435 1,217525
3,458659 1,692769 1,315274
2,441406 1,75794 1,400311
3,051758 1,904172 1,554492
3,255208 1,982054 1,673698
3,458659 2,137818 1,78178
3,051758 2,156891 1,850921
3,255208 2,22365 1,915295
3,662109 2,360347 2,029738
3,255208 2,344452 2,040069
3,662109 2,441407 2,107621
3,458658 2,463659 2,158485
3,86556 2,555845 2,223653
3,86556 2,539951 2,208553
3,86556 2,614655 2,291998
3,662109 2,543129 2,237164
3,86556 2,622602 2,300739
4,475912 2,601939 2,291997
3,458659 2,703665 2,372262
3,86556 2,708433 2,392924
4,069011 2,768834 2,439018
3,86556 2,743403 2,446169
4,069011 2,884868 2,523263
3,86556 2,884868 2,551079
4,06901 2,981826 2,602739
4,069011 3,016792 2,670291
4,882813 3,123281 2,743404
4,272461 3,112155 2,733074
4,272461 3,170963 2,799829
4,475912 3,20752 2,816517
4,272461 3,196394 2,839563
5,696615 3,423693 3,000894
4,679362 3,428462 3,000894
5,086263 3,469789 3,063681
5,086263 3,614427 3,185273
5,289713 3,700254 3,294944
4,882813 3,732044 3,305277
5,289714 3,836946 3,404614
5,696614 3,930727 3,496805
6,306966 3,984771 3,551643
5,696615 4,113518 3,682774
5,493164 4,10557 3,645422
6,306965 4,237493 3,755095
5,900065 4,348752 3,864764
5,696614 4,417099 3,93152
6,917319 4,553798 4,060265
6,510417 4,601483 4,107954
6,510416 4,665059 4,20094
6,713867 4,777909 4,254185
7,731119 4,99407 4,39564
7,120769 5,022682 4,437763
6,306967 5,170508 4,5228
7,120768 5,362829 4,767577
8,341471 5,423225 4,847842
7,73112 5,58058 5,005996
7,120769 5,6235 5,038582
8,54492 5,876228 5,182426
7,527668 5,876225 5,285738
8,748372 6,087618 5,430378
7,527668 6,149608 5,509062
8,138021 6,26882 5,587743
8,544921 6,422999 5,766548
8,748371 6,508828 5,88099
8,74837 6,650286 5,982718
8,74837 6,788571 6,051067
8,951822 6,839435 6,074112
8,748371 7,004738 6,235439
9,765625 7,26382 6,496109
9,765624 7,354419 6,588302
9,358724 7,456143 6,659033
8,951822 7,362367 6,665389
12,00358 7,650056 6,826717
9,562175 7,797877 6,978511
10,78288 7,861456 7,108056
10,57943 7,988615 7,143026
10,17252 8,204775 7,3115
10,37598 8,171397 7,352826
11,80013 8,292198 7,452168
10,57943 8,430484 7,598402
11,80013 8,74519 7,823307
10,98633 8,846915 7,96
11,59668 9,005872 8,071269
10,78288 8,708634 7,833636
11,80013 8,966134 8,009278
11,18978 9,175932 8,25246
11,59668 9,303091 8,416973
14,24154 9,563769 8,534592
11,80013 9,539926 8,588633
13,63118 9,803772 8,785728
12,81738 9,821251 8,852482
13,63118 9,814891 8,801615
12,00358 9,764028 8,87155
13,63118 10,06921 8,962151
12,61393 9,95477 9,044805
12,81738 10,01994 8,928771
13,22428 10,30127 9,330112
13,42774 10,36326 9,186268
12,81738 10,2679 9,267332
12,81738 10,32988 9,330106
12,81738 10,56194 9,469992
12,41048 10,44114 9,366667
14,64844 10,62712 9,670255
14,03808 10,42047 9,417529
14,24154 10,73996 9,68218
15,46224 10,80513 9,69728
15,05534 11,04196 9,829994
14,85189 10,90844 9,608268
14,44499 11,05785 9,797414
14,64844 11,0197 9,933311
14,85189 10,92752 9,818869
14,03809 11,24382 10,07637
14,85189 11,61098 10,35531
14,03809 11,30104 10,15663
14,44499 11,43297 10,17968
15,25879 11,638 10,42048
15,86914 11,96385 10,59215
15,25879 12,01153 10,77732
15,25879 12,14186 10,8703
16,0726 12,15776 10,96567
15,25879 12,2261 10,90527
15,46224 12,2722 10,91003
15,86914 12,4677 11,19931
15,46224 12,59804 11,3066
16,27605 12,89368 11,49575
15,66569 12,81579 11,45125
16,88639 13,02242 11,46476
16,8864 13,25289 11,85735
17,08985 13,25925 11,7143
16,8864 13,30534 11,84383
16,47949 13,39436 12,03457
16,8864 13,20839 11,90981
17,2933 13,51516 11,97259
16,27605 13,43092 12,08544
19,53126 13,81715 12,30398
17,08985 13,44205 12,11802
16,88639 13,49609 12,02663
18,51401 13,70112 12,18319
17,90365 13,84735 12,48439
17,08985 13,83781 12,34611
19,12436 14,05716 12,46691
18,31055 13,8998 12,39618
18,51401 14,11121 12,54002
17,2933 13,69794 12,22292
17,90365 13,90775 12,50903
18,1071 13,89822 12,51221
17,49675 13,85847 12,45578
18,1071 13,80284 12,48042
18,1071 13,99993 12,43671
18,31055 14,41955 12,72122
17,90365 14,13982 12,64731
18,71745 14,07464 12,53446
18,71745 14,03968 12,64732
17,2933 14,29399 12,69023
18,1071 14,29717 12,69738
18,71745 14,44498 12,8762
18,1071 14,17319 12,81818
19,3278 14,64685 13,00971
19,53125 14,51174 13,0709
18,1071 14,43227 12,88334
19,32781 14,47201 12,95805
18,31055 14,90433 13,33873
18,92091 14,68499 13,19567
18,31056 14,78831 13,28229
18,71746 14,82805 13,21237
21,15887 15,07441 13,388
18,9209 14,90593 13,19886
18,514 15,16183 13,62562
18,514 15,17614 13,50959
18,31055 15,16183 13,4333
19,93816 15,15706 13,52945
19,53126 15,09826 13,30615
19,53125 15,2127 13,65503
19,3278 15,19839 13,46589
18,9209 14,98858 13,28389
18,514 15,33826 13,54217
20,9554 15,23972 13,5676
19,7347 15,38277 13,75278
21,15886 15,529 13,9904
18,9209 15,2127 13,51993
21,56576 15,48131 13,67808
20,75196 15,36052 13,75596
18,31055 15,30807 13,63834
20,34506 15,45747 13,77583
20,34506 15,45747 13,74324
19,3278 15,42568 13,64549
19,93815 15,42569 13,75437
19,3278 15,58939 13,95384
18,71746 15,54012 13,88947
19,53126 15,67046 13,95862
19,12436 15,42091 13,81158
19,73471 15,53377 13,86722
20,34506 15,69589 13,85133
18,71745 15,5131 13,76231
20,1416 15,83417 14,26537
21,76921 15,7404 13,81
19,3278 15,48131 13,6884
20,95541 15,47495 13,90617
19,73471 16,02967 14,19703
19,93816 15,94384 14,15093
20,75196 15,85484 14,263
20,54851 15,83894 14,10246
19,73471 15,93749 14,32896
19,73471 15,87868 14,14935
19,12435 15,96292 14,26538
20,14161 15,80716 14,07544
20,14161 16,00742 14,04524
20,54851 15,769 13,83781
19,53126 15,99153 14,09451
22,58301 15,9502 14,14855
20,1416 16,09961 14,39095
21,56576 15,98199 13,98564
19,93816 16,17909 14,55466
20,14161 15,81987 14,01106
19,12436 16,00106 14,25186
20,54851 16,06941 14,42274
19,73471 16,32373 14,5483
22,98991 16,23949 14,52049
19,93815 15,91364 14,352
20,5485 16,09166 14,42829
19,53126 16,15366 14,4577
19,53125 16,05193 14,34645
19,73471 15,82146 13,92523
19,93816 16,12504 14,32817
20,34506 15,99789 14,28525
20,34506 16,10915 14,43465
20,14161 16,13935 14,26697
19,53126 15,89934 14,13742
21,15886 16,39524 14,66512
21,15886 16,33327 14,59439
20,54851 16,07736 14,51016
20,14161 16,44293 14,74142
20,1416 16,08689 14,25266
20,34506 16,20611 14,43546
20,34506 16,23949 14,49983
20,75196 16,3571 14,81453
19,73471 16,01855 14,19305
19,3278 16,21882 14,49664
21,36231 16,15048 14,40446
19,7347 16,60665 14,81216
20,54851 16,45247 14,67943
21,76921 16,37617 14,69691
20,54851 16,02173 14,41002
20,14161 16,16637 14,28366
19,12436 16,12187 14,47916
19,53126 16,45724 14,77162
19,93816 16,43181 14,68818
21,97266 16,55261 14,74142
21,76921 16,27446 14,41321
21,36231 16,55738 14,74222
22,17612 16,57804 14,76685
21,15886 16,21565 14,39492
19,93816 16,55102 14,68181
20,34505 16,37777 14,53162
20,54851 16,67023 14,88924
21,36231 16,45564 14,46962
20,34506 16,60188 14,79944
20,9554 16,373 14,60632
21,36231 16,49697 14,80976
21,56576 16,31896 14,58725
20,75196 16,60188 14,76923
20,34505 16,41591 14,6238
19,93816 16,40796 14,5777
21,56576 16,24108 14,39572
20,14161 16,35234 14,60791
19,53126 16,38253 14,5936
21,97266 16,77832 14,87414
20,54851 16,43181 14,50697
20,34506 16,50016 14,75573
21,56575 16,3587 14,45929
20,9554 16,6448 14,79546
19,93816 16,373 14,71519
21,36231 16,39843 14,61585
19,32781 16,45565 14,8352
19,73471 16,39843 14,62777
22,37955 16,35234 14,7756
22,583 16,83712 15,11574
20,9554 16,54625 14,60154
20,9554 16,42704 14,5634
19,73471 16,38413 14,63095
21,36231 16,79103 14,75732
20,75196 16,36187 14,50459
21,36231 16,51287 14,774
22,17611 16,40797 14,51016
21,36231 16,44134 14,63969
20,54851 16,92772 15,06488
22,78646 16,45248 14,60155
21,97267 16,58281 14,83202
21,36231 16,60983 14,89083
19,93816 16,66705 14,73427
20,54851 16,72427 14,95123
20,75195 16,45407 14,88368
21,7692 16,33803 14,62698
20,9554 16,60506 14,956
20,95541 16,55262 14,83361
20,54851 16,64003 14,81215
21,36231 16,77355 14,89958
21,56576 16,63208 14,87096
20,34505 16,66228 14,8956
22,37956 16,70361 14,80183
22,78646 16,7036 14,96474
21,36231 16,51287 14,72235
21,15886 16,73699 14,90195
21,56576 16,44294 14,80262
21,36232 16,54626 14,73347
22,17611 16,66228 14,78513
20,75196 16,57486 14,92342
20,75196 16,8705 15,20077
20,5485 16,67659 14,86063
21,36232 16,67659 14,65559
20,75196 16,95951 14,82964
22,58301 16,59076 14,78513
20,9554 16,97222 14,97586
21,3623 16,2522 14,38301
19,3278 16,34915 14,56499
19,93815 16,72268 14,88527
23,39681 16,66228 14,98938
21,56575 16,63526 14,86222
22,17611 16,59871 14,87255
20,9554 16,65592 14,9393
21,97266 16,68612 14,94407
21,56576 16,87527 15,04342
20,1416 16,69884 14,74461
21,15885 16,64003 14,98461
22,37956 16,59394 14,64605
21,15886 16,81964 15,0609
22,58301 16,76878 14,90593
21,97266 16,60665 14,8964
22,37956 16,60824 14,88368
20,14161 16,72109 14,99176
21,76921 16,76719 14,92103
20,14161 16,49061 14,66513
20,54851 16,55102 14,71917
22,37956 16,86732 15,09667
20,34506 16,56532 14,78672
19,53126 16,82918 14,84394
21,15886 16,54943 14,84473
21,15885 16,42546 14,81693
19,73471 16,57963 14,96316
19,93815 16,8403 14,95839
20,5485 16,26492 14,36234
21,56576 16,66863 14,73983
20,14161 16,57963 14,71202
22,78646 16,99289 15,21428
20,54851 16,62255 14,89798
20,54851 16,7656 15,02116
22,37955 16,8117 15,03706
21,76921 16,76243 15,04819
22,37956 16,92614 15,00448
20,54851 16,74652 14,99414
21,76921 16,80216 14,91626
20,9554 16,73222 14,93375
19,53126 16,53513 14,68659
20,1416 16,67182 14,69771
21,36231 16,6003 14,77481
23,39682 16,77037 14,83043
20,54851 16,69089 14,9115
22,17611 16,72586 14,86063
20,75196 16,40956 14,66513
21,56576 16,54148 14,68818
21,56576 16,85142 15,1523
19,73471 16,54467 14,85825
20,75196 16,64003 14,70248
22,78646 16,77196 14,98461
22,37955 16,54307 14,57691
20,14161 16,63684 14,73664
20,14161 16,73222 15,03865
21,76921 16,80851 14,70009
20,95541 16,62414 15,02515
21,36231 16,58599 15,04898
19,73471 16,94361 15,19839
21,76921 17,0072 15,39072
21,56576 16,75129 14,89719
21,3623 16,85461 15,02514
22,58301 16,64797 14,64287
20,14161 16,71951 14,95759
23,80371 17,08667 15,0609
22,9899 16,66228 14,83997
20,75196 16,69566 14,82328
20,54851 16,34439 14,58645
22,78646 16,8864 14,87255
22,78645 16,65433 14,80182
21,36231 16,5399 14,87096
24,00716 16,55579 14,83282
22,58301 16,78943 15,07839
22,58301 16,6909 14,9568
20,95541 16,93408 15,02593
20,95541 16,82917 15,13402
19,53125 16,37459 14,71758
19,73471 16,58599 14,67069
20,14161 16,6909 14,93773
25,02441 16,81011 15,08237
19,73471 16,80533 15,02116
21,15886 16,7799 14,93454
20,14161 16,46836 14,60393
20,1416 16,63526 14,92342
19,93816 16,64798 14,74938
20,75196 16,48903 14,68818
22,37956 16,81487 14,98779
23,39681 16,71315 14,90117
20,75196 16,90864 14,98937
20,95541 16,69566 15,07998
20,75196 16,65275 14,96315
22,17611 16,88958 14,98382
22,98991 17,01513 15,08712
20,75196 16,88004 15,03627
20,34506 16,84189 14,96474
22,58301 16,96904 15,27865
21,56577 16,88004 14,97826
21,76921 16,76401 14,9409
22,58301 16,71633 14,93295
22,17611 16,7958 15,12449
20,9554 16,8419 14,95521
21,76921 16,76401 15,10859
22,78646 16,62414 14,72951
21,56575 17,29806 15,40979
21,76921 16,80056 14,82009
22,37956 16,84348 14,9258
20,54851 16,98653 15,23575
21,56576 16,78626 15,01878
20,75196 16,6591 14,84871
21,76921 16,90548 15,2119
21,56575 17,05805 15,09666
22,17611 16,63685 14,81056
20,75196 16,96587 14,98541
20,9554 16,99606 15,08236
21,97266 17,06918 15,21587
20,95541 16,91341 14,99414
22,58301 17,02467 15,25561
20,5485 17,02626 15,07997
23,80371 17,2631 15,4686
20,95541 17,03739 15,30647
23,19336 17,11845 15,17375
21,97266 17,09144 15,40741
21,15886 17,22813 15,40184
21,97266 17,10575 15,25005
21,76921 17,35211 15,64344
25,22786 17,47132 15,51151
23,39681 17,06759 15,21905
22,58301 16,87686 15,00766
22,17611 17,32668 15,41536
21,97265 17,18363 15,33667
20,75195 17,08825 15,17772
23,80371 17,03421 15,15229
21,56576 17,14071 15,2564
23,39681 16,83554 15,02435
22,37956 17,20429 15,42807
20,95541 16,93726 14,99812
24,6175 17,05488 15,35813
21,15886 17,10415 15,1372
21,15886 17,26627 15,32157
20,95541 17,07077 15,19919
22,37956 17,12481 15,10858
21,97266 16,83236 15,21906
21,15886 17,10097 15,17613
21,36231 17,38867 15,44158
21,56576 17,2329 15,227
21,56576 17,20747 15,42966
21,56576 17,15978 15,17136
22,58301 17,19794 15,41377
20,54851 16,88163 15,20713
21,76921 16,98971 15,31761
21,56576 17,07395 15,21746
23,19336 17,33939 15,44477
20,9554 17,13753 15,30329
21,76921 17,29171 15,347
21,56576 17,08826 15,20951
21,56576 17,11369 15,11891
21,15886 17,09461 15,06567
20,54851 17,16137 15,12767
20,54851 17,14548 15,35893
21,56576 17,2027 15,33668
