0,3417969 0,08277893 0,04138947
0,5126953 0,08010864 0,04005432
0,5126953 0,1014709 0,05073547
0,3417969 0,1121521 0,05607605
0,5126953 0,138855 0,06942749
0,3417969 0,1148224 0,05741119
0,5126953 0,138855 0,06942749
0,3417969 0,1281738 0,06408691
0,5126953 0,138855 0,06942749
0,3417969 0,1361847 0,06809235
0,6835938 0,1789093 0,08945465
0,5126953 0,213623 0,1068115
0,5126953 0,1789093 0,08945465
0,5126953 0,2029419 0,1014709
0,5126953 0,2109528 0,1081467
0,5126953 0,2162933 0,1188278
0,6835938 0,2483368 0,1401901
1,367187 0,2616882 0,1548767
0,5126953 0,2403259 0,1508713
5,126953 0,4299164 0,2403259
7,51953 0,5367279 0,3164291
6,835938 0,7129669 0,4259109
7,690428 1,038742 0,6128311
11,4502 1,866531 1,076126
8,544922 2,982712 1,790428
9,74121 4,387283 2,78244
10,4248 5,09758 3,543472
10,4248 5,610275 4,016113
11,62109 6,750488 5,10025
12,13379 7,332611 5,448723
12,64649 7,823944 6,045532
14,86817 8,403397 6,645012
11,62109 8,918762 7,069588
13,33008 9,896088 7,892036
19,65332 10,55031 8,38604
16,74805 11,30066 9,235191
16,40625 11,86943 9,941483
16,74805 11,74393 9,666443
17,77344 12,37412 10,41813
17,26074 12,85477 10,60505
16,74805 13,13515 11,02562
19,99512 13,68256 11,59439
18,96973 13,79738 11,50627
17,08985 13,91754 12,04567
19,99512 14,2086 12,23793
19,48242 14,44626 11,96556
20,50781 14,64386 12,61311
21,3623 15,09781 12,88681
19,48242 15,41023 13,27667
18,79883 14,94293 13,39417
19,99512 15,92026 14,15253
19,99512 15,7547 13,89351
20,8496 16,01105 13,85612
23,24218 16,77208 14,43825
23,41308 16,87622 14,49966
21,7041 17,54112 15,27672
21,5332 17,61322 15,35816
23,07129 18,04314 15,83614
24,43847 18,14728 15,86685
22,72948 18,19 16,00571
22,2168 18,34755 16,12587
24,09667 18,37692 16,20331
25,97655 19,23409 17,42363
25,46386 19,18068 17,0351
24,09668 19,54918 17,48505
24,78027 19,68002 17,59186
24,60937 19,76013 17,52777
24,26757 20,13664 17,85355
26,14746 20,51582 17,88559
28,19823 19,94972 17,37556
29,73631 20,48378 18,15395
27,51463 20,66803 18,36624
25,80565 20,88699 18,73875
24,60937 21,19675 19,19537
24,60936 21,21811 19,04182
27,51464 21,60263 19,27948
25,12206 21,17271 19,01245
26,83105 21,50383 19,20738
26,14745 21,76285 19,5919
25,80566 21,67206 19,53449
27,34374 22,33696 19,96574
26,66015 21,89636 19,86694
30,07812 22,67608 20,19272
25,97655 22,17407 19,73743
27,34374 22,70012 20,37296
28,54003 22,42775 19,76547
27,85644 23,04458 20,20874
29,90722 23,74954 20,84427
30,24901 24,14474 21,22612
29,22362 24,58 21,94309
30,07812 24,98321 22,4411
31,7871 25,84572 22,78023
31,2744 25,39177 22,78557
29,90722 25,66948 22,75619
31,78711 26,17683 22,86434
30,59081 25,38643 22,06192
33,49607 25,9552 23,46783
32,6416 25,50125 21,75751
30,93261 25,58403 22,27154
29,73631 26,45454 23,66009
31,10351 26,54533 23,75755
31,95799 26,5934 23,41976
31,10351 26,03531 23,43979
32,64159 26,3958 23,5239
30,93262 25,96054 22,49317
34,86328 26,92718 23,8924
34,00878 26,68686 23,19813
33,15428 25,78163 22,00451
33,49608 26,60408 23,3036
33,32519 27,09007 23,21815
33,83788 27,79503 24,14742
34,69238 27,31705 22,46647
32,98339 28,12881 23,85635
33,83789 28,16353 24,17679
33,49609 28,5614 25,55866
33,32519 28,79371 25,98724
32,4707 28,35045 25,39845
34,17968 29,0287 25,96988
32,29979 28,89786 25,8831
34,00878 28,91655 26,01261
34,69237 29,93126 27,40917
34,69238 29,21295 26,07536
35,37597 29,05807 26,65748
39,47754 29,38385 26,59206
36,23046 29,78439 27,16083
35,88866 29,80576 26,85509
35,20508 29,08211 26,59874
34,52148 30,03273 27,4292
34,69238 29,65622 26,72958
36,23047 29,75769 27,1368
35,71777 30,24902 26,87778
36,74316 30,13687 27,65617
36,91407 30,1876 27,57606
35,88867 30,05142 27,51865
36,05957 30,54008 27,80704
38,62305 30,8712 28,00465
39,81935 30,56412 27,64683
38,45216 31,76575 28,61614
37,42675 31,72569 28,69625
39,64843 32,94067 29,38385
42,72461 33,17299 29,40655
42,72461 34,84726 31,18229
38,79394 34,03282 30,723
43,2373 35,44006 32,26242
42,72459 35,51483 32,05948
43,75 35,92339 32,34386
44,0918 35,77118 32,28378
43,4082 35,65903 31,9006
46,48438 35,91003 32,14893
43,5791 37,43744 33,31585
42,2119 36,49483 33,37994
45,45899 36,62033 32,94601
42,72461 37,24251 33,93002
47,16797 37,7739 34,21841
45,80078 37,25586 33,63361
44,60449 37,70714 33,31184
45,11719 37,61902 34,12228
46,99707 37,59232 34,02748
44,6045 36,87401 32,93667
43,2373 37,39738 34,03015
44,9463 38,83133 35,10761
44,77539 37,31194 33,68034
43,75001 38,26523 34,19704
48,53516 37,50954 33,94737
45,80078 38,4388 34,95407
44,6045 37,67776 34,49612
44,4336 37,78725 33,62961
44,4336 37,80327 34,54952
43,9209 37,72049 34,58958
43,23731 38,44681 35,12363
45,97169 38,56697 34,60426
45,97169 37,97417 33,49209
47,50977 38,33733 34,50546
45,1172 38,09433 34,79519
43,74999 38,74855 35,52418
43,92091 37,84065 33,57887
47,68068 37,56828 34,1423
48,19336 39,24789 35,66437
46,14258 38,21449 34,51748
47,68068 38,99689 35,40668
46,82618 38,94348 35,40001
48,53515 39,58969 36,09562
44,77541 38,66043 35,26382
46,82618 39,10637 35,75115
44,6045 39,19716 36,17973
46,14259 38,71651 34,85126
46,14258 38,92746 34,86862
47,16797 38,91144 35,40668
48,19338 38,78326 35,4187
47,50976 39,12773 34,90467
45,62989 39,40544 35,96878
44,77539 39,12506 34,99012
48,87695 38,84468 35,12096
44,9463 38,72986 34,23443
47,85157 39,10103 34,64699
48,19336 38,95683 34,25579
47,50977 39,34669 35,40668
50,24414 39,64043 36,06892
46,99707 39,72054 35,40401
48,70607 38,99422 34,71375
52,80763 39,33067 34,64565
49,21876 40,75928 36,43742
50,07325 39,21585 35,74181
50,41503 40,81535 36,71646
51,61135 40,03029 36,48949
46,48439 40,07034 36,46011
48,53516 40,44685 36,13434
50,75684 40,82336 36,84998
47,85157 40,79666 36,41071
49,38965 41,40549 37,82463
48,36425 40,65514 35,79388
51,26952 41,70723 37,52289
48,02248 40,41214 36,48548
46,14257 39,81133 35,25448
46,82618 40,19585 36,97681
51,44042 40,87677 36,91673
49,90234 40,62309 37,03957
49,21875 40,91415 36,70444
48,19336 40,60707 36,33194
48,70607 40,28931 37,53624
52,46582 40,94887 37,22649
49,04787 40,34271 36,28254
50,92774 41,28265 36,88736
46,99707 40,40947 36,2505
47,85157 40,05699 36,54289
50,75684 40,67917 35,92072
48,53516 40,94086 36,66172
51,44044 40,79132 36,5015
48,70607 40,43617 35,92873
50,92773 40,94887 37,22916
47,85157 40,77797 37,13303
46,99707 40,72456 37,06093
49,90234 41,29601 36,7485
47,85156 40,92484 36,58962
48,87696 41,08238 36,95278
47,68067 40,91949 36,5469
51,09864 40,26794 36,58428
49,21875 40,02228 36,51218
51,78223 40,34805 36,49349
52,63673 40,32402 36,8166
55,20021 41,70723 37,39071
49,56054 40,79399 36,14368
48,36426 40,17982 36,05556
48,53516 40,51628 36,84464
46,99708 40,15847 36,56559
46,99708 41,06903 37,67376
47,68065 40,91949 37,2345
49,04785 40,93018 36,13434
52,12403 40,86075 37,18777
54,0039 41,45355 36,80992
48,02245 41,58707 37,83531
47,85156 40,91415 36,29189
50,07325 40,21721 36,34129
51,26955 40,53497 35,92739
48,36426 40,39612 35,39734
53,49121 41,3601 37,67509
51,78222 41,10909 37,62169
52,97852 41,57372 37,72182
50,58594 41,68053 37,27322
49,38964 40,66849 36,35063
55,0293 41,69922 37,65774
50,24414 41,62979 37,35065
51,44043 40,86876 36,63635
49,73145 41,29066 36,85799
49,38965 40,96222 37,1624
50,41503 41,2426 37,23316
48,70604 40,14511 35,73513
48,70606 42,25464 38,28125
51,44043 41,1972 37,47215
50,07325 41,43486 37,17976
50,41504 41,81404 38,43212
52,63672 42,13982 38,68847
47,68068 42,02232 38,16643
49,04784 41,09573 37,31995
49,21874 41,38947 36,65905
50,24416 41,40015 37,4321
50,58593 42,00363 37,27722
50,75683 41,70723 37,52556
47,16798 40,6044 37,29057
51,44044 40,55634 37,14104
50,58593 41,86211 37,81261
52,12402 41,13312 37,4094
50,75684 42,02499 37,8046
47,68067 42,03835 38,30662
48,70606 41,17851 37,0863
50,07326 41,82205 37,62703
50,58595 41,38412 36,89938
52,29492 41,66451 37,6524
49,90234 41,61377 37,76455
49,21875 41,18652 37,00752
51,26955 41,9796 36,91807
49,56055 40,83939 36,9421
50,75684 41,4856 37,35466
48,02248 41,65115 37,10098
48,70604 41,06903 36,76453
52,29494 41,79535 37,56695
50,92772 40,9462 36,5963
46,99709 41,13579 37,1664
49,04786 41,03165 37,0863
48,70605 40,79399 37,39071
51,44042 41,38145 38,01556
50,07325 40,71922 36,18507
54,17482 41,40816 37,64172
51,95314 41,7099 38,26656
49,04786 41,77399 37,91809
49,21876 41,92352 37,92477
46,65528 40,66315 36,86867
51,09866 41,12511 36,26652
47,85157 41,14113 36,68442
52,12402 41,96625 36,84998
52,29493 41,73661 37,45213
51,09863 41,94756 37,1357
50,92774 42,21458 37,7285
49,38966 41,13312 37,61902
48,19335 41,5657 36,94477
48,02246 41,23726 37,36801
51,95312 41,36543 37,10365
49,38966 42,08908 37,78725
50,75685 41,72325 37,39204
52,97852 42,39883 38,27457
49,21876 41,00494 37,1397
47,85157 42,0063 38,31596
49,04786 41,88347 38,097
47,16798 41,54434 37,7779
53,14941 41,91017 38,1237
50,07326 41,62979 36,45344
49,56055 41,83273 36,78322
49,38965 41,28265 37,00886
48,19336 40,62576 36,84597
47,16798 40,90347 36,17172
48,19338 41,04767 36,7672
52,12403 42,86613 38,40008
50,92775 41,92352 37,55093
51,78223 42,48695 37,99686
55,20021 42,18521 38,19714
49,38965 40,95688 37,28657
51,61132 41,06102 37,69913
52,63674 41,35475 37,39471
54,00391 41,88614 37,84866
53,32031 41,80069 37,97417
49,73145 41,65382 37,42275
51,26954 42,16118 38,78593
51,95313 42,49496 37,73251
53,49122 42,58041 38,44814
48,70605 42,18254 38,50422
50,41505 42,34009 38,89008
53,83302 41,95824 37,45747
49,90234 41,47491 36,66306
48,53517 41,9342 36,80325
55,8838 42,31071 37,62035
52,12405 41,40282 37,48417
51,09866 42,40417 38,73386
50,75684 41,59241 36,52821
50,75685 42,20123 38,37204
50,07325 41,84875 37,49084
53,66213 42,27333 37,49084
48,36427 40,8741 36,92875
55,88382 42,64183 38,34801
49,90236 41,50696 37,93678
49,73143 42,43355 37,29458
47,85156 41,57906 38,09032
50,58595 41,85143 38,01956
50,24416 42,31606 38,40542
48,70606 41,782 37,19311
49,21875 41,74995 37,02888
49,73146 41,55235 38,05294
51,61133 41,34674 37,49084
56,2256 41,91284 38,1918
52,80761 41,79001 37,78057
48,19337 41,10374 37,73785
53,49122 41,13312 37,15973
50,07326 41,70189 37,45346
49,04786 41,31203 37,34932
49,73144 42,50565 38,08231
49,73146 42,12647 37,68177
48,87695 42,04369 37,59899
53,49121 42,16118 37,13036
53,6621 43,11715 39,28928
49,21876 41,4856 37,03156
53,49121 42,74864 38,74989
51,95313 42,76733 38,33466
53,66212 41,82472 37,46815
54,3457 42,28936 37,18643
50,92773 41,81137 36,13701
49,56056 40,68451 37,10499
50,07324 41,72058 38,1424
49,73146 41,03432 37,27856
50,24414 41,66718 37,9528
48,53514 41,1705 36,82861
51,78223 42,58842 39,26926
52,63673 41,39748 38,06896
57,42186 43,02368 39,33468
52,12403 41,84074 37,0636
50,58593 41,81671 38,32664
48,53516 41,97159 37,9528
54,17482 42,62848 37,86335
51,26955 41,87012 37,94079
54,17481 42,60712 37,72583
49,04786 42,00096 37,72984
50,58595 41,82205 37,73785
54,00391 42,69791 37,85133
49,56055 41,62979 36,8433
52,29493 42,48962 37,88204
50,58595 42,15317 37,08363
48,53517 41,2159 36,72047
53,66212 43,17589 38,85269
51,78223 42,0784 39,03828
51,95313 42,31606 37,01019
49,56056 41,9262 38,21984
53,83301 41,86745 38,06229
49,21877 41,94489 38,04893
50,75684 42,09976 38,65509
52,80762 42,03033 37,8273
49,21876 41,35742 37,10632
49,73147 41,81404 37,96482
50,41506 42,01698 37,98885
49,04786 41,29601 37,3373
50,41503 42,21992 38,47084
48,36426 41,58707 37,21313
49,38964 41,54968 37,82196
48,36426 41,64314 37,40406
49,38966 41,81671 37,79659
50,07327 41,72593 38,02223
53,66212 41,55769 37,3827
49,56056 41,58974 38,25188
49,90234 41,32004 37,10766
48,02247 40,71655 35,38532
49,04787 41,39214 37,31594
49,38965 41,23726 37,71248
49,21874 41,44821 37,08496
49,90234 41,17851 37,19845
49,21875 42,04102 38,39607
52,12403 41,9529 37,5576
52,80764 41,72058 37,55093
49,21875 40,79132 36,376
46,99707 41,72859 36,85265
50,58595 41,68854 37,61768
50,58595 40,72189 35,84461
50,24416 41,60843 37,32929
51,26954 42,14516 38,51223
52,80764 41,57906 38,04493
54,34571 41,50696 37,60834
48,36426 42,13181 38,91411
50,75686 41,53099 37,4548
49,56057 41,66718 37,65507
54,3457 41,92886 37,53891
50,92774 41,8087 37,88605
51,26954 41,4856 37,40139
50,41504 41,80603 37,49886
50,75684 42,02766 38,24654
52,63674 41,96358 37,61501
54,51662 42,20123 37,94613
49,38964 41,86745 36,24649
55,2002 40,77263 36,10897
55,37111 41,70456 37,31995
52,80763 41,87813 38,20381
50,75684 42,46025 37,51488
48,02247 41,13846 37,27856
51,78222 41,64314 37,14905
49,56055 41,60576 38,25855
54,00392 41,85143 38,46416
52,29494 42,05971 37,86602
46,99708 40,90614 37,42275
52,12403 42,34543 37,62035
51,78223 41,52565 37,65507
49,90236 41,54701 38,01823
51,26954 42,59911 38,25455
50,75684 41,83273 38,23719
49,56055 41,22925 37,39872
53,49123 42,29202 38,13705
51,44043 41,75529 37,54559
47,50977 41,76064 37,68711
52,29494 42,29202 37,94079
52,29493 41,68854 38,18913
48,36425 41,85143 38,30929
50,75684 42,10243 38,40008
55,2002 42,58041 38,72185
51,78223 41,86211 37,09431
47,50977 41,64047 37,46948
48,53518 42,17186 38,09166
54,51661 42,68456 38,98621
53,83301 42,16385 38,35201
49,56057 42,6445 38,10234
52,63672 41,67519 38,13972
48,70605 42,01698 37,85534
53,66211 43,07442 38,39073
50,58594 41,84608 38,21983
47,50977 42,37747 39,21185
50,92774 41,92352 38,58433
46,99708 42,01698 38,31463
53,32033 41,37612 37,71648
51,61134 42,53769 37,13303
53,83301 42,11044 38,1691
48,87697 42,4736 38,77659
52,12402 42,27867 38,55762
50,41504 42,2039 37,63771
48,53518 41,70723 36,9688
55,0293 41,91285 37,97016
49,21876 41,74461 37,5042
47,33887 41,09039 37,7739
52,46581 42,40417 37,43744
49,38965 42,65251 38,34534
52,12405 42,0517 38,40141
50,92773 41,85143 38,37872
48,70605 41,16516 37,76321
49,21877 41,70189 37,7779
49,73146 42,11311 37,86869
48,36425 41,96091 36,96346
47,50978 41,98494 38,09433
49,38966 42,47093 38,19981
53,833 42,81006 38,66177
52,12404 42,2493 38,61637
51,26954 42,13715 38,07964
49,38965 42,43889 38,58433
50,07324 41,53366 37,39071
48,70607 41,64314 38,03692
51,44045 41,62712 38,03959
55,02931 42,62581 39,19449
49,90234 41,75262 38,58967
49,38965 41,83006 38,43346
51,09865 42,04903 37,75921
48,87695 42,13982 38,35869
49,73144 41,68854 37,90874
48,19337 42,14516 37,58564
49,04785 42,21992 38,19046
47,68068 41,64047 37,61368
52,63674 42,66052 38,82599
52,29493 41,86211 37,72182
55,20021 42,15317 37,74319
49,21875 41,23993 38,097
49,38966 42,33742 38,72852
51,26953 41,60309 37,78458
48,87695 41,40015 38,22651
53,49121 42,95425 38,68313
50,41504 42,60178 38,89675
49,90235 41,96358 38,01155
48,53516 41,23726 37,30659
49,90236 40,92216 37,74452
51,26953 42,08107 37,62035
51,78223 42,29202 37,72717
51,78223 42,59109 37,78324
53,49121 41,39481 37,41875
53,66214 42,02766 36,67774
55,37109 42,77535 38,87539
52,63674 41,92352 38,35068
51,44044 42,59377 38,50689
52,46582 42,26265 38,10768
49,04786 42,49763 38,72318
47,50979 42,08374 38,01155
53,14943 42,02766 38,40942
51,78224 41,98227 37,33063
51,09863 42,45224 38,60035
50,07325 42,34276 37,5536
50,07326 42,19322 38,40408
50,41504 42,35077 37,89806
49,56055 42,66586 38,74187
51,26954 42,6178 38,54961
51,78223 42,84744 38,83801
56,39651 42,66053 38,49755
50,58596 42,64984 38,28392
50,75686 42,48963 38,42144
51,78225 42,04102 37,83798
54,17482 41,80603 38,55629
50,07325 42,09709 38,12771
52,46584 42,41753 38,03558
52,46581 41,92619 38,06496
53,83303 41,6111 37,75921
51,78223 42,6899 37,88471
50,24414 42,3481 38,00087
48,87695 42,71927 38,60703
49,90234 42,24663 37,76722
49,90236 42,73262 38,44147
50,58595 42,49763 38,25722
52,63673 42,29202 38,64574
50,07326 42,91954 37,07161
54,17481 42,05437 38,01556
51,61134 43,34679 39,36138
53,14941 42,13181 37,17842
53,66212 43,51768 38,27724
50,75685 43,02101 38,67245
51,95313 42,43622 38,18512
49,04784 42,00096 38,63373
49,56057 41,84074 37,38403
56,90919 42,68723 38,34
51,26955 41,97426 38,12504
51,78223 42,23595 38,06896
52,97853 42,47894 38,16109
51,95313 41,64581 38,02223
49,56055 42,13715 37,90607
51,44044 42,2226 37,50954
51,61133 42,46559 37,81929
56,0547 43,19458 38,57499
48,70608 41,7366 37,52689
49,38965 42,96227 38,81664
50,24416 42,12914 38,15575
51,26954 43,08777 38,51223
51,44043 42,53502 38,69247
53,32032 42,08374 38,10368
50,75686 42,64984 38,6898
53,49121 42,61246 38,03158
49,90233 42,7433 38,43746
50,92775 42,36412 38,22384
55,02932 42,37747 37,80727
51,44043 42,29736 38,20648
56,0547 42,49496 38,24654
46,48437 41,57906 37,43343
50,07323 42,42821 38,40809
53,49122 42,6712 38,71784
53,14941 42,89551 39,49623
52,63673 43,07442 38,37204
47,68068 41,69121 38,36269
48,02247 42,15851 38,44547
50,24415 42,23061 38,36269
50,58594 42,69524 38,79662
52,12403 42,89017 39,34669
51,09864 42,56706 38,83934
50,24414 41,86211 37,15305
52,12403 43,07442 38,76591
52,29493 41,9796 37,80727
52,12404 43,14118 39,06231
52,29492 43,20259 38,46817
53,66215 42,67654 39,36939
52,29493 42,26799 38,18111
51,95312 42,60178 38,80863
53,49122 43,27202 39,34135
55,542 42,5457 38,24921
48,36427 42,71927 38,73653
49,56056 42,33742 38,73386
52,63673 42,42287 37,97016
49,90235 42,50832 38,6364
50,24415 42,21191 38,23452
51,61135 42,22527 37,80193
53,83301 41,71791 37,11033
50,24416 42,17987 38,12771
54,68752 42,97295 38,93147
48,87695 42,30003 38,07964
50,41505 42,42821 37,63905
49,04785 42,32941 38,45749
50,92773 41,72859 38,36002
50,75684 43,33878 39,01024
52,97851 42,30003 37,25185
49,90235 42,64183 38,3894
51,95313 42,94891 39,0276
59,13086 42,82608 38,13171
50,24415 42,08107 38,62972
50,92775 41,91284 37,44678
49,56055 42,53235 39,46285
51,78223 43,27736 38,67913
50,75685 43,6779 39,41879
53,83301 43,4803 38,69781
51,44043 43,26668 38,58967
49,90234 42,11044 38,12504
52,97852 42,23595 37,59632
48,87698 42,26799 38,01155
49,90235 42,68188 37,9528
50,92773 41,95023 38,10635
48,87696 42,19856 38,36002
48,87696 41,81938 37,52422
53,32031 41,75797 38,14106
53,66213 43,1839 38,6097
50,41506 42,91687 37,84599
54,00391 43,00766 39,11171
50,92774 43,31474 38,99689
50,58595 42,87682 38,10768
51,78224 42,21993 37,38003
51,44043 42,85278 38,07964
50,24415 42,83409 38,7846
55,20018 43,01834 38,4922
50,41503 43,39752 38,63373
53,83301 42,02232 38,05695
50,75686 43,16254 39,51359
51,61134 42,73529 38,71918
50,07326 42,31606 39,09168
51,78223 42,31339 37,93411
51,09865 43,13583 38,99956
51,78224 42,12646 38,11703
51,09864 43,85681 39,68449
51,61134 42,70859 38,32397
48,70605 42,69524 38,80997
50,07325 42,03568 37,98084
52,46582 42,56172 38,50288
51,26954 43,29605 39,33201
52,80762 42,8154 38,44948
52,63673 43,83545 39,33468
51,44043 42,88483 39,45351
52,29492 42,75932 39,35871
53,32034 42,85011 38,60302
49,73145 42,28935 38,52158
48,87695 41,82472 38,08098
50,75683 42,43889 38,06496
49,73145 42,39349 38,70049
48,53516 42,38014 38,06496
51,44043 42,49763 38,6631
52,97852 42,23328 38,60168
51,44043 42,39349 38,35068
50,07325 43,12248 38,62438
54,3457 42,19055 37,29591
51,09863 42,4736 38,68179
49,90233 42,31606 37,79125
45,80078 41,58173 37,10499
49,56054 42,54837 38,38806
54,5166 42,14783 37,43877
50,41505 41,92352 37,88471
53,6621 43,1839 39,03294
51,78223 42,40951 38,03024
54,68751 42,79938 38,45348
51,78223 42,20924 38,03425
48,70607 42,46559 38,16776
49,38965 42,43355 38,4161
50,75684 43,2373 38,8607
48,87695 42,1505 38,42945
51,26954 41,99028 38,55362
49,56055 42,62047 38,63239
49,04784 42,60445 38,06896
49,38965 41,62979 37,45213
53,32034 42,86346 37,85
54,17481 43,12782 38,77392
50,41506 42,71126 38,59634
52,63673 42,79671 38,62972
52,12403 42,56172 37,65106
52,97851 42,5457 38,76858
50,92774 43,1572 38,77926
53,14941 42,53235 38,87672
51,95312 42,39349 38,48419
51,09864 42,74597 37,96082
51,95314 42,37213 38,11703
52,46583 43,21861 39,38141
48,87695 42,60445 38,43346
50,58596 42,92488 38,31329
52,12405 42,60445 38,66577
54,00391 43,01834 39,43081
52,97853 41,76064 37,94346
51,61133 41,90216 37,96616
52,80762 42,5724 38,42812
53,14942 41,78467 38,06896
51,09863 42,62314 38,7392
54,85839 42,26799 38,16643
50,75685 42,48162 38,50288
50,92773 41,45088 37,85133
49,38966 42,10778 37,0863
50,75685 42,37747 38,38406
49,04787 42,67922 39,15043
53,833 42,76733 38,82599
53,14942 43,10379 39,45217
49,04786 42,82074 39,17713
53,14943 42,17186 37,70981
55,0293 42,17186 37,48684
49,73145 42,58842 38,87539
50,07325 41,92085 37,44011
49,21875 42,19589 38,76991
51,09864 43,22662 39,43214
50,07327 42,55638 38,52425
50,75686 43,60847 39,40144
49,73145 41,82205 38,21049
50,58595 42,38815 38,38406
52,63673 43,18123 38,87405
54,6875 42,45491 38,76457
48,53516 42,10243 38,34801
49,04785 42,5724 38,45215
51,61135 42,36145 38,48286
51,26955 42,24129 37,42142
56,39648 42,48428 38,69915
52,63673 42,62047 37,63371
51,61132 42,34009 38,46149
49,38965 42,11578 38,89275
55,20021 42,90619 38,88206
49,38964 42,39082 37,91409
51,09865 42,80205 39,07433
56,2256 43,31741 39,00623
52,63672 41,9529 37,21714
53,32034 43,62984 39,73255
50,41504 42,57774 38,51223
48,36426 41,84074 37,9488
49,73145 42,4202 38,37738
51,44042 43,00232 39,00757
51,26954 42,35344 38,26256
55,0293 42,44423 38,26256
49,90234 42,25731 37,55894
49,38966 43,29872 39,70318
51,44044 42,8688 38,81397
53,66212 42,46827 38,91812
51,44043 41,95557 37,56161
50,92773 42,83142 38,47885
50,75684 42,59377 38,98621
50,58593 43,13583 38,74855
49,73145 42,76733 39,06898
51,44046 43,38684 38,71384
50,24414 43,17055 38,72852
49,56055 42,276 38,66978
50,24415 42,97295 38,35335
49,38968 42,54036 38,07564
53,49122 42,95425 38,49888
50,24414 42,27066 37,50954
49,56056 42,99698 38,68313
53,83303 42,53502 38,59234
54,34572 42,91954 38,68847
52,12403 43,73398 39,09836
49,04786 42,08908 37,9488
52,80762 42,3214 38,17177
52,97852 43,46695 39,20918
50,07325 42,83943 38,78994
50,75684 42,9142 38,23052
51,78223 41,11443 37,09965
52,63675 42,29202 37,83264
49,73145 42,43889 37,71248
50,24416 42,98897 38,96485
49,21876 41,63513 37,28123
52,46582 43,25066 38,59634
50,41505 42,3214 37,85534
51,61134 43,43491 39,43081
54,0039 42,16652 38,02624
52,63675 42,13181 37,47749
49,21875 42,77 39,28795
49,38965 42,09709 38,65509
49,38965 42,23595 38,00488
53,14943 42,01698 38,47885
49,38965 42,13181 37,80594
54,00391 42,97562 38,84602
54,3457 42,63649 38,36803
51,78222 42,8875 38,4161
55,02929 42,70325 38,65376
51,26954 43,15453 39,24522
49,73145 42,76466 38,35602
51,26956 42,61513 38,55095
51,78223 41,89148 37,69779
54,1748 42,82875 38,26122
52,63671 43,39752 39,66579
49,38968 42,22527 38,86337
50,92772 42,75131 38,46283
51,95314 43,15987 38,03425
52,63675 42,32674 38,06229
51,44043 43,03703 38,30662
50,07325 43,06374 38,82733
56,2256 43,04237 38,48419
48,36426 43,36548 39,41078
50,07325 42,58575 39,10103
49,56055 41,95824 38,33065
49,21875 42,09442 37,49352
52,97852 42,56172 38,21449
51,09863 42,71927 38,62839
50,41503 42,89017 38,86871
53,66212 42,46827 38,34267
54,51661 42,08107 38,15174
56,56739 42,86613 39,38141
52,12405 43,19458 38,94081
48,36427 41,64314 37,27188
50,58594 42,17453 38,11035
48,87696 43,1385 39,11438
56,2256 42,9142 39,78729
53,49121 43,49632 38,67512
50,92775 42,36412 38,19981
52,97851 43,51768 39,42814
51,26953 42,62314 38,69514
49,56055 42,34543 38,72185
49,21875 42,74331 37,92343
51,95314 42,45491 37,56962
51,09865 43,36815 38,99021
53,49121 42,67654 39,0276
52,63673 42,5457 38,34133
48,53516 42,41486 38,91544
52,46582 42,62848 37,81929
50,92773 42,11044 37,38003
51,09865 42,20657 38,0476
49,56056 42,2493 37,1397
55,7129 42,48161 39,05163
55,20021 43,17589 38,57632
51,09865 41,96625 37,90207
54,51661 43,27202 38,98754
52,46584 43,10913 39,21585
51,26954 42,3481 37,9755
52,46583 43,32542 38,91277
50,92773 43,06107 38,72719
53,32032 43,71262 38,98621
49,56057 42,29736 37,94346
54,3457 42,78603 38,09166
48,70605 42,34543 37,99286
53,32031 42,74063 38,05561
48,19337 42,02232 37,19845
55,0293 43,12248 38,89809
47,85157 42,02499 37,49084
49,56055 42,3027 38,01289
50,75684 42,48428 37,99152
52,97853 43,09845 37,83798
51,26955 42,15851 38,55762
56,0547 42,99164 38,30929
51,26954 42,40952 38,21583
52,46582 42,56172 38,91678
54,3457 42,9142 38,68446
49,38966 42,32407 38,14106
52,63671 42,21191 37,8006
54,34571 43,08243 39,03961
49,56056 42,99965 39,00089
50,92774 42,82608 37,54425
52,63671 42,74597 37,61101
49,90235 42,97829 39,0583
52,46582 42,52167 38,42812
53,66212 43,16254 38,05962
53,14942 43,68858 39,65244
54,00392 42,27333 37,17175
50,75685 42,88216 39,47754
49,38966 42,17987 37,15706
50,75684 42,94624 39,34669
52,29494 43,13049 39,23454
47,50977 42,06505 37,81929
51,09863 42,89551 39,01291
54,17482 43,10379 38,67111
48,53517 41,72058 38,74454
48,19337 41,15715 37,16106
49,90235 42,79137 38,99422
50,58595 41,94489 37,47616
52,12403 43,16521 39,43214
53,49121 42,04369 38,03692
53,32032 42,42287 38,48286
53,49122 42,16919 37,8046
51,44042 42,83676 38,51891
51,26953 42,18254 38,28125
50,41505 42,89551 39,22787
53,32032 43,20527 39,23588
49,73146 42,17186 38,38272
50,58595 42,30537 38,14507
49,04788 42,88483 37,78324
49,21874 42,05971 38,43079
52,80761 42,62848 38,12504
53,32032 42,65251 38,80196
53,32031 42,99164 38,7392
48,87697 42,49496 38,21449
50,58595 41,98494 37,58163
48,19336 42,21725 38,74722
49,21876 41,78467 37,77523
50,24414 42,28935 38,38005
50,92774 42,63115 38,67378
52,63672 42,78068 39,06097
52,29492 42,63916 37,73518
55,54198 42,76466 38,55629
50,92773 42,55905 37,98084
48,70605 42,30003 38,41209
49,38966 42,30804 38,70049
54,6875 42,13715 37,98618
48,70605 42,85011 39,04495
54,34571 41,69922 37,70714
50,41503 43,17856 39,04362
50,24415 42,92221 38,97018
51,61133 42,95692 38,45749
52,97852 42,69791 38,38139
49,56055 42,84744 38,84735
47,50977 42,11845 38,01689
51,44042 42,39616 38,56831
50,75683 42,87148 38,52158
52,46582 42,41753 37,78191
50,07323 41,70189 37,82063
52,97851 42,84477 38,35201
46,99707 41,48827 37,89005
50,75684 42,25998 38,90209
53,14942 42,92488 38,01956
51,26955 43,33077 39,30264
52,29492 42,07573 38,14507
50,75685 43,41354 39,11572
50,75684 43,11981 39,8407
52,97852 42,72995 38,74722
55,02932 42,7887 38,86738
53,32031 42,73529 39,14509
57,25098 43,36548 39,23054
48,19336 42,59911 38,49888
49,21877 42,36946 38,56297
48,70607 42,21725 38,08231
50,41505 42,65518 38,54961
53,14944 42,47627 37,8994
48,70607 41,81137 38,55362
50,24415 42,38281 38,08365
50,75683 43,09044 39,40544
49,38966 42,57507 38,8834
49,56055 42,68456 39,01558
52,63672 43,0584 39,64043
51,61135 41,19186 37,32262
53,83302 43,39219 39,2292
50,24414 42,86079 39,18648
52,12403 42,57507 38,37337
54,5166 42,82875 37,98485
50,07324 42,21458 37,78858
52,63673 43,04771 37,83798
51,61133 42,85011 39,1037
48,36426 41,61644 37,22382
50,58596 42,76466 39,23454
51,26953 43,65654 38,9782
48,87696 43,29872 39,40678
51,09863 42,68723 38,17577
49,38963 42,38281 37,89005
52,80762 43,22128 39,34269
48,36425 42,34276 38,52692
48,36427 42,06772 38,1918
53,32032 42,90619 38,02357
49,38966 42,60979 39,0049
53,83301 43,31208 38,94482
51,09863 41,85143 37,1664
52,46581 43,00766 38,49621
52,97852 42,74864 37,99686
52,63671 42,49496 38,43346
57,93457 43,74733 39,57233
52,80761 42,97829 38,94215
49,38964 42,53235 38,48019
49,90234 42,75398 38,89809
49,90235 41,94489 38,69381
55,37111 43,77136 39,63375
50,92772 42,55905 37,81528
51,78222 43,05573 38,93547
52,29494 43,40554 39,07433
51,95314 43,2827 39,46819
51,61133 42,39616 37,9261
52,80763 43,30139 39,24923
51,44044 42,69524 38,85136
49,04785 42,66586 38,74855
52,97852 43,34145 38,81531
50,07325 41,74995 38,03558
52,80763 43,01567 38,56297
49,21877 42,82608 38,07564
52,63673 42,79404 38,4161
50,92773 43,00499 38,55762
51,26954 42,55104 38,56163
50,92774 43,31474 39,05163
49,90234 42,26532 38,61504
50,75684 42,68189 38,34133
49,56057 42,96227 38,3173
51,95314 42,70859 38,00888
51,26953 42,67387 38,47218
50,58594 42,98363 38,57899
50,24414 42,69791 38,98087
50,58595 43,00232 38,6898
49,73143 42,57774 38,83266
52,80763 42,81807 39,20517
51,09864 43,21328 39,12506
51,09864 43,57643 39,6244
50,07325 42,14249 39,08501
50,92773 42,44957 38,91411
51,78224 42,91153 38,38806
52,80762 42,00096 37,78858
52,29491 42,4469 38,08098
49,21875 43,16254 38,66444
51,09864 42,45224 38,67512
51,26954 43,03703 39,11572
54,00392 42,60445 38,66043
47,50977 41,27998 37,39605
49,21876 42,15317 38,32531
50,75684 42,85011 38,88073
50,92774 42,35077 37,89539
49,56056 41,83807 37,9755
50,92773 41,91818 37,8273
53,32032 42,66319 38,31329
52,80762 43,90488 39,12239
51,95313 42,86346 38,96885
50,41504 42,75398 38,75656
50,41505 43,72063 39,12907
53,66213 43,58979 39,52293
51,78223 43,46161 39,12373
51,09865 41,96892 37,33196
50,58595 42,31339 38,40809
50,92773 42,58041 38,46016
51,44044 42,59377 38,78994
48,19336 42,26799 37,60166
50,58596 43,44025 39,39075
50,41504 42,78069 38,60168
53,14942 42,50832 38,17444
55,54201 42,59109 38,68179
49,21875 42,75131 39,15977
54,68751 42,8154 38,35335
51,78223 42,66854 38,71651
50,07324 43,15987 39,25991
51,44044 42,40685 37,91142
51,78223 43,67256 39,47086
51,78223 43,38417 38,45882
54,3457 43,13049 37,74719
51,44042 42,93556 38,62972
52,46582 42,36946 38,71384
53,49122 42,1772 38,76858
52,46584 42,88483 39,28795
56,3965 43,15987 37,854
53,32032 43,54706 39,32667
50,24414 42,66853 38,33065
52,97851 42,25197 38,46416
55,20021 42,54303 37,38136
51,44044 41,81938 37,97283
50,75685 42,92488 38,84735
52,12405 42,14783 37,80994
51,26954 42,23328 37,79793
53,14941 42,6178 38,72318
52,46584 42,39082 38,93681
48,70606 42,6178 38,12237
54,51662 43,0397 39,45217
51,09866 42,83142 39,13441
51,95314 43,31474 38,85002
54,85842 43,21328 39,28661
50,07325 42,83943 38,33866
51,44043 42,96227 39,4228
