0,4069011 0,2431872 0,1470248
0,6103516 0,2463662 0,1438459
0,6103516 0,2400083 0,1430512
0,8138021 0,2495451 0,1502037
0,6103516 0,2336504 0,1343092
0,6103516 0,2479557 0,1589457
0,6103516 0,2574924 0,1589457
0,4069011 0,2479557 0,1525879
0,4069011 0,2447767 0,1446407
0,6103516 0,2463662 0,1509984
0,6103516 0,2463662 0,1374881
0,6103516 0,2686186 0,1700719
0,6103516 0,2447767 0,1533826
0,6103516 0,2638502 0,1629193
0,6103516 0,2559029 0,1653035
0,6103516 0,2447767 0,1509984
0,8138021 0,2495451 0,1478195
0,4069011 0,2463662 0,1573562
0,6103516 0,2590819 0,1700718
0,6103516 0,2495451 0,1645087
0,6103516 0,2400083 0,1533826
0,6103516 0,2415978 0,1581509
0,4069011 0,2336504 0,1525879
0,6103516 0,2479557 0,1573562
0,4069011 0,2352399 0,1613298
0,6103516 0,2431872 0,149409
0,6103516 0,2447767 0,1629193
0,6103516 0,2431872 0,1573562
0,4069011 0,2336504 0,1478195
0,6103516 0,2622608 0,1605352
0,6103516 0,2447767 0,1581509
0,6103516 0,2543135 0,1684824
0,6103516 0,2559029 0,1645088
0,6103516 0,270208 0,1708666
0,6103516 0,2638502 0,1764296
0,6103516 0,2733869 0,181198
0,4069011 0,2447767 0,1565615
0,6103516 0,2590819 0,1804032
0,6103516 0,2543135 0,1708665
0,6103516 0,2527241 0,1660982
0,6103516 0,2622608 0,1788138
0,6103516 0,2511346 0,1605351
0,6103516 0,2606713 0,1660982
0,6103516 0,2543135 0,1756349
0,6103516 0,2447767 0,1613298
0,6103516 0,2527241 0,1573562
0,6103516 0,2654397 0,1732507
0,6103516 0,2765658 0,186761
0,6103516 0,2527241 0,1804032
0,6103516 0,2654397 0,1819927
0,6103516 0,2463662 0,1629193
0,6103516 0,2574924 0,1653035
0,6103516 0,2479557 0,1748402
0,6103516 0,2622608 0,1788138
0,8138021 0,2654397 0,186761
0,6103516 0,2574924 0,1668929
0,6103516 0,2765658 0,1931188
0,6103516 0,2447767 0,1740454
0,6103516 0,2590819 0,1843769
0,6103516 0,2717974 0,1907347
0,6103516 0,2543135 0,1772243
0,6103516 0,270208 0,1788138
0,6103516 0,2622608 0,1827874
0,6103516 0,2765658 0,1875557
0,6103516 0,2590819 0,1804032
0,6103516 0,2511346 0,1676876
0,8138021 0,2543135 0,1708665
0,6103516 0,2606713 0,1819927
0,8138021 0,2717975 0,1819927
0,6103516 0,2670291 0,1883505
0,8138021 0,270208 0,1843769
0,6103516 0,2622608 0,1843769
0,6103516 0,2717974 0,1891452
0,6103516 0,2686186 0,1915294
0,6103516 0,2559029 0,1732507
0,6103516 0,2717974 0,1819927
0,6103516 0,2908706 0,1978871
0,6103516 0,2686186 0,195503
0,6103516 0,2717974 0,195503
0,6103516 0,2638502 0,1843769
0,6103516 0,270208 0,1883505
0,8138021 0,2733869 0,1883505
0,6103516 0,2590818 0,1780191
0,6103516 0,3051755 0,2113973
0,6103516 0,2717974 0,2050397
0,8138021 0,2940495 0,2050396
0,6103516 0,2861024 0,2106027
0,6103516 0,2892812 0,2058343
0,6103516 0,2924601 0,2129868
0,6103516 0,2908707 0,2145763
0,6103516 0,2829235 0,2018607
0,8138021 0,3004072 0,2145762
0,6103516 0,2845129 0,2058343
0,6103516 0,3083544 0,2272918
0,6103516 0,2924601 0,2201393
0,8138021 0,3083544 0,2241129
0,6103516 0,3035861 0,2312654
0,6103516 0,317891 0,235239
0,8138021 0,3083544 0,2336496
1,017253 0,3210699 0,2296759
0,8138021 0,2845129 0,2177552
0,8138021 0,3210699 0,2328548
0,8138021 0,2972284 0,2217288
0,6103516 0,3147121 0,2376231
0,8138021 0,3369643 0,2423914
0,8138021 0,3226593 0,2360337
0,6103516 0,3306065 0,2519282
0,6103516 0,3258382 0,2400073
0,8138021 0,3035861 0,2257023
0,6103516 0,3449116 0,2527229
0,6103516 0,329017 0,2495439
0,6103516 0,3131227 0,2392126
0,6103516 0,3353749 0,2400073
0,8138021 0,3290171 0,2439809
0,8138021 0,3194804 0,235239
0,6103516 0,3321959 0,2415967
0,6103516 0,3131227 0,2408021
1,017253 0,3480905 0,2630545
0,8138021 0,3592168 0,2654389
0,8138021 0,3337854 0,2527229
1,017253 0,3480906 0,2622598
0,8138021 0,3846485 0,2837181
0,8138021 0,3782905 0,2821285
0,8138021 0,3957748 0,2908708
0,6103516 0,386238 0,2845129
1,220703 0,3751116 0,2813338
0,8138021 0,4005431 0,2940497
0,6103516 0,3973642 0,2924603
1,017253 0,4291537 0,3083553
0,6103516 0,4196168 0,30915
0,8138021 0,3894168 0,2908708
0,8138021 0,4196168 0,305971
1,017253 0,4243853 0,30915
1,017253 0,4482273 0,321866
0,8138021 0,4609431 0,3250451
1,017253 0,4752483 0,344119
1,424154 0,4816062 0,3544502
1,017253 0,4657115 0,3496818
1,220703 0,4688904 0,3401453
0,8138021 0,4609431 0,3504764
0,8138021 0,4704799 0,3623973
0,8138021 0,4657115 0,3560395
1,017253 0,4768378 0,3584238
0,8138021 0,4800167 0,3735233
0,8138021 0,491143 0,3830599
1,017253 0,4784273 0,3727286
1,017253 0,4943219 0,3854441
1,017253 0,4831956 0,3790863
1,017253 0,5102164 0,3973649
1,017253 0,508627 0,4013384
1,017253 0,5277002 0,416438
1,220703 0,5388262 0,4196169
1,220703 0,5372368 0,4331269
1,017253 0,5356473 0,4243851
1,017253 0,5340579 0,4275639
1,220703 0,5483629 0,4315375
1,220703 0,5769728 0,4522002
0,8138021 0,5547205 0,4426635
1,017253 0,5960459 0,4601473
1,424154 0,5880988 0,4601473
1,017253 0,5594889 0,4466371
1,017253 0,5912777 0,4712733
1,220703 0,6087615 0,483194
1,220703 0,6341931 0,4951151
1,220703 0,64373 0,4990889
1,424154 0,6548561 0,5054464
1,424154 0,6532667 0,5102145
1,017253 0,6516772 0,5046517
1,424154 0,7073084 0,5475672
1,220703 0,7216135 0,567436
1,220703 0,7247924 0,5706149
1,424154 0,6898245 0,5499517
1,424154 0,7565813 0,595252
1,424154 0,7327396 0,5841258
1,424154 0,7438658 0,5880994
1,220703 0,7629391 0,6159157
1,424154 0,7581708 0,5976363
1,424154 0,7724758 0,6286315
1,831055 0,8376441 0,6779044
1,831055 0,8185704 0,6620101
1,424154 0,8281073 0,6667783
1,831055 0,9028127 0,7160516
1,424154 0,8948655 0,7120783
1,627604 0,9679807 0,7828085
1,831055 1,006127 0,8082392
1,831055 1,023611 0,8328754
1,831055 1,049041 0,871816
2,034505 1,090366 0,9028097
2,034505 1,20004 0,9854623
2,034505 1,241367 1,002152
2,034505 1,32084 1,082421
2,237956 1,387597 1,122159
2,034505 1,374882 1,130106
2,644857 1,538594 1,246136
2,441406 1,554488 1,282691
2,848307 1,626013 1,329579
3,255208 1,748402 1,44561
3,255208 1,859666 1,52588
3,255208 1,921656 1,572769
3,458659 2,120334 1,722971
4,06901 2,234776 1,834231
3,86556 2,291998 1,924037
4,475912 2,49863 2,054375
5,086263 2,675056 2,174375
4,882813 2,891223 2,379418
5,900065 3,091495 2,563792
5,086264 3,202757 2,633731
5,900065 3,635087 2,963542
6,917318 3,822645 3,177325
6,713866 4,15802 3,437995
7,731118 4,688895 3,840923
7,934569 4,833541 4,009404
8,138021 5,2309 4,32968
9,155273 5,540847 4,58161
12,81738 5,852381 4,829569
10,57943 6,159145 5,091031
10,37598 6,489757 5,374748
11,80013 6,885525 5,645754
10,57942 7,066727 5,803903
13,83464 7,661183 6,221136
13,42774 8,047424 6,756782
14,85189 8,465447 7,043679
15,25879 8,813538 7,330575
14,85189 9,425485 8,025965
17,2933 10,09146 8,423332
16,27605 10,09623 8,482934
14,24154 10,5683 8,906528
17,90365 10,6589 9,006653
17,90365 10,96408 9,326139
21,76921 11,23746 9,566149
20,34506 11,57284 9,87053
17,2933 11,49178 9,800592
17,08985 11,65549 9,974643
18,1071 12,46929 10,67003
17,7002 11,90344 10,24088
20,54851 12,65685 10,80513
20,75196 12,50426 10,6891
17,7002 12,41366 10,63426
16,8864 12,26266 10,53889
23,19337 12,78877 10,97282
21,97266 13,04944 11,14606
20,54851 13,29104 11,2931
19,53126 13,03514 11,11428
22,17611 13,30853 11,4425
22,78646 13,44521 11,61178
22,37956 13,93636 11,9408
21,56576 13,66934 11,58476
26,85546 13,78377 11,72781
21,36231 13,4929 11,63403
20,75196 13,87278 11,90742
27,26236 13,75993 11,75403
21,76921 14,04286 12,09497
22,37955 14,16206 12,1061
21,36231 13,7043 11,91457
19,32781 13,69954 11,86292
23,19336 13,82828 11,96861
19,93815 13,13845 11,48224
19,73471 14,06669 12,20385
22,37956 14,28287 12,22531
23,80371 14,8058 12,64174
17,90365 13,6296 11,75007
21,56576 14,01902 12,07431
22,78645 14,18431 12,2571
19,73471 13,8855 12,15458
21,76921 14,72951 12,65685
24,00716 15,1364 12,94057
23,80371 14,95679 12,8142
20,95541 14,34803 12,29127
25,43131 15,19681 13,06534
21,56576 15,45111 13,12416
23,80371 15,30171 13,27435
21,76921 15,16024 13,13369
21,36231 14,65797 12,61632
22,98991 15,62913 13,39754
28,88995 16,00583 13,8084
26,44855 16,15525 13,75596
25,43131 16,16319 13,81954
23,19336 16,65274 14,1263
25,02441 16,76877 14,20737
26,85546 17,38072 14,76288
28,88996 17,10733 14,72713
28,27961 17,46813 14,85745
25,63476 17,12799 14,83997
26,65201 17,57145 14,96235
31,12791 17,4729 14,98938
27,66926 17,62868 15,0609
28,07616 17,50628 15,11733
28,48305 18,00537 15,44793
26,85546 17,67636 15,23495
30,11065 19,0576 16,08372
28,07616 17,73994 15,37006
25,22786 17,69066 15,32793
26,24511 18,2581 15,73801
26,44855 18,6062 15,8604
28,07616 18,49016 15,8143
31,33135 18,23584 15,7396
29,09341 19,02421 16,30465
27,46581 18,95269 16,28955
27,87271 18,77785 16,36823
26,44856 19,34687 16,73301
29,09341 19,0576 16,43976
30,72101 20,02717 17,16773
28,6865 19,08938 16,4493
31,94171 18,39002 15,92398
27,26236 18,97177 16,47632
26,44856 18,85574 16,40877
29,29686 19,04806 16,30704
28,48306 19,37389 16,73698
29,09341 19,17203 16,59632
28,07616 19,65522 16,77433
33,5693 19,20541 16,58359
28,6865 19,57894 17,00481
29,50031 19,92543 17,11606
28,6865 20,22107 17,44112
30,11066 20,504 17,61834
29,50031 20,10504 17,41568
32,14516 21,05236 17,94576
32,95896 21,34005 18,31054
39,06247 22,49558 19,22766
33,9762 21,94245 18,70314
40,69006 22,68473 19,38025
32,7555 22,74036 19,74423
35,80726 22,75785 19,49709
37,63831 23,09004 19,75933
32,34861 23,47151 20,05577
43,74184 23,67178 20,33392
39,6728 23,14886 19,91431
33,16241 23,04553 20,07484
31,94171 23,36819 20,19246
38,65554 23,8339 20,52307
36,62105 24,29008 20,83143
39,67281 23,74808 20,42056
36,01071 24,08028 20,72653
35,6038 23,88636 20,56837
35,1969 24,72718 21,47118
41,50387 25,2978 21,42351
42,31768 24,27419 20,87036
41,70731 24,98467 21,48866
39,06244 24,64931 20,87911
37,23141 25,56164 21,75886
46,59016 25,32163 21,70165
40,48662 25,82867 22,04656
36,62106 26,1561 22,63784
43,33493 26,55346 22,81824
38,65556 27,18766 23,49774
49,4385 27,66608 23,70198
40,28316 27,15269 23,54302
42,11422 27,33389 23,58674
41,09697 27,95218 24,19392
41,70734 28,11273 24,40453
46,18326 29,1554 25,07208
46,59016 27,81073 24,18279
39,06245 27,29098 23,70278
42,31768 28,51168 24,78361
50,25231 29,095 24,89725
41,70732 28,76916 25,04428
42,11423 28,45605 24,84082
43,33493 29,006 25,13964
39,2659 28,56413 24,96163
41,70732 30,04867 25,88351
42,92803 30,02324 25,7937
42,11422 29,87542 26,06311
49,23505 29,69899 25,78655
42,11423 30,0598 26,06551
53,30408 30,32525 26,18947
42,11422 29,88972 25,80324
51,67646 30,15199 26,04325
46,3867 29,94536 26,22366
50,2523 30,51278 26,38339
49,23503 30,31729 26,23796
42,52114 29,79912 26,04564
44,75911 29,89927 25,91133
40,48661 29,3811 25,73173
43,5384 31,73031 27,43641
47,81087 31,18513 26,83082
46,59018 30,41584 26,36193
43,94529 30,27119 26,19345
45,77636 30,77028 26,76248
41,30042 30,6924 26,76645
45,77637 30,96738 26,9095
43,13148 31,16606 27,39507
48,82812 31,66197 27,32912
42,72458 31,94807 27,829
45,57291 30,39358 26,94685
41,09697 31,98145 27,60568
46,38671 32,64901 28,58478
47,60743 32,51393 28,3742
43,74184 32,54412 28,39565
47,81087 32,69194 28,09762
49,03157 31,57773 27,88861
45,5729 32,95897 29,01553
42,31768 32,71579 28,60704
49,03159 33,06386 29,22295
45,16601 33,05751 29,0958
44,75912 32,25801 28,39642
59,00075 34,42287 30,05822
52,28682 33,44694 29,65212
49,0316 33,46122 29,33978
54,72823 34,80275 30,27518
51,26955 35,0014 30,90778
44,75909 34,44828 30,64711
46,59017 35,41786 31,21295
48,82813 36,64173 32,09429
52,49028 36,98663 32,20319
51,67645 36,72757 32,08796
57,77998 36,64333 31,92026
50,04885 36,93421 32,41935
50,45575 36,27457 31,72714
48,42124 36,47484 32,46146
52,08336 36,38742 31,78992
54,9317 36,25391 32,06968
50,2523 35,83271 31,7049
63,68013 36,5575 31,95366
49,23504 35,96622 31,91391
61,23871 37,77343 32,67447
53,71098 36,30478 32,01962
52,49027 37,33952 32,75632
55,33859 36,43829 31,92661
48,82813 37,47459 33,17911
54,93171 35,47986 31,30516
48,42123 36,0918 31,99258
55,7455 37,93079 33,17275
49,03159 36,63697 32,43525
53,91443 37,81474 33,10997
46,79361 36,61313 32,21988
55,3386 36,56703 32,3971
53,10063 37,30453 32,30014
60,018 38,08178 33,62575
52,69373 37,48893 33,22918
48,01434 37,09792 32,93991
51,87991 36,71326 32,18491
55,94895 38,06907 33,22839
51,0661 36,48915 32,48134
58,39038 38,35516 33,59713
46,59018 36,63538 32,44001
51,67646 37,46825 32,9256
50,45576 37,51752 33,17514
54,32133 38,25502 33,79105
53,71098 37,6272 33,40084
48,62469 37,56997 33,17114
55,94897 38,13741 33,44057
56,35585 38,01344 33,38972
58,79726 37,59541 33,17196
54,52478 38,40763 33,70603
54,32133 38,09925 33,12904
51,06612 38,21369 33,81012
52,69371 37,41898 33,137
53,50753 37,12652 32,25802
50,45575 37,84653 33,18386
50,6592 38,0023 33,58203
59,81455 37,55407 33,08215
47,60741 37,44122 33,10678
50,65922 37,52865 33,22839
53,10063 37,81474 33,04877
49,03159 36,71643 32,41059
48,42123 36,91194 32,82148
60,8318 38,32019 33,5558
54,9317 38,58245 33,83078
50,25229 37,80681 33,44535
52,49027 37,57157 33,04481
53,10063 37,61449 33,30309
54,72825 38,67146 34,03503
53,30408 37,98799 33,46679
50,86266 38,43622 33,91025
59,61108 39,18168 34,4308
52,69373 38,92259 34,02391
49,64195 37,99275 33,57806
51,8799 38,46641 34,08111
54,9317 38,42828 33,81093
55,94896 39,31042 34,41172
49,64194 37,92601 33,91187
51,473 38,00548 33,87766
48,82815 37,18372 33,24108
50,25229 38,83835 34,22337
56,96622 38,63651 33,91027
53,71096 38,9814 34,50631
55,33858 39,09904 34,33783
51,47301 37,89581 33,71953
60,4249 38,18509 33,79343
56,35585 38,09449 33,87609
55,54205 38,50299 34,13676
50,86264 39,01797 34,37438
65,71462 39,77454 34,92196
51,06612 39,27227 34,38392
61,64563 39,52816 35,1254
57,98346 39,87946 35,2613
56,96622 38,82723 34,31318
55,13515 40,06224 35,08328
66,12154 39,59017 34,67082
53,71098 39,93666 35,08248
55,74548 38,66034 34,20032
54,32134 39,80474 34,69465
51,67646 38,73663 34,51426
60,4249 39,28341 34,80591
50,65921 39,80634 35,34394
56,76276 38,75728 34,27425
60,62833 40,25775 35,60065
55,13515 38,93848 34,76855
49,23502 39,83971 35,25971
52,89716 38,6492 34,51664
63,68011 40,46119 35,46792
