0,8138021 0,3798801 0,286897
0,8138021 0,4402801 0,3298136
1,017253 0,464122 0,3457083
0,8138021 0,4752483 0,3552449
0,8138021 0,4577642 0,35445
0,8138021 0,4943219 0,3862388
1,017253 0,4895535 0,3830599
0,8138021 0,5006798 0,388623
1,017253 0,491143 0,3886229
0,8138021 0,5133952 0,4045172
1,017253 0,5340579 0,4259745
1,220703 0,5753832 0,455379
1,220703 0,5960459 0,4736573
1,220703 0,6326036 0,4959098
1,220703 0,6882348 0,5237246
1,424154 0,7279713 0,5626674
1,627604 0,769297 0,6079682
1,424154 0,8185704 0,6381684
1,627604 0,8694338 0,6747262
1,627604 0,9648019 0,7287678
1,424154 0,9489076 0,7462515
1,627604 1,001359 0,7708869
2,034505 1,014074 0,7637346
2,441406 1,101492 0,8217482
5,696615 1,207987 0,9051948
5,900064 1,238187 0,9020161
6,306965 1,373293 1,003743
4,882813 1,354219 0,990232
6,510417 1,435281 1,070499
4,882813 1,535416 1,103879
6,917316 1,63555 1,172226
6,510417 1,742044 1,254082
5,289714 1,913706 1,372495
6,103516 2,094906 1,509191
5,696616 2,285637 1,63873
5,900065 2,60989 1,882712
6,917316 2,698898 1,935958
5,696614 2,889633 2,09411
7,120768 3,285408 2,377827
8,544921 3,496807 2,516109
8,544921 3,739993 2,641678
12,41048 4,178684 2,965132
13,02083 4,464787 3,093879
10,78288 4,695257 3,19481
12,81738 5,175275 3,556409
11,80013 5,447071 3,736019
12,00358 5,648931 3,945033
14,24154 6,608964 4,646782
14,64844 7,212956 5,010765
15,66569 8,122124 5,633829
16,68294 9,452501 6,765525
17,70019 10,93706 8,087953
28,68653 12,50426 9,550258
26,04167 13,2974 10,61836
23,19336 14,65162 11,85258
29,09343 15,45747 12,63936
26,04167 16,83394 13,45237
30,31414 17,87186 14,85189
31,53485 18,74288 15,39469
30,11068 20,52308 16,8244
28,07618 20,87116 17,34257
29,29688 21,53873 17,75027
31,94175 22,09823 18,27956
30,11069 23,08051 19,46132
31,94175 23,39999 19,88094
30,92449 24,14227 20,66612
33,56935 24,45063 20,57156
32,959 25,11979 22,21902
30,72104 25,81755 21,87649
40,69013 26,13704 22,43916
33,3659 26,43268 23,02091
34,1797 26,563 22,97799
34,1797 27,72173 24,1367
37,23145 28,00783 24,7542
39,87633 29,09661 25,37488
35,60386 29,11727 25,67767
36,01076 29,34298 25,78021
34,38315 29,89928 26,26578
36,41766 30,18061 25,71344
36,21421 30,31255 26,75852
36,01076 30,78621 27,30449
36,62111 31,46014 27,98876
35,80731 31,87816 28,58005
42,31772 32,51554 29,39702
39,67287 32,80323 29,29847
37,43491 33,08933 29,69344
40,07977 33,62655 29,41211
40,48667 34,34818 30,21717
41,91082 34,60883 30,72182
39,67286 35,03482 31,06833
42,11427 35,39722 31,32661
42,92807 35,90744 32,235
41,70737 36,26982 32,89223
41,30047 36,33817 32,56161
41,09702 36,96127 33,5161
41,30047 37,4508 33,73862
44,75912 37,89426 34,14394
43,13153 37,83704 34,46819
43,13152 38,15969 34,69231
45,16603 38,53323 34,75827
44,35223 39,0037 35,79378
43,94532 38,96714 34,45784
47,40396 39,61246 35,6126
44,96258 40,12585 36,39063
45,36947 40,21804 36,68389
44,96257 40,2371 36,46373
45,16602 41,00005 37,00098
46,99707 41,3243 37,65186
46,38673 41,00959 37,02879
46,38672 41,26869 38,04605
45,77637 41,75822 37,66458
46,79361 42,22232 38,49743
47,20052 42,47349 38,99098
46,79362 42,31135 38,37904
47,20052 42,99958 38,94408
49,03157 43,0298 39,46305
47,60741 43,29522 39,88424
49,23502 43,68147 39,51388
52,08332 43,76252 39,85324
50,45572 43,94374 39,98441
48,82813 44,24731 41,00641
49,03157 44,51116 40,7044
49,03157 44,3856 40,28957
48,62467 44,53341 40,80056
48,82812 44,60654 40,89355
49,84536 45,06589 41,30682
48,82812 44,82906 41,23926
50,45571 45,12627 41,06683
50,25228 45,45053 40,93965
50,45572 45,58244 41,13357
49,84537 45,4823 42,06657
52,28676 46,10061 41,37597
50,25227 45,59041 41,59609
50,25226 45,70483 41,96484
51,06607 46,46777 43,1291
49,64192 45,79067 41,72088
49,64193 46,21664 42,24619
51,47297 46,45982 42,70155
51,06607 46,63786 42,95269
51,06606 46,79522 43,2229
50,86261 46,76181 42,96939
51,26953 46,73799 41,44429
51,26953 47,04792 43,89206
52,08331 47,29589 44,14082
51,87988 47,32609 43,39776
51,26951 47,42621 43,26978
52,69367 47,63445 43,89363
52,28677 47,76796 43,48276
53,10056 48,36242 43,87379
52,89711 48,13512 44,06927
53,10056 48,14147 44,25126
54,52472 48,70098 44,84494
54,52473 48,40214 44,51832
53,91436 48,5007 43,96996
52,08332 48,99978 45,3035
54,72817 49,16191 45,68019
54,32128 49,4353 45,26854
53,91437 49,53543 44,69315
53,10057 49,20641 44,55964
53,10057 49,49569 45,93053
54,11781 49,69597 46,1642
54,32127 49,75316 45,45846
54,32127 49,5704 45,18988
53,10056 49,69278 45,56971
53,71091 49,76908 45,26216
53,50747 49,92802 46,09027
53,50747 49,77544 45,61663
53,50747 49,88512 46,19598
54,11781 50,19664 46,31361
54,52471 49,94551 45,83915
54,52471 50,03452 45,4076
55,54197 50,16803 46,59892
54,52471 50,11399 47,22197
53,91438 50,03612 45,99493
53,91438 50,31427 46,13638
53,71091 50,23639 46,09824
53,10057 50,39214 47,13852
54,93162 50,05519 45,89559
53,50747 49,9614 45,11672
54,72816 50,28882 47,33719
54,32127 50,33812 46,80157
54,52471 50,12035 47,11232
55,54197 50,3095 46,77773
53,50748 50,08061 46,82302
53,50747 50,27929 46,41374
54,72818 50,3985 46,7356
54,72817 50,25227 44,89898
52,89712 50,19347 46,86355
53,50747 50,61467 45,96394
54,72818 50,61628 46,86436
