3,125 1,875305 1,580811
3,125 1,931763 1,618958
2,929688 1,983643 1,649475
3,90625 2,061462 1,732635
3,125 2,085876 1,752472
4,6875 2,215576 1,812744
3,515625 2,227783 1,843262
3,515625 2,256775 1,861572
3,710938 2,243042 1,861572
4,101563 2,380371 1,969147
4,296875 2,420044 1,973724
4,101563 2,485657 2,01416
4,882813 2,418518 1,974487
4,101563 2,507019 2,050018
5,078125 2,719116 2,223206
7,8125 3,009033 2,386475
5,859375 3,300476 2,613831
7,8125 3,790283 2,907562
27,53906 4,606628 3,494263
83,39844 6,362915 4,603577
115,4297 9,153748 6,307983
386,9141 14,77661 9,518433
465,0391 27,40784 16,50238
606,6406 82,4646 45,15991
626,9531 178,5263 95,67413
630,0781 327,626 179,2763
627,5391 472,5128 296,8689
665,0391 553,0502 435,1006
650,5859 579,7699 511,8317
713,8672 595,1904 542,5745
686,7188 607,9727 556,491
695,8984 615,3824 573,4474
690,8203 623,7839 583,5053
717,3828 635,0891 585,953
732,8125 645,2774 610,4279
724,4141 647,6517 610,0723
736,1328 654,364 614,8748
749,6094 657,933 622,9752
734,375 663,7131 624,5553
745,7031 670,7275 635,3622
768,1641 674,6719 641,9937
768,75 679,0024 644,6147
752,3438 667,7261 630,5228
759,5703 682,1518 653,3203
768,1641 685,6949 654,879
768,1641 691,4688 658,8917
768,75 699,8734 664,7173
767,3828 697,3038 667,026
768,9453 702,9312 668,3058
768,1641 705,3329 671,4044
768,1641 705,7999 678,1075
768,75 710,0449 679,0665
768,1641 708,4457 676,1706
768,9453 713,7421 684,5529
768,9453 704,2511 672,5266
768,9453 711,2823 684,3149
768,9453 726,0361 695,0178
768,9453 718,2983 691,9463
