0,6103516 0,09536743 0,04768372
0,3051758 0,10252 0,05125999
0,6103516 0,09536743 0,04768372
0,6103516 0,09298325 0,04649162
0,6103516 0,09536743 0,04768372
0,6103516 0,08821487 0,04410744
0,6103516 0,1144409 0,05722046
0,6103516 0,1382828 0,06914139
0,6103516 0,1120567 0,05602837
0,6103516 0,1168251 0,05841255
0,3051758 0,1001358 0,0500679
0,6103516 0,1072884 0,05364418
0,3051758 0,128746 0,06437302
0,3051758 0,09298325 0,04649162
0,6103516 0,1001358 0,0500679
0,3051758 0,09536743 0,04768372
0,3051758 0,1144409 0,05722046
0,3051758 0,1478195 0,07390976
0,6103516 0,1192093 0,05960464
0,6103516 0,1239777 0,06198883
0,6103516 0,1263618 0,06318092
0,6103516 0,09298325 0,04649162
0,6103516 0,09298325 0,04649162
0,9155273 0,1263618 0,06318092
0,3051758 0,1049042 0,05245209
0,6103516 0,1144409 0,05722046
0,6103516 0,1001358 0,0500679
0,6103516 0,1263618 0,06318092
0,3051758 0,1192093 0,05960464
0,6103516 0,1049042 0,05245209
0,6103516 0,10252 0,05125999
0,3051758 0,09775162 0,04887581
0,6103516 0,1144409 0,05722046
0,6103516 0,1215935 0,06079674
0,3051758 0,07152557 0,03576279
0,6103516 0,09298325 0,04649162
0,6103516 0,1454353 0,07271767
0,3051758 0,09059906 0,04529953
0,3051758 0,1430511 0,07152557
0,6103516 0,09298325 0,04649162
0,6103516 0,1335144 0,0667572
0,6103516 0,1096725 0,05483627
0,6103516 0,1144409 0,05722046
0,6103516 0,1311302 0,06556511
0,6103516 0,08583069 0,04291534
0,6103516 0,1072884 0,05364418
0,6103516 0,1144409 0,05722046
0,3051758 0,1001358 0,0500679
0,3051758 0,09775162 0,04887581
0,6103516 0,1144409 0,05722046
0,3051758 0,1239777 0,06198883
0,6103516 0,1168251 0,05841255
0,6103516 0,140667 0,07033348
0,6103516 0,1144409 0,05722046
0,6103516 0,1144409 0,05722046
0,6103516 0,1382828 0,06914139
0,6103516 0,09298325 0,04649162
0,3051758 0,1144409 0,05722046
0,6103516 0,1382828 0,06914139
0,3051758 0,128746 0,06437302
0,6103516 0,1144409 0,05722046
0,6103516 0,1096725 0,05483627
0,3051758 0,1215935 0,06079674
0,6103516 0,1144409 0,05722046
0,3051758 0,1335144 0,0667572
0,3051758 0,1072884 0,05364418
0,3051758 0,1096725 0,05483627
0,6103516 0,1358986 0,0679493
0,6103516 0,1335144 0,0667572
0,3051758 0,1120567 0,05602837
0,6103516 0,1168251 0,05841255
0,6103516 0,1430511 0,07152557
0,6103516 0,1549721 0,07748604
0,3051758 0,1120567 0,05602837
0,6103516 0,1502037 0,07510185
0,6103516 0,1239777 0,06198883
0,6103516 0,1311302 0,06556511
0,3051758 0,1192093 0,05960464
0,6103516 0,09536743 0,04768372
0,6103516 0,1144409 0,05722046
0,6103516 0,1001358 0,0500679
0,3051758 0,1311302 0,06556511
0,3051758 0,1001358 0,0500679
0,3051758 0,1192093 0,05960464
0,3051758 0,10252 0,05125999
0,6103516 0,128746 0,06437302
0,6103516 0,1072884 0,05364418
0,6103516 0,1382828 0,06914139
0,6103516 0,1144409 0,05722046
0,6103516 0,1239777 0,06198883
0,6103516 0,1215935 0,06079674
0,6103516 0,1072884 0,05364418
0,6103516 0,1192093 0,05960464
0,6103516 0,1239777 0,06198883
0,9155273 0,128746 0,06437302
0,6103516 0,1215935 0,06079674
0,3051758 0,1192093 0,05960464
0,3051758 0,1049042 0,05245209
0,6103516 0,1335144 0,0667572
0,6103516 0,1358986 0,0679493
0,6103516 0,1168251 0,05841255
0,6103516 0,1239777 0,06198883
0,6103516 0,1072884 0,05364418
0,6103516 0,1263618 0,06318092
0,6103516 0,1239777 0,06198883
0,3051758 0,1239777 0,06198883
0,6103516 0,1049042 0,05245209
0,3051758 0,1430511 0,07152557
0,6103516 0,1072884 0,05364418
0,6103516 0,1311302 0,06556511
0,3051758 0,1072884 0,05364418
0,3051758 0,128746 0,06437302
0,3051758 0,1335144 0,0667572
0,6103516 0,128746 0,06437302
0,6103516 0,1239777 0,06198883
0,6103516 0,1311302 0,06556511
0,6103516 0,1335144 0,0667572
0,3051758 0,128746 0,06437302
0,6103516 0,1168251 0,05841255
0,6103516 0,1430511 0,07152557
0,3051758 0,1454353 0,07271767
0,3051758 0,1072884 0,05364418
0,6103516 0,1597404 0,07987022
0,6103516 0,1430511 0,07152557
0,6103516 0,1454353 0,07271767
0,6103516 0,1311302 0,06556511
0,6103516 0,1192093 0,05960464
0,6103516 0,10252 0,05125999
0,6103516 0,1382828 0,06914139
0,6103516 0,1502037 0,07510185
0,6103516 0,1382828 0,06914139
0,6103516 0,1573563 0,07867813
0,6103516 0,1311302 0,06556511
0,6103516 0,1311302 0,06556511
0,6103516 0,1502037 0,07510185
0,6103516 0,1645088 0,08225441
0,6103516 0,1764297 0,08821487
0,3051758 0,1263618 0,06318092
0,6103516 0,1573563 0,07867813
0,6103516 0,140667 0,07033348
0,6103516 0,1430511 0,07152557
0,3051758 0,1430511 0,07152557
0,6103516 0,1263618 0,06318092
0,3051758 0,1478195 0,07390976
0,6103516 0,1502037 0,07510185
0,6103516 0,1358986 0,0679493
0,6103516 0,1382828 0,06914139
0,6103516 0,1382828 0,06914139
0,3051758 0,140667 0,07033348
0,3051758 0,1454353 0,07271767
0,6103516 0,1478195 0,07390976
0,6103516 0,1263618 0,06318092
0,6103516 0,1382828 0,06914139
0,6103516 0,1120567 0,05602837
0,6103516 0,128746 0,06437302
0,6103516 0,1525879 0,07629395
0,3051758 0,1001358 0,0500679
0,6103516 0,1740456 0,08702278
0,6103516 0,1478195 0,07390976
0,6103516 0,1549721 0,07748604
0,6103516 0,1692772 0,0846386
0,6103516 0,1454353 0,07271767
0,6103516 0,1859665 0,09298325
0,6103516 0,1311302 0,06556511
0,6103516 0,1311302 0,06556511
0,6103516 0,1335144 0,0667572
0,6103516 0,1692772 0,0846386
0,6103516 0,1549721 0,07748604
0,6103516 0,1573563 0,07867813
0,6103516 0,1692772 0,0846386
0,3051758 0,1645088 0,08225441
0,6103516 0,1645088 0,08225441
0,6103516 0,1430511 0,07152557
0,6103516 0,1335144 0,0667572
0,3051758 0,1454353 0,07271767
0,6103516 0,1692772 0,0846386
0,3051758 0,140667 0,07033348
0,9155273 0,166893 0,0834465
0,6103516 0,1955032 0,09775162
0,6103516 0,1573563 0,07867813
0,3051758 0,1525879 0,07629395
0,6103516 0,1478195 0,07390976
0,6103516 0,1597404 0,07987022
0,6103516 0,1573563 0,07867813
0,6103516 0,1335144 0,0667572
0,6103516 0,1478195 0,07390976
0,6103516 0,1502037 0,07510185
0,6103516 0,1597404 0,07987022
0,6103516 0,1907349 0,09536743
0,6103516 0,1716614 0,08583069
0,6103516 0,1454353 0,07271767
0,6103516 0,1430511 0,07152557
0,6103516 0,1573563 0,07867813
0,6103516 0,1811981 0,09059906
0,9155273 0,1788139 0,08940697
0,6103516 0,1573563 0,07867813
0,6103516 0,1764297 0,08821487
0,6103516 0,2002716 0,1001358
0,6103516 0,1645088 0,08225441
0,6103516 0,1716614 0,08583069
0,6103516 0,1859665 0,09298325
0,9155273 0,2002716 0,1001358
0,6103516 0,1859665 0,09298325
0,6103516 0,1525879 0,07629395
0,3051758 0,1716614 0,08583069
0,6103516 0,1573563 0,07867813
0,6103516 0,1955032 0,09775162
0,6103516 0,1883507 0,09417534
0,6103516 0,1955032 0,09775162
0,6103516 0,1740456 0,08702278
0,6103516 0,1907349 0,09536743
0,6103516 0,166893 0,0834465
0,6103516 0,1502037 0,07510185
0,6103516 0,1764297 0,08821487
0,6103516 0,1883507 0,09417534
0,6103516 0,2145767 0,1072884
0,6103516 0,1764297 0,08821487
0,6103516 0,1740456 0,08702278
0,6103516 0,1740456 0,08702278
0,6103516 0,1597404 0,07987022
0,6103516 0,1978874 0,09894371
0,6103516 0,2241135 0,1120567
0,6103516 0,2288818 0,1144409
0,6103516 0,1955032 0,09775162
0,6103516 0,243187 0,1215935
0,6103516 0,2241135 0,1120567
0,6103516 0,2217293 0,1108646
0,6103516 0,2074242 0,1037121
0,6103516 0,2503395 0,1251698
0,6103516 0,1788139 0,08940697
0,6103516 0,2455711 0,1227856
0,6103516 0,2336502 0,1168251
0,6103516 0,2098083 0,1049042
0,6103516 0,2169609 0,1084805
0,6103516 0,2622604 0,1311302
0,6103516 0,2574921 0,128746
0,6103516 0,2813339 0,140667
0,6103516 0,2837181 0,1418591
0,3051758 0,2622604 0,1311302
0,6103516 0,2837181 0,1418591
0,6103516 0,295639 0,1478195
0,6103516 0,3051758 0,1525879
0,6103516 0,3290176 0,1692772
0,6103516 0,2908707 0,1454353
0,9155273 0,3290176 0,1728535
0,6103516 0,3266335 0,1657009
0,6103516 0,3218651 0,1907349
0,9155273 0,3361702 0,1895428
0,6103516 0,3266335 0,1978874
0,6103516 0,333786 0,1895428
0,6103516 0,3218651 0,1847744
0,6103516 0,3361702 0,1788139
0,9155273 0,3361702 0,191927
0,6103516 0,3457069 0,2169609
0,9155273 0,3361702 0,2074242
0,6103516 0,333786 0,2229214
1,220703 0,3194809 0,218153
0,6103516 0,3457069 0,2157688
0,6103516 0,3457069 0,2276897
0,6103516 0,333786 0,2217293
0,9155273 0,3623962 0,2336502
0,6103516 0,3576279 0,2300739
0,9155273 0,371933 0,2622604
0,9155273 0,3623962 0,2527237
0,9155273 0,3647804 0,2741814
0,9155273 0,3457069 0,2467632
1,220703 0,3886223 0,2670288
1,525879 0,398159 0,2765656
0,9155273 0,4053116 0,295639
1,220703 0,4053116 0,3004074
0,9155273 0,4005432 0,2837181
1,525879 0,41008 0,2646446
1,220703 0,4649162 0,3290176
1,220703 0,4720688 0,3421307
1,220703 0,4935265 0,3480911
1,220703 0,5364418 0,3778934
1,525879 0,6175041 0,4398823
1,525879 0,6461143 0,4541874
2,13623 0,7605553 0,5435944
1,831055 0,7796288 0,576973
1,831055 0,9036064 0,6687641
2,441406 1,008511 0,7474422
2,441406 1,039505 0,7784367
2,13623 1,115799 0,8273125
2,441406 1,158714 0,8833408
2,441406 1,215935 0,9405613
2,441406 1,249313 0,9560585
2,441406 1,270771 0,9918213
2,13623 1,308918 0,9965897
2,746582 1,437664 1,087189
2,746582 1,432896 1,101494
2,746582 1,50919 1,151562
2,441406 1,478195 1,149178
3,356934 1,661777 1,270771
3,662109 1,645088 1,260042
3,051758 1,666546 1,300573
3,662109 1,795292 1,373291
3,051758 1,854897 1,438856
3,051758 1,871586 1,485348
3,051758 1,883507 1,468658
3,662109 2,017021 1,61171
3,967285 2,019405 1,597404
3,967285 2,067089 1,666546
3,051758 2,067089 1,659393
3,967285 2,140999 1,704693
3,662109 2,200603 1,766682
3,662109 2,253056 1,798868
3,662109 2,28405 1,82271
3,356934 2,326965 1,888275
4,577637 2,539158 1,995564
4,272461 2,586842 2,080202
4,577637 2,5177 2,024174
4,577637 2,632141 2,140999
4,882813 2,75135 2,163649
5,493164 3,015995 2,361536
5,493164 3,144741 2,516508
6,408691 3,416538 2,692938
5,79834 3,540516 2,80261
7,019043 3,743172 2,964735
7,93457 3,907681 3,089905
6,713867 4,189014 3,329515
6,713867 4,150867 3,371239
9,460449 4,384518 3,486872
7,019043 4,365444 3,497601
8,239746 4,808903 3,819466
7,629395 4,920959 3,89576
9,155273 5,159378 4,107952
7,93457 5,226135 4,206896
8,239746 5,295277 4,247427
10,98633 5,488396 4,378557
8,544922 5,457401 4,34041
9,460449 5,843639 4,737377
10,98633 5,805492 4,706383
11,90186 6,010532 4,886389
10,37598 6,093979 4,912615
10,68115 6,48737 5,213022
12,81738 6,327629 5,148649
10,37598 6,587505 5,28574
10,68115 6,735325 5,340576
13,12256 6,921291 5,609989
11,2915 7,138252 5,794764
9,765625 6,930828 5,691051
11,2915 7,300377 5,936623
12,51221 7,324219 6,006956
14,03809 7,376671 6,014109
11,2915 7,765293 6,277561
11,59668 7,72953 6,327629
11,90186 7,932186 6,440878
14,03809 7,963181 6,594658
12,81738 8,347034 6,766319
13,12256 8,516312 6,945133
14,64844 8,65221 7,075071
13,73291 8,6689 7,138252
15,25879 8,628368 7,110834
14,03809 8,947849 7,420778
12,81738 9,112358 7,436275
14,34326 9,076595 7,435083
14,03809 9,160042 7,49588
14,34326 9,548664 7,778406
12,81738 9,598732 7,843971
13,73291 9,634495 7,992983
14,95361 10,06842 8,248091
15,86914 9,942055 8,153915
14,34326 10,03742 8,113384
14,95361 10,47134 8,633137
16,47949 10,60486 8,9252
14,95361 10,674 8,95381
14,03809 10,44989 8,69751
14,34326 10,7336 8,90255
15,25879 10,61201 8,878708
15,25879 10,58578 8,766651
14,95361 10,36167 8,47578
14,64844 10,83851 9,146929
14,34326 10,91242 9,101629
15,56396 11,37495 9,253025
14,95361 11,23905 9,371042
15,25879 11,11507 9,045601
15,25879 11,43932 9,675026
16,17432 11,3368 9,233952
15,56396 11,56092 9,515285
15,86914 11,58714 9,716749
18,00537 11,52039 9,645224
16,78467 11,29389 9,458065
16,17432 11,65152 10,08153
17,08984 11,68013 9,843111
17,39502 11,99961 9,901524
17,08984 11,78503 9,922981
20,1416 12,02106 9,840727
18,61572 11,971 10,06484
16,47949 11,95908 9,812117
19,22607 12,2571 10,27465
19,22607 12,27856 10,05054
17,39502 12,23803 10,01239
17,39502 12,40969 10,47254
15,56396 11,99722 9,944439
17,39502 11,82556 9,717941
20,44678 12,6195 10,53214
17,08984 12,42399 10,53572
18,00537 12,71486 10,57744
18,61572 12,26425 10,30684
17,08984 12,35247 10,34498
19,83643 12,56466 10,53929
17,39502 12,5432 10,40936
16,78467 12,60042 10,69188
17,08984 12,29525 10,10656
17,08984 12,51698 10,48803
19,83643 12,63618 10,49519
16,78467 12,64095 10,71095
18,9209 12,72917 10,49399
17,08984 12,65764 10,51188
16,47949 12,2571 10,42008
18,00537 12,84361 10,62989
17,08984 12,83646 10,76698
20,1416 13,07964 11,0364
17,7002 12,96282 10,88738
17,08984 12,96759 11,00302
18,00537 12,72202 10,64658
20,44678 13,10587 11,09838
18,00537 13,13925 11,19852
19,53125 12,83407 10,80155
18,31055 12,76255 10,70499
19,22607 12,96759 10,75983
18,9209 13,14163 10,96129
20,1416 13,02481 11,00779
20,1416 13,31091 11,13176
18,31055 12,84838 10,57148
17,7002 12,69102 10,67877
18,31055 13,16547 10,84924
18,31055 13,16071 10,81347
16,47949 13,02004 10,89096
17,7002 12,88176 10,86116
17,7002 13,14878 11,0054
19,53125 13,37767 11,15441
18,31055 13,43727 11,36065
19,22607 13,31806 11,28793
18,61572 13,03434 11,07216
18,00537 13,26323 11,1413
17,39502 13,34429 10,82778
17,39502 13,27515 11,34515
18,61572 13,36336 11,26289
17,7002 13,48257 11,04951
17,08984 13,15355 10,99348
17,7002 13,56602 11,15441
19,83643 13,38243 11,2474
20,1416 13,5088 11,40118
17,39502 13,34429 11,29746
19,53125 13,82113 11,6241
17,7002 13,36336 11,26528
19,22607 13,5231 11,20687
18,9209 13,01765 10,98394
19,83643 13,46827 11,3976
18,00537 13,49211 11,42502
18,31055 13,42058 11,18541
19,83643 13,44919 11,26647
20,44678 13,77583 11,46555
20,44678 13,3419 11,18779
18,31055 13,52787 11,40952
18,61572 13,18216 10,99825
18,31055 13,04865 11,07335
19,53125 13,34667 11,10554
18,31055 13,34906 11,15561
18,31055 13,57555 11,33442
18,00537 13,5088 11,3976
17,39502 13,43727 11,15084
18,00537 13,44442 11,50608
18,9209 13,55648 11,43098
18,00537 13,5231 11,30581
19,53125 13,80682 11,60741
17,39502 13,73529 11,75046
18,00537 13,65662 11,53231
18,31055 13,22746 11,07454
19,83643 13,5684 11,29866
17,39502 13,60178 11,18183
19,53125 13,72099 11,71112
19,22607 13,77821 11,54184
19,53125 13,43727 11,16514
17,39502 13,35621 11,31415
18,31055 13,5541 11,39879
20,44678 13,70192 11,4572
17,7002 13,11779 11,15441
19,22607 13,65423 11,52277
18,61572 13,43966 11,50727
17,39502 13,21554 11,19375
19,53125 13,60178 11,40952
19,22607 13,58509 11,19137
18,00537 13,59463 11,51562
18,00537 13,66377 11,52515
20,44678 13,91888 11,44052
19,22607 13,88788 11,70874
19,83643 13,78775 11,59906
19,83643 14,03332 11,67297
18,31055 13,87596 11,5478
21,05713 13,9451 11,70039
20,75195 13,84258 11,77192
20,44678 13,62801 11,47747
20,75195 13,92365 11,68132
19,53125 13,87119 11,61218
19,83643 13,89265 11,58714
17,7002 13,90934 11,79457
19,53125 14,16683 11,93047
21,3623 13,7639 11,72662
19,53125 13,92126 11,60383
21,05713 14,21213 12,03656
18,00537 13,84497 11,71708
18,61572 14,05954 11,9555
20,75195 14,08815 11,84106
21,97266 13,94749 11,58714
19,53125 14,08339 11,90901
20,1416 14,04762 11,80172
19,22607 14,02378 11,62767
19,83643 14,21213 11,94954
19,22607 14,25266 11,92212
18,61572 14,10961 11,88278
22,58301 14,30273 11,99722
20,44678 13,99517 11,7147
19,22607 14,20021 12,01868
20,1416 14,112 11,96623
18,00537 14,15253 11,64317
20,1416 14,10484 12,07232
19,53125 13,95941 11,81722
20,75195 14,28366 11,89947
19,22607 14,15491 12,10213
19,22607 14,34326 11,8053
18,61572 14,0667 11,84702
21,66748 14,09769 11,85417
20,44678 14,30511 12,05087
20,75195 13,90457 11,54065
18,00537 13,69238 11,44409
20,1416 14,16445 11,93762
18,9209 13,45158 11,58357
20,44678 14,32657 11,9102
19,53125 13,69238 11,53588
18,61572 13,79251 11,57522
18,61572 13,90457 11,84106
18,9209 14,50539 12,02345
18,9209 13,89027 11,8804
18,31055 13,72814 11,32488
18,61572 13,91888 11,55138
20,44678 14,05001 11,99484
21,97266 14,19544 11,98769
18,61572 14,46247 12,2273
21,3623 14,36949 11,93404
22,58301 14,24789 11,93285
19,22607 14,534 12,26068
21,05713 14,25505 12,03299
20,75195 13,95226 11,79218
20,1416 14,43624 12,20226
20,75195 14,46486 12,30836
19,22607 14,42909 12,06517
20,1416 14,3075 12,36677
21,97266 14,7295 12,42995
19,22607 14,11915 11,98053
21,05713 14,50539 12,34651
18,61572 14,29319 12,23207
19,83643 14,20021 12,01153
20,1416 14,45532 12,1212
20,75195 14,52446 12,15935
19,53125 14,24074 12,10451
18,9209 14,112 11,74927
20,1416 14,33849 12,14862
18,00537 13,66615 11,48939
18,61572 14,20259 11,87921
19,83643 14,55545 12,00676
21,05713 13,72814 11,26766
22,88818 14,17398 11,70516
20,1416 14,25743 12,09855
20,75195 14,73188 12,36081
19,53125 14,7748 12,66122
18,9209 14,45532 12,21538
19,53125 14,47439 11,99961
21,3623 14,53638 12,25471
17,7002 14,36949 12,36677
18,9209 14,66274 12,36558
20,44678 14,93454 12,51936
19,83643 14,62936 12,40849
19,22607 14,81533 12,53486
22,58301 14,65082 12,42399
19,22607 15,02037 12,71844
21,3623 14,52923 12,03299
20,44678 14,7891 12,47168
21,05713 14,61744 12,3179
19,83643 14,56261 12,35485
21,66748 14,59837 12,12835
19,22607 15,01322 12,64215
20,1416 14,97984 12,59089
23,19336 15,33747 12,89487
23,49854 14,72712 12,362
20,1416 14,69135 12,32743
21,05713 15,20634 12,8746
20,75195 14,82487 12,17604
20,1416 15,04183 12,47048
21,05713 14,37664 12,22968
19,83643 15,02037 12,66241
21,97266 14,73665 12,27617
20,75195 15,29455 13,04626
20,75195 14,92739 12,90083
20,44678 14,80818 12,58135
20,1416 14,93216 12,60042
20,75195 15,10859 13,01527
20,1416 14,93692 12,89964
23,49854 15,01799 12,60638
21,3623 14,97269 12,63142
18,9209 15,23972 12,98547
21,3623 14,90116 12,4836
22,27783 15,12527 12,7089
18,9209 14,81771 12,68148
21,05713 14,71281 12,18438
20,75195 15,2874 12,98547
20,1416 15,06805 12,73513
20,75195 14,77003 12,68864
20,44678 15,29455 12,87937
22,58301 15,58542 13,13686
24,71924 15,28978 12,86864
19,53125 15,01083 12,78281
24,10889 15,54966 13,11302
19,53125 15,69748 13,17143
23,49854 15,81669 13,36694
19,53125 15,31124 13,08918
19,83643 15,52343 12,80785
19,83643 15,62595 12,92944
22,88818 15,82384 13,43131
18,9209 15,32793 13,09633
21,3623 15,4829 12,83407
22,58301 15,85484 13,28468
21,3623 15,55204 13,11064
21,05713 15,63311 13,26919
19,83643 15,02037 12,46333
20,44678 15,769 13,19885
21,97266 15,88106 13,50284
21,66748 15,63072 13,12733
21,3623 15,71655 13,06772
19,53125 15,91921 13,44085
20,1416 15,66648 13,31687
21,3623 16,00504 13,58747
21,05713 15,71417 13,3729
19,83643 15,53297 13,47184
21,3623 16,1314 13,3419
21,66748 16,10994 13,80324
22,58301 15,96689 13,56125
20,75195 16,05272 13,5076
23,49854 16,23154 13,52668
22,58301 15,98597 13,48734
21,97266 16,10279 13,49211
20,44678 16,42942 13,97252
21,3623 15,96451 13,47423
24,41406 16,48664 14,05835
22,58301 16,10756 13,67092
21,3623 16,59393 14,13584
22,58301 16,43896 14,05716
22,88818 16,33406 13,43369
20,75195 16,54148 14,34684
19,83643 16,14809 13,87477
22,88818 16,93964 14,38498
26,85547 16,78467 14,30154
22,27783 16,48426 13,74722
21,97266 16,41035 13,92126
22,58301 16,7346 14,11796
22,58301 16,54863 14,12988
25,93994 16,71791 14,323
22,58301 16,66307 14,33015
23,19336 16,9301 14,01424
23,49854 16,71791 14,24789
21,66748 16,40797 14,21332
23,19336 16,83712 14,02736
21,66748 16,93487 14,23001
21,97266 16,6297 14,42313
23,19336 16,675 13,99636
22,58301 16,71076 14,04762
21,3623 16,68215 14,00232
23,80371 16,95871 14,16564
25,02441 16,8705 14,41836
23,80371 16,82281 14,13941
22,27783 16,68692 14,11557
23,19336 16,30545 13,51237
20,44678 16,88957 14,46009
22,88818 16,74652 14,30988
21,05713 16,42227 13,86046
22,58301 16,86811 14,27174
21,05713 16,81328 14,59956
22,88818 16,72029 14,04524
22,58301 16,65592 14,323
22,27783 17,21144 14,84871
23,19336 17,2925 14,61029
21,3623 16,88004 14,48989
24,71924 17,54761 14,94288
23,49854 16,90865 14,19187
21,3623 17,45224 14,88805
22,88818 17,13037 14,67586
25,02441 17,28535 14,63532
23,19336 17,07077 14,50896
22,58301 17,21859 14,33849
23,80371 17,51423 14,7438
21,97266 17,3974 14,95957
25,63477 17,4737 14,86063
25,63477 17,3521 14,95719
21,66748 17,34257 14,69374
23,19336 18,05782 15,589
23,19336 17,74788 15,43403
22,88818 17,82179 15,09428
25,32959 18,50843 15,62476
23,49854 17,52853 15,14554
25,93994 17,97199 14,81175
25,32959 17,69066 15,16819
23,49854 18,08643 15,14435
24,41406 17,68112 14,95361
22,88818 18,13412 15,74636
21,97266 18,04829 15,41972
22,27783 18,02683 15,64741
22,27783 17,72642 15,27309
23,80371 18,23425 15,9502
25,93994 18,39161 15,6641
22,58301 18,14127 15,73324
25,93994 18,07928 15,04421
24,10889 17,84563 15,19799
25,02441 18,17942 15,87749
22,88818 18,21756 15,32316
23,80371 18,65864 16,23392
21,97266 17,97676 15,5139
25,02441 17,93861 14,9405
22,27783 18,05782 15,52582
23,49854 18,49413 15,97404
24,10889 18,11028 15,60569
24,41406 18,11266 15,39588
24,41406 18,44406 15,88106
25,32959 18,45837 15,72967
24,41406 18,4536 15,91682
25,02441 18,54181 15,7845
22,88818 18,25094 16,1016
24,71924 18,41307 15,8453
25,32959 18,26048 15,69152
30,51758 18,25571 15,60092
24,10889 18,63956 15,80238
22,27783 18,3177 15,59496
23,49854 18,76116 16,09445
24,10889 18,50128 15,75232
24,10889 17,96722 15,39707
23,49854 18,39876 16,04557
25,32959 18,7254 16,04199
24,41406 18,31055 15,69629
23,19336 18,44883 16,02173
24,41406 18,27717 15,73801
24,71924 17,85994 15,28502
23,19336 18,22948 15,43164
21,97266 17,68351 15,05613
23,19336 18,07213 15,15388
24,41406 18,2128 15,06925
23,49854 18,34869 15,56396
23,80371 18,28909 15,71298
27,16064 18,19134 15,36369
23,80371 18,05782 15,27786
22,88818 18,25094 15,45906
26,24512 18,68486 16,31498
24,71924 18,50843 15,77616
23,80371 18,5585 16,18505
25,02441 18,50128 15,95736
24,71924 18,52989 15,75589
23,80371 18,31293 15,75947
25,02441 18,22948 15,66768
24,10889 18,4226 15,57469
23,49854 18,52512 15,87033
23,19336 18,62764 15,99312
23,80371 18,45598 15,73086
22,88818 18,35585 15,31482
26,55029 18,62288 15,88106
25,63477 18,52274 15,86199
24,10889 18,53943 15,9955
24,41406 18,41545 15,89298
24,41406 18,66579 15,94782
27,771 18,40353 16,01458
23,80371 18,5132 15,98597
22,88818 18,04829 15,54132
23,80371 18,62288 15,93947
23,80371 18,33916 15,71298
27,16064 18,58234 16,13021
25,02441 18,8756 16,09206
25,32959 18,46075 15,88702
25,02441 18,80646 16,22438
23,80371 18,63003 15,86437
24,41406 19,07825 16,23511
24,71924 18,85653 16,04199
23,49854 18,78262 16,12425
25,93994 18,47267 16,09921
22,27783 18,2271 15,68675
25,32959 18,90421 16,36982
25,93994 18,50843 16,0706
24,71924 18,79692 16,14571
24,41406 18,73255 15,90014
23,49854 18,75877 16,12782
25,32959 18,83268 15,8596
23,80371 18,83984 16,16955
24,10889 18,9209 16,40797
23,19336 18,61811 15,72967
23,19336 18,6348 15,87152
25,02441 18,69917 15,98716
26,24512 18,73255 16,32214
24,10889 18,58234 15,74516
23,49854 18,4679 15,99073
23,49854 18,80407 16,26492
23,80371 18,52274 16,09206
24,10889 18,68963 16,15763
25,02441 18,65864 16,12663
24,71924 18,94712 16,31975
27,771 19,05203 16,69765
24,71924 18,67294 16,15167
24,41406 18,90898 16,4187
23,49854 18,57996 15,95974
25,32959 18,94474 16,21366
22,88818 18,78262 16,0706
26,24512 18,66102 16,13736
25,32959 18,83507 16,20531
24,10889 18,68486 16,24227
24,71924 18,82553 16,42466
24,10889 18,88275 16,23631
25,32959 19,32383 16,5534
24,41406 19,04488 16,38889
24,10889 19,04726 16,40439
28,38135 19,36674 16,55459
24,71924 18,80169 16,2065
24,10889 18,57996 15,59377
26,85547 18,77546 16,19101
25,32959 18,7254 15,46741
27,16064 18,89944 16,15763
24,10889 18,96143 15,9514
26,24512 19,1617 16,3424
26,24512 18,80169 16,26015
26,24512 19,0711 16,30664
25,02441 18,93282 16,42346
25,32959 19,06157 16,35909
25,32959 18,6801 16,27803
25,02441 18,84222 16,03842
24,71924 18,82553 16,07537
25,93994 19,01865 16,20531
25,02441 18,53228 15,5592
25,93994 18,65149 16,06941
26,85547 19,37151 16,63089
26,55029 18,8303 16,1016
23,80371 18,79692 16,24346
25,32959 19,03534 16,222
25,02441 18,95428 16,21366
26,24512 19,2523 16,49857
24,41406 18,6348 15,95378
23,49854 18,90659 16,33525
22,88818 18,74685 16,222
26,24512 19,12117 16,79659
24,10889 18,86368 16,33406
25,32959 19,22846 16,32094
25,63477 19,04249 16,4187
23,49854 18,58473 15,92755
24,41406 18,93282 16,15286
23,19336 19,15693 16,56771
24,41406 18,9209 16,14571
25,32959 18,92567 16,24584
25,93994 18,42022 15,87987
26,24512 18,89229 16,00266
26,85547 19,07825 16,41393
23,80371 18,94712 16,1469
24,41406 18,98289 16,14332
24,41406 18,96143 15,92278
24,41406 19,30952 16,47592
25,63477 19,29522 16,49737
25,02441 19,47403 16,35075
25,02441 19,63615 16,92057
30,2124 19,25707 16,60109
27,16064 19,06395 16,46042
24,71924 19,62423 16,86692
25,02441 19,37866 16,57605
25,63477 19,28091 16,45923
25,63477 19,34528 16,90269
25,32959 19,27137 16,60943
23,19336 18,94474 16,433
25,02441 19,24753 16,6297
24,71924 19,51218 16,59155
25,93994 19,39535 16,63089
26,24512 19,48118 16,51049
26,24512 19,9604 17,13395
27,46582 19,66 16,85381
27,16064 19,49072 16,68572
25,02441 19,12355 16,06822
26,24512 19,94371 17,28892
27,46582 19,53125 16,7942
25,63477 19,73629 16,93606
25,63477 19,90795 17,02905
25,93994 19,98186 17,18163
25,93994 19,70291 16,88719
27,46582 19,62423 16,8097
25,32959 19,32859 16,45327
25,32959 19,80782 17,46297
25,63477 19,43588 16,62493
25,93994 19,14024 16,18624
25,32959 19,93895 17,22932
24,71924 19,53602 16,95752
23,80371 18,86606 15,98239
25,93994 19,63139 16,56294
24,41406 19,40966 16,71433
26,24512 19,80066 16,69765
25,02441 19,5384 16,95871
27,771 20,02001 17,02547
24,71924 19,72914 17,20309
26,55029 19,43827 16,53671
24,41406 19,75536 16,41273
24,71924 19,65523 17,02547
26,85547 19,78397 16,83831
25,93994 19,95087 17,25674
24,41406 19,80066 17,19475
26,24512 19,87219 17,05408
26,85547 19,73629 17,01832
26,24512 19,51456 16,87884
25,02441 19,81258 16,81089
26,85547 19,3572 16,58082
24,71924 19,34528 16,3734
26,24512 19,40966 16,855
25,02441 19,59562 16,78348
28,9917 19,61708 16,9611
26,24512 19,68622 17,06004
23,49854 19,38105 16,29472
24,41406 19,39535 16,86096
25,93994 19,46449 16,5689
26,55029 20,02954 17,20905
27,46582 19,64808 16,87646
26,24512 19,83643 16,88123
26,55029 19,61946 16,81805
27,46582 19,41442 16,95275
24,71924 20,04147 17,35687
25,63477 19,80782 16,675
25,63477 19,64808 16,63327
25,93994 19,44542 16,47472
25,32959 19,99617 16,97421
25,93994 19,5694 16,90865
23,49854 19,66476 16,91222
28,9917 19,64331 16,56771
26,24512 19,78874 16,9301
26,24512 19,64808 16,85739
26,85547 19,4025 16,43419
27,16064 19,81258 17,1566
28,9917 20,07484 17,26627
27,16064 19,54079 16,89196
28,68652 19,66953 16,91937
25,02441 19,77682 17,14706
25,32959 19,71006 17,01951
24,71924 19,6743 16,80732
25,63477 19,7506 16,644
25,02441 19,54794 16,51883
29,60205 19,86742 17,09819
25,02441 19,82212 17,27939
25,93994 19,57417 16,91699
26,85547 19,4478 16,3269
28,07617 19,71722 16,95037
26,24512 19,7053 16,86335
26,55029 19,81735 16,90984
25,63477 19,7506 17,01951
27,16064 19,78159 16,78586
27,46582 19,92464 17,19713
24,71924 19,9461 17,10534
25,02441 19,78159 16,93845
25,02441 19,37151 16,85619
25,93994 20,04385 17,05527
26,85547 19,5694 17,19594
27,46582 19,83166 16,93487
25,93994 19,78159 17,01713
24,71924 19,9914 17,066
24,41406 19,79589 16,9003
24,41406 19,41919 16,59632
25,63477 19,99378 17,11965
25,93994 19,69099 16,88242
26,85547 19,66238 17,08269
25,32959 19,46688 16,18028
25,32959 19,92226 16,90149
25,32959 19,44304 16,71672
25,32959 19,86504 17,00044
24,71924 19,62662 16,57844
24,10889 19,35482 16,66903
25,63477 19,97709 17,23528
26,24512 19,70053 16,77036
25,32959 19,66 16,51764
28,68652 19,80066 16,7799
25,63477 19,54079 16,27922
26,55029 19,79589 16,7644
28,07617 19,84119 16,92414
25,32959 19,81497 16,86096
24,71924 19,35959 16,52598
26,85547 19,8102 17,09342
25,63477 19,57417 17,03024
25,93994 19,81497 17,44509
24,71924 19,52171 16,99328
25,02441 19,58847 17,03739
24,71924 20,11061 17,44628
26,55029 19,74106 17,00521
25,93994 19,60754 16,62493
25,32959 19,51933 16,64996
25,93994 19,66953 16,80255
26,55029 19,73867 17,00044
25,02441 19,1927 16,38651
25,02441 19,71722 16,8848
25,02441 19,50979 16,77394
26,55029 19,75536 16,52956
26,24512 19,60278 16,62493
26,55029 19,81497 16,93726
25,02441 19,35959 16,82758
25,02441 19,80543 17,28535
24,71924 19,63615 16,85262
26,85547 19,53125 16,90388
