0,8138021 0,4196168 0,30915
0,8138021 0,4116695 0,302792
0,8138021 0,433922 0,3170975
0,8138021 0,4593536 0,3457083
0,8138021 0,4720694 0,3623973
0,8138021 0,4577642 0,3616024
0,8138021 0,4561747 0,3552448
0,8138021 0,4704799 0,3679603
0,8138021 0,4831957 0,3814705
1,017253 0,5006798 0,3933913
1,220703 0,491143 0,3918017
0,8138021 0,5070375 0,4108749
1,017253 0,5404156 0,4315375
1,424154 0,5324685 0,4148486
1,220703 0,5642572 0,4482265
1,627604 0,5722044 0,4577631
1,424154 0,651677 0,5078303
1,627604 0,6977716 0,5348511
1,424154 0,7232029 0,5475671
1,627604 0,7692969 0,5833308
1,831055 0,8328757 0,6278369
1,627604 0,8440022 0,6620102
1,831055 0,9123496 0,7081046
1,831055 0,9282442 0,7049254
1,831055 1,028379 0,7653242
1,627604 1,042684 0,7875757
2,848307 1,08083 0,8074436
3,255208 1,115797 0,8400267
2,644857 1,134871 0,8432057
2,848307 1,244545 0,9425475
3,051758 1,317662 0,9886425
3,051758 1,441639 1,074474
3,051758 1,479786 1,112621
3,86556 1,640318 1,242161
3,86556 1,738865 1,302559
3,86556 1,93596 1,494885
4,679363 2,042454 1,545748
4,06901 2,210933 1,672109
4,272461 2,331734 1,774629
4,475912 2,46207 1,88748
4,679362 2,706846 2,072653
5,696614 2,873738 2,200603
6,103516 3,004075 2,326967
5,086263 3,085137 2,357962
6,510417 3,293355 2,518495
7,934571 3,352165 2,564588
7,120769 3,649393 2,831616
7,527669 3,929139 3,014406
7,324218 4,115106 3,173352
6,713868 4,240669 3,329911
7,52767 4,485452 3,506343
8,544923 4,760422 3,739992
8,34147 5,338988 4,161996
8,951823 5,29766 4,196167
9,155275 5,644163 4,501341
11,18978 6,001793 4,778702
10,37598 6,596246 5,205473
11,39323 6,866456 5,482832
10,57943 7,100105 5,737144
11,39323 7,72635 6,342727
11,59668 7,673902 6,318094
12,61393 8,079211 6,674925
11,80013 8,200006 6,817181
11,18978 8,360541 7,072289
11,80013 8,454321 7,210572
13,42774 8,905723 7,499852
13,42774 8,967712 7,651645
13,42774 9,042421 7,722378
13,22428 9,140971 7,86225
12,61393 9,533564 8,152328
13,42774 9,598734 8,137229
14,44499 9,894369 8,43207
14,85189 9,878479 8,375646
14,44499 10,07398 8,491675
14,64844 10,16776 8,655387
15,05534 10,33624 8,779366
17,49675 10,63347 8,947849
15,25879 11,10077 9,419122
15,05534 11,18183 9,555017
17,29329 11,52515 9,786288
16,88639 12,02583 10,20193
17,08985 12,07829 10,31638
18,71745 12,47565 10,59373
16,88639 12,51697 10,57545
18,71745 12,86189 10,88937
18,31055 13,33237 11,29627
18,514 13,41978 11,52753
20,54851 13,85211 11,8955
19,12435 13,92523 11,86053
20,5485 13,96497 12,05285
21,56575 14,45452 12,49234
22,17611 14,57374 12,52571
19,93815 14,66275 12,62347
20,1416 14,74063 12,76175
21,15885 15,21905 13,10031
19,3278 15,24607 13,31568
21,56576 15,59257 13,42535
20,9554 16,0265 13,96656
20,75196 15,57191 13,52946
21,97266 15,7547 13,78457
19,93816 15,84372 13,94749
22,58301 16,03127 13,96974
20,75195 16,28558 14,26776
22,78646 16,69089 14,47995
20,9554 16,44611 14,27571
22,58301 16,78944 14,64765
24,61751 17,13753 14,9711
21,15886 17,43317 15,18567
21,97266 17,36164 15,20157
23,60026 17,50947 15,45112
23,19336 17,30601 15,24448
24,41406 18,08166 15,80953
23,39681 18,06259 15,76185
24,00716 18,41545 16,1751
24,82096 18,58393 16,2212
25,02441 19,12117 16,84587
25,83821 19,23084 17,18283
25,63477 19,54238 17,28694
25,22787 19,96517 17,38628
26,65202 19,83802 17,45542
28,27962 20,08279 17,91477
24,82096 20,52307 17,94895
28,88997 21,05235 18,60777
26,65202 21,15885 18,69122
27,46582 21,54509 19,2984
29,09343 21,53714 19,30396
27,05891 21,50217 19,2809
28,07617 21,79463 19,21971
28,27962 21,81847 19,4184
27,87272 21,72788 19,37787
29,29688 22,30486 19,92783
28,68652 21,89637 19,74345
28,68652 23,1743 20,9252
29,50032 22,82778 20,48492
27,87272 23,26329 20,88149
31,73828 23,76397 20,96971
28,88997 23,68608 21,34004
29,09343 23,80053 21,38297
30,72103 24,76851 22,15545
30,92448 24,01988 21,62933
34,38313 24,08505 21,66351
32,14518 24,3791 21,97027
29,50032 24,56506 22,35412
30,11067 25,21198 22,89295
30,31412 24,66362 22,44076
30,11068 25,16907 22,73401
31,12793 25,1166 22,79441
30,51758 25,11342 22,64102
31,73828 25,45356 23,14726
34,17969 25,46628 23,02725
31,73827 25,73808 23,29429
30,51758 25,87636 23,41746
32,14518 25,77941 23,51205
32,55209 25,56006 23,10991
30,11068 25,84458 23,29111
32,14518 26,00193 23,39124
32,14518 26,52328 23,94518
33,97624 26,45493 24,08663
34,38313 26,82528 24,37829
35,80729 26,69652 24,56983
33,77279 26,96037 24,6175
32,34863 27,52304 25,04111
32,34864 27,11137 24,53009
33,56934 27,35297 24,80984
33,97623 27,25283 24,84003
34,79004 27,32436 25,00534
32,95898 27,23058 24,83924
34,79004 28,07935 25,34708
33,16243 27,8902 25,37091
35,40039 27,84412 25,40429
32,75554 27,5739 25,05779
36,21419 28,60546 25,76908
35,60384 28,27802 25,40825
33,77278 28,34798 25,91292
34,58659 28,10637 25,71105
33,56934 28,07934 25,79688
34,79004 28,33048 25,81278
33,16243 28,01735 25,40112
33,56933 28,26054 25,68085
38,04525 28,74056 26,16644
34,99349 28,71037 26,19584
37,23145 28,74693 26,09173
34,99349 29,12521 26,79109
37,028 29,21264 26,60275
35,80729 29,09501 26,63294
37,43489 29,71967 26,99773
34,99349 29,42085 26,76089
35,80729 28,99805 26,70844
36,2142 29,06004 26,76486
36,01074 28,78666 26,21334
35,40039 29,4749 26,99454
34,99349 29,36681 26,76805
35,80729 29,38747 26,77997
36,01073 29,48284 26,87453
37,23144 29,73398 27,11297
34,79004 29,77689 27,44119
35,40039 29,82299 27,0478
35,19694 29,75623 27,24489
36,41764 30,12975 27,53178
37,23144 30,21558 27,81868
37,63834 29,99941 27,48569
36,01075 29,91676 27,57945
38,65559 30,08524 27,84807
35,40039 30,22671 27,62238
36,01074 30,17426 27,64066
35,19694 30,33161 27,76305
37,02799 30,32207 27,69868
39,46939 30,83228 28,11113
35,80729 30,73215 28,01259
36,21419 30,2585 27,65179
39,87631 30,58275 27,92757
35,60384 30,80686 28,05791
39,0625 31,2376 28,46161
36,41764 30,87998 28,51566
36,6211 31,16767 28,59592
37,63835 31,21059 28,43302
38,04525 31,29323 28,78746
36,82454 31,15336 28,37896
36,01074 30,907 28,4179
37,63835 31,74941 28,55142
37,8418 31,65245 29,00919
39,8763 31,55708 28,87964
37,23144 31,71603 29,26587
36,21419 31,57298 29,16256
38,6556 31,62225 29,08308
38,45214 31,94809 29,16813
38,85905 32,10703 29,49952
39,4694 32,17538 29,21898
37,23144 32,05617 29,21263
37,23144 32,43128 29,75067
40,07975 32,2787 29,64577
40,2832 32,5664 29,94061
38,2487 32,89222 30,2267
39,0625 32,2771 29,65528
40,6901 32,76667 30,11544
39,26595 32,72692 29,97796
38,85905 32,70945 29,96604
39,4694 33,20535 30,58435
39,26595 33,2133 30,50486
39,67285 33,28006 30,43968
40,07975 32,9733 30,33004
40,6901 33,37543 30,74169
41,09701 33,66788 30,84341
39,46939 33,26893 30,45162
40,69011 33,45013 30,69242
39,26595 33,37066 30,54858
39,8763 33,21966 30,55652
40,2832 33,60749 31,03573
39,0625 33,52164 30,62725
40,6901 33,58046 30,84421
39,4694 33,86178 31,36634
40,6901 34,27663 31,63337
42,72461 34,33069 31,69695
41,70736 34,33704 31,85113
42,11426 34,46262 31,44582
40,2832 34,45148 31,65961
42,52116 34,19239 31,32343
40,89356 34,92831 31,89723
40,48666 33,981 30,99838
41,70736 34,57386 31,89644
45,36947 34,37518 31,70728
39,4694 34,72329 32,37167
39,0625 34,42923 31,83683
41,91081 34,98238 31,95684
41,30046 34,87587 31,74067
41,91081 35,38449 32,56875
41,5039 35,13335 32,39392
41,09701 35,25257 32,657
40,89355 35,22713 32,67765
41,50391 35,31933 32,31922
43,13151 35,35588 32,28107
40,6901 35,11746 32,35817
41,9108 34,77414 32,05934
41,30046 35,01415 32,50678
45,16602 35,34475 32,50441
41,70734 35,50053 32,80799
44,55567 35,08091 32,33512
41,91081 34,97442 31,94889
43,94531 35,41945 32,75473
41,30045 35,67376 32,92243
42,11426 35,78981 32,78971
42,52116 35,9265 33,00031
45,16602 35,48304 32,59977
40,89355 35,58636 32,7436
41,097 35,42741 32,68003
42,11426 35,73735 32,94229
41,9108 35,34634 32,29856
42,72461 35,8216 32,72692
41,70736 36,02346 33,32377
40,89356 35,78345 32,92083
42,92806 35,85498 33,07344
42,72461 35,41311 32,89064
43,13151 36,1236 33,51849
41,9108 35,6722 32,88111
43,33495 35,84384 33,36111
41,30046 35,89313 33,35079
41,09701 35,8343 33,27925
43,33496 36,30639 33,4398
42,52116 36,17127 33,36986
41,70736 35,48463 32,75711
40,89356 35,85339 33,23634
41,70736 36,01233 33,42549
41,70736 36,07909 33,40403
44,35221 35,95988 33,35237
43,13151 35,7755 33,0925
42,11426 36,10769 33,79346
42,52116 35,98531 33,13463
40,48666 35,89153 33,43104
42,72461 36,20148 33,49701
42,92806 36,27141 33,50416
42,92806 36,08068 33,17516
42,11426 36,24121 33,59875
41,5039 36,3477 33,26812
44,35221 36,05684 33,35318
42,31771 36,03142 33,69411
41,9108 36,06796 33,20694
44,96256 36,53526 33,54948
41,91081 36,42242 33,56775
44,55567 36,29049 33,50736
41,30045 36,14267 33,36271
42,52116 36,34453 33,43026
42,52116 36,28412 33,32851
41,91081 35,86133 33,45409
42,92806 36,77049 33,81569
43,33496 36,23802 33,00426
43,53841 36,3938 33,40244
41,70736 36,31591 33,68377
41,09701 36,11246 33,59953
41,91081 36,3493 33,63371
44,55566 36,33976 33,63451
41,70736 36,40809 33,31263
43,33495 36,62904 33,80935
41,9108 36,14585 33,20773
43,53841 36,51938 33,51054
41,097 35,98214 33,36113
45,77636 36,78163 34,08511
46,38671 36,4701 33,59796
43,13151 36,51938 33,86261
43,33496 36,55751 33,60272
44,75911 36,67833 34,02871
43,74186 36,68468 34,12565
42,11425 36,37154 33,67423
42,92806 36,78321 34,11929
42,52115 36,21579 33,47238
45,97982 36,43671 33,54232
43,94531 36,43036 33,35397
45,57292 36,44308 34,01915
42,31771 36,38744 33,75451
41,097 36,28889 33,59318
44,55567 36,92469 33,94047
41,91081 36,91832 33,96908
43,94531 36,65288 34,12167
45,36946 37,09319 34,26156
41,70736 36,62109 33,94841
41,50391 36,45102 33,85941
42,11425 36,52891 33,71477
43,1315 37,03436 34,21306
42,92806 36,57024 33,75132
42,11426 36,40652 33,70683
42,52116 36,47486 33,68933
43,33496 36,81342 34,14393
42,92806 36,28891 33,68776
43,94531 36,98666 34,18049
41,50391 36,63382 33,75768
43,74186 36,94851 34,21226
44,75911 36,45736 33,76088
41,91081 36,59885 34,06524
42,92806 36,59883 34,02391
