0,8138021 0,4227957 0,3123289
0,8138021 0,443459 0,3234555
1,017253 0,4545852 0,3353768
0,8138021 0,4514063 0,3433241
0,8138021 0,4545852 0,346503
1,017253 0,4768378 0,3576291
1,017253 0,4975008 0,3838547
0,8138021 0,4895535 0,3830599
0,8138021 0,5133952 0,4124643
1,017253 0,5531312 0,4402794
1,017253 0,5769727 0,4466372
1,424154 0,6087615 0,4736575
1,220703 0,6294246 0,489552
1,220703 0,6437298 0,5054462
1,424154 0,6945928 0,5491569
1,627604 0,780423 0,5976362
1,831055 0,8551283 0,654063
1,627604 0,8726127 0,6747259
2,034505 0,9266549 0,70731
1,831055 0,9520865 0,7255885
3,051758 1,093546 0,8289016
3,66211 1,171428 0,8956575
3,255208 1,212755 0,9202942
3,86556 1,319251 1,006921
4,882813 1,459123 1,107853
3,86556 1,665749 1,258055
5,086263 1,727738 1,334347
4,069011 1,90417 1,43369
5,696614 2,148947 1,621248
7,73112 2,352396 1,799265
7,527669 2,514524 1,936754
7,527669 2,737043 2,113978
5,086263 2,757706 2,195039
5,900065 2,954802 2,284844
6,306965 3,145535 2,454917
7,527669 3,223419 2,46207
6,103516 3,25044 2,546308
8,138021 3,590584 2,75612
7,324218 3,743171 2,861022
10,98633 3,95457 2,980232
8,951819 4,293122 3,313221
8,54492 4,537904 3,515881
9,562173 5,016326 3,819465
9,765621 5,259514 4,097621
9,562172 5,679129 4,399616
10,37597 6,206831 4,808104
10,37598 6,56128 5,131561
11,39323 7,042884 5,530516
12,61393 7,379849 5,851584
10,78288 7,392566 5,989078
12,41048 7,851916 6,345906
13,02083 8,25087 6,711483
12,81738 8,529031 6,847384
12,61393 8,6387 6,976128
12,81738 8,716581 7,255871
13,63119 8,864402 7,350443
13,63119 9,288792 7,759732
12,81738 9,493828 7,876552
14,44499 9,673434 8,047421
13,42774 10,21226 8,509954
14,85189 10,13279 8,455912
14,44499 10,39187 8,711817
14,85189 10,41253 8,804007
15,46225 10,69864 9,121101
16,27605 10,67321 9,121897
16,27605 11,52515 9,603498
16,0726 11,33283 9,644824
18,31056 12,00517 10,21783
15,86915 12,02901 10,29253
18,51401 12,17684 10,3577
17,2933 12,35167 10,63903
20,75196 12,92388 10,90447
19,12436 13,05263 11,19137
18,51401 13,28309 11,38369
18,92091 13,90775 12,05206
18,51401 14,14299 12,06398
19,93816 14,10802 12,13153
19,32781 14,34804 12,34293
22,78646 14,64844 12,68705
21,97266 14,84712 12,73632
20,95542 14,85507 12,85791
21,56576 15,23654 13,14561
21,97266 15,54012 13,34349
25,02441 15,86278 13,66059
22,17611 16,38731 14,09292
21,36231 16,37936 14,31545
22,9899 16,75288 14,54354
21,15886 16,93567 14,61744
23,80371 17,36164 15,04978
27,66925 17,20429 14,75016
29,5003 17,92272 15,47813
25,83821 18,09279 15,53058
25,43131 18,5585 16,03604
30,3141 18,95746 16,29829
26,2451 18,45519 16,12187
28,07615 19,06077 16,4024
26,85546 19,53125 16,80215
29,0934 20,36572 17,38947
29,29685 20,69791 17,53171
27,87271 20,76626 17,73755
30,51756 21,33211 18,25332
35,40035 22,37637 19,31428
29,70375 22,24286 18,97653
30,721 22,42088 19,43747
31,73825 23,33641 20,14717
32,95895 22,8389 19,87616
33,36585 23,83868 20,24412
30,72101 23,67337 20,51354
32,14515 24,52214 20,79329
37,02794 24,34095 20,66771
32,55205 24,64929 21,18667
36,82449 25,5378 21,86775
37,84175 25,58549 22,0561
32,95895 25,44562 21,64762
35,80725 26,40405 22,4924
36,21415 27,21309 23,7004
35,1969 26,59638 23,11945
37,63829 27,82979 24,14307
35,40034 28,53392 24,48637
36,8245 28,45287 24,57858
41,09695 29,46693 25,5982
35,40034 29,2905 24,93064
40,28315 29,81343 25,64509
41,50387 30,68127 26,4112
42,11422 30,70989 26,38022
40,48661 30,80207 26,4112
41,70731 31,31546 26,73705
40,0797 31,8845 26,95798
45,57291 31,92264 27,19321
41,30041 32,23258 27,46264
48,42123 32,12291 27,94583
43,33493 33,6488 29,08706
45,166 33,55818 28,35829
45,36945 33,66945 28,62611
43,94529 34,52139 29,62907
45,16601 34,65651 29,91517
44,7591 34,31795 29,60283
49,84539 34,61837 29,65767
46,18327 35,39082 30,84897
45,16601 35,19055 30,79492
45,166 35,99163 31,33216
48,62469 36,33337 31,10566
47,60743 36,49868 30,91809
47,60743 36,85152 31,93297
50,65921 36,89127 31,55388
46,99707 37,2298 32,16025
46,59017 37,45551 32,1094
46,3867 38,15012 33,05672
52,89718 37,95459 32,69908
47,40396 38,62059 33,41831
50,65921 37,99752 32,77858
52,08337 38,40442 32,81669
46,38672 38,47117 33,82123
47,20051 38,5141 33,41434
54,52477 39,29293 33,88878
48,42124 39,11013 33,92057
54,11789 39,21506 34,17887
50,86266 39,42802 34,31635
49,23505 39,12445 33,62891
50,65921 39,30724 32,55603
54,32135 39,45029 33,46125
49,84539 39,12286 33,97781
52,08335 40,52475 35,33757
54,52479 40,24025 34,20034
51,67647 39,76816 34,52776
50,86266 40,46275 35,35983
48,82813 40,16874 34,82896
51,67647 40,18779 34,63346
53,71098 40,40237 34,76379
57,78003 40,74252 34,63663
52,69373 40,70119 35,06658
54,5248 41,79474 35,40833
55,74551 41,86468 35,91059
51,473 42,03634 35,68011
51,67647 42,54498 36,81182
53,50751 43,01706 37,25686
56,15241 42,45915 36,10053
61,23871 43,22529 37,11541
56,35587 43,48911 37,84338
55,74549 43,91193 37,54218
59,40765 43,89921 37,32285
55,54205 44,17101 37,74722
53,91442 44,78613 39,27867
57,37312 45,66192 39,03865
57,98347 45,7112 39,0522
62,25598 46,18328 39,57909
59,81454 46,2548 40,25222
54,9317 47,42464 40,66626
62,25597 46,5997 40,50254
60,62835 47,37219 40,98179
61,03524 47,61219 41,79398
59,81455 48,74072 41,97121
60,01801 48,47051 40,76004
61,64563 48,1415 42,16752
58,18692 48,82177 42,57042
57,98348 48,47527 42,77705
61,44216 49,07133 42,31772
60,62835 48,89965 42,05782
60,018 48,22731 41,94735
63,06978 49,03794 42,34555
59,81454 48,72323 42,08249
60,22147 47,81726 41,1137
56,76277 49,29226 42,8184
57,57657 48,426 42,6841
60,83181 48,63901 42,06498
58,18694 48,186 41,5206
57,78003 48,77091 42,25731
57,78003 48,85516 42,91933
58,18693 48,86629 42,42262
64,29048 49,57517 43,56463
64,08704 48,9092 42,75164
60,018 48,95212 42,57123
61,03526 49,53547 43,65923
55,54206 49,1635 43,67749
56,55932 48,54682 43,09896
59,40764 49,53385 44,00889
61,64561 49,17464 43,23403
61,2387 49,14286 42,21917
61,23872 49,92487 43,45578
60,22145 49,92963 42,63163
59,20419 49,51477 43,13786
63,47669 48,90126 43,02583
59,20419 49,21119 42,56407
58,59384 49,48617 43,44543
59,20419 49,98207 44,01445
61,44215 49,94076 42,31293
59,00074 49,20166 42,7882
62,45943 49,43848 42,43136
64,29049 49,26523 43,92624
60,22145 49,00774 42,94636
61,84906 49,42101 43,3143
62,66288 49,33041 43,08859
61,64562 48,852 42,45918
58,79729 49,83585 43,21972
62,05253 49,13013 43,31271
61,64561 49,51003 42,75164
60,22145 49,96938 44,04705
65,1043 50,39375 44,86083
62,45942 49,27637 42,17387
