0,8138021 0,416438 0,3067658
1,017253 0,4545852 0,3329925
0,8138021 0,4609431 0,34094
0,8138021 0,4577642 0,3449135
0,8138021 0,467301 0,3639867
1,017253 0,4847851 0,3870334
0,8138021 0,5118058 0,405312
1,017253 0,5404156 0,4069015
1,017253 0,5261107 0,4148485
1,220703 0,5499523 0,4371005
1,017253 0,581741 0,4625314
1,220703 0,6087615 0,4847834
1,220703 0,6834665 0,5237247
1,220703 0,7025401 0,5356458
1,424154 0,7247924 0,5801522
1,424154 0,7645286 0,6031996
1,627604 0,8058546 0,6461153
1,424154 0,8344653 0,6477048
1,627604 0,8296968 0,6524733
1,627604 0,8646653 0,6842621
1,831055 0,8948653 0,7033358
1,627604 0,9489076 0,7319463
1,627604 0,9616228 0,754993
1,831055 1,020432 0,8114175
1,627604 1,001359 0,7828078
1,831055 1,05381 0,8106224
1,831055 1,109439 0,8638685
3,662109 1,150766 0,8972473
2,644857 1,227061 0,9536735
3,051758 1,306535 1,023611
3,66211 1,360577 1,039505
3,255208 1,376471 1,041889
3,66211 1,440049 1,082421
4,069011 1,537005 1,152358
4,069011 1,676876 1,274744
4,06901 1,786549 1,398721
3,255209 1,780192 1,438458
3,66211 1,947087 1,534622
5,493164 2,044042 1,633963
3,86556 2,156891 1,680056
4,475912 2,299944 1,808801
4,882813 2,471609 1,917681
6,510417 2,66711 2,028943
5,493165 2,75294 2,10921
6,103516 3,032684 2,261001
6,306965 3,248851 2,375445
6,306965 3,298124 2,44538
5,900065 3,458659 2,566177
6,103515 3,714561 2,726715
9,358723 4,123052 3,052553
8,74837 4,588764 3,515085
7,527668 4,757243 3,705819
10,17252 5,137129 4,052321
8,138019 5,64416 4,353525
11,59668 6,327629 4,962288
9,765622 6,491346 5,21104
11,59668 6,922087 5,489985
10,37598 7,131896 5,765759
10,98633 7,452964 6,095571
11,59668 7,724759 6,213981
10,57942 7,743834 6,369747
11,18978 8,37962 6,883144
11,80013 8,373258 7,012685
14,64844 8,689561 7,320244
15,05535 9,078979 7,527668
14,03809 9,277658 7,838406
14,44499 9,522437 7,993379
14,24154 9,544689 8,201599
13,83464 9,787876 8,176168
13,83464 10,2361 8,699896
16,27605 10,6732 9,036866
15,86915 10,55876 9,067055
14,64844 10,97362 9,338059
15,25879 11,21839 9,645618
16,68295 11,43456 9,841925
16,0726 11,4425 9,818076
15,05534 12,04491 10,21862
16,4795 12,30081 10,67798
17,08985 12,13074 10,49995
19,12436 12,67592 10,97758
16,8864 13,18455 11,54343
17,90366 13,38482 11,72305
18,92091 13,68205 11,96941
18,51401 13,6757 12,10213
18,71746 14,39412 12,575
21,36231 15,0601 13,1472
20,54851 15,09667 13,21793
19,53126 15,33509 13,42456
22,78646 16,2077 13,94193
21,97266 16,75606 14,75811
21,56576 17,05488 14,98302
23,80371 17,47609 15,3041
24,82096 17,64457 15,64264
25,83821 18,30261 16,222
24,61751 18,37094 16,4636
26,24512 19,17204 16,94997
24,00716 19,40886 17,42284
24,61751 19,62027 17,47529
26,04166 20,17658 18,14286
27,4658 20,58824 18,54021
25,22786 20,62956 18,54182
27,46581 21,37979 19,2674
27,26236 21,64046 19,37468
27,66925 21,94405 19,7204
27,26236 22,2063 19,85231
27,46581 22,12524 20,02159
27,87271 22,99945 20,7448
29,70376 23,02646 20,81315
28,27961 23,33164 21,20096
31,73825 23,56052 21,32335
28,27961 23,65907 21,61583
32,3486 24,01192 21,79383
28,88995 24,45697 22,13955
33,1624 24,5587 22,36207
30,11065 24,89884 22,69903
31,5348 25,03077 22,71811
29,29686 25,36773 22,85401
31,73825 25,4472 23,26012
31,1279 25,79371 23,42144
31,73825 25,95583 23,59151
32,14515 26,19266 24,03101
33,9762 26,43267 24,23206
31,9417 26,86182 24,25035
31,1279 27,22422 24,89964
33,5693 27,43562 24,92825
32,7555 27,5278 25,23659
32,95895 27,93947 25,55289
33,77274 27,83297 25,44641
32,55205 27,96809 25,53622
33,36584 28,1461 25,78814
33,5693 28,58002 26,15054
35,1969 28,71035 26,37227
33,36584 28,9138 26,56857
34,58655 28,90108 26,43426
35,6038 29,12202 26,59241
36,82449 29,09976 26,50975
35,1969 29,25712 27,02871
35,40034 29,63064 27,23295
39,06244 30,12814 27,48011
36,41759 30,40153 27,85206
37,02794 30,65267 28,26055
38,45209 31,39018 28,89793
37,43484 31,64925 28,94877
37,84174 31,62064 29,21103
37,43484 31,84158 29,3978
38,0452 31,93853 29,60363
40,28315 31,96078 29,42323
37,84174 32,47577 30,04709
38,65554 32,63471 30,31333
38,04519 32,62199 30,18934
40,4866 32,7571 30,27041
38,04519 32,86677 30,32126
39,67279 33,37541 30,82355
40,28315 33,45805 30,74565
40,0797 33,78865 30,95387
41,50386 33,66308 30,965
40,89351 34,16218 31,61588
41,50386 34,68032 32,09192
40,89351 34,79635 31,9433
39,87625 34,79634 32,06568
40,28315 35,0443 32,73167
40,28315 34,85196 32,28264
39,87625 34,85515 32,22939
42,52113 35,19211 32,62356
40,0797 35,17622 32,41298
41,09696 35,11266 32,3367
44,14874 35,1206 32,52185
40,89351 35,18416 32,59258
40,89351 35,71665 33,1036
41,30041 35,64511 33,26017
39,46935 35,30178 32,9518
40,69006 35,69757 33,21963
42,11422 35,73729 33,30229
40,89351 35,50046 32,94226
42,31767 35,40512 33,05672
40,28315 35,39239 33,02491
41,50386 36,1744 33,6011
41,70732 35,83107 33,13301
39,6728 35,04113 32,4098
43,33493 35,82314 33,36107
40,28315 35,72776 33,19181
41,09696 35,61649 32,95577
44,14874 35,73253 33,17512
41,30041 36,0234 33,41037
40,28315 36,2046 33,7688
42,11422 35,76114 33,26652
41,50386 36,10605 33,25141
42,31767 36,05519 33,51686
41,50386 36,14578 33,75447
41,09696 36,08379 33,76402
42,31767 35,68643 32,96213
41,50386 36,24751 33,72349
41,09696 36,51455 34,02787
41,91077 36,16962 33,66149
41,30041 36,09968 33,5407
41,30041 36,10606 33,65912
40,69006 36,20618 33,76242
43,13148 36,32541 33,95158
43,94529 36,52091 33,74496
42,11422 36,35083 33,99768
41,91077 36,6417 33,83792
44,7591 36,41918 33,98574
40,69005 36,29519 33,78467
41,70732 36,38739 33,74414
41,70731 36,35559 34,0946
40,89351 36,64645 34,0223
40,0797 36,45098 33,75449
41,50386 36,40805 34,16534
42,92803 36,63057 33,98575
44,96255 36,72275 34,22734
43,33493 36,61946 34,0517
42,11422 36,82609 34,17332
41,91077 36,31587 33,98335
41,91077 36,56541 34,16376
41,09696 36,63375 34,16058
40,4866 36,55747 33,9325
41,09696 36,89761 34,35053
43,94529 36,49706 34,04455
43,33493 36,53838 33,84348
41,70732 36,95641 34,41887
43,53838 36,77204 34,26152
43,33493 36,99932 34,41172
41,50386 36,8992 34,44035
42,92803 36,90078 34,24401
41,91077 36,76567 34,37276
43,74184 37,20438 34,84803
43,13148 37,1249 34,58498
44,14874 36,99774 34,49199
42,31767 36,80224 34,17569
42,92803 37,16463 34,60881
43,53838 36,95959 34,49199
43,94529 37,27908 34,64695
44,14874 37,21392 34,43953
43,13148 37,22186 34,67398
42,72458 37,28702 34,80113
42,31767 37,61763 34,71928
41,30041 36,71004 34,3076
45,57291 37,26477 34,8687
44,14874 37,26159 34,89888
44,55564 37,29337 34,92749
44,35219 37,43803 34,96408
43,13148 36,91828 34,58736
42,31767 37,34742 34,94499
41,70732 37,23457 34,71927
42,52113 37,49207 34,9577
42,52113 37,46502 34,6692
41,91077 37,56676 34,75981
43,33493 37,63195 35,47507
43,74184 37,61287 34,91241
43,74184 37,4571 34,97359
42,72458 37,49206 35,08804
44,7591 38,05313 35,37334
43,94529 37,67326 35,32963
43,53838 37,89738 35,49255
43,33493 37,4571 35,02446
44,96255 37,8624 35,11585
43,33493 37,82745 35,4115
42,52113 37,8926 35,52672
42,72457 37,9975 35,65468
44,14874 38,25658 35,65706
43,53838 38,15009 35,77546
46,18326 38,21527 35,63084
43,13148 37,80518 35,43612
