0,8138021 0,41008 0,3043815
0,8138021 0,4450484 0,321866
0,8138021 0,4418695 0,3298136
1,017253 0,464122 0,3496818
0,8138021 0,4704799 0,3584237
1,017253 0,4736588 0,3496819
1,017253 0,491143 0,3743181
1,017253 0,4990903 0,3854442
1,017253 0,5022692 0,3870336
1,220703 0,5277002 0,4196168
1,017253 0,5483629 0,4339217
1,017253 0,5722044 0,455379
1,017253 0,5944564 0,4752468
1,220703 0,6087615 0,4808099
1,220703 0,6389615 0,5022675
1,220703 0,7009506 0,5364407
1,220703 0,7279713 0,5722045
1,831055 0,807444 0,6246577
1,627604 0,8360546 0,6461153
1,831055 0,8964548 0,6898259
3,051758 0,9568549 0,7327414
2,848307 1,050631 0,8114177
2,034505 1,042684 0,8193645
2,237956 1,118976 0,8726104
2,848307 1,177786 0,8781736
2,441406 1,236598 0,9314212
3,051758 1,258851 0,9258581
2,237956 1,246135 0,9306267
4,475912 1,365345 1,033942
6,510417 1,43687 1,059374
4,679362 1,584688 1,167459
6,103516 1,602172 1,178584
4,882812 1,660981 1,226266
5,493164 1,834233 1,331964
4,679362 1,853307 1,33117
5,493164 2,045632 1,436869
4,679362 2,150537 1,532237
4,882812 2,249081 1,598199
5,289714 2,500216 1,731713
6,306965 2,487501 1,720588
5,289714 2,627376 1,869997
9,15527 2,806982 1,978874
10,37597 2,991357 2,193451
7,731118 3,089905 2,175966
9,562171 3,25044 2,25226
7,731118 3,342628 2,394516
7,527668 3,493628 2,434253
14,44499 3,679593 2,499422
14,24154 3,833771 2,670289
13,42774 3,970464 2,639294
13,42774 4,231136 2,775987
17,90366 4,502932 2,999305
17,90365 4,617372 3,150305
22,37956 5,019508 3,294151
19,73471 5,591711 3,871123
25,83821 6,197293 4,285972
28,07616 6,775855 4,738171
25,02441 8,096695 5,621116
35,1969 9,500188 6,475449
32,95895 11,90981 8,028351
36,82449 14,75175 9,92298
35,80725 17,8655 12,07987
42,92803 21,26693 15,24051
46,59017 25,45357 18,93044
49,64194 29,45422 21,97742
51,06611 32,85565 26,22922
53,30408 36,93737 30,09874
55,94896 40,71073 34,29889
58,59383 42,4512 35,76754
63,06979 44,90375 38,55705
62,25597 46,02116 39,49563
65,1043 48,73754 42,20091
62,66288 50,59404 44,51278
64,90086 52,32975 46,262
70,39406 53,76503 48,00799
64,6974 54,27208 48,65412
69,58025 55,45621 49,05545
67,34228 56,15557 50,15933
68,56299 57,92941 52,28442
71,61477 58,19326 52,28123
69,58025 59,30908 54,30303
75,68382 59,73825 52,99892
70,39406 60,48529 54,78862
72,83549 61,07979 56,05786
68,76644 61,04483 56,50208
73,03893 62,09548 57,23483
72,02168 61,46127 56,85098
73,64929 62,26555 57,25946
74,0562 62,53099 58,28785
74,66655 62,89658 58,25605
73,44584 63,2224 58,779
69,7837 62,25599 57,74186
76,29417 63,91542 59,45612
74,25965 64,60682 59,78035
73,44584 64,38589 60,31761
77,10798 64,56075 60,65058
76,49762 65,44447 61,4008
76,09071 65,39519 60,98914
75,68382 65,02961 60,78726
77,92178 65,77347 61,56452
76,09071 66,17878 61,49299
76,29417 66,40769 62,57225
72,83549 65,59549 61,13617
73,44584 66,1804 61,89275
74,4631 66,84161 63,07133
75,48036 66,78122 62,16299
77,31142 66,78913 62,43953
74,66655 66,76691 62,99665
75,68382 67,31049 62,53567
76,09071 67,04821 62,68509
74,87 67,0101 63,27003
75,48036 66,95287 63,21756
75,07346 67,48531 63,15954
78,53213 67,61092 63,15479
73,85274 67,51078 63,18657
75,88727 67,63634 63,51638
76,49762 67,67604 63,20961
77,10798 68,39608 63,9662
75,27691 68,41673 63,99162
75,27691 67,85571 63,67056
75,07346 68,76484 64,15611
74,66655 68,26258 64,51536
77,51488 68,2451 64,48117
78,12524 68,73307 64,19352
76,09071 68,79346 64,89684
79,34592 68,80615 65,23534
78,73557 68,58364 64,47722
77,71833 68,44221 64,75139
77,71833 68,02098 64,33337
76,29417 68,87769 64,65682
79,54936 69,16857 65,32597
78,53213 68,87611 65,32281
76,29417 69,36247 65,37525
77,92178 69,43559 65,06847
79,54936 69,39745 65,15511
79,34592 69,46102 65,2298
77,71833 69,53255 65,59698
80,36317 69,22581 65,39275
77,51488 68,88882 64,84041
76,90453 69,1908 65,63113
77,92178 69,08591 65,64466
77,92178 69,20352 65,57632
77,31143 69,1924 65,23138
76,29417 69,42925 65,79488
79,54936 69,45944 65,54693
78,53213 69,62 65,34746
76,70107 69,18447 65,42055
78,12524 69,32116 65,6534
78,12524 69,8123 65,67166
79,34592 70,24622 66,11356
77,10798 69,13199 65,60731
77,92178 69,5993 65,6685
77,51488 69,8711 66,23196
76,70107 69,4213 65,69077
81,17694 69,57229 65,45471
80,9735 69,66924 65,97765
78,73557 69,30208 64,88811
77,31143 69,68036 65,80201
81,99073 69,8107 66,43385
77,10798 69,84567 65,98402
79,75282 69,58978 65,26399
77,31143 69,61839 65,72813
79,14246 70,17946 65,52625
79,54936 69,58022 65,60333
80,77005 69,86158 65,31088
79,54936 70,0062 66,17476
79,14247 70,51483 66,0659
