0,8138021 0,4259747 0,3131237
0,8138021 0,4212064 0,3115343
0,8138021 0,4450484 0,3226607
1,017253 0,4498168 0,3329925
0,8138021 0,4688904 0,3480925
0,8138021 0,4593536 0,3520659
0,8138021 0,4657115 0,3584237
0,8138021 0,4688904 0,3671655
0,8138021 0,4720694 0,3719338
1,424154 0,5054482 0,3925966
1,017253 0,508627 0,4005437
1,017253 0,4959114 0,4029277
1,017253 0,5070375 0,3981596
1,017253 0,5070375 0,4069014
1,017253 0,5229318 0,418822
1,017253 0,5340579 0,4307428
0,8138021 0,5483628 0,4323322
1,424154 0,5499523 0,441074
1,017253 0,5435945 0,441074
1,017253 0,5833305 0,4593526
1,017253 0,5865093 0,4688891
1,017253 0,5880987 0,4672997
1,220703 0,5944565 0,4752468
1,220703 0,6135298 0,4895517
1,424154 0,6469088 0,5046516
1,017253 0,6437298 0,508625
1,627604 0,6930034 0,5340565
1,424154 0,7549919 0,5825361
1,831055 0,7915493 0,6270421
2,237956 0,8519492 0,6643943
2,644857 0,8916862 0,6874416
2,034505 1,010896 0,76612
6,713867 1,179376 0,8893002
8,748371 1,543365 1,110235
7,934568 2,040863 1,422564
13,02083 2,75294 1,859665
25,02441 4,0706 2,698899
34,58657 6,693206 4,253387
86,46658 10,8544 6,863278
69,58012 14,28604 9,334089
54,32129 19,66477 12,9207
61,64561 24,35843 16,69089
70,3939 29,28098 20,52942
65,91811 34,99348 24,92905
82,19412 41,26708 29,96127
79,3458 44,51117 33,16958
80,76997 48,36402 36,4868
93,7907 53,95731 41,67555
106,8115 58,64464 45,07465
92,36655 59,96547 47,44133
99,08049 63,42572 49,5569
115,3564 67,91751 54,69402
127,3598 74,77604 59,73101
133,667 79,35686 64,25542
136,1081 83,20969 68,2362
132,2428 88,57092 71,78546
135,7014 93,29954 76,56892
138,7533 98,89758 83,88919
132,4462 102,8045 88,44221
131,2256 107,4012 92,90062
142,6186 111,1602 98,45017
147,0946 111,4622 99,95699
145,8739 112,4525 101,1451
149,3326 116,5787 104,7158
157,0637 118,5035 107,9114
145,4671 120,0262 108,7268
149,7395 121,6936 109,7957
167,6432 124,9218 112,702
157,8774 127,5078 114,2247
157,4706 126,7417 114,6951
166,4226 129,8046 116,0073
159,0983 125,3573 112,8053
168,2536 128,2135 116,6216
161,3362 131,6532 118,3454
153,1981 131,2621 118,9541
169,2706 133,5907 120,5833
166,6259 134,3488 121,5616
159,9122 134,9178 120,9075
161,9466 135,9287 121,3455
163,5742 136,3595 121,4297
162,1501 133,6796 120,7383
163,7777 137,1669 124,0968
162,5568 139,1902 125,381
172,5261 139,1347 125,9366
168,2534 140,5223 126,8465
167,2363 137,0366 122,9071
167,6433 142,2071 126,783
161,9467 141,8065 126,1941
170,2881 141,0134 126,0208
164,3877 143,1035 128,8564
162,9636 141,0468 126,1496
171,7122 143,4389 127,8423
170,6948 146,4652 132,2491
170,0846 142,2866 126,7957
165,2019 143,9094 128,8262
166,6259 142,3008 128,5815
168,457 144,0381 128,7117
172,933 145,8198 130,8313
172,5261 144,9091 129,8523
170,0846 145,5974 130,3799
187,5813 146,0965 130,6374
170,4915 146,8149 131,5036
180,4606 144,3751 128,3867
174,357 146,346 130,0485
181,8847 145,1237 130,2695
176,3915 147,7319 133,0709
192,4643 147,1105 130,8519
191,4471 145,9391 131,2708
174,5601 147,3299 132,3723
182,0881 146,2283 131,1309
167,4397 144,9981 129,7775
179,6467 147,6827 131,1516
191,447 149,2913 132,896
170,4916 148,7619 132,2515
175,7811 149,6886 133,7154
171,3053 150,6963 135,9072
176,595 151,7755 137,356
169,881 150,8362 135,1323
178,2226 151,952 135,9279
191,6505 152,6037 137,1765
186,3606 152,9707 136,0987
181,4778 152,1426 136,0121
188,5987 154,6922 137,8376
178,2225 154,6889 137,5061
192,8712 154,0516 136,6367
186,3608 157,1748 141,1786
192,4643 156,7774 140,1661
191,6505 157,1732 140,3242
191,2436 156,9905 139,9054
191,6505 157,4498 140,2845
189,4125 155,6966 137,9599
192,0574 157,0445 138,978
192,2609 158,2095 139,5708
200,6024 158,4209 140,8718
192,2609 158,8739 141,099
192,6678 161,1882 142,478
193,0744 161,4822 143,6588
192,2609 162,3198 143,3815
191,6505 160,422 140,2424
192,4643 161,3836 142,4842
191,4471 164,9393 145,92
186,7676 161,3328 143,3347
196,7367 164,3576 146,9268
