0,8138021 0,4307432 0,315508
0,8138021 0,4339222 0,318687
0,8138021 0,4625326 0,3417347
1,017253 0,4657115 0,3472978
0,8138021 0,4609431 0,365576
1,017253 0,4990903 0,3854442
1,017253 0,4959114 0,388623
1,017253 0,5022693 0,4021331
1,017253 0,4990903 0,3925965
1,017253 0,508627 0,4061067
1,017253 0,5340579 0,4251798
1,017253 0,5690255 0,4514054
1,220703 0,567436 0,4553789
1,220703 0,5896882 0,4712733
1,220703 0,6294246 0,4943202
1,220703 0,6961823 0,5356459
1,220703 0,7104874 0,5563096
1,627604 0,7645286 0,6095576
1,831055 0,8122126 0,6469101
1,627604 0,8106231 0,6413472
1,424154 0,8312863 0,6707517
1,424154 0,8964548 0,7065149
1,831055 0,9648018 0,7685035
1,831055 0,9838752 0,7748612
1,831055 1,029968 0,8114176
2,441406 1,034737 0,8265175
1,831055 1,033147 0,7994968
2,237956 1,071293 0,8471795
3,86556 1,126923 0,8559213
3,051758 1,13805 0,8678421
2,441406 1,155534 0,8797631
2,644857 1,180967 0,9194999
3,662109 1,193682 0,9266522
3,458659 1,254082 0,9624156
2,644857 1,23183 0,9473155
3,255208 1,303357 1,012484
2,644857 1,277925 0,9727472
2,034505 1,308125 1,001358
2,237956 1,317661 1,009306
2,441406 1,344682 1,045068
2,237956 1,352629 1,053015
2,237956 1,387597 1,084011
3,255208 1,400313 1,104674
2,644857 1,433691 1,139643
2,644857 1,481375 1,153154
2,644857 1,492501 1,192094
3,255209 1,514753 1,220704
3,051758 1,502037 1,219909
2,441406 1,49409 1,185737
3,051758 1,638728 1,307326
4,679363 1,651443 1,335142
4,272461 1,708664 1,361368
4,475912 1,751581 1,426536
3,86556 1,866024 1,475811
5,086263 1,913707 1,537801
3,86556 2,069474 1,603764
4,272461 2,16007 1,703897
4,272461 2,264976 1,80006
3,86556 2,400081 1,900196
4,272461 2,601942 2,067089
4,475912 2,77678 2,245904
5,696614 2,92937 2,37306
6,103515 3,126464 2,574128
6,103516 3,318785 2,70923
5,493164 3,460249 2,851484
7,324217 3,794034 3,132821
7,93457 4,035633 3,31402
9,155272 4,426639 3,655753
8,748371 4,798573 3,956954
9,562171 5,378723 4,353522
12,81738 6,036759 4,936856
14,03808 6,68367 5,280971
13,63119 7,473629 6,028017
13,42774 8,1714 6,60499
16,0726 9,287197 7,481575
20,14161 10,27266 8,416175
34,3831 11,4441 9,237136
27,4658 12,77924 10,34101
28,6865 14,03332 11,2621
28,6865 15,27468 12,76335
28,48306 16,69248 14,01186
33,36585 17,84643 14,52446
35,6038 18,50923 15,6792
30,3141 19,21177 16,41035
35,19689 19,57894 16,85223
32,55205 19,79669 16,74573
37,02794 20,5485 17,22812
37,63829 20,9538 17,45303
45,36945 22,78963 19,03931
45,97982 24,31233 19,46211
43,94528 26,91903 21,37342
47,20052 31,39177 24,75261
49,03159 34,06681 28,60546
51,67649 35,47824 29,70377
50,04885 37,50956 31,88291
53,91444 38,99411 33,36666
56,35587 39,77612 33,9015
49,8454 39,79998 34,53649
58,79729 41,11287 35,25574
55,13515 40,82199 35,48302
56,55931 40,64715 36,24201
62,25598 41,95686 37,17419
52,89717 41,41488 35,89549
52,28683 41,95528 37,01207
52,08337 41,86786 36,82056
53,50754 42,29701 37,06055
55,54205 42,43053 37,09155
59,81454 42,91057 37,06613
51,26957 41,7137 37,21077
53,71099 42,72618 37,28628
56,76276 43,42714 37,7345
58,59384 43,66396 38,2002
59,6111 43,10446 38,13503
58,18692 42,81201 38,41956
56,76277 43,71961 38,41638
57,98348 43,47322 38,37186
57,37313 43,79431 37,97451
59,00074 45,08498 39,50994
60,22145 43,81498 38,94011
57,16967 45,04998 39,99233
57,16967 44,24413 39,11655
55,3386 44,85767 40,42547
55,74549 44,94826 40,54227
57,37312 44,79726 40,0249
61,23872 44,67488 39,26834
60,01801 44,55567 39,61961
55,74551 44,52229 39,45828
60,22145 45,04205 39,8763
53,91444 44,99753 40,07735
57,37313 45,10879 40,30626
54,32135 45,12152 39,94226
57,78003 45,96552 40,27048
61,03526 45,82088 40,2403
59,40764 46,83018 41,65332
59,81454 47,26413 42,0499
57,98348 45,53 40,51288
56,96622 46,18486 41,22734
57,57658 45,7128 40,75529
58,39038 46,90014 41,60962
56,96622 46,22618 41,05568
69,98716 46,52818 41,32669
57,78003 46,62037 41,97916
60,22145 46,11016 41,1161
63,68014 46,86515 42,0173
56,35587 46,59653 40,98337
63,68014 47,04 40,93728
62,66288 46,77772 42,0125
60,018 46,20712 41,46022
61,23872 47,32769 42,05705
61,23872 46,77932 41,59531
58,18694 46,89376 40,77673
60,42491 47,30227 41,34814
70,59751 46,75549 40,92217
65,1043 47,39763 42,05864
66,73192 47,58677 41,98711
58,18694 47,12424 41,852
63,27323 47,78069 42,00937
59,00074 48,36879 43,39616
62,45943 47,72823 42,60699
61,84907 48,06679 42,82555
66,32501 48,36719 42,73812
70,5975 48,74707 43,87933
59,6111 49,06338 43,49155
60,83181 48,00639 42,97815
63,27324 48,44032 43,4049
62,25598 49,00456 43,29921
68,563 49,16192 43,34131
70,80096 49,1047 44,38242
68,56299 48,77251 42,82796
66,32502 49,52431 44,17022
63,47668 48,76776 42,87164
61,84907 48,72165 42,88197
70,19061 49,03159 43,48757
69,98715 49,49413 44,20201
61,23871 48,7598 42,88992
60,83181 48,34495 43,00117
61,44217 48,56587 43,27139
64,29049 49,04271 43,509
64,2905 48,37672 43,00595
67,13882 48,80747 43,31191
62,0525 48,31634 42,696
63,68014 49,11901 43,43826
67,74918 48,42918 43,14185
67,95263 49,53226 44,07884
67,95264 49,65943 44,19964
65,1043 48,9108 43,3008
64,08704 48,2766 42,50526
63,47668 49,01889 44,11461
62,45943 48,85041 43,24675
59,40765 48,78522 44,14081
60,22145 48,67395 43,09336
67,74918 48,62627 42,95111
65,1043 49,03796 42,18582
62,25598 50,01386 44,4595
