1,220703 0,4164379 0,3067657
0,6103516 0,416438 0,3043816
1,017253 0,4625326 0,3441188
1,017253 0,4625326 0,3401453
1,017253 0,4418695 0,3353768
1,017253 0,4943219 0,3806759
0,8138021 0,4927325 0,38306
0,8138021 0,5022693 0,3933913
0,8138021 0,4990903 0,3973648
1,017253 0,5340579 0,4172327
2,034505 0,5547206 0,4450476
1,627604 0,5690255 0,4537895
1,220703 0,570615 0,4529949
1,220703 0,610351 0,4760417
1,627604 0,6945928 0,5292878
2,034505 0,7088979 0,5531307
1,424154 0,7486341 0,5785624
2,034505 0,7915494 0,6198894
2,441406 0,8185703 0,6349891
2,034505 0,8948653 0,6977728
2,237956 0,9934116 0,7343301
1,831055 0,9775176 0,7446621
1,831055 1,047452 0,7867813
3,255208 1,047453 0,7843972
2,644857 1,128513 0,8614844
3,86556 1,168249 0,8726105
3,255208 1,207986 0,9020153
4,272461 1,250902 0,9131418
6,917317 1,363756 1,007717
5,289714 1,379651 0,9870537
7,731118 1,514754 1,097521
7,731118 1,648267 1,143615
7,731118 1,835822 1,305739
6,713868 2,10921 1,506806
7,527668 2,403257 1,68562
8,74837 2,627375 1,867614
8,341469 2,945264 2,114773
7,324217 3,088314 2,213317
8,138019 3,625553 2,601145
9,765623 3,848077 2,669492
10,57942 4,129408 2,853074
12,20703 4,393261 2,996127
9,562171 4,553795 3,196399
12,61393 4,820826 3,356141
10,57942 5,221366 3,620784
10,98633 5,367596 3,798008
10,98633 5,507469 3,800392
14,44499 5,747478 4,052323
14,64844 6,068547 4,11431
14,64844 6,232263 4,359087
21,56576 6,697973 4,640422
14,64844 6,715456 4,686514
13,22429 6,864863 4,699228
13,83464 7,136663 5,139507
15,05534 7,319449 5,262694
15,86915 7,73271 5,43197
15,05534 7,840792 5,737939
16,68295 8,360544 6,260872
19,93816 8,556051 6,337167
15,46224 8,624397 6,453199
16,27605 9,255408 6,920496
16,0726 9,845099 7,578533
15,05534 10,2504 7,765293
18,10711 10,93546 8,35339
17,08985 11,52516 9,279251
20,95541 11,91775 9,711582
17,08985 12,70771 10,51029
17,49676 13,29104 11,32647
17,90366 13,98723 12,09895
19,53126 14,38777 12,39459
18,92091 14,8662 12,93103
20,95541 14,82328 12,97871
19,12436 15,47019 13,54932
20,14161 16,19816 14,26697
20,54851 16,05193 14,37187
20,75196 16,54943 14,77559
23,19336 17,02151 14,93455
21,97266 17,18045 15,02991
23,39681 17,67636 15,61165
22,17611 18,01492 16,02809
24,00716 18,47586 16,34599
22,98991 18,5744 16,133
22,58301 18,97018 16,644
23,80371 19,34846 17,35369
25,02441 19,62344 17,63264
25,43131 19,63616 17,03262
23,39681 19,7204 17,6859
24,41406 19,86663 17,76457
25,43131 20,03988 17,56509
24,21061 20,16067 18,15161
26,04166 20,45472 17,94657
26,24511 21,09369 18,90818
26,44855 21,25263 19,29045
27,0589 21,18587 19,20542
28,48305 21,41793 19,18237
24,82096 21,47515 19,48118
26,04166 21,60231 19,11878
27,87271 21,87571 19,76967
28,07615 21,86617 19,78081
30,3141 22,1014 20,02477
26,24511 22,13796 19,93894
25,83821 21,72788 19,19985
27,8727 21,97265 19,58926
26,44855 22,43518 20,31088
27,0589 22,50672 20,12571
26,44855 22,54008 20,32756
27,66925 22,4479 20,37049
27,0589 22,91362 20,47698
27,8727 23,13454 21,04282
28,48305 23,34118 21,19383
29,0934 22,94381 20,42373
28,2796 23,30939 21,02852
27,87271 23,30303 21,22322
27,8727 23,53351 20,98324
27,4658 23,11865 20,99434
31,33135 23,74331 21,43622
28,07615 23,60821 20,9435
28,2796 23,54781 21,37581
28,2796 23,6241 21,16283
29,29685 23,88159 21,47436
29,0934 24,11524 21,54033
29,70375 24,15498 21,65556
29,5003 24,44108 22,18484
28,88995 23,99603 21,75332
31,1279 24,26783 21,68575
27,0589 24,16451 21,55701
29,0934 24,26941 21,43542
30,721 24,41724 22,20234
31,1279 24,60798 22,10379
31,9417 24,6938 22,3438
29,9072 24,87659 22,53532
30,51755 25,07209 22,78565
29,70375 24,87183 22,47731
30,721 25,16905 22,54804
29,5003 24,98627 22,56394
29,9072 25,34072 22,9152
30,51755 25,31846 22,89613
31,9417 25,3582 23,05667
30,11065 25,31846 22,72844
29,9072 25,42495 22,81427
30,51755 25,8541 23,33641
29,9072 25,57119 23,15124
32,3486 25,60774 23,56131
29,5003 25,6888 23,39442
30,51755 25,52986 23,17667
29,5003 25,71741 23,41191
31,33135 25,78099 22,7801
30,721 25,92087 23,18381
32,34859 25,86046 23,24581
31,1279 26,04961 23,90226
30,92445 25,93994 23,46993
31,5348 26,28325 24,11523
31,9417 25,87794 23,49376
30,51755 26,57413 24,11047
31,73825 26,31664 24,12239
32,55205 25,93994 23,83311
32,7555 26,16883 23,7902
30,3141 26,2928 23,56846
31,1279 26,22604 23,85376
31,5348 26,60751 23,93166
30,92445 26,01782 23,80132
30,92445 26,16723 23,68132
31,9417 26,34683 24,33379
30,3141 26,69334 24,6469
29,9072 26,28802 23,89351
31,1279 26,1418 23,95391
31,9417 26,62181 24,1653
33,1624 26,65043 24,65883
32,14515 26,65519 24,1065
31,33135 26,42472 23,96185
31,73825 26,6536 24,18836
30,3141 26,58525 24,07312
30,3141 26,67744 24,32345
31,33135 26,82686 24,35843
33,77275 26,96991 24,25749
31,1279 26,81255 24,14623
30,51755 26,53121 24,34491
31,5348 26,67745 24,38227
31,5348 26,81096 24,40135
31,5348 26,79506 24,26782
31,5348 26,64248 24,23287
30,3141 26,82685 24,5579
29,9072 26,71719 24,14941
32,3486 26,91109 24,12318
32,55205 27,13521 24,4077
32,14515 26,99534 24,64056
31,5348 27,01123 24,8615
32,14515 26,97309 24,77805
31,9417 27,14156 24,58333
32,55205 27,17653 24,24477
30,51755 27,39905 24,89487
32,14515 27,17177 25,20322
32,95895 27,44197 24,42836
31,1279 27,14793 25,16668
34,17965 27,33866 24,38306
33,5693 27,14474 24,08504
31,9417 27,11295 24,56267
31,9417 27,30846 25,13408
32,3486 27,14634 25,28588
32,14515 27,07639 24,60718
30,51755 27,40223 24,78282
32,95895 26,95718 24,453
32,55205 27,42925 24,82095
32,3486 27,39906 25,46152
34,58654 27,46105 25,17223
31,1279 27,46741 24,7097
33,36584 27,1956 24,83764
32,7555 27,32595 24,72878
31,5348 27,27031 24,786
31,5348 27,39429 25,32085
34,38309 27,66291 25,26999
32,14515 27,60409 25,18257
31,33135 27,42607 25,16349
31,1279 27,44991 24,48716
32,55205 27,56435 25,03951
35,1969 27,86793 25,38998
33,1624 27,76146 25,30893
31,73825 27,59774 24,99898
32,7555 27,33547 24,73275
33,36584 27,77417 25,05063
31,9417 27,68674 25,25011
31,33135 27,65654 25,05062
35,40034 27,74237 25,32084
30,51755 27,51986 25,22073
32,14515 27,82025 25,31052
30,92445 27,46899 25,05462
33,9762 27,39111 25,02839
32,3486 27,40542 24,56745
31,9417 27,49919 25,23422
32,95895 27,68515 24,75579
33,5693 27,60728 25,3884
32,55205 27,92516 25,02521
31,9417 27,65813 24,89487
34,17965 27,86794 25,0411
30,51755 27,55641 24,6938
32,3486 27,93629 25,27394
35,40034 27,83614 25,62601
32,14515 27,80118 25,22944
34,78999 28,00146 25,94312
32,55205 27,4229 24,84719
31,5348 27,6343 25,37886
32,7555 27,81867 25,45356
33,36584 27,72807 25,13249
31,9417 27,92675 25,43687
34,78999 27,78053 25,36455
32,14515 27,81231 25,61171
31,5348 27,62476 24,89487
31,9417 27,75509 25,20402
32,7555 27,70899 25,04984
32,55205 28,1 25,70152
33,1624 27,84093 25,33039
31,9417 27,85681 25,02837
32,7555 28,0714 25,72455
32,14515 28,05231 25,62364
32,95895 27,6788 24,91235
32,55205 27,71694 24,76929
33,9762 28,03801 25,79211
33,5693 28,18583 25,62602
32,3486 27,84886 25,66734
32,3486 28,07457 25,89702
32,3486 28,1159 25,37409
31,5348 27,58025 25,16428
32,55205 28,0253 25,93756
32,7555 28,22875 26,39532
34,38309 28,04119 25,40269
31,9417 27,8743 25,60218
33,36584 27,90926 25,71184
32,7555 28,07774 24,84718
31,9417 27,63428 25,47182
32,55205 27,92994 25,32323
32,95895 28,3098 25,47025
34,38309 28,06027 25,56323
32,95895 28,23986 25,51634
33,1624 28,00464 25,29303
32,7555 28,06979 25,87001
33,5693 27,94742 25,25171
33,36585 28,41789 25,91689
33,77275 28,06663 25,66495
35,1969 28,33205 25,91053
33,5693 28,20649 26,09729
34,78999 28,1 25,01646
32,7555 28,30186 25,79371
33,77275 28,36544 25,79291
32,95895 28,16993 25,36454
33,1624 28,40994 26,00031
33,5693 28,10636 25,10388
34,38309 28,36863 25,48774
32,55205 28,09841 25,26679
33,5693 28,03165 25,1913
32,3486 28,39564 25,76192
33,5693 28,23827 25,60853
34,38309 28,49418 25,94946
39,87625 28,32093 25,78735
33,36584 28,58479 26,14259
31,9417 28,52757 25,9908
33,5693 28,29232 26,3516
35,60379 28,73101 25,76589
37,02794 28,47351 25,78654
34,38309 28,70082 25,99397
33,1624 28,28119 25,80245
35,40034 28,62293 25,93994
34,38309 28,78505 25,52111
34,17965 28,44969 25,81834
35,1969 28,76756 26,03609
35,80724 29,11883 26,5177
35,40034 29,24122 26,25624
36,62104 29,4558 26,50021
36,01069 29,58932 26,9707
35,60379 29,30321 26,5336
37,02794 29,62428 26,76486
33,9762 29,19196 25,99555
40,0797 29,48601 26,4414
37,43484 29,95012 27,38555
39,46935 29,89926 26,60115
34,78999 29,22057 26,0949
38,85899 29,15063 26,04325
39,46935 29,62746 26,66551
38,04519 29,85793 26,67426
37,02794 29,78164 27,11216
37,43484 30,1027 26,7752
35,60379 30,04866 27,24408
43,33493 29,91356 27,14632
36,62104 30,01369 27,18289
38,24864 30,09318 26,69888
36,62104 30,16311 26,92777
39,06244 30,58272 27,28859
38,65554 29,88019 27,20831
39,46935 30,17106 27,13123
38,04519 29,91673 27,40541
36,41759 29,91674 26,77282
40,0797 30,92764 27,36408
36,62104 30,00257 27,37601
38,24864 29,91674 26,94765
43,13148 29,93741 26,92618
37,02794 29,8182 26,66154
37,43484 29,8023 27,18209
36,82449 30,1202 26,8038
39,87625 29,72919 26,62103
40,28315 30,34272 26,83877
39,26589 29,71806 26,86578
37,84174 30,14086 26,76406
38,24864 30,01847 27,03189
37,84174 29,96602 26,79824
38,65554 30,20919 27,37361
36,21414 30,06933 27,10659
36,82449 30,13133 27,04858
39,06244 30,25211 26,80855
37,63829 30,21397 26,93572
37,43484 30,19172 27,29255
36,01069 30,05661 27,12884
43,13148 30,42537 27,17175
37,84174 30,22033 26,89281
36,41759 30,35702 27,73205
38,65554 30,54299 27,49522
41,09696 30,36497 27,12647
38,04519 30,41107 27,31322
35,60379 29,99939 26,61307
38,04519 30,02165 26,90076
40,69006 30,12336 27,38473
35,80724 29,90403 27,10104
38,24864 30,179 27,21705
38,45209 30,15357 26,96036
36,21414 30,08206 27,56198
36,62104 30,49372 27,48569
38,45209 29,66721 26,51374
37,02794 30,29663 26,63454
37,43484 30,16311 26,91425
41,70732 30,98644 27,72012
37,02794 30,28549 27,10659
39,87625 30,13926 27,32752
37,84174 30,40312 26,63691
38,24864 29,86111 26,74976
36,01069 30,50802 27,21865
40,89351 30,38404 26,77679
37,63829 30,12019 27,20195
37,84174 30,05185 27,01122
36,41759 30,16152 26,88565
38,65554 30,35702 27,4698
38,65554 30,31569 27,03666
41,70732 30,2394 27,17733
36,62104 30,53822 27,17177
37,84174 30,7226 27,43244
44,96255 30,27597 26,98897
37,43484 30,28232 27,03666
36,41759 30,41584 27,38793
36,62104 30,43491 27,61681
38,45209 30,632 28,01179
39,87625 30,00258 27,35056
37,2314 30,46193 27,14474
38,45209 30,25053 27,23692
37,43484 30,29344 27,26952
36,62104 30,61292 27,5445
38,65554 30,69081 27,67323
38,04519 30,70988 27,57627
37,43484 30,55729 27,63667
36,41759 30,61611 27,53734
38,24864 30,44603 27,39748
38,24864 30,22192 27,09069
38,45209 30,49054 27,24569
41,91077 31,01506 28,04835
38,85899 30,55571 27,58978
44,35219 30,8736 27,87986
38,24864 30,5573 27,49284
38,04519 30,29345 27,39827
39,06244 30,79731 27,32038
39,26589 31,10724 27,96886
37,02794 30,17423 26,82685
35,80724 30,42696 28,20014
36,62104 30,41742 27,45151
36,01069 30,71148 27,31561
37,84174 30,7385 27,90769
46,59017 30,84498 27,83058
36,82449 30,79571 27,85443
39,67279 30,30458 27,06606
37,63829 30,56524 27,59932
37,63829 30,57795 27,3156
40,4866 30,77187 27,34659
38,45209 30,5255 26,85148
38,65554 30,88312 27,87827
38,65554 30,48418 27,59377
36,62104 30,79572 27,42448
37,23139 30,48735 26,92062
38,24864 30,6622 27,50873
35,80724 30,7226 27,70345
39,06244 30,75915 27,68595
37,63829 30,60974 27,60488
39,67279 30,77029 27,44118
37,02794 30,24259 27,17813
36,21414 30,51438 27,18209
38,65554 31,20738 27,31482
36,21414 30,69716 27,24964
39,46935 30,89108 27,31322
38,24864 30,63199 27,21865
39,67279 30,70353 26,98263
38,24864 30,80525 27,67164
38,85899 31,12633 27,85683
41,09696 30,60339 27,74
39,67279 30,81955 27,95934
37,84174 30,89902 27,5572
38,04519 30,95148 27,90848
40,28315 31,25984 28,03245
42,52113 30,81955 27,34421
39,26589 30,91968 28,04754
39,26589 30,90062 27,53575
37,23139 30,50484 27,52781
39,87625 31,17084 27,8465
38,45209 30,95625 27,61998
38,45209 30,72896 27,42767
38,04519 30,92129 27,31402
40,0797 30,53663 27,2719
41,50386 31,19307 27,50951
40,0797 30,99757 27,69468
39,06244 30,77981 27,58739
37,23139 31,15334 28,36543
39,87625 31,01347 27,83773
39,06244 30,57001 27,22421
38,85899 31,12632 27,95695
41,50386 30,98168 27,6621
43,53838 31,55865 28,17073
41,91077 31,40447 27,39507
42,11422 31,62859 28,67936
42,92803 31,1899 28,24783
39,26589 31,29162 28,17312
44,96255 31,45375 28,32809
38,65554 31,01506 27,61999
40,89351 31,49825 27,78927
44,35219 31,46328 28,18186
36,82449 31,60633 28,43458
41,30041 31,30116 27,95537
36,82449 31,37905 27,73443
38,04519 31,52368 27,9665
40,0797 30,93876 27,6939
41,30041 31,39971 28,08729
37,43484 31,54911 28,60068
43,53838 31,39811 28,1151
38,04519 31,17401 27,92993
36,01069 30,45717 27,18129
38,65554 31,50302 27,82503
42,31767 31,69217 28,18822
40,28315 31,47124 27,9363
38,65554 31,31228 27,89655
39,67279 31,36315 28,34001
38,65554 31,33294 28,31457
40,28315 31,69535 28,03085
38,04519 31,20738 27,9633
39,26589 31,59997 28,15166
36,62104 31,34726 27,65018
42,52113 31,83998 28,29471
38,24864 31,73509 28,28518
40,0797 31,36473 27,94583
41,91077 31,20261 27,60647
40,0797 31,15335 27,95219
37,23139 31,26302 27,79085
39,46935 31,34726 27,87429
37,23139 31,16764 27,72806
40,28315 31,33295 28,06583
39,67279 31,15651 28,19537
42,11422 32,35973 28,37974
43,53838 31,38699 27,97284
39,87625 31,14699 27,24885
41,09696 31,55706 28,01576
