0,6103516 0,4069012 0,3019973
0,8138021 0,4514063 0,3266345
0,6103516 0,4275644 0,3163028
1,017253 0,4609431 0,346503
0,8138021 0,4450485 0,3321978
0,8138021 0,4768378 0,3671656
1,017253 0,4577641 0,365576
0,8138021 0,4831957 0,3774969
0,8138021 0,4943219 0,3870335
1,017253 0,508627 0,4076961
1,017253 0,5038586 0,4108748
1,017253 0,5054481 0,4116696
1,017253 0,5467734 0,4371005
1,220703 0,5515417 0,43869
1,424154 0,5499523 0,446637
1,424154 0,5658466 0,4529948
1,627604 0,627835 0,4919361
1,220703 0,6500878 0,503857
1,627604 0,7136663 0,548362
1,424154 0,7120768 0,5682309
1,424154 0,7406869 0,5904838
1,627604 0,8487705 0,660421
6,917316 0,9504967 0,719231
6,306965 0,9791069 0,7232042
7,324217 1,041095 0,7979079
6,713866 1,101493 0,8241333
5,086263 1,168249 0,8638686
6,510416 1,295406 0,9489045
8,341469 1,406671 1,000563
8,748369 1,605353 1,125335
6,713866 1,848539 1,320044
8,341469 2,021789 1,441637
7,934568 2,425509 1,699128
7,527668 2,69731 1,912118
9,35872 3,239313 2,305506
8,748369 3,692309 2,623396
10,98633 4,213652 2,969901
12,41048 4,712739 3,379185
13,42774 5,227726 3,649394
12,41048 5,391441 3,826619
12,41048 6,052653 4,35114
14,24153 6,430943 4,735785
12,61393 6,922087 5,056858
13,42773 7,831254 5,63145
15,86915 8,595783 6,25054
14,03809 9,001096 6,832281
17,90365 10,01835 7,725557
24,21062 10,99904 8,567177
23,80371 11,16594 8,815922
21,3623 11,93365 9,433431
23,80371 12,48995 9,924567
24,82096 12,94772 10,08193
22,58301 13,85053 11,09441
24,82097 14,31942 11,1111
24,21061 15,378 12,2563
24,82097 16,05352 12,84758
22,58301 16,67023 13,2521
27,87273 17,51264 13,77662
26,85548 18,20564 13,65582
29,50033 19,60436 15,45509
29,09343 20,22108 16,67262
29,29689 21,62298 18,53386
28,27963 22,61003 19,85708
32,34865 23,47628 20,59222
32,14519 24,88454 21,9226
31,12794 25,7508 23,21321
32,1452 26,30711 23,80054
32,959 27,21468 24,69539
32,959 28,12227 25,66338
34,79005 29,30959 26,71083
36,01076 29,98512 27,65894
35,40041 30,91019 28,49819
36,21421 31,38861 29,14112
38,65562 32,21989 30,07969
37,43491 32,90813 30,7099
38,85907 33,1688 31,09853
38,24872 33,59796 31,30834
38,24871 34,22102 32,1722
41,91082 34,74078 32,86839
40,28322 34,99984 33,20296
39,87632 35,28595 33,43661
40,28322 35,85656 33,90869
40,48668 36,3636 34,45229
40,28322 36,70535 34,90608
40,69013 37,23304 35,12383
41,30047 37,67968 35,60784
43,94532 37,99438 36,03934
43,53842 38,54752 36,48122
42,31772 38,86064 36,88494
43,33498 39,0784 37,17978
44,75912 39,22145 37,47783
45,16602 39,8175 37,903
45,16602 39,98757 38,24872
44,96257 40,10678 38,23042
44,75912 40,56771 38,42434
43,53842 41,01277 39,27787
44,75913 41,10495 39,0919
44,96257 41,29727 39,74517
45,97982 41,4753 39,7865
45,16602 41,68193 39,91921
44,96257 41,68033 39,88425
46,18328 41,80909 40,24105
45,77637 42,02208 40,29672
45,16603 41,99665 40,23869
45,77637 42,02049 40,2999
46,18328 42,36857 40,79182
44,96256 42,45755 40,94123
46,59017 42,46235 40,8864
45,97982 42,5593 41,00164
46,59017 42,61176 40,90071
46,59017 42,72621 41,25754
47,20051 43,11402 41,48563
46,18326 43,10291 41,54047
49,43846 43,23959 41,57385
46,18327 43,08224 41,52139
45,77638 43,30953 41,80909
46,38672 43,21736 41,8099
47,20052 43,64968 41,92035
46,59018 43,8436 42,29785
47,20052 43,72915 42,13095
47,20051 43,87379 42,22792
47,81087 44,11061 42,32883
48,21777 44,19484 42,49255
46,99707 44,23459 42,78898
47,81086 44,12493 42,64198
49,23502 44,45711 42,93047
49,03156 44,61923 43,14106
48,62466 44,4587 42,696
49,43847 45,00072 43,42558
47,81086 44,96732 43,32938
48,62466 45,0325 43,59883
48,82812 45,39331 43,80862
49,64192 45,20099 43,82372
48,42121 45,57133 43,45338
50,86261 45,76046 43,99379
49,84537 45,66828 44,08757
50,04882 45,96233 44,18373
49,84537 46,20394 44,59142
51,87987 46,50752 44,79485
50,04882 46,51387 44,95618
51,06606 46,65057 45,13183
50,65917 46,89853 45,41793
51,26952 47,08132 45,47597
51,47297 47,12105 45,55146
49,84537 47,09243 45,41157
50,86262 47,14328 45,60948
52,69366 47,7457 46,12605
50,25228 47,51522 45,91543
50,86262 47,72026 45,9981
50,86262 47,76795 46,31359
51,47297 47,54222 45,85424
50,65918 47,94597 46,42805
52,69366 48,32268 46,61561
52,28678 48,03181 46,11652
51,06607 48,48163 47,05907
51,06607 48,20028 46,7205
52,69367 48,36559 46,95257
52,08332 48,2877 46,64181
52,08331 48,57541 47,04558
51,67643 48,63263 46,95655
51,06608 48,41964 46,95496
51,47297 48,54519 46,89456
52,69367 48,90123 47,46753
52,28677 48,56269 47,23549
52,89711 48,70892 47,14967
52,28677 48,4085 47,01374
51,47297 48,73912 47,21086
52,28677 48,83764 47,22278
52,28677 49,14126 47,61615
52,89713 48,89009 47,51601
51,87986 48,99023 47,43099
54,32127 49,20802 47,61379
53,50746 49,39873 47,91259
52,69367 49,20165 47,83551
53,10058 49,72935 48,05643
52,69367 49,48457 47,96108
55,13506 49,95504 48,38229
54,11782 49,67849 48,24481
53,50748 49,88035 48,07791
54,11783 49,94866 48,34492
53,10058 49,82948 48,19154
