0,8138021 0,4371011 0,318687
0,8138021 0,4243854 0,3091501
0,8138021 0,4529957 0,3290187
1,017253 0,4625326 0,3488871
0,8138021 0,4657115 0,346503
1,017253 0,4688904 0,3663708
0,8138021 0,4704799 0,3679603
1,627604 0,5038586 0,3798812
1,017253 0,4847851 0,3846493
1,017253 0,4704799 0,3759074
0,8138021 0,4831957 0,3846493
0,8138021 0,5165741 0,4029279
0,8138021 0,5324684 0,4323321
1,017253 0,5372368 0,4235904
1,017253 0,5435945 0,4434582
1,017253 0,5578994 0,4482265
1,017253 0,5849198 0,4665049
1,220703 0,5992248 0,4760415
1,220703 0,6755192 0,5165722
1,424154 0,6850561 0,5372356
1,424154 0,720024 0,5714098
1,424154 0,7613497 0,5976363
1,627604 0,8042653 0,6381683
1,831055 0,8662547 0,6771101
1,627604 0,964802 0,7390993
2,237956 1,023611 0,7708873
1,831055 1,015664 0,7820129
1,831055 1,101493 0,8336691
2,034505 1,203219 0,9044001
3,051758 1,220703 0,9481103
3,051758 1,250903 0,9441368
3,458659 1,358987 1,049042
3,458659 1,419387 1,090369
3,86556 1,503627 1,143616
4,069011 1,540184 1,167459
5,696614 1,641908 1,241366
5,086263 1,708664 1,308121
5,900065 1,719791 1,289048
6,510416 1,715022 1,313684
5,696614 1,770654 1,317659
5,493164 1,786548 1,343089
7,527668 1,840591 1,377264
6,103515 1,924833 1,4623
6,917316 1,897813 1,412233
5,900065 2,013843 1,528264
5,289714 2,028149 1,517138
5,696614 2,021791 1,501244
4,882813 2,063116 1,548928
5,493164 2,088547 1,592637
7,120766 2,284048 1,684029
6,917316 2,180733 1,616478
6,306965 2,30789 1,692771
6,103515 2,524059 1,805623
6,306965 2,606712 1,867612
6,510417 2,708436 1,926423
6,103515 2,942084 2,004305
36,01069 3,433226 2,261002
36,41759 3,698667 2,450147
33,36585 3,902118 2,651215
38,24864 4,213648 2,851484
35,80724 4,803338 3,331502
38,45209 5,613962 3,949007
41,70732 6,232258 4,471138
42,31767 6,623265 4,932881
31,33135 6,720226 5,178452
33,56929 7,262228 5,609989
33,9762 7,665952 5,900065
37,23139 8,080798 6,220341
43,94529 8,989973 6,95626
41,09696 9,625756 7,406078
49,8454 9,856221 7,525287
47,40397 10,492 7,92344
50,65921 11,06739 8,437633
47,81088 11,14209 8,602934
54,11789 12,0163 9,473171
57,98348 12,70453 9,728277
42,92803 12,7999 9,826026
54,11789 13,62006 10,57625
49,23504 14,03808 10,72884
48,82814 14,54195 11,51641
49,03159 14,89957 11,81523
52,89718 15,53377 12,30876
53,10063 15,89457 12,74268
52,69373 16,29671 12,99779
48,42123 17,00879 13,51436
61,84907 17,02309 13,47462
49,8454 17,4284 13,95702
54,72825 18,35347 14,49824
44,7591 18,44089 14,73189
55,74551 20,06213 15,91524
54,32134 20,48492 16,10836
48,42123 21,38774 16,8403
51,26957 22,57824 18,09199
51,26957 22,54962 18,21677
45,97981 23,06302 18,96302
51,06611 23,85458 19,71006
64,08704 24,42359 19,74105
54,5248 24,41565 20,06849
57,37313 24,79871 20,35379
51,26957 25,24058 20,50242
52,08337 25,40906 21,1064
47,40397 24,86547 20,52466
60,83181 25,94629 21,92417
52,49028 26,20856 21,93452
49,4385 26,82049 22,30884
55,54206 26,72514 22,81586
51,26957 27,68516 22,59413
56,55932 27,95059 22,7507
57,57658 28,07935 22,48923
54,32135 28,51326 22,69109
56,96622 28,97261 22,5838
53,30408 29,09183 23,36422
57,16967 30,00416 23,97059
49,8454 31,04685 24,2106
63,88359 32,22146 23,43178
63,06978 32,79527 22,96846
52,69373 33,79502 24,02622
55,94896 37,98324 26,00829
61,44217 41,32427 29,94536
58,18694 43,81021 36,34851
58,18694 44,23618 37,40788
65,91811 44,66534 37,94829
64,90086 46,30091 38,75415
61,03526 47,16238 40,63927
58,59384 47,08926 39,95338
64,49395 46,676 39,40661
66,12157 46,13242 39,36132
59,6111 46,9796 40,24982
64,49395 48,37515 41,29411
60,62836 48,92669 42,4258
63,68014 50,43984 43,9024
69,7837 51,09791 44,19885
65,1043 52,48392 46,27544
67,13882 53,32951 47,191
63,88359 53,8604 48,49597
67,13882 54,46439 49,28034
64,08704 53,69507 49,26204
62,05252 54,59789 50,30396
68,76643 55,45463 50,66319
66,32501 55,68828 50,8118
69,58025 56,44326 52,11277
65,30775 56,02203 51,21791
64,49395 56,16194 51,38718
66,73192 56,34314 51,35379
66,12157 57,57018 52,75808
68,76643 56,45121 51,70667
75,48036 57,97232 53,56393
67,54573 58,23777 53,60686
68,35954 58,32836 53,45111
68,56299 58,56361 54,29989
68,35954 59,00073 54,11073
71,00441 60,02754 55,44906
67,54572 58,98483 54,69165
71,20787 60,72215 56,15955
71,61477 60,16267 55,60247
69,17335 60,85727 56,25813
69,37679 59,55703 55,3338
68,56299 59,61745 55,18839
69,7837 60,58862 55,5627
68,76644 59,82726 56,16669
70,19061 60,48531 56,32882
69,17335 61,09727 56,76117
72,42858 60,38358 56,33122
68,96989 61,06391 56,84463
70,19061 60,39631 56,29308
71,81822 61,48034 56,967
70,80096 61,12746 56,9527
71,00442 60,42173 56,36141
69,7837 61,16881 57,27537
70,39406 61,048 56,29387
71,61477 61,58207 56,73812
74,4631 61,44696 56,86927
72,02168 61,23236 56,97811
71,00442 61,2324 56,88437
70,39406 61,35478 57,60519
70,5975 61,72354 57,30477
68,35954 61,55504 57,06475
73,03893 61,24987 56,17228
67,95264 61,45808 57,09975
71,41132 61,26414 56,6793
70,19061 61,53754 57,35004
72,83549 61,37067 56,63163
73,85275 61,17675 57,20702
69,98715 61,76168 57,68544
72,83549 61,53277 57,55033
75,27691 61,65837 56,4266
69,3768 61,00506 56,80567
75,88727 62,38475 57,83406
72,22513 62,43085 58,58588
72,22513 61,55982 56,73179
71,41132 61,6965 57,55195
70,80096 61,67107 57,05123
69,7837 61,69333 56,71511
73,44584 61,69651 57,5551
71,41132 61,40403 56,87321
68,56299 61,72989 57,69896
74,4631 61,98101 57,50423
69,17335 61,3945 57,25867
74,25965 62,80755 58,14638
72,02168 61,94447 57,65287
73,03893 61,74895 56,74051
72,83549 63,22718 59,34247
70,59751 62,18926 57,45102
75,88727 62,32593 58,27435
72,22513 62,56596 58,82272
72,22513 62,29256 58,11619
71,00442 62,02711 58,22823
71,20786 62,32117 57,55431
71,20787 62,23216 58,44358
72,02168 62,42132 57,81657
79,14247 62,97922 58,84655
73,64929 62,42607 58,45314
68,76644 61,74258 58,19886
69,7837 62,09069 57,79351
72,02168 62,60252 58,57236
68,96989 62,41335 58,18218
71,20787 63,06346 59,29479
76,29417 62,65654 58,50085
