0,6103516 0,2415978 0,1390776
0,6103516 0,2384188 0,1287462
0,8138021 0,252724 0,1462301
0,8138021 0,2415978 0,140667
0,6103516 0,2447767 0,1517932
0,6103516 0,2336504 0,140667
0,8138021 0,252724 0,1573562
0,6103516 0,2543135 0,1525879
0,6103516 0,2495451 0,1597404
0,6103516 0,2638502 0,1692771
0,6103516 0,2447767 0,1533826
0,6103516 0,2447767 0,1509984
0,8138021 0,2511346 0,1772243
0,6103516 0,2352399 0,1517931
0,4069011 0,2352399 0,1517931
0,6103516 0,2479557 0,1573562
0,6103516 0,2384188 0,1589457
0,4069011 0,2543135 0,1565615
0,4069011 0,2400083 0,1613298
0,6103516 0,2559029 0,1629193
0,4069011 0,2590819 0,1653035
0,6103516 0,2543135 0,1676877
0,8138021 0,2543135 0,1621246
0,6103516 0,2511346 0,1541774
0,6103516 0,2463662 0,163714
0,6103516 0,2415978 0,1565615
0,6103516 0,252724 0,1796085
0,6103516 0,2638502 0,1692771
0,6103516 0,2527241 0,1629193
0,6103516 0,2511346 0,1684824
0,6103516 0,2511346 0,1605351
0,6103516 0,2559029 0,163714
0,6103516 0,2463662 0,1684824
0,4069011 0,2543135 0,1660982
0,4069011 0,2447767 0,1708665
0,6103516 0,2527241 0,1692771
0,6103516 0,2654397 0,1708666
0,6103516 0,2733869 0,1835821
0,6103516 0,2511346 0,1653035
0,8138021 0,2670291 0,1748402
0,6103516 0,2495451 0,1756349
0,4069011 0,2463662 0,1653035
0,6103516 0,2559029 0,1716613
0,6103516 0,2543135 0,1827874
0,6103516 0,2733869 0,1740454
0,6103516 0,270208 0,1764296
0,6103516 0,2463662 0,1629193
0,6103516 0,2495451 0,1732507
0,6103516 0,270208 0,181198
0,6103516 0,2749763 0,1756349
0,8138021 0,2813341 0,1978871
1,017253 0,2686186 0,1700718
0,6103516 0,2606713 0,172456
0,6103516 0,2574924 0,1756349
0,6103516 0,2559029 0,1708665
0,6103516 0,2670291 0,1827874
0,6103516 0,2670291 0,1740455
0,6103516 0,2479557 0,1716613
0,8138021 0,270208 0,1875558
0,6103516 0,2543135 0,1764296
0,6103516 0,2606713 0,1740454
0,6103516 0,2622608 0,1764296
0,4069011 0,2559029 0,1597404
0,6103516 0,2829235 0,1970924
0,6103516 0,2797446 0,2026555
0,6103516 0,2590819 0,1788138
0,6103516 0,2527241 0,1756349
0,4069011 0,2574924 0,1907347
0,6103516 0,2622608 0,1827874
0,6103516 0,2733869 0,1947083
0,6103516 0,2511346 0,1732507
0,6103516 0,2686186 0,1883505
0,6103516 0,270208 0,1907347
0,6103516 0,2654397 0,1947083
0,6103516 0,2733869 0,1923241
1,017253 0,2988178 0,2050396
0,6103516 0,2638502 0,1923241
1,017253 0,2670291 0,1835822
0,6103516 0,2638502 0,1764296
0,6103516 0,2622608 0,1827874
0,6103516 0,270208 0,1947083
0,6103516 0,2717974 0,2010661
0,6103516 0,2749763 0,1899399
0,8138021 0,2972284 0,2082185
0,6103516 0,270208 0,1923241
0,6103516 0,2845129 0,1970924
0,6103516 0,2717974 0,2034502
0,8138021 0,2861024 0,2074238
0,8138021 0,2908707 0,2066291
0,6103516 0,2988178 0,2018607
0,6103516 0,2861024 0,2042449
0,6103516 0,2829235 0,1962977
0,6103516 0,2829235 0,209808
0,6103516 0,270208 0,1986819
0,4069011 0,2543135 0,1939135
0,6103516 0,2861023 0,2113974
0,6103516 0,2876918 0,209808
0,6103516 0,281334 0,2034502
0,6103516 0,270208 0,1978872
0,8138021 0,2781552 0,2042449
0,6103516 0,2797446 0,2082185
0,6103516 0,2829235 0,2018607
0,8138021 0,3131227 0,2280865
0,6103516 0,2781552 0,2058344
0,6103516 0,2861024 0,2042449
1,017253 0,3099439 0,2272918
0,6103516 0,3004073 0,2193446
0,6103516 0,2861024 0,1994766
0,6103516 0,2733869 0,2058344
0,6103516 0,2797446 0,2058344
0,6103516 0,2813341 0,2082185
0,8138021 0,2797446 0,2082185
0,6103516 0,2654397 0,1986819
0,6103516 0,2717974 0,2034502
0,6103516 0,2829235 0,2074238
0,6103516 0,2765657 0,195503
0,6103516 0,2765657 0,2042449
0,6103516 0,2733869 0,1962977
0,8138021 0,2861024 0,2026554
0,8138021 0,2988178 0,2145762
0,6103516 0,2765657 0,2050397
0,6103516 0,2686186 0,1939136
0,6103516 0,2924601 0,2129868
0,6103516 0,2829235 0,2034502
0,6103516 0,2638502 0,2018608
0,6103516 0,2845129 0,2066291
0,6103516 0,306765 0,2129868
0,8138021 0,306765 0,2257023
0,6103516 0,3115333 0,2344443
0,8138021 0,2876918 0,2209341
0,6103516 0,3004073 0,2225235
0,8138021 0,2749763 0,209808
0,6103516 0,3004073 0,2249077
0,6103516 0,2988178 0,2161657
0,6103516 0,3083544 0,2320601
0,6103516 0,3004072 0,2249076
0,8138021 0,306765 0,2304707
0,6103516 0,3051755 0,2312654
0,8138021 0,3242488 0,235239
0,6103516 0,3115333 0,2368284
0,6103516 0,3226593 0,2368284
0,8138021 0,3274276 0,2400073
0,8138021 0,3115333 0,2415968
0,6103516 0,3226593 0,2423915
0,6103516 0,2781552 0,2193447
0,6103516 0,3051755 0,2328549
0,6103516 0,3210699 0,2423915
0,8138021 0,3163016 0,2463651
0,8138021 0,3337854 0,2543124
0,8138021 0,3337854 0,2503387
0,6103516 0,3369643 0,2487492
0,6103516 0,3274276 0,2503387
0,8138021 0,3623958 0,2606705
1,017253 0,3417326 0,2551071
0,6103516 0,3353748 0,2503387
0,8138021 0,3147121 0,2336495
0,8138021 0,3401432 0,2535176
0,8138021 0,3258382 0,2415967
0,6103516 0,3417327 0,2590809
1,017253 0,3576274 0,2638494
0,8138021 0,3560379 0,2622599
0,8138021 0,3480906 0,2582861
0,8138021 0,3703432 0,2781548
0,6103516 0,3608064 0,2757705
0,6103516 0,352859 0,2670283
0,8138021 0,3894168 0,2853076
0,8138021 0,3878273 0,2813338
1,017253 0,41008 0,2964341
1,017253 0,4355115 0,3115343
0,8138021 0,4005433 0,2924604
0,8138021 0,4053116 0,299613
0,8138021 0,4021326 0,299613
1,017253 0,4498168 0,3258398
1,017253 0,4545852 0,3337873
0,8138021 0,4561747 0,343324
1,220703 0,4784272 0,3480925
1,017253 0,4688904 0,3425294
0,8138021 0,4593536 0,3353768
1,017253 0,4768378 0,3608079
0,8138021 0,4959114 0,3814706
0,8138021 0,4831957 0,3806757
1,017253 0,5070375 0,3902124
1,017253 0,4990903 0,3981594
1,017253 0,5372368 0,4100803
1,424154 0,5722045 0,4442531
1,424154 0,5626677 0,4402794
1,220703 0,596046 0,4617368
1,220703 0,6341929 0,4863732
1,220703 0,6516772 0,5062411
1,220703 0,6707509 0,5205457
1,220703 0,6834666 0,5261089
1,424154 0,7327397 0,5618727
1,627604 0,7359186 0,5904839
1,627604 0,7470447 0,6103526
1,627604 0,813802 0,6532679
1,627604 0,8392337 0,6699573
1,424154 0,853539 0,6850573
1,831055 0,9425497 0,739894
1,831055 0,9187076 0,7287676
2,034505 0,964802 0,7812192
2,237956 1,02679 0,822544
1,627604 0,9870541 0,8018816
2,237956 1,055399 0,8559217
2,034505 1,106261 0,8964521
2,034505 1,136461 0,9210889
2,034505 1,215935 0,9783102
2,644857 1,303356 1,059373
2,441406 1,406671 1,142822
2,644857 1,475017 1,208785
3,051758 1,586277 1,295407
2,644857 1,638728 1,348652
2,848307 1,742045 1,46071
2,644857 1,761119 1,479784
3,051758 1,888277 1,590255
3,051758 1,970929 1,617275
3,051758 2,045631 1,733303
3,255208 2,182323 1,849332
3,66211 2,28564 1,929601
3,458659 2,349221 2,003512
4,069011 2,501805 2,133846
3,86556 2,587633 2,210141
3,458659 2,562202 2,208552
4,272461 2,635316 2,291203
3,662109 2,695717 2,357163
4,069011 2,810161 2,438224
4,475912 2,880099 2,508955
4,069011 2,921427 2,559027
5,289713 3,021561 2,630554
4,272461 3,116925 2,697311
4,272461 3,169374 2,782346
5,086263 3,245668 2,825259
4,679362 3,382366 2,928573
5,086263 3,444355 2,969104
5,289714 3,636679 3,175737
5,289714 3,625552 3,165405
5,493164 3,68913 3,248058
5,086263 3,679593 3,252826
5,086263 3,730453 3,340242
4,882813 3,803567 3,368056
5,289714 3,994307 3,503958
5,289714 3,933907 3,461837
5,086263 3,870327 3,446736
6,103515 4,022919 3,573895
5,493165 4,073782 3,631912
4,882813 3,960929 3,531776
7,120767 4,131001 3,658931
6,713867 4,138948 3,696286
5,289714 4,088087 3,691517
5,696616 4,08332 3,678803
5,900064 4,164378 3,704231
6,103516 4,153253 3,712179
5,696614 4,18981 3,774168
5,900066 4,364647 3,876684
5,696614 4,339213 3,871119
5,696614 4,361466 3,888605
5,696614 4,342394 3,861585
6,103515 4,380539 3,910856
5,696614 4,299478 3,856022
5,696614 4,353519 3,911651
6,510417 4,482268 3,99192
5,493165 4,409151 3,967282
6,713866 4,455246 3,958542
5,900065 4,41074 3,965693
6,306966 4,493398 4,038015
6,103516 4,572874 4,080138
6,306965 4,545852 4,064242
6,713867 4,657113 4,182662
5,900065 4,60784 4,126234
6,510417 4,615787 4,16915
6,103516 4,671416 4,197758
6,306966 4,641219 4,198552
6,103516 4,776318 4,268487
6,306965 4,749298 4,277228
6,103515 4,827178 4,344779
7,120768 4,946383 4,4465
6,306967 4,879627 4,36862
6,713866 4,908237 4,432196
6,306965 4,908237 4,45604
6,917317 4,914596 4,404384
6,510417 5,046527 4,518034
6,103516 4,93844 4,506112
6,306965 5,060834 4,553003
6,917317 5,083088 4,581614
6,917317 5,056066 4,554595
6,510417 5,097394 4,573666
6,510415 5,081501 4,532342
6,917318 5,040168 4,574457
6,713867 4,954333 4,483062
6,510417 5,038582 4,576842
6,917318 5,027454 4,523596
6,713867 5,089447 4,598303
7,120768 5,126005 4,606252
7,120768 5,102162 4,607837
6,510417 5,064013 4,567307
6,306966 5,116469 4,591944
6,713868 5,205476 4,693669
6,510417 5,24998 4,707177
6,917317 5,089446 4,57923
8,13802 5,205478 4,684132
6,713867 5,153026 4,641218
7,120769 5,215014 4,658701
7,527669 5,089447 4,619757
6,917317 5,11329 4,637242
7,120768 5,262695 4,661082
7,120769 5,215014 4,719895
7,120768 5,172099 4,71274
6,917316 5,361238 4,825589
6,917317 5,310377 4,785059
7,73112 5,380313 4,777905
7,120768 5,313557 4,796186
6,917317 5,246801 4,719892
7,120768 5,346935 4,827977
6,510417 5,377131 4,843074
6,713867 5,186404 4,695258
7,527668 5,370774 4,862148
7,324218 5,373954 4,863738
7,324218 5,358059 4,825593
7,120767 5,348523 4,827976
8,341471 5,410509 4,897909
6,713867 5,43117 4,880425
7,527668 5,35647 4,80175
6,510417 5,340575 4,836715
8,341471 5,516999 4,9901
8,54492 5,447067 4,8995
9,358722 5,594886 4,959107
9,358723 5,652103 5,025864
9,35872 5,80311 5,172094
8,138021 5,78245 5,153022
9,969073 5,769732 5,212622
10,57942 6,206828 5,509055
9,155272 6,276764 5,546412
11,39323 6,820359 5,83967
10,37597 6,936393 6,029607
12,61393 7,368721 6,348289
11,18978 7,789927 6,683669
12,41048 8,19365 6,911754
12,20703 8,430477 7,265407
12,20703 8,287432 6,98328
12,41048 8,465447 7,225673
12,61393 8,737247 7,433892
13,42773 8,748369 7,478395
14,85189 9,004274 7,665156
17,2933 9,427062 7,929801
22,58301 9,504956 7,862252
23,80371 10,13597 8,316038
23,19336 11,04991 8,888249
28,27961 12,13869 9,549461
21,97266 13,61688 10,7185
36,21415 17,49357 13,56205
27,26236 19,22448 15,92318
28,68651 19,60913 16,58678
30,3141 21,43065 18,00776
31,33135 22,13001 18,62446
30,31411 21,84072 18,84778
30,721 22,33823 19,23324
31,33135 22,71175 19,69258
32,7555 23,52714 20,57076
30,92446 23,67973 20,78373
33,16241 24,21378 21,16363
33,9762 24,1216 21,02614
31,33136 24,9068 21,36628
36,4176 25,75715 22,26591
34,79 25,9145 22,61797
36,01071 25,99716 22,89772
36,21415 26,18789 23,06462
33,16241 26,74101 23,57403
32,7555 25,54098 22,39864
35,19691 26,12114 22,84845
37,2314 27,41336 23,74092
35,80725 27,75987 24,35447
34,79 27,82344 24,41168
42,72459 28,17946 24,70094
33,97619 28,10954 25,05062
34,38311 28,19378 25,09832
34,58656 27,44355 24,25114
37,02795 28,77712 25,3725
39,06244 29,27143 25,9622
41,70733 29,33659 25,67371
41,50387 29,64178 25,79053
37,6383 28,99168 25,70469
38,859 29,96761 26,53995
39,06246 30,26642 26,72353
38,24865 29,92628 26,6226
41,09696 31,32819 27,85126
36,0107 29,99304 26,9262
41,50387 30,86883 26,73387
44,35219 31,3107 27,93787
42,52112 31,2662 27,87747
41,30042 30,82433 27,63113
41,91078 31,56342 28,06662
41,70732 32,684 28,97977
45,9798 32,34385 28,71196
43,74185 32,75393 29,13792
42,31768 32,862 29,02744
40,48662 32,32318 28,28598
45,16601 33,37858 29,87701
48,6247 33,22283 29,58218
41,09697 33,40878 30,03756
39,26591 32,32477 29,07275
41,70732 33,19262 29,31753
52,69373 33,90788 29,80311
42,52113 33,65356 29,92312
45,97981 33,99529 29,97398
43,33494 34,37995 30,80605
43,13148 33,466 30,32285
43,33493 34,12564 30,35148
42,92803 33,58203 29,83887
43,33493 34,56907 30,95943
44,55566 34,63902 30,83466
42,31768 34,90286 31,08342
43,74183 33,38652 29,65609
44,75911 34,5532 30,90222
43,13148 34,82339 31,2368
42,52113 34,81703 31,11997
43,94529 34,53252 30,94752
40,48661 33,54388 29,9851
47,60742 34,79478 31,4315
46,18326 35,19214 31,28926
42,52113 35,13494 31,95843
41,50388 33,96986 30,02245
44,96254 34,92671 31,24157
47,60742 35,33679 31,25825
48,62469 35,24301 31,41165
44,14875 35,34791 31,40846
46,18325 35,85337 31,67708
43,53839 35,39559 31,6572
43,74184 36,08701 32,28663
45,16601 36,04888 32,4432
41,91076 35,72302 32,16106
45,36946 36,11403 32,3971
44,96254 36,32542 32,68161
45,16601 36,04567 31,89402
43,94529 36,61788 32,28185
45,5729 36,6306 32,43365
50,04884 36,85471 32,44717
47,40397 36,9612 33,22202
48,62469 36,74026 33,013
46,79361 36,82928 33,07101
46,59017 36,38742 32,76028
46,79361 37,34745 33,07898
48,21779 36,20621 32,41853
50,04884 36,50504 33,15924
45,36945 36,67669 33,1187
48,62467 37,32996 32,95976
46,18326 36,8086 33,32454
51,06609 37,66056 33,63449
46,79362 38,48707 34,37993
49,64194 38,28044 34,22974
47,40397 39,03543 34,65332
49,23503 39,15465 35,0968
47,81089 37,37763 33,48825
52,08337 38,32813 34,34893
51,47303 39,60129 35,727
51,87992 39,59493 35,13176
48,01432 39,26433 35,12699
50,04885 39,48367 35,30581
47,81088 38,95597 34,92354
47,81087 39,06564 34,98871
47,60743 39,35491 35,20883
50,86266 39,51705 35,31295
49,43848 39,40102 35,75482
52,89717 39,49001 35,70634
48,82814 38,98935 35,27877
51,0661 39,07676 35,12381
48,01432 39,9001 35,92648
52,89717 40,2466 35,92966
46,59017 36,94214 32,89937
49,0316 38,9051 35,24698
49,23502 39,25637 35,43932
52,28683 39,31996 35,60223
49,23505 40,3531 36,31112
49,43848 39,78884 36,10212
49,64195 39,6744 35,86211
47,81087 39,67124 36,00994
53,91444 40,07972 36,13708
51,26955 40,6996 36,09577
51,26957 39,827 35,84066
50,45573 39,12921 35,48142
53,30408 39,27863 34,89493
47,20052 37,8672 34,10099
50,04885 37,55566 33,76402
47,60743 39,0275 34,90924
46,99707 37,60969 33,43979
49,23505 37,11856 33,53912
47,20053 37,36651 33,9468
49,64196 39,79839 35,7731
53,50752 39,73798 35,79853
49,4385 39,41531 36,06395
49,23505 39,45665 36,05046
51,87988 39,41531 35,21598
49,64195 39,97004 35,66581
48,82813 39,42804 35,57123
48,42123 39,75705 35,22234
50,86264 39,21188 35,16275
52,28682 39,65533 35,74847
47,81089 39,10696 35,14924
49,64195 39,35173 35,28036
45,77635 39,52658 36,30795
47,60743 38,83039 34,85043
47,20052 37,71619 33,87767
48,62469 39,99388 35,57202
48,01432 40,11467 36,0584
48,62469 39,25001 35,33361
46,18327 40,3674 36,42953
51,0661 39,59493 35,43773
52,28682 40,56131 35,91535
49,23503 40,24343 35,80886
46,59018 40,11945 35,96304
52,69373 40,5057 36,4208
50,45575 40,13534 36,09893
49,03159 40,20369 36,36914
50,25231 40,41668 36,34132
49,23504 40,2037 36,1665
52,28683 40,13057 36,27377
48,82814 40,04316 35,66184
48,82813 40,0066 35,6515
51,87992 40,11787 36,60359
52,89717 40,129 35,85737
53,30408 40,19415 36,20621
50,86264 40,48025 36,43829
