0,3417969 0,07209778 0,03604889
0,5126953 0,08811951 0,04405975
0,3417969 0,08544922 0,04272461
0,3417969 0,06942749 0,03471375
0,3417969 0,1014709 0,05073547
0,5126953 0,09880066 0,04940033
0,3417969 0,1041412 0,05207062
0,5126953 0,1041412 0,05207062
0,5126953 0,1174927 0,05874634
0,3417969 0,138855 0,06942749
0,6835938 0,1655579 0,08277893
0,3417969 0,1922607 0,09613037
0,5126953 0,2056122 0,1028061
0,5126953 0,2269745 0,1361847
0,5126953 0,2296448 0,1375198
0,8544922 0,2483368 0,1588821
0,8544922 0,2910614 0,1802444
0,8544922 0,2910614 0,1962662
0,8544922 0,3097534 0,2069473
1,025391 0,3871918 0,2510071
1,708984 0,4619598 0,2897263
1,538086 0,6275177 0,4125595
3,076172 0,8518219 0,5554199
2,905273 1,102829 0,7209778
2,392578 1,329803 0,8865356
3,930664 1,687622 1,166916
3,076172 1,866531 1,328468
3,588867 1,847839 1,392555
3,247071 1,914597 1,401901
3,930665 2,138901 1,52607
3,930664 2,082825 1,468658
4,272461 2,325821 1,680946
4,101563 2,216339 1,559448
4,443359 2,360535 1,714325
4,614258 2,547455 1,839828
4,956055 2,627563 1,881218
4,272461 2,462006 1,746368
4,785156 2,982712 2,124214
6,323242 3,273773 2,32048
5,810546 3,348541 2,36721
5,981445 3,439331 2,474022
6,835936 3,749084 2,729034
7,006834 3,919983 2,899933
6,835937 4,371262 3,232384
6,665038 4,568863 3,323174
9,74121 4,854584 3,683662
9,057617 5,610275 4,247093
10,25391 6,229782 4,738426
9,912108 6,825256 5,297852
10,25391 7,121658 5,542183
11,2793 7,618332 6,010818
12,64649 8,62236 6,783867
12,30469 8,446121 6,829262
12,47559 9,313965 7,491493
13,15919 9,677124 7,778549
14,86817 9,970857 8,189774
16,91895 10,07767 8,345985
15,38087 10,48355 8,914757
14,35547 10,18982 8,560944
15,20997 10,60371 9,04026
18,96973 10,92415 9,08432
14,35547 10,99625 9,207153
18,79883 11,80801 9,6838
17,94434 11,7012 9,988213
16,06446 11,89346 9,908104
16,91895 12,76131 10,62107
15,38086 12,69989 10,77328
16,40626 12,90817 10,87341
16,57715 13,47962 11,38477
18,11524 13,47695 11,45954
16,91895 13,6158 11,88679
20,16601 14,3795 11,97357
19,14063 14,79607 12,79335
23,07129 14,71329 12,72926
25,80566 15,24734 12,94823
19,82421 15,63988 13,38882
25,29296 16,23268 13,81073
25,46386 16,43829 14,11648
21,3623 16,62254 14,16988
26,14745 17,18864 14,39953
25,12206 17,61589 14,85481
25,63476 18,02979 15,13119
25,63475 18,49174 15,59715
25,97655 18,96172 16,04843
26,66014 19,26346 16,49704
27,85643 19,9791 16,59985
29,05272 20,29953 17,31415
28,36913 20,42503 17,1566
28,02733 21,06857 17,62657
27,34373 20,75081 17,39292
29,73631 22,23015 18,43967
29,56541 22,07527 18,73341
29,73633 22,45712 18,9537
29,05272 22,54257 19,01512
30,24902 22,95112 19,26346
31,44529 23,82164 20,35694
28,02733 23,06595 19,88163
29,05272 23,17543 19,77215
29,56542 23,42643 19,5919
32,4707 23,77624 20,09125
36,91406 23,93379 20,75214
30,7617 24,79896 21,30489
32,1289 24,24354 20,35427
31,78709 25,19684 20,88833
33,32519 25,48256 21,49715
32,2998 25,65078 22,30491
32,29979 24,75891 21,21944
31,44531 25,44784 22,01786
32,29979 26,31836 22,25818
33,49608 25,19684 21,87099
32,29979 25,32768 21,86966
32,81249 25,76828 21,82026
34,17967 25,92048 22,2208
32,64159 26,95655 23,14873
34,52147 27,19688 22,9351
34,86327 26,81236 22,68543
35,20507 27,14882 23,02322
35,37596 26,72157 23,08998
37,25586 27,02865 22,85766
33,15429 27,64015 23,6494
33,66697 26,75628 22,82028
34,00877 26,58806 22,69077
35,71775 27,83241 23,30761
35,20507 27,7977 24,11938
35,88866 26,98593 22,88837
34,52148 27,84843 23,67477
34,52148 27,21023 23,62671
34,00877 27,16217 23,62003
34,35058 27,285 22,99786
34,00878 27,8511 24,03126
32,81248 27,42385 23,66009
35,88867 27,46391 23,80295
35,37597 28,40652 24,61471
36,57226 27,45056 23,39706
36,57225 27,64015 22,67742
37,93944 27,94456 23,60802
35,54686 28,3451 24,14074
37,25586 28,45993 24,58134
35,88866 28,62282 24,7282
35,88867 28,5881 24,10736
37,08496 27,91786 24,08867
34,35058 27,79236 24,02859
37,59765 29,23431 25,43716
36,91405 28,42788 24,29695
35,71777 28,52135 24,46117
35,54686 28,3905 23,84167
36,74316 28,72963 24,54395
35,88866 28,13949 24,27826
37,76854 29,22096 24,78428
38,11036 28,7857 23,70148
36,74315 29,04472 24,71351
35,71777 28,36113 24,82033
34,69238 28,65486 24,46251
36,40137 28,17421 24,11804
36,91405 29,10881 24,85504
36,05957 28,67355 24,55463
35,54686 28,95393 25,23289
37,93946 29,48799 25,02727
37,08496 28,00865 23,60802
34,86327 30,37453 25,23155
37,08495 29,12216 24,7015
38,28126 29,40254 25,60272
37,08495 30,07011 26,21422
35,20507 28,98864 24,89643
37,93946 29,53605 25,39978
39,13575 29,92592 25,31433
35,03418 28,62015 24,54128
38,62305 29,34112 24,81231
34,86328 28,88183 25,07534
38,11035 28,99132 24,98455
40,84473 29,67491 25,5146
38,11034 29,44793 25,33703
36,91407 29,06608 25,10338
37,76856 29,1008 24,58401
34,86328 28,64952 24,48921
35,54686 29,47464 25,30899
37,25586 28,78837 24,61338
39,64844 29,80041 25,3397
36,57227 28,81241 24,76692
39,64843 29,99267 25,6094
35,88866 30,476 25,48122
38,96485 29,71496 25,39177
40,16114 30,33714 25,63743
37,93945 30,37185 25,48122
38,28125 30,30777 25,93784
37,59766 30,05142 25,64812
40,84473 31,30913 26,89113
38,62305 29,54941 25,27294
37,76856 29,1729 25,11806
37,08495 30,11818 25,23422
42,04102 30,2597 25,78297
39,13573 29,77104 25,08869
37,93945 30,15556 25,89645
38,96485 30,29708 25,40912
39,47754 28,93791 24,94449
38,28124 30,27038 26,41048
39,64844 30,44395 25,81901
37,08495 30,35049 26,00994
38,62305 29,88319 25,45585
38,96484 29,67491 25,47054
37,08497 30,35316 25,94318
40,84473 30,61218 25,72422
36,74316 30,4039 25,96722
39,81934 30,44128 25,8337
37,59766 30,47867 25,89378
39,30663 30,57213 26,12343
37,08496 28,89251 24,84703
38,62304 30,5748 25,88177
40,84474 30,54809 25,88177
37,59766 30,64689 26,73359
36,74318 29,82445 26,02863
42,04103 30,82581 26,08604
37,93945 30,26504 26,5253
38,11035 30,87387 26,15414
37,42676 30,04608 25,46253
38,79395 30,88188 26,3998
39,30664 30,51605 25,83904
42,55371 30,19562 26,06067
40,33204 31,13823 26,54667
37,42676 29,0554 24,40376
38,11035 30,38788 26,11141
39,13574 30,37453 26,35975
39,13574 30,1342 25,2449
38,11035 30,24902 25,91247
35,88868 30,53474 26,11007
39,99024 30,7003 25,94318
40,67384 30,97801 26,38244
37,42676 30,01137 25,73223
37,93945 29,77905 25,78296
43,74999 31,33316 26,83239
38,79395 31,49071 26,9432
37,59766 30,49202 26,55735
38,11035 30,15022 25,6588
37,93946 30,87654 26,49593
42,04102 30,62286 26,17416
39,81935 30,66826 26,25828
41,18653 30,6015 26,05533
41,87013 30,55877 26,05667
39,13573 30,08346 25,50659
37,25586 30,40924 25,70553
38,79394 30,5561 26,01394
38,11036 31,60553 27,12479
41,35743 30,39055 25,92983
40,16114 31,07948 26,66149
39,99024 30,54275 26,06067
38,62305 31,41327 27,34108
41,01564 30,60417 26,15547
38,96485 31,24237 26,33572
40,33203 30,7724 26,63212
35,88867 29,71496 25,59871
36,23047 29,7657 25,74158
35,71777 29,92325 25,23155
36,57226 30,48134 26,25561
38,45215 31,38923 26,54667
39,81933 31,25572 26,83773
40,33203 31,27975 26,48525
42,3828 30,60951 26,41449
39,64843 30,83648 26,18885
40,33203 30,39856 26,12076
39,99023 31,15692 26,41182
38,28125 31,81915 26,5974
41,35743 31,29578 26,56136
38,62304 31,1676 25,78697
42,21193 30,59349 26,12476
43,23732 30,1876 25,86307
40,50293 30,85785 26,10607
39,47754 31,45866 27,17552
38,28125 30,70297 25,79899
39,64845 30,02739 25,70419
38,79394 30,91392 26,18751
37,59765 30,34782 25,74558
38,79393 29,97932 25,51727
37,25585 29,72565 25,51727
37,08495 29,77104 25,37708
37,25585 30,26771 25,87108
39,64845 30,47066 25,49324
39,13573 30,12619 25,7576
38,62303 30,25169 26,05133
39,64843 31,44264 26,30634
40,33205 31,36787 26,45187
39,13575 31,03409 26,6922
37,59765 30,92193 26,9659
39,30664 30,84717 26,37577
38,11034 31,18629 27,02465
36,91407 30,71899 26,53999
38,45215 31,01806 26,55868
37,42675 30,47066 26,65481
41,87011 31,81114 27,05135
40,33204 30,71365 26,11007
37,59766 30,49736 26,48792
38,45213 31,19964 26,95923
40,16114 31,57349 26,82571
38,96484 31,37321 26,5974
39,30664 30,26771 26,14346
39,30663 30,58014 25,92449
37,76855 30,71899 26,29299
42,04102 30,7724 26,42784
39,47754 31,6803 27,64149
40,50294 30,78041 26,04866
39,30665 31,28509 26,74694
39,30664 30,83916 26,42917
47,33888 31,79245 27,56805
38,96484 30,66025 26,36909
43,75001 31,48003 26,6468
38,62304 31,38656 26,81236
37,59764 31,04477 26,60942
41,35743 31,63757 26,96857
37,42675 31,72302 26,10874
38,62304 31,21033 26,97659
38,11036 31,34918 25,91381
40,67383 31,03943 26,71222
43,23732 31,89659 27,04735
38,79394 30,89523 26,43852
38,28124 31,61621 27,04468
42,72461 30,94063 26,19019
39,99023 30,9246 26,13411
44,26271 30,91125 26,10073
39,47754 31,464 27,44655
41,35744 31,44798 27,36912
39,47754 31,28242 27,29301
40,16112 30,32646 26,09673
40,67382 31,18095 26,12476
37,76856 31,02341 26,69086
39,47754 31,89659 27,17686
40,67384 32,14493 27,54135
38,96485 32,35855 28,25298
39,47754 31,66962 26,7683
39,13575 31,54945 26,90315
38,62304 31,31714 26,82037
40,84474 32,1743 27,76966
39,47754 31,43463 27,00329
42,72461 31,52008 27,19154
37,42675 30,98068 25,90446
38,79394 31,32515 26,71623
40,50294 31,52275 27,14081
41,01562 31,85653 27,21023
40,50294 32,59354 28,6068
38,11035 31,707 27,5013
38,79396 30,56145 26,09672
41,87011 31,39725 26,71623
42,21192 32,09152 27,61745
42,89551 32,91664 28,40786
39,64843 31,60019 26,89381
38,45216 31,43463 26,94053
39,64845 30,49736 25,91781
43,40822 32,33719 27,3798
39,81933 31,60286 27,48928
38,28124 30,37987 25,84038
39,30664 30,67894 26,40114
41,69922 31,72302 26,06869
39,99025 32,201 27,79503
37,93945 31,17027 26,41582
41,35743 32,18765 27,41051
43,57912 32,04879 27,46792
41,69923 32,51877 27,7029
37,76856 31,83517 27,60944
39,47756 31,75774 27,66151
44,6045 32,3719 27,51732
37,93945 32,03811 27,9726
40,50294 31,77376 27,14481
38,11035 31,4106 27,20623
40,50294 31,24237 26,56002
38,79394 30,87654 26,54133
39,99024 31,39992 26,76029
38,45215 31,44798 27,21691
39,64843 31,57883 27,4826
40,84473 31,97937 27,68822
39,30665 32,32117 27,09808
38,45214 31,84051 27,17686
39,81934 31,10084 26,87778
43,92091 32,50542 27,97794
41,87013 31,9767 27,33173
37,76854 31,25572 26,09806
38,62304 31,17294 26,1074
40,16114 31,55212 26,74561
39,13574 31,66694 26,92451
40,33203 32,45201 27,35443
42,89552 32,08351 27,53334
42,38282 32,01942 27,42786
40,84473 32,21702 27,7256
41,18652 31,82983 28,09677
40,33203 31,67763 27,19822
41,87012 32,43599 27,20356
39,99023 31,64291 27,25697
42,04101 32,53746 28,09276
40,67383 32,15027 27,20222
40,67383 31,89659 27,55203
40,33204 31,71768 26,85776
39,81935 32,69767 27,33173
40,16114 32,93266 28,22762
39,47753 31,9767 27,22759
40,67384 31,77643 26,65615
38,28125 30,83114 26,29967
40,33203 31,90193 27,54268
39,30665 31,84319 27,89783
42,04103 32,4894 27,64149
40,84472 32,16896 27,39849
43,57911 31,22101 27,25563
41,87012 33,0822 28,38116
43,92091 32,65228 27,35577
44,94631 32,00607 26,68285
40,33204 32,16896 27,65217
38,79395 32,54814 27,93388
43,57911 31,74171 27,01931
41,87012 32,03811 27,24762
40,84473 32,38258 27,84977
41,87013 32,36122 27,89516
40,84473 32,06215 28,22361
38,28126 33,21037 28,52669
42,55373 32,13959 26,94454
42,04102 32,71103 28,18622
40,50293 32,68967 28,12881
44,43359 32,62291 27,89516
41,8701 32,96738 28,03802
40,67384 32,13425 27,42519
43,2373 32,43332 27,58541
43,57912 32,67899 27,21958
42,89553 32,46269 27,65217
42,5537 31,78444 27,38113
41,18652 32,08084 27,40116
41,69923 33,0822 28,11413
42,21191 32,70569 27,48661
42,55371 32,46536 27,27032
44,9463 32,62558 27,5013
41,52834 32,98073 27,72961
41,18652 33,19969 28,30372
42,55372 32,9834 28,02334
42,21192 33,67767 28,53203
44,26271 32,75375 27,78702
45,80079 33,09822 28,10211
45,11721 33,99277 29,31843
42,89552 31,9046 26,79501
43,92091 33,52013 27,97928
42,21192 32,19299 27,8738
40,50294 33,56285 28,7857
40,16114 32,94067 28,26366
44,26269 33,79784 28,09944
42,38283 33,33054 27,94857
41,18653 32,52144 28,12748
41,18652 33,25043 28,46394
43,06641 33,79517 29,20494
46,3135 33,93936 29,04739
41,69923 33,88863 29,4733
41,35744 32,67631 28,45859
39,13574 32,01675 27,64683
41,01564 33,14629 28,50533
41,52832 32,53746 27,91786
42,38282 32,83653 27,36111
43,40822 33,61893 27,76165
43,40822 33,61625 29,01134
42,72461 32,08885 26,72291
42,89552 34,27048 28,96461
44,09179 33,95271 28,11813
39,99023 32,30514 28,03802
46,99708 32,59086 27,67086
43,06642 32,38525 27,24094
42,38281 32,51343 27,8738
42,04102 34,03549 29,09145
43,23731 33,7925 28,60413
44,2627 33,38928 27,79236
41,87012 34,03282 28,70293
48,53517 33,22105 28,32909
41,69923 34,02214 28,1702
41,35742 33,85658 28,91121
46,1426 34,25446 28,71227
40,67382 33,40797 28,38516
41,35743 33,26111 28,05805
44,43361 33,14362 28,16486
44,94629 33,78448 27,28901
44,0918 33,96072 28,89385
43,75002 33,36258 28,47061
44,4336 34,37996 29,31709
43,2373 34,161 28,60546
41,35743 33,70972 28,95927
41,01564 33,46405 28,03135
45,45898 33,98743 28,91388
41,52831 33,31985 28,46794
41,87012 33,30917 28,41587
43,57912 32,89795 27,71759
41,35741 34,1156 28,50933
39,99025 33,12225 28,24364
42,38282 33,93936 28,81775
42,55372 33,0822 28,13015
43,57911 34,79652 29,66957
45,62991 33,04214 28,508
41,52832 32,97806 27,65617
44,7754 33,8459 28,08475
42,04102 34,2411 29,65889
43,57912 33,85124 28,8044
42,55373 34,05685 29,29974
42,72461 34,74846 29,63085
42,04102 34,41734 29,39186
39,99023 32,52945 28,84979
43,06642 33,85124 28,56941
45,2881 33,675 28,13282
41,52833 33,0368 27,87647
42,04103 33,49075 27,90451
43,57912 33,20236 28,25966
41,35743 34,83925 29,88987
44,94632 34,60693 28,81241
45,45899 34,07822 29,58412
41,35741 33,60023 28,69492
47,33887 33,44269 28,2156
40,67383 32,50008 28,37181
44,26271 33,75244 28,52936
41,18654 33,07418 28,45592
43,5791 33,62694 28,11947
44,6045 33,72307 27,8698
43,2373 33,81386 28,24497
44,60452 34,5829 29,37984
45,1172 34,50279 29,13952
44,94631 34,91135 29,91524
42,38282 33,61626 28,1168
44,2627 34,31854 28,93791
43,75 34,20639 29,63619
42,21192 34,77249 30,00069
44,94631 34,93004 29,88052
45,80079 34,90334 29,80576
41,87012 33,66699 29,0247
45,9717 34,01413 28,79238
46,14259 33,26912 28,47729
41,52831 32,59087 27,42252
44,60451 34,00345 28,63483
44,6045 33,76579 29,30908
43,92091 33,12759 27,97394
42,21194 34,67903 29,48399
45,62989 34,58557 29,70963
45,11721 33,78448 28,94325
41,35743 33,70171 28,08075
42,38283 33,83522 27,96059
43,57911 33,52813 28,47996
43,23732 34,3132 28,96595
44,09181 33,83789 28,64418
43,40821 34,43871 29,19426
44,09181 34,06219 28,96996
43,06642 34,37462 29,09412
45,45901 34,99947 30,17292
41,52831 34,25179 29,34513
43,06643 33,61893 29,08077
43,40821 33,85925 29,22764
44,26271 34,00612 28,72028
45,8008 33,99811 28,41053
42,04102 33,68301 28,73497
45,1172 34,01413 28,31841
42,04103 33,44803 27,31438
44,77541 34,41467 29,36916
43,06641 34,28383 28,89919
44,60451 34,01146 29,52003
44,26271 34,17702 29,37317
45,97168 33,36258 27,89116
43,2373 33,99277 28,03936
41,69922 33,96606 28,99532
42,55372 33,40263 28,5574
42,89552 33,14362 28,15418
45,11718 33,86459 28,77235
41,52832 32,444 27,85377
44,0918 34,11026 29,25568
43,23731 33,82187 28,6335
42,21193 34,47876 30,10616
45,80079 35,06355 29,75368
43,75001 34,29184 28,99532
45,80079 34,82056 29,74567
43,4082 34,09958 28,58677
43,06641 34,03015 29,40388
43,57911 34,01947 28,05004
45,45901 33,56285 28,32241
45,62988 35,60028 30,24101
44,26271 34,92203 29,47998
43,40821 33,96606 28,97396
45,1172 34,72977 29,62418
43,57909 35,10628 29,72164
44,60451 34,06754 28,50132
45,459 33,68835 28,97663
43,06641 34,10225 29,63753
43,23731 34,27315 28,65486
44,77539 33,98209 28,63617
46,65528 34,61227 28,96862
42,55371 34,45206 28,90854
41,01563 33,66699 28,269
48,19338 34,23843 28,93524
43,92091 34,17702 29,16889
42,89552 34,59358 29,32377
43,75001 33,54683 28,31707
42,89551 34,68971 29,80709
43,74999 32,68699 28,17688
42,21193 34,41467 29,62151
41,69921 34,38797 29,24232
48,53517 33,19168 27,83909
44,94629 35,10094 29,77371
47,16797 34,25713 29,1275
43,0664 34,74846 29,75368
44,0918 33,62961 28,55206
41,52834 34,3586 29,08745
43,40821 34,54818 29,68025
42,7246 33,97141 29,10748
44,43361 34,94606 29,96597
44,2627 35,52551 29,73766
47,33888 35,57358 30,35717
46,31349 34,56688 29,56009
43,92091 33,18634 27,96593
48,02247 34,03816 28,95393
41,69921 34,25713 29,39186
45,9717 34,51614 29,7163
43,75 35,71777 30,30376
45,62992 34,42268 28,96328
46,99709 36,06224 30,81512
44,09182 35,06889 29,64821
41,87012 33,77113 28,02601
44,6045 34,25179 28,79105
44,77539 35,07156 30,19161
43,92089 35,68039 30,07545
44,94631 33,75778 28,92056
44,26271 34,14764 29,03671
44,94631 35,65102 29,6669
46,14258 35,1944 28,87516
44,77539 34,5108 28,99532
42,89553 33,97408 28,29037
46,48439 34,7538 30,2597
41,52832 34,4574 29,73366
43,23732 35,10361 29,4426
46,99709 34,28116 29,06742
44,43361 34,3132 29,4733
40,50293 34,76715 30,12085
46,99707 33,82721 28,51734
44,94631 33,73108 28,29304
42,04101 34,1423 28,80306
42,55373 33,81386 29,28505
45,11718 34,80186 29,20494
46,14259 34,71909 30,13153
41,69922 35,03952 29,85783
44,43361 33,18901 27,6762
41,18653 33,71239 29,12216
45,11718 33,82187 28,78704
44,77539 35,51483 30,17559
44,94631 34,09157 29,04739
44,6045 34,89799 29,80175
44,0918 34,79652 29,31576
45,8008 34,56955 29,43192
44,0918 34,76982 29,76837
43,4082 35,40802 29,71497
44,94629 34,48944 29,97665
42,8955 34,79118 29,91257
43,92091 34,8259 29,62551
43,23732 34,36661 29,35715
42,38282 34,47876 29,34113
41,87012 33,8913 28,81641
46,82618 35,44807 29,95663
47,85159 35,22377 29,82044
45,28811 35,22644 29,75502
46,82618 34,70306 29,6442
41,01563 34,68437 30,02605
42,72461 33,47473 27,90451
42,38283 34,412 29,60281
43,75002 34,3132 28,7056
43,57912 34,17168 29,00867
43,75001 33,9447 29,09679
47,3389 34,52682 29,37984
45,45901 33,13293 28,05271
44,43361 34,07021 28,57475
41,01564 33,74443 28,88584
40,67382 34,03282 29,18358
42,21191 33,67233 28,23696
41,52832 33,98743 29,06876
45,2881 34,72977 29,09412
44,26271 34,23576 28,89252
41,69921 32,86056 27,75898
43,06641 33,44002 28,34377
41,69921 32,90062 27,63348
43,57912 34,00612 29,00867
42,55371 33,96873 28,57475
46,48438 34,15031 28,92323
40,84473 34,17168 28,31841
41,35743 33,73108 28,56007
42,89552 34,08356 29,57344
44,2627 33,20503 28,17822
41,52831 34,1423 28,92189
43,74998 33,50944 29,11548
38,96485 33,00209 27,86445
42,89551 34,19838 28,51734
47,16798 34,09691 29,59881
43,06641 32,67899 27,97794
40,33203 34,4387 29,4239
42,21192 33,2798 28,5881
44,43362 33,10089 28,39184
39,64844 33,46939 28,75233
44,6045 34,36928 29,28905
45,8008 34,43871 29,42924
41,52832 33,05817 28,71494
41,87012 33,40263 28,92189
43,92091 34,19571 28,88985
43,92092 34,30252 28,88718
43,2373 34,20372 28,95794
46,48441 33,80318 28,33977
47,33889 34,41467 28,38516
44,7754 34,60159 29,12216
46,31349 34,14497 28,68958
43,92093 34,54285 29,12083
40,67384 33,52547 28,66955
44,9463 34,8793 29,75636
41,35742 33,39996 28,60012
46,82618 34,64165 29,58412
43,0664 34,84993 29,5948
43,92091 34,53751 29,37317
44,9463 34,95674 29,50802
42,04101 34,91669 29,48933
43,06641 34,44404 28,755
41,35743 34,04617 29,04472
42,72462 34,9247 29,72031
44,43361 35,75516 30,12085
46,82619 35,5896 30,5481
43,9209 33,92334 28,83244
46,82619 35,3466 29,83246
44,43361 35,06622 29,53339
46,31348 34,72443 29,75903
43,92091 35,17303 29,17156
42,89551 33,37593 28,72162
41,18652 33,99811 28,53737
44,09183 34,31053 29,4426
41,52833 34,07021 28,45459
43,92092 34,48944 29,38919
43,92091 33,73909 28,52936
42,21192 34,62029 30,12886
45,11721 35,27985 29,30508
44,9463 35,01549 30,36251
43,40821 34,68704 28,94325
41,87012 34,07021 29,04606
43,75001 35,89668 30,80044
47,68068 35,62698 29,74701
45,97168 34,34792 29,0741
47,68066 34,11293 28,95527
44,43361 34,79919 30,17826
45,97167 34,50012 29,02336
45,8008 34,56421 29,69093
46,82618 34,62029 29,58012
42,89551 34,26247 29,05273
44,0918 34,50012 29,09012
46,48439 33,44536 28,04871
42,89552 34,60426 28,98731
45,97171 34,03549 28,52135
44,60451 34,85794 29,71096
42,55371 35,0502 29,87785
43,57912 35,56824 29,26769
41,52832 33,98209 29,41322
43,40821 33,89664 28,16887
45,459 35,61897 30,62286
45,97171 35,53352 30,56812
44,60448 35,19173 29,93393
45,1172 34,94339 30,00736
47,85155 35,5175 29,56676
46,48439 34,70039 29,54807
47,16798 35,61897 30,18227
42,21192 34,49478 29,31976
44,77542 34,74312 29,9593
46,82619 35,45609 30,24235
46,48441 35,70709 30,0354
46,14259 34,78851 29,45862
47,16799 35,13565 29,73633
45,80081 34,86862 29,10213
42,21192 34,27315 29,12216
43,4082 35,11695 29,85248
47,16798 35,7151 29,79507
43,40821 34,6096 28,74432
43,2373 34,74579 29,31576
40,67383 34,32388 29,35448
44,9463 35,04753 29,51603
44,0918 34,50546 29,31042
44,26271 34,2411 28,85246
45,45899 35,08492 29,72965
44,60452 35,28786 30,11284
44,09182 34,37195 29,34647
45,28811 34,12628 29,56276
42,38282 34,82857 29,52805
45,97169 35,72845 30,24902
48,02246 34,34791 28,96595
44,9463 34,62029 29,39854
43,57912 34,44939 29,29707
44,9463 35,4908 30,62687
48,53519 35,65102 30,15423
44,60451 35,42137 29,87518
45,6299 35,80322 30,72033
44,43361 35,6617 29,98066
46,31348 33,53882 28,61214
42,89553 34,4574 29,53205
43,4082 35,04219 29,9593
42,55373 34,03549 29,11816
44,9463 35,43739 29,84314
44,77539 34,50279 29,21429
47,68068 35,29053 29,48799
43,06641 34,34258 29,17957
48,53518 34,78584 30,1342
45,11721 33,67233 28,90987
43,75001 33,60558 28,59879
41,69922 33,56552 29,002
46,1426 34,00879 29,30641
48,70606 35,01282 29,31976
45,1172 35,01282 29,65622
42,04102 33,23708 28,34778
43,4082 34,04617 28,88985
41,52832 33,81386 28,70827
48,19337 35,21576 30,18494
46,14259 33,79783 28,32641
45,6299 34,3132 29,12884
43,75 32,99141 28,45459
43,57911 35,13031 30,18761
42,38282 34,51881 28,85914
41,18652 33,84056 28,89519
43,23732 34,8259 29,45995
43,57911 34,40933 29,43459
45,11719 34,7538 29,40521
47,168 34,42001 29,57611
46,14259 35,80322 29,99935
42,89551 33,93402 28,72028
43,92091 36,02753 30,61085
45,11721 35,13832 29,55475
44,26271 34,58824 29,5948
44,43361 35,39467 30,79376
46,48439 35,17303 29,89388
49,21877 35,29854 30,33047
45,6299 34,66835 30,26638
42,72462 35,52551 30,01804
45,1172 34,03549 28,29304
43,0664 34,67102 29,60415
46,82618 35,52818 29,86183
41,35743 34,10225 28,755
42,72461 35,02083 30,04742
44,94631 34,98878 29,81377
44,77541 34,83124 29,38919
41,69923 33,57353 28,92189
46,65529 34,98878 30,08614
44,4336 34,24911 29,25968
41,69921 33,73642 28,01666
47,5098 35,11696 29,27437
43,75002 33,8726 28,27702
47,68069 34,27582 29,03538
44,2627 34,08089 28,85246
43,40823 34,08356 28,32375
43,23731 34,54552 29,54273
45,97171 35,76317 30,53741
43,75001 34,32121 29,1008
42,72461 34,99947 29,45328
41,69922 33,48274 28,74164
44,94629 32,64961 27,98061
41,87012 33,48541 27,89116
43,06641 33,84056 28,2196
49,38965 33,90998 28,95126
45,28811 33,39729 28,2196
41,69921 34,34792 29,33445
41,01563 32,56683 27,46925
42,8955 35,0502 29,0554
43,75001 33,43735 28,33576
47,33888 33,53882 28,14617
47,33888 34,21707 27,78301
43,4082 34,83124 29,5414
45,2881 33,80051 28,72562
45,45898 33,79517 28,48263
44,9463 35,71777 30,00336
44,2627 34,56688 29,72297
44,9463 34,91936 29,85382
44,09181 35,16235 30,01003
45,28809 34,53751 29,84047
43,92091 35,14633 30,45197
42,21191 34,42535 29,61884
46,48437 35,0502 29,43192
44,09181 34,72443 29,68159
42,55372 33,94203 28,89118
44,77539 34,75647 29,88586
47,33889 35,30121 29,8645
44,77539 35,12497 30,26505
46,31351 35,18105 29,74834
46,99708 35,35461 29,70695
44,6045 34,47342 28,88184
48,19337 34,49745 29,25167
45,45899 34,35059 28,35579
45,11719 34,05952 28,18623
42,8955 35,05554 29,65355
42,89551 34,8793 29,24099
43,75001 34,56154 29,33578
45,8008 35,43739 29,72832
46,82618 34,65767 29,43459
42,89551 34,63631 29,62952
43,23732 35,76851 30,03273
43,57912 34,97543 29,11682
42,55371 34,02481 28,78437
43,23729 33,95004 29,18091
44,4336 34,56955 29,26769
47,50979 33,73909 28,5841
43,75002 35,44006 30,2824
43,75001 33,81386 28,84579
45,45901 35,06622 29,56409
43,75 34,80186 29,74834
45,8008 35,54688 29,65221
43,4082 34,53217 29,64821
44,94631 35,57892 29,80843
46,65528 34,65233 29,32644
46,14259 35,30922 29,60949
47,16798 34,62563 29,63886
50,41507 34,56955 29,01402
44,09181 34,86862 30,2557
47,33888 35,00748 29,59213
44,7754 33,92868 28,53069
47,33887 34,15031 29,11549
45,45898 34,76181 30,02739
40,50293 34,7538 29,3478
42,38282 34,93805 29,84715
49,73146 35,2932 29,93927
44,60451 33,70971 29,08211
45,6299 34,51614 29,23298
48,53516 34,89265 29,46529
46,4844 34,49478 29,18625
43,75002 34,28917 29,47598
43,40821 34,04884 29,33445
48,70605 35,03952 29,72298
46,82618 35,08492 29,79107
45,11717 35,52818 29,85516
40,67384 33,7204 28,58677
46,6553 35,28786 29,739
44,9463 34,21707 29,03004
44,9463 34,60693 29,24232
44,26271 34,3399 29,71096
43,40821 34,96742 29,8378
48,70607 34,412 28,8084
44,7754 34,00879 29,21028
44,9463 34,89265 30,10483
44,2627 33,83255 29,26101
45,80079 34,66301 29,04072
43,40821 34,1423 28,9526
46,99708 34,63898 29,46796
39,99023 33,21571 28,48396
41,01563 35,06355 30,24635
43,23732 34,53751 29,64287
45,459 34,93538 29,41856
41,52832 34,05418 29,50668
45,1172 34,14764 29,04205
47,16798 35,95543 30,41191
44,7754 35,18105 30,06611
45,62992 35,32257 29,75101
44,2627 34,49211 29,41456
48,19336 34,86328 29,01535
45,45899 34,54018 29,84982
42,5537 34,8526 29,48799
44,43362 34,98077 29,8111
45,45901 36,05156 30,58949
43,06642 34,39865 29,0554
44,0918 34,66835 29,80843
45,62988 34,6283 28,95927
45,1172 35,149 29,28638
42,21191 33,61359 27,98061
43,06642 32,85789 27,97794
45,11719 35,59761 29,60014
40,16113 34,07021 29,76303
48,70607 35,98213 30,26905
48,53518 34,40399 29,05807
43,75002 34,71375 28,61214
44,77537 35,00214 29,59614
46,82618 34,66568 29,72298
46,82617 34,66301 28,61214
46,1426 35,36797 29,249
43,40819 35,72311 29,70562
48,70608 34,84993 29,61616
46,4844 34,67369 28,87783
47,50977 34,5829 29,73099
45,6299 35,31723 30,00336
44,94631 35,87799 30,11818
50,07327 35,74181 30,75104
42,89553 34,56955 29,64821
47,3389 35,45341 29,97131
46,65532 35,59494 30,17693
46,82619 35,97946 30,46799
46,99709 35,37598 30,31845
46,65528 34,91936 29,52137
46,99709 34,59892 28,8538
46,99709 35,6163 30,1115
44,77541 34,74312 30,19161
43,4082 35,07423 29,89388
44,26271 34,6096 29,58145
47,3389 34,88197 29,14085
47,85158 36,11832 30,60684
42,04102 34,67903 29,1996
48,0225 35,53886 29,99535
45,8008 35,76851 30,82047
42,21191 34,71375 29,00867
42,38281 35,96077 30,75237
44,26271 35,74448 30,35316
47,16799 34,72977 29,96597
43,06641 34,54552 28,9299
47,50978 36,3987 31,17294
44,26272 34,89799 29,56409
44,43361 35,67772 30,03407
44,6045 35,2211 29,37851
44,26271 34,40132 29,09813
46,31349 34,56688 28,22762
46,14259 35,57358 30,62553
42,89552 34,70039 28,94726
48,02246 34,38797 28,39451
43,40821 35,25848 29,88987
42,38281 34,20105 28,74966
42,04103 34,64165 30,18627
45,11722 34,95941 29,75769
43,23732 34,8259 29,63619
43,06641 34,73777 29,81376
44,26271 36,46545 30,15556
43,40823 35,61363 30,51872
41,69921 34,36928 29,7617
42,89551 35,06355 29,99668
43,06641 35,06622 29,51603
46,82619 34,21173 29,08077
43,57911 34,96208 29,92725
43,57912 33,65364 28,56407
52,63675 34,35326 28,55606
44,43361 34,51614 29,16889
43,5791 35,16769 29,84314
43,06641 34,7271 29,74033
46,3135 35,13565 29,98867
48,87696 36,14769 30,56679
44,2627 35,392 29,37984
45,11719 35,58426 29,30374
42,72462 34,42001 29,24633
45,1172 35,16235 30,0848
47,16798 34,81522 29,31175
45,459 33,47206 29,02336
45,1172 34,44672 29,34113
44,60452 34,69238 29,62284
41,52833 34,84726 29,62818
44,60453 34,65233 29,25835
43,40822 33,88329 28,49598
47,16798 35,78987 29,93259
42,38282 34,22508 29,36115
43,23731 34,05685 28,62415
44,77539 35,16235 30,06744
41,69922 34,70039 29,45595
47,16798 34,88998 29,53606
47,3389 35,74181 30,0087
45,62989 34,89799 29,23965
44,60453 34,47876 28,9793
45,28809 34,52415 29,37851
44,2627 34,6096 29,32644
43,57911 33,6483 28,59478
42,7246 34,17969 28,82977
42,72462 33,43734 28,39851
43,40821 34,22775 29,7617
43,57912 33,05016 28,13816
44,0918 33,95271 29,27837
44,77539 34,62029 29,30641
46,1426 34,75914 29,41322
44,9463 35,29053 30,82848
44,4336 34,9247 29,2223
46,31349 33,88596 28,1929
44,9463 34,98611 29,84314
44,60451 35,11696 29,24767
48,53518 33,80852 29,03404
44,7754 33,81386 28,30238
47,50978 35,38933 30,34382
41,69922 33,54149 28,33843
43,57912 34,40933 29,29306
48,53518 35,41603 30,49068
45,45898 34,03549 29,08878
46,99709 35,74448 30,42927
45,28809 34,3853 29,41589
42,04104 34,26514 29,00867
49,38967 34,88197 29,75235
39,64844 33,96339 28,72295
50,07326 34,12628 28,88184
45,8008 34,20639 29,53606
44,43362 34,08623 28,5614
44,60451 34,62296 29,61216
44,43361 34,85527 29,58946
47,16799 34,73511 29,52805
42,21191 34,98611 29,84047
43,92091 33,52547 28,85914
43,06641 34,14764 29,25034
43,40822 34,34258 29,62151
42,89552 33,7925 28,56407
45,459 34,23843 29,02603
44,77539 35,17303 30,54276
46,1426 33,88062 28,67756
43,06641 34,24911 28,78571
42,21192 35,02083 29,36382
44,4336 33,78448 28,33442
47,85158 35,12764 29,16622
43,92092 34,44138 29,13818
43,06641 34,5295 29,30374
42,89552 33,55484 28,92189
42,38282 34,22508 28,84979
46,65528 35,8139 30,41458
41,69923 33,432 28,47462
42,38283 35,32791 28,71361
45,80079 34,8259 29,51736
42,72462 33,7204 28,99933
46,1426 35,43205 30,08213
48,53519 34,82056 29,80442
44,77541 35,16769 29,60682
43,57911 33,38928 28,4132
43,06641 34,37996 28,81641
45,1172 34,51881 29,42123
41,87011 34,51881 28,84846
45,28809 35,05554 29,74033
42,72462 33,98743 29,00066
44,77539 34,24377 29,02203
45,2881 34,9968 29,16088
45,45899 35,50148 30,4533
42,72461 33,59222 28,87383
46,14258 34,72176 29,22497
47,50979 35,07957 30,31845
45,97168 34,35326 29,23698
44,2627 33,15162 27,89116
