0,3051758 0,1001358 0,0500679
0,6103516 0,1049042 0,05245209
0,6103516 0,1215935 0,06079674
0,3051758 0,08821487 0,04410744
0,3051758 0,140667 0,07033348
0,6103516 0,1263618 0,06318092
0,3051758 0,1120567 0,05602837
0,6103516 0,1096725 0,05483627
0,6103516 0,128746 0,06437302
0,3051758 0,1192093 0,05960464
0,3051758 0,07629395 0,03814697
0,3051758 0,1144409 0,05722046
0,6103516 0,1120567 0,05602837
0,3051758 0,1263618 0,06318092
0,6103516 0,1072884 0,05364418
0,6103516 0,1192093 0,05960464
0,6103516 0,09536743 0,04768372
0,3051758 0,1120567 0,05602837
0,3051758 0,09298325 0,04649162
0,3051758 0,1001358 0,0500679
0,6103516 0,1311302 0,06556511
0,3051758 0,07629395 0,03814697
0,3051758 0,1144409 0,05722046
0,6103516 0,1525879 0,07629395
0,6103516 0,09775162 0,04887581
0,3051758 0,128746 0,06437302
0,3051758 0,09298325 0,04649162
0,3051758 0,1454353 0,07271767
0,6103516 0,1168251 0,05841255
0,3051758 0,1263618 0,06318092
0,6103516 0,140667 0,07033348
0,6103516 0,08821487 0,04410744
0,6103516 0,1049042 0,05245209
0,3051758 0,1001358 0,0500679
0,6103516 0,1239777 0,06198883
0,6103516 0,1144409 0,05722046
0,3051758 0,08821487 0,04410744
0,3051758 0,1001358 0,0500679
0,6103516 0,1215935 0,06079674
0,3051758 0,1168251 0,05841255
0,6103516 0,1502037 0,07510185
0,6103516 0,128746 0,06437302
0,3051758 0,09059906 0,04529953
0,3051758 0,1096725 0,05483627
0,3051758 0,08821487 0,04410744
0,6103516 0,07390976 0,03695488
0,3051758 0,09059906 0,04529953
0,3051758 0,128746 0,06437302
0,3051758 0,1096725 0,05483627
0,3051758 0,1168251 0,05841255
0,6103516 0,1120567 0,05602837
0,3051758 0,08106232 0,04053116
0,3051758 0,1311302 0,06556511
0,6103516 0,1168251 0,05841255
0,6103516 0,128746 0,06437302
0,3051758 0,1049042 0,05245209
0,6103516 0,1263618 0,06318092
0,3051758 0,1263618 0,06318092
0,6103516 0,1192093 0,05960464
0,6103516 0,1120567 0,05602837
0,3051758 0,1168251 0,05841255
0,3051758 0,1430511 0,07152557
0,6103516 0,128746 0,06437302
0,6103516 0,1120567 0,05602837
0,3051758 0,1263618 0,06318092
0,6103516 0,128746 0,06437302
0,6103516 0,1335144 0,0667572
0,6103516 0,1311302 0,06556511
0,3051758 0,1525879 0,07629395
0,3051758 0,1311302 0,06556511
0,3051758 0,1454353 0,07271767
0,3051758 0,09059906 0,04529953
0,6103516 0,1645088 0,08225441
0,6103516 0,1096725 0,05483627
0,6103516 0,1168251 0,05841255
0,6103516 0,1382828 0,06914139
0,6103516 0,1192093 0,05960464
0,6103516 0,1430511 0,07152557
0,6103516 0,1215935 0,06079674
0,6103516 0,1358986 0,0679493
0,6103516 0,1239777 0,06198883
0,6103516 0,1358986 0,0679493
0,6103516 0,1430511 0,07152557
0,6103516 0,1263618 0,06318092
0,3051758 0,1072884 0,05364418
0,6103516 0,1430511 0,07152557
0,6103516 0,1478195 0,07390976
0,6103516 0,1549721 0,07748604
0,6103516 0,1168251 0,05841255
0,6103516 0,1263618 0,06318092
0,3051758 0,1263618 0,06318092
0,6103516 0,1263618 0,06318092
0,6103516 0,128746 0,06437302
0,6103516 0,1454353 0,07271767
0,6103516 0,1740456 0,08702278
0,3051758 0,1192093 0,05960464
0,6103516 0,166893 0,0834465
0,6103516 0,1311302 0,06556511
0,6103516 0,1454353 0,07271767
0,6103516 0,128746 0,06437302
0,6103516 0,1502037 0,07510185
0,6103516 0,140667 0,07033348
0,3051758 0,1192093 0,05960464
0,6103516 0,1430511 0,07152557
0,6103516 0,1263618 0,06318092
0,6103516 0,1454353 0,07271767
0,6103516 0,1597404 0,07987022
0,3051758 0,1311302 0,06556511
0,3051758 0,1311302 0,06556511
0,6103516 0,1549721 0,07748604
0,6103516 0,1215935 0,06079674
0,3051758 0,1645088 0,08225441
0,6103516 0,1502037 0,07510185
0,6103516 0,1549721 0,07748604
0,3051758 0,1335144 0,0667572
0,6103516 0,166893 0,0834465
0,6103516 0,1358986 0,0679493
0,6103516 0,1621246 0,08106232
0,6103516 0,1454353 0,07271767
0,3051758 0,1096725 0,05483627
0,6103516 0,1454353 0,07271767
0,6103516 0,1335144 0,0667572
0,6103516 0,1120567 0,05602837
0,6103516 0,1478195 0,07390976
0,6103516 0,1478195 0,07390976
0,6103516 0,1788139 0,08940697
0,6103516 0,1835823 0,09179115
0,6103516 0,1645088 0,08225441
0,6103516 0,1621246 0,08106232
0,3051758 0,1382828 0,06914139
0,6103516 0,1621246 0,08106232
0,6103516 0,1454353 0,07271767
0,3051758 0,1239777 0,06198883
0,6103516 0,1740456 0,08702278
0,6103516 0,1788139 0,08940697
0,6103516 0,1502037 0,07510185
0,6103516 0,1502037 0,07510185
0,6103516 0,1621246 0,08106232
0,3051758 0,1549721 0,07748604
0,6103516 0,140667 0,07033348
0,6103516 0,1478195 0,07390976
0,6103516 0,1645088 0,08225441
0,9155273 0,1597404 0,07987022
0,6103516 0,1859665 0,09298325
0,6103516 0,1502037 0,07510185
0,6103516 0,1525879 0,07629395
0,3051758 0,1502037 0,07510185
0,6103516 0,1502037 0,07510185
0,6103516 0,1454353 0,07271767
0,6103516 0,1597404 0,07987022
0,9155273 0,1907349 0,09536743
0,6103516 0,166893 0,0834465
0,6103516 0,1478195 0,07390976
0,6103516 0,1978874 0,09894371
0,9155273 0,1621246 0,08106232
0,6103516 0,1382828 0,06914139
0,6103516 0,166893 0,0834465
0,3051758 0,1311302 0,06556511
0,3051758 0,166893 0,0834465
0,3051758 0,1502037 0,07510185
0,6103516 0,166893 0,0834465
0,6103516 0,1740456 0,08702278
0,6103516 0,1740456 0,08702278
0,6103516 0,1525879 0,07629395
0,6103516 0,1358986 0,0679493
0,6103516 0,1716614 0,08583069
0,6103516 0,1621246 0,08106232
0,6103516 0,1716614 0,08583069
0,6103516 0,1430511 0,07152557
0,6103516 0,1811981 0,09059906
0,6103516 0,1215935 0,06079674
0,6103516 0,1549721 0,07748604
0,6103516 0,1597404 0,07987022
0,6103516 0,140667 0,07033348
0,6103516 0,1955032 0,09775162
0,6103516 0,1955032 0,09775162
0,3051758 0,1645088 0,08225441
0,6103516 0,1764297 0,08821487
0,6103516 0,1478195 0,07390976
0,6103516 0,1788139 0,08940697
0,3051758 0,1764297 0,08821487
0,3051758 0,1382828 0,06914139
0,6103516 0,1788139 0,08940697
0,6103516 0,1955032 0,09775162
0,6103516 0,1430511 0,07152557
0,3051758 0,1621246 0,08106232
0,6103516 0,1764297 0,08821487
0,3051758 0,1478195 0,07390976
0,3051758 0,1549721 0,07748604
0,6103516 0,1335144 0,0667572
0,3051758 0,1859665 0,09298325
0,6103516 0,1716614 0,08583069
0,6103516 0,1788139 0,08940697
0,6103516 0,1692772 0,0846386
0,6103516 0,1239777 0,06198883
0,6103516 0,1621246 0,08106232
0,6103516 0,1955032 0,09775162
0,6103516 0,1478195 0,07390976
0,6103516 0,1573563 0,07867813
0,6103516 0,1764297 0,08821487
0,6103516 0,1788139 0,08940697
0,6103516 0,1502037 0,07510185
0,6103516 0,1549721 0,07748604
0,6103516 0,1382828 0,06914139
0,6103516 0,1573563 0,07867813
0,3051758 0,1335144 0,0667572
0,3051758 0,1502037 0,07510185
0,6103516 0,1692772 0,0846386
0,6103516 0,1549721 0,07748604
0,3051758 0,1597404 0,07987022
0,6103516 0,1883507 0,09417534
0,6103516 0,1692772 0,0846386
0,3051758 0,193119 0,09655952
0,6103516 0,1525879 0,07629395
0,6103516 0,166893 0,0834465
0,6103516 0,1621246 0,08106232
0,6103516 0,1478195 0,07390976
0,6103516 0,166893 0,0834465
0,6103516 0,1645088 0,08225441
0,6103516 0,1549721 0,07748604
0,6103516 0,1454353 0,07271767
0,6103516 0,140667 0,07033348
0,6103516 0,1955032 0,09775162
0,6103516 0,1716614 0,08583069
0,3051758 0,1239777 0,06198883
0,6103516 0,166893 0,0834465
0,6103516 0,2002716 0,1001358
0,3051758 0,1549721 0,07748604
0,6103516 0,1621246 0,08106232
0,3051758 0,1549721 0,07748604
0,6103516 0,1597404 0,07987022
0,6103516 0,1692772 0,0846386
0,6103516 0,1549721 0,07748604
0,6103516 0,1907349 0,09536743
0,6103516 0,1811981 0,09059906
0,6103516 0,1764297 0,08821487
0,6103516 0,1788139 0,08940697
0,6103516 0,1645088 0,08225441
0,6103516 0,1525879 0,07629395
0,6103516 0,1764297 0,08821487
0,6103516 0,1692772 0,0846386
0,9155273 0,2384186 0,1192093
0,6103516 0,1716614 0,08583069
0,6103516 0,1692772 0,0846386
0,6103516 0,1955032 0,09775162
0,6103516 0,1859665 0,09298325
0,6103516 0,1621246 0,08106232
0,6103516 0,193119 0,09655952
0,6103516 0,1716614 0,08583069
0,6103516 0,2098083 0,1049042
0,6103516 0,1978874 0,09894371
0,6103516 0,2002716 0,1001358
0,6103516 0,2026558 0,1013279
0,6103516 0,1549721 0,07748604
0,3051758 0,2074242 0,1037121
0,6103516 0,1692772 0,0846386
0,6103516 0,1907349 0,09536743
0,6103516 0,2026558 0,1013279
0,6103516 0,2384186 0,1192093
0,6103516 0,1859665 0,09298325
0,6103516 0,1525879 0,07629395
0,6103516 0,1978874 0,09894371
0,6103516 0,2169609 0,1084805
0,6103516 0,1835823 0,09179115
0,6103516 0,1907349 0,09536743
0,6103516 0,2288818 0,1144409
0,9155273 0,1716614 0,08583069
0,6103516 0,1883507 0,09417534
0,6103516 0,2193451 0,1096725
0,6103516 0,2264977 0,1132488
0,6103516 0,1955032 0,09775162
0,6103516 0,1978874 0,09894371
0,3051758 0,1645088 0,08225441
0,6103516 0,2002716 0,1001358
0,6103516 0,2121925 0,1060963
0,6103516 0,1859665 0,09298325
0,9155273 0,2193451 0,1096725
0,3051758 0,1978874 0,09894371
0,6103516 0,2145767 0,1072884
0,6103516 0,2121925 0,1060963
0,6103516 0,20504 0,10252
0,6103516 0,1955032 0,09775162
0,6103516 0,2264977 0,1132488
0,9155273 0,2121925 0,1060963
0,6103516 0,2455711 0,1227856
0,6103516 0,1978874 0,09894371
0,6103516 0,2384186 0,1192093
0,6103516 0,2002716 0,1001358
0,6103516 0,1859665 0,09298325
0,6103516 0,2074242 0,1037121
0,6103516 0,1907349 0,09536743
0,6103516 0,2288818 0,1144409
0,6103516 0,2336502 0,1168251
0,6103516 0,2264977 0,1132488
0,3051758 0,1883507 0,09417534
0,6103516 0,2169609 0,1084805
0,6103516 0,2169609 0,1084805
0,3051758 0,2479553 0,1239777
0,6103516 0,2217293 0,1108646
0,6103516 0,2264977 0,1132488
0,6103516 0,2241135 0,1120567
0,6103516 0,1955032 0,09775162
0,6103516 0,20504 0,10252
0,6103516 0,2217293 0,1108646
0,3051758 0,2002716 0,1001358
0,6103516 0,2241135 0,1120567
0,3051758 0,20504 0,10252
0,6103516 0,2169609 0,1084805
0,6103516 0,2241135 0,1120567
0,6103516 0,2169609 0,1084805
0,6103516 0,231266 0,115633
0,6103516 0,2121925 0,1060963
0,6103516 0,2193451 0,1096725
0,6103516 0,2384186 0,1192093
0,6103516 0,1716614 0,08583069
0,9155273 0,193119 0,09655952
0,9155273 0,1859665 0,09298325
0,6103516 0,231266 0,115633
0,6103516 0,2217293 0,1108646
0,6103516 0,2002716 0,1001358
0,6103516 0,2169609 0,1084805
0,6103516 0,2527237 0,1263618
0,6103516 0,2765656 0,1382828
0,6103516 0,1883507 0,09417534
0,6103516 0,2026558 0,1013279
0,6103516 0,2336502 0,1168251
0,6103516 0,2288818 0,1144409
0,6103516 0,2264977 0,1132488
0,6103516 0,2384186 0,1192093
0,6103516 0,2264977 0,1132488
0,6103516 0,2455711 0,1227856
0,6103516 0,2646446 0,1323223
0,3051758 0,2145767 0,1072884
0,6103516 0,2193451 0,1096725
0,6103516 0,243187 0,1215935
0,6103516 0,2384186 0,1192093
0,6103516 0,2217293 0,1108646
0,6103516 0,2121925 0,1060963
0,6103516 0,2360344 0,1180172
0,6103516 0,2551079 0,1275539
0,6103516 0,2336502 0,1168251
0,6103516 0,2551079 0,1275539
0,6103516 0,2145767 0,1072884
0,6103516 0,2360344 0,1180172
0,6103516 0,295639 0,1478195
0,6103516 0,2455711 0,1227856
0,6103516 0,231266 0,115633
0,6103516 0,2217293 0,1108646
0,6103516 0,2336502 0,1168251
0,6103516 0,2217293 0,1108646
0,6103516 0,231266 0,115633
0,6103516 0,2479553 0,1239777
0,6103516 0,2241135 0,1120567
0,6103516 0,2598763 0,1299381
0,6103516 0,2384186 0,1192093
0,6103516 0,2813339 0,140667
0,6103516 0,2360344 0,1180172
0,6103516 0,2360344 0,1180172
0,6103516 0,243187 0,1215935
0,6103516 0,2646446 0,1323223
0,6103516 0,2455711 0,1227856
0,6103516 0,2622604 0,1311302
0,6103516 0,2455711 0,1227856
0,6103516 0,2765656 0,1382828
0,6103516 0,2598763 0,1299381
0,6103516 0,269413 0,1347065
0,6103516 0,3290176 0,1716614
0,6103516 0,2741814 0,1370907
0,6103516 0,2646446 0,1323223
0,6103516 0,2503395 0,1251698
0,9155273 0,2717972 0,1358986
0,6103516 0,2360344 0,1180172
0,9155273 0,2813339 0,140667
0,6103516 0,2884865 0,1442432
0,6103516 0,2813339 0,140667
0,6103516 0,2646446 0,1323223
0,6103516 0,2741814 0,1370907
0,6103516 0,2598763 0,1299381
0,6103516 0,2551079 0,1275539
0,6103516 0,2884865 0,1442432
0,6103516 0,2503395 0,1251698
0,6103516 0,2980232 0,1490116
0,6103516 0,3242493 0,1621246
0,6103516 0,2551079 0,1275539
0,6103516 0,2670288 0,1335144
0,6103516 0,2980232 0,1490116
0,6103516 0,3147125 0,1597404
0,6103516 0,3027916 0,1513958
0,6103516 0,295639 0,1478195
0,6103516 0,2908707 0,1454353
0,6103516 0,2980232 0,1490116
0,6103516 0,2908707 0,1454353
0,6103516 0,2908707 0,1454353
0,6103516 0,3314018 0,166893
0,6103516 0,3051758 0,1525879
0,6103516 0,3027916 0,1513958
0,6103516 0,3027916 0,1513958
0,6103516 0,3194809 0,1597404
0,6103516 0,3266335 0,1704693
0,6103516 0,3266335 0,1645088
0,6103516 0,3194809 0,1597404
0,6103516 0,3242493 0,1633167
0,9155273 0,295639 0,1478195
0,6103516 0,3218651 0,1609325
0,6103516 0,3051758 0,1525879
0,6103516 0,3170967 0,1585484
0,6103516 0,3218651 0,166893
0,6103516 0,333786 0,1811981
0,6103516 0,3194809 0,1597404
0,9155273 0,3290176 0,1657009
0,9155273 0,3170967 0,1597404
0,6103516 0,3123283 0,1740456
0,6103516 0,3266335 0,1633167
0,9155273 0,3266335 0,1764297
0,6103516 0,3242493 0,1680851
0,9155273 0,3457069 0,1871586
0,6103516 0,3409386 0,1788139
0,6103516 0,333786 0,1811981
0,6103516 0,3409386 0,180006
0,6103516 0,3266335 0,1704693
0,9155273 0,3385544 0,1704693
0,6103516 0,3242493 0,1752377
0,6103516 0,3290176 0,1895428
0,6103516 0,3170967 0,180006
0,6103516 0,333786 0,1883507
0,6103516 0,3266335 0,166893
0,6103516 0,3218651 0,1883507
0,6103516 0,3242493 0,1859665
0,6103516 0,3218651 0,1871586
0,6103516 0,3409386 0,191927
0,6103516 0,3170967 0,1680851
0,9155273 0,3385544 0,1835823
0,9155273 0,3385544 0,193119
0,6103516 0,3099442 0,166893
0,9155273 0,333786 0,1883507
0,6103516 0,333786 0,1990795
0,6103516 0,3409386 0,1907349
0,6103516 0,3170967 0,1740456
0,9155273 0,3242493 0,1883507
0,9155273 0,3361702 0,20504
0,6103516 0,3170967 0,1764297
0,6103516 0,333786 0,1728535
0,6103516 0,3290176 0,2062321
0,6103516 0,333786 0,2038479
0,6103516 0,3314018 0,191927
0,6103516 0,3552437 0,2098083
0,9155273 0,3290176 0,1955032
0,9155273 0,3361702 0,2014637
0,9155273 0,3361702 0,2038479
0,9155273 0,3385544 0,2169609
0,6103516 0,3385544 0,2121925
0,6103516 0,3194809 0,1859665
0,9155273 0,3433228 0,193119
0,6103516 0,3290176 0,2014637
0,6103516 0,3314018 0,2038479
0,6103516 0,3528595 0,2169609
0,6103516 0,333786 0,1895428
0,6103516 0,3242493 0,1990795
0,9155273 0,3290176 0,20504
0,6103516 0,3314018 0,20504
0,6103516 0,3194809 0,2193451
0,6103516 0,3242493 0,2014637
0,6103516 0,3266335 0,2110004
0,6103516 0,3409386 0,218153
0,6103516 0,3433228 0,2193451
0,6103516 0,333786 0,1943111
0,6103516 0,3409386 0,2264977
0,9155273 0,3504753 0,2324581
0,6103516 0,3266335 0,2062321
0,6103516 0,3433228 0,2288818
0,6103516 0,3433228 0,2157688
0,6103516 0,3266335 0,218153
0,9155273 0,3480911 0,231266
0,6103516 0,3409386 0,2336502
0,6103516 0,3314018 0,2253056
0,6103516 0,3504753 0,2408028
0,6103516 0,3504753 0,2229214
0,9155273 0,3409386 0,2217293
0,6103516 0,3409386 0,2288818
0,6103516 0,3457069 0,2264977
0,9155273 0,3480911 0,2396107
0,9155273 0,3528595 0,2503395
0,9155273 0,3314018 0,2229214
0,9155273 0,3504753 0,2264977
0,6103516 0,3385544 0,2479553
0,9155273 0,3623962 0,2563
0,9155273 0,3576279 0,2574921
0,9155273 0,3552437 0,2563
0,6103516 0,3647804 0,231266
0,9155273 0,3695488 0,2491474
0,6103516 0,3528595 0,2515316
0,9155273 0,3552437 0,2551079
0,6103516 0,3600121 0,2467632
0,6103516 0,3528595 0,2634525
0,9155273 0,3576279 0,2503395
0,6103516 0,3480911 0,2503395
0,9155273 0,3600121 0,2539158
0,6103516 0,3552437 0,2551079
0,9155273 0,3457069 0,2491474
0,6103516 0,3671646 0,2801418
0,9155273 0,3647804 0,2658367
0,9155273 0,3623962 0,269413
0,9155273 0,3623962 0,2574921
0,9155273 0,3552437 0,2646446
0,9155273 0,3623962 0,2574921
0,6103516 0,3647804 0,2729893
0,9155273 0,3457069 0,2539158
0,6103516 0,3457069 0,244379
0,6103516 0,3647804 0,2729893
1,220703 0,3623962 0,2622604
0,6103516 0,3600121 0,2789497
0,9155273 0,3647804 0,2563
0,9155273 0,3647804 0,2717972
0,9155273 0,3886223 0,2908707
1,220703 0,371933 0,2729893
0,9155273 0,3623962 0,2765656
0,9155273 0,3623962 0,2741814
0,9155273 0,3600121 0,2861023
0,6103516 0,3743172 0,2849102
0,9155273 0,3862381 0,2920628
0,6103516 0,3552437 0,2813339
0,9155273 0,3695488 0,2872944
0,6103516 0,3647804 0,2801418
0,9155273 0,3528595 0,2789497
0,9155273 0,3743172 0,2920628
0,9155273 0,3814697 0,2992153
0,9155273 0,3910065 0,2908707
1,220703 0,4029274 0,3027916
0,9155273 0,3862381 0,3004074
0,6103516 0,3552437 0,2789497
0,9155273 0,3790855 0,2944469
0,9155273 0,3957748 0,2992153
1,220703 0,398159 0,3218651
0,9155273 0,371933 0,2884865
0,9155273 0,3623962 0,2813339
0,6103516 0,3695488 0,2884865
0,9155273 0,3743172 0,2896786
0,9155273 0,3933907 0,2992153
1,220703 0,3957748 0,3015995
0,6103516 0,371933 0,295639
0,9155273 0,398159 0,295639
0,6103516 0,3671646 0,2980232
0,9155273 0,3862381 0,3111362
0,6103516 0,3862381 0,2944469
0,9155273 0,3814697 0,3051758
0,9155273 0,3910065 0,3004074
0,9155273 0,3838539 0,2992153
0,9155273 0,3671646 0,3004074
0,9155273 0,3957748 0,3123283
0,9155273 0,3910065 0,3135204
0,9155273 0,4053116 0,3147125
0,9155273 0,3886223 0,3170967
0,9155273 0,3838539 0,3123283
0,9155273 0,3814697 0,3004074
0,9155273 0,398159 0,3242493
0,9155273 0,3862381 0,3099442
0,9155273 0,398159 0,3051758
0,6103516 0,3838539 0,2968311
0,9155273 0,3743172 0,295639
0,9155273 0,3838539 0,2968311
0,9155273 0,371933 0,3063679
0,9155273 0,3814697 0,3087521
0,9155273 0,4053116 0,3218651
0,9155273 0,3862381 0,3218651
1,220703 0,4029274 0,3170967
0,9155273 0,3910065 0,3087521
1,220703 0,3957748 0,3159046
1,220703 0,3862381 0,3027916
1,220703 0,3814697 0,3099442
0,9155273 0,4005432 0,3087521
0,9155273 0,4267693 0,3230572
1,220703 0,4172325 0,3445148
0,9155273 0,4220009 0,3302097
0,9155273 0,3933907 0,3087521
0,9155273 0,4029274 0,3123283
0,9155273 0,3957748 0,320673
0,9155273 0,398159 0,3230572
0,9155273 0,41008 0,3278255
0,9155273 0,4124641 0,3266335
0,9155273 0,4267693 0,3373623
0,9155273 0,4243851 0,3254414
0,9155273 0,398159 0,3051758
0,9155273 0,4076958 0,3266335
0,9155273 0,4029274 0,3325939
0,9155273 0,4053116 0,3218651
0,9155273 0,41008 0,3242493
0,9155273 0,3910065 0,320673
0,9155273 0,3933907 0,3194809
0,9155273 0,4029274 0,3266335
0,6103516 0,3814697 0,3027916
0,9155273 0,4053116 0,3182888
0,9155273 0,4196167 0,3349781
0,6103516 0,41008 0,3242493
0,9155273 0,4124641 0,3254414
0,9155273 0,3886223 0,3170967
1,220703 0,4220009 0,3266335
0,9155273 0,3862381 0,3218651
1,220703 0,4005432 0,3182888
1,220703 0,4196167 0,3409386
0,9155273 0,398159 0,3135204
0,9155273 0,4434586 0,3504753
0,9155273 0,4196167 0,3349781
0,9155273 0,4124641 0,3242493
0,9155273 0,3862381 0,3194809
0,9155273 0,4124641 0,3361702
0,9155273 0,4029274 0,3230572
0,9155273 0,4196167 0,3325939
0,9155273 0,4148483 0,3290176
1,220703 0,4386902 0,333786
0,9155273 0,41008 0,3218651
0,9155273 0,4315376 0,3409386
0,6103516 0,4243851 0,3349781
1,220703 0,4029274 0,3266335
0,9155273 0,4076958 0,320673
0,9155273 0,4291534 0,3457069
0,6103516 0,3957748 0,320673
0,9155273 0,4005432 0,3123283
0,9155273 0,4267693 0,3409386
0,9155273 0,4172325 0,3373623
0,9155273 0,4434586 0,3457069
0,9155273 0,4410744 0,3504753
0,9155273 0,4220009 0,3397465
0,9155273 0,436306 0,3445148
0,9155273 0,4148483 0,3397465
0,9155273 0,4410744 0,3540516
0,9155273 0,4506111 0,3552437
0,9155273 0,4124641 0,3349781
0,6103516 0,4220009 0,3361702
0,9155273 0,436306 0,3457069
1,220703 0,4124641 0,3314018
0,9155273 0,3933907 0,3147125
0,9155273 0,4529953 0,3516674
0,9155273 0,4315376 0,3373623
0,9155273 0,3814697 0,3218651
0,9155273 0,4410744 0,3445148
0,9155273 0,4315376 0,346899
0,9155273 0,4243851 0,3397465
0,9155273 0,4291534 0,3492832
0,9155273 0,4243851 0,3373623
0,9155273 0,4410744 0,3433228
0,9155273 0,4124641 0,3373623
0,9155273 0,4601479 0,3528595
1,220703 0,4482269 0,3552437
0,9155273 0,4124641 0,3314018
0,9155273 0,4005432 0,3290176
0,9155273 0,4410744 0,3480911
0,9155273 0,4410744 0,3600121
0,9155273 0,4196167 0,3361702
0,9155273 0,4196167 0,3302097
0,9155273 0,4196167 0,3361702
0,9155273 0,4434586 0,3516674
0,9155273 0,4315376 0,3480911
0,9155273 0,4339218 0,3457069
1,220703 0,436306 0,3492832
0,9155273 0,4434586 0,3492832
0,9155273 0,4148483 0,3397465
0,9155273 0,4172325 0,3242493
0,9155273 0,41008 0,3254414
0,9155273 0,4243851 0,3457069
0,9155273 0,4291534 0,3409386
1,525879 0,4673004 0,3659725
0,9155273 0,4577637 0,3659725
0,9155273 0,4506111 0,3600121
0,9155273 0,4315376 0,3433228
0,9155273 0,4243851 0,3433228
0,9155273 0,4482269 0,3612041
0,9155273 0,4339218 0,3433228
0,9155273 0,4148483 0,3421307
1,220703 0,4386902 0,3492832
0,9155273 0,4243851 0,3409386
0,9155273 0,4267693 0,3457069
0,9155273 0,41008 0,3445148
0,9155273 0,4506111 0,3540516
0,9155273 0,4267693 0,3409386
0,9155273 0,4076958 0,3373623
0,9155273 0,4601479 0,3647804
0,9155273 0,4434586 0,3492832
0,9155273 0,4315376 0,3433228
0,9155273 0,4577637 0,3623962
0,9155273 0,4649162 0,3623962
0,9155273 0,4315376 0,3445148
0,9155273 0,4577637 0,3623962
0,9155273 0,4434586 0,3492832
0,9155273 0,436306 0,3492832
0,9155273 0,4577637 0,3552437
0,9155273 0,4577637 0,3683567
0,9155273 0,4673004 0,3635883
0,9155273 0,4482269 0,3504753
0,9155273 0,4696846 0,3778934
0,9155273 0,4506111 0,3635883
0,6103516 0,4386902 0,3480911
0,9155273 0,4434586 0,35882
0,9155273 0,462532 0,3659725
0,9155273 0,4243851 0,3480911
0,9155273 0,4911423 0,3790855
0,9155273 0,4649162 0,3671646
0,9155273 0,4482269 0,3671646
0,9155273 0,4720688 0,371933
0,9155273 0,462532 0,3683567
1,220703 0,4863739 0,3826618
0,9155273 0,4410744 0,3612041
0,9155273 0,4816055 0,3767014
0,9155273 0,4935265 0,3886223
0,9155273 0,5364418 0,4065037
0,9155273 0,4863739 0,3802776
0,9155273 0,4649162 0,3695488
0,9155273 0,4458427 0,3552437
0,9155273 0,4935265 0,3826618
1,220703 0,5197525 0,4029274
1,220703 0,462532 0,3755093
0,9155273 0,4863739 0,3826618
0,9155273 0,4673004 0,3778934
1,220703 0,5125999 0,398159
1,220703 0,5578995 0,4243851
0,9155273 0,5149841 0,4005432
0,9155273 0,4720688 0,3814697
1,525879 0,4839897 0,3814697
0,9155273 0,5125999 0,3969669
0,9155273 0,5125999 0,398159
1,220703 0,5197525 0,4005432
0,9155273 0,5197525 0,4053116
1,220703 0,5149841 0,3969669
0,9155273 0,4959106 0,3933907
0,9155273 0,538826 0,4136562
0,9155273 0,538826 0,4172325
1,220703 0,4816055 0,3886223
0,9155273 0,5364418 0,4136562
1,220703 0,5316734 0,4076958
0,9155273 0,5125999 0,4005432
1,220703 0,5269051 0,4029274
0,9155273 0,5364418 0,411272
0,9155273 0,5578995 0,4243851
0,9155273 0,5483627 0,4184246
0,9155273 0,5221367 0,4088879
1,220703 0,5555153 0,4243851
1,220703 0,5984306 0,449419
1,220703 0,5578995 0,4279613
1,220703 0,6103516 0,4482269
1,220703 0,5888939 0,4422665
1,220703 0,5745888 0,4327297
1,220703 0,6151199 0,4589558
1,220703 0,603199 0,4518032
0,9155273 0,5984306 0,4470348
0,9155273 0,5793571 0,4386902
1,220703 0,6341934 0,4661083
0,9155273 0,5912781 0,4458427
0,9155273 0,5912781 0,4410744
0,9155273 0,6341934 0,4637241
0,9155273 0,6103516 0,4529953
1,220703 0,6651878 0,4780293
1,220703 0,6771088 0,4923344
1,220703 0,6365776 0,4673004
0,9155273 0,6651878 0,4887581
1,525879 0,6651878 0,4863739
1,220703 0,6771088 0,5018711
1,220703 0,6461143 0,4935265
1,220703 0,667572 0,5054474
1,220703 0,6651878 0,5042553
1,525879 0,7009506 0,5090237
1,220703 0,6818771 0,5114079
0,9155273 0,6723404 0,5090237
1,220703 0,6985664 0,513792
2,13623 0,6699562 0,5125999
1,220703 0,6747246 0,4923344
1,220703 0,6556511 0,4935265
1,220703 0,6699562 0,5018711
1,525879 0,6747246 0,500679
1,525879 0,7081032 0,5161762
1,220703 0,6723404 0,5066395
1,220703 0,6890297 0,5161762
1,220703 0,6604195 0,4959106
1,220703 0,6604195 0,4982948
1,220703 0,6651878 0,4971027
1,525879 0,6556511 0,4911423
1,220703 0,6842613 0,5328655
1,220703 0,6914139 0,5328655
1,220703 0,6842613 0,5412102
1,220703 0,6818771 0,5173683
1,220703 0,6628036 0,5173683
1,525879 0,705719 0,5424023
0,9155273 0,6890297 0,5316734
1,220703 0,7247925 0,5340576
0,9155273 0,6604195 0,4971027
1,220703 0,6961823 0,5328655
1,220703 0,6818771 0,5245209
1,220703 0,6890297 0,5269051
1,525879 0,6961823 0,5352497
1,220703 0,6937981 0,5447865
1,220703 0,7128716 0,538826
0,9155273 0,6628036 0,5114079
1,220703 0,6818771 0,525713
1,220703 0,6937981 0,525713
1,525879 0,6914139 0,5507469
1,220703 0,679493 0,5304813
1,220703 0,7343292 0,5710125
1,220703 0,7009506 0,5328655
1,220703 0,7009506 0,5483627
1,220703 0,7009506 0,5376339
1,525879 0,7629395 0,6020069
1,525879 0,6985664 0,5567074
1,220703 0,7343292 0,5805492
1,220703 0,7128716 0,5733967
1,220703 0,7081032 0,5590916
1,220703 0,6961823 0,5555153
1,220703 0,7629395 0,6079674
1,525879 0,7748604 0,6127357
1,525879 0,7820129 0,6091595
1,220703 0,7534027 0,6151199
1,831055 0,8225441 0,6437302
1,831055 0,8320808 0,6699562
1,525879 0,8010864 0,6461143
1,525879 0,8606911 0,6723404
1,831055 0,8368492 0,6699562
1,525879 0,8845329 0,6997585
2,13623 0,9393692 0,7379055
1,525879 0,9417534 0,7426739
2,13623 0,9918213 0,7617474
1,525879 0,9465218 0,7402897
2,13623 1,020432 0,7891655
1,831055 1,046658 0,8058548
1,831055 1,058578 0,8261204
2,13623 1,094341 0,846386
2,441406 1,108646 0,8606911
1,831055 1,077652 0,8499622
1,831055 1,08242 0,8559227
2,13623 1,137257 0,8809566
2,13623 1,149178 0,9036064
1,831055 1,165867 0,9334087
1,831055 1,144409 0,897646
2,13623 1,215935 0,9524822
1,831055 1,134872 0,9179115
2,13623 1,211166 0,9560585
2,441406 1,168251 0,9286404
2,13623 1,163483 0,9346008
2,13623 1,211166 0,9632111
2,746582 1,192093 0,9489059
2,441406 1,213551 0,9655952
2,13623 1,213551 0,9667873
2,441406 1,251698 0,9858608
2,13623 1,23024 0,9739399
2,441406 1,239777 0,9894371
2,13623 1,227856 0,9739399
2,441406 1,289845 1,010895
2,13623 1,28746 1,010895
2,13623 1,215935 0,9715557
2,13623 1,251698 1,007318
2,441406 1,254082 1,015663
2,441406 1,282692 1,029968
2,13623 1,28746 1,014471
2,13623 1,289845 1,014471
2,441406 1,339912 1,051426
2,441406 1,380444 1,085997
2,441406 1,354218 1,055002
2,13623 1,385212 1,101494
2,441406 1,425743 1,124144
2,441406 1,428127 1,113415
2,441406 1,425743 1,130104
2,441406 1,473427 1,137257
2,441406 1,454353 1,143217
2,441406 1,451969 1,15633
2,746582 1,523495 1,180172
2,441406 1,540184 1,229048
2,441406 1,506805 1,206398
2,441406 1,506805 1,218319
2,746582 1,497269 1,221895
2,746582 1,609325 1,270771
2,13623 1,5378 1,224279
3,051758 1,578331 1,267195
2,746582 1,628399 1,28746
2,441406 1,609325 1,288652
2,441406 1,645088 1,312494
2,746582 1,604557 1,295805
2,746582 1,657009 1,324415
2,746582 1,659393 1,339912
3,356934 1,635551 1,323223
3,356934 1,773834 1,398325
3,356934 1,792908 1,419783
3,051758 1,890659 1,482964
3,051758 1,859665 1,473427
3,662109 1,986027 1,562834
3,662109 2,119541 1,665354
3,662109 2,18153 1,764297
3,662109 2,288818 1,825094
3,662109 2,300739 1,837015
4,577637 2,326965 1,889467
3,662109 2,372265 1,915693
4,272461 2,44379 1,975298
3,967285 2,367496 1,921654
4,272461 2,346039 1,920462
3,356934 2,436638 1,996756
4,272461 2,539158 2,0504
3,662109 2,455711 1,990795
4,577637 2,586842 2,115965
3,662109 2,520084 2,090931
4,577637 2,646446 2,123117
3,967285 2,708435 2,200603
5,187988 2,653599 2,164841
3,967285 2,670288 2,183914
4,272461 2,822876 2,280474
4,882813 2,753735 2,250671
4,577637 2,772808 2,250671
4,882813 2,875328 2,353191
5,187988 2,92778 2,398491
4,882813 2,951622 2,413988
4,577637 2,925396 2,38061
5,187988 3,099442 2,503395
5,493164 3,116131 2,579689
5,187988 3,170967 2,623796
4,577637 3,070831 2,542734
5,493164 3,261566 2,682209
4,882813 3,268719 2,701283
5,79834 3,306866 2,732277
5,187988 3,373623 2,785921
5,79834 3,504753 2,849102
6,408691 3,757477 3,055334
6,103516 3,869534 3,11017
6,103516 4,065037 3,272295
7,93457 4,410744 3,585815
7,324219 4,467964 3,682375
7,629395 4,470348 3,720522
6,408691 4,458427 3,695488
6,408691 4,513264 3,775358
7,019043 4,487038 3,79324
7,019043 4,470348 3,693104
7,629395 4,651546 3,898144
6,408691 4,560947 3,861189
8,544922 4,553795 3,769398
6,713867 4,782677 4,028082
7,629395 4,861355 4,007816
6,713867 4,541874 3,818274
7,324219 4,825592 3,988743
7,019043 4,703999 3,905296
7,629395 4,84705 4,047155
7,019043 4,620552 3,886223
8,239746 4,823208 4,035234
7,93457 4,947186 4,113913
6,713867 4,811287 4,044771
7,629395 4,987717 4,162788
9,155273 5,002022 4,240274
7,019043 4,973412 4,124641
8,544922 5,0354 4,185438
8,239746 5,31435 4,47154
7,629395 5,016327 4,277229
7,324219 5,00679 4,20928
7,324219 5,197525 4,397631
8,239746 5,319118 4,476309
7,629395 5,202293 4,401207
8,544922 5,395412 4,541874
8,239746 5,369186 4,535913
8,850098 5,614758 4,658699
9,155273 5,469322 4,62532
8,544922 5,733967 4,777908
8,850098 5,538464 4,720688
8,850098 5,733967 4,808903
9,155273 5,884171 4,963875
8,239746 5,817413 4,920959
9,460449 6,020069 5,079508
9,155273 6,122589 5,117655
8,850098 6,084442 5,156994
10,37598 6,170273 5,195141
9,765625 6,275177 5,316734
9,460449 6,518364 5,409718
10,98633 6,484985 5,453825
10,0708 6,766319 5,679131
9,460449 6,523132 5,493164
10,98633 6,742477 5,759001
10,37598 6,947517 5,806684
10,68115 6,730556 5,710125
10,68115 6,976128 5,860329
10,68115 6,973743 5,842447
11,2915 6,959438 5,887747
11,2915 7,059574 5,902052
10,0708 7,069111 5,992651
11,90186 7,121563 5,978346
10,37598 7,488728 6,314516
13,42773 7,395744 6,251335
10,68115 7,736683 6,514788
10,37598 7,534027 6,400347
11,90186 7,83205 6,531477
13,42773 7,696152 6,657839
11,90186 7,83205 6,60181
11,90186 7,824898 6,661415
11,2915 8,05378 6,916523
13,73291 8,132458 6,867647
12,20703 8,275509 7,083416
12,20703 8,265972 6,965399
14,03809 8,547306 7,280111
11,90186 8,571148 7,251501
13,73291 8,473396 7,194281
13,12256 8,435249 7,234812
12,81738 8,716583 7,43866
12,20703 8,642673 7,331371
13,12256 8,554459 7,314682
13,42773 8,759499 7,394552
14,03809 8,711815 7,431507
13,42773 8,780956 7,505417
13,12256 9,031296 7,719994
14,34326 9,260178 7,840395
12,81738 9,319782 7,878542
14,64844 9,343624 7,938147
13,73291 9,067059 7,816553
