0,8138021 0,4084905 0,302792
0,8138021 0,3941854 0,2908708
0,8138021 0,4418695 0,3210712
1,017253 0,4545852 0,3369663
1,017253 0,4704799 0,3671655
1,017253 0,4847851 0,3735233
0,8138021 0,4943219 0,3886229
0,8138021 0,4895535 0,3751128
0,8138021 0,491143 0,3894176
1,017253 0,5181636 0,4116697
1,424154 0,5499523 0,4315376
1,220703 0,5467734 0,4394847
1,017253 0,5737938 0,457763
1,220703 0,6087615 0,4776311
1,220703 0,6564456 0,5118039
1,220703 0,7088979 0,55472
1,424154 0,7502236 0,5825362
1,424154 0,7740654 0,624658
1,627604 0,8201599 0,6612153
1,627604 0,8678443 0,7017465
1,627604 0,8932757 0,6993624
2,034505 0,9997698 0,7732719
3,255208 0,9822859 0,760556
3,255208 1,144408 0,8781739
3,86556 1,128513 0,8575106
2,848307 1,196861 0,9107575
3,051758 1,247724 0,9441368
3,458659 1,317662 1,016458
3,255208 1,428924 1,082421
2,848307 1,462302 1,091163
3,66211 1,624424 1,18971
2,644857 1,610119 1,205604
4,882812 1,759529 1,317659
4,475911 1,778602 1,355806
3,255208 1,872381 1,411437
3,86556 2,117155 1,629988
4,272461 2,234776 1,71264
4,272461 2,309481 1,79847
4,272461 2,514524 1,980464
6,713865 2,717968 2,171991
4,27246 2,851487 2,282462
6,917317 3,096264 2,459685
6,917316 3,326735 2,66711
6,103516 3,539722 2,807779
8,748372 3,935495 3,11772
9,358724 4,247028 3,376801
10,98633 4,84943 3,83059
9,358724 5,32627 4,277228
10,57943 6,046297 4,870893
11,80013 6,680489 5,341373
14,44499 7,530849 6,043911
12,61393 8,341472 6,827513
13,22428 8,800826 7,329782
13,83463 9,481112 8,023581
14,85189 9,886422 8,465446
17,7002 10,57148 9,03527
15,6657 11,05467 9,500186
15,6657 11,34078 9,739399
16,0726 11,69045 10,14392
17,2933 12,32306 10,62154
16,68295 12,75699 11,19693
18,31055 13,08918 11,34157
19,12436 13,25925 11,54979
18,31056 13,24336 11,76754
18,51401 13,77583 12,0767
19,12436 14,02378 12,31988
19,93816 14,42432 12,59247
19,53126 14,51016 12,75222
17,90365 14,62459 12,99461
21,15886 15,076 13,30773
20,5485 15,35893 13,55489
20,54851 15,38277 13,55807
19,53126 15,86915 13,86802
20,34506 15,89775 14,07862
21,76921 16,36346 14,51493
21,76921 16,54783 14,68896
22,78646 17,37118 15,46303
20,54851 16,95951 15,20236
21,76921 17,6398 15,65377
22,78646 17,87186 15,83815
24,00716 18,09439 16,28797
22,98991 18,3471 16,44531
23,60026 18,79851 16,72029
24,21061 18,68408 16,79023
26,65201 19,16091 17,22655
24,41406 19,55191 17,4737
25,22785 19,74105 17,73199
25,22786 19,83484 17,81384
24,00716 20,00332 17,94576
25,83821 20,76943 18,6491
28,68651 20,92362 18,83427
26,85546 20,67249 18,63162
25,83821 21,12866 18,96859
26,85546 21,2892 19,1474
26,44855 21,20495 19,09972
25,8382 21,35754 19,18316
27,4658 21,69768 19,48834
26,44855 21,57846 19,54714
28,48306 21,97584 19,9151
26,44856 21,74377 19,65602
28,27961 22,30167 20,21471
28,07616 22,12841 20,18373
28,07615 22,75149 20,62241
29,50031 22,42565 20,32439
27,05891 22,34617 20,40942
28,07616 22,85163 20,84415
27,26236 22,78804 20,79168
27,66926 23,0058 21,1835
27,46581 22,91203 20,77023
28,88995 23,13773 21,01342
30,51756 23,07256 20,83143
28,27961 23,02647 20,59779
30,31411 23,21243 21,28839
29,5003 23,77669 21,49661
29,29686 23,53827 21,54828
31,9417 23,55893 21,18587
29,50031 23,57166 21,60072
28,68651 23,6543 21,39012
28,68652 23,60821 21,50853
27,66926 23,57006 21,29395
29,90721 23,68609 21,62536
28,68651 23,68609 21,54589
28,07616 24,04372 21,93054
29,5003 24,08504 21,9965
29,0934 23,98173 21,82961
31,73825 24,48877 22,13002
28,6865 24,26782 22,18087
29,90722 24,5889 22,34617
30,31411 24,64294 22,46618
31,73826 24,67155 22,5377
30,11066 24,83208 22,5997
28,88995 24,75419 22,49877
30,92444 24,95288 22,69744
29,50031 24,75739 22,65215
31,9417 24,87819 22,61638
31,12791 25,24216 22,92315
29,29686 25,56483 23,29746
29,90721 25,02919 22,82461
31,33136 25,34547 23,0662
29,50031 25,41701 23,3205
30,72101 25,51872 23,17983
30,92446 25,79848 23,39363
30,31411 25,11184 23,12422
30,11066 25,78576 23,52555
31,33136 25,73808 23,57643
31,73826 26,17835 23,77033
32,75551 25,85093 23,52476
32,3486 26,20061 23,81404
31,1279 25,74284 23,64794
31,94171 26,36274 24,06756
29,90721 26,00352 23,88318
32,95895 26,2769 23,98093
31,1279 26,54074 23,93564
32,14515 26,48354 24,36002
31,12791 26,05597 23,89987
32,34861 26,73625 24,40294
35,40036 26,33094 24,29565
31,5348 26,46287 24,14782
33,16241 26,76327 24,36399
31,33137 26,90316 24,29962
31,53481 26,42472 24,33459
31,5348 26,50262 24,3767
30,92446 26,73149 24,5738
31,33136 26,97149 24,73434
33,16241 27,28144 25,05858
31,73825 26,97309 24,7399
31,94171 27,1066 24,83289
33,36586 26,77758 24,45937
35,80725 27,54847 25,03951
31,9417 27,12091 24,89647
32,7555 27,16382 25,09355
33,56931 27,13044 24,88773
32,55206 27,36885 25,00375
34,17966 27,42449 25,22309
31,94171 27,35297 25,19369
33,1624 27,39906 25,03235
34,17965 27,32118 25,11739
34,17966 27,52781 25,43131
35,1969 27,76464 25,38601
32,34862 27,42132 25,17382
34,58656 28,04756 25,4933
34,58656 27,90132 25,46548
32,95896 27,63589 25,40349
32,55206 27,80913 25,42574
31,94171 27,68197 25,56085
32,75551 27,82184 25,19686
32,55205 27,94742 25,70868
34,38311 28,23829 25,72218
32,95896 27,97127 25,44959
32,14515 27,82504 25,81916
33,5693 27,97603 25,61172
34,79001 28,04754 25,79133
33,56931 27,78211 25,41144
34,99346 28,15564 25,97571
33,16241 27,90291 25,52826
35,40035 28,14928 25,58788
34,99345 28,28598 25,97411
34,58656 28,12545 25,88907
36,01069 27,90927 25,44958
35,19691 28,27485 25,96378
32,14515 27,7233 25,66019
34,38311 28,51008 26,26975
36,21416 28,48306 26,021
34,58655 28,38452 26,1569
34,17965 28,35431 26,19664
35,60381 28,30982 25,8247
33,5693 28,61023 26,39215
33,56931 28,76599 26,44221
34,17965 28,60069 26,3993
33,56931 28,5228 26,24908
34,38311 28,64996 26,26896
34,79001 28,59115 26,39055
33,36586 28,80415 26,31029
33,97622 28,3114 25,96378
33,97621 28,95672 26,22682
33,56931 28,65472 26,62339
35,40035 28,42585 26,2777
33,77275 28,4926 26,19505
34,17965 28,37498 26,17994
34,58656 28,70082 26,61466
35,6038 28,71512 26,37307
38,4521 28,81685 26,24432
32,75551 28,67062 26,11955
34,3831 28,8248 26,4875
33,9762 28,97262 26,71003
35,60381 28,57208 26,39212
36,01069 28,75485 26,32777
37,02796 28,88202 26,74579
35,40035 29,28733 26,97865
33,9762 29,09342 26,84752
36,8245 29,15699 26,93176
34,58655 29,03302 26,6846
33,36586 28,93606 26,80381
33,36586 28,94083 26,55982
33,56931 29,19672 26,61705
34,99346 29,60362 27,02473
34,38311 29,16176 26,89123
35,19691 29,15224 26,68381
39,46935 29,37951 26,92778
34,17966 28,86611 26,72512
35,40036 29,03143 26,58526
36,62105 29,38906 27,13838
33,9762 28,9901 26,55585
33,5693 29,07116 26,92619
34,79 29,13316 27,05177
36,21415 28,92016 26,54314
35,19691 29,38111 27,17256
33,5693 28,85023 26,73149
35,60381 29,36839 27,15587
35,60381 29,11885 26,86025
35,1969 29,51939 27,31562
33,77276 29,36521 27,01837
37,84176 29,5178 27,0152
36,4176 29,2603 27,00486
36,0107 29,24124 26,92621
34,38311 29,08706 26,82687
36,21415 29,2142 26,84991
34,17965 29,33341 27,09864
35,80725 29,42244 27,1225
34,58656 29,69899 27,29892
35,19691 29,5766 27,41496
35,60381 29,48124 27,06845
36,62104 29,27621 26,84354
34,58655 29,39859 27,20196
38,24865 29,33501 26,73864
36,62104 29,31753 26,93493
34,58655 29,60204 27,04698
36,4176 29,73078 27,33389
33,77276 29,49555 27,1209
34,38311 29,40812 27,14553
36,0107 29,58456 27,40701
34,17967 29,61316 27,318
34,79 29,29051 27,09229
35,80725 29,88338 27,08673
35,1969 29,7578 27,41098
34,58655 29,60046 27,24488
34,3831 29,59568 27,42052
35,1969 29,39859 27,22818
34,3831 29,82456 27,44674
35,19691 29,70058 27,58819
35,40036 29,21104 27,00646
36,41762 29,51303 27,33151
34,79001 29,27303 27,11534
33,77276 29,43514 27,16619
34,58656 29,46534 27,22581
33,77275 29,53528 27,1956
34,3831 29,46693 27,34899
35,80725 29,68151 27,48967
36,21415 29,30164 27,17575
35,6038 29,34296 26,97228
34,99346 29,83251 27,38474
34,17966 29,71648 27,43482
36,21415 29,53368 27,12966
36,21415 29,75305 27,47536
35,1969 29,58932 27,30607
34,17965 29,699 27,40701
35,1969 29,77211 27,69232
34,79 29,80549 27,30607
34,79001 29,63065 27,2568
35,1969 29,76098 27,44753
34,99345 29,63223 27,33547
35,19691 29,96126 27,52223
38,45211 29,94378 27,5898
37,02795 29,89132 27,49205
35,40036 29,5337 27,47933
34,38311 29,6672 27,17335
34,99346 29,84522 27,37521
36,21415 29,60998 27,38793
34,99346 29,90881 27,6796
35,40035 30,0757 27,62555
36,41762 30,16311 27,73444
36,41759 29,40335 27,28461
34,38311 29,73078 27,18687
36,41761 29,82456 27,50078
36,62105 29,68628 27,41177
33,1624 29,4876 27,27905
35,6038 29,74032 27,21309
34,17965 30,01689 27,68674
35,1969 30,0455 27,71616
36,21415 29,78641 27,44753
35,80725 29,97715 27,77576
35,80725 29,88496 27,39748
33,77275 30,09795 27,86478
35,6038 30,02167 27,8028
36,62105 30,21875 27,69469
34,99346 29,83092 27,68039
36,0107 30,38882 27,81232
34,58656 29,87066 27,6033
36,8245 30,05821 27,59694
35,1969 29,67992 27,41495
35,60381 29,94695 27,48091
35,19692 30,12974 27,77735
33,97621 29,75621 27,2862
38,24866 29,91357 27,67164
37,63831 30,36497 27,85523
34,58656 29,52256 27,36488
36,21415 30,17266 27,62953
36,62106 30,05027 27,60569
34,3831 30,34908 27,95695
33,56931 29,548 27,27191
35,1969 30,14882 27,74556
36,21415 29,66085 27,29575
36,62104 30,18219 27,76224
35,80727 30,55571 27,94821
35,19691 30,14245 28,03563
35,40034 29,92152 27,4062
36,21415 29,53845 27,40384
36,0107 30,07252 27,83615
36,82451 30,03278 27,61522
35,40036 30,41266 27,94028
37,02795 29,97078 27,678
36,21415 30,2712 27,8616
34,58655 30,27596 27,89496
34,58656 29,84046 27,36171
37,63831 30,31571 28,00862
34,58656 30,39836 27,9498
35,6038 30,14882 27,78291
35,6038 29,94218 27,51668
33,97621 29,73555 27,28621
37,84174 30,32047 27,79325
37,6383 30,33795 27,99352
36,21415 30,33478 28,11748
34,38311 30,07887 27,61284
36,21416 29,90721 27,84093
35,19691 30,02007 27,53576
36,82451 29,92947 27,68754
36,62105 30,40948 27,84252
35,40035 29,84046 27,39509
38,24865 30,11066 27,82185
37,6383 30,0916 27,91485
34,99346 30,3761 28,18901
34,17965 30,16789 28,00544
35,80726 30,14246 27,88145
36,41761 30,04231 27,58899
34,79001 30,22033 27,92357
34,58656 29,83728 27,61046
36,0107 30,38564 27,82423
34,17966 30,02324 27,63588
35,80725 30,22828 27,72729
34,17965 30,07888 27,74079
36,21415 30,33001 28,04518
38,65557 30,44127 27,67722
35,1969 30,16312 28,10717
35,80725 30,29186 27,90768
36,21415 30,61293 28,04357
34,99346 30,27756 27,99748
35,40036 30,14563 27,7535
36,0107 30,08364 27,71138
35,80724 30,07093 27,92914
37,02794 30,17583 27,45707
35,80725 30,53187 28,25498
36,0107 30,44921 28,20889
35,80725 30,19172 27,68913
36,4176 30,59703 28,43697
36,62104 30,36816 28,09205
34,99347 30,27756 27,74397
35,1969 30,76711 28,44174
34,99345 30,41423 28,00781
35,80725 30,59068 28,35432
37,84174 30,76711 28,36385
35,80727 30,66063 28,34479
36,41761 30,58432 27,98715
36,0107 30,33478 27,74556
34,99345 30,46829 27,98953
37,2314 30,62247 28,23512
34,99346 30,23782 27,93948
35,6038 30,54935 28,01735
36,01072 30,59863 28,18424
36,41762 30,58113 28,19217
36,62106 30,11544 27,83696
35,80727 30,71148 28,21207
35,6038 30,31252 28,01179
37,84175 30,84658 28,34876
36,4176 30,59863 28,13974
34,99346 30,43013 28,1461
37,84175 30,47783 28,19457
36,62105 30,57955 28,45208
36,21415 30,90699 28,53234
38,24866 30,3332 27,87987
35,40035 30,34113 28,01178
36,8245 30,632 28,24941
36,0107 30,41902 28,09284
36,62104 30,63836 28,20809
35,6038 30,60499 28,34319
36,21415 30,40949 28,13657
35,40036 30,34113 28,06981
36,21415 30,62406 28,28519
36,21415 30,68923 28,34956
34,99345 30,57319 28,1008
35,40036 30,63201 28,43141
36,21416 30,78459 28,5514
35,6038 30,8895 28,54982
35,60381 31,06433 28,30425
36,4176 30,7226 28,25498
38,24866 30,94831 28,51645
36,21416 30,86566 28,41075
37,02795 30,79572 28,64282
37,02795 30,54616 27,87827
38,24866 30,57796 28,11989
38,04521 30,70671 28,30267
38,45211 30,17901 28,07854
37,23141 30,77347 28,06504
35,40036 30,95785 28,37817
37,6383 30,45081 28,14689
36,0107 31,06274 28,4473
37,02795 31,03096 28,48466
36,21415 30,68604 28,52122
35,6038 30,54458 28,05709
37,84175 31,02142 28,72148
37,02795 31,0389 28,58082
39,46936 30,73532 28,52519
36,82452 30,55412 28,38531
36,21415 30,632 28,26849
36,62106 30,77505 28,58003
36,21415 30,93082 28,56651
36,41761 31,20738 28,80891
35,80726 30,78301 28,27563
34,38311 30,28709 28,19219
36,0107 30,95467 28,60308
38,45211 31,11044 28,77871
36,0107 30,99123 28,29948
36,62105 30,71624 28,35114
36,0107 30,58591 28,53075
37,43485 30,76551 28,52121
35,60381 30,62247 28,3265
36,8245 31,16765 28,61738
36,0107 30,9181 28,45605
35,60381 30,46988 28,26769
35,60381 31,00393 28,33524
36,0107 30,9642 28,28199
37,23139 30,67015 28,22398
36,4176 30,81003 28,36385
37,84176 31,12951 28,6905
37,43486 30,67492 28,344
36,62105 31,28527 28,73976
37,02795 30,74962 28,37816
37,43486 30,93082 28,36464
35,80725 30,7242 28,36307
36,21416 30,81797 28,26373
37,2314 30,95943 28,58877
37,6383 31,25666 28,96228
34,99347 30,85612 28,66823
36,8245 30,80525 28,34797
36,21416 31,15652 28,9599
36,41761 30,64472 28,27961
37,02795 30,51121 28,24385
36,21416 30,83545 28,2057
36,62106 31,03414 28,42346
37,6383 30,78618 28,66188
37,63829 31,0103 28,59909
36,01071 30,88633 28,60228
35,80725 30,74008 28,16516
35,6038 30,83386 28,43697
36,21416 30,92605 28,67379
34,79 30,79572 28,45764
37,2314 31,09454 28,63089
37,2314 30,83545 28,50849
37,02795 30,88155 28,44571
36,21416 30,89108 28,48227
38,65556 31,29004 28,89552
36,62106 30,94036 28,48466
