0,6103516 0,3973643 0,2972288
0,6103516 0,4450485 0,3329926
0,8138021 0,4307432 0,3147133
1,017253 0,443459 0,3242503
0,8138021 0,4514063 0,3496818
0,8138021 0,467301 0,346503
1,017253 0,4800167 0,3647815
1,017253 0,5213425 0,4037226
1,017253 0,4943219 0,3870335
0,8138021 0,5277002 0,4172327
1,017253 0,5292896 0,4212062
1,220703 0,5769727 0,4482266
1,017253 0,592867 0,4712732
1,017253 0,592867 0,4728627
1,220703 0,6977715 0,5300826
1,424154 0,7422763 0,5626673
1,424154 0,7549919 0,5920731
1,831055 0,8153914 0,6278368
1,424154 0,9075812 0,6906205
1,627604 0,9441391 0,7200255
1,831055 0,9886435 0,7454568
2,237956 1,018843 0,7971128
2,237956 1,076062 0,8281064
2,034505 1,111029 0,8376428
2,644857 1,161891 0,8813526
2,644857 1,169839 0,8622794
10,17252 1,358988 0,9846689
10,17252 1,47025 1,086394
8,748369 1,616478 1,134078
7,731118 1,791318 1,223089
6,713866 1,912117 1,331965
20,95541 2,549489 1,691182
16,8864 3,148714 2,086956
25,02441 4,105567 2,619425
22,58301 5,524952 3,527799
23,19336 7,303556 4,576048
21,56576 9,368261 6,160737
25,83821 12,45499 8,41459
21,56576 14,25743 10,26551
34,58655 16,28559 12,62586
29,9072 17,97358 14,54592
28,6865 18,34075 15,15707
28,27961 18,92408 15,58463
33,1624 19,38979 16,39366
33,1624 20,12729 16,64797
31,33135 20,94586 17,3378
39,87625 22,55916 18,49174
38,04519 24,05484 19,8992
46,79362 28,35431 22,64976
49,03159 32,07205 25,16348
45,36945 33,34837 28,05074
48,01433 34,48006 29,34851
49,4385 36,07587 30,75121
47,20052 36,48594 30,65821
45,57291 36,21732 31,02856
51,06611 36,6735 30,62087
51,47301 37,46027 32,49643
49,43849 37,83063 32,6522
50,86266 38,24071 32,84055
52,49028 38,32494 33,07101
52,28682 39,00683 33,15287
60,83181 39,20869 34,12085
51,47301 39,35809 33,65039
50,2523 38,95278 33,52798
49,8454 38,54747 33,42545
53,71099 39,9764 34,65174
49,4385 40,15442 34,76141
48,62468 39,79839 34,89174
58,18693 41,36716 35,69204
53,10063 39,89056 34,40933
55,74551 40,46755 34,49359
52,28682 40,46119 35,52516
60,83181 41,33857 36,4383
54,9317 41,2575 35,83985
50,45576 40,89986 35,56963
53,10063 40,23389 35,41548
49,8454 40,53111 35,02763
55,54206 40,66782 35,34473
56,35587 41,64056 35,5474
56,35586 40,58994 35,25653
54,5248 41,88694 35,49176
51,67647 40,87444 35,45998
53,71099 40,99207 35,51561
56,96622 41,57063 36,11483
57,78003 41,43393 35,7111
52,69373 42,38921 36,80787
54,9317 41,47845 35,77865
51,47301 41,44506 36,38106
56,35587 41,30994 36,19191
55,94896 41,28611 36,10927
54,11789 41,26546 36,23008
56,15241 42,44803 37,19487
51,67647 41,38148 35,90898
50,86266 41,82335 37,14082
52,89718 42,22708 37,09076
53,10063 42,36695 36,64173
57,78003 42,4512 36,94773
54,5248 41,46254 35,607
50,65921 41,92508 37,70113
52,28682 41,57222 36,15297
56,96622 41,47207 36,11641
53,71099 41,95052 36,29681
54,11789 42,51478 37,73527
56,35587 42,75 37,82588
57,16967 42,90738 37,74802
55,74551 42,17781 37,55966
54,11789 42,35901 36,77922
55,94896 41,80746 36,92864
63,47669 42,92486 37,45238
59,20419 43,24593 37,51596
52,28682 42,41464 36,65604
53,50754 42,66896 37,01049
57,57658 42,81518 37,34906
53,71098 42,4671 36,75619
59,40765 42,23822 37,36494
56,76276 42,85971 37,4063
55,13515 42,59744 36,46612
54,9317 43,35719 38,19544
55,74551 43,09335 37,43806
55,3386 43,99934 38,44817
57,57658 43,77047 38,54036
57,37312 42,46868 36,61472
56,96622 42,53225 36,31829
56,35587 43,36356 38,685
57,16967 42,89466 37,55091
57,98348 43,27455 38,0961
63,06978 43,38423 37,0574
51,26957 42,17145 36,59246
53,71099 43,21572 37,60416
58,79729 43,33813 37,51913
57,37313 43,45575 38,87416
52,28682 43,57019 37,63594
55,94896 43,57655 37,65662
59,20419 43,45575 37,6296
59,6111 43,7196 38,2789
59,00074 44,51433 38,98779
53,10063 43,1442 37,15912
56,76277 43,87379 38,47281
57,78003 44,64626 38,80421
58,59384 44,42216 39,34861
63,27324 44,3252 38,29797
60,62836 44,53023 39,06727
59,20419 44,65104 39,23178
59,20419 44,23299 38,74222
55,54206 44,60017 39,0315
55,3386 44,15671 38,90275
60,62836 44,59857 39,70226
60,22145 43,81973 38,05557
66,73192 45,15332 40,195
60,018 45,21529 39,53455
59,81455 45,32497 39,99471
60,018 44,95938 39,47815
63,27324 44,19804 39,16265
