0,8138021 0,2304715 0,140667
0,6103516 0,2352399 0,140667
0,6103516 0,2352399 0,1509984
0,6103516 0,2447767 0,1470248
0,4069011 0,2511346 0,1486143
0,6103516 0,2463662 0,1541773
0,6103516 0,2447767 0,1454354
0,6103516 0,2638502 0,1605352
1,017253 0,2495451 0,1605351
0,6103516 0,2574924 0,163714
0,6103516 0,2384188 0,1565615
0,8138021 0,2527241 0,1660982
0,6103516 0,2288821 0,1470248
0,4069011 0,2384188 0,1517932
0,6103516 0,2384188 0,1525879
0,6103516 0,2590818 0,1684824
0,6103516 0,2559029 0,163714
0,6103516 0,2574924 0,1613299
0,6103516 0,2431872 0,1486143
0,4069011 0,2638502 0,1708666
0,6103516 0,2527241 0,158151
0,6103516 0,2638502 0,1653035
0,6103516 0,2654397 0,1756349
0,6103516 0,2781552 0,1764296
0,8138021 0,2765658 0,1780191
0,6103516 0,2447767 0,1629193
0,6103516 0,2574924 0,1629193
0,6103516 0,2479557 0,1557668
0,4069011 0,2352399 0,1557668
0,6103516 0,2670291 0,1716613
0,6103516 0,2543135 0,163714
0,4069011 0,2463662 0,149409
0,6103516 0,2686186 0,1804033
0,6103516 0,2590819 0,1700718
0,6103516 0,2574924 0,1684824
0,8138021 0,2574924 0,1748402
0,6103516 0,2431872 0,1565615
0,6103516 0,2638502 0,1700718
0,6103516 0,2574924 0,1653035
0,6103516 0,2495451 0,1708665
0,6103516 0,2431872 0,1676876
0,6103516 0,2431872 0,1398723
0,6103516 0,2527241 0,1700718
0,6103516 0,2622608 0,1637141
0,6103516 0,2511346 0,1692771
0,6103516 0,2574924 0,163714
0,6103516 0,2638502 0,1645088
0,4069011 0,2368294 0,1597404
0,6103516 0,2543135 0,1668929
0,8138021 0,2574924 0,1732507
0,6103516 0,270208 0,1748402
0,6103516 0,2511346 0,1716613
0,4069011 0,2590819 0,1684824
0,6103516 0,2829235 0,1843768
0,6103516 0,2495451 0,1756349
0,8138021 0,2574924 0,1788138
0,6103516 0,270208 0,1700719
0,6103516 0,2574924 0,1708665
0,6103516 0,2717975 0,1843769
0,6103516 0,2749763 0,1843769
0,6103516 0,2622608 0,1708666
0,8138021 0,2733869 0,1859663
0,8138021 0,2717974 0,1923241
0,6103516 0,2384188 0,1613298
0,6103516 0,2527241 0,172456
0,6103516 0,2384188 0,1581509
0,6103516 0,2574924 0,1740454
0,6103516 0,2543135 0,1708665
0,4069011 0,2574924 0,1637141
0,6103516 0,2527241 0,1684824
0,6103516 0,2686186 0,1788138
0,6103516 0,2511346 0,1804032
0,6103516 0,2686186 0,1740455
0,8138021 0,2876918 0,1931188
0,6103516 0,2606713 0,186761
0,6103516 0,2717974 0,1891452
0,6103516 0,2447767 0,1708665
0,6103516 0,2606713 0,1796085
0,6103516 0,2574924 0,1668929
0,6103516 0,2447767 0,1764296
0,8138021 0,2606713 0,1827874
0,6103516 0,2574924 0,1859663
0,6103516 0,2892812 0,1978871
0,6103516 0,2622608 0,1891452
0,6103516 0,270208 0,1780191
0,8138021 0,2765658 0,1931188
0,6103516 0,2511346 0,1772243
0,6103516 0,2781551 0,1994766
0,6103516 0,270208 0,1851716
0,8138021 0,2797446 0,1923241
0,6103516 0,2781552 0,2042449
0,6103516 0,2717975 0,1970925
0,8138021 0,2908706 0,2058343
0,6103516 0,2765657 0,1859663
0,6103516 0,2797446 0,1931188
0,8138021 0,2606713 0,1923241
0,6103516 0,281334 0,2066291
0,6103516 0,2622608 0,1907347
0,4069011 0,2574924 0,1851716
0,6103516 0,2638502 0,1947083
0,6103516 0,2797446 0,201066
0,6103516 0,2908707 0,2090132
0,6103516 0,2686186 0,1843769
0,6103516 0,2717974 0,1970924
0,6103516 0,2717974 0,2058344
0,6103516 0,2861024 0,2058343
0,6103516 0,2908706 0,2145763
0,8138021 0,2813341 0,1962977
0,8138021 0,2972284 0,2145762
0,6103516 0,2749763 0,209808
0,6103516 0,2797446 0,2026555
0,6103516 0,281334 0,2082185
0,8138021 0,3163016 0,2264971
0,6103516 0,2797446 0,2129869
0,8138021 0,295639 0,2161657
0,6103516 0,2845129 0,2161658
0,6103516 0,2892812 0,2106027
0,6103516 0,2988178 0,2018607
0,6103516 0,2908706 0,2113974
0,6103516 0,2940495 0,2137815
0,8138021 0,295639 0,2185499
0,6103516 0,2829235 0,2074238
0,6103516 0,2908706 0,2121921
0,6103516 0,2972284 0,2241129
0,6103516 0,2876918 0,2106027
0,6103516 0,3035861 0,2225235
0,6103516 0,3115333 0,2257023
0,6103516 0,3035861 0,2185498
0,6103516 0,3004072 0,2177551
0,6103516 0,2829235 0,201066
0,8138021 0,3147122 0,2217287
0,6103516 0,2940495 0,215371
0,8138021 0,3019967 0,2272918
0,6103516 0,2797446 0,1962977
0,6103516 0,3035861 0,2241129
0,8138021 0,2972284 0,220934
0,6103516 0,2924601 0,2225235
0,6103516 0,306765 0,2233182
0,6103516 0,3004073 0,2233182
0,6103516 0,2940495 0,229676
0,6103516 0,3099439 0,2233182
0,8138021 0,3163016 0,2376232
0,6103516 0,2972284 0,2233182
0,6103516 0,2972284 0,2257024
0,8138021 0,3465011 0,2463651
0,6103516 0,3194805 0,2415968
0,8138021 0,3576274 0,2670283
0,6103516 0,3258382 0,2376231
0,6103516 0,3210699 0,2423915
0,8138021 0,3321959 0,2479545
0,8138021 0,3099438 0,2368284
0,8138021 0,3274277 0,2455704
0,6103516 0,3433221 0,2551071
0,6103516 0,3385538 0,2543124
1,017253 0,3544485 0,2638494
0,6103516 0,3560379 0,2654388
0,6103516 0,3401432 0,2654387
0,8138021 0,3639853 0,2694126
0,6103516 0,3496801 0,2646441
1,017253 0,3814695 0,2821285
0,6103516 0,3719327 0,2717969
0,6103516 0,3592168 0,271002
0,8138021 0,3767011 0,2781549
0,8138021 0,3941853 0,2916655
0,8138021 0,3941854 0,2908708
0,8138021 0,416438 0,3012026
0,8138021 0,3894168 0,2884865
0,8138021 0,37988 0,2805391
1,017253 0,4021327 0,2924604
0,8138021 0,4053116 0,2956393
0,8138021 0,3989536 0,2940497
1,017253 0,4561746 0,328224
1,017253 0,4386904 0,3178922
0,8138021 0,4466379 0,3234555
1,220703 0,4768378 0,3425294
0,8138021 0,4657115 0,3496819
1,017253 0,4831957 0,3631921
1,220703 0,5038587 0,3870336
0,8138021 0,5213425 0,3981597
1,017253 0,5181636 0,3965702
1,017253 0,5292897 0,416438
1,017253 0,5578995 0,4323323
1,017253 0,545184 0,4299481
1,017253 0,5674361 0,444253
1,627604 0,5833305 0,4633262
1,017253 0,6008143 0,4704786
1,220703 0,6500878 0,5030624
1,424154 0,7057188 0,5292876
1,220703 0,6945928 0,5364408
3,051758 0,7565814 0,5912783
1,220703 0,7549919 0,5952521
1,424154 0,7613497 0,6159157
1,831055 0,8312861 0,6604207
2,237956 0,9250653 0,7263834
1,831055 0,9552655 0,7478412
2,237956 0,9806963 0,7804245
2,441406 1,120566 0,8749953
2,441406 1,16825 0,9218838
2,034505 1,258851 1,005331
2,441406 1,40826 1,122953
2,644857 1,516342 1,222294
2,644857 1,571972 1,266003
4,679362 1,78496 1,44879
3,051758 1,885097 1,513959
3,458659 1,991591 1,60138
3,051758 1,969339 1,636347
3,458659 2,126692 1,741249
4,475912 2,266565 1,832643
3,86556 2,365114 1,950264
4,272461 2,603528 2,121924
4,882813 2,732274 2,242723
4,882813 2,813338 2,350808
4,069011 2,892815 2,415976
4,882813 3,02315 2,509753
5,696614 3,18845 2,683798
5,289714 3,296531 2,78473
5,086263 3,492039 2,98023
5,289714 3,709791 3,12964
5,696615 3,875096 3,218651
5,900065 4,018147 3,456273
6,103516 4,183454 3,604097
7,324218 4,369419 3,759067
6,306965 4,488623 3,835359
7,120768 4,669823 3,987153
7,120768 4,941623 4,185835
8,138021 4,936853 4,203319
8,341471 5,215009 4,418694
9,155272 5,499527 4,666647
7,527669 5,518597 4,69764
8,138021 5,615551 4,839104
8,951823 5,814234 4,998846
8,138021 5,966821 5,106925
8,544921 6,105104 5,314348
8,341472 6,370544 5,483628
9,562175 6,465912 5,608403
9,562175 6,586711 5,732377
9,155272 6,856921 5,888938
8,951821 6,845793 5,934237
11,18978 7,127128 6,166301
9,562173 7,26064 6,330013
10,17252 7,28766 6,33001
10,17253 7,495883 6,543797
10,57943 7,747013 6,731351
11,18978 7,75337 6,830689
11,59668 8,099874 7,074676
11,80013 8,230206 7,275737
11,59668 8,495651 7,412434
12,61393 8,498828 7,527668
13,83463 8,97884 7,8694
13,42774 9,182301 8,060935
13,83464 9,341242 8,161068
14,44499 9,802183 8,416174
14,85189 9,996101 8,624398
15,86914 10,6589 9,11236
15,66569 11,49178 9,814898
16,4795 12,07193 10,51903
18,1071 12,46135 10,83613
19,53125 12,88096 11,33681
16,4795 12,63459 11,09202
17,08985 13,23541 11,6531
18,31055 13,15435 11,65708
19,3278 13,21793 11,76675
17,7002 13,87278 12,20385
17,7002 13,88709 12,36677
18,9209 14,04921 12,50028
22,37956 14,34008 12,81897
17,90365 14,21928 12,5893
21,76921 14,36869 12,75221
21,56576 14,72791 13,06693
23,39682 14,75017 13,02798
20,54851 15,10143 13,36574
22,78646 15,07282 13,45714
20,95541 15,3621 13,74403
18,71745 15,28105 13,76311
22,17611 15,47972 13,76788
20,34506 15,59734 13,94749
20,75196 15,57191 14,02219
21,56576 15,6037 14,02934
21,36231 15,90569 14,16842
20,75196 16,26968 14,43386
20,34506 16,24902 14,4879
22,78646 16,2522 14,48711
20,34506 16,65115 14,9107
25,63476 16,63208 14,69771
23,80371 16,93091 15,11098
21,15886 16,8848 15,09508
24,6175 16,61937 14,92103
25,02441 17,16296 15,24448
22,17611 17,36641 15,57589
23,60026 17,44271 15,59495
24,41407 17,55874 15,65298
24,82097 17,53172 15,75391
25,83822 17,48721 15,56953
25,43131 18,03716 15,99152
24,21061 18,11822 16,13378
23,80371 18,00537 15,8604
22,78646 18,07531 16,16716
24,21061 18,10393 16,25935
29,09341 18,32962 16,22757
23,60026 18,10074 16,27684
23,60026 18,4695 16,58838
23,60026 18,04512 16,3134
24,00717 18,39321 16,37777
24,61751 18,55851 16,62573
27,05891 18,6793 16,64877
29,70377 19,15296 16,99209
34,38313 18,93361 16,84984
30,31413 19,59007 17,34018
31,12792 19,7188 17,4419
36,01073 20,19087 17,83768
39,06248 20,71698 18,06736
45,77637 22,67837 19,29124
36,82453 24,72878 20,64626
44,55567 28,75805 23,7012
42,11425 31,11043 26,65677
54,11786 33,38177 28,86693
49,23502 33,54548 29,16494
50,65918 34,2226 29,89213
47,81086 34,73281 29,90801
49,43847 34,18922 29,82457
45,36943 34,40698 30,06299
42,92806 34,23372 30,14802
46,18326 34,96329 30,91415
51,87989 35,90743 31,37906
50,45572 35,34793 30,77586
53,1006 36,14585 31,59442
49,03157 36,47167 31,84478
51,8799 36,82455 32,21353
59,81448 37,40628 32,64426
50,45573 37,12495 32,28903
52,2868 37,37608 32,34863
52,89712 38,00869 33,59795
53,50748 39,5584 34,12564
51,8799 38,86859 34,1924
52,89713 38,72395 33,89597
56,96618 39,00528 33,9357
54,72819 40,23553 35,10633
55,94891 39,26914 34,51745
53,1006 39,90175 35,09843
63,0697 42,20804 36,55991
57,77998 41,96485 36,53445
58,5938 41,05727 36,11644
61,84896 42,26842 37,05502
63,88353 43,22211 38,01106
59,40756 43,59086 38,27016
67,74905 45,79384 39,69193
61,849 46,27863 40,52717
65,10416 46,05135 40,95951
65,10422 47,0082 41,2353
69,17319 48,05882 42,15796
77,31125 50,29996 43,62344
65,30766 49,6626 44,03115
70,39393 51,01365 44,79568
66,9353 51,96571 46,01241
74,6664 52,05473 45,53558
66,52834 54,05745 48,03817
73,85261 54,39917 48,07313
68,56289 53,93187 47,9436
69,58009 55,05564 48,52217
73,64915 55,693 49,31845
73,24223 55,9632 49,57359
80,15954 57,17598 50,7506
71,81805 57,5034 51,0629
74,66638 58,87191 52,78825
75,68363 59,11669 53,12285
76,90435 59,27406 53,44949
78,12508 60,58853 54,09083
74,86985 60,20864 54,40076
81,58368 61,02087 55,05882
83,21129 61,26245 55,03811
74,0561 61,03516 55,03416
77,92161 61,94435 55,8877
74,25948 62,61351 56,09274
79,95607 63,4575 56,75158
81,1768 63,60054 57,64804
79,75262 64,60349 57,98737
77,5147 63,66413 57,7569
83,00784 64,95956 59,16358
84,83891 65,87029 59,41551
85,24579 65,705 59,8685
82,3975 66,56331 60,13155
80,97333 67,04332 60,65686
83,82162 68,97292 62,09454
84,02512 67,90639 61,66141
90,73894 69,79787 63,34703
84,22856 67,95567 62,09771
101,3183 69,13663 62,99894
85,44925 69,78992 63,89621
82,39751 70,07602 63,97885
93,58722 70,15546 63,72136
81,78716 69,78513 64,40401
87,28027 70,23335 64,21249
87,07683 70,58147 64,52641
83,00783 71,106 65,26073
93,58721 71,88641 65,96409
101,1149 71,65115 65,03979
87,68719 70,99471 65,15743
89,72169 71,21404 64,92934
87,89067 72,34737 66,34236
88,70445 71,63686 65,63187
87,89063 71,72271 65,54923
86,87337 71,72588 65,86791
92,16306 71,68136 65,33386
91,55273 72,85279 66,8343
94,80794 72,23925 66,54343
88,50101 72,11527 66,26131
92,77343 71,91978 66,43853
87,48381 71,99609 66,20328
90,7389 71,71474 65,66684
82,19405 71,98338 66,51563
83,2113 71,1918 65,97124
86,67 73,15955 67,31039
90,12859 72,98473 66,61177
87,89063 73,22154 66,91696
89,11134 72,80033 65,83691
94,40105 73,12936 66,67455
85,04236 73,11666 67,38663
98,87695 73,9559 67,33421
87,0769 73,37733 67,39221
87,48378 73,24062 67,74426
85,65269 74,49313 68,51598
90,33204 74,42318 68,39595
89,92513 73,92408 68,13531
90,33205 74,31032 67,6918
