0,8138021 0,4212063 0,30915
1,017253 0,4514063 0,3306083
0,8138021 0,4434589 0,3226607
0,8138021 0,4514063 0,3401453
1,017253 0,4784272 0,3584238
1,017253 0,4863746 0,3727287
1,220703 0,4959114 0,3894177
1,017253 0,5054481 0,3957754
1,424154 0,5213425 0,4037226
1,017253 0,4975009 0,4013383
1,017253 0,5181636 0,4180274
1,220703 0,5674361 0,4474319
1,017253 0,5515417 0,4363059
1,017253 0,6039932 0,477631
1,627604 0,6659824 0,5173668
1,627604 0,7470447 0,5714095
2,644857 0,7708864 0,6008154
2,034505 0,810623 0,6445261
1,831055 0,9298338 0,7144627
1,831055 0,9520864 0,7470465
2,034505 0,9743388 0,7613509
3,051758 1,047452 0,7812184
3,255208 1,103082 0,8368483
3,255208 1,150765 0,8742
3,051758 1,207987 0,8972474
3,66211 1,236598 0,9242682
3,86556 1,319251 1,001358
4,679362 1,366935 0,9878477
4,27246 1,482965 1,100699
3,86556 1,619656 1,149178
8,341472 1,732507 1,279512
7,324219 1,910528 1,360575
7,120768 2,139411 1,57436
5,900065 2,390542 1,687209
4,679362 2,431869 1,738071
5,493164 2,713205 1,963774
5,900065 2,81016 1,98841
6,510416 2,846717 2,025763
6,713866 3,123284 2,313456
7,731118 3,245671 2,355576
6,713867 3,5429 2,462068
7,324218 3,814697 2,729098
8,544919 4,065832 2,955597
7,934568 4,165967 2,995333
8,138019 4,369416 3,247261
7,93457 4,617375 3,403029
8,34147 4,736578 3,473757
8,951821 5,095802 3,799598
11,80013 5,456608 4,030863
9,562177 5,623499 4,229546
10,78288 5,998613 4,566511
10,37598 6,3769 4,830359
11,18978 6,651877 5,03699
11,18978 7,104874 5,488398
13,02083 7,526083 5,78483
12,61393 8,061728 6,264054
15,86914 8,505189 6,674131
14,44498 8,632344 6,922881
14,03808 9,063081 7,275738
12,20703 9,137787 7,380643
13,63118 9,605089 7,990202
15,05534 9,91503 7,796286
14,64844 10,1916 8,207162
16,27604 11,02289 8,806385
15,86914 11,13732 9,018581
14,85189 11,52356 9,516875
16,27604 12,34849 10,15663
15,66569 12,59486 10,40697
16,47949 12,94772 10,78367
16,47949 13,23383 11,30582
18,71746 13,71384 11,66582
18,51399 13,87596 11,94
17,49674 14,01901 12,18637
17,29329 14,41161 12,65684
19,53124 14,85189 12,7999
19,32779 14,96633 12,88334
19,93814 15,26674 13,62562
21,56575 15,36845 13,38959
20,5485 15,84212 13,89742
19,73469 15,94225 14,11835
20,75195 16,09961 14,21054
20,14159 16,25696 14,16365
20,34505 16,87685 14,82486
23,39681 16,65593 14,4283
22,1761 16,90864 14,78036
21,56575 17,2472 15,18011
22,1761 17,14389 14,93851
22,98991 17,75741 15,87629
20,75195 18,20564 15,9502
22,58301 17,77808 15,6339
21,3623 17,96722 15,58701
21,7692 18,14205 16,08053
21,3623 18,16114 15,94384
23,60026 18,37572 16,09326
23,80371 18,57916 16,25379
25,22787 18,48538 16,2061
24,61751 18,6475 16,24028
22,37956 18,47267 16,25299
22,583 18,60618 16,55737
22,58301 18,50764 16,53036
22,78646 18,85097 16,91422
24,00716 18,90659 17,00083
23,60026 19,04011 17,0056
23,19336 19,1927 17,04216
24,21061 19,31507 17,41887
22,98991 19,60437 17,22893
23,19336 19,19428 17,13435
25,02442 19,33256 17,15501
24,21061 19,4343 16,9754
23,60026 19,25787 17,33859
24,41406 19,78079 17,76774
24,41406 19,45495 16,8999
24,82097 19,65205 17,55794
22,78646 19,75536 17,84245
23,60026 19,81736 17,48562
23,19336 19,61707 17,9259
24,61751 19,50105 17,07077
24,61751 19,72993 17,50072
24,21061 19,57576 17,72006
24,82097 19,75219 17,47053
24,21061 20,0669 17,99345
23,80371 19,92862 17,72404
23,39681 19,70609 17,66921
23,19336 20,1416 18,4671
23,39681 20,19088 18,1524
23,39681 20,21471 17,80589
23,60026 20,10028 18,1071
24,82097 20,25763 18,38127
25,22787 20,03829 17,68351
24,82097 20,28306 18,07928
24,61751 20,202 18,02603
26,65202 20,33233 17,91398
25,43132 20,3848 18,05147
24,61751 20,5644 18,23266
25,63477 20,44837 18,51321
25,43132 20,60255 18,74368
25,63477 20,61367 18,40433
26,65203 20,48493 18,35108
25,02441 20,59619 18,42023
25,83822 20,60413 18,51639
26,44857 20,69949 18,25253
25,22787 20,94269 18,67533
23,80371 20,85209 18,75162
24,61751 20,94268 18,82712
26,24512 21,10799 18,95428
26,24512 21,02534 18,39876
27,26237 21,36389 19,07984
26,04167 21,2415 19,0107
26,24512 21,3321 19,26183
27,05892 21,48945 18,77307
26,65203 21,47198 19,21415
27,26237 21,41157 19,1458
26,04167 21,88523 19,83167
28,48308 22,02669 19,85073
28,27963 21,7549 19,72834
27,46583 21,98536 19,68304
25,83822 21,98218 19,45496
25,63477 21,77715 19,53205
27,05893 21,89954 19,44144
25,43132 21,9361 19,79589
27,66928 21,95358 19,96199
26,44857 21,96948 19,82769
26,44857 22,04736 19,85469
28,48308 21,99332 19,13946
25,63477 21,95041 20,07484
27,05892 22,13161 19,74503
26,44857 22,08709 19,79749
25,22787 22,05372 20,0661
25,63477 22,2524 19,79987
26,65202 22,43838 20,01684
25,43132 21,93767 19,85073
26,24512 22,19677 19,86264
26,24513 22,62433 20,33392
26,04167 22,18088 20,01921
25,43132 22,32074 19,55826
26,04167 22,343 20,0216
26,44857 22,34776 20,11219
26,44858 22,12684 20,04385
27,26238 22,42247 20,34744
27,46583 22,50512 20,2004
27,46583 22,38432 20,12093
28,88998 22,60049 20,23776
27,05892 22,60844 20,43485
27,05893 22,60208 20,17339
25,83822 22,54169 20,36731
26,24512 22,71175 20,55883
27,66928 22,67838 20,34266
26,65202 22,64181 20,66134
27,66928 22,72606 20,65182
28,27963 22,82779 20,3077
27,05893 22,75308 20,84176
28,27963 22,39545 20,29418
27,26238 22,81826 20,91726
27,26237 22,66566 20,40307
29,09343 22,95971 20,74162
27,05893 22,73719 20,45156
27,26238 22,94858 20,47538
28,27963 22,89612 20,45552
30,31414 22,85958 20,51592
27,66928 23,02011 20,62004
27,26237 22,87706 20,58108
28,07618 23,18223 20,95143
29,50033 22,81825 20,55645
28,27963 22,7054 20,78215
29,29689 23,04554 19,90795
26,24512 22,85004 20,61765
28,07618 23,19971 20,5183
28,48308 23,08846 20,85448
28,48308 23,12659 20,66373
28,48308 23,39046 20,88229
28,48308 23,42383 21,02692
29,50034 23,59073 20,92361
29,50034 23,3682 20,94428
28,27963 23,26806 21,14137
28,07618 23,29986 21,4219
28,07618 23,61615 21,13898
29,09344 23,55258 21,61899
27,66928 23,30621 20,58743
28,27963 23,80689 21,61503
28,48308 23,72583 21,32893
29,70379 23,81483 21,43223
30,51759 23,83867 21,44734
29,50034 24,0183 21,33368
28,88998 23,90702 21,45768
30,51759 24,15817 21,83994
29,70379 23,91338 21,32336
29,09344 24,05485 21,7565
29,90724 24,244 21,72073
29,29689 24,33618 22,45268
27,87273 23,9563 21,23197
29,50033 24,22333 22,08074
28,68653 23,942 21,4529
29,90724 24,30281 21,83199
30,92449 24,15499 21,62537
31,12794 23,90862 21,10878
29,90724 24,39817 21,88602
29,09344 24,55711 21,89795
29,70378 24,33777 22,18405
29,29688 24,09459 21,69212
32,34865 24,2726 21,66906
29,90723 24,04212 21,47674
27,87273 24,17088 22,05689
29,50033 24,24876 21,15965
29,50033 24,38227 22,07517
30,11069 24,68109 22,20233
31,73829 24,45379 21,96869
28,48308 24,36956 22,21743
29,09344 24,25829 21,89477
29,90724 24,48877 21,73583
30,11069 24,48082 21,90511
29,29689 24,48718 21,7565
28,68653 24,31233 21,50537
30,11069 24,57143 22,25956
29,29688 24,49353 21,62219
30,11069 24,74786 22,56155
31,12794 24,70653 22,26353
28,88998 24,69222 22,19835
29,29688 24,26942 21,64523
30,31414 24,43631 21,97345
28,48308 24,56824 22,11491
30,72104 24,61275 22,02748
31,12794 24,4665 21,71198
28,88998 24,45697 21,98616
29,70379 24,61752 22,1483
29,50033 24,74467 22,15147
32,75555 24,63818 22,33664
30,51759 24,80666 21,90272
30,72104 24,79395 22,09743
28,48308 24,47923 21,8749
29,70379 24,53009 21,89398
30,51759 24,39817 21,69848
31,94175 24,69063 22,00922
28,88998 24,87342 22,15784
27,87273 24,65724 22,26988
30,11069 24,98468 22,18326
30,31413 24,64772 22,27943
30,11069 24,9958 22,29689
29,70379 24,67474 22,53055
30,51759 24,74307 22,55122
28,88998 24,89726 22,33982
28,88998 25,00057 22,3573
30,51759 24,96401 22,12763
31,12794 24,97991 22,4328
29,09344 24,82573 21,76523
29,29688 24,60956 21,71279
29,50033 24,99103 22,50035
29,70378 24,95129 21,75172
29,09343 24,9656 22,45823
29,90723 24,58096 21,74059
31,33139 24,91474 22,32791
29,70379 24,77805 22,34221
30,92449 24,82415 22,6752
31,12795 25,06256 22,58063
29,50034 24,93699 22,74356
30,92449 25,34867 22,59414
29,90724 24,875 22,25399
30,11069 24,74784 22,00683
29,90723 24,80984 22,35333
31,12795 24,96561 22,31358
31,94175 24,94335 22,60129
29,50033 25,14044 22,87387
28,68653 24,84798 22,17055
29,70379 24,90361 22,01159
30,92449 25,17224 22,33028
28,48308 25,06734 22,64739
29,29689 24,48717 21,76445
29,29688 24,90998 22,34062
32,5521 24,7415 22,33426
30,92449 25,16905 23,10514
28,07618 24,82732 22,15226
29,09344 24,76851 22,54089
30,31413 24,86229 22,69111
30,51759 25,01805 22,94858
29,29688 24,95925 22,18485
29,70379 25,03237 22,46698
28,48308 25,08005 22,60924
28,88998 25,01965 22,81508
28,68653 24,80506 22,4336
30,51759 25,12932 22,73639
32,34865 25,43607 22,57506
30,11069 25,26443 22,98037
30,51759 25,17224 22,91044
28,88998 25,09595 22,69268
30,31413 24,97513 22,39466
30,31414 24,93222 21,98934
30,31414 25,14521 22,25558
29,90724 25,03554 22,40896
30,11069 24,99262 22,45902
31,12795 24,94493 22,6593
30,92449 25,48217 22,73162
31,53485 25,45039 22,96527
31,33139 25,25648 23,01852
30,72104 25,19448 22,96846
30,51759 25,09435 22,30008
31,53485 25,21356 22,90964
30,31413 25,28987 22,7213
30,11069 25,28509 22,58222
29,09343 25,00693 22,4638
30,92449 25,38682 22,53453
29,09344 24,84163 22,10697
28,88998 25,06892 22,49003
29,29688 25,10072 22,99866
32,75555 25,42338 22,67918
30,51759 25,67768 22,77216
32,1452 25,09594 22,4201
30,72104 25,3582 22,8842
28,68653 24,90521 22,52897
30,11069 25,17542 22,71017
30,31414 25,26601 22,77056
32,34865 25,54576 22,74355
31,7383 25,23264 22,59493
29,70379 25,25807 22,51625
30,31414 25,31847 22,70698
29,90724 25,4186 23,03918
31,33139 25,30415 23,005
31,94175 25,04031 22,48685
31,12794 25,17859 22,60287
31,3314 25,6157 22,84289
28,07618 25,11502 22,76102
30,72104 25,43449 22,64977
34,17971 25,47583 23,10277
29,90724 25,34866 22,54089
29,70379 25,23105 22,42882
30,92449 25,52192 23,03918
30,31414 25,05144 22,84208
29,90724 25,36614 22,77532
29,09343 25,35661 22,96448
30,31414 25,37409 23,08368
31,53484 25,30099 23,36026
29,90724 24,82892 22,52261
29,70378 25,19925 22,93904
30,51759 25,31528 22,7038
32,75555 25,12614 22,34697
31,12795 25,19608 22,72845
29,50034 25,21674 22,72447
29,90724 25,31052 22,53612
30,51759 25,04349 21,92338
32,1452 25,23423 22,66486
28,68653 24,88772 22,58222
31,53484 25,30893 22,88739
29,90724 24,99263 22,67758
29,90724 25,17065 22,59016
29,29689 24,77328 22,04102
29,50034 25,18814 22,52102
30,92449 25,28827 22,45506
30,31414 25,2851 22,52023
29,09344 25,25648 22,79441
31,94175 25,13091 22,35811
30,11069 25,37092 22,84527
30,72104 25,21992 22,67519
31,53484 25,28032 22,9915
30,31414 24,88613 22,34538
31,33139 25,17064 22,45903
30,92449 25,47424 23,28954
28,48308 24,84163 22,42882
30,31414 25,02759 22,27068
30,31413 25,1786 22,63785
29,09344 25,18178 22,73242
29,50034 25,1039 22,51306
29,29689 25,19767 22,76579
34,17971 24,93222 22,19438
31,12794 25,33118 22,47809
30,92449 25,23899 22,54724
29,50033 25,51715 23,17668
30,31414 25,41859 23,09639
31,53484 25,29462 22,86672
30,51759 24,94494 22,18404
30,11069 25,17541 22,6299
29,90724 24,97674 22,24524
29,70379 25,09435 22,45586
30,11069 25,07846 23,03839
30,11069 25,08323 22,66805
29,70378 24,89886 22,36764
31,53485 25,17542 22,47334
31,94175 25,39635 22,68791
31,12794 25,34072 22,63943
30,92449 25,38522 23,05508
33,3659 25,28032 22,99388
32,1452 25,50921 22,80554
35,40041 25,08958 22,58858
29,70379 25,49171 22,89136
32,959 25,19131 22,56632
30,31414 25,61252 23,32211
31,73829 25,23104 23,16713
30,92449 25,42337 22,69347
29,09344 25,27555 22,72764
33,56936 25,22628 22,73082
30,11069 25,43767 23,04156
32,75555 25,29463 22,94699
31,12794 25,12932 22,69665
29,09344 25,2676 23,00263
29,90724 25,21356 22,87626
29,90724 25,06415 22,40181
29,90724 25,01965 22,71812
30,11069 24,99739 22,52421
32,5521 24,90521 22,44553
29,50034 24,89248 21,71119
29,29689 25,44084 22,90963
29,09343 25,06892 22,75944
30,51759 24,92268 21,99889
30,72104 25,12137 22,62274
30,11069 25,29145 22,88262
29,90724 25,18813 23,10515
30,72104 25,1611 22,05292
31,33139 25,13568 22,77056
29,50034 25,16111 22,78407
30,31414 25,26919 22,56393
29,09343 25,15475 22,57745
32,34865 24,97991 22,38831
31,12794 25,22469 22,67917
29,90724 25,34072 22,65294
30,92449 25,19131 22,26273
33,16245 25,1341 22,79123
31,94174 25,32483 22,88421
29,50033 25,30575 22,70858
31,94175 25,31211 22,52738
30,92449 25,21039 22,56394
31,73829 25,20879 22,74831
29,50034 25,09277 22,76103
30,92449 25,38204 22,76023
30,92449 25,29939 22,79123
30,92449 25,15475 22,73559
32,5521 25,5696 22,51784
30,31414 25,24376 23,14806
30,31414 24,97673 22,25002
30,51759 25,43927 22,98435
30,51759 25,42337 23,07335
30,72104 25,16111 23,09243
32,34865 25,38522 23,15204
30,92449 25,30416 22,91044
30,92449 25,33435 23,23309
30,72104 24,80506 22,27864
29,90724 25,57436 23,20846
29,09343 25,32005 22,86831
30,72104 25,32324 23,0074
31,53485 25,73172 23,09561
29,70379 25,48695 22,7809
30,92449 25,75874 22,96209
30,92449 25,24694 23,02885
30,92449 25,4027 22,99627
31,53485 25,5394 23,0535
29,09343 25,38681 22,70302
29,29689 25,25966 22,4503
30,51759 25,15952 22,5687
31,94174 25,54734 23,55019
29,29689 25,20561 22,72526
30,11069 25,34867 22,83176
30,11069 25,55212 22,9764
30,51759 25,10072 22,44234
29,90724 25,30892 22,93031
29,90724 25,36456 22,91601
30,31414 25,45515 22,65612
29,90724 25,44563 22,68236
30,31414 25,48854 22,8246
29,50033 25,53463 22,86991
32,1452 25,78418 23,13615
30,72104 25,44403 22,98593
31,73829 25,34231 22,93825
30,11069 25,52986 23,0821
30,11069 25,30416 22,29929
30,51759 25,24853 22,79837
