0,8138021 0,4196168 0,302792
0,8138021 0,4291538 0,3115343
1,017253 0,4466379 0,3258398
1,017253 0,4609431 0,3417347
0,8138021 0,4418695 0,3258398
0,8138021 0,4657115 0,3623972
0,8138021 0,4609431 0,3671654
0,8138021 0,464122 0,3504766
0,8138021 0,4752483 0,3743179
0,8138021 0,4831957 0,3751128
1,017253 0,5261107 0,4188221
1,017253 0,5324685 0,4259745
1,220703 0,508627 0,4100802
1,017253 0,5578994 0,4418688
1,424154 0,5737938 0,4585578
1,017253 0,570615 0,4514054
1,424154 0,6167089 0,486373
1,220703 0,6850561 0,5181617
2,034505 0,7390975 0,564257
2,034505 0,7804231 0,6087629
1,627604 0,8312862 0,6413472
2,034505 0,917118 0,6922101
2,644857 0,9822861 0,7390989
2,237956 1,045863 0,7748607
2,034505 1,107851 0,8209541
3,458659 1,160302 0,8559214
3,86556 1,174608 0,8789684
3,86556 1,25885 0,9274474
3,662109 1,336735 0,9791055
4,069011 1,527469 1,122157
7,527668 1,700718 1,223089
7,934568 1,948675 1,410642
7,731118 2,07901 1,486142
8,74837 2,411205 1,751581
6,103515 2,473196 1,833439
7,731118 2,751351 2,075037
6,306965 2,996126 2,227624
10,78288 3,393491 2,528826
12,61393 3,546079 2,727509
14,24154 3,821054 2,871353
13,22429 3,876686 2,98341
20,75196 4,086495 3,129641
14,64844 4,38531 3,319582
16,0726 4,558564 3,453892
13,22428 4,571283 3,484092
17,90365 4,825592 3,728867
14,64844 4,804928 3,70264
14,64844 5,073546 3,959338
20,95541 5,248388 4,026096
19,32781 5,202293 3,99351
14,44499 5,42641 4,183451
18,31056 5,610784 4,281201
16,0726 5,997022 4,570485
16,8864 6,219543 4,603066
19,53126 6,488164 4,809698
20,34506 6,502471 4,897912
17,08985 6,661413 4,893938
19,32781 7,467273 5,365214
19,73471 7,607144 5,454223
18,31056 7,885297 5,627473
28,88995 9,083747 6,350675
26,04166 10,70817 7,403688
24,21061 12,69023 8,999508
38,04519 15,52264 11,41469
26,652 17,25515 13,1154
38,85899 18,92407 14,64843
37,63829 19,09892 15,31124
36,01069 21,4672 16,52081
38,24865 22,27942 17,36243
36,82449 23,70834 18,60778
40,4866 25,07527 19,88252
42,72458 25,53303 20,82108
50,04885 28,07616 22,29848
49,8454 28,34636 21,9647
48,21778 29,74986 23,58197
45,77636 31,13585 24,77725
47,81088 31,58885 25,25885
47,20052 32,84771 25,95424
53,30408 34,86791 28,2979
56,76277 34,62154 28,06107
56,96622 35,26843 28,79936
59,20419 37,13444 29,6839
54,5248 37,63513 30,25133
57,16967 38,54271 31,18513
54,5248 37,9117 31,49507
60,62836 39,73004 32,49327
60,42491 40,58041 33,02811
59,00074 42,07133 34,24245
59,40765 42,20642 34,7328
56,55932 43,12355 35,24543
60,42491 43,12672 34,68036
59,40765 44,8513 37,66139
65,91811 45,10243 38,19228
60,83181 46,90965 39,26196
63,06978 47,51683 40,13539
59,81455 47,07338 40,47951
64,49395 48,35765 42,0769
61,44217 48,13354 42,08645
64,49395 48,65012 42,94318
60,018 48,728 41,40377
68,56299 49,05227 43,19352
63,88359 48,9569 43,01311
59,81455 49,16192 43,18792
64,2905 50,5098 43,73869
62,25598 50,26819 43,72438
69,7837 50,97075 43,85553
62,86633 49,44961 43,77761
61,44217 49,9503 44,36175
68,15608 49,94552 43,91036
60,62836 50,49548 44,73212
59,81455 50,95167 45,28048
60,83181 50,81972 43,92067
60,018 50,36036 44,42614
62,25598 50,59721 44,60019
66,93537 51,43486 45,71518
63,27324 50,95483 45,74619
69,17335 51,90693 45,14377
64,6974 50,45416 44,8521
60,83181 51,20915 45,12312
62,05252 51,26798 44,39672
58,59384 50,61947 44,73926
61,84907 51,55725 46,08314
61,44217 50,77522 44,60813
60,62836 51,46188 45,3957
66,52847 51,15355 44,33793
64,29049 51,67964 45,71439
63,68014 51,87832 45,35994
59,6111 50,95643 45,07143
62,05252 51,75116 45,68023
63,47669 51,83542 45,7557
64,2905 51,2155 44,73927
64,6974 51,89262 45,6214
62,45943 52,01819 45,63333
64,49395 51,67168 45,05396
62,45943 51,91964 45,59677
63,47669 51,02319 44,49767
59,81455 51,72572 45,80418
62,25598 52,1994 46,11891
63,88359 50,87218 45,23753
63,27324 51,61923 45,72709
64,6974 52,23754 45,73347
59,6111 51,70826 46,45588
61,44217 51,45392 45,97028
65,1043 52,44418 46,85721
65,51121 52,63491 47,21008
62,66288 51,79885 44,96655
62,86633 52,01341 45,58645
63,88359 52,98779 46,59894
64,2905 52,75254 47,24186
63,27324 53,56952 47,36266
62,45943 51,89262 45,44417
62,86633 52,9719 46,75867
65,51121 52,36469 46,83575
60,42491 53,31839 47,11233
61,44217 53,12608 47,41036
63,47669 53,409 47,08055
63,47669 52,6953 47,02333
66,93537 53,49323 45,2622
66,93537 53,498 47,28955
65,71466 53,85086 47,51367
62,25598 54,03205 47,50094
64,6974 53,63468 47,64241
65,71466 54,3563 48,04613
63,68014 53,94145 48,13193
66,12157 54,62494 48,55954
62,25598 54,58361 48,13036
69,58025 54,69803 48,07792
68,56299 54,70281 49,46076
65,71466 54,67261 49,01172
64,49395 54,32929 47,99291
66,73192 54,80135 48,13355
65,71466 54,39444 49,00855
69,3768 55,28614 48,88378
67,95264 55,12877 48,79081
65,30775 54,62653 48,368
65,91811 55,43874 49,90342
70,39406 55,71052 48,98789
66,32502 55,47528 49,5267
65,91811 55,28456 49,7127
68,35954 55,21777 48,85834
65,91811 55,06522 49,87085
