0,8138021 0,413259 0,305971
0,8138021 0,416438 0,3083553
0,6103516 0,3925959 0,296434
0,6103516 0,4053117 0,3012025
0,8138021 0,4450485 0,3218661
0,8138021 0,4291538 0,3163027
0,8138021 0,4498168 0,328224
0,8138021 0,4450484 0,3234555
0,8138021 0,4402801 0,3210713
0,6103516 0,4371011 0,3178923
0,8138021 0,4498168 0,3337873
1,017253 0,4450485 0,3337873
0,8138021 0,4402801 0,3329926
0,8138021 0,4482274 0,3329925
0,6103516 0,4514063 0,3337873
0,8138021 0,4339222 0,3298136
0,8138021 0,4482274 0,3425293
1,017253 0,4529957 0,3393505
0,8138021 0,4386906 0,3274293
0,8138021 0,4514063 0,3329925
0,8138021 0,4386906 0,3306083
0,8138021 0,4545852 0,3488871
0,8138021 0,4418695 0,343324
0,8138021 0,4514063 0,337761
1,017253 0,4402801 0,3417346
0,8138021 0,4577642 0,3496818
1,017253 0,464122 0,346503
1,017253 0,4800167 0,3623974
1,017253 0,4704799 0,3544502
0,8138021 0,4545852 0,3329925
0,8138021 0,4529957 0,3433241
0,8138021 0,4593536 0,3647813
0,8138021 0,4593536 0,3544501
1,017253 0,4657115 0,3639866
0,8138021 0,464122 0,3576289
0,8138021 0,4545852 0,3472976
1,017253 0,4784272 0,3719338
1,017253 0,4943219 0,3894176
0,8138021 0,4720694 0,3663708
1,017253 0,4816062 0,379881
1,017253 0,4577641 0,3608077
1,017253 0,4720694 0,3806756
0,8138021 0,4688904 0,3616026
1,017253 0,4577641 0,3639866
0,8138021 0,4688905 0,3774967
0,8138021 0,4800167 0,3735234
0,8138021 0,4561747 0,3639866
1,017253 0,4704799 0,3647814
1,017253 0,4816062 0,3862387
1,017253 0,4704799 0,3727285
1,017253 0,4688904 0,3695497
1,017253 0,467301 0,3671655
1,220703 0,5038587 0,3949807
0,8138021 0,4847851 0,385444
0,8138021 0,4831957 0,3989541
0,8138021 0,4736589 0,3774967
1,017253 0,491143 0,3870335
1,017253 0,4816062 0,3719339
0,8138021 0,5038586 0,4037225
0,8138021 0,4736589 0,3759074
0,8138021 0,4609431 0,3679602
0,8138021 0,4879641 0,3918017
1,017253 0,4863746 0,4013382
0,8138021 0,4784273 0,3925963
1,017253 0,4959114 0,3997489
0,8138021 0,4879641 0,3997488
1,220703 0,5213425 0,416438
0,8138021 0,4975009 0,4084907
0,8138021 0,5054481 0,4084908
1,017253 0,5404156 0,4251798
1,017253 0,5165741 0,4204114
1,017253 0,545184 0,4355111
1,017253 0,5594889 0,4458424
0,8138021 0,5594888 0,4561736
1,220703 0,581741 0,4633261
1,017253 0,5642571 0,4569683
0,8138021 0,5578994 0,4514053
1,220703 0,5896882 0,4768362
1,220703 0,61353 0,4855783
1,017253 0,6167089 0,4903466
1,220703 0,6071721 0,488757
1,220703 0,6659826 0,5292882
1,424154 0,6945928 0,5427989
1,220703 0,7009506 0,5475672
1,424154 0,7216135 0,5785627
1,627604 0,7470447 0,5944574
1,424154 0,7677075 0,6143261
1,627604 0,7947285 0,6453207
1,424154 0,8312863 0,670752
1,627604 0,886918 0,6977732
2,034505 0,9330127 0,7398937
2,034505 1,010895 0,8050606
2,644857 1,076062 0,8527431
2,441406 1,225471 0,9655941
2,644857 1,376472 1,097521
3,458659 1,533826 1,200043
3,458659 1,734096 1,379647
4,882813 2,032916 1,575948
7,324219 2,447763 1,88907
8,341471 2,910296 2,188682
8,544923 3,568332 2,684593
12,20703 4,576044 3,426073
13,22429 5,261102 4,053116
13,63119 6,127358 4,72466
17,90365 7,046062 5,46217
20,75196 8,212723 6,347497
21,56576 9,749728 7,496674
23,39681 10,76063 8,536183
25,22786 12,20385 9,697276
25,43132 13,65185 11,13256
25,43131 14,80103 12,05763
30,11066 16,24107 13,19647
30,92447 17,20746 14,26935
36,41762 18,84779 15,51151
66,93533 20,10822 16,4938
61,84904 21,88363 18,08564
65,30769 23,47788 19,20223
54,11786 25,5537 21,01659
56,55929 28,30028 22,9613
59,0007 31,6445 24,8456
69,58019 37,44125 28,98057
70,59741 43,32225 33,35873
77,9217 49,49253 39,88744
78,73534 53,87786 46,18884
83,2113 57,95165 49,68964
81,78724 58,16939 50,79033
99,28387 61,44528 53,98911
94,6045 64,27452 56,25967
92,97695 63,52588 56,6324
103,5563 65,71934 58,20358
89,92511 67,36125 59,80891
89,31476 69,03814 61,35466
99,28384 69,36555 62,14462
104,3701 69,1335 62,85352
95,82523 70,41463 63,03235
95,41825 71,09492 64,28642
102,9459 71,42709 64,79506
92,97689 73,25975 66,23748
107,8288 74,62669 67,50034
106,608 74,72364 68,12976
109,0494 76,96 69,02699
112,3046 77,65618 70,22387
104,5735 78,70206 71,28085
102,7425 79,94659 71,49781
107,8287 82,87435 74,60517
107,2184 83,67388 75,62643
119,2219 84,53055 75,8402
116,1702 84,25718 75,94592
114,3391 85,94043 77,23022
112,1012 87,0562 78,0758
114,9496 87,23426 79,03345
110,4735 87,13095 78,59797
109,6599 88,17679 78,56534
113,3219 89,7408 80,32809
113,1185 90,44968 80,78423
122,8841 92,90697 83,12951
116,5771 92,2235 82,67808
116,7805 91,68787 81,96041
115,3564 93,50938 84,1515
116,3737 92,34589 83,32895
114,7461 94,35496 85,21245
113,9323 94,347 84,54644
112,915 95,82679 86,52219
118,4081 96,62947 86,44984
122,0702 96,56428 86,69781
125,7323 95,56929 85,33641
121,053 98,50504 87,59905
118,2047 97,71348 87,60617
115,5599 98,16487 87,76907
119,4254 99,93711 89,0891
118,4081 101,5218 90,6754
119,2219 101,7475 91,38826
118,6115 102,4612 92,15438
118,6116 104,5402 93,3242
125,9358 103,0588 91,82457
124,3083 104,2938 92,67178
123,6979 103,4657 93,24476
125,7324 104,2477 93,61589
121,8668 104,3828 92,55807
125,9359 105,1315 93,77403
139,7705 105,1935 94,72371
125,3255 107,4981 96,34258
117,7979 104,1762 93,50381
120,4427 105,9103 94,65778
120,6461 107,8129 96,24958
124,1048 106,9069 95,97464
124,9186 107,4934 97,12617
125,529 107,7652 95,50655
123,9013 107,9893 96,67079
122,2738 109,3896 98,10209
124,7152 107,5617 96,63265
121,46 108,4423 97,09518
122,6807 109,0097 97,5593
127,1566 108,2055 97,56568
125,9359 110,9902 99,22348
124,9186 108,4423 97,47194
123,291 109,6264 99,28542
129,598 109,4198 97,2263
128,9877 110,4339 98,92547
129,1911 110,6453 98,3421
129,598 109,4595 98,24432
129,3945 110,6739 98,84039
124,7152 112,311 101,8341
131,836 110,4546 99,05975
126,1393 111,6451 99,45712
127,36 111,8628 99,61134
128,1738 110,4577 98,83804
133,0566 113,155 101,7753
127,1566 112,9293 101,355
136,7187 112,0647 100,6182
129,1911 114,2708 102,2728
133,4635 114,8208 103,5674
133,4636 114,7429 103,4689
129,5979 113,43 102,3913
127,1566 113,988 102,7624
131,8359 113,2234 102,9078
129,3945 114,0706 103,2805
132,8532 114,3138 101,0267
