1,017253 0,413259 0,3035868
0,8138021 0,4212064 0,312329
1,017253 0,4402801 0,3266345
0,8138021 0,4386905 0,3202765
0,6103516 0,443459 0,3314031
0,8138021 0,4752483 0,3647814
0,8138021 0,4736588 0,3703444
1,017253 0,4736588 0,3536555
0,8138021 0,4768378 0,3719339
0,6103516 0,4641221 0,3727285
0,8138021 0,4784273 0,3767021
1,017253 0,4816062 0,3663709
1,017253 0,4800167 0,3735234
1,220703 0,4800167 0,3727286
1,220703 0,4959114 0,3846494
0,8138021 0,4895535 0,3846494
0,8138021 0,4863746 0,3870335
0,8138021 0,4895535 0,39657
1,220703 0,4990903 0,4045172
1,017253 0,5102164 0,4148485
1,017253 0,5165741 0,4156432
1,220703 0,534058 0,4323322
1,017253 0,5467734 0,4386899
1,424154 0,5245214 0,4307427
1,220703 0,5626677 0,4490212
1,017253 0,5499522 0,4442529
1,424154 0,5722044 0,4569684
1,017253 0,5531312 0,4561736
1,424154 0,6103509 0,483194
1,017253 0,6230668 0,489552
1,220703 0,6103511 0,4839888
1,220703 0,6453193 0,511009
1,424154 0,637372 0,4990887
1,424154 0,7073085 0,5507463
2,034505 0,7534025 0,5729989
2,237956 0,7820125 0,6135313
4,272461 0,8662544 0,6755208
2,441406 0,9584441 0,7311519
13,83463 1,309711 0,9369842
13,22428 1,756351 1,225472
17,7002 2,600353 1,711845
53,71095 4,289949 2,686182
38,65559 6,271998 3,947417
48,21775 9,96272 6,209214
56,76271 16,92454 10,54208
75,68362 23,05031 14,93851
86,66998 30,05505 20,09392
94,19755 38,46646 26,37943
104,777 45,79863 31,99499
93,58727 47,80611 34,48565
120,6461 54,94437 40,27127
114,3391 56,60377 43,20623
112,1012 60,8365 46,63785
103,7597 65,75428 51,61841
118,0013 70,26994 55,02385
134,2768 72,12163 56,35184
119,6286 78,25535 61,44284
132,0394 83,38136 65,55322
135,0905 89,8377 70,35335
152,1808 92,06932 72,89647
154,2146 98,12666 79,10014
179,2397 103,7184 85,64237
161,1326 107,549 92,26405
146,6877 111,1904 96,66126
162,9638 113,627 99,24251
153,1981 114,9876 100,7581
151,367 115,2356 101,5838
149,1292 116,9601 101,9779
149,5361 116,3355 101,3374
150,9602 117,3416 103,7644
167,6427 118,1665 103,1367
160,7253 119,3395 105,3889
184,9364 124,4401 107,9868
171,9156 125,5924 108,5972
177,4087 125,4128 108,4931
200,3987 125,9946 109,3784
185,9539 130,6199 111,1602
185,5468 134,0691 116,2528
212,4024 138,7325 117,2637
187,1745 143,0192 124,0539
196,1263 145,1078 125,0083
226,8473 149,6648 130,4363
226,2371 154,1011 132,6513
214,0299 156,8444 137,5761
204,0609 157,7488 137,7748
221,5576 159,5528 140,9458
242,7165 166,8373 144,0652
211,7921 167,5001 145,7769
239,0544 173,9279 151,6333
250,2442 173,1331 150,1845
229,8991 178,9664 155,2589
250,0409 183,1865 157,891
248,2097 189,6064 164,6407
246,7856 195,1122 168,0023
257,7719 191,164 165,3281
269,3685 200,8199 172,576
291,9515 202,3809 172,3433
263,4684 203,3663 175,8512
256,7546 205,3309 176,5926
278,9306 207,2112 178,0843
271,81 208,9341 178,376
283,2032 214,2271 183,425
283,4066 213,7853 183,1714
256,958 205,9333 177,3954
278,5238 215,0456 184,6408
265,9098 210,112 180,2174
292,3584 215,9882 183,9479
292,9688 215,2253 182,7693
278,3204 216,5858 184,9882
291,3411 218,997 187,7196
270,9961 213,6072 181,6289
276,6928 217,1692 184,9564
278,5238 216,8704 184,555
292,9688 220,6135 186,7278
295,4102 215,3444 182,7749
278,1169 223,5938 188,8609
288,2895 216,9609 186,1181
276,2859 216,4237 181,6041
267,7411 221,3066 186,053
289,7135 218,7316 185,0605
272,6238 219,7568 187,0552
290,3239 220,3496 186,9885
290,5274 222,2665 188,9753
278,5238 222,5765 189,073
276,0824 218,4567 185,4953
298,0551 226,1226 191,6162
299,4792 219,0033 185,5237
299,2758 225,1244 191,5057
290,9344 221,626 185,5691
270,1823 221,4956 187,7339
273,4375 223,3602 189,0763
274,8617 224,4822 189,8479
291,9516 224,673 189,2273
267,1306 222,4366 189,1796
280,5583 224,7286 190,2342
270,5892 224,2819 188,3864
292,9688 223,554 189,1994
290,7308 224,9829 190,5593
284,4239 220,8694 187,9183
293,5792 225,8762 190,4886
280,7617 224,7652 190,305
273,641 222,319 188,3737
285,2376 224,1882 189,4554
292,9688 222,3858 187,6299
273,0306 226,9491 190,5259
285,2376 225,2372 191,04
284,2205 226,3387 192,1534
