1,017253 0,4100801 0,3035868
0,6103516 0,4514063 0,331403
0,8138021 0,4657115 0,337761
0,8138021 0,4577642 0,3536553
1,017253 0,4895535 0,3806758
1,017253 0,4816062 0,3774969
1,220703 0,4943219 0,3870335
1,017253 0,5149847 0,4013385
1,220703 0,508627 0,4061067
1,017253 0,5340579 0,4148486
1,017253 0,5467734 0,4386899
1,017253 0,567436 0,4601471
1,017253 0,5944564 0,4808097
1,220703 0,6405508 0,5030621
1,220703 0,6786981 0,5229298
1,424154 0,6993612 0,5404144
1,220703 0,7390975 0,5753835
1,627604 0,7756549 0,6103524
1,627604 0,8440021 0,6699574
2,237956 0,9250653 0,7303569
1,831055 0,967981 0,7494307
1,831055 1,001359 0,7788346
2,237956 1,058578 0,8289015
2,237956 1,139639 0,8702261
2,441406 1,190503 0,9043998
2,441406 1,252492 0,9242685
2,644857 1,311304 0,9973847
2,644857 1,408261 1,026789
3,051758 1,486143 1,116595
5,086263 1,629192 1,215935
4,882813 1,800855 1,313686
3,86556 1,824697 1,337528
9,562171 2,158484 1,54098
8,138019 2,463658 1,748403
9,765622 2,846718 2,049605
9,155271 3,390311 2,423128
17,7002 4,062652 2,915858
17,49676 4,847841 3,437995
21,15886 6,194115 4,294712
22,58301 7,915499 5,421639
19,12436 10,57784 7,026992
22,37956 13,40389 9,272097
26,44855 15,16184 12,01391
25,02441 17,39979 14,31386
23,80371 17,63025 15,09031
26,85546 18,45042 15,7539
24,41406 18,77785 16,19339
23,60026 18,93839 16,3722
29,9072 20,0351 17,23527
26,85546 20,24332 17,66762
30,92445 20,35141 17,52297
38,24864 21,01103 17,89887
46,38671 22,30485 19,05997
45,36945 23,64635 20,00173
41,70732 24,62227 20,35856
42,31767 27,4213 21,96471
44,14874 31,56502 24,80347
48,62469 34,84405 29,35408
53,50754 36,96913 31,7152
52,69373 37,06927 31,93455
54,11789 36,62897 31,32579
51,06611 38,19938 32,8493
55,54206 38,07698 33,34518
51,87992 38,41236 32,91923
50,45576 38,87014 33,28639
53,30408 38,73185 33,36031
49,8454 39,80474 34,59056
53,71099 39,13398 34,1272
49,23504 39,71412 34,60404
51,87992 40,6535 34,96009
55,94896 40,41985 35,08961
54,72825 39,76023 35,10791
51,87992 40,48184 35,15956
54,11789 40,91577 35,54977
54,32135 40,84265 35,37733
55,3386 41,28613 35,87405
54,11789 41,10332 35,92012
55,3386 41,04293 35,77785
57,57658 41,65011 36,47165
52,69373 41,06359 35,28354
54,11789 41,84879 36,28492
54,72825 40,76793 34,98868
56,96622 41,46731 36,11561
53,50754 40,93643 35,75325
52,69373 41,05724 34,87903
61,23872 42,06655 36,68229
58,39038 41,38625 35,18977
54,32135 41,01908 36,13391
59,81455 41,47367 36,43354
52,28682 41,48479 35,08885
55,94896 41,41485 36,15218
53,30408 41,30043 35,17547
58,39038 41,76455 36,88731
56,15241 40,73298 36,11087
58,79729 42,56882 36,49949
57,98348 41,13512 35,43692
54,11789 42,0125 36,84598
52,69373 42,21279 35,91061
58,79729 42,32088 36,92151
53,71099 41,74229 37,04943
58,39038 42,16828 36,68943
55,94896 42,02998 36,92625
56,55932 40,96662 35,0332
60,83181 41,78203 36,27855
54,5248 42,49094 37,1464
65,30775 41,73753 36,7252
54,32135 41,90124 36,54239
55,54206 42,57199 37,09474
53,10063 41,4975 35,64434
54,5248 41,99821 36,79749
55,3386 42,2573 36,76574
55,13515 42,22867 35,77946
53,50754 42,29384 37,2378
53,50754 42,20007 36,16253
56,35587 41,81222 36,15454
54,72825 42,29383 37,4929
59,00074 42,37333 36,6799
61,84907 43,23481 38,16207
57,98348 42,13012 37,07565
57,78003 42,60538 37,20283
52,08337 42,43055 37,56047
51,67647 41,58018 36,06161
60,42491 42,63557 37,3268
60,42491 43,03772 37,62326
55,54206 43,09811 37,62324
59,00074 44,67488 38,93137
54,9317 43,17441 37,51675
55,94896 42,88354 38,10881
59,20419 42,0872 36,61948
56,15241 41,99661 35,69283
52,89718 42,95347 37,54932
57,78003 42,62604 38,2574
54,11789 43,24275 37,56523
61,84907 41,64375 35,76517
54,11789 42,12058 37,2799
59,00074 43,28727 38,19942
57,98348 43,68465 38,26855
59,00074 42,34947 37,20281
60,42491 43,40648 37,77504
58,18694 42,92327 37,39674
55,54206 42,46391 36,73631
56,76277 43,07745 37,72814
56,96622 43,73072 37,70669
58,79729 44,38559 38,46407
62,86633 43,37152 38,02617
58,39038 43,15218 37,9769
56,15241 43,91192 38,6238
51,87992 42,68008 37,58669
55,3386 43,92623 38,0524
52,08337 42,7532 36,81023
57,98348 43,06315 37,56682
59,00074 44,41102 37,79412
55,74551 43,14421 37,361
55,74551 43,13943 37,48892
56,35587 42,91056 37,54298
55,54206 43,19825 37,50561
63,88359 43,4049 37,6884
54,11789 43,33178 37,18455
60,42491 43,40648 38,28764
