0,8138021 0,386238 0,2924602
0,6103516 0,3878275 0,2916655
1,017253 0,4323326 0,3163027
1,017253 0,4434589 0,3210712
0,8138021 0,4561747 0,3329925
1,017253 0,467301 0,34094
1,017253 0,4736588 0,3520661
1,017253 0,4736588 0,3623973
0,8138021 0,4863746 0,3743181
1,017253 0,4927325 0,3870335
0,8138021 0,4863746 0,377497
1,017253 0,5181636 0,4084908
1,220703 0,5356473 0,4156433
1,017253 0,5547206 0,4378952
1,017253 0,5642573 0,4561737
1,424154 0,5833304 0,4680943
1,017253 0,6008143 0,4800151
1,017253 0,5896881 0,4688891
1,017253 0,664393 0,5149828
1,424154 0,720024 0,5507462
1,424154 0,7581708 0,5936626
1,627604 0,7724758 0,6031995
1,831055 0,8122125 0,6469103
1,424154 0,847181 0,6763153
1,627604 0,920297 0,712873
1,831055 0,9441391 0,7375094
2,034505 0,9775174 0,7486352
1,831055 0,9934118 0,7581716
2,441406 1,068115 0,8066491
2,644857 1,158713 0,8813528
2,644857 1,190503 0,8869155
2,441406 1,236598 0,9314212
2,848307 1,319251 0,9687744
2,441406 1,387598 1,044274
4,069011 1,532237 1,1158
3,255208 1,589456 1,20163
3,66211 1,653033 1,246928
5,086263 1,867613 1,404285
6,306965 1,93278 1,395543
5,289714 2,077421 1,521907
6,103515 2,206165 1,658598
5,086263 2,361933 1,749991
5,900065 2,519292 1,853308
5,696614 2,903937 2,122721
8,138021 3,185273 2,330146
10,78288 3,829002 2,752145
10,98633 4,30425 3,098648
11,59668 4,906657 3,507933
13,83463 5,598068 4,105569
15,25879 6,454787 4,746913
15,66569 7,492702 5,509059
15,25879 8,4432 6,395978
16,47949 9,484294 7,325016
15,46224 10,57466 8,31366
18,31054 11,35826 9,181499
22,78646 12,77287 10,56194
18,92089 13,41661 11,16753
18,51399 14,12551 12,06954
20,75195 14,45293 12,45976
18,51399 15,14276 12,92308
20,75195 15,59416 13,2211
21,3623 16,02172 13,89106
21,15885 16,39207 14,53639
20,9554 16,46677 14,29875
22,98991 16,67341 14,76208
22,37956 17,47926 15,49165
22,98991 17,83371 15,63946
22,1761 17,81464 15,74278
23,39681 18,10392 15,99073
24,00716 18,44248 16,08133
25,43132 18,8462 16,64083
23,19336 18,80328 16,88481
23,39681 19,28488 17,62707
24,00716 19,50741 17,18044
25,22787 20,05101 17,72802
25,02441 20,051 17,8504
25,63477 20,34029 18,05226
25,22787 20,34982 17,96802
26,44857 20,57074 18,44007
26,44857 20,96494 18,69838
27,46583 21,02535 18,59189
24,21061 21,35118 19,38581
26,24512 21,37025 18,88195
26,65202 21,88206 19,91272
27,26237 21,92497 19,38104
28,07618 22,55917 20,26479
25,63477 22,33505 20,41816
28,07618 22,494 20,09868
26,85547 22,61321 20,11459
26,85547 22,88818 20,50877
27,66928 23,14726 21,03249
27,66928 23,38251 20,73606
30,11068 23,45563 20,92441
28,27963 23,24422 21,15408
27,26237 23,4731 21,01024
29,29688 23,94358 21,29634
29,70378 24,15022 21,80656
30,72104 24,45539 22,22379
29,50034 24,63341 22,69189
29,09343 24,70175 22,45903
32,14519 25,00057 22,18247
29,50033 25,20403 22,86594
29,90724 24,91633 22,75149
28,88999 25,31529 23,03998
29,90724 25,56483 23,06938
28,48309 25,52509 22,92871
29,90723 25,74126 23,10039
33,16245 25,90656 23,41112
31,12794 26,18631 23,72345
31,12794 25,94312 22,95654
30,72104 26,04007 23,49058
30,31413 26,38499 24,1836
30,11069 26,4597 23,95233
31,73829 26,64725 24,30519
32,34864 26,62023 24,2122
31,73829 26,67427 24,06517
33,16244 27,2131 24,99898
31,53484 26,99852 24,68188
33,56936 27,50079 24,64533
31,53484 27,18607 24,47605
34,1797 27,61682 24,89647
32,34865 27,82027 24,94732
31,73829 27,66768 25,35661
31,33139 27,7869 25,25569
31,3314 27,97286 25,75716
34,38315 28,20332 25,88351
33,97625 28,51486 26,33572
34,38315 28,13657 25,27794
32,34865 28,21764 25,49092
32,959 28,17472 25,8541
35,40041 28,63248 26,17836
35,19695 28,6452 26,08219
32,1452 28,59912 26,04168
36,21421 28,64838 25,69915
33,97625 28,78984 26,0679
33,16245 28,71037 26,45254
34,9935 29,01713 26,20935
33,56935 29,38111 26,78633
33,56935 29,40019 26,73546
33,3659 29,27939 26,6854
37,02802 29,43198 26,81891
35,60386 29,19039 26,33492
35,80731 29,43198 26,58129
36,41766 29,14906 26,0353
33,97625 29,22218 26,35877
34,1797 29,54325 26,76489
34,9935 29,34933 26,88488
35,40041 29,6402 26,68063
33,7728 29,50827 26,91269
35,80731 29,71173 27,06291
34,17971 29,79755 26,94527
34,38315 29,62431 27,04619
35,80731 29,81663 27,08673
35,40041 29,69583 26,80699
33,3659 29,84364 27,13443
34,79005 29,89133 26,97149
34,58661 29,89611 27,23616
36,82456 30,1361 27,39191
34,1797 29,88974 27,52859
35,19696 30,01373 27,56755
34,1797 29,79279 26,95243
37,43492 30,21241 27,64861
35,60386 29,92154 27,23932
38,45218 29,91518 27,21231
34,9935 29,80073 27,3641
34,99351 30,20129 27,45948
36,21421 29,91042 27,07562
35,40041 30,17425 27,75113
33,7728 30,06936 27,57232
33,97625 30,20447 27,3331
37,43492 30,11544 27,37203
36,01076 30,22989 27,95061
34,38315 30,16949 27,30767
34,79005 30,29665 27,27827
33,3659 30,26009 26,99058
37,63837 30,55573 28,52441
34,79005 30,17903 27,17655
34,58661 30,00896 27,66213
34,79006 30,41904 28,1787
36,82457 30,52235 27,63747
35,40041 30,38566 27,63115
34,17971 30,44605 27,84967
36,21421 30,59706 27,60489
36,82457 30,50805 27,75987
35,80731 30,79097 28,29552
35,80731 30,5605 27,98874
35,80732 30,77825 27,8171
36,21421 30,67017 27,8465
35,40041 30,57003 27,57708
34,38316 30,60818 28,20731
34,58661 30,72104 27,94982
34,58661 30,818 28,24466
34,1797 30,6813 28,15485
35,40041 30,756 28,48388
36,41766 30,87838 27,70264
37,63836 31,08978 28,06425
36,41766 30,7099 28,28121
36,41766 30,79098 28,37897
35,60386 30,97376 27,92278
36,62112 31,19787 28,51248
34,38315 30,72262 28,07617
37,84182 31,00396 28,19697
34,58661 31,06594 28,62692
35,19696 30,94197 28,40916
35,40041 30,7417 28,21446
34,79006 31,13112 28,30586
35,40041 31,07229 28,00225
34,79005 31,05004 28,63883
36,62111 31,0278 28,37499
35,40041 31,05799 28,88997
35,40041 31,05005 28,32969
34,99351 31,27099 27,54529
36,21421 31,20899 28,45287
35,19696 31,2551 28,3591
35,40041 31,03415 28,37499
34,38315 31,03416 27,7861
34,99351 31,30914 28,41315
35,80731 31,06595 28,42586
36,41766 31,14382 28,44651
36,41766 31,25668 28,58401
35,80731 31,11682 28,40759
36,01076 31,60636 28,8264
36,62111 31,29006 28,80495
38,04527 31,45061 28,77475
36,01076 31,08026 27,94823
36,01076 31,67628 29,15461
36,62111 31,33774 28,72387
35,40041 31,47761 28,93211
35,40041 30,99442 28,58479
35,80732 31,6302 28,85341
34,99351 31,2217 28,29711
36,21421 31,18833 28,2089
34,58661 30,9531 28,61977
35,8073 31,33138 28,57289
37,02802 31,24556 28,16599
37,23146 31,36319 28,63886
35,19695 31,50146 28,90189
39,26596 31,11521 28,50294
34,99351 31,10091 28,45447
35,4004 31,48239 29,07753
36,01076 31,15814 28,89793
36,82456 31,16291 28,66666
36,41766 31,20105 28,31619
35,60386 31,40768 28,45605
35,80731 31,5396 28,76599
37,02801 31,15019 28,64361
36,41766 31,4951 28,95594
35,60386 31,56503 29,37078
36,01076 31,35046 28,98137
37,63837 31,48715 28,76362
35,60386 31,29642 28,86057
36,41766 31,48079 28,95514
35,19696 31,35999 29,12123
36,82457 31,60477 28,62055
36,41766 31,63497 28,60705
35,80732 31,57457 29,51066
35,80731 31,51736 29,22297
36,01076 31,57775 29,47728
37,43491 31,51258 28,82162
35,19696 31,29006 28,06743
36,21421 31,43471 27,89657
36,21421 31,32185 28,65871
37,02801 31,48239 28,69766
36,82456 31,40291 28,7962
36,82457 31,29642 28,30267
37,02801 31,61271 29,16415
36,41766 31,67312 29,22852
35,60386 31,42993 29,0815
36,21421 31,2551 28,63009
35,40041 31,813 29,35093
35,19696 31,63496 29,00442
36,01075 31,68424 29,02587
35,40041 31,29483 28,7827
36,82456 31,43152 28,61024
35,8073 31,31549 28,49898
36,41766 31,43151 28,44254
34,99351 31,3441 28,90905
36,21421 31,62543 28,6444
36,21421 31,53801 28,63089
36,62111 31,81617 28,98932
37,63836 31,56185 28,90189
36,82456 31,35999 29,11726
37,02801 31,24078 28,72704
37,23146 31,75418 29,20469
35,40041 31,57775 28,49658
35,19696 31,19628 28,16836
34,99351 31,33139 28,44175
36,01076 31,48715 28,48544
35,60386 31,22649 28,51011
37,43492 31,37907 27,9363
35,60386 31,46967 28,72148
36,21421 31,54913 28,86771
35,80731 31,42039 28,63089
36,01077 31,53642 28,50136
36,62111 31,73352 29,13713
34,79006 31,83365 29,28415
36,41766 31,54119 28,78189
36,41766 31,95445 29,27066
37,23146 31,56345 28,65792
36,41766 31,55708 29,19753
35,40041 31,47761 28,48545
35,19695 31,62702 28,75089
38,45217 31,74623 28,74057
36,01077 31,7065 28,53314
38,45217 31,8877 29,19913
37,43492 31,52847 29,06404
35,40041 31,53324 29,1284
34,79005 31,39973 28,88679
36,21421 31,48556 29,06402
34,9935 31,78279 28,80573
35,80731 31,94969 29,22218
35,80731 31,53642 28,53712
37,43492 31,46808 28,97105
36,01077 31,75894 29,41211
36,62111 31,90361 28,92257
36,01076 31,66676 29,40179
37,43492 31,449 28,91619
36,41766 31,66675 29,01394
35,80731 31,59047 28,96548
37,23146 31,61272 29,47252
34,79005 31,19151 28,09447
36,6211 31,74623 28,8558
36,01076 31,59205 28,8105
36,21422 31,81776 28,66269
37,43491 31,94811 29,24762
36,82457 31,53961 28,84549
37,84182 31,86067 29,2937
37,84181 31,77802 29,45185
35,60386 31,48238 28,36625
37,02802 31,63973 28,65077
36,01076 31,58092 28,39009
36,01075 31,78439 29,27225
35,60386 31,90359 29,46457
35,80731 31,68743 29,52895
35,80731 31,61112 29,13078
37,43492 31,7653 29,39225
36,41766 31,82253 29,52178
36,41766 31,72874 28,72229
36,41766 31,76372 28,64362
35,60386 31,7796 28,81845
38,24871 31,964 29,6124
36,62112 31,86704 29,0084
35,80731 31,96718 29,15543
36,01076 31,6604 29,56072
36,62112 31,92744 29,8087
36,01077 31,8718 28,81924
36,01076 31,74781 29,42641
35,60386 31,80504 29,60364
36,62111 31,67312 29,04256
38,45216 31,98942 28,82323
35,40041 31,65245 29,33105
37,63837 31,94333 29,80312
36,21421 31,80503 29,5933
34,9935 31,56186 29,48046
36,82456 31,65087 28,39646
34,58661 31,75101 29,06561
36,21421 31,97353 29,25158
36,21421 31,70649 28,45922
35,19696 31,80981 29,14588
35,60386 31,56821 29,17449
37,63837 31,8877 28,7525
35,19695 31,71762 29,14668
35,19696 31,58411 28,59434
38,24873 31,99419 29,5814
36,62111 31,96558 28,51327
36,01076 31,80346 29,28655
36,21421 31,84159 28,86453
37,23147 31,91154 29,00998
37,02802 31,59364 29,31753
36,82456 31,79392 29,14508
36,21421 31,7208 29,04972
36,21421 31,75099 28,74771
37,63837 31,84002 29,21821
36,41766 31,90995 29,29609
36,62111 31,95763 29,00123
35,40041 31,7653 28,98535
36,82457 31,93856 29,2937
35,40041 32,01167 29,22456
37,23146 31,74941 29,42166
36,01075 31,97352 29,11488
36,01076 32,06094 29,2786
35,40041 32,09591 29,77848
36,01076 32,03075 29,27939
35,80731 31,97352 29,35727
36,41766 31,88452 29,4153
36,41766 32,053 29,53769
35,80731 32,06254 29,34854
35,40041 31,9481 29,50748
36,21421 31,73192 29,34536
35,8073 31,78597 29,9883
36,21421 32,00214 29,44708
38,04527 31,87658 29,36205
35,80731 32,11021 29,38429
34,38316 31,83207 29,82141
35,60386 31,65563 28,91619
37,02801 32,1722 29,22931
36,82456 32,01485 29,74511
35,60386 31,7955 29,27224
37,84182 31,82888 29,56709
37,23146 32,22467 29,48683
37,43491 31,89246 29,53213
37,23146 31,97193 29,45344
34,99351 31,73352 28,88601
36,62111 32,03393 29,8365
37,63836 32,15789 30,17107
36,01076 31,83683 29,19436
38,24872 32,19923 29,22775
38,24871 32,14677 29,28019
35,60386 32,11657 29,54483
35,60386 32,04823 29,76735
36,21421 32,01168 29,10217
37,23146 31,84478 29,2627
38,45217 32,34863 30,27599
35,40041 31,751 29,53053
37,63837 31,91788 29,47966
37,23146 32,10386 29,81106
36,62111 32,22307 29,73556
36,82456 31,94015 29,42403
36,62111 31,87816 29,75941
35,40041 32,25168 29,72125
35,40041 32,02916 29,00283
36,01076 32,09749 29,85398
36,82457 32,07048 29,02986
36,62111 31,99578 29,53768
36,41767 32,0069 29,73874
37,63837 32,03551 28,91143
36,62111 32,4011 29,33186
36,82456 32,0371 29,19675
34,38315 31,93221 29,70379
35,60386 31,77007 29,5949
35,80731 31,85431 29,53767
35,80731 31,84955 28,33129
34,99351 32,13564 29,25475
35,80731 32,10228 29,25237
36,41766 32,0975 29,62828
37,84182 32,26439 29,7467
35,40041 32,38043 29,96922
35,60386 32,28347 29,87147
36,41766 32,04506 29,30801
38,04527 32,05618 28,78906
35,60386 31,92425 29,19276
37,84182 31,97193 29,04256
35,40041 31,80981 29,45821
36,62111 32,41857 29,98829
36,01076 32,02915 29,81582
36,41766 32,24691 29,77848
36,82457 31,98942 28,91064
36,62111 32,14837 29,17529
36,21421 32,06412 29,30164
36,82456 32,24054 29,3366
38,04527 32,1579 29,04653
38,85907 32,27711 29,52416
35,40041 32,00691 28,83832
36,21421 31,84318 29,09422
37,43492 32,30413 28,92813
36,21421 32,17857 29,4439
37,63837 32,05141 29,56311
37,63837 32,2024 29,52018
36,82456 32,15949 29,35569
35,60386 32,14996 29,71569
36,01076 32,12134 29,77053
36,41766 32,01326 29,20469
37,63837 32,25009 29,95412
35,80731 31,94492 29,35728
37,84182 32,26123 29,70854
36,41766 31,95445 29,51781
36,21421 32,19445 29,77371
37,23147 32,08638 29,19595
37,23146 32,1277 29,44708
37,43492 32,22466 29,25316
37,23146 31,77325 29,01474
38,65562 32,10386 29,53609
37,43491 31,98307 28,70878
37,63837 31,92108 28,97342
36,21421 32,04347 29,97319
37,23146 32,42175 30,1536
38,45217 32,24054 29,93583
37,02802 32,25486 29,72207
35,8073 32,03234 29,19356
35,40041 32,20875 30,0161
36,01076 32,09909 29,95254
35,40041 32,16904 29,72683
37,43492 32,22625 29,8357
35,80731 32,04506 28,80415
36,01076 31,77007 28,98376
37,63837 32,27076 29,29051
36,41766 32,01803 29,04018
36,82457 31,96717 29,1594
37,02802 31,96558 28,7938
34,5866 31,7653 28,99647
36,01076 31,97989 28,71752
36,82457 32,04665 29,2325
35,8073 32,45036 29,71728
36,21421 32,00373 29,02269
36,21421 31,80186 29,57503
37,63836 32,11975 29,6243
36,01076 31,96558 30,12021
36,62111 31,59048 28,73979
35,4004 31,95923 29,4002
37,23146 32,0832 30,20286
37,43491 32,23897 29,89849
