0,8138021 0,3894169 0,2940497
0,8138021 0,44028 0,3210712
0,8138021 0,4609431 0,3401453
1,017253 0,4609431 0,3425295
0,8138021 0,4609431 0,3512712
1,017253 0,464122 0,352066
1,220703 0,4847851 0,3846493
1,220703 0,5118058 0,4045172
0,8138021 0,4784273 0,3862387
1,017253 0,4959114 0,3981595
1,220703 0,5118058 0,4021331
0,8138021 0,5006798 0,4005436
1,017253 0,5149847 0,4061067
1,017253 0,5467734 0,4371005
1,017253 0,5467734 0,4347163
1,017253 0,5801515 0,4657102
1,017253 0,5976354 0,4816045
1,017253 0,6214774 0,4967043
1,424154 0,6405509 0,5046515
1,627604 0,705719 0,545183
1,424154 0,7454552 0,5825362
1,424154 0,7788336 0,6087629
1,424154 0,8122125 0,6429365
1,424154 0,8010862 0,6421413
2,034505 0,8694337 0,6779046
1,627604 0,9393707 0,7335358
1,627604 0,9981801 0,7836028
2,034505 1,045863 0,7756551
2,237956 1,087188 0,8257219
2,237956 1,125334 0,853537
2,237956 1,209577 0,9131418
2,441406 1,254082 0,9187055
2,441406 1,276335 0,9218846
2,237956 1,304946 0,9735427
2,848308 1,343092 0,9902321
2,644857 1,339914 0,9655952
2,848307 1,414618 1,0252
3,458659 1,484554 1,064937
3,86556 1,522701 1,091958
4,475913 1,700718 1,210372
4,475912 1,762707 1,262823
4,272461 1,939137 1,368522
7,324217 2,16802 1,5529
5,696615 2,371469 1,691976
5,696614 2,625786 1,900198
6,917317 2,883275 2,146562
8,544919 3,33786 2,486705
6,917318 3,51747 2,683005
7,527668 3,900528 2,868174
8,341469 4,121463 3,117721
7,731119 4,318553 3,20355
9,15527 4,671417 3,476142
10,37597 5,06719 3,805955
9,358725 5,396208 4,103186
12,00358 5,826947 4,431406
9,765621 6,190936 4,665054
9,969071 6,729761 5,112489
10,57943 7,160504 5,353293
12,00358 7,567408 5,653699
11,59668 7,90755 5,80708
12,41048 7,8392 5,631446
15,05534 8,274716 6,229084
14,85189 8,60532 6,394386
13,42774 8,867579 6,619293
13,42773 9,263356 7,026193
13,22429 9,306269 7,195474
14,44499 9,889602 7,680255
13,83464 9,84192 7,607141
16,0726 10,49042 8,436837
15,86915 10,72725 8,769033
17,7002 11,04037 8,992354
17,90366 11,56966 9,338857
18,10711 11,9559 10,01199
16,68295 12,17366 10,12961
17,49676 12,5138 10,50791
17,2933 12,91752 11,07136
22,37956 13,00176 10,97441
19,32781 13,60417 11,53946
19,53126 13,81874 11,71827
21,15886 13,90139 11,84225
18,10711 14,1573 12,20068
19,32781 14,81056 12,48121
20,75196 14,64844 12,49234
20,34506 14,98381 12,94295
19,32781 15,3462 13,22985
20,14161 15,94226 13,83463
19,12436 16,12027 13,89662
20,34506 16,0106 14,04682
22,98991 17,01991 14,94646
21,56576 17,10256 15,31442
20,54851 16,91501 15,14117
22,17611 16,97064 15,11177
21,36231 17,28059 15,33112
23,19336 17,43636 15,58145
22,58301 17,57463 15,70702
25,22786 17,79239 15,62755
21,97266 17,67795 15,92239
22,78646 17,65411 15,41774
21,76921 18,11188 16,31578
23,39681 18,22791 16,2522
22,98991 18,00537 16,26412
23,60026 18,37414 16,33724
23,39681 18,29943 16,31102
22,78646 18,52194 16,67579
23,19336 18,41545 16,44055
25,22786 18,76514 16,98416
23,19336 18,58234 16,35233
22,17611 18,5903 16,50413
22,98991 18,62685 16,95395
23,80371 18,68884 16,69884
24,41406 18,8001 16,88321
23,39681 19,07667 17,22097
22,78646 18,70791 16,74016
23,80371 18,8017 17,00481
23,39681 18,59983 16,60903
21,56576 18,49969 16,56771
23,60026 18,90184 17,24959
22,17611 18,75877 16,84189
23,39681 18,90819 16,96349
21,97266 18,94157 17,14309
23,60026 18,91296 16,8427
24,82096 19,11322 17,56589
22,37956 18,78263 16,97541
22,58301 19,21495 17,28853
23,60026 19,14979 17,08508
24,00716 18,88118 17,0676
23,39681 19,09892 16,92374
23,19336 19,10846 17,08588
25,02441 19,01945 17,07236
22,58301 19,36754 17,51662
22,58301 18,99719 17,23687
22,58301 18,97654 17,25356
22,17611 19,07031 17,19157
24,41406 19,2531 17,29012
22,58301 19,26899 17,18363
24,41406 19,34053 17,6247
25,63476 19,27853 17,3529
21,76921 19,04487 17,39025
22,78646 19,20383 17,38469
22,37956 19,24197 17,45462
23,60026 19,31828 17,59212
25,63476 19,40728 17,55476
26,85546 19,4645 17,65569
23,80371 19,22766 17,48641
22,98991 18,95588 17,13037
23,60026 19,24357 17,51266
23,19336 19,27376 17,43078
22,98991 19,36119 17,42126
23,19336 19,42795 17,7447
24,21061 19,64727 17,3529
22,78646 19,43272 17,20271
23,19336 19,48993 17,75185
23,60026 19,53444 17,6692
24,21061 19,69656 17,68828
23,60026 19,55828 17,67079
22,98991 19,35959 17,44032
23,80371 19,53126 17,61835
23,19336 19,55669 17,74788
21,97266 19,34688 17,85756
24,00716 19,37391 17,73755
22,98991 19,65364 17,68192
23,80371 19,17522 17,43714
23,80371 19,66159 17,79954
24,21061 19,39456 17,5643
24,21061 19,53444 17,48562
23,19336 19,51219 17,80114
23,39681 19,5837 17,71609
23,60026 19,63775 17,68033
22,78646 19,30238 17,57622
25,02441 19,70609 17,97438
23,80371 19,62503 17,80828
22,98991 19,83007 18,02286
25,43131 19,65205 17,6406
24,41406 19,88571 18,11504
24,00716 19,43747 17,99742
23,80371 19,81576 17,96087
23,60026 19,58688 17,70655
22,78646 19,78081 17,8957
24,41406 19,82848 17,99186
22,37956 19,57258 17,91636
23,19336 19,77286 18,16751
22,98991 19,67908 17,72722
23,80371 19,75219 17,79557
24,41406 19,7967 17,70815
23,80371 19,92067 18,05623
24,41406 19,82529 18,20802
22,58301 19,80782 18,12061
23,80371 19,67748 17,88855
24,21061 20,10028 18,07689
26,2451 20,04784 18,4401
24,21061 19,83802 17,89094
25,43131 20,11141 18,02206
23,39681 19,94928 18,1675
23,19336 20,07644 18,27002
25,63476 19,96677 18,28274
23,60026 19,98743 18,12936
23,80371 20,10664 18,09676
24,00716 19,99379 18,123
23,19336 19,93021 18,30896
26,24511 19,81735 18,14445
23,80371 19,91113 18,23028
23,60026 20,00968 18,15955
23,80371 20,0669 18,18657
24,61751 19,98266 18,33677
23,60026 20,01922 18,28273
24,41406 20,03989 18,08564
22,58301 19,96359 18,36777
26,652 20,20677 18,50843
26,85546 19,92067 18,09359
24,82096 20,20677 18,30102
23,39681 19,87617 18,25333
24,00716 20,38478 18,54023
22,78646 20,11299 18,15479
25,43131 20,28148 18,43294
24,21061 20,31486 18,58791
24,41406 20,21471 18,53783
25,02441 20,18928 18,42022
25,02441 20,13367 18,27876
26,04166 19,96676 18,16273
24,21061 20,26082 18,47346
24,00716 20,33392 18,52274
23,60026 20,28465 18,38764
25,22786 20,44996 18,71824
24,41406 20,19563 18,32485
22,58301 20,1861 18,5148
24,82096 20,22425 18,45677
24,00716 20,31803 18,70076
24,61751 20,49128 18,83268
23,80371 20,47857 18,82712
23,19336 20,18451 18,49571
24,82096 20,41022 18,46552
24,21061 20,43565 18,88196
24,82096 20,55645 19,03216
24,41406 20,52467 18,46712
23,39681 20,41182 18,85732
23,60026 20,48652 18,58236
24,41406 20,32439 18,57281
25,63476 20,50559 18,70791
24,82096 20,56599 18,89865
24,41406 20,61844 18,70552
25,02441 20,55645 18,64433
23,39681 20,58982 18,80646
23,60026 20,60095 18,79374
24,21061 20,73129 19,06474
24,61751 20,44201 18,7103
24,21061 20,8203 19,0417
24,61751 20,82666 18,83427
26,04166 21,02534 19,13388
25,43131 21,01579 19,09495
26,85546 21,10641 19,327
24,61751 21,06985 19,11243
24,61751 20,86798 19,10448
24,82096 20,68838 18,81441
25,43131 21,01263 19,02422
25,63476 20,92838 19,24674
26,44855 21,09845 19,10607
26,24511 21,00309 19,12991
24,41406 20,69315 18,95429
26,04166 20,96971 19,09972
24,21061 21,53397 19,71722
26,44855 21,16998 19,57497
24,41406 21,0158 19,41522
24,82096 21,17952 19,49072
25,63476 21,09528 19,04728
24,82096 20,9856 19,47084
27,0589 21,41794 19,46289
24,00716 21,12389 19,30475
24,61751 21,30032 19,52965
24,61751 21,26535 19,46926
26,44855 21,36071 19,50501
25,43131 21,21131 19,54476
24,82096 21,26217 19,49629
25,22786 21,21289 19,11562
28,2796 21,19382 19,33257
24,00716 20,99992 19,53841
25,63476 21,28124 19,38819
24,82096 21,43542 19,41284
27,0589 21,36071 19,36752
26,85546 21,35436 19,60594
26,44855 21,49423 19,58688
24,61751 21,57053 19,82291
26,24511 21,53238 19,72835
27,66925 21,45608 19,71881
25,02441 21,38932 19,61629
25,63476 21,67225 19,59086
26,24511 21,23833 19,58926
29,9072 21,58801 19,74663
24,82096 21,52761 19,84994
25,43131 21,45767 19,66795
25,02441 21,68815 19,74186
25,02441 21,58483 19,54476
26,652 21,69451 19,80861
26,2451 21,6643 19,55827
26,24511 21,96948 19,931
25,63476 21,77556 20,02398
26,44855 21,71675 19,82133
26,85546 21,85503 19,90715
26,44855 21,92338 20,2767
25,63476 21,87728 19,98822
26,24511 21,98059 20,29021
25,63476 21,62456 19,86345
27,26235 21,6643 19,88411
26,24511 22,00286 20,09471
26,44855 21,98855 19,94927
26,24511 22,09504 20,2616
25,63476 21,91544 20,04385
26,44856 21,7978 20,09152
25,63476 21,88683 20,10266
25,22786 21,72947 19,92068
25,02441 22,12366 20,36413
25,22786 22,01875 20,18292
26,04166 22,00444 20,62162
25,22786 21,74219 19,8547
26,44855 22,22062 20,24492
26,652 22,19518 20,37524
26,44855 21,83278 20,12015
26,04166 22,0728 20,35618
27,26235 21,99332 20,14159
25,43131 22,40976 20,79806
25,43131 22,17293 20,48572
25,43131 22,13319 20,2624
26,04166 22,22061 20,33472
26,44855 22,25876 20,38002
26,04166 22,07915 20,08597
25,43131 22,04577 20,37207
26,24511 22,22378 20,02795
26,04166 22,25875 20,42849
25,22786 22,10458 20,38638
27,8727 22,60844 20,35061
25,22786 21,93451 20,1861
27,26235 22,29372 20,50082
25,83821 22,34936 20,48175
27,66925 22,44155 20,48969
26,44855 22,41453 20,46982
27,0589 22,18246 20,50161
26,24511 21,96788 20,02954
26,85546 22,1459 20,36968
26,44855 22,38591 20,71698
26,85546 22,38908 20,40227
27,66925 22,3144 20,32121
25,43131 22,17611 20,03988
25,43131 22,45584 20,29577
26,44855 22,25399 20,28705
26,24511 22,42246 20,58427
28,48305 22,51147 20,72811
26,652 22,41452 20,58426
27,26235 22,32711 20,29817
26,44855 22,51784 20,43089
27,66925 22,38273 20,44201
26,04166 22,5099 20,70586
26,44855 22,3875 20,44678
25,63476 22,21903 20,25525
27,26235 22,32074 20,65976
26,24511 22,34299 20,55009
25,83821 22,41134 20,43325
27,0589 22,48446 20,6248
25,63476 22,48128 20,61209
27,0589 22,43359 20,58108
27,26235 22,46538 20,58665
26,44855 22,27783 20,40307
25,43131 22,48288 20,73844
25,63476 22,45585 20,66454
29,70375 22,45267 20,56599
26,44855 22,37479 20,46665
26,44855 22,42246 20,58983
28,2796 22,40657 20,69711
25,43131 22,19518 20,40625
25,83821 22,32074 20,3069
28,2796 22,16975 19,95246
26,24511 22,69746 20,92521
29,0934 22,2683 20,66454
27,66925 22,48446 20,4587
25,63476 22,78327 21,12786
26,24511 22,28896 20,27114
25,63476 22,37478 20,2942
26,85546 22,61639 20,71937
26,652 22,62433 20,72334
25,63476 22,52738 20,82269
26,04165 22,52102 20,56598
26,44855 22,66249 20,79248
26,85546 22,54964 20,80679
25,63476 22,40657 20,63591
27,8727 22,66885 20,68362
27,8727 22,84208 20,80599
26,652 22,71175 20,60651
27,4658 23,04235 20,98083
26,44855 22,59572 20,55803
28,6865 22,64659 20,62082
27,0589 22,57825 20,59459
28,2796 22,69905 20,66136
27,0589 22,75944 21,02375
30,3141 22,54008 20,39908
25,63476 22,33981 20,3975
25,63476 22,30962 20,50719
26,652 22,31438 20,44996
26,85546 22,56552 20,59061
28,2796 22,62115 20,67884
26,44855 22,61957 21,0619
27,0589 22,5687 20,36491
28,2796 22,87706 20,98561
27,0589 22,71017 20,79567
27,26235 22,65136 20,74399
26,85546 22,90089 21,18031
25,83821 22,55758 20,90216
29,9072 22,89613 21,11674
26,44855 22,79123 20,60969
26,85546 22,62911 20,86957
26,85546 22,94859 20,69394
27,26235 22,76739 20,72017
26,44855 22,67679 20,61128
28,48305 22,84209 20,91089
26,24511 22,71335 20,99118
26,44855 22,91361 21,07461
26,44855 22,6768 20,7909
26,24511 23,04236 21,406
26,44855 22,93427 20,97607
26,24511 22,82301 21,05235
26,652 22,78328 21,00388
25,63476 22,78327 21,16125
26,652 22,62752 20,75991
26,652 22,72287 21,15806
27,0589 22,74037 20,95381
26,44855 22,89136 21,3496
25,83821 22,5989 20,84653
26,24511 22,64024 20,74084
26,85546 22,88977 21,04998
27,4658 22,74673 20,83382
29,0934 23,03758 21,26693
27,66925 22,89295 21,11674
27,66925 22,9152 21,20494
28,88995 22,84051 21,11913
26,44855 22,74037 20,97686
28,88995 22,74354 20,99753
27,4658 22,72288 20,56678
28,88995 22,80872 20,74401
27,26235 22,63069 20,69473
27,26235 22,7801 21,02455
26,652 23,05189 21,2121
26,85546 22,76102 20,76706
27,26235 23,10594 21,0468
26,652 22,88341 21,12469
28,48305 23,01533 21,17634
26,24511 22,76421 21,00469
27,66925 22,68791 20,94824
27,66925 22,8421 21,12547
27,4658 22,91521 21,35913
27,4658 22,95017 21,30906
28,07615 22,89294 20,97129
26,44855 22,98036 21,20335
26,04166 22,86434 20,89421
26,652 22,92632 21,24627
25,83821 22,54804 21,01581
28,07615 23,07891 21,30985
28,6865 22,9009 20,98878
26,652 22,8564 20,89342
27,05891 23,11866 21,22562
27,26235 22,70381 20,57633
26,04166 22,74832 21,2868
28,48305 22,81188 21,20177
26,24511 22,75308 20,84732
27,4658 22,92474 21,09369
28,07615 22,92156 21,29157
28,2796 22,81507 20,63672
26,85546 22,62433 21,11913
28,6865 23,00898 21,10004
26,04166 22,79599 21,01819
27,4658 23,08686 21,07222
25,83821 22,80871 20,88785
26,44855 22,73083 20,84336
26,85546 22,65453 20,58823
27,26235 22,98991 21,30985
28,07615 22,88342 21,2439
28,48305 22,83414 20,9101
27,8727 22,85798 20,98402
26,652 22,97719 21,10083
26,24511 22,83732 21,20019
26,652 22,97877 21,20813
26,85546 22,99626 21,15646
26,85546 22,75149 21,0492
27,4658 22,7944 20,9856
26,85546 23,13614 21,14852
28,48305 23,05665 21,18508
27,0589 23,10911 21,47595
26,44855 22,94064 21,07064
27,66925 23,18382 21,23912
27,26235 22,98831 21,1533
28,2796 23,12343 21,4688
26,04166 22,66408 21,14455
26,652 22,77374 21,17078
27,26235 22,86275 20,91726
27,66925 23,02169 20,94348
26,652 23,00897 21,05316
28,27961 23,06143 21,19382
26,85546 23,20926 21,46642
26,85546 23,0201 20,95461
27,8727 23,19654 21,29157
28,88995 23,00898 21,35595
28,6865 23,06144 21,63887
26,44855 23,10912 21,40759
28,6865 23,25059 21,468
27,0589 23,12502 21,51171
