0,8138021 0,4196168 0,3075605
0,8138021 0,4466379 0,3266345
0,8138021 0,4275643 0,3115343
0,8138021 0,4482274 0,3329926
0,8138021 0,4529957 0,3504765
1,017253 0,4784272 0,3711392
1,627604 0,4990903 0,38306
0,8138021 0,5102164 0,3981595
1,017253 0,508627 0,4069014
1,017253 0,5229319 0,4204115
0,8138021 0,5420051 0,4363057
1,424154 0,5610783 0,4545842
1,220703 0,5658467 0,4577631
1,424154 0,610351 0,4879623
1,627604 0,6405508 0,5006781
1,220703 0,6961822 0,5340564
1,424154 0,7486341 0,5865099
1,424154 0,7867811 0,6238629
1,831055 0,8344651 0,6596257
2,034505 0,8916864 0,6906205
2,034505 0,9886438 0,7629406
1,831055 1,022022 0,7891659
3,051758 1,115798 0,840027
2,441406 1,184144 0,8869158
2,848307 1,273156 0,9632106
3,255208 1,35263 1,012484
3,662109 1,395545 1,019637
2,848307 1,417797 1,061758
5,289713 1,645087 1,161894
3,66211 1,769065 1,28269
4,475912 1,926422 1,351833
5,900066 2,129874 1,53939
6,103516 2,295175 1,677671
6,510416 2,646449 1,900198
5,696614 2,932547 2,150536
6,510416 3,19163 2,298356
8,138019 3,652574 2,597174
10,78288 3,987948 2,887248
10,37598 4,388491 3,186863
8,95182 4,706383 3,306071
10,37598 4,954339 3,537338
10,98633 5,249977 3,795623
11,59668 5,563102 4,003048
10,37598 5,749069 4,068216
13,22429 6,148021 4,371007
13,83463 6,438893 4,575253
14,44499 6,782214 4,808107
14,03809 7,017454 5,0505
16,07259 7,255873 5,150635
16,47949 7,658008 5,617935
16,68294 7,802646 5,544822
17,49674 8,198418 5,849203
23,19336 8,638698 6,18617
25,22787 9,234747 6,626446
26,85547 10,22975 7,425947
27,26238 11,06103 8,07285
26,24511 11,89073 8,836582
25,43132 13,15912 9,830794
25,83821 14,01266 10,70897
29,29685 15,14117 11,55059
33,36584 16,51446 12,46214
28,48308 17,49039 13,92921
31,33139 18,18816 14,22644
35,80731 19,35324 15,26674
31,12795 21,14614 17,21462
33,7728 22,90567 18,63321
36,62112 23,89114 19,56304
34,99351 25,35503 20,87672
39,87632 26,18155 21,61662
39,46942 27,62636 23,23388
37,63837 28,94879 24,65962
40,07977 30,51759 25,82789
43,13153 31,86226 27,02713
47,81088 33,47398 29,11647
44,96255 34,85362 30,13373
44,55567 36,16175 31,33535
43,74187 36,62428 31,98226
45,16602 37,25529 32,52188
46,38672 38,69852 33,91504
44,55567 39,32001 35,34159
47,40397 40,04795 36,16174
49,84538 40,8872 36,60839
50,45572 41,46737 37,0598
48,62466 42,08882 38,30433
49,64193 42,91376 39,76902
49,43847 42,998 39,57828
50,86262 43,09971 39,42173
50,04882 43,07588 39,73723
52,28676 43,82133 40,52003
51,26953 43,91352 40,52241
51,06606 44,37128 40,95712
52,49022 44,35062 40,92613
52,28677 44,63992 41,33939
50,86261 44,74638 41,99506
50,86262 45,05317 41,80036
51,2695 44,82111 41,63105
53,91435 45,22483 41,94577
53,71091 45,88763 42,51717
52,08333 45,94643 43,13229
54,72816 46,46936 43,09972
52,49022 46,80952 43,68068
55,54196 47,72981 44,75197
53,30402 48,17644 44,9101
54,72818 48,10174 45,5157
55,13506 48,70098 45,6961
54,72816 48,40374 45,76761
55,94887 48,2114 45,60232
54,52471 48,75819 45,88603
56,5592 49,24137 46,19122
56,76267 49,7961 47,10196
54,72816 49,84696 46,93031
54,72817 50,2491 47,44608
57,37303 49,78179 46,89931
55,74543 50,34764 47,37219
56,76266 50,26342 47,21802
54,93162 50,13624 47,26014
55,94886 50,98183 48,11447
55,94887 50,92779 48,59764
55,74542 50,31586 47,60267
60,42475 51,38555 48,54441
56,35579 51,17575 48,37194
60,42475 51,00726 48,40613
57,37303 51,01679 48,40374
57,77991 51,27269 48,7852
56,76266 50,81495 48,38546
56,76268 51,51906 48,76455
57,37302 51,26953 48,71527
56,55922 51,23932 48,21936
56,96612 51,30449 48,74309
57,57648 51,62714 49,3248
56,96611 51,50794 48,67394
59,40751 51,86715 48,89408
59,00062 52,53314 49,47663
57,9834 51,9975 49,54578
58,18681 52,18504 49,52271
59,00062 52,07537 49,45754
57,37301 52,30904 49,68403
59,40751 52,39487 49,39793
59,61095 52,4346 49,93042
59,20408 53,01157 49,98923
58,18679 52,51882 49,87477
61,44203 52,79858 50,16644
57,77991 52,49022 49,8875
57,77992 52,78268 50,04087
57,57646 52,55699 49,96538
59,40752 52,78427 49,95266
57,57647 52,82085 50,23003
61,44201 52,80176 49,81438
57,98336 52,6587 49,932
58,39027 52,83831 50,13863
60,62822 52,79062 50,38578
59,61095 52,60625 50,145
59,8144 52,88919 50,18711
61,84891 53,31516 50,87376
60,83167 53,16415 50,57811
59,00062 53,29292 50,71085
59,81441 53,2341 50,75057
58,18681 53,16892 50,84672
59,61096 53,17209 50,61548
58,59371 52,96707 50,29757
59,20406 53,23725 50,74181
59,61096 53,28495 50,46528
58,79718 53,45821 50,99534
58,59371 53,28813 51,04542
59,61096 53,14668 50,05359
58,59369 53,60604 50,6735
61,44201 53,31514 50,72355
61,23857 53,58538 50,93653
61,03512 53,53131 51,03112
59,00062 53,25634 50,52804
59,40752 53,73955 51,34742
60,42474 53,76178 51,03428
58,39027 53,75859 51,0613
57,77992 53,45026 51,21707
61,44203 53,70934 50,63215
59,40752 53,9557 51,54531
