0,8138021 0,4148485 0,3067658
0,8138021 0,4180275 0,3099447
0,8138021 0,4386906 0,325045
0,8138021 0,419617 0,3107395
0,8138021 0,4100802 0,3051763
0,6103516 0,4259748 0,3147133
0,8138021 0,4212064 0,3115343
0,8138021 0,4418695 0,3242503
0,8138021 0,4418695 0,3234555
1,017253 0,4275642 0,3147132
0,8138021 0,4227958 0,3115343
0,8138021 0,4402801 0,3306083
0,8138021 0,4339222 0,3178923
0,8138021 0,4482274 0,3298135
0,8138021 0,4386906 0,3242503
0,8138021 0,4514063 0,3329926
0,8138021 0,4498168 0,3401452
0,6103516 0,4466379 0,3409399
0,8138021 0,4450485 0,3321978
1,017253 0,4577641 0,3480924
0,8138021 0,4529957 0,3441187
0,8138021 0,443459 0,3457081
0,8138021 0,464122 0,3425295
0,8138021 0,4514063 0,3393505
0,8138021 0,4402801 0,328224
1,017253 0,4657115 0,352066
1,017253 0,4593536 0,3393505
0,8138021 0,4609431 0,3560395
0,8138021 0,4561747 0,3369662
0,8138021 0,4514063 0,3321978
0,8138021 0,4498168 0,348887
0,8138021 0,4418695 0,3345821
0,8138021 0,4529957 0,3536553
1,017253 0,464122 0,3639866
0,8138021 0,443459 0,3353768
0,8138021 0,4355117 0,3393503
0,8138021 0,4402801 0,3385557
1,017253 0,464122 0,3441189
0,8138021 0,4657115 0,3496819
0,8138021 0,4482274 0,3465028
1,017253 0,4768378 0,3663709
1,017253 0,4736588 0,3719338
1,017253 0,4625326 0,3592182
1,017253 0,4577641 0,3552447
1,017253 0,4498168 0,3472975
0,8138021 0,4577642 0,3560395
1,017253 0,4529957 0,3647812
0,8138021 0,4831957 0,3759075
0,8138021 0,4625326 0,376702
0,8138021 0,4545852 0,3616024
1,017253 0,4847851 0,3735234
0,8138021 0,4688904 0,376702
0,8138021 0,464122 0,3703443
0,8138021 0,4657115 0,3544501
0,8138021 0,464122 0,3647813
1,017253 0,4927324 0,3719341
0,8138021 0,4609431 0,3584236
0,8138021 0,4625326 0,3631918
0,8138021 0,4577642 0,3520659
0,8138021 0,4529957 0,3560394
1,017253 0,4816062 0,3719339
0,8138021 0,4752483 0,3774968
0,8138021 0,4800167 0,3806757
1,424154 0,487964 0,3782916
0,8138021 0,4720694 0,3703444
1,220703 0,4752483 0,3870333
1,017253 0,4625326 0,3663707
0,8138021 0,4768378 0,3759074
1,220703 0,4895535 0,3878282
0,8138021 0,4816062 0,3830598
0,8138021 0,4577641 0,3782913
1,017253 0,491143 0,3973647
0,8138021 0,4736588 0,3854439
1,220703 0,4863746 0,3862388
0,8138021 0,467301 0,3711391
0,8138021 0,4784273 0,3830598
0,8138021 0,4625326 0,3838544
0,8138021 0,4784273 0,3822651
0,8138021 0,4768378 0,3774968
0,8138021 0,4784273 0,3894175
1,017253 0,4752483 0,374318
0,8138021 0,4720694 0,3711391
0,8138021 0,4784273 0,3790863
0,8138021 0,491143 0,4076959
0,8138021 0,4800167 0,3830598
0,8138021 0,4879641 0,3806758
0,8138021 0,4704799 0,3830597
1,017253 0,4784272 0,3782915
0,8138021 0,4641221 0,3743179
1,017253 0,4657115 0,3798808
0,8138021 0,4736589 0,3838545
0,8138021 0,4847851 0,3894176
1,017253 0,4863746 0,3846493
0,8138021 0,4609431 0,3663707
1,017253 0,4800167 0,3846492
0,8138021 0,4831957 0,3925964
1,017253 0,4847851 0,3918017
1,220703 0,5006798 0,4061066
1,017253 0,4927325 0,3925965
0,8138021 0,4927325 0,4045171
1,017253 0,4895535 0,3870335
0,8138021 0,4959114 0,4108748
0,8138021 0,4943219 0,3989542
0,8138021 0,5086269 0,4092855
1,017253 0,5102164 0,4108749
1,017253 0,4975009 0,4045172
1,220703 0,4784272 0,3894175
0,8138021 0,5102164 0,4140537
1,017253 0,5086269 0,4180273
1,017253 0,5229319 0,4164379
0,8138021 0,5149847 0,4140538
0,8138021 0,5054481 0,4156432
0,8138021 0,5149847 0,4227956
0,8138021 0,5165741 0,4283585
1,017253 0,5070375 0,418822
0,8138021 0,530879 0,4196168
1,017253 0,5404156 0,4378952
1,017253 0,5261107 0,4307427
1,017253 0,5499523 0,4490212
1,017253 0,5245213 0,4331268
1,017253 0,5149847 0,424385
1,220703 0,5531312 0,43869
0,8138021 0,530879 0,4323322
0,8138021 0,5515416 0,4498158
1,017253 0,5626677 0,4585577
1,017253 0,6024036 0,4871674
1,220703 0,567436 0,463326
1,017253 0,6103511 0,4919359
1,017253 0,5896881 0,4768361
1,220703 0,6278352 0,4974991
1,017253 0,6008142 0,4823992
1,017253 0,6024037 0,4895516
1,220703 0,667572 0,5189563
1,220703 0,6786983 0,5276986
1,220703 0,6914139 0,5515412
1,424154 0,7247924 0,5904839
2,034505 0,7581708 0,5976365
1,424154 0,7883705 0,6453206
2,034505 0,7788336 0,6333997
1,424154 0,8694338 0,708899
1,831055 0,9044022 0,7271779
2,034505 0,9663913 0,7716826
1,627604 0,9711596 0,7883715
1,627604 1,018843 0,8265177
1,831055 1,10626 0,8940678
1,831055 1,118976 0,9123464
2,237956 1,182556 0,9568518
2,237956 1,250903 1,018842
2,644857 1,298588 1,0554
2,848307 1,317662 1,082421
2,644857 1,373292 1,113416
3,051758 1,489322 1,188916
3,66211 1,541773 1,227857
5,696614 1,63555 1,306532
2,848307 1,710255 1,3566
3,66211 1,703897 1,326401
4,069011 1,908938 1,471836
5,289714 2,090137 1,571179
5,289714 2,150535 1,603763
5,900065 2,350807 1,792907
5,696614 2,635321 1,981259
6,306965 2,996125 2,254643
5,900065 3,441175 2,549487
11,59668 3,900527 2,964337
11,80013 4,475908 3,340243
8,951819 5,113283 3,805159
18,31056 5,776088 4,442532
13,83464 6,4071 5,017917
11,59668 6,483396 5,071958
12,20703 6,887116 5,475679
17,90366 7,300375 5,667208
14,03809 7,295606 5,853971
16,0726 7,918677 6,338755
20,14161 8,45432 6,707509
16,68295 8,667308 6,85374
16,68295 8,835789 7,193086
15,46225 9,291966 7,502236
15,86915 9,595555 7,794702
18,92091 9,75927 8,036298
17,08985 10,07716 8,331938
16,8864 10,44591 8,463062
16,0726 10,65573 8,820696
17,7002 11,03719 9,01699
17,7002 11,01811 9,038444
21,36231 11,38528 9,228393
18,10711 11,67616 9,418329
20,34506 11,65231 9,469988
18,31056 11,84305 9,695688
21,97266 11,93047 9,801386
20,95541 11,78106 9,550256
18,71746 12,3024 10,07557
21,15886 11,84463 9,749726
20,54851 12,42478 10,14073
19,73471 12,62665 10,28776
24,00716 12,92865 10,63188
19,12436 12,6934 10,26392
19,32781 12,27697 9,980203
22,37956 13,15912 10,5087
22,78646 13,28469 10,68512
22,17611 13,65185 11,05785
24,82096 13,67887 10,94739
26,652 13,40548 10,76937
24,21061 13,63278 11,02289
20,34506 13,27038 10,80036
23,80371 13,99517 11,28674
23,19336 13,82987 11,27959
25,43131 14,17319 11,37177
23,60026 14,20498 11,44171
21,15886 14,37505 11,47747
25,43131 14,7454 11,78662
20,54851 14,73904 11,92093
21,76921 14,96951 12,11326
22,17611 15,33031 12,2571
25,83821 15,98676 12,93977
24,82096 16,12822 13,24097
26,24511 15,71656 12,8746
23,60026 16,48268 13,41899
22,37956 15,94544 13,08918
29,70375 16,45247 13,69159
26,652 16,58282 13,5533
24,21061 16,53354 13,4627
22,98991 16,79898 13,82749
23,39681 16,16637 13,388
26,24511 16,70679 13,66536
23,60026 16,50652 13,61927
27,0589 17,06124 13,86166
23,60026 17,4443 14,22008
30,11065 17,49993 14,41082
24,00716 16,83076 13,62165
25,43131 17,55079 14,12154
25,83821 17,69384 14,48075
25,02441 17,5953 14,20578
25,83821 17,4745 14,40367
23,39681 17,42364 14,12153
26,44855 17,75424 14,58645
25,83821 17,25197 14,21452
30,11065 17,53967 14,28366
29,29685 17,67954 14,39492
29,9072 17,79556 14,53559
26,85546 17,49039 14,25823
24,82096 17,54126 14,3687
24,00716 18,11028 14,89322
25,83821 17,87345 14,55705
26,04166 17,47767 14,17399
26,85546 17,96723 14,69931
25,63476 18,15955 14,956
27,66925 18,53784 14,94885
27,8727 17,87186 14,39095
26,44855 18,52513 14,9401
27,0589 18,53307 14,70963
26,85546 18,0022 14,54831
26,44855 17,99901 14,28922
26,44855 18,02286 14,67149
30,51755 18,49016 14,91706
27,0589 18,81123 14,76208
26,85546 19,05918 15,39866
28,07615 18,25969 14,75493
27,4658 18,55215 15,00209
27,66925 18,67613 14,81692
26,24511 18,35824 15,11177
27,4658 18,1977 14,45055
24,61751 18,40751 15,0776
26,24511 18,27399 15,02514
25,22786 18,70951 15,04421
26,652 18,6936 15,36449
28,2796 18,44406 14,94329
27,8727 18,69838 14,78116
27,26235 18,34076 14,92262
29,5003 19,04647 15,38515
27,66925 18,83825 15,41377
26,85546 18,80964 15,16581
28,2796 19,27376 15,41694
27,66925 19,47085 15,87868
28,48305 19,22766 15,47972
27,8727 19,66318 15,87153
27,26235 19,3278 15,43204
27,66925 18,70473 15,04898
31,1279 19,92702 16,102
27,66925 19,4327 15,60927
30,51755 19,57735 15,8008
27,66925 19,22926 15,48926
27,66925 19,86821 15,92875
27,8727 18,87798 15,347
28,2796 19,47562 15,80795
29,0934 19,18157 15,47893
27,0589 18,53785 14,50937
27,0589 19,23562 15,40741
30,11065 19,25628 15,52026
27,0589 19,12753 15,51707
26,24511 19,53443 15,92
26,44855 19,68543 16,12107
31,1279 19,598 15,57985
29,9072 19,45337 15,73245
28,6865 19,30873 15,48608
30,92445 19,56145 15,76742
27,26235 19,33257 15,4678
30,51755 18,97654 15,23972
31,33135 19,358 15,75311
27,26235 19,42793 15,87152
28,2796 19,34528 15,87867
26,04166 19,14183 15,4082
28,2796 19,38184 15,89854
27,66925 19,11163 15,55999
28,6865 19,63774 15,8294
27,66925 18,99561 15,31521
27,4658 19,24515 15,73165
28,88995 19,54237 15,75867
27,8727 19,60913 15,6792
30,51755 19,84756 16,02094
29,0934 19,39933 15,44873
26,652 18,93521 15,44237
27,4658 19,57575 15,78887
28,48305 19,76013 15,85166
27,0589 19,66476 15,62834
27,8727 19,25945 15,53615
27,66925 19,97629 16,16636
29,70375 19,33256 15,35256
26,85546 18,83189 15,62357
26,652 19,13548 15,65298
26,652 19,08778 15,45747
28,6865 19,46767 15,62516
27,0589 19,19747 15,46462
30,51755 19,96676 16,04478
29,29685 19,21654 15,69748
26,652 19,07031 15,34622
28,07615 19,26422 15,53138
28,48305 19,60437 15,99948
27,26235 19,48199 15,82225
28,48305 19,89365 16,31736
30,51755 19,54239 15,85404
29,9072 20,09392 16,39684
27,8727 19,59642 15,93272
27,66925 19,31031 15,60926
28,2796 19,84755 16,10995
28,6865 19,49787 15,7698
26,85546 19,81259 16,09643
26,04166 19,39774 15,61483
26,85546 18,97017 15,56794
28,88995 19,9604 16,28796
31,1279 20,04306 16,10756
28,2796 19,59324 16,14491
27,4658 19,50582 16,1608
27,4658 19,4184 15,88106
27,8727 19,52808 15,93669
28,48305 19,27376 15,82304
30,11065 19,63456 15,77854
30,721 19,40569 15,60212
30,11065 19,83961 16,1616
26,652 19,45337 16,10199
27,8727 19,39615 15,83099
30,11065 19,44065 15,76026
29,29685 19,89206 16,342
27,66925 19,95722 15,94305
27,66925 19,83325 16,08292
27,26235 19,94451 16,17193
27,26235 19,17522 15,70384
27,8727 19,77761 16,10676
29,5003 19,75377 16,16478
28,07615 19,62026 15,91047
28,07615 20,01126 16,26411
29,0934 19,63297 16,20929
25,22786 19,6743 15,88106
28,6865 19,44542 15,87788
27,26235 19,89046 16,08531
26,85546 19,60118 16,18942
27,4658 20,45472 16,70122
28,88995 19,65682 15,67284
27,66925 19,83007 16,18782
27,66925 19,27058 15,68476
25,83821 19,39296 16,00424
30,11065 19,57417 15,8604
28,07615 20,05418 16,03127
27,8727 20,08914 16,22041
28,07615 19,55191 15,91364
29,9072 19,29602 15,76662
26,04166 20,0812 16,26571
28,2796 19,76013 15,76503
31,1279 19,72357 15,9518
26,04166 19,34529 15,87391
27,26235 19,51536 15,85484
27,26235 19,52012 15,86357
30,3141 19,52012 15,59893
28,48305 19,80305 16,16557
28,07615 19,63139 15,99471
28,2796 20,0955 16,74255
26,24511 19,9477 16,24744
29,0934 19,96994 16,34279
29,29685 19,51218 15,6641
30,51755 19,45337 15,76265
27,26235 20,09551 16,23472
28,2796 19,93975 16,2824
27,8727 19,71245 15,99471
29,5003 19,59006 15,95975
28,88995 20,34187 16,46598
28,07615 19,78239 16,20054
27,66925 20,02239 16,01458
27,4658 20,13683 16,08769
27,66925 20,24969 16,11154
25,43131 19,21019 15,28899
31,1279 19,86981 15,85563
27,66925 20,15432 16,07656
27,4658 20,24492 16,29511
28,6865 19,86186 16,20134
28,48305 19,84278 15,9963
28,6865 19,7045 16,10835
28,88995 19,80305 15,88663
28,48305 19,37549 15,69827
27,8727 20,0065 16,24823
28,88995 19,55191 15,96213
30,3141 19,78079 16,07339
28,07615 20,19883 16,69567
27,4658 20,24492 16,51049
27,0589 20,02239 16,47234
26,44855 19,71086 16,04874
30,92445 20,42453 16,33406
30,51755 19,70609 16,02808
30,3141 20,24174 16,39604
27,66925 20,05736 16,222
28,2796 20,25763 16,29273
28,07615 19,78874 16,34438
27,8727 20,09232 16,25617
26,04166 19,6139 16,43579
27,4658 20,13366 16,22836
27,4658 20,15114 16,253
30,721 20,36889 16,52399
30,51755 20,15113 16,31497
27,26235 19,91272 16,05988
26,44855 19,79669 15,95895
30,51755 19,89524 16,08134
29,70375 20,10504 16,70598
29,29685 20,76785 16,8069
29,0934 19,52966 15,73006
27,8727 19,81735 15,96212
28,07615 20,16862 16,35472
27,66925 19,95723 16,19419
29,29685 20,01286 16,11789
29,70375 20,45631 16,79579
29,29685 19,87776 16,09246
29,70375 20,51671 16,71235
30,51755 20,51353 16,98573
27,26235 19,69178 15,95974
30,3141 20,26875 16,42227
31,1279 20,93792 16,96427
29,29685 20,78374 16,83473
27,66925 20,05737 16,43419
27,8727 20,2624 16,38095
30,11065 20,44837 17,00242
29,5003 19,63773 15,84847
26,652 20,45154 16,14093
28,2796 19,79034 16,06703
29,29685 20,31008 16,28399
30,92445 20,02397 16,51207
28,6865 19,88888 16,04954
28,07615 20,06054 16,2816
30,721 19,87298 15,85642
29,29685 20,02398 16,41035
27,4658 19,91908 16,35472
30,3141 20,1273 16,42625
27,8727 20,27988 16,23233
30,51755 19,92226 16,26015
27,66925 20,3832 16,66467
28,88995 20,38002 16,26968
30,3141 20,05577 16,4175
27,0589 19,62025 15,50834
30,3141 20,30372 16,41034
29,70375 20,23697 16,63764
28,88995 20,64228 16,84109
27,8727 20,62957 16,74653
30,11065 20,05577 16,2673
28,6865 19,85868 16,21088
27,66925 20,55486 16,92216
27,8727 20,11776 16,40956
29,0934 20,15432 16,72029
30,3141 19,60754 15,54727
29,9072 20,34346 16,80692
27,4658 19,86344 16,42306
28,6865 20,67566 16,60109
30,92445 20,69156 17,04773
28,07615 19,76014 16,29512
28,88995 20,44042 16,80454
29,70375 19,96041 16,16796
28,2796 20,49605 16,7497
28,48305 20,3991 16,66069
28,2796 19,79191 16,02888
27,66925 20,16862 16,27366
27,66925 20,14478 16,64082
28,48305 20,35141 16,6138
29,70375 20,12253 16,38174
30,3141 19,98901 16,32372
28,48305 20,94428 17,05091
28,2796 20,17816 16,49777
28,48305 20,74877 17,05806
26,652 19,9461 16,41988
30,51755 20,85526 17,02785
29,9072 20,64545 16,5836
30,51755 20,89023 16,70837
30,3141 20,60572 16,61936
27,8727 20,5342 16,82997
27,8727 21,01421 17,13117
29,9072 21,23038 17,37991
29,29685 20,41339 16,95076
28,48305 20,51513 17,01276
28,88995 21,06507 17,28375
30,11065 21,01262 17,13116
30,92445 21,04441 17,18998
30,92445 21,26058 17,11925
27,8727 21,1366 17,07713
29,5003 20,47061 16,52003
30,3141 21,03805 16,95712
29,9072 21,12547 17,18283
28,07615 20,93316 17,00719
29,70375 20,71699 16,93805
30,3141 21,20177 17,25674
32,14515 21,01104 16,98256
29,70375 20,87593 17,15342
30,92445 20,49923 16,87765
30,3141 21,10481 17,24958
29,0934 20,71857 17,06202
31,33135 21,33529 17,44668
30,51755 21,09368 17,06838
28,07615 20,72334 16,97301
31,33135 21,13183 17,35608
27,8727 21,46244 17,83609
30,11065 20,63434 16,93806
27,4658 20,48333 16,64559
29,0934 20,90771 16,78149
30,11065 21,15091 17,25992
30,3141 20,38637 17,23767
29,5003 21,13978 17,48245
29,5003 20,30372 16,74652
30,92445 21,05236 17,2321
29,9072 21,21766 17,49277
29,9072 20,98401 17,00877
28,48305 20,68996 16,946
30,11065 20,92361 17,24163
29,29685 20,79168 16,78864
30,11065 21,37661 17,78524
28,2796 20,28624 16,79818
30,51755 20,75195 17,00004
30,11065 21,08575 17,04534
29,70375 21,02851 17,04614
31,5348 20,40068 16,61302
29,70375 21,54191 17,52615
30,721 20,37049 16,65831
27,8727 20,99515 17,20349
29,70375 20,52148 16,81884
30,11065 21,60232 17,86788
30,92445 21,36548 17,79319
29,0934 21,01262 17,66681
29,29685 21,25422 17,78285
28,07615 20,97448 17,36482
27,8727 20,9395 17,12481
28,6865 21,40522 17,70496
31,5348 20,7901 17,08904
30,51755 21,04123 17,32747
30,721 21,25263 17,65092
30,3141 21,05554 17,53807
29,70375 21,45925 17,43714
31,33135 20,94427 17,48721
28,6865 20,94746 17,3688
30,11065 21,48469 17,4888
29,5003 21,3623 17,46257
28,88995 21,03646 17,25673
30,11065 20,84414 17,14071
30,721 21,64999 17,78682
29,5003 21,47515 17,47449
29,29685 20,45154 16,86175
30,92445 21,35277 17,32429
30,11065 21,19223 17,3823
30,11065 21,50218 17,94736
29,29685 21,26376 17,70894
30,721 21,50059 17,58496
27,66925 20,88865 17,30124
30,3141 21,43224 17,60801
30,3141 20,9999 17,32906
30,11065 21,92339 17,89887
29,29685 21,05395 17,50311
29,9072 21,499 17,41569
29,5003 21,48945 17,69701
29,70375 21,43224 17,54284
31,1279 21,51012 17,72722
30,11065 21,56734 17,64854
30,92445 21,64046 17,91159
28,07615 21,19222 17,50548
28,07615 21,39886 17,78126
30,51755 21,76602 17,54364
30,3141 21,64522 17,63105
29,70375 21,36866 17,58576
29,70375 21,21926 17,43635
28,48305 21,21608 17,44112
27,8727 20,59142 17,22971
29,29685 21,34164 17,44031
30,3141 21,6786 17,86471
28,6865 20,78215 17,21859
31,1279 22,25398 18,31451
29,70375 20,99196 17,50389
30,11065 21,88364 17,91159
30,92445 20,86162 17,60005
30,721 21,57052 17,80431
30,11065 21,15249 17,56986
28,6865 21,09051 17,58654
29,70375 21,41952 17,94179
30,11065 20,95699 17,09938
31,73825 21,43701 17,33383
28,88995 21,45608 17,67397
29,9072 20,95064 17,519
30,721 21,3639 17,73358
28,6865 21,70245 17,91319
30,92445 22,09982 17,89332
28,48305 20,69155 17,01197
29,9072 20,90454 17,27184
29,29685 21,3623 17,75981
30,11065 21,89477 17,76933
30,3141 20,49128 17,04613
30,92445 21,00627 17,41012
28,07615 21,08256 17,38628
30,3141 21,61185 17,67397
29,9072 21,28919 17,74788
31,1279 21,08574 17,13276
30,51755 21,03487 17,41249
29,9072 21,40999 17,53965
30,51755 21,87251 18,06259
29,5003 21,46085 17,57939
30,11065 21,16839 17,11766
30,11065 21,67542 17,78841
28,48305 21,15408 17,75185
28,2796 21,04282 17,59847
29,5003 21,52442 17,90285
29,29685 21,6039 17,97597
28,6865 21,84708 17,51978
30,11065 21,588 17,93226
29,5003 21,51965 18,03318
29,0934 21,85981 18,27082
29,70375 21,65953 17,81861
29,5003 21,80735 18,11424
30,721 21,23674 17,62787
30,92445 21,87411 18,01968
29,29685 21,8153 17,9116
31,1279 21,74377 18,02206
29,5003 21,18905 17,60086
28,2796 21,45131 17,88774
30,51755 21,72947 17,89014
30,11065 21,15408 17,46654
29,0934 20,89341 17,36005
29,0934 21,26376 17,41807
29,70375 21,70086 17,80908
28,48305 21,49105 17,71848
29,9072 21,54986 17,80748
31,1279 22,34618 18,32644
29,5003 20,91408 17,3831
29,9072 21,9059 18,30498
28,88995 21,07621 17,53012
30,92445 21,78509 17,97516
30,3141 21,29873 17,52932
28,6865 21,6055 18,07293
31,33135 21,94564 18,04273
30,51755 21,11912 17,51105
28,88995 21,03647 17,306
30,51755 21,73105 18,12458
30,11065 21,55145 17,87901
30,3141 21,84391 18,45519
30,3141 21,96947 17,94577
29,9072 21,27647 17,37197
27,8727 20,89977 16,95315
28,6865 21,47833 17,79238
29,9072 21,36231 17,46099
30,3141 21,68336 17,53886
29,9072 21,07938 17,24641
29,9072 21,7088 18,09995
28,48305 21,78034 18,0467
28,48305 21,59436 17,9712
28,6865 21,51808 17,81623
30,11065 21,76126 18,08962
30,721 22,15385 17,99186
29,5003 21,02694 17,27263
29,9072 22,281 18,40274
31,1279 22,47015 18,44644
28,6865 21,50853 17,80112
29,5003 21,85345 17,82178
30,3141 22,05213 18,2724
27,8727 21,85504 18,12697
27,66925 21,12864 17,34495
29,70375 21,11434 17,39741
30,11065 21,83119 17,85994
30,721 21,18428 17,61039
28,2796 21,36866 17,74708
28,6865 21,8757 17,94815
31,9417 21,41157 17,4729
28,07615 21,73742 18,07929
30,3141 21,76285 17,95213
29,5003 21,9504 18,05782
30,92445 21,68814 17,43397
30,11065 22,17134 17,91001
30,51755 21,64364 17,92828
30,11065 21,99809 18,2136
30,92445 22,23969 18,38446
30,11065 21,39727 17,48958
30,3141 21,41316 17,43078
30,92445 21,80417 17,63264
30,721 21,78987 17,87265
29,29685 21,77397 17,86072
30,721 21,71039 17,83847
29,9072 22,0712 18,26286
30,721 21,9361 17,91557
28,6865 21,3639 17,63184
28,88995 21,499 17,96166
29,0934 20,90772 17,3227
30,721 22,00126 17,93624
30,11065 21,76125 18,04431
30,3141 22,06326 18,01411
31,1279 21,80417 17,66681
28,6865 21,739 17,45304
28,6865 21,97265 17,99504
29,5003 22,43042 18,44962
30,51755 22,1459 18,1667
30,3141 21,61185 17,49119
28,2796 21,40045 17,5333
30,3141 22,09663 18,27637
31,1279 21,50853 17,80351
28,48305 21,87252 18,04511
29,5003 21,18745 17,36005
28,88995 21,93768 18,0308
29,29685 22,41928 18,38605
29,5003 21,71992 17,91079
30,3141 22,09663 17,8043
29,0934 22,07756 18,10074
31,1279 21,86139 17,7884
31,33135 22,55598 18,24856
31,1279 22,02828 18,10392
31,1279 22,33505 18,32723
30,721 22,06484 18,15001
30,51755 21,51171 17,59768
30,3141 22,15544 18,17306
29,70375 21,47833 17,52853
30,92445 22,43519 18,38922
28,88995 21,57053 17,80192
29,70375 22,38432 18,4981
29,0934 21,71835 17,89808
30,51755 22,22061 17,93304
30,3141 21,78192 18,09994
29,70375 22,1459 18,08722
29,9072 21,70562 17,88616
31,33135 22,33346 18,45996
30,3141 22,09822 18,2565
30,721 22,21266 17,90921
30,92445 22,30803 18,08961
29,5003 22,08073 18,30181
29,5003 21,49741 17,6994
28,48305 21,36547 17,52852
30,51755 21,54031 17,71926
31,1279 22,21743 18,1802
30,721 21,53237 17,70814
29,9072 21,55145 17,68748
28,2796 21,96312 17,94338
29,70375 21,9202 18,25969
29,29685 21,60708 17,8504
30,11065 22,95335 18,86129
28,2796 22,13955 18,33518
29,5003 21,89636 17,80589
29,0934 21,74855 17,91318
29,9072 21,39885 17,50628
30,92445 21,98695 17,71768
30,721 21,73105 18,18895
30,721 22,90407 19,056
30,11065 21,50377 17,71291
30,3141 21,89 18,23902
30,3141 23,09163 18,97652
30,3141 21,82802 18,25651
29,70375 22,01557 17,99822
28,48305 21,98377 17,85675
30,3141 22,30961 18,36618
31,1279 22,24604 18,21757
30,3141 22,50671 18,27717
29,70375 21,69609 17,87584
29,5003 22,38115 18,58314
30,92445 22,60049 18,38286
30,3141 22,25558 18,26127
29,5003 22,01398 18,1659
28,6865 21,98696 18,212
29,9072 21,92973 18,05067
30,3141 22,37002 18,47903
30,51755 22,79282 18,78897
29,5003 22,10935 18,44089
30,51755 21,95834 17,97437
30,11065 23,0964 18,77466
30,3141 22,21425 18,4059
31,9417 21,68972 17,72721
30,3141 22,05531 18,08564
30,92445 22,00603 18,41386
30,721 21,96947 18,11346
29,29685 22,50989 18,41704
28,6865 21,91861 18,0006
29,9072 22,67043 18,77387
30,11065 22,6736 18,44565
30,11065 22,26988 18,46711
30,3141 22,0855 18,20883
30,51755 22,51307 18,40036
30,3141 22,56871 18,72778
29,29685 21,88523 18,05067
29,0934 22,5242 18,56089
29,9072 21,73901 17,89013
29,70375 23,35071 19,00752
29,0934 22,36843 18,26366
28,6865 21,53555 17,76059
29,70375 22,45584 18,40751
30,51755 21,95041 17,96802
30,51755 22,36843 18,75718
29,0934 22,30644 18,16273
30,721 22,19996 18,38446
29,9072 22,27783 18,10789
30,721 21,9345 17,99742
29,9072 22,09822 18,07531
29,9072 21,57529 17,81782
28,88995 22,48923 18,36697
29,70375 21,68019 18,04113
29,5003 22,41294 18,52592
30,51755 22,6736 18,59187
30,721 22,61002 18,41545
29,5003 21,91066 17,86549
30,721 22,23173 18,24299
29,9072 22,08392 18,25731
29,70375 22,75784 18,6793
30,92445 22,37002 18,45678
30,3141 22,42088 18,42101
30,11065 22,65294 18,66022
29,5003 21,55622 17,87107
30,51755 22,06961 18,18657
30,721 22,15862 18,0006
30,51755 22,57983 18,41546
30,11065 22,19835 18,34154
30,92445 22,09822 18,05941
29,9072 21,81371 17,79397
31,1279 22,8103 18,72301
28,07615 21,7088 18,13331
28,2796 22,23014 18,26763
30,3141 22,06802 18,2565
30,11065 22,44472 18,48141
30,11065 22,02352 18,12537
29,0934 22,15226 18,33042
30,11065 21,83278 17,87345
30,11065 21,82007 17,88695
31,33135 21,57529 17,92589
29,0934 21,68497 17,90921
28,88995 21,40521 17,5484
31,1279 22,07756 18,09597
30,11065 22,06485 18,23903
29,0934 22,06325 18,21518
29,5003 21,61662 17,82894
31,1279 21,58165 17,92352
29,5003 22,36843 18,48459
29,5003 21,91702 18,10789
29,9072 22,23968 18,12299
30,92445 22,52897 18,43929
29,29685 21,99013 17,89331
30,51755 21,87251 18,02365
27,66925 21,67543 17,56668
30,51755 23,02806 18,76592
29,29685 22,29213 18,32405
28,07615 22,06167 18,10392
30,11065 22,37002 18,68645
28,6865 22,07597 18,17941
28,2796 22,45585 18,41228
29,70375 22,80235 18,82315
28,48305 22,06644 18,10551
30,11065 22,59889 18,48856
30,3141 22,27942 18,26525
30,92445 22,56235 18,56406
29,70375 22,06486 18,15796
30,3141 22,1475 18,1675
29,9072 22,11889 18,45837
28,88995 21,55622 17,82815
30,92445 22,26352 18,18815
30,51755 22,192 18,31372
30,51755 21,82801 18,08962
29,0934 22,01081 17,96643
31,5348 22,13637 18,30022
30,11065 22,09663 18,14127
29,70375 22,13637 17,85198
29,0934 21,98219 18,18497
29,5003 22,32869 18,24935
30,11065 21,97266 18,30419
30,3141 22,14113 18,42261
30,51755 22,40975 18,42578
30,92445 22,80871 18,85732
30,51755 21,86934 17,79477
28,48305 22,0108 18,3161
29,29685 22,32233 18,42578
30,3141 22,30008 18,18339
29,5003 22,45267 18,38446
28,88995 22,33663 18,44406
29,29685 22,45267 18,62526
29,9072 23,20131 19,18077
29,5003 22,16339 18,2573
29,0934 22,42406 18,6936
29,9072 21,72629 18,05861
31,33135 22,48922 18,64353
31,33135 22,53691 18,4377
30,51755 22,62115 18,6348
30,3141 22,02987 18,14285
31,73825 22,44473 18,26763
28,2796 21,63251 17,92828
29,9072 23,07573 18,99798
29,70375 22,13161 18,53704
28,88995 22,52578 18,71745
30,11065 22,64659 18,85254
31,1279 21,91862 17,99026
30,721 22,81984 18,67135
30,3141 21,99649 18,32644
30,11065 21,82483 17,76616
29,70375 21,93451 18,30101
29,70375 22,53532 18,65705
30,3141 22,80871 18,94713
31,33135 22,28895 18,39956
28,2796 22,63068 18,73016
29,70375 22,18882 18,20565
30,721 22,25558 18,20484
30,721 22,21902 18,43691
30,3141 22,49081 18,55373
30,3141 22,80076 18,47267
29,29685 22,37955 18,47584
28,48305 21,46562 17,84245
30,3141 22,03941 18,17227
29,5003 22,67837 18,55532
29,70375 21,89001 18,25651
29,70375 22,47968 18,66023
28,6865 22,26034 18,3161
29,9072 22,50035 18,35983
30,3141 22,25399 18,09995
30,3141 22,45267 18,61254
30,11065 22,19835 18,01649
29,70375 22,974 18,70393
29,70375 22,59413 18,59506
29,70375 22,13955 18,44485
30,721 22,23333 18,24379
31,1279 22,30644 18,23505
30,92445 22,79599 18,41227
29,70375 22,51148 18,40115
30,92445 22,14591 18,45996
31,33135 22,30485 18,40036
30,3141 22,22856 18,34313
31,33135 22,3732 18,21677
29,9072 22,03783 18,16987
30,11065 22,4781 18,36618
27,4658 21,65 17,90682
29,5003 22,93586 19,11322
29,0934 22,07437 18,07689
29,5003 22,14431 18,37809
29,5003 22,51307 18,35267
30,721 22,53691 18,74447
29,70375 22,35095 18,82076
30,3141 22,47651 18,27319
30,51755 22,4638 18,81599
30,51755 22,71494 19,0568
30,51755 21,88364 18,06498
31,1279 22,59095 18,74049
29,9072 21,93769 18,06815
29,0934 22,38432 18,54499
30,721 22,57983 18,8295
29,70375 22,37002 18,51003
29,9072 22,49876 18,55293
30,51755 21,79146 17,98073
30,51755 22,74354 18,88354
30,51755 22,25717 18,25889
29,9072 22,38114 18,3781
29,70375 22,23491 18,29862
29,29685 22,27783 18,16035
29,9072 22,92156 18,77229
30,51755 22,74354 18,80964
30,11065 22,93268 18,79057
29,0934 22,26035 18,54657
30,11065 22,20471 18,46155
31,1279 22,42407 18,66262
30,51755 22,47492 18,72937
29,70375 22,17293 18,2128
29,9072 22,43042 18,76911
30,51755 22,22538 18,62605
31,1279 21,9345 17,88696
29,9072 22,68791 18,76909
30,11065 22,21425 18,42022
29,70375 22,65612 18,92567
30,92445 22,53373 18,53942
29,29685 22,11571 18,1826
28,48305 22,35095 18,22233
30,3141 22,31598 18,3487
30,11065 22,46538 18,62366
30,3141 22,56076 18,62684
30,3141 22,01239 18,28194
28,6865 22,48922 18,72857
30,92445 22,20632 18,45837
30,721 22,15226 18,31769
29,70375 22,8087 18,55532
30,11065 22,3716 18,22709
30,721 22,10776 18,30499
29,0934 22,52896 18,71506
30,51755 23,22832 19,15534
29,5003 22,51625 18,3932
29,9072 22,01716 18,1055
30,11065 22,26512 18,16033
29,5003 22,21107 18,29307
28,2796 22,11411 18,38286
29,9072 22,30326 18,21279
30,3141 22,35095 18,51161
30,11065 23,18382 19,17601
30,11065 22,37955 18,42658
29,70375 22,47016 18,94871
30,3141 22,4638 18,61493
30,51755 22,39227 18,8295
29,70375 22,68155 19,11084
29,29685 22,39385 18,82711
30,51755 23,13455 18,86843
30,11065 22,53214 18,71427
30,11065 23,12024 19,05203
30,3141 22,28896 18,59426
29,70375 21,82801 18,05941
30,3141 22,28736 18,59586
30,721 22,29531 18,47982
31,1279 22,94699 19,0568
29,9072 22,65136 18,97097
29,0934 23,15044 19,31269
29,70375 22,86117 18,94474
29,9072 22,90248 18,94872
29,5003 22,89295 18,81282
30,3141 22,99785 19,0862
30,51755 22,4765 18,65625
30,721 22,57187 18,63559
29,0934 22,2222 18,41148
29,29685 22,76261 18,94872
30,721 22,85639 18,51957
31,1279 22,91997 19,10288
30,3141 23,05189 19,12196
28,88995 21,81689 17,73119
29,70375 22,05849 18,43213
28,6865 22,88341 18,81281
29,5003 22,76579 18,68487
30,3141 23,02965 19,24356
29,9072 22,28419 18,38048
28,88995 22,60049 18,90977
30,3141 22,47492 18,55691
29,9072 22,68155 18,77228
29,29685 22,64818 18,86448
29,70375 22,57506 18,83746
30,51755 23,26329 19,25547
30,92445 21,96311 17,96881
31,1279 22,88182 19,01945
31,1279 22,29849 18,58791
30,3141 22,99627 18,98924
29,70375 23,05984 19,08461
29,0934 22,96449 19,05998
29,5003 23,00898 18,91692
29,9072 22,32551 18,44803
29,70375 22,03782 18,24062
30,51755 22,63705 18,4687
30,51755 22,90726 18,98527
30,721 23,16475 19,09414
30,11065 23,15362 19,09732
29,5003 22,80235 18,99243
30,721 23,22197 19,43985
29,9072 22,57346 18,67453
30,3141 22,47015 18,45677
30,721 23,04236 19,02342
29,29685 22,81506 18,81281
29,70375 22,56075 18,71028
29,5003 22,71969 18,75798
29,9072 22,30009 18,50208
29,70375 22,96448 19,00037
30,92445 22,93904 19,20542
29,70375 22,4479 18,53307
29,5003 23,09482 19,09335
30,11065 22,98672 18,88592
29,0934 22,18088 18,09199
30,11065 22,73083 19,0266
30,51755 22,87228 18,89546
30,3141 22,6752 18,936
29,70375 22,92315 19,27295
29,9072 23,36978 19,39614
29,29685 22,3573 18,35902
30,11065 22,42248 18,89705
31,1279 23,02646 18,905
29,70375 22,2667 18,08644
30,51755 23,04713 19,36675
29,0934 22,76738 18,82394
30,51755 22,6879 18,87719
31,73825 22,68473 18,73333
29,70375 23,01216 19,2078
30,51755 22,02512 17,99028
30,11065 23,02328 19,16566
30,92445 22,18881 18,1055
30,3141 23,69244 19,5686
30,51755 23,13614 19,25627
30,11065 23,03282 19,2372
30,51755 23,03442 19,00277
31,33135 23,11547 19,04408
30,11065 22,82302 19,08541
30,92445 22,75466 18,77785
30,92445 22,60208 18,83268
30,721 22,95018 18,8764
28,6865 22,43201 18,87719
29,70375 22,44313 18,72777
30,721 23,2776 19,01388
30,721 22,54326 18,4981
30,3141 22,3271 18,46233
29,70375 22,74512 18,69201
29,0934 22,36684 18,34631
30,3141 23,16157 19,21972
30,3141 22,60367 18,82474
30,51755 23,00421 19,025
30,51755 22,99467 18,99639
30,92445 23,14091 19,36992
29,70375 22,45267 18,66897
29,5003 22,1761 18,25333
30,721 22,51942 18,62287
29,70375 23,01057 19,14104
30,3141 23,53191 19,07427
30,92445 22,16021 18,29783
31,1279 23,26965 19,15057
30,721 22,51466 18,43452
30,51755 22,98513 19,12196
29,70375 22,76261 18,9678
28,07615 22,64658 18,52035
30,92445 22,72764 18,87082
29,9072 22,2667 18,7087
30,11065 22,75466 18,67135
29,9072 23,16792 19,2825
29,70375 23,00262 19,11799
29,9072 22,97242 19,29441
29,70375 23,02328 19,1458
30,11065 22,42088 18,74606
30,51755 22,77533 18,85731
29,9072 22,58618 18,73414
28,07615 22,35571 18,52036
31,1279 22,82142 18,75002
29,29685 22,52578 18,6038
28,88995 22,17134 18,27161
30,3141 22,41294 18,62924
30,92445 22,8246 19,10051
30,721 22,47015 18,67454
30,51755 22,66725 18,78182
30,11065 23,38408 19,31747
28,48305 22,46857 18,93043
29,70375 22,43836 18,48539
29,70375 23,10434 19,00196
30,3141 23,49217 19,22687
29,0934 22,93586 19,07507
31,1279 23,60502 19,41998
29,70375 23,03441 19,1005
31,5348 23,00739 18,99878
29,9072 23,04236 19,15296
30,721 23,2315 19,33256
30,11065 22,57823 18,62208
30,11065 22,93269 18,99799
30,3141 22,64818 18,5879
29,9072 22,92791 19,12037
30,3141 23,31734 19,44542
30,3141 23,40476 19,04885
31,1279 23,06461 19,24117
29,5003 22,72923 19,03931
30,721 23,15044 19,54396
30,3141 22,51307 18,61413
30,51755 23,15045 19,238
30,3141 23,30144 19,1466
28,88995 23,03918 18,96539
29,9072 22,56552 18,84778
28,6865 22,80553 18,57281
30,721 23,18699 19,19031
29,5003 23,62569 19,68542
30,721 23,58118 19,75297
30,51755 23,43495 19,6894
30,11065 22,96606 18,85653
29,29685 22,70857 18,92169
29,70375 22,82301 18,96064
29,5003 22,80871 19,13389
29,0934 22,66724 18,76195
30,92445 23,34276 19,49549
29,5003 23,39522 19,52251
29,29685 23,08368 18,96063
30,92445 23,22355 19,09018
29,9072 22,69585 19,06475
29,5003 22,2826 18,69838
30,51755 23,39204 19,52648
30,721 22,78963 18,65387
29,5003 22,54486 18,61731
28,2796 22,96606 19,03772
30,51755 23,45084 19,57177
29,70375 22,89772 19,16647
28,6865 23,04077 19,20541
29,29685 23,16634 19,22925
29,9072 22,5385 18,41704
30,92445 23,43178 19,52092
29,9072 22,21107 18,47745
29,70375 22,95176 18,93043
30,11065 23,22356 19,15376
30,11065 22,43995 18,84779
30,51755 23,22197 19,20382
30,721 23,43336 19,46449
30,51755 23,20449 18,95348
30,721 22,91997 18,99481
29,5003 22,95017 19,15931
30,51755 23,27124 19,57576
30,3141 23,56211 19,76648
30,51755 23,0964 19,16012
29,9072 23,04713 19,16568
30,92445 23,26965 19,35324
29,0934 23,48422 19,23164
29,5003 22,93746 19,15137
29,70375 22,32551 18,50208
29,9072 23,53667 19,29044
30,721 22,82461 18,80407
29,9072 22,51783 18,44883
29,70375 23,05826 19,05124
30,11065 23,02488 19,00753
30,92445 23,20766 19,29363
29,9072 23,0662 19,39218
30,721 23,4588 19,37707
30,11065 22,37161 18,84063
30,92445 22,76103 19,06394
31,1279 23,19812 18,95269
31,33135 23,16952 19,52171
30,3141 22,87388 19,1013
29,9072 23,02646 19,18237
30,51755 23,15362 19,38185
29,9072 22,87547 18,95746
30,3141 23,67655 19,80941
30,3141 23,4127 19,32621
30,11065 22,76897 18,72222
30,92445 22,96288 19,01069
29,70375 22,78964 18,9956
30,11065 23,05984 19,00912
30,92445 22,74831 19,21017
30,11065 22,87229 18,88911
30,51755 22,92951 19,04805
29,70375 22,62115 18,68725
30,3141 22,9454 18,95428
30,721 22,79599 18,70235
30,11065 23,25534 19,10131
30,3141 23,12819 19,25469
30,3141 23,09006 19,02263
29,0934 22,63864 18,84301
30,11065 23,1568 19,16409
29,70375 22,46062 18,69758
30,51755 23,74966 19,61629
31,1279 22,61639 19,04011
30,92445 22,8405 18,9495
30,11065 22,64658 18,75003
29,9072 22,95494 19,32621
31,1279 22,81983 18,68088
29,5003 23,03759 19,2229
30,51755 22,9454 19,02262
30,92445 22,88341 18,95745
31,33135 22,55439 18,79612
29,9072 23,04235 19,20938
30,92445 22,94222 18,98526
31,33135 23,04395 19,15694
30,11065 22,69585 19,12752
30,721 22,4177 18,69757
29,29685 22,97718 19,21415
29,5003 22,95971 18,6793
30,11065 23,44131 19,35404
30,11065 23,09799 19,2515
31,33135 22,33187 18,51718
29,29685 22,70699 19,05283
30,92445 22,73719 18,69679
29,9072 23,59389 19,26024
29,9072 23,14249 19,36515
30,3141 22,98514 19,02818
31,33135 22,96607 18,88275
30,51755 22,67203 18,87879
29,9072 23,39999 19,56701
31,1279 23,14567 19,37151
30,11065 22,92633 18,85334
31,5348 22,44155 18,85415
29,29685 23,15839 19,18713
30,51755 22,66089 18,55055
30,51755 22,96925 18,94633
30,3141 22,74195 18,95824
29,9072 23,11706 19,09016
30,51755 23,19177 19,26025
29,0934 23,33641 19,22528
29,70375 23,26647 19,11402
31,73825 22,8548 19,02421
29,70375 22,63228 18,97654
29,0934 22,734 18,84619
30,11065 23,09481 19,16805
30,51755 22,36843 18,77785
30,721 22,77533 18,88196
30,92445 23,32528 19,47403
30,11065 23,61138 19,61788
30,3141 23,18541 19,08144
29,29685 22,60049 18,723
30,721 22,9295 18,72381
30,3141 23,2172 19,0425
29,0934 23,00422 19,13707
28,88995 22,19676 18,4218
30,92445 22,82778 18,66738
29,9072 22,60366 18,84142
30,51755 23,46833 19,34687
29,70375 23,08845 19,12117
30,51755 22,86593 18,84062
29,70375 23,6988 19,61787
30,721 22,4336 18,44247
29,9072 22,76738 18,77149
31,1279 23,25852 19,28091
30,3141 22,85639 19,12434
29,5003 23,11071 19,27057
28,88995 22,90089 19,18713
30,51755 23,11706 19,36912
30,3141 23,50013 19,51376
30,721 23,66224 19,62343
30,92445 23,33958 19,51615
30,51755 23,05189 19,13468
30,11065 23,19017 19,60674
29,29685 22,44631 18,60698
29,0934 22,64659 18,86845
29,70375 23,01851 18,96381
30,3141 23,05825 19,31429
31,33135 22,83574 18,92011
29,9072 22,38115 18,74606
30,3141 23,68608 19,83802
29,5003 22,67678 18,95824
29,70375 23,1711 19,48277
30,11065 23,19654 19,19588
31,1279 22,82301 18,84222
30,3141 23,41747 19,23879
29,5003 22,48763 18,78976
30,721 22,49718 18,68646
30,721 22,33505 18,38287
28,88995 22,64182 18,65467
30,3141 22,20948 18,53228
29,70375 22,49081 18,74923
29,70375 23,22674 18,98686
29,5003 22,89454 19,16965
31,33135 22,6434 18,91295
30,3141 22,75308 18,9058
29,9072 22,82302 19,18077
29,29685 22,43837 18,66818
30,51755 22,09027 18,40194
30,51755 23,25535 19,327
30,3141 22,84208 18,7079
30,3141 23,10912 19,10448
30,92445 22,80712 19,29442
29,9072 22,36207 18,80407
30,11065 23,40157 19,10209
29,5003 22,3716 18,71665
29,9072 22,82619 19,03374
29,5003 22,34936 18,45757
29,0934 23,05189 19,44858
29,29685 23,0503 18,95904
29,9072 23,35389 19,37786
29,9072 22,7038 18,92408
30,51755 23,0646 19,29521
30,11065 22,51625 18,58631
30,11065 22,83255 19,18713
30,721 23,18223 19,09732
30,721 23,20607 19,68621
29,9072 22,83414 18,62764
30,11065 22,71652 19,15932
29,70375 22,4781 18,69519
30,92445 23,28554 19,4931
30,92445 23,17269 19,1911
30,11065 22,83573 18,89944
30,3141 22,88818 19,27852
29,0934 23,37137 19,07746
30,11065 23,06937 19,10845
29,9072 22,64658 18,75003
30,3141 22,53533 18,55453
29,5003 22,90408 18,81599
30,3141 22,64658 18,95109
30,3141 22,95334 19,31429
28,88995 22,54327 18,91294
29,5003 23,09004 19,29839
29,29685 23,24263 19,60039
30,3141 22,36207 18,67055
30,11065 22,72288 19,02977
30,51755 22,9597 19,07507
29,0934 22,75943 18,97812
30,11065 23,15203 19,22289
30,3141 23,13137 19,42316
29,29685 22,53056 18,46234
30,11065 22,65135 18,80328
30,721 23,07256 19,2531
30,11065 22,66406 18,88196
30,11065 22,57188 18,76751
29,9072 22,9613 18,75082
30,51755 23,09957 19,26104
31,1279 22,91998 19,01707
29,70375 22,37638 18,6197
30,3141 23,09958 19,33653
30,3141 23,27123 19,4311
29,70375 23,6082 19,31985
30,51755 23,22833 19,41205
28,88995 23,4572 19,45575
30,92445 23,37932 19,35402
29,70375 22,64182 18,905
29,5003 23,28554 19,56145
28,48305 22,2365 18,63956
29,70375 22,31915 18,51003
30,11065 23,0662 19,12355
29,70375 23,13773 19,27932
29,5003 23,10594 19,36197
30,721 23,26329 19,56542
29,0934 23,03123 18,99957
29,70375 22,65612 19,10209
30,11065 23,01057 19,26661
30,11065 23,3666 19,31111
29,5003 22,3271 18,71347
30,11065 23,21561 19,64332
29,5003 22,60526 18,99798
30,51755 23,7147 19,7355
30,11065 22,23809 18,65784
30,721 23,27283 19,40171
29,70375 23,19495 19,26024
31,1279 23,17587 19,45814
29,29685 23,57959 20,0367
30,3141 22,73242 19,16488
29,5003 22,65771 18,79374
29,0934 23,05189 19,28329
30,51755 23,30621 19,35562
29,70375 22,92633 19,06235
30,11065 23,28555 19,39376
30,51755 22,77216 19,11084
30,3141 23,13136 19,4629
30,51755 23,54462 19,61311
30,51755 23,13932 19,45416
29,5003 23,24104 19,33653
30,721 23,02964 18,87639
30,3141 22,94699 19,38662
30,11065 22,65294 18,88354
28,2796 22,93587 19,39854
30,3141 22,94222 19,31985
29,70375 23,36502 19,38741
30,51755 23,10594 19,24436
30,51755 23,30939 19,61389
30,51755 22,82301 18,69519
30,721 23,84822 19,91113
30,3141 22,83731 18,92487
29,9072 22,80712 18,90739
29,9072 22,48446 19,00514
30,11065 22,59571 18,74208
30,721 22,74354 18,84143
29,5003 22,73559 18,99481
29,70375 23,14249 19,21893
29,70375 22,885 19,05759
30,721 22,98513 19,22925
31,1279 22,98354 19,20382
29,70375 23,02965 19,34688
30,51755 22,6895 19,03057
30,51755 22,97401 19,08779
29,5003 22,55916 18,83904
30,721 22,80871 19,2062
29,9072 22,96925 19,27614
30,11065 23,17905 19,24356
29,70375 22,73718 18,9177
28,6865 22,90566 19,04646
30,3141 22,75467 18,76831
29,9072 22,33028 18,64592
30,51755 22,96607 19,16011
30,11065 23,56847 19,66953
29,9072 23,43495 19,52887
31,33135 23,17905 19,25786
30,721 23,64795 19,77921
29,70375 22,95494 19,238
29,9072 22,92951 19,04804
30,11065 22,78009 18,99878
29,5003 22,81189 18,88195
30,3141 23,23468 19,35324
29,0934 23,21879 19,53205
30,11065 22,89931 19,31507
30,721 23,87523 19,80304
29,70375 23,33959 19,17998
30,51755 23,28077 19,29999
30,3141 22,85003 18,99798
30,11065 23,37774 19,36436
30,3141 22,75307 19,04487
30,51755 22,88658 19,10766
30,3141 23,24422 19,087
29,9072 22,91043 19,23799
29,0934 23,25852 19,55588
30,11065 23,51284 19,46688
30,3141 23,51443 19,38344
30,721 22,91521 19,13071
30,92445 23,55416 19,54236
30,11065 23,3078 19,42953
29,70375 23,12819 18,91136
30,3141 23,40317 19,52728
30,3141 22,74354 18,89546
31,5348 22,37321 18,85097
30,11065 23,61933 19,75697
29,9072 23,04713 19,53601
30,51755 23,19812 19,50024
30,721 23,36343 19,44701
29,0934 22,68473 19,05918
29,5003 23,05348 19,27137
29,9072 22,98196 19,06633
30,92445 22,85639 19,07826
29,5003 22,74195 18,56804
29,9072 23,45244 19,60913
30,11065 23,29826 19,56303
30,3141 22,6879 19,09653
30,3141 23,15521 19,32461
30,721 22,77057 19,03931
30,11065 22,31915 18,92249
31,1279 22,9152 19,16091
29,9072 22,40976 18,49017
29,70375 23,1266 19,10765
29,70375 23,03441 18,90579
30,3141 22,81665 19,1315
30,11065 22,94064 19,00037
28,48305 22,75149 18,8764
29,70375 22,405 18,48618
28,2796 22,87547 19,11402
29,0934 22,77374 18,81043
31,73825 22,93746 19,28409
31,5348 22,93268 19,08143
29,9072 22,80553 18,97812
29,9072 22,56552 18,83109
29,9072 22,98355 18,97414
30,51755 22,62592 19,08541
29,9072 22,99785 19,36595
31,1279 22,89613 18,84063
30,51755 23,02169 19,1164
30,11065 22,78327 19,1633
28,2796 22,10775 18,56804
29,9072 22,91997 19,18951
30,92445 23,33641 19,60754
30,3141 23,20925 19,22687
29,5003 23,0058 18,9964
30,721 23,63204 19,45734
30,51755 23,25694 19,06157
29,5003 22,66883 18,88434
29,70375 22,75467 18,57122
30,3141 22,96129 19,21891
30,51755 23,46833 19,55192
29,5003 22,8707 18,998
30,11065 23,17269 19,26263
31,33135 23,16157 19,71961
30,92445 22,88659 19,30078
30,92445 22,8405 18,72459
30,51755 22,98513 19,16568
30,721 22,68949 19,08858
31,1279 23,50966 19,2674
29,5003 22,7801 19,03932
30,11065 22,91362 18,93997
30,3141 22,75944 18,91375
29,70375 23,48582 19,58847
28,6865 22,6593 18,94474
29,5003 22,58301 18,82871
30,721 22,99944 19,30237
29,70375 23,40158 19,57972
29,9072 22,72447 18,84698
30,3141 22,79599 18,88276
29,29685 23,16951 19,49547
29,5003 22,96607 19,05203
30,51755 23,05984 19,25389
30,11065 22,84209 19,04011
30,721 23,41746 19,5225
30,51755 23,19812 19,3127
31,1279 23,35707 19,51853
30,11065 23,30144 19,48436
31,5348 23,48741 19,84755
29,9072 22,97878 18,99162
30,51755 23,08368 19,09574
30,51755 23,24899 19,62582
31,1279 23,50488 19,53601
30,11065 23,41588 19,71484
30,51755 22,9915 19,10925
30,721 23,73695 19,85948
30,51755 22,72606 18,98924
30,51755 23,33322 19,35004
28,48305 23,1123 19,37151
29,9072 23,39839 19,31667
30,51755 23,11547 19,32382
31,33135 23,19971 19,45019
30,92445 22,8087 18,90182
30,721 23,23469 19,22289
30,92445 22,97401 19,00038
30,11065 23,37456 19,35244
30,92445 22,73559 18,92885
30,11065 23,05825 19,42237
30,721 23,29666 19,36594
30,51755 23,75285 19,51615
29,0934 23,61139 19,81258
30,721 23,69245 19,70927
30,3141 23,24263 19,47721
29,70375 23,16315 19,33813
30,3141 22,76262 18,76594
29,9072 22,81666 18,76037
30,3141 23,44767 19,28012
30,3141 23,23468 19,28885
29,9072 22,85162 19,11878
29,70375 23,36183 19,59244
30,92445 22,86752 18,89229
30,51755 22,66406 18,86447
29,5003 22,81347 18,94235
30,51755 23,12819 19,32542
31,1279 22,98196 19,3135
30,51755 23,74172 19,78398
30,11065 23,38727 19,48437
29,70375 23,10911 19,26819
31,33135 23,13295 19,11163
29,9072 23,04872 19,06793
30,721 23,76556 19,84913
29,5003 22,9454 19,11482
29,9072 22,80711 18,785
30,11065 23,16952 19,12276
31,1279 22,69427 18,75082
29,9072 22,58141 18,91613
30,721 22,54327 18,63003
30,11065 23,21561 19,45814
31,33135 22,96606 19,18793
29,70375 22,89136 18,79294
30,721 22,81984 19,27217
30,92445 23,43496 19,41602
28,88995 22,97878 19,3127
30,92445 23,19494 19,30237
30,11065 22,94063 18,82632
28,48305 22,88182 19,1768
29,5003 22,72446 18,9344
30,721 23,17745 19,23878
30,51755 23,25057 19,50899
29,70375 23,50172 19,64887
28,48305 22,67043 18,9805
30,721 23,14409 19,06714
30,3141 23,10912 19,14502
29,0934 23,30621 19,1625
30,721 22,83255 18,83507
29,70375 22,86276 18,99879
30,51755 22,78328 19,1156
30,721 22,74195 19,22845
30,11065 23,25852 19,65919
29,5003 22,57983 18,67692
29,70375 23,17587 19,43747
30,3141 22,88182 19,20621
29,9072 23,62569 19,48991
30,721 23,34436 19,447
30,3141 23,98808 20,03511
29,29685 22,75943 18,8597
29,9072 23,0217 19,14422
29,29685 22,98514 19,07985
30,3141 23,15044 19,51933
31,1279 22,21742 18,45359
29,9072 23,57165 19,68065
30,721 23,06303 18,98766
30,92445 23,37296 19,20064
30,721 23,18222 19,23164
28,6865 22,71016 18,7985
29,29685 22,49877 18,47505
29,29685 23,20289 19,53761
29,29685 23,28077 19,38978
31,1279 23,21244 19,2523
29,70375 22,72605 18,88831
30,51755 22,81349 18,81838
30,51755 22,54486 18,76433
29,9072 23,2156 19,23083
29,9072 24,00556 19,92067
31,1279 23,17269 19,21177
30,51755 23,02805 19,05838
29,9072 22,87228 18,97413
30,51755 22,62275 18,80169
29,9072 22,90249 19,06157
31,1279 22,46379 18,48141
29,5003 23,42542 19,51217
30,11065 23,40315 19,5678
30,721 22,57029 18,73334
31,1279 23,60025 19,4915
30,11065 22,86117 18,94236
31,5348 23,5637 19,55032
30,11065 23,30144 19,43906
30,3141 23,45085 18,90977
29,9072 22,63704 18,8446
30,51755 23,29667 19,18078
30,721 23,24582 19,38821
30,3141 22,85798 18,84064
30,721 23,52237 19,3572
29,70375 22,67678 18,86685
29,70375 23,05507 19,01706
30,51755 23,39363 18,90104
31,1279 23,65747 19,35482
29,29685 23,05031 19,056
29,70375 23,28554 19,13865
29,9072 23,37773 19,56144
30,3141 23,25852 19,34131
30,721 22,98514 19,23561
30,721 23,23151 18,97336
28,48305 23,00422 19,33812
30,11065 23,13931 19,29521
30,3141 23,26806 19,48594
29,29685 23,09958 18,97255
30,11065 22,91043 19,17918
30,11065 23,5637 19,48753
30,3141 23,10594 19,27852
29,70375 23,11706 19,27852
29,70375 23,47946 19,51853
29,5003 23,43019 19,31667
29,9072 23,32211 19,36515
30,51755 23,97537 19,509
30,51755 23,9404 19,99616
29,5003 23,33959 19,238
30,51755 24,08981 19,91987
30,3141 22,95652 19,1752
30,51755 23,3825 19,28806
31,33135 23,84821 19,81417
30,11065 23,44766 19,39774
30,721 23,32369 19,3119
29,5003 23,5176 19,61629
29,70375 23,187 19,06872
31,5348 23,62569 19,67111
29,9072 23,17111 19,12514
30,51755 23,66701 19,78397
31,1279 23,08527 19,26103
30,51755 23,12024 18,88116
29,29685 23,31892 19,18474
31,5348 23,0058 19,15534
31,33135 23,99922 19,79032
30,51755 23,43972 19,51854
30,11065 23,36502 19,20779
29,29685 23,61933 19,5543
30,721 24,0914 20,10583
30,11065 23,76714 19,72039
29,9072 23,64953 19,55828
28,48305 23,01851 19,25151
30,11065 24,02146 19,88967
30,721 23,6384 19,58132
31,1279 23,64317 19,52649
31,1279 24,18994 20,16783
30,11065 23,87206 20,0669
29,70375 23,10277 19,19508
30,11065 23,91656 20,05894
29,70375 23,31892 19,2213
29,0934 23,18859 19,35482
30,11065 23,66701 19,57416
30,11065 23,30779 18,95825
30,3141 22,94382 18,86606
30,11065 22,90089 18,85255
30,51755 23,67019 19,75696
29,29685 23,40316 19,20462
29,70375 22,84685 18,79214
29,9072 23,60503 19,68462
30,51755 23,35865 19,48198
31,1279 24,24875 20,08358
29,70375 22,98196 19,32066
29,9072 23,07733 19,12991
30,92445 23,44609 19,82849
30,11065 23,93245 19,79987
30,92445 23,74489 19,79669
29,70375 23,39363 19,17123
29,5003 23,38886 19,39932
30,721 22,93268 19,20858
29,5003 22,8691 19,19111
31,73825 23,38885 19,41521
30,92445 23,55416 19,52807
30,11065 23,00898 19,37787
29,9072 23,02328 19,38024
29,9072 23,43336 19,60516
31,1279 23,07256 19,43111
29,5003 23,35867 19,29442
30,721 23,47309 19,35481
30,51755 23,34912 19,42952
29,9072 23,34753 19,58529
31,33135 23,86252 19,7196
30,51755 23,55734 19,48276
30,11065 22,95971 18,88274
29,0934 23,2029 19,1013
30,721 22,90248 18,96301
29,29685 23,10434 18,83347
31,1279 23,54939 19,35482
30,721 23,1568 19,20781
29,0934 22,91202 19,37231
29,9072 23,51284 19,2682
31,33135 23,6082 19,54158
31,5348 23,04395 18,90898
30,3141 23,13614 19,0576
30,721 23,67813 19,34686
29,9072 23,21719 19,31349
30,721 23,23946 19,45973
31,5348 23,76238 19,83881
29,70375 23,187 19,40886
30,3141 22,96924 19,21017
31,1279 23,46197 19,68861
30,11065 23,47787 19,53364
29,70375 23,39839 19,72675
29,70375 23,0519 19,31986
30,11065 23,51125 19,57018
30,92445 23,54622 19,4343
30,92445 23,53192 19,38741
30,3141 23,26647 19,30793
29,9072 22,85639 18,74844
30,51755 23,54622 19,50424
30,51755 23,58436 19,74025
29,5003 22,75308 19,04965
29,0934 22,89772 18,91692
30,51755 23,45879 19,31349
30,51755 23,84026 19,99617
30,3141 23,04713 19,2674
30,92445 23,46675 19,36516
29,9072 23,84979 19,93656
30,721 23,31893 19,18157
28,88995 23,30462 19,16885
31,33135 23,42223 19,39058
29,70375 23,14091 19,19985
30,721 23,11865 19,27058
30,721 23,68926 19,3723
30,11065 23,55574 19,83166
31,73825 23,49535 19,61708
30,721 23,64317 19,63455
29,70375 23,80212 19,8714
29,29685 23,32369 19,25309
30,11065 22,64022 19,00593
29,70375 23,55576 19,82371
30,721 23,30144 19,48197
30,3141 23,07256 19,3421
29,9072 23,61139 19,77127
30,3141 23,83073 19,87617
30,51755 23,06143 19,00275
30,51755 23,15044 19,41521
29,9072 23,17905 19,39456
29,9072 23,6241 19,50899
29,0934 22,87706 19,10527
29,9072 23,13296 19,15615
29,29685 23,00262 18,99163
30,11065 22,98991 19,06713
31,5348 23,07733 19,15614
30,3141 23,20131 19,56622
29,5003 23,40634 19,45258
29,0934 23,33482 19,50582
29,70375 23,52078 19,66396
30,51755 23,36343 19,30793
29,70375 23,30144 19,64172
29,70375 22,96447 19,11878
28,6865 23,2331 18,9956
31,1279 23,02487 19,14739
30,92445 23,46197 19,2213
29,70375 23,42065 19,46926
30,721 23,83072 19,83483
30,11065 23,46991 19,54317
29,5003 23,13773 19,03772
29,5003 23,47469 19,41998
29,5003 22,9597 19,44541
29,5003 23,23469 19,63616
30,3141 23,31892 19,57178
29,70375 23,14885 18,85652
30,3141 23,14885 19,38105
28,6865 23,1425 19,17521
30,51755 23,85299 19,60198
30,3141 23,35548 19,45416
30,51755 23,64635 19,43986
30,92445 23,21879 19,17997
29,9072 23,73218 19,88809
30,11065 23,2633 19,38502
29,9072 22,81189 18,70155
30,11065 23,07732 19,30792
30,721 23,03759 19,23083
30,51755 23,05348 19,4494
30,721 23,39681 19,34291
28,6865 23,77669 19,8555
30,51755 23,99285 20,08438
29,5003 23,43495 19,24832
30,51755 23,39045 19,73153
30,721 24,01988 19,86743
29,70375 23,23787 19,4931
29,9072 23,45879 19,51455
30,3141 23,15044 19,27932
30,92445 23,78304 19,8078
29,9072 23,48899 19,83403
30,11065 23,02328 19,17679
30,92445 23,10593 19,15693
30,721 23,57165 19,59562
30,721 23,29508 19,1919
30,721 23,54145 19,38343
29,9072 23,07256 19,01468
30,11065 23,75285 19,72994
30,3141 23,40157 19,38661
30,11065 24,32346 20,13047
29,70375 23,59548 19,64966
30,3141 22,85481 19,36357
30,721 23,21561 19,05759
29,9072 23,55098 19,69576
28,88995 23,60661 19,72039
29,0934 23,24263 19,07348
30,92445 24,00239 19,81973
29,70375 23,74649 19,8722
30,51755 24,02783 20,06054
30,51755 23,60185 19,36277
29,29685 23,45879 19,34211
30,92445 23,36502 19,37152
30,3141 23,30461 19,3437
31,1279 23,38885 19,2674
30,51755 23,52554 19,64648
30,3141 23,8053 19,74026
30,3141 23,49694 19,59006
29,0934 23,37456 19,60993
30,721 23,29509 19,20065
29,29685 23,42383 19,76172
30,3141 23,60662 19,67509
30,51755 23,58595 19,63854
29,5003 23,54621 19,47799
29,9072 23,41269 19,45893
29,9072 23,18064 19,49628
29,9072 23,36343 19,37707
30,3141 23,47469 19,71802
29,5003 23,64952 19,52648
29,29685 23,84662 20,22425
29,70375 23,32528 19,22368
29,9072 23,81484 19,75378
30,51755 23,51761 19,55588
30,11065 23,86411 19,98266
30,51755 23,25534 19,43826
30,3141 23,54781 19,54635
31,5348 23,75602 19,88014
29,9072 23,23945 19,35163
30,92445 23,24898 19,53126
29,5003 23,26806 19,34449
29,9072 23,52556 19,56225
30,3141 23,49377 19,6155
30,11065 23,23945 19,57495
30,721 23,57323 19,53124
29,9072 23,05665 19,26581
29,0934 22,99309 19,46925
30,11065 23,97378 20,25445
28,6865 23,46992 19,73152
30,11065 23,57165 19,35085
30,11065 23,21401 18,97971
30,3141 23,29666 19,48277
29,5003 23,21084 19,44224
29,0934 23,04872 19,28887
30,51755 24,01511 19,89206
31,1279 23,00263 19,28965
30,3141 23,43019 19,5996
29,9072 24,2853 20,35696
29,9072 23,76397 19,69575
30,51755 22,97719 19,24277
30,11065 23,15839 19,18554
30,51755 23,33004 19,19746
30,3141 23,16792 19,35879
30,721 23,12978 19,27216
30,11065 23,76715 19,60834
30,51755 23,94357 19,71006
30,11065 23,21879 19,57735
30,3141 23,10911 19,04249
29,9072 23,59071 19,7784
30,721 23,88795 19,98742
29,70375 23,23945 19,40806
30,721 23,46356 19,6306
29,5003 23,3968 19,23482
30,3141 23,30939 19,1458
28,48305 23,34912 19,74661
29,5003 23,45244 19,80304
29,9072 23,17905 19,71562
30,51755 22,87229 19,19826
30,721 23,48105 19,53761
29,9072 23,40157 19,43349
28,88995 23,65429 19,73708
29,70375 23,5939 19,75299
30,11065 23,67815 19,83882
29,70375 22,78963 18,98924
29,70375 23,3539 19,50106
29,9072 22,85481 19,19349
28,88995 24,03258 20,25604
30,721 23,73695 19,73311
30,51755 23,4874 19,86186
30,11065 23,74172 19,82371
29,9072 23,29985 19,21495
30,51755 23,58755 19,63695
29,9072 23,53191 19,63934
30,721 23,67814 19,75615
29,29685 23,07415 19,33893
29,9072 23,3825 19,41204
30,3141 23,3078 19,37389
30,11065 23,81165 19,86503
29,5003 23,61138 19,90715
28,6865 23,89907 19,84675
30,3141 23,45244 19,77205
30,11065 23,41746 19,55031
29,9072 22,99467 19,53602
30,721 23,15521 19,34767
30,3141 23,30462 19,45734
30,3141 23,6241 19,69815
29,9072 24,0914 19,93259
29,9072 23,42859 19,478
29,70375 22,85957 18,95348
30,11065 23,34276 19,75934
28,88995 22,78963 19,21257
31,1279 23,40476 19,69337
29,70375 22,59572 18,78182
30,3141 23,50489 19,69734
30,92445 23,71152 19,78556
30,11065 23,81166 20,09393
30,11065 23,39044 19,6274
29,70375 23,09799 19,24913
31,33135 23,62569 19,96676
30,51755 23,3364 19,4788
29,5003 23,44131 19,49072
30,51755 23,47151 19,4796
29,9072 23,6829 19,84039
31,33135 23,38727 19,51853
29,70375 23,28554 18,94712
29,5003 24,05961 20,17101
30,3141 23,25535 19,41681
30,51755 23,79417 19,79192
28,88995 23,34594 19,50184
30,11065 23,24898 19,31031
29,70375 23,36025 19,44065
30,11065 23,8657 19,92623
