0,8138021 0,4005433 0,2988183
0,8138021 0,4418695 0,3202765
0,8138021 0,4609431 0,331403
0,8138021 0,4466379 0,3266345
1,017253 0,443459 0,3520658
1,017253 0,4752483 0,3679602
1,220703 0,5038587 0,3854442
0,8138021 0,4752483 0,3806756
1,017253 0,5213425 0,4132591
1,424154 0,559489 0,4418689
1,831055 0,6039931 0,4736575
1,220703 0,5865093 0,4760415
1,220703 0,6564457 0,5133933
2,034505 0,7136662 0,538825
1,627604 0,7359186 0,5626674
1,831055 0,7772442 0,5976362
2,034505 0,8090336 0,6294262
1,627604 0,82016 0,6508839
2,237956 0,9012232 0,708899
1,627604 0,9504967 0,7200254
1,831055 0,950497 0,7232044
2,034505 1,036326 0,8018809
1,831055 1,039505 0,809828
2,644857 1,096724 0,8384374
3,051758 1,10944 0,8463846
2,848307 1,126924 0,8455899
2,848307 1,184145 0,895658
2,848307 1,249314 0,9226792
3,662109 1,242956 0,9147316
2,441406 1,269977 0,9274482
3,051758 1,309714 0,9552636
3,051758 1,339914 0,9886424
3,051758 1,428923 1,048247
2,644857 1,403492 1,061758
3,255208 1,489322 1,087189
2,848307 1,554489 1,13249
3,255208 1,614887 1,173815
3,458659 1,673697 1,219909
4,475912 1,772245 1,27554
4,272461 1,851717 1,339912
4,679363 1,964569 1,355012
6,306965 2,136233 1,49568
5,900065 2,431868 1,69595
6,103515 2,713205 1,854897
8,74837 3,259976 2,241927
13,63119 3,722508 2,512135
12,20703 4,170737 2,923012
11,18978 4,968642 3,50078
15,6657 5,555152 4,077753
12,41048 6,144845 4,595122
13,42774 6,713866 4,926523
13,02084 7,457732 5,527338
15,6657 8,26041 6,19332
14,85189 8,831021 6,743275
14,85189 9,355542 7,189113
14,24154 10,12961 7,730329
16,68295 10,83374 8,48532
14,85189 11,4886 9,101236
16,68295 12,00994 9,516878
16,68295 12,6044 10,64221
17,90366 12,94295 10,67003
19,73471 13,2052 11,0205
18,10711 13,75357 11,67218
19,73471 14,21611 11,99882
19,12436 14,72314 12,74586
19,12436 15,01719 13,11779
19,12436 15,41138 13,67489
19,93816 15,91205 14,27015
19,73471 15,76424 14,22644
22,37956 16,54943 14,80738
22,37956 16,67341 15,05693
21,97266 16,95474 15,40343
22,78646 17,39344 15,72132
21,36231 17,13595 15,67284
22,78646 17,51105 15,90013
22,37956 17,95769 16,21962
22,98991 17,4888 15,88266
25,22786 18,14684 16,26492
25,22786 18,44884 16,67897
21,76921 18,54103 16,89276
22,98991 18,66023 17,00322
25,22786 19,20542 17,27105
24,61751 19,42953 17,54602
24,00716 19,41046 17,60483
23,39681 19,35959 17,45542
26,04166 19,43588 17,65172
24,61751 19,8253 17,88457
24,82096 19,14025 17,58257
25,83821 19,62663 17,85677
26,652 20,13365 18,17226
25,63476 20,46744 18,47823
24,21061 19,96199 18,24856
25,63476 20,16862 18,18021
25,63476 20,5946 18,4536
26,24511 20,6709 18,70235
25,22786 20,5485 18,62049
27,0589 20,48015 18,65466
26,652 20,81553 18,84858
26,44855 20,98083 18,96143
26,85546 20,8346 18,94156
28,07615 20,90931 18,91214
28,07615 21,06189 19,06952
25,83821 20,88388 18,94792
26,24511 20,88229 18,99958
26,24511 21,1827 19,09812
28,88995 21,14455 19,02739
28,07615 21,3337 19,29919
27,4658 21,20654 19,28171
26,652 21,4974 19,43747
31,1279 21,55145 19,51376
27,0589 21,51648 19,66715
28,27961 21,56258 19,39775
26,44855 21,54509 19,48118
28,27961 22,26034 19,97947
27,66925 22,02035 19,88173
27,66925 22,04418 19,97471
28,48305 21,76761 19,69018
27,87271 22,24127 19,87696
30,721 22,39068 20,10266
30,31411 22,74195 20,46109
28,48305 22,47491 20,33392
28,6865 23,07098 20,9864
27,8727 23,30144 20,81791
29,70376 23,54145 20,97368
32,3486 24,13908 21,8002
31,1279 23,99602 21,71118
29,70376 24,02622 21,43702
29,5003 24,20902 21,75252
29,50031 24,33617 22,04655
29,70375 24,12479 21,82881
30,92446 24,48876 22,24683
30,72101 24,56506 22,20949
31,1279 24,70651 22,44869
30,51756 24,77327 22,27862
31,33135 24,55234 22,21107
31,1279 24,23922 21,96312
29,70375 24,7844 22,20789
32,95895 24,5444 22,13796
31,5348 24,80029 22,51784
30,11065 24,76692 22,25795
31,1279 24,74308 22,36286
30,721 24,44108 22,29374
33,5693 24,95447 22,76262
30,721 24,73195 22,57585
30,51755 24,87341 22,54803
31,33136 24,77805 22,53135
32,7555 24,67792 22,31599
32,7555 25,29302 22,89215
31,5348 25,30416 22,74355
33,36586 25,0562 22,68155
31,73825 24,57776 22,37876
31,33136 25,0721 22,61479
29,9072 24,76532 22,39545
31,33136 24,96877 22,463
32,3486 24,68745 22,26909
30,92445 24,88295 22,31359
32,55206 25,2072 22,74831
30,51756 24,9195 22,75625
30,92445 24,85116 22,52102
32,34859 24,99739 22,69745
30,11065 24,94017 22,62115
29,70376 25,13567 22,75705
30,11066 25,39634 22,78328
31,1279 24,86546 22,41452
32,95895 24,87023 22,44551
30,92446 25,00375 22,65055
31,1279 25,40746 22,98115
31,53481 25,28826 22,86275
33,77275 26,07345 23,17906
31,1279 25,41065 22,84766
29,70375 24,99262 22,72605
35,1969 25,46469 23,10753
33,36585 25,24534 22,916
33,36585 25,32641 22,71891
31,1279 24,9656 22,49003
32,14515 25,13409 22,7523
30,51756 25,2501 22,80075
32,7555 24,87819 22,28816
30,31411 25,05143 22,68233
34,3831 25,48217 23,14012
31,5348 25,32005 22,47493
31,73825 25,81119 23,33641
32,14515 25,75079 23,14169
34,17965 25,89544 23,50648
30,92445 25,46468 23,26329
31,73826 25,54575 23,12025
35,1969 25,7047 23,21244
29,70376 25,71583 23,34991
32,34861 25,94948 23,28793
34,17965 25,55687 23,27124
32,14515 25,47263 23,17588
33,16241 26,11159 23,77986
31,1279 26,16405 23,44291
32,14516 25,87 23,57006
33,16241 25,96855 23,63602
33,9762 26,23717 23,57324
31,33135 26,34207 24,00953
31,73825 26,07822 23,7123
33,1624 26,2769 23,76556
33,77275 26,41678 24,20903
32,55205 26,32935 24,04927
32,95895 26,31345 23,84345
32,14515 26,172 23,5788
33,1624 26,32617 23,86411
32,34861 26,56459 23,86967
34,17965 26,23398 23,88
31,33135 26,13226 23,84265
33,36585 26,48512 23,93086
33,36585 26,62182 24,02782
32,34861 26,60591 24,13828
32,95896 26,48672 24,1208
34,38309 26,61228 24,16054
33,1624 26,32299 24,20266
32,55205 26,54233 24,19312
33,77275 26,87931 24,50864
35,40035 26,7903 24,40611
32,14515 26,93653 24,26703
33,9762 26,92858 24,66122
33,36586 27,02553 24,30915
34,17965 26,75692 24,37194
32,95895 27,05096 24,63181
32,95895 27,24329 24,76373
33,36585 27,04937 24,5285
32,95897 27,32753 24,83686
32,14516 27,24965 24,8758
35,1969 27,14951 24,69698
32,7555 27,49442 25,0999
34,17965 27,56436 24,95367
33,1624 27,48171 24,91236
33,1624 27,25759 24,95924
33,16241 27,59615 25,04746
35,60381 27,76781 25,23977
35,1969 27,92357 25,38521
34,99344 28,27484 25,69277
34,79 27,53893 25,06336
34,17965 27,79006 25,38442
33,36585 27,90132 25,13568
33,56929 28,0269 25,39634
34,58656 27,59139 25,56164
35,1969 27,58026 25,37091
36,0107 28,12385 25,26124
34,38309 27,86318 25,12693
33,77275 28,01736 25,59105
34,3831 27,90291 25,60456
35,60379 27,61681 25,32245
34,99345 28,1318 25,45118
37,02795 27,71059 25,20959
33,16241 27,72013 25,37806
33,36585 28,16517 25,69277
34,3831 27,86795 25,53226
33,97621 28,12226 25,65463
32,55206 27,90768 25,50761
33,97621 27,53733 25,38998
32,95895 27,2719 24,93301
34,3831 28,28756 25,70787
34,58656 27,85523 25,50284
33,77275 27,86 25,43132
35,1969 28,14451 25,49568
34,79 28,24306 25,63317
34,17965 28,21921 25,81199
33,36585 27,76145 25,41383
35,6038 27,7694 25,19608
37,84174 28,29074 25,71979
35,6038 27,86318 25,43052
34,58655 28,11908 25,59979
35,80725 28,13973 25,57674
34,38311 28,16834 25,55608
33,9762 27,90132 25,29541
35,40035 28,41471 25,67053
33,77275 27,99192 25,56245
34,99345 27,64383 25,1317
33,36586 28,08252 25,70153
32,75551 27,71694 25,37965
32,7555 27,95536 25,69197
32,55205 28,18107 25,78736
34,17965 28,17472 25,69118
35,1969 28,48624 26,03371
39,06244 28,33206 25,66099
34,38311 28,13656 25,75556
34,79001 27,9204 25,53066
33,77275 28,09047 25,29779
33,77275 27,76146 25,35343
34,99345 28,10954 25,66178
36,41759 28,35272 25,6578
35,40034 28,14292 25,80086
35,1969 28,19856 25,74445
33,77275 28,30663 25,82629
33,5693 28,40995 25,66416
34,79001 28,05391 25,42256
33,9762 28,60069 26,27372
37,2314 28,15405 25,75159
38,65555 28,07299 25,43927
37,02794 28,67855 25,90337
36,0107 28,24624 25,55768
33,9762 28,48465 25,75476
33,36584 27,85999 25,46627
36,8245 28,25895 25,80008
35,19691 27,79165 25,43608
35,80725 28,37021 25,57357
34,58655 28,24623 25,79927
34,99345 27,87588 25,57754
33,9762 28,1143 25,69197
35,40036 28,11272 25,75557
37,23141 27,95695 25,3582
36,0107 28,39565 25,62203
35,40035 28,53234 25,96378
34,99345 28,37975 25,6904
34,38311 28,04437 25,50761
35,1969 28,20332 25,48933
33,77275 28,03643 25,59105
37,02795 28,13021 25,63873
34,79001 28,22239 25,72457
33,9762 28,27167 25,90814
37,43485 28,12066 25,86365
38,0452 28,2526 25,75476
34,17965 27,82186 25,7349
33,5693 28,63246 25,8533
33,5693 28,38451 26,09253
33,36585 28,0412 25,49886
34,58655 28,44333 25,99
34,58656 28,42902 25,98762
33,77275 28,61658 25,95901
34,17965 28,42584 26,06789
34,17965 28,07298 25,61172
33,9762 28,1906 25,71741
35,60379 27,6041 25,25172
35,6038 28,3877 25,88433
34,58656 27,9347 25,51635
36,0107 28,1143 25,60456
34,99345 28,49737 25,80483
34,3831 27,83615 25,61092
35,1969 28,71512 25,90099
33,1624 28,45763 26,15929
34,3831 28,42584 25,71741
34,38311 27,84092 25,4464
37,84176 28,49578 25,86126
34,17965 28,43061 26,0067
32,95895 28,5085 26,26975
37,2314 28,34797 25,92484
35,80725 28,31141 25,72059
34,99345 28,55777 26,11239
33,97621 27,70582 25,18574
34,79 28,27803 25,74205
33,9762 28,31776 25,95187
33,56931 28,14928 25,64509
34,99345 28,34001 25,85332
38,4521 28,47035 26,00113
33,9762 28,28121 25,88589
34,17966 28,12067 25,53305
33,56931 28,08571 25,41781
34,38309 28,14927 25,68006
33,56931 28,23352 25,73251
33,36585 28,55776 26,24828
32,55206 28,65791 26,36273
34,17965 28,6277 25,84219
33,77275 28,12544 25,68324
34,17965 28,3273 25,89225
35,1969 28,2367 25,7635
34,38309 28,42107 26,10206
36,21415 28,39724 25,808
37,43485 28,26054 25,62046
34,99345 28,03961 25,51634
34,58654 28,45446 26,03769
36,0107 28,2208 25,68165
33,5693 28,0571 25,91768
36,41759 28,85818 26,34842
34,99345 28,47989 25,83821
33,77275 28,18743 25,84934
34,17965 28,52121 26,35717
32,95895 28,48466 25,92167
35,1969 28,56253 25,80006
36,4176 28,33843 26,01146
33,56931 28,32412 25,8994
33,77275 28,27325 25,8255
35,19691 28,45286 25,96061
35,19691 28,32412 25,75319
34,79 28,71512 26,10047
33,97621 28,33048 25,98206
36,82449 28,59591 26,29279
35,80725 28,38928 25,91451
34,58655 28,71671 26,42393
36,21415 28,60863 25,93914
35,19691 28,38928 25,95821
32,55205 28,10159 25,81438
33,36585 28,30822 25,87713
36,4176 28,32253 26,03768
35,1969 28,66903 26,11716
38,859 28,59114 25,56959
34,99345 28,59114 26,16565
36,01069 28,40995 26,06788
35,19691 28,17471 25,74999
36,21415 28,61816 26,31901
35,80726 28,43855 26,07345
33,36586 28,25735 25,75794
33,36585 28,37021 26,15372
36,21415 28,63565 25,98126
34,3831 28,9599 26,51691
32,75551 28,07139 25,57753
35,6038 28,46875 25,95265
34,3831 28,6722 26,29836
33,77275 28,64518 25,98126
34,99345 28,4926 26,23081
33,9762 28,27643 25,74761
32,34861 28,35114 25,74046
36,82449 28,50214 25,94312
36,21415 28,37021 25,82551
35,1969 28,39723 25,95106
38,65555 28,55618 25,9304
35,40035 28,64679 25,97013
36,0107 28,73103 26,07822
36,21415 28,85023 26,25942
33,9762 28,40994 25,94789
34,58655 28,33683 25,94232
37,84175 28,704 26,26021
33,36585 28,61658 26,30233
36,01071 28,24147 25,85729
35,80725 28,2971 25,93039
36,4176 28,69128 26,05438
37,2314 28,47035 25,81754
37,2314 28,43697 25,65145
37,43484 28,54505 26,17677
34,17965 28,85817 26,35796
32,95895 28,13021 25,8549
33,77275 28,55936 25,92961
33,56931 28,33207 25,71662
34,58655 28,17948 25,65941
34,3831 28,71671 26,24193
35,40035 28,07616 25,66019
35,80726 28,45604 26,12033
33,1624 28,16836 25,49569
34,79 28,02053 25,71663
34,3831 28,07299 25,71662
33,9762 28,64678 26,38499
36,01071 28,44015 26,17439
32,55205 28,25418 25,79451
34,78999 28,71989 26,14259
34,79 28,4624 25,75238
34,58655 28,31459 25,84617
35,1969 28,42266 25,84298
36,62106 28,4481 25,9908
37,02795 28,5085 26,05994
33,5693 28,37656 26,02576
36,0107 27,96967 25,4337
34,58655 28,42266 25,97014
32,95895 28,33841 25,88113
33,16241 28,61817 26,05516
36,4176 28,5069 25,9765
34,58655 28,57843 26,17439
33,77275 28,5689 26,10207
35,1969 28,59908 26,31663
37,02795 28,89472 26,17357
36,0107 28,25101 25,77782
33,5693 28,15882 25,77384
36,82449 28,39564 25,75555
36,62106 28,06981 25,75715
35,6038 28,52756 25,95583
35,6038 28,32889 25,66656
33,77275 28,33523 26,02656
36,62106 28,78506 26,33413
35,1969 28,13338 25,6729
34,17965 28,4783 26,03848
34,99346 28,20809 25,92007
33,5693 28,21922 25,9765
33,5693 28,13656 25,79609
34,17965 28,61976 26,19187
34,17966 28,0857 25,69518
35,19691 28,47511 26,06232
34,58656 28,73102 26,26259
33,1624 28,17949 25,93915
35,40035 28,52757 26,06312
34,38311 28,7962 26,22048
33,77275 28,43697 26,02497
37,02795 28,48306 26,27054
35,40035 28,47353 25,97253
33,36585 28,15564 25,91768
33,9762 28,37498 25,98682
36,62105 28,34955 25,81755
34,17965 28,72783 26,1855
37,02795 28,86453 26,39609
36,62105 28,60227 26,2618
34,17965 28,4179 26,06948
34,17965 28,15882 25,64988
33,36584 28,34478 25,73491
36,21415 28,54347 26,18471
36,62106 28,46399 26,05995
33,56931 28,6134 25,96853
37,02795 28,6881 25,90656
37,84176 28,59909 26,17914
34,99345 28,40836 25,8271
35,80725 28,78029 26,28882
36,21415 28,62453 25,76589
34,58656 28,2669 25,95344
35,1969 28,17789 25,97967
34,99346 28,51325 25,82788
34,58655 28,36863 25,78575
35,40035 28,67062 26,14577
34,58656 28,64837 26,24829
38,0452 28,56095 26,1561
33,56931 28,27643 25,75795
35,19691 28,75804 26,37146
39,87626 28,77234 26,30075
