0,6103516 0,4116695 0,3051762
0,8138021 0,4482274 0,3250451
0,8138021 0,4307432 0,3139185
0,8138021 0,4577642 0,3393505
0,8138021 0,4577641 0,3520659
1,017253 0,4720694 0,3695497
1,017253 0,4816062 0,3711392
0,8138021 0,4752483 0,3862386
0,8138021 0,4752483 0,3798809
1,017253 0,5149847 0,4069013
1,017253 0,4959114 0,3925965
0,8138021 0,5070375 0,4061066
0,8138021 0,5277001 0,4235903
1,220703 0,5531312 0,4386899
1,017253 0,5642571 0,4490212
1,220703 0,5912777 0,466505
1,220703 0,6135299 0,4800153
1,220703 0,6341932 0,4959099
1,017253 0,6596246 0,5149827
1,424154 0,7247924 0,5547198
1,627604 0,7502236 0,5920733
1,424154 0,7502236 0,5968419
2,441406 0,8122125 0,6357842
2,237956 0,9393706 0,7065154
2,237956 0,9473179 0,7025414
2,237956 1,025201 0,7613505
2,644857 1,039505 0,8002918
2,644857 1,112619 0,8169802
2,441406 1,142818 0,8424109
2,848307 1,163481 0,8869155
3,255208 1,244545 0,910758
6,713866 1,400314 1,029968
7,527668 1,587868 1,157921
5,289714 1,621246 1,187327
6,510416 1,816749 1,291435
7,731118 1,997948 1,470247
6,306965 2,193453 1,5982
7,731118 2,460478 1,782576
11,59668 2,813341 1,994769
10,78288 3,048579 2,175172
11,18978 3,474551 2,415976
8,748369 3,781318 2,69095
10,57942 4,162789 2,87374
9,562171 4,561744 3,224214
20,54851 5,243621 3,679595
22,58301 6,081265 4,256567
20,95541 6,38485 4,606245
19,93816 7,338522 5,416076
18,31056 7,866223 5,816617
19,93816 8,594197 6,567637
15,05534 9,12031 7,217728
17,2933 9,414352 7,587273
15,25879 10,00246 7,917089
18,10711 10,26154 8,407433
21,36231 10,84645 8,782546
24,21061 11,22952 9,198192
26,652 11,83192 9,659929
23,80371 12,35962 10,19955
26,04166 13,03196 10,53333
26,65201 13,67093 10,5389
31,33135 14,18272 11,05229
27,87271 14,39889 11,22157
25,63476 15,55125 11,88835
28,88995 16,98335 12,56228
30,51755 18,301 14,31226
33,36584 21,44814 16,90784
33,5693 24,24399 20,31724
38,65554 26,65519 22,041
42,92803 28,31458 23,8498
40,0797 29,02983 24,61909
44,14874 30,32524 25,88987
40,89351 30,6463 26,59956
41,70732 31,6572 26,50976
44,7591 32,50597 28,22001
48,62469 32,66651 28,21762
45,166 33,38178 29,21342
47,60743 34,37357 29,51462
43,53838 34,29569 30,1496
43,94529 34,82973 30,55808
47,40397 35,95347 31,30274
46,59017 35,89307 31,42037
51,26957 36,40645 32,6776
52,69373 37,72889 33,42545
53,10063 37,70664 33,45486
50,45576 38,13102 33,74493
50,65921 38,77316 34,41888
53,10063 38,66986 34,47371
52,28682 38,93213 35,09676
55,94896 38,94007 34,81386
50,2523 39,57744 35,33837
51,06611 39,50115 35,63165
50,2523 39,54884 35,68886
55,3386 39,48684 35,40752
62,45943 40,08447 35,88674
48,62469 40,48343 36,03456
53,71099 40,52794 36,10292
55,74551 39,8699 35,45918
53,91444 40,34674 36,36199
49,64195 40,4755 36,16015
52,69373 41,14147 36,61075
51,67647 40,6233 36,70053
51,67647 40,51522 36,22926
50,04885 41,16849 36,85234
53,10063 40,33562 36,38981
57,78003 40,7012 36,55511
53,71099 40,71708 36,71008
55,3386 41,90284 37,32443
57,57658 40,66781 36,56543
56,55932 41,43552 37,30929
54,5248 41,05722 36,45098
55,74551 41,28613 36,95644
55,74551 42,20324 37,35938
55,74551 41,50387 37,38322
55,3386 41,70891 36,83643
52,69373 42,06813 37,69635
56,76277 42,30973 37,73054
53,71099 42,14919 37,8847
60,62836 41,9076 37,26243
52,69373 41,99343 37,52708
58,18694 42,59425 37,30454
56,35587 42,00456 37,57793
53,91444 41,95687 37,52548
57,98348 42,12377 37,96974
50,86266 41,44188 37,44202
54,9317 42,53862 37,81874
55,3386 42,76115 38,48949
56,35587 42,78498 37,90061
60,83181 43,33653 38,81216
56,15241 42,39557 37,62641
57,57658 42,80247 38,05001
52,89718 41,9966 38,12628
55,3386 43,15692 38,92184
58,18694 42,29861 37,84098
54,32135 42,66578 38,67703
51,47301 42,62285 38,5642
59,40765 43,07428 38,52446
55,74551 42,51318 38,28762
55,13515 42,09991 37,56599
60,42491 42,49094 38,29716
52,69373 43,15694 38,9115
60,018 42,89626 38,15809
55,74551 42,89625 38,22008
55,74551 42,67373 38,60711
61,64562 43,44621 38,56816
51,26957 42,36536 38,32975
58,79729 43,46211 38,97509
56,96622 42,42099 37,85292
55,94896 43,37788 38,67307
53,10063 43,20303 38,73825
56,35587 42,69598 38,59994
57,16967 43,02819 38,37744
63,27324 42,72458 38,23041
55,74551 43,22528 38,45294
56,76277 42,6912 38,49664
57,37313 42,9296 38,73744
59,61109 42,70711 38,74222
60,018 42,7977 38,27094
57,37312 43,82927 38,57135
61,03526 42,44007 38,31227
55,54206 42,80406 37,99357
59,6111 42,91532 38,61822
57,16967 42,72935 38,86301
61,84907 43,9151 39,3351
66,12157 43,7037 39,08315
57,78003 43,93895 39,52185
58,79729 43,76728 39,15627
53,71099 42,73094 38,01662
57,57658 43,25547 38,69136
55,94896 42,58313 38,32259
55,3386 42,82473 38,79623
55,94896 43,75617 39,04818
59,6111 43,43032 38,67229
55,13515 43,15852 38,68103
56,55932 42,49252 38,27967
57,16967 43,35878 38,44339
54,9317 42,77861 38,51809
63,06978 44,02797 39,28423
57,78003 43,13307 38,64604
55,3386 43,59404 39,23495
55,3386 43,01706 38,79467
