0,5126953 0,09346008 0,04673004
0,3417969 0,07209778 0,03604889
0,1708984 0,08010864 0,04005432
0,3417969 0,1068115 0,05340576
0,3417969 0,09880066 0,04940033
0,3417969 0,1068115 0,05340576
0,5126953 0,1174927 0,05874634
0,5126953 0,1361847 0,06809235
0,6835938 0,1842499 0,09212494
0,8544922 0,2296448 0,120163
1,196289 0,2483368 0,1401901
3,417969 0,315094 0,166893
2,563476 0,333786 0,194931
3,930665 0,4646301 0,2576828
3,247071 0,5874634 0,3351212
5,810546 0,8090973 0,453949
4,272461 1,036072 0,6088257
5,468749 1,463318 0,8464813
11,1084 2,024078 1,225662
8,886717 2,395248 1,421928
10,7666 3,009414 1,847839
9,057616 3,156281 1,929283
11,4502 3,498077 2,101517
11,1084 3,495407 2,064133
9,570313 3,655624 2,205658
12,13379 4,774475 2,898598
11,2793 5,121613 3,245735
12,30469 6,470108 4,174995
15,38087 7,957458 5,535507
15,03907 9,129716 6,462098
15,03907 10,55832 7,96814
16,06446 11,41014 9,168434
17,26075 12,44354 10,41947
17,43165 13,40752 11,04031
17,60255 14,03771 11,66916
18,96972 14,41689 12,40616
20,33691 15,04173 12,93354
20,67871 15,76004 13,87615
22,04589 16,68129 14,44492
23,41307 17,30347 14,89754
21,3623 18,10188 15,485
22,90038 18,59856 16,38489
23,07128 19,27147 17,202
23,75487 19,63196 17,49439
25,29295 20,52116 18,41965
23,58397 20,36628 18,44501
23,75486 20,78285 18,97239
23,92576 21,23413 19,04316
26,66013 21,90971 20,01114
25,29295 21,94175 20,00046
27,00192 22,75619 20,76683
29,2236 22,89237 20,97511
26,31833 23,36234 21,5105
26,48923 23,8243 21,68941
26,31833 23,5733 21,8069
27,34372 24,17144 22,3463
28,02731 24,831 22,96447
27,51462 24,28626 22,43843
28,8818 24,87639 22,44777
28,19821 24,78026 22,8403
29,39449 24,84168 22,71346
28,3691 24,57465 22,66406
27,85641 24,92713 22,79357
27,85641 24,99656 23,2048
27,85641 24,99656 22,73349
27,85641 25,08735 23,51455
27,51462 25,30898 23,08597
28,8818 25,04462 22,68943
29,2236 25,26893 23,41175
30,24898 25,78162 23,95381
28,8818 25,27427 22,93109
28,8818 25,42113 23,56529
29,2236 25,71486 23,95515
29,56539 25,3971 23,74553
28,54 25,37574 23,75354
28,8818 25,28228 23,45714
27,85641 25,41846 23,33431
29,39449 25,30364 23,0072
29,0527 25,74958 23,84433
27,51462 25,80565 24,03659
29,39449 26,09939 24,29561
28,54 25,97922 24,27158
29,0527 26,04064 24,3143
29,90719 25,91514 24,03259
28,8818 25,99524 24,29428
29,56539 26,09138 23,95515
29,56539 26,27563 24,31964
29,90719 26,32102 24,57599
30,41988 26,37977 23,72951
32,64155 26,16614 24,35569
30,24898 26,39846 24,58267
29,73629 26,43851 23,91376
28,8818 26,1074 23,95515
29,90719 26,49192 24,76024
29,2236 26,41982 24,89375
29,0527 26,41448 24,05528
29,73629 26,27295 24,47318
31,10347 26,34238 24,35035
30,59078 26,55868 24,83367
29,73629 26,63611 24,47719
33,32515 26,82036 24,53994
30,24898 26,78298 24,42378
30,59078 26,87377 24,9525
32,12886 26,62543 24,54395
30,93257 26,90314 24,47185
30,59078 26,83372 25,07934
29,56539 26,78031 24,75089
29,90719 26,48658 24,56664
30,07808 26,95121 25,05931
30,93257 26,9245 24,93514
30,07808 27,05268 25,32901
30,59078 26,96189 25,39577
29,90719 26,88445 24,73087
32,47065 27,53332 25,61873
30,07808 27,18886 24,96585
30,07808 26,91115 25,10604
31,95796 26,92985 24,6334
30,24898 27,18352 25,14877
31,61617 27,34908 24,84702
30,59078 27,41316 25,73222
30,41988 27,60809 25,57868
32,12886 27,45054 25,12874
31,61617 27,35175 25,36907
31,10347 27,5894 25,3704
31,44527 27,49594 25,27293
31,44527 27,4639 25,32767
31,27437 27,32771 25,35972
31,78706 27,94454 25,56933
33,32515 27,97659 25,74958
30,24898 27,56804 25,97789
31,61617 28,16884 25,53328
33,32515 28,20623 25,9405
33,83785 27,94454 25,62674
31,78706 27,94721 25,42514
34,52145 28,63881 26,16881
31,78706 28,00596 25,71753
34,17965 28,08607 25,64677
32,64155 28,24628 26,29832
31,78706 28,12345 25,95919
33,32515 28,25429 26,09938
32,47065 28,65216 25,41045
34,00875 28,40383 26,10205
33,83785 28,76966 26,41047
31,61617 28,29702 25,50925
32,81245 28,53734 26,01927
34,17965 28,83107 26,43183
35,71774 28,72693 26,5827
32,12886 28,70557 26,31301
33,15425 28,99396 26,91649
33,49604 28,96726 26,69085
32,98335 28,86045 26,49459
32,81245 28,4786 26,11807
32,12886 28,58541 26,51595
33,49605 29,06339 26,69486
33,83785 28,69222 26,57603
33,15425 28,96993 26,6508
32,98335 28,73227 25,87508
33,32515 29,33309 26,43183
33,49605 28,97794 25,61606
32,98335 28,64949 25,56666
33,66695 29,0981 26,73491
33,66695 29,28769 27,03932
32,47065 29,04737 27,1181
32,29976 29,01799 27,06603
32,29976 29,04203 26,86041
34,17965 29,026 26,80434
35,37595 29,13282 26,37843
33,66695 29,19423 26,26628
32,64155 28,9005 26,65747
33,66695 29,40519 27,28098
34,52145 29,42121 26,4305
34,17965 29,26366 26,20085
33,32515 29,39717 26,99793
32,81245 29,66954 27,12744
33,66695 29,69358 27,14079
32,12886 29,12214 26,5293
35,03415 29,4132 26,71889
32,98335 29,84311 27,65616
33,83785 30,06742 26,91382
35,20504 29,74431 27,02063
34,17965 29,82709 27,07671
34,17965 30,02202 27,38379
35,54684 30,3291 27,82572
33,83785 29,72562 27,07938
34,86325 30,02469 27,48793
34,86325 29,89385 27,74428
33,32515 29,95259 27,52531
35,03415 29,6829 26,93785
34,35055 30,36649 28,27567
34,00875 30,15821 27,8364
35,54684 30,28104 27,81104
32,81245 29,57341 26,89246
34,00875 30,05941 27,67752
33,83785 30,1315 27,04733
35,20504 30,45461 28,39983
34,17965 30,13684 27,17684
33,66695 30,51068 28,04869
34,35055 29,6108 27,14613
37,93944 30,39052 27,94455
34,35055 29,99799 27,66817
35,37595 30,61215 28,04869
35,20504 30,4466 28,33041
36,40134 30,06208 27,72158
35,54684 30,51335 27,63079
35,37595 30,5454 28,21825
34,52145 29,89919 27,33573
37,76854 30,94327 28,00597
34,52145 30,11815 27,77232
34,35055 30,3478 27,98861
35,54684 30,75635 28,01798
34,69234 30,49733 27,68153
35,71774 30,55875 27,60809
36,05954 30,16622 27,6348
35,37595 30,05407 27,64681
34,35055 30,26235 27,59608
35,37595 30,63085 27,92986
34,35055 30,35581 28,17152
36,40134 30,61215 28,36111
33,49605 30,11815 27,67619
35,54684 30,33444 27,44254
33,49604 30,07543 27,86711
34,17965 30,32643 27,67485
33,15425 29,9606 27,15681
34,00875 30,01134 27,57071
33,83785 30,5 28,0527
35,03415 30,56943 28,29302
35,37595 31,06076 28,33174
34,69234 30,33978 27,65616
33,66695 30,06208 26,82036
33,83785 30,1769 27,25428
34,86325 30,46796 27,51597
36,57224 30,83913 28,09142
34,69234 30,61482 28,28635
34,52145 30,6976 28,25831
35,37595 30,50534 27,79234
33,15425 30,41722 27,21156
35,20504 30,91123 28,74297
34,86325 30,46529 28,30904
35,88865 31,21297 29,0367
35,20504 30,72164 27,95523
35,37595 31,05542 28,85111
35,71774 31,00469 28,75632
34,69234 30,29439 27,75096
35,03415 30,74834 27,87112
35,03415 30,9673 28,40117
34,69234 30,89787 27,90182
34,35055 30,64153 28,25163
34,35055 30,86316 28,3224
35,20504 30,87117 28,40518
34,52145 30,70828 27,56537
35,37595 31,64823 29,25299
36,40134 30,91924 28,6455
36,74314 30,78839 28,01798
36,05954 30,95128 27,97392
36,05954 31,35984 28,68022
36,23045 31,42392 29,14752
36,91404 31,43995 28,49196
35,03415 30,84447 27,74829
35,20504 30,87384 28,70692
35,54684 31,19428 28,42654
36,57224 31,18894 28,68289
35,03415 30,68692 27,97659
34,52145 30,47864 28,03667
35,37595 31,36251 29,19959
36,57224 31,49335 28,63082
35,88865 31,22365 28,95125
37,25584 31,74703 28,46125
36,74314 31,32512 28,24629
36,23045 31,16224 28,82575
36,40134 31,39989 28,51065
35,88865 31,23967 28,32507
37,08494 31,37052 28,77902
37,25584 31,73902 29,58678
36,40134 31,43727 28,50531
35,71774 31,39989 28,6455
36,40134 31,46131 28,3758
36,74314 31,78174 28,83109
36,40134 31,27439 28,72428
36,40134 31,62687 28,94057
36,91404 31,57079 28,48796
35,03415 30,62284 27,99261
35,88865 31,20763 28,65218
36,40134 31,28774 28,3264
36,91404 31,13286 28,80572
35,37595 30,9406 28,51332
36,40134 31,9473 29,13283
36,74314 31,52005 28,3224
37,59764 31,64556 28,94991
37,59764 31,70698 29,02335
35,37595 31,64289 28,7403
35,88865 31,72033 29,16087
35,20504 31,06343 28,40251
35,37595 31,26638 28,19956
35,54684 31,76038 29,0634
37,25584 31,32512 27,99796
36,23045 31,13019 28,88716
34,86325 31,49869 29,16621
36,05954 30,9139 26,99927
36,74314 31,60283 28,95526
37,42674 31,69897 28,77902
36,74314 31,14889 28,06338
36,05954 31,56812 28,64951
35,37595 31,77373 29,74166
37,76854 31,54142 28,87515
36,91404 31,89389 28,83643
38,79394 31,46932 28,86046
37,59764 31,7764 28,9646
35,88865 31,98735 29,05272
37,25584 31,43193 28,74564
37,76854 32,40926 29,36915
38,96484 31,68294 29,02602
35,20504 31,65357 28,96193
36,57224 31,52005 28,28368
37,42674 31,63488 28,49597
36,05954 31,38921 28,78169
35,71774 31,85918 29,28904
38,11034 31,56278 28,85245
34,69234 31,48267 29,16487
35,54684 31,48534 28,89651
39,47754 31,6776 29,13684
35,54684 31,77907 29,59479
35,88865 31,37319 28,85779
38,11034 31,57079 28,47861
36,57224 32,33717 29,00599
38,45214 31,98736 29,39185
38,96484 31,86185 29,19558
34,69234 31,54408 28,92321
34,69234 31,23967 28,80839
35,54684 32,12888 29,68157
36,57224 31,73902 29,73097
35,71774 32,46267 29,60681
35,54684 31,53608 29,17822
36,40134 31,98469 29,11013
37,25584 32,01139 29,42656
35,71774 31,90458 29,26101
36,91404 31,37052 28,53736
37,93944 32,23569 29,52536
36,57224 32,39057 29,50801
34,86325 31,73101 28,94858
37,08494 32,25705 29,19558
37,08494 32,39057 29,26768
39,64844 32,78577 29,88452
37,08494 32,53477 29,26368
37,42674 32,12354 29,09545
38,45214 31,69897 29,45326
36,40134 31,93395 28,53335
37,93944 31,50403 28,60545
36,05954 31,71231 29,28103
35,88865 31,68561 29,39051
37,93944 31,6242 28,80972
35,37595 31,72033 28,87648
36,05954 31,31444 29,40386
35,88865 31,83515 29,06207
35,88864 31,54943 29,15019
38,28124 32,13689 29,58945
37,08494 31,46665 29,07675
35,54684 31,86452 28,767
36,05954 31,53875 29,32643
36,57224 32,16093 29,46929
37,25584 31,72567 28,50932
35,88865 31,92594 29,31307
36,40134 32,02207 29,42256
36,40134 32,01673 28,4746
37,25584 32,10752 29,72163
38,28124 32,06213 29,26501
38,79394 31,66158 28,33842
36,40134 31,99003 28,62948
38,62304 32,25171 29,52136
36,40134 32,25438 29,51468
37,42674 31,60016 29,13684
38,45214 32,22768 29,31174
36,40134 31,90725 29,67223
36,91404 32,26507 29,05539
38,11034 31,83515 28,65084
38,11034 31,90458 28,68823
35,71774 31,36785 28,45858
35,71774 32,22501 29,55207
35,88865 31,7764 29,71495
38,11034 32,54812 29,61081
35,37595 31,93395 29,40921
37,08494 32,02741 28,94591
36,57224 32,19297 29,08209
36,57224 31,92861 29,0634
37,08494 32,09951 29,65621
38,28124 32,70834 29,25834
37,59764 31,64556 29,14485
36,05954 32,00071 29,53204
37,76854 32,24371 29,56408
36,23045 32,25705 29,42523
37,93944 31,93662 28,89651
35,71774 31,86719 28,82842
36,05954 32,1903 28,767
37,93944 32,16626 29,31307
36,40134 32,13155 29,61882
38,11034 31,7951 28,95259
36,74314 32,84452 30,56544
37,76854 31,69897 29,27035
37,59764 32,03275 29,54272
37,93944 32,49204 29,78438
36,74314 32,03008 28,92321
37,25584 31,81112 28,81373
37,08494 32,3158 29,5307
37,08494 31,75237 29,15286
37,59764 32,03008 29,77503
37,08494 31,86986 28,77101
36,05954 31,94997 29,43991
38,11034 32,05411 29,4052
35,54684 31,73902 29,52002
38,45214 32,28109 30,07945
38,11034 31,89924 29,15286
35,88865 32,04343 28,9606
36,57224 31,94196 28,91787
35,71774 32,11286 29,60547
36,05954 32,55346 29,43858
35,88865 31,76038 28,63883
37,25584 31,68828 29,39986
37,59764 32,44131 29,47196
36,57224 32,05678 29,08476
37,08494 32,17695 29,44258
35,54684 31,64556 29,05806
37,08494 32,56414 29,49733
35,54684 31,84583 29,4052
36,91404 32,43597 29,30907
37,59764 32,73504 29,6028
35,03415 31,61085 28,1288
37,25584 32,46 29,38117
36,74314 31,97668 29,33577
38,45214 32,36921 29,87384
38,45214 32,54011 29,23831
38,45214 32,31847 29,29705
37,93944 32,0648 29,16755
37,76854 32,25706 29,21695
38,45214 32,27041 29,12215
37,25584 32,03275 28,96193
37,93944 32,83117 29,55073
38,62304 31,93929 29,61749
38,11034 32,36387 29,6255
36,40134 32,25439 30,08746
37,59764 32,88725 30,10882
37,25584 32,01673 29,61215
38,28124 32,49738 29,53471
37,76854 32,33984 29,13016
37,08494 32,2891 29,03003
37,93944 32,47335 29,73765
37,59764 32,5321 29,47997
37,59764 32,52409 30,22631
39,30664 32,95134 30,20629
39,81934 32,16359 28,84043
37,59764 32,1449 29,60948
39,47754 32,29711 29,72163
37,59764 32,35586 29,751
38,28124 32,6309 29,96997
37,25584 32,40926 29,61882
36,57224 31,86719 29,3064
36,40134 32,15025 29,61615
37,08494 31,71232 29,41722
37,42674 31,82447 29,04071
38,11034 32,50272 29,41054
38,45214 32,92463 30,59748
36,23045 31,76572 28,4479
36,57224 32,0194 29,4052
39,64844 33,01008 30,05008
37,76854 31,66425 28,65218
38,28124 31,58948 27,64548
37,76854 31,91793 29,05673
36,74314 32,11553 29,18223
36,23045 32,86321 29,95261
36,91404 32,6309 29,87918
39,30664 32,52142 29,32109
39,47754 32,30779 29,01534
37,59764 32,57215 29,70961
35,54684 31,76305 28,70692
36,40134 32,27842 29,43991
37,25584 32,13155 28,73095
37,42674 32,05946 29,27035
36,74314 32,45733 30,02337
36,23045 32,58283 29,92457
37,93944 32,34785 29,72029
39,30664 32,56948 29,67757
37,76854 32,55079 29,57743
35,03415 31,85918 29,20092
37,76854 32,74305 29,29572
37,08494 32,62823 29,74833
37,42674 32,7564 29,82978
37,76854 32,53744 29,43724
37,59764 32,58283 29,76302
37,25584 32,66561 29,70561
36,91404 32,67896 29,82177
36,74314 32,29444 29,61882
38,11034 32,40926 29,09678
37,08494 32,71368 29,46528
37,76854 32,9273 29,23297
38,28124 32,73504 29,98732
37,25584 32,22501 29,04338
37,59764 32,53477 29,44125
36,91404 32,85787 30,15956
36,05954 32,59084 29,9446
38,62304 33,38926 30,84182
38,45214 32,5321 30,00735
39,13574 32,98338 29,91389
36,05954 32,71635 30,09146
38,45214 32,64959 29,73498
37,25584 32,59351 28,22627
37,42674 32,67095 30,18225
37,08494 32,59084 29,73098
38,11034 32,50806 29,71095
38,28124 32,61488 29,96329
38,28124 32,37455 28,77635
38,96484 33,04746 30,25302
38,28124 32,28109 29,65621
37,08494 33,14893 30,45462
38,11034 32,72169 29,03136
37,76854 32,66828 29,01534
36,91404 32,67896 29,80574
36,40134 32,59618 29,85114
37,93944 32,36921 29,87517
37,76854 32,54811 30,01135
38,28124 32,63624 29,15286
36,57224 32,23302 29,43457
37,59764 32,16894 29,54005
36,40134 32,24637 29,84847
37,25584 32,64692 29,97397
38,28124 32,27041 29,76302
37,25584 32,40125 29,75901
36,91404 32,50272 29,69359
36,23045 32,62022 30,15689
38,79394 32,41193 29,66555
37,42674 33,07951 30,40389
36,40134 32,31046 29,88318
38,96484 32,67629 29,69626
37,76854 32,54545 29,25834
36,91404 33,08752 30,42392
38,28124 32,56681 30,01269
36,05954 32,27575 29,50534
36,91404 32,3879 29,65087
37,59764 32,54545 29,74433
39,30664 32,89793 30,38119
36,91404 32,64425 30,0167
37,59764 32,46534 29,40787
38,45214 32,40926 29,21962
39,13574 32,6843 30,51738
38,96484 32,93264 30,20095
36,05954 32,19297 30,08479
38,28124 32,47869 29,92457
37,08494 32,20098 29,57476
38,96484 32,80981 30,05408
38,96484 32,75907 30,10882
38,96484 31,84316 29,20359
38,28124 32,32381 29,90855
37,42674 32,40392 29,87651
36,40134 32,32915 29,43324
38,11034 32,81248 29,80441
38,28124 32,39591 30,16089
37,93944 32,77776 29,82711
38,96484 32,64425 29,72964
37,25584 32,81515 30,13419
38,45214 31,93929 29,36514
36,74314 32,37188 29,69092
37,93944 32,78043 30,20228
37,25584 32,12354 28,9379
37,76854 33,19433 30,74035
37,76854 32,48136 30,05809
36,74314 32,25439 29,34245
38,28124 32,20899 29,01267
37,25584 32,74839 29,90588
38,28124 33,25842 30,92994
38,11034 32,78043 30,23166
37,93944 32,83651 30,22898
38,62304 32,51875 29,37583
37,93944 32,65226 29,71763
37,25584 32,39858 29,64286
37,42674 32,45466 29,31842
36,23045 32,51608 29,77103
36,57224 31,98202 29,14084
38,96484 32,73771 30,22097
39,30664 32,94332 29,40387
37,59764 32,46534 30,17291
36,40134 32,54278 29,56942
36,57224 32,25438 29,45994
36,40134 32,3158 29,51869
36,91404 32,87122 29,9673
37,76854 32,4333 30,23299
37,42674 32,47335 29,83645
36,05954 32,22234 29,94994
36,91404 33,02877 30,20629
38,45214 32,47602 29,98732
37,42674 33,20501 30,83781
37,42674 32,35853 29,48798
37,93944 32,49738 29,8191
36,05954 32,31847 29,55474
38,11034 32,44932 29,36114
39,30664 32,06213 29,32643
37,25584 32,64425 29,98732
36,57224 32,19297 29,60948
36,23045 32,6843 29,98866
39,99024 33,10621 29,79373
37,59764 32,83384 30,25435
39,30664 32,44932 29,9446
37,76854 32,63891 29,65487
37,59764 32,83384 29,56675
35,54684 32,1636 29,08477
36,57224 32,74572 30,34648
36,74314 32,54011 29,93792
36,91404 31,99537 28,80839
37,93944 32,55346 30,09013
36,91404 32,40926 29,2343
38,11034 32,51875 29,02602
36,74314 32,51073 29,55474
37,42674 32,61221 29,65354
38,45214 32,03275 29,83779
37,08494 32,52409 30,36517
38,11034 32,26507 29,97531
36,57224 32,00872 29,3518
36,91404 32,63891 30,00602
36,74314 32,2704 29,21427
38,45214 33,20768 30,09814
36,05954 31,49335 28,78035
37,08494 32,53744 29,36648
37,08494 32,4867 29,11013
36,40134 32,51073 29,47329
37,25584 32,72436 30,2143
37,76854 32,60152 29,92057
38,11034 32,8552 30,06476
38,28124 32,31847 29,05406
38,28124 32,69765 30,03939
38,96484 32,5855 29,37316
38,28124 32,49204 28,50665
35,88865 32,55346 29,55207
36,74314 32,78043 29,53471
37,42674 32,44131 29,5494
36,57224 32,36921 30,1422
37,93944 32,60419 29,70828
38,11034 33,00741 30,12217
37,59764 32,86321 30,30909
36,74314 32,14757 29,15419
37,25584 33,15427 30,31977
39,30664 32,46 29,60414
38,45214 32,46267 29,35447
37,93944 32,60686 29,96997
38,45214 32,37989 29,14885
35,71774 32,50539 29,65487
38,11034 32,91395 29,75901
38,28124 32,66828 29,85381
38,79394 32,97269 30,09414
37,25584 32,50806 29,97397
37,93944 32,41994 29,30907
35,54684 32,1182 28,76433
38,79394 32,44932 29,53605
39,30664 32,46801 29,76836
37,42674 32,62289 29,62283
37,42674 32,97803 30,43326
36,57224 32,93531 30,46931
38,62304 32,28109 29,94193
37,25584 32,69498 30,11416
37,25584 32,23837 29,47329
39,81934 32,39324 30,00067
39,64844 32,59886 29,45193
37,25584 32,77509 29,33978
36,23045 32,24103 29,28103
38,96484 32,20365 29,55474
36,91404 32,99673 29,95528
36,74314 32,07815 29,73098
35,71774 32,94866 30,69762
38,11034 32,5134 30,3358
38,28124 32,98338 30,05408
39,30664 32,46 29,6255
39,47754 32,54812 30,29708
38,45214 32,26507 28,87381
36,40134 32,04877 29,80441
38,62304 32,56414 29,89253
37,76854 32,9006 30,41323
37,25584 32,59885 29,65621
38,45214 32,62823 30,0434
37,25584 33,12223 29,66422
37,42674 32,60686 30,0701
38,96484 33,25575 29,8191
37,93944 32,97002 29,94193
38,79394 32,6843 29,88852
38,11034 32,67896 29,65621
39,81934 32,5855 29,23564
38,45214 32,80714 29,71629
36,40134 32,36921 29,75501
40,33204 32,50272 30,2143
37,59764 32,31847 29,9673
36,40134 32,43597 29,8458
36,74314 32,70834 29,50133
37,59764 32,8552 29,24899
36,74314 32,89259 30,33313
36,23045 32,54812 29,56942
37,93944 32,49738 29,53204
36,57224 31,93662 29,16087
39,13574 32,46 29,56408
39,81934 32,80447 29,35046
37,25584 32,52676 29,39585
37,08494 33,16496 30,35449
37,59764 33,31716 30,46664
36,57224 32,72703 30,3852
37,42674 32,217 29,38651
38,96484 33,08218 30,1649
37,59764 32,42796 29,3558
36,91404 32,50539 29,52937
37,59764 33,13559 30,3398
37,25584 32,94332 29,62817
36,91404 32,71635 29,81108
37,76854 32,50806 29,03804
37,93944 32,42796 29,59479
36,40134 32,43063 28,98997
35,54684 32,34251 29,32376
37,59764 32,84986 29,91256
39,64844 32,67362 29,92457
37,42674 32,6576 29,28637
39,30664 32,8285 29,83111
37,76854 32,56681 30,0207
36,23045 32,52943 29,84446
38,28124 32,72169 29,72163
37,42674 32,3158 29,00065
37,08494 32,51608 29,63218
37,42674 32,3879 29,76168
37,76854 32,65493 30,22364
37,59764 33,21302 30,7577
39,13574 32,84986 29,75768
36,74314 32,80447 30,58146
39,64844 32,63891 29,96463
38,45214 33,03678 29,75901
37,25584 32,31847 30,0474
39,64844 32,85254 29,16621
38,11034 32,83117 30,0207
37,93944 32,39858 28,48796
37,76854 32,74305 30,23566
36,91404 32,12888 29,44258
39,13574 32,38256 29,02068
36,57224 32,2624 29,50667
37,76854 32,39057 29,05539
37,08494 32,81248 29,21294
36,91404 32,35586 29,88585
36,57224 32,94866 30,49601
38,79394 32,88458 30,29708
38,11034 32,79646 29,75501
39,47754 32,62556 30,03539
40,50294 32,69232 30,23433
37,42674 33,25575 30,41324
38,96484 33,27711 29,6522
38,28124 33,41062 30,08212
38,45214 33,27177 30,72433
37,08494 32,32648 29,82844
35,88865 32,13689 30,11283
37,59764 32,39858 29,14485
39,30664 33,25842 30,09414
39,13574 32,75373 30,1916
37,59764 31,8218 29,38784
38,11034 31,94997 28,60011
37,25584 32,56948 30,04073
36,91404 32,57215 29,58945
38,11034 32,42795 29,63484
37,93944 32,60152 29,1315
38,62304 32,75106 29,55073
37,93944 32,48136 29,69359
37,42674 32,99139 30,16089
40,84474 32,42262 29,30373
35,20504 32,21166 29,5307
38,62304 32,22501 29,23163
39,13574 32,83918 29,32776
37,93944 33,24774 30,37852
37,76854 32,88992 29,90722
37,93944 32,77242 29,97264
39,13574 32,74572 29,84313
36,91404 32,20365 29,72697
39,47754 32,29711 29,3291
35,54684 32,13956 29,36515
37,25584 32,48136 29,50667
38,28124 32,73771 29,60414
38,28124 32,71101 30,04073
36,40134 32,35853 29,0367
39,13574 33,05548 30,20629
37,93944 32,55079 30,12084
39,30664 32,89793 29,16888
37,08494 32,89793 30,32378
37,76854 32,20098 29,34111
38,45214 33,0448 29,91389
37,93944 32,71101 29,65087
37,08494 33,0982 30,65356
37,59764 32,63624 30,13552
38,11034 32,54812 30,09013
39,30664 33,04479 30,04206
38,62304 33,08752 29,36915
36,74314 32,41193 29,9219
38,45214 32,7564 29,88719
38,62304 32,93531 29,50667
36,91404 32,46801 29,48664
38,96484 32,79646 29,98466
37,08494 32,703 29,56275
37,93944 32,66828 29,06207
36,05954 32,703 30,31577
37,25584 32,53477 29,7737
40,16114 32,71101 29,98198
40,50294 32,75106 29,93392
39,64844 32,52142 29,21428
38,62304 33,11422 30,10215
38,45214 33,02343 30,19961
36,57224 32,46 29,31174
39,47754 32,88725 29,79239
37,08494 32,50272 29,99133
38,62304 32,77776 29,49199
37,93944 32,80447 30,17157
37,08494 32,94599 29,98332
37,42674 32,67095 29,92724
38,11034 32,9994 29,49332
37,59764 32,40926 29,7697
36,23045 32,76441 29,13283
37,76854 32,8819 29,89386
36,74314 32,8285 30,16089
37,42674 32,77509 30,05942
36,91404 32,95934 30,48934
35,88865 32,59885 29,87384
38,96484 33,00474 30,11817
37,93944 32,81515 30,31043
39,13574 32,79646 29,28237
37,76854 33,11689 30,01002
37,42674 32,56414 30,04607
37,76854 32,97003 29,3024
39,30664 33,46136 30,53607
38,96484 32,45733 29,07809
38,28124 32,74572 30,3358
39,99024 32,84986 29,75902
37,25584 33,50141 29,59746
36,91404 32,40125 29,7964
36,74314 32,9994 30,5334
37,76854 32,69498 29,71629
36,91404 32,78577 30,17024
39,30664 33,50409 30,47599
37,42674 32,30512 29,28237
37,93944 33,41063 29,7016
37,59764 32,1636 29,1315
37,25584 32,51608 29,56408
36,74314 33,03144 29,58411
39,30664 33,10888 30,20095
38,79394 32,94333 29,85381
40,67383 33,5655 30,93795
39,64844 33,27711 29,99667
37,42674 33,44267 30,59615
38,45214 33,11689 30,0434
37,76854 32,46267 29,64553
39,13574 32,88992 29,01133
38,11034 32,05946 28,97795
38,11034 32,44398 29,21294
38,62304 32,66294 29,51869
40,33204 32,96469 29,9406
37,76854 32,61755 29,68425
37,93944 32,3158 28,95793
35,88865 32,18496 29,36114
38,45214 32,66294 30,52138
37,76854 32,94599 30,28373
38,45214 32,58817 29,78305
38,79394 32,79646 29,74566
38,96484 32,56681 29,04738
36,40134 32,39591 29,92591
38,11034 32,56147 29,66021
37,25584 32,64158 29,75367
38,45214 32,16093 29,54406
37,42674 31,76305 28,90853
36,57224 32,86855 29,52269
37,59764 32,18496 28,78836
38,11034 32,82583 30,00602
37,93944 33,18365 30,5561
39,99024 32,83651 29,95395
38,79394 32,52943 29,29305
38,28124 32,69498 30,27972
37,93944 32,8018 29,69226
37,76854 32,5321 29,62149
38,11034 32,71902 30,2143
38,28124 32,8552 30,09547
37,59764 32,81515 30,05942
36,91404 32,36387 29,78305
37,93944 32,70033 29,53471
38,62304 32,38523 29,68425
38,28124 32,66294 29,48798
38,11034 32,96201 30,14754
38,28124 32,52943 29,86449
37,42674 33,13024 29,54139
39,13574 33,6109 30,99669
37,59764 32,39858 29,4773
39,13574 33,19433 30,42926
36,05954 32,31046 29,47863
38,96484 33,27711 30,80043
37,76854 32,85253 29,63885
38,45214 33,23972 30,43059
37,59764 33,05814 30,69896
37,59764 32,97269 29,96863
37,93944 32,90594 29,28771
39,13574 33,02076 29,56275
38,28124 32,29978 29,49065
36,40134 31,65624 29,30506
37,76854 32,49471 29,66422
36,40134 31,82447 28,86714
38,96484 32,66027 30,18626
38,62304 32,24371 29,20359
37,08494 32,26507 29,72697
37,59764 32,92997 30,2677
36,05954 32,49738 29,5534
38,45214 32,78043 29,74833
41,01564 32,86856 30,5107
37,93944 33,05814 30,62152
37,25584 32,58283 30,20896
38,79394 32,57749 29,39185
39,47754 32,92997 29,79373
37,76854 33,06348 30,50002
39,13574 32,82316 30,25969
36,91404 32,63891 29,94593
39,30664 33,11689 30,05275
36,40134 32,63891 29,57343
37,25584 32,83117 30,1155
36,57224 32,42796 29,36114
38,79394 32,66561 30,01136
38,79394 32,95667 30,04206
36,91404 32,69231 30,14621
36,74314 32,5321 29,5494
38,28124 32,5775 29,57343
38,45214 32,80981 30,14354
37,93944 33,04479 29,94193
37,76854 33,2237 30,54942
38,11034 33,11155 30,35849
37,25584 32,84719 28,93122
38,28124 33,29313 30,32378
38,28124 33,08485 29,34912
39,47754 33,47738 30,79509
37,08494 32,76708 29,78171
37,42674 33,41596 30,76304
37,93944 33,00741 30,16757
39,64844 32,66561 29,31041
37,42674 32,72703 29,93125
37,25584 32,44398 29,93125
37,08494 32,45199 28,9606
36,40134 32,56681 29,68024
36,57224 32,79111 30,12084
36,74314 32,72703 30,13419
36,91404 32,78577 29,81776
36,40134 32,67362 29,51869
37,08494 32,91929 30,54274
37,76854 32,95133 30,32111
37,42674 33,14092 29,34245
37,59764 32,83117 30,20495
38,45214 33,0982 30,29975
37,76854 32,62823 28,87648
36,57224 32,19564 29,17689
38,28124 32,57482 29,45994
37,25584 32,73771 29,93125
38,28124 32,74572 30,00335
36,23045 32,54545 29,38784
38,79394 32,37188 29,55474
37,08494 32,77242 29,74032
39,81934 32,49204 29,94193
38,45214 32,88458 29,70695
36,57224 32,60152 29,82711
39,81934 32,66027 30,07811
37,93944 32,74305 29,90588
36,91404 32,62556 30,06476
36,91404 32,32915 29,19158
38,28124 33,01542 30,10348
37,59764 32,27842 30,17958
37,93944 32,9273 30,07411
36,74314 32,33984 30,13152
37,42674 32,83651 30,09814
37,42674 32,42529 30,22364
37,76854 33,36523 30,62419
36,57224 33,05013 29,91656
37,08494 32,50539 29,39318
38,11034 32,98071 30,10215
37,93944 33,25575 29,84847
36,40134 33,02343 30,21697
39,64844 32,69498 29,74166
38,96484 32,4146 29,72297
36,05954 32,4333 30,21697
37,59764 32,7297 30,33847
37,08494 32,44932 29,78305
37,08494 32,5321 29,73231
36,91404 32,47869 29,55607
37,93944 32,59618 29,85247
36,23045 32,02474 29,14885
37,93944 32,71101 30,23433
36,40134 32,29978 29,52002
36,23045 32,39591 30,09948
38,96484 32,80714 29,96196
37,76854 32,87656 30,72566
37,93944 32,7297 30,26504
39,30664 32,73771 29,86716
37,25584 32,57215 29,75367
36,23045 32,71902 29,88585
37,76854 32,25172 29,45727
37,59764 32,55346 29,59079
37,25584 32,75373 29,81509
37,42674 32,87389 30,00602
36,23045 32,76708 30,36116
39,47754 32,81248 30,15155
38,96484 32,52943 29,46929
38,28124 32,84986 30,31844
37,08494 32,77776 30,13018
36,91404 32,41727 29,70027
37,25584 32,7564 29,64019
38,96484 32,82049 29,58678
37,76854 32,79379 30,36383
37,59764 33,04746 30,35182
37,42674 32,4333 29,60814
37,25584 32,58283 30,1689
38,62304 32,50005 29,81242
36,57224 32,67896 30,237
38,62304 32,49204 29,79773
36,57224 32,59618 29,8992
38,45214 32,8739 29,5
36,74314 32,88457 29,49866
37,25584 32,73504 30,09814
38,28124 32,57482 29,83779
40,50294 32,66294 30,15422
36,74314 32,72703 29,87651
37,59764 32,98338 30,30909
37,93944 32,98071 30,2143
37,93944 32,95934 30,40389
37,93944 33,18098 30,17558
37,76854 32,74305 29,3064
36,74314 32,97536 30,53607
37,42674 32,78844 29,53605
38,45214 32,68697 29,94326
37,42674 32,9006 30,47332
36,91404 32,5855 30,29174
36,40134 32,79913 29,19959
37,59764 32,83651 29,67356
38,28124 32,87122 30,44127
39,30664 32,49738 29,747
36,91404 32,46534 29,98732
37,42674 32,94065 30,05408
38,62304 33,09019 30,49869
37,25584 33,37324 30,56678
37,25584 32,84719 30,07277
37,76854 33,01809 30,32645
37,25584 32,81782 29,82043
39,81934 32,85788 29,76169
38,45214 32,81248 30,23299
39,30664 33,17564 29,66289
36,23045 32,66294 30,10215
36,74314 32,84986 29,97664
38,79394 33,47738 30,13019
38,96484 32,81515 30,07411
37,76854 32,19297 29,73631
37,93944 33,06615 30,54942
37,76854 32,98605 30,08078
38,62304 33,10354 30,08212
38,79394 33,24239 30,08879
37,42674 32,94599 29,86716
36,57224 32,60686 29,51468
39,47754 33,12223 30,32645
37,59764 33,02877 30,12351
37,59764 32,51608 29,90187
36,23045 32,55079 30,1689
37,25584 32,5855 29,78705
37,59764 33,0982 29,92991
37,08494 32,79111 29,998
37,76854 32,33717 29,63885
37,93944 32,36119 29,74032
36,05954 32,72436 29,67624
37,08494 32,74038 30,3852
39,30664 32,52142 29,66822
38,11034 33,20501 30,37185
37,42674 32,69231 29,73098
37,76854 33,03678 29,99266
36,91404 32,8552 29,66956
37,59764 32,91929 29,80841
36,91404 33,20768 30,67893
