0,8138021 0,4259748 0,3115343
0,8138021 0,4545852 0,328224
1,017253 0,4514063 0,334582
0,8138021 0,4482274 0,3369663
0,8138021 0,4593536 0,3623971
1,017253 0,4466379 0,3306083
1,017253 0,4831956 0,3743181
0,8138021 0,5070375 0,3774971
0,8138021 0,4800167 0,3774969
0,8138021 0,491143 0,3997489
1,017253 0,4831957 0,3870334
0,8138021 0,5086269 0,4069014
1,017253 0,5261108 0,4196168
1,424154 0,570615 0,4410742
1,424154 0,5912775 0,4704785
1,220703 0,6151194 0,4816047
1,424154 0,6739296 0,5245194
1,627604 0,7263818 0,5467723
2,441406 0,7899598 0,6278366
3,86556 0,8153914 0,6333997
2,848307 0,8455915 0,662805
2,848307 0,9091706 0,7081044
3,255208 0,9409602 0,7247939
3,255208 0,9791073 0,7494304
2,848307 0,9870544 0,7565827
3,458659 1,058578 0,8273115
3,255208 1,072883 0,8432062
3,458659 1,122156 0,8455903
3,051758 1,231829 0,9306261
2,848307 1,269977 0,9330108
3,255208 1,314483 0,9695684
4,475912 1,41144 1,021226
3,255208 1,490912 1,08719
4,475912 1,707076 1,222293
4,882812 1,923242 1,391569
6,510416 2,11239 1,525085
6,917316 2,406436 1,733302
19,73471 2,894402 2,105237
14,64844 3,191629 2,291998
17,49676 3,643036 2,602736
14,03809 3,789267 2,761683
20,54851 4,178684 2,985795
17,49676 4,739761 3,320376
17,7002 5,237263 3,635088
14,64844 5,315146 3,697872
21,36231 6,103515 4,162788
18,51401 6,175043 4,229547
17,49676 6,624859 4,666648
18,92091 7,212958 5,079908
19,53126 7,448196 5,057652
21,56576 8,014043 5,371573
19,32781 8,705454 5,905628
19,53126 9,576481 6,437302
22,58301 10,63983 7,353622
24,61751 11,99087 8,242929
24,41406 13,75517 9,452506
23,39681 16,19817 12,37155
24,82096 18,05465 15,05216
24,82096 18,85891 16,63923
26,652 19,44066 16,95474
27,4658 19,43747 17,31476
27,4658 20,40545 18,16671
26,85546 20,30531 18,15318
28,2796 20,68679 18,34155
26,85546 20,88388 18,70791
27,8727 20,92998 18,87639
30,51755 21,32416 19,18793
27,87271 21,58961 19,32303
27,0589 21,64682 19,49072
29,29685 22,4924 20,0518
32,7555 21,91702 19,4478
30,11065 22,24127 19,90397
29,70375 22,53849 20,15748
32,95895 22,56075 20,29499
31,33135 22,73877 20,30373
29,29685 22,35411 20,16703
29,5003 22,734 20,59459
30,11065 22,6895 20,53897
31,5348 23,11388 20,97288
29,9072 23,27124 20,96972
32,14515 23,32528 21,08573
32,55205 23,62886 21,45052
30,92445 24,06914 21,54509
31,1279 23,57324 21,12706
31,73825 23,60821 21,42112
32,55205 23,7894 21,63569
32,75549 23,66701 21,53874
32,14515 23,66542 21,54191
32,55205 24,12955 22,04021
34,38309 24,40452 22,21029
33,77275 24,22332 22,03543
30,11065 24,30279 22,08154
32,7555 24,59366 22,32869
37,23139 24,55394 22,15861
32,34859 24,48876 22,23969
33,5693 24,94334 22,50989
31,9417 24,99263 22,66963
40,4866 25,09752 22,74354
38,24864 25,01805 22,61957
38,45209 25,88589 23,18541
49,8454 26,66473 23,6066
51,67647 28,44492 24,39499
53,30408 31,54753 26,02657
52,08337 36,74503 29,6998
53,10063 40,50568 36,22928
51,87992 41,3783 37,46189
60,42491 42,96618 38,49743
56,15241 41,43871 37,53661
57,16967 42,12853 37,99595
53,30408 42,2875 38,09928
65,1043 42,1635 38,20894
52,28682 41,82494 38,11516
55,54206 42,71346 38,65559
60,22145 42,53862 38,58486
56,15241 41,64216 37,79092
54,72825 43,19031 39,05059
51,47301 42,12537 38,30907
55,3386 42,64194 38,6683
54,11789 42,59108 38,50221
55,13515 42,98368 38,68739
71,61477 42,68328 38,5491
54,72825 42,29543 37,90378
56,96622 42,96143 38,63731
63,27324 43,12195 38,99176
59,00074 42,67533 38,51334
59,20419 42,10787 38,15807
55,74551 42,30655 38,24392
54,5248 42,91373 38,75969
55,13515 42,14125 38,3655
55,3386 44,11698 39,68159
56,15241 43,36517 39,04899
57,78003 43,2221 39,12289
60,83181 43,025 38,95442
56,15241 43,26502 38,96476
55,74551 43,0997 38,93058
54,5248 43,55747 39,2723
58,79729 43,19826 39,17456
56,76277 43,30793 39,16343
57,16967 42,96142 39,23019
56,76277 43,11879 39,21907
62,25597 43,09176 38,83281
59,6111 43,12672 39,30807
54,5248 42,98527 39,0021
55,94896 43,46369 39,26037
60,42491 43,36834 39,39074
55,54206 43,96755 39,77536
56,96622 42,71029 39,11893
54,11789 42,73412 38,99573
54,72825 42,68644 38,90194
56,35587 43,39059 39,2755
54,32135 43,16169 39,45987
54,72825 43,66874 39,5584
54,11789 43,08699 38,69849
53,50754 43,22847 39,03864
60,018 43,04882 39,42646
54,52479 43,86424 39,63948
52,89718 42,93917 39,07998
57,37313 44,02796 39,78809
52,69373 43,34448 39,57826
58,59384 44,11379 40,01538
54,9317 43,46212 39,46543
56,35587 43,84358 39,99312
60,83181 43,5559 39,36531
56,35587 43,68305 39,41457
54,11789 44,1567 39,76662
59,81455 44,64152 40,29753
58,18694 43,53204 39,49403
57,57658 44,67489 40,09961
56,55932 44,02001 39,67681
52,08337 43,30953 39,18726
59,6111 44,72574 40,0416
56,96622 44,36335 39,9534
61,44217 44,69395 40,39525
57,16967 43,86267 39,82067
56,35587 43,97075 39,91684
60,22145 43,59403 39,38833
54,11789 43,1617 39,41059
58,59384 44,3077 40,14094
59,6111 43,68464 39,71418
58,59384 44,25208 39,95498
59,20419 43,32224 39,49562
58,18694 44,56044 40,19102
57,16967 43,32699 39,71895
55,13515 43,38741 39,44475
58,18694 43,71643 39,65695
60,018 43,78001 39,57588
65,30775 44,57315 40,09803
56,96622 43,65444 39,52581
59,6111 43,66396 39,54329
62,45942 43,99459 39,85723
57,57658 43,61152 39,37878
65,51121 44,07405 40,12902
55,94896 44,00412 39,79523
56,76277 43,15216 39,12766
56,96622 44,18214 39,9367
58,59384 44,16941 40,08212
59,00074 44,04068 40,03127
55,94896 44,35698 39,85009
57,16967 44,07564 40,12344
55,94896 42,89784 39,20077
58,18693 44,25367 39,84928
56,96622 45,28047 40,59872
57,57658 44,3983 40,07896
56,96622 44,25684 40,11394
