0,6103516 0,2559029 0,1462301
0,4069011 0,2415978 0,1422565
0,6103516 0,2336504 0,1335145
0,6103516 0,2400083 0,1597404
0,4069011 0,2400083 0,1430512
0,6103516 0,2463662 0,1509984
0,6103516 0,2400083 0,135104
0,6103516 0,2543135 0,1478196
0,6103516 0,2511346 0,1597404
0,6103516 0,2527241 0,149409
0,8138021 0,2495451 0,1605351
0,4069011 0,2384188 0,1557668
0,6103516 0,2670291 0,1660982
0,8138021 0,2543135 0,1462301
0,6103516 0,2590819 0,1629193
0,6103516 0,2447767 0,1486143
0,6103516 0,2559029 0,1676877
0,6103516 0,2479557 0,1613299
0,6103516 0,2384188 0,1502037
0,4069011 0,2400083 0,1541773
0,4069011 0,2559029 0,1565615
0,6103516 0,2543135 0,158151
0,4069011 0,2352399 0,1470248
0,8138021 0,2590818 0,1621246
0,6103516 0,2368294 0,1533826
0,6103516 0,2606713 0,1676877
0,6103516 0,2400083 0,1517932
0,6103516 0,2606713 0,1708666
0,6103516 0,2543135 0,1597404
0,4069011 0,2336504 0,1613298
0,4069011 0,2304715 0,1525879
0,6103516 0,2479557 0,1645087
0,4069011 0,2527241 0,1573562
0,6103516 0,2495451 0,1533826
0,6103516 0,2479557 0,1525879
0,8138021 0,2511346 0,1549721
0,6103516 0,2400083 0,154972
0,4069011 0,2574924 0,1645088
0,6103516 0,2415978 0,1589457
0,6103516 0,2463662 0,1660982
0,4069011 0,2495451 0,158151
0,6103516 0,2447767 0,1525879
0,6103516 0,2495451 0,1533826
0,4069011 0,2384188 0,1668929
0,6103516 0,2479557 0,1708665
0,6103516 0,2527241 0,1668929
0,6103516 0,2590819 0,1780191
0,8138021 0,2463662 0,1621246
0,8138021 0,252724 0,1573562
0,6103516 0,2543135 0,158151
0,6103516 0,2622608 0,181198
0,8138021 0,2463662 0,1589457
0,6103516 0,2511346 0,1645088
0,6103516 0,2765658 0,1772243
0,6103516 0,2574924 0,1645088
0,6103516 0,2590819 0,1740455
0,6103516 0,2733869 0,1819927
0,6103516 0,2606713 0,1764296
0,6103516 0,2463662 0,163714
0,8138021 0,2431872 0,1629193
0,6103516 0,2559029 0,1788138
0,6103516 0,2559029 0,1613299
0,6103516 0,2543135 0,1700718
0,6103516 0,2543135 0,1692771
0,4069011 0,2511346 0,1748402
0,6103516 0,2670291 0,1843769
0,6103516 0,2543135 0,1756349
0,6103516 0,2479557 0,1613299
0,6103516 0,2622608 0,1732507
0,6103516 0,2574924 0,1684824
0,6103516 0,2559029 0,1764296
0,6103516 0,2527241 0,1780191
0,6103516 0,2670291 0,1804032
0,6103516 0,270208 0,1740455
0,6103516 0,2717974 0,1843769
0,6103516 0,2670291 0,1804032
0,6103516 0,2654397 0,1732507
0,6103516 0,2606713 0,1796085
0,6103516 0,252724 0,1748402
0,6103516 0,2654397 0,1804033
0,6103516 0,270208 0,186761
0,8138021 0,2717974 0,1923241
0,6103516 0,2765657 0,1819927
0,6103516 0,2670291 0,1827874
0,6103516 0,2829235 0,1947082
0,6103516 0,2447767 0,1653035
0,8138021 0,2447767 0,172456
0,6103516 0,2670291 0,1772244
0,6103516 0,2797446 0,1978871
0,6103516 0,2574924 0,1748402
0,6103516 0,2622608 0,186761
0,6103516 0,2749763 0,1923241
0,6103516 0,2861024 0,1915293
0,6103516 0,2781552 0,2050397
0,8138021 0,2686186 0,1939136
0,6103516 0,2670291 0,1915294
0,6103516 0,2924601 0,1931188
0,6103516 0,2861023 0,2034502
0,6103516 0,2972284 0,2090132
0,6103516 0,2638502 0,1851716
0,6103516 0,2590819 0,1780191
0,8138021 0,2686186 0,1962977
0,8138021 0,2717975 0,1931188
0,6103516 0,2749763 0,1931188
0,6103516 0,2495451 0,1835821
0,6103516 0,2861023 0,1986818
0,6103516 0,2654397 0,1859663
1,017253 0,3051756 0,2106026
0,6103516 0,2638502 0,1962977
0,6103516 0,2972283 0,2113973
0,8138021 0,2829235 0,2034502
0,6103516 0,2670291 0,1978872
0,6103516 0,2733869 0,1923241
0,8138021 0,2813341 0,201066
0,6103516 0,3051756 0,2121921
0,8138021 0,2892812 0,2121921
0,4069011 0,2861023 0,2098079
0,6103516 0,3051755 0,2145762
0,8138021 0,3035861 0,2249076
0,6103516 0,2829235 0,2129869
0,8138021 0,281334 0,2113974
0,6103516 0,2908706 0,2161657
0,6103516 0,270208 0,2066291
0,6103516 0,2892812 0,2169605
0,6103516 0,3083544 0,2249076
0,6103516 0,2908706 0,2177552
0,6103516 0,2829235 0,2066291
0,8138021 0,3115333 0,2264971
0,8138021 0,2988178 0,2217288
0,6103516 0,2972284 0,2193446
0,8138021 0,3099439 0,2193445
0,8138021 0,317891 0,235239
0,6103516 0,3194804 0,2368284
0,8138021 0,3385537 0,2431861
0,8138021 0,332196 0,2447756
0,8138021 0,3099439 0,2392126
0,6103516 0,3353748 0,2511334
0,8138021 0,3306065 0,2439809
0,8138021 0,3449117 0,2559019
0,8138021 0,3401431 0,261465
0,8138021 0,3369642 0,2511334
0,6103516 0,3417326 0,2566966
1,017253 0,383059 0,2789496
0,6103516 0,3417327 0,2582861
0,8138021 0,3639853 0,2717968
1,017253 0,3814695 0,2805391
0,8138021 0,41008 0,2964341
0,8138021 0,4275642 0,3107395
1,017253 0,4498167 0,3226607
1,017253 0,4784272 0,337761
1,220703 0,4990903 0,3711393
1,220703 0,5165741 0,3759077
1,220703 0,5292897 0,3965703
1,220703 0,5133953 0,3918018
1,424154 0,5531312 0,4291535
1,424154 0,5769728 0,4394848
1,017253 0,5737938 0,4514054
1,831055 0,7104869 0,5308769
1,831055 0,7820125 0,5896884
2,034505 0,8598967 0,6628048
2,034505 0,9282444 0,7033366
2,034505 1,020432 0,7748614
2,644857 1,111029 0,872611
2,644857 1,207986 0,9322154
3,458659 1,398724 1,045067
3,255208 1,611708 1,232625
4,069011 1,90258 1,409847
4,882813 2,350807 1,774629
5,493165 2,822875 2,165635
5,289714 3,240903 2,579687
6,103516 3,668466 2,925393
6,713867 4,108746 3,342628
7,527669 4,421868 3,71774
6,510417 4,642806 3,938676
6,510416 4,88758 4,208086
6,713867 4,946389 4,285972
8,138019 5,232493 4,526772
7,527668 5,297664 4,518032
8,341471 5,313558 4,603862
7,527669 5,475677 4,781084
7,731119 5,644159 4,976588
8,138021 5,685488 4,960695
7,731119 5,720456 5,018712
7,93457 5,811056 5,12759
7,934569 5,930269 5,238056
7,934569 5,987486 5,297658
8,138019 5,998614 5,296865
7,731118 5,995431 5,308784
8,34147 6,340343 5,582172
9,155272 6,299017 5,559132
10,78288 6,483397 5,695819
10,17252 6,526309 5,755425
12,00358 6,653469 5,816616
12,41048 6,863277 5,98351
12,41048 7,139842 6,222725
14,85189 7,656415 6,477039
13,63119 8,217491 6,898241
14,64844 8,913679 7,537209
18,71745 9,667081 8,110204
19,7347 10,77016 8,865196
20,95541 11,92729 9,884842
23,39681 13,3419 10,99586
28,88996 13,61053 11,12302
31,33137 14,97428 12,32147
36,21415 16,74016 13,58033
37,23142 17,57463 14,11518
32,14516 19,76808 15,80954
31,33136 21,40363 17,32826
38,0452 23,73059 19,12197
36,21415 26,33095 21,91306
41,09696 27,12408 22,60446
44,35218 29,12044 24,82096
41,70732 29,86429 25,42336
43,33494 31,19308 26,47877
43,33494 33,00982 27,99113
43,13148 33,16242 28,82401
44,35221 33,73621 28,96227
43,13149 35,06499 30,82195
47,40397 35,98052 31,78675
57,78004 36,48756 32,27152
47,60744 36,36676 32,68002
45,97981 37,5827 33,57965
48,42123 37,86084 33,7227
51,06611 38,90987 34,62709
50,45575 39,47573 35,36064
56,35585 40,80771 36,23325
50,45575 41,35606 37,13369
53,10061 42,1031 38,20655
54,32134 43,42078 39,02119
53,91442 44,27433 39,78572
58,39038 44,96257 40,80931
55,13513 44,9721 40,47631
56,1524 45,47914 41,04612
56,1524 45,45689 41,21939
54,52478 45,48549 41,87981
61,2387 46,40262 42,33121
54,93169 46,21347 42,33122
56,5593 46,89376 42,7588
59,40761 47,51683 43,49787
60,83179 47,64398 43,9755
59,20418 48,07632 43,97311
58,59383 48,79158 44,45316
59,00072 50,02659 45,76923
61,03522 50,29522 46,24844
61,23871 50,416 46,36287
66,93536 50,58767 46,73244
63,27324 51,76228 47,13776
64,08704 51,42848 47,67181
66,12154 51,84811 47,85541
60,22142 51,68441 47,78227
59,00074 51,71302 47,92532
67,34225 52,54588 48,58018
70,80096 53,32154 49,04031
61,44215 52,64921 48,73833
63,88358 53,12762 49,24296
65,91808 53,43442 48,92352
65,10429 53,64262 49,41783
66,52844 54,19575 50,04566
63,88359 53,93508 49,7699
61,6456 54,3388 49,85572
66,52844 53,9637 49,95508
65,71465 54,64717 50,46847
69,78367 54,35629 50,389
66,73191 54,41512 50,49311
64,49393 54,89512 50,85552
69,17332 55,26229 50,65683
65,51116 54,76956 50,7808
69,78368 56,38445 52,286
68,3595 55,07313 51,29577
67,95263 55,84246 51,60574
67,95261 55,88854 52,43225
72,63202 56,32405 51,91566
68,56298 57,48754 53,39865
68,56297 56,92646 52,98379
67,13881 57,20303 53,0577
68,15606 57,70213 53,3478
70,59747 57,4033 53,57745
69,37676 57,90398 53,32872
69,17334 57,93259 53,70936
66,7319 58,28386 54,27919
69,58023 59,09131 54,65908
67,74918 58,45234 54,36978
67,13883 58,90055 55,20821
73,24236 60,08473 55,97437
68,35954 59,13105 54,91657
73,64928 59,91782 55,5611
73,44583 60,30886 56,00854
72,02166 59,34721 54,51365
73,24237 60,30565 56,09597
70,59751 59,6826 55,74467
72,02166 60,01321 55,94733
73,03893 60,74118 56,36457
72,83546 60,79842 56,16669
73,03893 60,64898 56,22232
78,32867 60,53772 56,46152
74,05618 60,62514 56,53543
73,44581 61,25141 57,3111
76,9045 61,64083 56,98368
71,61474 61,48188 56,67532
73,44581 62,41809 58,15274
74,25964 62,74395 58,46984
73,03891 62,84883 58,53659
80,15971 64,2285 59,47915
73,85272 64,17605 59,71992
86,46661 64,09658 59,83357
76,70104 63,87564 59,39727
74,87 63,83908 59,94565
82,39762 65,56364 60,53614
78,53213 64,77372 60,4233
79,34592 64,82773 60,3152
76,90452 65,20288 60,25403
78,12521 65,14722 61,04794
80,1597 65,1377 60,62276
80,77004 64,71648 60,6021
79,14244 65,08366 60,74992
76,70108 65,05184 60,71892
76,9045 65,12657 61,27444
76,4976 64,79435 60,51548
