0,6103516 0,3910064 0,296434
0,8138021 0,4450485 0,3266346
0,8138021 0,443459 0,3194818
1,017253 0,4609431 0,3480924
0,8138021 0,4577641 0,3353768
0,8138021 0,4657115 0,3600131
0,8138021 0,4736588 0,3592185
0,8138021 0,4895535 0,3902123
1,017253 0,5118058 0,4053119
1,017253 0,5149847 0,4076961
1,627604 0,5435946 0,4180275
1,017253 0,5690255 0,4466371
1,424154 0,5753832 0,4522001
1,424154 0,6453192 0,4895522
1,220703 0,6771088 0,5261092
1,424154 0,7216135 0,5499515
1,424154 0,7295607 0,5515408
1,424154 0,8058546 0,6182998
2,644857 0,9123494 0,6786997
2,237956 0,9822858 0,7311515
2,644857 1,05381 0,7947288
2,237956 1,093546 0,8273118
2,237956 1,10944 0,8344641
3,458659 1,204808 0,8893
4,679362 1,293819 0,9449317
3,458659 1,311303 0,9481109
4,475912 1,479786 1,063347
3,86556 1,537006 1,096725
3,865559 1,675287 1,198452
4,272461 1,745223 1,27236
4,475911 1,940727 1,383622
4,475912 1,99318 1,462301
4,272461 2,182324 1,593431
5,086263 2,470017 1,808008
5,086263 2,654395 1,943906
4,882812 2,822874 2,108415
6,103516 2,985 2,228419
8,138021 3,334682 2,461273
6,917318 3,74794 2,789499
7,120768 4,043581 3,03189
7,934569 4,506113 3,488063
7,73112 4,938443 3,812313
8,13802 5,310378 4,072188
9,969071 5,688666 4,410741
9,155272 5,780856 4,638831
10,37598 6,583532 5,191962
11,18978 6,780625 5,435148
10,37597 7,00156 5,647342
11,18978 7,166863 5,865096
13,63119 7,758138 6,318884
10,98633 7,834436 6,556513
13,42774 7,931393 6,508035
12,20703 8,217493 6,790955
14,24154 8,446373 7,101695
13,83464 8,664129 7,185936
13,83464 8,923218 7,500648
13,02083 8,967718 7,588864
13,02083 9,231565 7,833637
13,42774 9,578071 8,105435
13,42774 9,859404 8,37644
15,05535 10,10577 8,59896
14,8519 10,554 8,958181
14,64844 10,59691 9,055935
15,46225 11,01494 9,296731
15,05534 11,64278 9,941261
18,51401 11,7143 10,00802
16,4795 11,87643 10,33068
17,2933 12,20703 10,59135
16,27605 12,4995 10,85838
16,4795 12,57897 10,92116
16,68295 12,93818 11,27482
17,2933 13,17183 11,31376
19,12436 13,37211 11,63404
18,92091 13,56602 11,81443
18,51401 14,03173 12,12041
18,51401 14,24631 12,51141
18,92091 14,88367 13,12971
22,58301 14,90593 13,15594
20,54851 15,21111 13,3562
18,10711 15,09031 13,32602
19,12436 15,21587 13,38323
22,78646 15,92319 13,91967
20,75196 15,89139 14,13743
20,75196 16,06465 14,13028
20,14161 16,18545 14,3679
22,17611 16,75447 14,76288
21,97266 17,0962 15,2874
21,15886 17,16456 15,03547
21,15886 17,07236 15,29694
21,36231 17,1121 15,13322
23,60026 17,35529 15,31204
20,95541 17,58258 15,6347
22,78646 17,73358 15,79047
22,58301 17,94338 15,99391
23,80371 18,32327 16,25777
25,43131 19,03217 16,86653
24,41405 18,78739 16,8101
23,19336 19,01786 17,01434
26,04166 19,92862 17,62073
24,21061 19,8555 17,77411
26,65201 20,4595 18,32962
26,85546 20,78056 18,44008
27,26235 21,09527 18,95905
28,48305 21,51171 19,21812
27,26235 21,6341 19,44621
26,85546 22,13795 19,94928
28,07615 22,56712 20,25048
28,27961 23,39841 20,80838
28,07615 23,04872 20,67328
28,48305 23,17746 20,99514
29,70375 23,92451 21,48469
28,88996 23,72582 21,34641
27,66926 24,05165 21,90749
30,92445 24,6954 22,32711
29,70376 24,56664 22,25797
30,11065 24,80665 22,42247
32,55205 25,49806 23,08687
30,51755 25,59661 23,28555
31,73825 26,12113 23,7147
31,33135 25,89862 23,79576
31,5348 26,67903 24,21856
31,9417 27,40542 24,97433
33,1624 27,5882 25,11978
31,5348 28,11748 25,44879
33,9762 28,47828 26,0647
33,36584 28,48941 25,97489
32,7555 28,52597 25,99476
37,02794 28,92015 26,20697
34,78999 29,12996 26,73546
34,58654 29,62746 27,08832
36,0107 29,80389 27,29733
35,40034 30,30934 27,54449
36,41759 30,66537 28,189
36,82449 31,0246 28,31061
38,65554 31,01982 28,62532
35,80724 31,36951 28,8852
39,26589 31,84793 29,52256
36,21414 31,44103 29,11169
38,24864 32,01006 29,45025
38,65554 32,03708 29,36841
38,85899 32,61563 30,22987
36,82449 32,50121 29,91835
38,45209 32,69035 30,28869
39,46935 32,73326 30,14882
39,06244 32,79208 30,50963
37,63829 32,79685 30,47227
39,26589 33,40877 30,85452
37,84174 33,06863 30,46749
38,45209 33,19262 30,6773
38,45209 33,34998 30,78142
39,67279 33,45965 31,13747
40,69006 33,63129 31,15573
40,0797 33,48984 31,06911
40,28315 34,16376 31,56739
39,46935 33,62336 31,24793
39,06244 34,01595 31,72634
39,06244 33,96985 31,51018
39,06244 34,42759 31,93059
41,09695 34,22574 31,80661
39,87625 34,31792 32,03309
38,65554 34,04456 31,72396
40,28315 34,64693 32,26436
39,06244 34,58496 31,78514
39,46935 34,65965 32,16185
40,0797 34,84243 32,30887
40,28315 34,73594 32,5751
41,09696 35,08244 32,47019
40,89351 34,92349 32,41774
39,87625 35,22073 32,61803
41,30041 35,05223 32,68399
41,70732 35,17303 32,86438
39,87625 34,89648 32,58543
40,28315 34,9378 32,26675
42,11422 35,38444 32,92955
40,0797 35,21118 32,71417
39,46935 35,02363 32,56398
39,67279 35,05861 32,78175
41,30041 35,36536 32,90173
40,69006 34,94099 32,67127
40,28315 35,42736 32,73483
42,72458 35,51001 32,85484
40,89351 35,67373 33,1187
39,87625 35,33516 33,0575
41,91077 35,50364 33,23632
41,50386 35,27159 32,94785
41,70732 35,65463 32,89458
41,50386 35,42101 32,82863
41,50386 35,96459 33,5097
40,0797 35,52113 33,07578
41,30041 35,39081 32,97168
40,4866 35,55451 33,27048
41,91077 35,64352 33,26731
40,28315 35,65147 33,09088
41,30041 35,70394 33,23314
40,4866 35,50205 33,25696
40,4866 35,60537 33,06624
40,89351 35,75478 33,09565
40,69006 35,83108 33,68056
41,91077 35,78181 33,32214
40,69005 35,59583 33,30944
40,28315 35,723 33,19182
40,0797 35,42736 33,21485
40,89351 35,54497 32,92956
43,13148 35,76592 33,31341
40,4866 36,09651 33,41989
39,87625 35,59901 33,16717
40,69006 35,68962 33,47552
41,09696 35,92644 33,51129
40,4866 36,04724 33,30626
41,91077 35,87558 33,58441
41,91077 36,07108 33,65514
40,28315 35,71505 33,47154
41,30041 36,15692 33,44454
41,09696 35,84696 33,5701
43,33493 36,19505 33,86097
42,72458 35,82154 33,58521
42,31767 35,99163 33,49462
41,50386 35,84856 32,95419
41,70732 36,07903 33,70044
41,91077 36,30633 33,83794
40,4866 35,79453 33,48667
40,28315 35,86286 33,03922
41,70732 35,84062 33,51924
42,11422 36,1903 33,73222
39,67279 35,47822 33,08452
39,87625 35,72298 33,27922
40,4866 36,11399 33,54625
41,91077 36,24435 34,13755
41,30041 36,07425 33,60267
41,50387 36,10287 33,73461
42,31767 36,22367 33,80851
42,31767 35,69757 33,17751
41,30041 36,14103 33,81249
40,69006 35,99478 33,86496
42,52113 36,10288 33,62335
40,89351 36,17597 33,73302
41,30041 35,80883 33,30705
39,67279 35,72776 33,33803
42,31767 35,92962 33,75528
41,91077 36,31745 33,66706
43,33493 36,04565 33,78945
43,53838 36,33177 34,00799
40,69006 36,0838 33,69091
41,09696 36,32064 33,80853
41,91077 36,11083 33,77514
41,50386 36,13148 33,59236
45,36945 35,98047 33,52002
41,30041 36,28408 33,83237
41,09696 36,1903 33,96747
42,11422 36,39056 33,84588
40,69006 36,05041 33,43657
42,92803 36,48594 34,00481
41,91077 36,42078 33,97938
41,50386 36,19348 34,0088
43,33493 35,99957 33,82362
40,0797 36,04564 33,83714
43,13148 36,56063 33,59395
40,4866 36,30633 34,06124
42,11422 36,14421 33,63209
41,30041 36,24753 33,96907
44,14874 36,4748 34,1884
43,74184 36,37309 33,83316
41,50386 36,2348 33,90548
40,4866 35,9312 33,56692
41,70732 36,60514 34,1884
41,30041 36,01067 33,75368
41,30041 36,08062 33,62256
40,89351 36,06632 33,83157
40,89351 36,09969 33,59711
42,11422 36,27453 33,89116
40,28315 36,40488 34,03024
