0,8138021 0,3910064 0,2956392
0,8138021 0,4291539 0,3115344
0,8138021 0,419617 0,3099448
1,017253 0,4609431 0,3361715
0,8138021 0,4577641 0,3457082
1,220703 0,4800167 0,3671656
1,220703 0,4752483 0,3616026
0,8138021 0,4688904 0,3663708
1,017253 0,4831956 0,3814704
1,017253 0,5133952 0,4029278
1,424154 0,508627 0,399749
1,220703 0,491143 0,3925965
1,017253 0,5531311 0,4323323
1,017253 0,5467734 0,4339217
1,017253 0,5785621 0,4506107
1,220703 0,592867 0,4728627
1,017253 0,6469089 0,506241
1,424154 0,6961823 0,5412093
1,424154 0,7327397 0,5690255
1,627604 0,7915494 0,6214789
1,424154 0,8042651 0,6310155
1,627604 0,8598969 0,6675733
1,627604 0,8885075 0,697773
1,627604 0,979107 0,7462515
1,627604 0,9663914 0,7454563
2,034505 1,033147 0,8090334
2,034505 1,05381 0,8201595
2,237956 1,144408 0,8479742
2,441406 1,204809 0,9131423
2,848307 1,312893 0,9957951
4,06901 1,40985 1,078448
3,458659 1,552899 1,18971
2,644857 1,63237 1,289842
2,848307 1,805625 1,479785
4,069011 1,943908 1,598202
3,051758 2,066293 1,746812
3,255208 2,061525 1,75317
3,458659 2,206164 1,908936
3,662109 2,304715 1,998743
3,662109 2,334915 2,044043
3,662109 2,404852 2,074242
3,458659 2,470016 2,154512
3,458659 2,560613 2,249877
3,458659 2,539951 2,238752
4,06901 2,552666 2,263387
3,458659 2,574918 2,280077
3,662109 2,555845 2,280871
3,66211 2,589224 2,296765
3,458659 2,621012 2,328552
3,86556 2,71797 2,382593
4,069011 2,687771 2,365109
3,66211 2,749759 2,419944
4,06901 2,740222 2,419149
4,06901 2,752939 2,41756
4,27246 2,770423 2,45968
3,86556 2,787908 2,47955
4,069011 2,854667 2,515315
4,475912 2,816518 2,501009
4,272461 2,905532 2,565386
4,272461 3,02156 2,651217
4,069011 2,961162 2,63135
4,069011 3,064472 2,723536
3,86556 2,981823 2,682212
4,272461 3,12487 2,774397
4,272461 3,169374 2,820491
4,272461 3,20752 2,873735
4,272461 3,234542 2,868173
4,679362 3,215468 2,883271
4,272461 3,282228 2,933337
4,272461 3,355345 3,023146
4,679362 3,377598 3,032685
4,679362 3,368061 3,006457
4,882813 3,437999 3,070039
4,679362 3,444358 3,088319
5,289714 3,503166 3,09547
4,475912 3,477736 3,097855
5,086263 3,668467 3,247262
4,679362 3,628732 3,238521
4,882813 3,652571 3,277461
4,882813 3,628731 3,275078
5,086263 3,733632 3,368852
5,086263 3,867147 3,430044
5,289714 3,840125 3,454681
5,493164 3,927547 3,480113
5,289713 3,881453 3,519058
5,086263 3,906886 3,511109
5,289713 3,995898 3,570719
5,289714 4,04994 3,636682
5,900065 4,10239 3,685158
5,696614 4,207294 3,768605
6,510416 4,356698 3,896553
6,306966 4,442528 3,969666
6,510416 4,547442 4,07378
6,103516 4,623734 4,165971
6,510416 4,739762 4,255774
6,510417 4,849428 4,37021
6,306966 4,992482 4,479886
6,917317 5,075142 4,585589
8,13802 5,054475 4,558566
7,527669 5,194351 4,67539
7,527668 5,180048 4,659498
7,731119 5,230909 4,754858
7,324219 5,477264 4,954336
7,324219 5,540843 4,979768
7,93457 5,577404 5,050505
8,138021 5,704566 5,118853
7,527669 5,806292 5,269843
7,324219 5,83808 5,273022
7,324219 5,788808 5,249974
9,358723 5,962054 5,408127
7,934569 5,93662 5,411306
8,54492 6,057415 5,482833
8,138019 6,162325 5,567077
7,527669 6,17981 5,608404
8,544922 6,286308 5,726811
8,951821 6,330809 5,744298
8,748372 6,500881 5,853173
8,138021 6,497703 5,896088
9,155273 6,597832 6,02166
8,341471 6,626444 5,990661
8,951822 6,775855 6,143252
9,358725 6,871221 6,202062
9,155273 6,875991 6,247359
9,155273 7,03017 6,347497
9,765624 7,141432 6,456376
10,98633 7,440247 6,677311
9,969076 7,371902 6,672545
10,37598 7,49747 6,810031
9,969075 7,561048 6,836253
10,57942 7,807413 7,092953
9,969076 8,101463 7,317861
9,765625 8,010864 7,248717
12,41048 8,258817 7,437864
10,57943 8,265177 7,497468
10,78288 8,246106 7,498268
12,61393 8,484525 7,660392
10,78288 8,424124 7,669134
10,17253 8,571939 7,828869
12,20703 8,683205 7,876556
11,80013 8,753139 7,969538
12,00358 8,858043 8,000531
12,81738 8,778572 8,021194
11,80013 8,899375 8,053781
11,59668 8,867584 8,039475
11,39323 8,940702 8,091133
12,41048 9,069448 8,236571
11,39323 8,978845 8,130074
13,63119 9,061489 8,244514
12,20703 9,163218 8,304913
11,59668 9,266536 8,499622
12,41048 9,147322 8,354976
12,00358 9,447736 8,637109
13,02083 9,455685 8,613268
12,41048 9,566942 8,729299
13,02083 9,566949 8,673672
12,41048 9,474762 8,620426
13,02083 9,593969 8,778573
14,03809 9,595558 8,73804
11,80013 9,517677 8,667315
12,81738 9,601911 8,832616
12,41048 9,719522 8,850888
12,00358 9,749723 8,920034
12,20703 9,748137 8,877119
12,41048 9,748139 8,838171
12,61393 9,908679 8,962952
13,02083 9,95 9,071829
11,80013 9,977029 9,129845
12,61394 9,826018 9,002687
12,81738 9,88801 9,022558
13,42773 9,950005 9,024143
12,00358 9,746546 8,978842
12,81738 9,981797 9,127459
13,22428 10,01517 9,109182
12,61393 10,0422 9,166398
13,42773 9,996099 9,106003
15,86914 9,984976 9,12349
13,42774 10,16617 9,299117
12,20703 9,978612 9,069444
13,02083 10,15823 9,267328
12,41048 10,21862 9,276865
13,02083 10,15663 9,245866
13,22428 10,36326 9,393685
13,83464 10,14392 9,210107
14,03808 10,28537 9,30786
12,20704 10,11531 9,276075
15,05534 10,07398 9,226004
13,63118 10,35054 9,396074
12,41048 10,34418 9,442962
13,42773 10,27107 9,383359
12,81738 10,45862 9,476344
13,63118 10,22975 9,380181
13,22428 10,25995 9,315807
13,83464 10,33942 9,314216
13,63119 10,44273 9,531973
12,41048 10,54446 9,671847
13,02083 10,43319 9,546281
13,63119 10,40617 9,493825
13,22429 10,62712 9,683775
13,02083 10,5381 9,578069
12,61393 10,4777 9,537538
13,42774 10,38233 9,4978
13,22429 10,42683 9,42548
13,02083 10,4777 9,562173
13,22428 10,52539 9,622577
13,22428 10,56353 9,66072
13,22428 10,53492 9,625755
14,03809 10,5985 9,566944
14,24154 10,55082 9,639264
14,24154 10,54446 9,614624
12,81738 10,53015 9,622572
13,02083 10,56989 9,668665
14,44499 10,66367 9,703636
13,02083 10,4475 9,601908
13,63119 10,60486 9,639267
13,63119 10,44432 9,555816
13,42773 10,47451 9,550251
13,42774 10,7956 9,818867
13,02083 10,51585 9,555025
13,42774 10,5524 9,607474
13,42774 10,66686 9,735426
14,64844 10,74792 9,713176
14,64844 10,55877 9,62973
15,46224 10,76699 9,782309
15,05534 10,71613 9,715557
15,25879 10,83057 9,823635
16,88639 11,1103 9,977021
15,46224 11,18819 10,00007
20,1416 11,68251 10,27584
21,56576 12,02583 10,47691
21,56575 12,95885 11,14051
27,46582 14,27492 12,09736
26,04167 15,61959 13,81715
28,07617 16,675 14,67228
29,70377 17,64774 15,59019
27,66928 18,79851 16,71235
28,27962 20,26557 17,6994
28,07618 21,92974 19,04248
31,53483 23,50966 20,96493
31,12794 24,35684 22,02988
29,50033 24,9211 22,70301
32,75554 26,19267 23,78941
35,60384 26,6838 24,38465
32,95899 27,3514 25,02443
32,95899 27,84252 25,60933
33,97624 28,35432 26,03609
33,36589 28,29075 26,11557
35,4004 28,96309 26,93733
36,62111 29,6704 27,49125
37,43492 29,76736 27,46265
34,38315 30,19015 28,03644
34,58659 30,47943 28,26055
39,87632 31,03734 28,59275
37,028 31,58411 29,0966
38,2487 31,47284 29,0982
38,04526 32,68401 29,85716
39,67287 33,19899 30,59386
39,87631 33,70127 30,88632
38,65561 34,21626 31,57378
41,50392 34,69946 32,12294
40,89356 35,11586 32,47577
41,70737 35,22875 32,53619
42,92807 35,60545 32,79925
41,50392 35,67854 32,93752
43,33497 36,14265 33,74975
43,74189 36,84362 34,14075
45,97982 36,87381 34,51109
42,92807 37,45715 35,03482
42,72462 37,95149 35,4481
42,72461 37,70828 34,90051
44,55568 38,10883 35,60544
45,36946 38,28844 35,7334
43,74186 38,41716 36,14505
42,92806 38,4744 35,4568
44,96256 38,94965 36,16652
44,35221 38,8972 36,32466
44,35222 39,2167 36,74587
43,33496 38,99733 36,68626
44,96258 39,14991 36,68864
45,36946 39,59657 37,4516
43,94533 39,28503 36,96759
43,53841 39,30568 37,4063
45,77637 39,96849 37,4627
44,35222 39,46463 37,01211
46,18327 39,92081 37,23462
47,40396 40,19897 37,58749
46,79362 40,08136 37,5271
46,99708 40,48825 38,15334
45,77637 40,43102 38,2312
46,38673 40,53116 38,2638
46,79363 40,53434 37,9912
46,59018 40,92376 38,37109
47,81088 40,99686 38,74062
46,18327 40,78549 38,5507
46,38671 40,88562 38,37506
45,57292 41,07952 38,89242
46,79361 41,31636 38,71202
46,18326 40,86019 38,70091
45,77636 40,83634 38,62145
46,79362 41,31636 39,11576
45,97983 40,91741 38,62382
46,79362 41,34815 38,94806
47,40397 41,54045 38,60074
45,57293 41,4451 39,14595
45,97983 41,11927 38,99336
46,99705 41,45146 39,23018
46,59018 41,21781 38,96873
45,77636 41,46098 39,28182
46,79363 41,41648 38,95364
46,79362 41,41013 38,96712
46,7936 41,60084 39,06885
45,57292 41,49597 39,07602
46,79364 41,55954 39,15469
46,18328 41,76775 39,23178
47,40397 41,3974 38,88369
47,20053 41,42603 38,75811
47,20052 41,61358 39,53297
47,60742 41,71371 39,09747
48,62465 41,60086 39,07124
47,81088 41,82816 39,47574
50,45572 41,99028 39,52503
48,62468 41,98551 39,82305
47,40397 41,71372 39,40503
49,03157 41,8377 39,44715
48,21777 42,1651 39,81032
46,99707 41,90921 39,804
48,21777 42,23506 40,02015
48,21778 42,23665 40,20295
48,21778 42,48938 39,90094
47,20052 42,35427 39,89143
47,40396 42,0316 39,51389
47,81087 42,53229 39,96451
49,43848 42,305 39,52743
49,64191 42,64673 40,42785
48,21778 42,73892 40,27287
46,18326 42,58315 40,22043
48,01431 42,56408 40,12505
47,40397 42,47507 39,72212
47,40396 42,57838 39,84926
47,40397 42,86448 39,88188
47,40397 43,02026 40,50096
47,81087 42,9837 40,71472
47,40396 42,4115 40,28321
46,99707 42,54023 40,34598
51,87989 42,74525 40,62574
48,21778 42,61176 39,93113
48,21777 42,76117 40,4342
49,43845 42,67057 40,53196
48,42122 42,41307 40,46678
48,21778 42,60539 40,24825
47,60744 42,82949 40,57726
48,21777 42,82633 40,51366
48,01433 43,08224 40,81329
48,21775 42,90264 40,53037
47,81088 43,10927 40,68056
47,40397 42,69123 40,22043
47,81086 43,09497 40,72905
47,20052 42,847 40,53912
49,43848 43,10448 40,44611
49,23502 43,1347 40,5256
48,21778 43,08862 40,57967
