0,5126953 0,1014709 0,05073547
0,5126953 0,09613037 0,04806519
0,3417969 0,09078979 0,0453949
0,3417969 0,09346008 0,04673004
0,3417969 0,09613037 0,04806519
0,3417969 0,09880066 0,04940033
0,6835938 0,1495361 0,07476807
0,5126953 0,1655579 0,08277893
0,3417969 0,157547 0,0787735
0,6835938 0,1869202 0,09346008
2,734375 0,2483368 0,1255035
1,196289 0,2483368 0,1308441
2,050781 0,3551483 0,1989365
2,563477 0,4699707 0,2737045
3,076172 0,64888 0,3725052
4,785157 0,945282 0,5447388
5,810546 1,377869 0,8050919
3,759766 1,652908 0,992012
4,614258 1,94931 1,198959
4,443359 2,285767 1,449966
4,956054 2,464676 1,495361
5,297851 2,814484 1,821136
5,468749 2,833176 1,814461
7,348631 3,199005 2,044106
6,152343 3,118896 1,969337
6,494139 3,329849 2,260399
5,981444 3,482056 2,419281
6,152342 3,383255 2,182961
6,494139 3,578186 2,389908
5,981444 3,567505 2,396584
5,810546 3,725052 2,543449
6,835937 4,098892 2,718353
7,006834 4,144287 2,810478
7,690427 4,117584 2,739716
8,032225 4,26178 2,980042
9,057616 4,325867 3,10421
7,519529 5,028152 3,611565
7,690427 4,859924 3,547478
11,4502 5,300521 3,909302
8,886717 5,66101 4,088211
14,86817 6,349945 4,560852
15,55177 6,67572 5,032158
13,15919 7,033539 5,389977
13,50098 7,794571 6,236458
12,30469 8,24585 6,661034
14,69727 8,785248 7,037544
15,89356 9,580995 7,635689
14,86817 9,738541 7,653046
17,43165 11,22322 8,8974
17,77344 12,15248 9,63707
16,74806 13,16452 10,49557
20,50781 14,18991 11,6745
18,79882 14,60915 12,50229
18,62793 14,98566 12,96024
20,67871 16,00304 14,11381
23,41307 16,41426 14,505
19,82422 16,63857 14,76936
20,50781 17,16194 15,15789
23,58398 17,39426 15,46631
21,5332 17,73605 15,79609
22,72949 18,71338 16,48235
22,0459 18,57185 16,67061
27,68554 19,34891 17,14993
27,68555 19,90967 17,47169
27,51464 20,58258 18,28346
26,83106 21,42639 18,79082
28,88184 22,89505 20,01781
30,41991 23,52791 20,70408
31,10351 24,39842 21,8029
29,22363 25,27962 22,16873
31,44531 25,38109 23,14739
32,6416 26,13678 23,1287
32,81249 26,63345 23,13271
34,35059 27,09274 24,05529
38,11035 27,6535 24,01123
36,57226 28,0674 24,24088
36,23047 29,0287 25,49191
38,79394 30,62553 26,90315
43,9209 31,29311 27,81105
39,64844 32,99141 28,81107
42,3828 34,57756 30,8485
41,69922 34,15298 30,19295
39,99023 34,62563 30,83515
42,55371 35,01549 30,69897
43,06639 35,48012 31,96468
45,45899 35,55756 31,9994
41,01563 36,29723 32,31049
44,2627 35,98747 32,5428
44,60449 36,88736 33,4547
41,69922 37,24251 33,33855
43,23731 36,31058 32,67899
42,041 36,75117 33,17432
44,94629 36,86867 33,4734
48,19334 37,12234 33,49476
42,5537 37,31728 34,38263
42,89551 37,03957 33,73108
47,33887 37,46948 33,99277
44,60449 37,71248 34,40399
43,5791 37,93411 34,43069
42,21192 37,65907 34,42135
46,82618 38,09967 33,29449
45,28808 38,09433 34,51881
45,45899 38,01155 34,87797
46,65527 37,76054 34,84325
46,14257 37,49351 34,85527
46,31348 37,69646 33,72574
45,97167 38,00621 35,11963
42,8955 37,53357 34,79252
43,5791 37,20245 34,15432
46,14258 38,68179 34,88598
45,11718 37,38403 34,2905
45,28809 38,17711 34,56554
49,56054 38,71384 34,59625
42,8955 37,95815 34,38931
46,31348 37,83264 34,25579
45,62988 38,72185 34,05952
44,94629 38,50021 35,33192
47,50977 37,99019 34,62429
44,60449 38,62839 35,00881
46,31347 38,83667 35,38799
43,40821 38,00087 34,15699
45,1172 38,74588 35,3159
46,65528 38,27324 33,86059
46,82618 38,19313 33,54282
45,80077 39,09035 35,73246
46,65527 38,35602 35,03685
46,65528 38,99956 35,15835
48,87695 39,49623 35,3466
47,33886 39,13307 35,39867
46,31347 37,9982 35,04353
46,65528 39,27994 34,84459
46,31348 39,88075 35,9127
50,41504 39,06631 34,54819
50,07324 38,97552 34,74579
48,36426 38,95416 35,392
44,77539 39,36005 35,93941
47,85155 38,93547 35,5669
46,31348 38,48686 35,0275
47,68066 38,75122 35,4948
49,90234 39,21318 35,13031
49,73144 38,7619 34,70707
46,31348 38,81531 34,9514
46,31348 38,58566 34,44538
43,5791 38,5376 35,24914
46,48437 39,45885 34,85794
47,33885 39,93416 36,21044
45,11718 38,82332 35,39867
45,28808 38,79662 35,34393
44,43359 38,43079 34,75647
44,7754 39,52026 35,31322
50,24415 38,99155 35,43873
48,87695 39,23721 34,165
48,87695 39,68315 35,78186
46,31347 38,91144 35,31456
45,62988 39,18381 36,16905
46,48439 39,86473 36,16905
47,33887 39,53362 35,57491
46,65527 39,75525 35,78453
46,82618 39,36272 35,9087
47,50978 39,68849 35,56557
46,31348 39,34937 35,88467
48,36424 39,77394 35,36129
47,68066 38,82866 34,72843
47,33887 38,94615 35,06088
44,77538 38,89809 34,42802
47,33886 39,77394 36,00483
47,85157 40,00893 36,52821
45,459 39,13574 34,84592
47,50976 40,10506 35,92072
46,65527 39,58702 36,24115
45,1172 39,03427 35,84595
44,94629 38,92746 34,67636
48,53517 39,49089 35,31322
45,80077 39,40277 36,01551
46,99707 39,99825 36,24249
47,33887 39,56566 35,82191
46,65528 40,23323 36,19843
46,82616 39,38942 35,6163
46,31349 39,6698 34,95808
48,36426 39,69383 35,78186
44,60449 39,38141 35,63099
45,62988 39,60037 35,16636
49,90234 39,34135 35,2478
46,99706 39,09836 35,16502
44,94629 38,95683 35,25047
45,97168 39,36272 35,60028
44,0918 38,91945 34,38129
44,77539 39,04762 35,53486
44,77538 39,59503 36,52287
45,80077 39,23721 34,75647
46,99707 38,87939 34,43871
47,85157 38,95416 35,43205
44,94629 39,60838 36,14502
49,21875 39,62975 36,09695
52,12402 39,37607 34,89799
50,41503 40,09972 35,65502
45,1172 38,13438 35,3653
47,85155 39,16779 35,77118
44,60449 39,07967 35,43339
43,57911 38,52158 34,98344
46,14258 39,05563 35,25982
45,11719 38,81531 35,72979
47,50975 39,077 34,74979
50,58593 39,26926 36,12366
49,04785 38,7886 34,99546
49,21875 39,50424 35,35461
46,65526 39,44016 35,61764
46,48437 39,69383 36,48014
48,70606 39,53896 35,81924
44,43359 39,4268 35,89001
45,1172 39,60838 35,56023
46,48439 39,18381 35,14366
47,85155 38,86604 34,74045
47,33886 39,42947 36,23447
46,65527 39,46686 35,64301
46,31347 39,13574 35,38799
50,07325 38,95149 35,55489
45,1172 38,97285 35,53886
49,04784 39,55765 35,21709
44,77539 39,24522 35,65769
45,45899 40,62843 36,86733
47,68065 38,71117 35,43072
45,28809 39,77928 36,45077
45,97169 39,53629 35,42538
46,82617 39,19983 34,86862
46,82617 39,73389 36,23714
44,77539 38,53226 35,25715
50,92773 39,62173 35,41737
44,60448 38,43612 35,18639
49,90234 39,58168 35,66704
46,14257 38,99956 35,64434
47,68066 39,57901 35,96344
47,85155 38,83133 34,71508
46,31347 38,22517 33,60291
46,65527 38,83667 34,50012
48,70605 39,99825 36,619
45,45898 38,4388 33,93936
46,14257 38,35068 35,21042
49,21875 39,45618 34,51214
48,02247 39,80064 35,75249
47,33886 39,80064 36,66439
47,50977 39,77661 36,29456
49,04786 39,55765 35,53753
46,14257 39,57367 36,07559
45,80078 39,09569 35,03151
45,97168 39,53362 35,87532
47,85156 39,26926 35,80322
48,70605 39,40811 35,42538
44,94628 39,68849 35,92072
49,04785 39,61372 35,41336
47,16797 39,96353 35,55355
48,53515 39,40811 35,89401
46,48438 39,84871 35,79655
47,16796 38,86604 34,74979
48,19337 38,91144 34,7805
47,33886 40,14244 36,65371
46,14258 39,01291 35,74448
46,48438 39,4268 35,72712
45,28808 38,90076 35,9808
46,99707 40,04097 36,50551
48,53516 39,15977 35,9808
45,80079 39,66713 35,27985
50,58594 38,86071 35,35862
48,53515 39,30931 35,60829
47,85156 38,82866 34,9968
46,82616 39,11171 35,882
45,97168 39,95018 36,28521
46,99707 39,69917 36,07025
47,33886 39,5256 34,73644
48,19335 39,82201 35,57224
44,77538 39,28795 35,14233
45,11718 39,77127 35,8326
46,99707 39,15176 35,44807
48,87695 39,58702 35,70976
46,14258 39,52827 35,91537
44,94628 39,65645 35,23979
45,11719 39,18114 35,30521
46,82616 39,42413 35,84995
44,43359 38,57765 35,09693
48,70605 40,43617 35,42938
44,77539 39,83803 36,85665
47,50977 39,46152 35,32658
48,53516 39,87808 35,78053
46,31348 39,15977 34,70173
47,50976 39,06097 35,28385
45,45898 39,45885 35,72578
45,80078 40,4068 36,26919
47,16798 39,55765 35,9354
48,87695 39,59503 34,94339
47,33886 39,90211 35,74581
46,65528 38,88474 35,24647
48,36426 40,0383 35,07023
47,50978 39,25858 35,59761
44,9463 39,70718 35,65636
48,53515 39,78729 34,9247
48,02246 39,22119 35,1717
48,53514 38,95683 35,09159
47,33886 39,19983 36,05957
44,09181 39,63242 35,63766
48,87695 39,28528 35,77919
46,48438 39,82468 36,36131
46,48437 39,61105 35,65102
47,50978 39,6698 36,04488
48,19336 39,00757 34,91936
46,99708 39,1571 35,02083
46,14258 39,53629 35,46009
48,53515 39,58168 35,37998
48,02246 39,48822 35,18772
51,61133 40,59105 35,42938
49,38966 39,4989 35,46009
48,70604 39,81667 36,29189
51,44042 40,13443 36,65104
47,50977 39,47754 36,05957
45,45898 38,53226 34,82456
50,24414 39,92348 36,54423
45,62988 40,20653 36,14902
51,44043 39,50958 35,94475
46,14257 39,05563 35,31322
47,33887 40,09972 35,30788
49,04785 39,77127 36,17172
48,87695 40,14778 37,0142
47,50977 39,6965 36,68175
50,07323 40,01961 36,48148
47,68067 40,34004 35,41603
45,62989 40,07835 36,26385
50,75684 39,40277 35,06622
46,82617 40,49225 36,45744
47,68066 39,00757 35,61363
45,11719 39,39209 36,17306
46,65527 39,14375 36,14101
46,14257 39,85672 35,29186
48,70606 39,56833 36,0836
45,45898 39,98222 36,81526
44,77539 39,07166 35,5402
47,16797 39,87541 36,34262
49,73144 40,9729 37,356
48,36427 40,48424 36,75785
47,85156 39,38675 35,44006
45,62987 39,34135 36,00616
47,68066 39,81133 36,129
45,80078 39,46953 35,20374
50,41503 39,79797 36,15437
46,65528 39,95819 36,29189
49,90234 40,62843 37,10098
50,24414 40,44418 36,8166
46,99706 40,35339 36,46812
48,70606 39,91013 35,70175
45,62989 39,79263 35,74314
50,75684 40,79132 37,32262
48,70605 40,30533 36,91807
51,26953 39,814 36,38668
45,97168 39,65645 34,7311
46,65527 39,88075 36,00349
48,36426 39,69383 35,76717
46,82617 40,75394 36,40671
48,53517 40,30266 36,72581
46,82617 39,76326 35,93674
48,87694 39,94217 36,56158
48,02247 40,7299 37,07962
46,82618 39,36005 35,15835
44,2627 39,33334 34,99279
47,68066 40,28397 36,54957
46,31348 40,31868 36,32927
47,16797 39,90211 36,16505
50,75684 40,308 35,74581
46,31348 39,84337 35,7832
47,33887 40,68451 36,65104
46,48438 40,02495 36,06625
45,45898 39,51759 36,17973
46,99707 39,6431 36,04221
47,85156 40,24391 36,74717
47,68065 39,80331 34,69639
47,16797 39,72054 35,80456
48,19336 40,31868 37,15572
49,04784 39,68849 35,74848
46,99707 40,48157 36,84597
49,73144 39,31198 35,26115
44,0918 39,85405 35,5629
47,33887 39,71252 35,88467
49,73144 39,80331 36,67774
46,65527 39,75525 35,639
47,85156 39,75792 35,45742
47,33886 40,54298 36,51218
47,50976 39,6965 35,69374
46,82617 38,70049 34,49078
47,50977 40,66849 36,91139
48,19337 40,6311 37,27055
45,97168 40,00626 36,45744
45,62988 39,57901 36,00349
48,70605 40,08102 36,46011
46,48438 39,45885 35,76317
46,14259 40,41481 37,11433
49,56055 40,04097 36,63368
48,02246 39,18381 35,83927
44,94629 39,55765 35,97279
46,14258 39,85138 36,35197
50,24415 40,04097 36,22246
48,53515 40,18784 36,37466
48,02245 40,16647 36,82594
47,33887 40,39078 36,64169
46,82617 40,48691 36,68575
48,02246 39,91013 35,90336
48,36425 39,56833 36,22246
48,02246 39,88342 36,40003
47,68066 40,15045 36,50551
46,14257 39,58969 35,77919
47,50975 39,67247 36,10363
50,07325 39,58435 34,95941
49,73145 40,46822 37,20112
46,65527 39,96887 36,20644
46,65527 39,23988 35,20241
46,31347 40,14511 36,66172
46,82617 40,24658 36,66039
46,31346 40,58037 36,21445
47,85156 40,29999 37,00485
46,99707 39,17313 35,65769
45,62988 39,69383 35,72178
47,16796 40,8474 37,09698
46,99708 39,39209 36,40137
46,31347 39,52026 35,11696
46,14258 39,70985 35,93674
45,80078 39,82468 35,2972
49,04785 40,3614 36,53622
47,68068 39,51492 35,50949
50,41503 40,802 37,32529
50,75684 40,30533 36,72314
44,94628 39,0316 35,38265
46,31347 39,30664 35,7111
46,65527 40,03029 36,32526
45,80078 40,04898 36,16772
45,80077 39,85939 36,41205
48,19337 39,62975 35,6657
46,31347 40,1104 36,94744
49,38965 40,12909 36,52153
47,16796 40,59639 36,73115
47,33886 40,15312 36,67374
47,16797 40,86876 36,71913
45,80079 40,14244 35,87265
49,04785 39,58168 35,87666
47,33887 40,58037 36,33995
45,28809 39,99557 36,03287
47,85157 40,48958 36,06758
48,36425 39,40544 35,35728
47,33887 40,56168 36,17306
50,24414 40,56435 37,29725
45,97168 40,43083 36,60965
45,97168 39,39743 34,74178
45,97168 39,58702 35,89935
47,85157 39,72321 36,14502
49,73145 40,01961 35,43873
46,99707 40,16113 35,92339
48,19337 39,09569 36,02352
48,36425 39,4989 35,73914
45,45898 39,51492 35,82325
48,19337 39,63776 35,94742
48,87695 39,81667 35,95009
44,4336 39,74991 35,79521
49,21874 40,04631 36,56693
47,85154 40,7566 37,13036
49,21875 40,55099 37,17709
49,04786 40,09438 36,88335
48,53515 40,49759 36,99684
45,11719 39,7686 35,99014
48,19336 39,14642 35,48012
48,19336 39,50691 36,34529
48,19336 39,54697 36,85532
50,41503 40,7753 36,66973
48,87696 39,68849 36,05957
47,50976 39,70718 35,69374
45,97167 39,28528 35,59895
47,85155 40,43083 36,97281
49,04785 40,46021 36,03954
44,6045 39,41879 35,71644
45,62989 39,65378 35,35194
46,99707 39,9395 35,9621
45,97169 40,18517 36,47614
50,92772 39,60838 35,72311
50,75684 39,92081 36,63235
46,99708 39,63509 36,08093
46,82618 40,5056 36,16371
46,82616 40,21988 36,27319
52,46582 40,26527 36,36532
45,97169 39,93683 36,96747
44,77538 39,63242 35,81257
44,6045 39,79797 36,67374
48,70605 40,32669 36,38935
46,82618 40,04097 35,68439
47,68068 40,28397 36,79123
50,75684 40,29465 36,60431
47,68066 40,32402 36,19976
46,31349 39,64043 35,82458
47,50977 40,26794 36,78322
47,68067 40,08369 36,65237
47,68066 40,065 36,38668
50,41502 40,25459 36,86333
49,38964 40,23056 36,51752
48,53516 39,61639 36,20644
49,90233 39,98489 36,55357
49,38965 40,75928 36,52554
49,90234 40,14244 36,32793
49,04786 40,39879 35,78186
46,14259 40,26794 36,60698
47,33887 40,76729 37,03022
46,99708 39,79263 36,63368
45,97168 40,47356 36,53622
48,70605 40,42282 36,55891
50,58594 40,54298 36,09428
52,97852 40,11307 36,78722
49,38964 40,6765 36,66306
48,70605 40,31601 36,71513
46,65527 40,33203 37,08229
46,99707 40,41214 37,46681
46,14258 39,94751 35,74047
46,82616 39,85939 35,47211
47,33887 39,62975 34,98745
45,80078 39,84871 35,57224
48,36425 39,88342 36,22913
45,28809 40,5777 36,62033
47,68067 40,15312 35,54554
47,68068 40,08102 36,75652
48,53514 40,15846 36,28254
46,31347 40,21721 36,77788
48,19336 39,58969 36,18774
48,70606 40,52429 36,9875
48,87696 40,44151 36,57627
48,70605 40,33737 37,09297
49,04785 40,31601 36,46145
46,99707 40,78598 36,63235
45,80078 40,49759 36,14235
46,14257 39,77394 36,44676
46,99707 40,41481 36,93943
45,97168 40,04364 36,2318
51,44042 40,86342 36,66172
52,63671 41,26129 37,10632
46,99707 39,80865 36,86066
48,53516 40,75928 37,32796
50,24413 40,24124 37,0903
48,02247 39,66446 35,0462
48,19336 40,308 36,13701
48,02246 39,97154 36,17172
49,21874 40,78865 36,4254
50,24415 40,68718 37,39738
44,0918 39,75525 36,46412
46,14258 40,93285 36,58428
49,21875 39,97421 35,92739
49,56054 39,70184 36,39202
48,19336 40,07835 35,99682
46,99708 40,51361 36,58829
49,90234 41,37077 37,4321
47,50977 40,36407 36,75785
49,56054 41,0717 37,18643
48,87695 40,60974 36,62434
46,65527 40,50293 36,18107
45,11718 39,50157 35,78053
47,33886 40,4789 36,65371
47,33887 40,29198 35,27584
48,70607 40,58037 37,33864
46,99706 40,17181 36,90071
48,19335 40,39879 36,39469
47,68067 40,29732 35,67238
49,73144 40,85541 36,98616
47,33888 39,84871 36,6724
47,85156 40,32669 37,19711
51,61133 41,70189 37,11433
48,70604 40,01427 35,74848
46,48437 40,15312 35,89802
49,04785 40,79132 36,05156
52,46582 40,91415 37,31861
47,68067 40,63644 37,02087
45,28807 40,45753 36,19843
46,48438 40,08904 35,25715
49,04785 40,96489 37,77122
46,31347 40,72189 37,10766
48,70605 40,62843 37,2118
48,36425 41,10374 37,42008
49,56054 40,30266 37,31594
48,36425 40,53764 36,80859
48,87694 40,70587 36,37733
51,78222 40,27061 36,63235
50,75683 40,76729 36,62968
50,07324 40,89813 36,82194
48,87695 40,50293 37,0863
46,31348 40,36942 37,28924
48,53516 40,85007 37,7285
47,50977 39,87541 36,28922
49,21875 40,24124 35,87799
48,53515 39,93683 35,67371
46,65528 40,24391 36,54556
51,09863 40,83138 37,17976
49,21874 40,6765 35,97145
48,19335 40,38811 35,64434
48,19336 40,01427 35,90069
50,41504 41,43219 36,63235
50,24414 40,24124 36,24115
50,92774 40,87677 36,63635
46,82616 40,802 36,95145
49,38964 40,5323 36,37199
50,75682 41,13846 37,00886
48,36425 41,14914 36,7178
49,38964 40,30266 36,61766
46,65528 40,34271 36,619
47,68065 40,35339 36,24916
50,24414 40,59105 37,13036
49,04786 40,43083 36,45611
46,48437 40,32402 36,7979
50,75684 40,03296 37,0182
45,45899 40,04364 36,30257
50,24413 41,03432 36,63502
49,04786 40,34805 36,59096
47,85156 39,82201 36,31191
47,68066 40,00092 36,16238
48,70605 40,78064 37,20779
46,31347 39,85138 36,45611
52,29493 40,41748 36,78989
50,24415 40,45219 36,56826
48,02247 41,15181 36,9915
50,41502 40,24124 36,4975
49,73144 40,11307 35,88467
50,07323 40,81001 36,65104
48,87693 41,16783 37,14104
49,90233 40,47089 37,04624
48,36425 40,43884 36,79523
49,56055 40,59105 36,3039
51,78223 40,06767 36,42406
45,97168 40,21721 36,5963
51,09863 40,94353 36,16905
50,92773 39,98756 36,88469
49,73145 40,46288 36,18908
46,48437 40,5777 37,0903
45,11718 39,80331 36,1784
50,58593 39,89944 36,46946
47,16796 40,01694 36,34396
46,65528 40,24391 35,70309
49,56054 40,12108 36,80325
50,41504 40,44952 37,33463
47,16797 40,44151 36,4027
48,53515 40,95687 37,0182
48,19337 40,78598 37,03022
50,75684 40,72189 36,48815
47,16797 40,73792 36,70712
51,26953 40,5777 36,8433
43,2373 39,6698 35,89668
45,80078 40,12375 36,52954
45,97168 40,36674 35,68573
49,56055 40,17181 35,36797
44,77539 40,10506 35,82859
48,70605 40,0116 36,79256
51,95313 40,40146 36,34129
49,73145 40,59906 36,33461
45,45899 39,61906 35,30922
50,75684 40,52696 37,20245
49,21875 40,85274 37,08496
46,48438 40,62576 36,24783
46,99707 40,66582 36,73382
47,85155 40,46021 36,74316
47,85157 41,06102 37,13436
51,61132 40,74326 36,14635
48,19336 41,36543 37,01286
49,04785 41,3147 36,6991
48,87695 40,61775 37,31995
48,87695 40,27863 36,81927
46,82617 40,2813 36,29723
49,04786 41,22124 37,02354
48,70606 40,15045 35,7338
50,41503 40,5056 36,54022
48,70605 40,72723 36,72047
44,60449 39,14642 36,50551
48,53516 40,50026 37,10365
48,53516 41,09039 37,0636
49,21875 40,19585 36,05156
49,38965 40,87143 37,27989
49,21875 40,28397 35,99682
47,85155 40,94086 36,46812
48,53517 40,96756 37,117
47,50977 40,29732 37,23183
49,04784 40,69252 36,53622
47,68066 40,03296 35,75382
48,70606 40,31334 36,81259
49,21875 40,25726 36,32393
50,24414 40,15312 36,50017
49,04785 41,13045 37,19044
48,19335 40,53764 36,2545
46,82616 40,2626 36,54423
51,26953 41,05568 37,11834
49,04786 40,44151 36,38802
53,6621 40,70854 36,90338
49,56054 40,54298 36,619
46,14259 39,88876 36,31725
49,21875 40,97023 37,03423
49,73145 40,71388 36,77254
46,31348 40,35606 37,02488
51,61132 40,25192 36,92474
47,85155 39,84337 36,57494
50,41504 41,09039 37,03289
47,50977 40,72724 37,27456
50,58593 40,66315 36,87935
48,87693 40,06233 36,41872
49,21875 41,03699 37,06627
47,33887 40,57236 36,27052
52,29492 40,69252 37,81528
52,63672 40,71121 36,40003
49,38964 40,64178 36,92474
47,85156 40,35339 36,69376
50,75682 40,88211 37,88738
48,70605 40,56969 35,70576
48,02246 41,08772 37,30793
49,38964 40,88478 37,66441
49,38964 40,27061 36,99284
47,85155 40,39078 36,59496
48,53517 39,72588 36,50818
50,41504 41,14647 37,28657
49,56054 41,52031 37,84332
45,62988 40,24391 36,29723
48,36426 40,75127 36,89804
47,50977 39,94751 35,88066
49,90233 40,99693 37,38804
47,50976 40,60173 37,09297
47,68066 40,35072 35,86597
50,24414 40,32135 36,82327
49,73143 40,53764 36,31458
47,50976 40,73257 37,00485
49,73144 41,32805 36,74316
49,21874 40,52696 37,04357
45,45897 40,58304 36,38
49,73145 40,34271 36,03287
46,48438 40,40146 36,95278
46,31347 41,12511 36,60698
46,65526 40,63377 36,88469
51,78223 41,20522 36,90605
47,85156 40,17448 36,82327
48,36427 41,60576 37,48016
46,82617 39,61372 35,59093
48,70606 40,08904 37,14237
48,70605 40,1638 36,08093
47,85157 40,49492 37,12635
46,31348 40,62576 36,73382
48,70605 41,02631 37,17308
49,21875 40,25993 36,75652
47,33888 41,36009 36,33862
48,36427 40,49225 36,1517
46,65527 40,22522 35,58693
47,85157 40,73792 36,48014
48,70604 40,75661 35,77919
48,02246 40,43083 36,74316
46,82616 39,93149 36,51619
47,68067 40,52696 36,75919
45,97168 40,79933 36,46812
49,21875 40,66315 36,24382
47,16796 39,65111 35,62431
46,99707 40,11841 35,89401
46,99707 39,98489 35,54688
52,12403 39,67247 35,82726
50,58594 40,74325 36,95545
50,58594 40,45486 36,67507
46,99707 41,02898 37,36
49,21875 40,7032 35,5402
48,53515 40,20386 36,66973
50,75683 40,7753 36,34796
47,50977 40,07301 36,43475
48,36424 40,67649 36,88068
47,33886 40,65247 36,62434
54,34569 40,14244 36,74984
50,75683 40,45486 35,87399
48,19335 40,39345 36,22913
47,50977 40,52696 37,4815
51,09863 40,91682 36,62968
45,97168 40,6044 35,9621
48,02246 40,42282 37,08363
48,70606 40,60707 36,65638
48,70605 41,39214 37,14504
44,94629 40,51094 36,7445
46,82617 40,18517 36,77788
49,04786 40,32135 35,99682
49,04784 40,80734 37,37736
46,31349 39,97688 36,07025
46,99707 41,05034 37,07695
47,16795 40,35873 36,96747
50,41504 41,35208 36,54956
49,38965 39,64577 36,04488
49,56054 40,5323 36,97414
48,70606 40,23857 36,2545
48,19335 41,09039 37,07829
51,61132 41,20255 37,13703
48,87694 41,19987 37,2385
46,14258 40,11574 36,06224
51,44043 40,97023 37,66041
46,48438 39,25591 35,88066
49,04785 41,34674 36,91406
50,07325 40,36407 36,68575
52,46581 41,02097 36,65905
48,19336 40,47356 36,48682
50,41504 41,05301 37,29191
44,77539 39,77127 36,33194
46,99707 40,34805 36,5509
47,16796 40,49492 36,61366
48,19336 40,29999 36,18774
44,60449 39,34135 36,40671
48,87694 40,27328 36,09695
48,36426 40,78331 37,00886
46,82617 40,01961 36,09295
49,90235 40,16647 36,16371
48,02246 40,22522 36,12766
48,36425 40,69786 36,9194
48,36425 40,57236 36,70444
47,16796 40,68985 36,36398
49,73145 40,51094 36,10897
48,70605 40,89012 37,86602
49,21874 40,33737 35,87532
49,90233 40,31868 36,01818
45,97168 39,82201 36,18774
48,87695 40,41214 36,35063
52,46581 39,97688 36,42006
50,07325 41,14647 37,64038
49,90234 41,08772 37,22782
48,19336 40,53764 36,05824
51,09863 40,61775 36,45344
48,19336 39,2025 35,41737
45,97169 39,65378 35,84461
47,16797 40,39612 36,29723
48,36425 41,38947 37,30392
46,31347 40,67917 36,90205
48,53516 39,78462 36,31058
48,36424 40,42816 36,67641
46,31347 39,95285 36,33461
48,53516 41,00494 36,98349
48,70605 40,91949 37,07428
50,41505 40,38544 36,85932
46,31347 39,68048 36,7979
48,19334 40,12909 36,68976
50,41503 40,2359 35,81257
46,65527 40,73257 36,65237
49,73143 40,35606 36,61499
49,73145 40,81802 36,85532
48,87696 40,88745 37,01553
46,31348 40,51361 36,12766
47,85155 40,84206 36,41205
50,07323 40,24124 36,2772
51,26953 41,14113 37,02888
48,19336 40,39345 36,26919
46,65527 40,54832 36,07426
47,85156 39,59503 35,70709
46,48437 40,32936 35,39333
47,50978 40,5056 35,63633
51,95311 39,61372 35,71777
47,85157 40,72456 37,03022
48,53515 41,10641 36,69109
49,21875 39,49356 35,66437
49,38965 40,61241 36,29322
49,56055 40,01427 36,69643
50,75684 40,16914 35,92339
45,80077 40,56702 36,50417
49,56055 40,70854 36,87
46,48437 40,12642 35,62832
47,16797 40,94353 36,92608
47,85155 39,99825 36,77654
48,19336 40,21988 35,22778
52,46582 39,92615 36,25317
49,04784 40,42816 36,24115
48,02246 40,03296 35,30121
50,07324 40,05966 36,62567
47,16797 40,87677 37,06493
47,33887 40,17181 35,86731
51,44043 40,6044 37,06093
48,19336 40,91415 37,5309
47,16797 40,65781 36,68175
48,53516 40,15312 36,36932
49,90234 40,67917 36,06224
53,49119 41,33072 37,65507
45,45899 40,2813 36,51886
48,53516 40,37476 36,23047
48,36425 40,91415 37,72583
49,04785 40,78598 36,88202
45,97168 40,81001 37,34398
46,82617 40,22789 36,98215
49,56054 40,50293 36,97147
46,48438 40,14778 35,55222
50,92773 40,89546 36,04221
50,75684 40,47089 36,57627
45,97168 39,95819 36,58962
48,53516 40,27061 36,05957
49,73145 41,10374 37,00218
48,87696 40,50827 36,41338
45,62988 40,10506 36,13167
50,41504 40,34271 36,60431
48,53516 40,31067 35,95142
49,38965 40,45753 36,79123
46,99707 40,69252 37,38136
50,41502 39,21318 35,56557
48,53517 41,20255 37,51221
48,02246 40,79399 37,20245
49,21874 40,12642 36,57093
51,09864 40,27862 36,36265
45,80079 40,12642 36,94611
48,36425 40,58304 36,73649
46,82617 39,54697 35,75516
46,14257 40,25726 36,51218
48,02245 40,76996 37,18376
47,85156 40,49759 36,44943
49,90234 41,19186 35,82993
49,38965 40,22255 36,16905
51,95312 40,33737 35,70843
48,36426 40,32669 37,15439
46,65527 40,03029 36,66306
46,14256 40,36407 37,20913
48,53515 40,49759 36,2278
48,53517 40,30533 37,10499
49,56055 41,24794 36,70044
49,38963 40,36941 36,86867
50,75685 40,96489 36,94077
50,41504 40,51094 36,78455
49,56055 40,24925 36,7485
50,07323 40,77263 36,77254
48,36426 40,64445 37,57896
50,07324 40,68451 36,66973
48,53517 40,71121 36,84597
48,19336 41,44554 37,97817
44,9463 39,56566 36,59496
45,11718 39,81667 36,62167
49,38964 40,17181 36,54289
49,21875 40,2092 36,72581
46,65527 40,68718 36,22646
48,02246 41,539 36,67107
48,19335 40,20119 36,76853
47,16797 40,42816 36,49349
45,62988 40,17715 37,24785
48,36425 40,32669 36,03287
48,02246 40,74326 36,2278
48,02246 40,58037 37,06627
49,73144 40,35606 36,39336
49,73145 40,82336 36,89404
47,85155 40,75928 35,94208
49,21874 40,02228 36,18374
49,73144 40,99426 37,18109
51,95313 40,72456 36,32259
48,53515 40,59372 37,32529
50,58595 40,67917 36,62834
46,82617 40,91148 36,65771
46,14258 40,54031 36,72314
50,75683 40,57236 36,68976
47,85156 40,95955 37,14237
46,48438 39,87808 36,48014
48,19335 40,66315 36,11298
48,53516 41,04767 37,21714
48,36426 40,31601 35,51216
46,48438 40,36942 36,41205
48,19336 40,81268 37,46948
47,85157 40,27596 35,66437
50,92774 40,98358 37,04891
49,38964 40,45219 36,71112
48,87694 40,78865 36,21445
49,73145 40,72723 36,76052
47,50976 39,77127 36,26785
47,33886 40,62843 36,60297
46,48438 39,67781 35,149
55,71289 40,04097 35,52151
46,99707 40,55099 36,29723
50,24413 41,3868 37,64038
46,31348 39,95552 36,18374
49,90234 40,21721 36,44543
46,31347 40,1638 37,11567
52,46581 40,45486 36,54289
48,02246 40,80467 37,42542
48,36426 40,39078 36,16238
48,19336 39,8407 36,6951
50,58595 40,75394 37,12234
46,99707 40,24925 35,79254
50,41505 41,15982 36,81259
49,21875 40,19852 36,01551
48,70605 40,42015 36,9688
49,73145 40,62309 36,85932
49,56054 40,69519 36,82995
49,73145 40,67383 36,40804
49,38965 40,50293 37,34932
48,70604 39,78729 36,58161
48,36426 40,31868 36,5015
47,85157 40,40146 36,93409
48,70605 40,89279 36,63769
49,73145 40,8287 36,48148
47,85155 41,25061 37,34264
48,36426 40,59906 36,80458
50,41504 40,42015 37,10632
48,19336 39,85138 36,62434
52,12402 40,05165 36,68175
50,41504 40,61775 37,19845
47,50976 40,71922 36,60164
50,41504 40,58571 37,01553
51,78223 39,98756 36,7218
51,78222 41,43753 37,7552
46,48437 40,24124 35,43072
50,07323 40,48157 36,49616
48,02246 40,31868 36,28387
50,41503 40,47356 36,30791
47,85155 40,27596 36,09028
48,02246 40,08636 36,62033
49,04785 39,96353 36,14101
49,56054 40,308 35,66437
50,24413 40,20386 36,32927
47,85157 40,30266 37,02354
50,41504 39,85939 35,21175
46,48436 40,85808 36,45477
49,21875 40,46822 36,97548
48,70606 41,03165 36,2999
49,90235 40,81001 36,46278
48,36426 40,09171 36,5015
45,1172 39,96887 36,71246
48,02246 40,21721 36,08494
50,41504 40,41481 36,87267
49,04785 40,82336 37,10899
49,90234 40,66849 36,31058
46,31347 40,32669 35,91938
50,41503 40,87944 36,19709
46,82617 40,17181 36,40537
49,38964 40,9996 36,77654
51,44041 41,04767 36,80191
49,38964 40,15312 36,69376
48,19335 39,64043 36,23714
48,02247 40,32936 37,25986
50,24414 40,42816 36,7445
48,02246 40,2813 36,56425
49,56054 41,1171 38,18779
46,99707 40,68985 37,01019
49,21875 40,50827 36,8166
49,21875 40,55901 36,45611
46,99708 40,43617 36,10497
45,62988 39,99557 36,33194
50,24414 41,24527 37,24251
50,92772 39,86206 36,03954
46,14257 40,41481 36,49349
48,19334 39,96887 36,17039
49,21875 41,32004 37,82463
46,14257 40,96756 37,70981
46,31347 40,29732 36,9421
50,75682 41,05835 36,76586
47,68066 40,32669 37,10499
46,99707 39,4001 35,89935
49,04786 40,14511 37,00218
50,41505 40,6044 36,28788
49,56054 39,63776 36,3533
50,58594 40,56168 37,00485
51,44042 40,38277 36,71246
46,48438 39,5256 36,45077
48,02248 40,11307 36,9381
46,31347 39,9395 36,23581
48,02246 40,02228 36,32526
48,87695 40,39078 36,92741
47,68066 39,94217 36,33461
47,68065 40,08636 36,08494
49,90232 40,87677 37,27856
46,65528 39,77661 35,81123
51,78222 40,43083 36,4481
49,04786 40,64713 36,58028
48,53515 39,89143 35,84061
45,97167 40,36674 36,623
46,31348 39,98756 35,9314
47,16797 40,38277 35,97813
47,85156 40,15846 35,80589
46,31348 40,45753 36,22112
50,41504 40,70854 36,05022
48,19337 39,77394 36,21845
52,29492 40,42015 36,3987
49,04785 40,26527 36,28788
49,21874 40,49225 36,22513
47,16798 39,95819 35,98881
46,48438 40,34004 36,7485
51,26953 40,00092 36,95412
50,92772 40,66582 36,53355
48,02246 40,42282 35,96077
46,31347 39,9128 36,13033
49,21875 41,22925 37,57362
47,16798 40,76729 36,48548
