0,8138021 0,3925959 0,2948445
0,8138021 0,4355116 0,3170975
0,8138021 0,4021327 0,302792
1,017253 0,44028 0,3210712
0,8138021 0,4466379 0,3290188
0,6103516 0,4402801 0,3329926
1,017253 0,4402801 0,3226608
0,8138021 0,4323326 0,315508
0,8138021 0,4371012 0,3242503
0,8138021 0,4259748 0,3131238
0,8138021 0,4371012 0,3290188
0,8138021 0,4371012 0,3218661
0,8138021 0,4418695 0,3234555
0,8138021 0,4450485 0,3337873
0,8138021 0,4482274 0,3361715
1,017253 0,4418695 0,3258398
0,8138021 0,443459 0,3258398
0,8138021 0,4514063 0,337761
0,6103516 0,4402801 0,3353768
0,6103516 0,4307433 0,3298136
0,6103516 0,4339222 0,3170975
0,8138021 0,4514063 0,334582
0,8138021 0,4593536 0,3441189
0,6103516 0,4386906 0,3385557
0,8138021 0,4529957 0,334582
0,8138021 0,4514063 0,3369663
0,8138021 0,443459 0,3393505
0,8138021 0,4482274 0,3393505
0,8138021 0,4514063 0,3337873
1,017253 0,4529957 0,3457082
0,8138021 0,4402801 0,3314031
0,8138021 0,4466379 0,3369663
0,8138021 0,4609431 0,3496818
1,220703 0,4657115 0,3472978
0,8138021 0,4577641 0,3512712
0,8138021 0,4482274 0,3441187
0,8138021 0,4498168 0,3393505
1,017253 0,4593536 0,346503
0,8138021 0,4800167 0,3584239
1,220703 0,4625326 0,35445
0,8138021 0,4545852 0,3536553
1,017253 0,4609431 0,3528607
0,8138021 0,4625326 0,3568342
1,017253 0,4577642 0,3457082
0,8138021 0,4482274 0,3584235
0,8138021 0,4625326 0,35445
0,8138021 0,4625326 0,3544501
0,8138021 0,4450485 0,3488869
0,8138021 0,4593536 0,3552448
0,8138021 0,4561747 0,365576
0,8138021 0,4784273 0,3735233
0,8138021 0,4371012 0,3361715
1,017253 0,4752483 0,3608079
0,8138021 0,4609431 0,3560395
1,017253 0,4657115 0,3576289
0,8138021 0,4593536 0,3528607
0,8138021 0,4657115 0,3695496
0,8138021 0,4704799 0,3703444
0,8138021 0,4545852 0,346503
1,017253 0,4561747 0,3552447
1,220703 0,4688904 0,3703443
0,8138021 0,4625326 0,3584236
1,017253 0,4863746 0,3782916
0,8138021 0,4768378 0,3759074
0,8138021 0,467301 0,363192
0,8138021 0,4593536 0,3584236
1,017253 0,4895535 0,3806758
1,017253 0,4975008 0,3838547
0,8138021 0,491143 0,3902123
0,8138021 0,4736589 0,3735233
1,017253 0,4657115 0,3743179
0,8138021 0,4943219 0,3854441
1,017253 0,4943219 0,3870336
0,8138021 0,4879641 0,3838546
0,8138021 0,4975009 0,394186
1,017253 0,4847851 0,3862387
1,017253 0,5213425 0,4124644
1,017253 0,4927325 0,4061065
0,8138021 0,5022692 0,407696
0,8138021 0,5245213 0,4156432
1,017253 0,4943219 0,3949806
0,8138021 0,4975009 0,4069013
0,8138021 0,5006797 0,4084907
1,017253 0,5165741 0,4180273
1,220703 0,5277002 0,4204115
1,017253 0,5181636 0,4156432
1,220703 0,5372368 0,4331269
1,017253 0,5372368 0,4371005
1,017253 0,5578994 0,4498159
1,017253 0,5531311 0,4450476
1,017253 0,5531312 0,4537894
1,017253 0,596046 0,472068
1,017253 0,5880987 0,474452
1,220703 0,5944564 0,4768362
1,220703 0,6500877 0,5094197
1,017253 0,6326036 0,500678
1,017253 0,6612142 0,523725
1,220703 0,6628036 0,5292883
1,017253 0,6818772 0,5483624
1,220703 0,6866456 0,5451832
1,220703 0,7136663 0,5722046
1,424154 0,7359185 0,5928681
1,627604 0,7740653 0,630221
1,424154 0,8153915 0,6508838
1,627604 0,8408231 0,6723418
1,424154 0,8646653 0,70572
1,627604 0,8853285 0,7192304
1,831055 0,9330128 0,7510198
1,424154 0,9520863 0,7645301
1,627604 0,9632125 0,7891663
1,627604 1,017253 0,8511535
1,831055 1,099903 0,9043993
2,237956 1,104671 0,9036045
2,034505 1,17143 0,9417519
2,034505 1,209577 0,9806945
2,237956 1,214346 1,001357
2,441406 1,282693 1,060168
2,441406 1,397134 1,147591
3,458659 1,475017 1,203221
3,051758 1,484553 1,244545
3,66211 1,629191 1,329579
2,848307 1,746812 1,416204
3,458659 1,858076 1,506806
4,069011 2,083778 1,659394
6,306965 2,285639 1,812776
7,120766 2,643269 2,086164
8,54492 3,034273 2,338093
12,20703 3,619196 2,746583
17,7002 4,436176 3,287792
18,31056 5,097388 3,787675
21,36231 5,782445 4,164377
19,53126 6,963412 5,045734
19,73471 8,257231 5,923906
19,53126 8,850097 6,51121
20,54851 10,43955 7,71999
25,83821 11,22634 8,277099
26,24511 13,28946 9,914244
24,21061 14,61824 10,8099
29,50031 16,24108 12,1069
29,29686 18,09438 13,86484
37,63831 19,27694 15,01878
33,36585 20,53737 16,21167
30,11066 21,11912 16,91978
30,51755 22,31439 18,22232
32,75551 23,52714 19,31985
35,60381 24,96401 20,03033
38,45211 25,51556 21,04919
39,87625 26,87136 21,95199
41,50386 27,94265 22,83015
44,35219 28,06663 23,3515
41,30042 29,03778 24,32187
44,35218 29,95013 25,15157
49,43849 30,1965 25,66416
39,67281 30,83068 26,23796
49,64193 32,1086 27,58264
48,62469 33,80615 28,49579
46,59018 34,9124 29,98191
51,67645 35,06182 30,32128
49,8454 35,87721 30,86963
49,03159 36,40331 31,22964
48,82814 37,03273 32,13802
50,6592 38,43621 33,53277
51,26957 38,85902 34,00961
55,54206 39,70937 34,95452
50,86266 39,91761 34,99348
53,10063 40,91578 36,00518
58,18694 42,33358 36,96439
61,2387 42,93441 37,71227
61,84907 43,23799 38,22802
63,06978 44,62085 39,30172
59,81453 45,4712 39,87312
69,98714 46,4042 40,6297
62,45942 47,16397 41,0223
77,31141 47,33085 41,60802
71,81822 47,62014 42,67215
65,1043 47,90941 42,18657
73,85273 48,1272 42,24221
69,58023 49,42099 43,51296
73,24238 49,66579 43,69497
65,71465 50,30476 45,22801
65,91811 52,15173 46,07839
69,98715 51,4603 45,42591
72,63203 52,33291 46,36211
66,12156 52,42509 46,91919
76,4976 53,19282 47,07259
67,34227 52,0786 46,76186
72,63203 54,8681 48,76616
71,0044 53,4535 47,70361
71,20786 53,85722 48,25991
86,46658 55,50549 49,80885
78,53213 56,44486 49,87799
80,5666 55,69624 48,98787
81,38039 55,19873 49,5434
81,38039 56,02205 49,76832
78,32866 54,90943 49,43212
81,78728 56,51956 50,3906
79,54936 57,37469 50,78239
83,00797 55,33381 49,69994
84,22865 57,46053 51,03909
78,32868 57,38423 50,88491
77,92178 58,16464 51,36332
88,50105 58,00888 51,63193
90,73896 57,77842 51,67647
81,78728 57,91511 51,86482
73,24239 57,85948 51,96973
79,95626 59,12309 52,06429
102,7424 59,57927 52,59994
80,1597 59,66669 52,68418
82,39763 61,22437 53,84449
95,01137 61,1926 53,84529
91,14587 60,26432 53,51944
87,68727 61,5105 53,73164
84,839 60,05452 53,47256
86,46658 60,65217 53,69428
79,95625 61,58042 54,81328
101,5217 61,28001 54,27365
85,04243 60,82385 53,64822
88,29761 60,81271 53,99628
89,31485 62,69465 55,35686
93,18034 62,10339 55,10018
92,1631 61,63286 54,9738
92,77344 61,5836 54,32133
83,82176 62,41809 55,38151
82,60108 61,191 54,69803
86,46657 62,45784 54,68373
89,72175 62,86155 55,39582
81,17693 61,45804 54,76957
93,18034 63,19057 55,56987
89,31484 63,85021 55,90683
89,31484 63,80569 56,12777
87,28036 63,44172 56,01254
94,60448 63,37494 55,0954
91,95966 64,58931 56,7707
83,82176 63,6865 55,97598
89,31484 64,23328 56,17546
87,89072 63,61019 56,1826
89,31484 64,60995 56,83586
91,55275 63,09201 55,42522
89,72173 63,44013 56,32803
92,57 64,45738 56,65707
87,89072 64,41288 56,78186
94,40104 63,53706 56,67056
85,44935 63,76754 56,14922
89,92519 64,78958 57,12994
85,85623 64,7451 56,93204
105,1837 65,79254 57,80782
82,80452 65,19492 57,37631
