0,8138021 0,3973643 0,299613
0,8138021 0,4005433 0,299613
0,8138021 0,4307433 0,3155081
0,8138021 0,4609431 0,3472977
0,6103516 0,4307433 0,3290189
0,8138021 0,4609431 0,3480924
1,220703 0,4545852 0,35445
1,017253 0,4514063 0,3409399
1,220703 0,467301 0,3504766
1,017253 0,4831957 0,3703445
0,8138021 0,4704799 0,3600132
0,8138021 0,4561747 0,3631918
0,8138021 0,4990903 0,3806758
1,017253 0,5149847 0,4005437
1,220703 0,4975009 0,394186
1,017253 0,5022692 0,407696
1,017253 0,5070375 0,413259
1,017253 0,5086269 0,394186
1,017253 0,5054481 0,4069014
1,220703 0,5308791 0,4196168
1,017253 0,5420051 0,4235904
1,017253 0,5483628 0,4394846
0,8138021 0,5149847 0,4180273
1,017253 0,5229318 0,424385
1,017253 0,5578994 0,4522
1,017253 0,5340579 0,4386899
1,017253 0,5642571 0,4625313
1,017253 0,5626677 0,463326
1,220703 0,5865092 0,4672996
1,220703 0,592867 0,4728627
1,017253 0,5610783 0,4625312
1,017253 0,5642571 0,4649154
1,017253 0,6008142 0,4784257
1,017253 0,5944564 0,4728626
1,220703 0,6167089 0,4879624
1,220703 0,5706149 0,468889
1,017253 0,6039931 0,4760415
1,424154 0,6008142 0,4816045
1,017253 0,5992248 0,4847834
1,220703 0,6008142 0,4808097
1,017253 0,6071721 0,4847834
1,017253 0,6262458 0,5046514
1,220703 0,6230668 0,5022672
1,220703 0,6548563 0,5173669
1,424154 0,6786982 0,5284933
1,017253 0,6580353 0,5284936
1,220703 0,6612141 0,5189564
1,017253 0,6596247 0,5189564
1,220703 0,7120768 0,5602834
1,220703 0,6802878 0,5459781
1,220703 0,7295607 0,5817415
1,220703 0,7136662 0,5602832
1,424154 0,7549919 0,6047891
1,627604 0,7216135 0,5849207
1,220703 0,7247924 0,580152
1,220703 0,7486341 0,6000207
1,831055 0,786781 0,6294264
1,831055 0,8026757 0,6572415
1,627604 0,8249283 0,6675732
1,831055 0,8932758 0,7104887
1,831055 0,9584444 0,754199
2,441406 1,002949 0,7891665
3,662109 1,123745 0,8718164
8,341471 1,303355 0,986257
9,562172 1,568796 1,163483
29,50031 2,326965 1,622835
34,17967 3,1662 2,098876
83,41471 4,723866 2,988974
102,1321 7,266999 4,450479
110,8805 11,95272 7,174016
112,915 15,52423 9,939669
100,9114 21,29396 14,4283
104,5735 26,03849 18,35346
110,0667 32,13405 23,37535
133,6669 36,4097 25,78416
116,9839 41,73278 29,79915
142,6184 50,17597 34,80354
179,4431 63,50835 42,41944
180,0536 82,94099 57,61381
186,5638 100,9559 72,97674
182,6982 113,3823 87,29934
189,209 123,2766 98,71165
190,0225 133,1789 108,3286
185,9535 136,1861 113,6159
191,2435 136,7457 114,2255
186,3608 138,041 117,5856
191,8538 142,4279 120,801
187,7853 146,1075 122,9372
193,0743 147,7447 123,7566
199,5851 147,654 124,634
197,144 145,4701 123,9362
193,2781 149,1656 126,6542
192,4638 145,8356 123,8789
187,1745 148,2866 127,0714
186,7676 150,6517 128,4391
188,3952 145,1077 125,5368
191,0399 152,2014 129,3983
190,8365 149,9237 128,9446
191,4468 152,1012 131,1626
205,2817 151,5004 131,9129
188,8019 153,3235 132,9984
188,5985 152,1647 135,3865
193,8881 155,6917 136,991
195,3128 156,69 139,2091
197,9574 154,5315 137,2646
208,1299 160,1756 141,1602
189,8197 159,7051 141,5289
195,1093 157,5706 139,9928
192,4647 161,614 142,2664
192,0574 160,6763 142,2473
192,6677 159,4588 141,56
195,5159 164,2161 145,5893
194,4987 164,588 146,3601
207,7228 158,6943 140,4132
195,3126 164,9218 146,3736
191,4466 163,3673 145,5018
188,3949 165,9676 147,2844
199,9921 165,3478 146,8513
201,0094 165,0712 145,5558
186,5637 161,9876 143,3314
191,0401 164,3225 145,1609
190,0233 166,7179 147,6524
195,3126 163,949 146,113
194,7022 167,635 148,5718
197,5502 168,1977 147,0308
192,2612 166,7704 147,2407
192,2608 166,1202 146,8775
188,3948 165,4193 145,23
192,0573 166,7895 146,5684
207,1126 172,8183 149,8339
188,1918 166,4715 146,5731
191,8536 166,7021 146,6789
191,244 165,3732 145,5281
196,1266 166,4397 145,8523
197,1442 168,6555 147,6421
190,0231 165,8374 148,1356
192,4642 164,8821 145,2571
192,6677 169,8348 149,1441
190,8366 169,5122 150,5286
200,1955 168,6204 148,9501
190,0228 168,4028 148,5528
191,4466 169,3215 150,2591
196,7365 167,9148 149,028
196,7366 165,4956 147,3289
200,6022 168,2851 149,4207
191,4469 167,2487 148,8404
192,4645 169,3978 150,3751
198,3642 168,7604 148,0364
190,0227 171,8884 152,087
195,1088 170,8426 152,0004
188,3952 168,1946 147,4299
190,4295 169,5424 150,1979
190,4294 168,6284 147,5959
194,295 170,833 151,7913
195,5157 171,1875 149,1688
193,0746 171,6181 151,4861
190,4294 170,7647 151,0458
192,6676 169,0671 150,4617
203,247 170,07 150,7796
198,7712 168,0101 149,0446
193,8886 168,0324 149,0686
194,4988 170,7933 152,3119
191,243 168,22 148,1722
189,8189 165,6307 146,1456
197,3472 168,5315 148,7468
195,5162 168,0531 148,889
194,2952 167,6763 148,8103
204,061 168,4918 148,9868
202,8401 167,8925 148,1491
202,0264 168,9702 149,5097
191,2432 167,36 148,1857
206,7061 167,3791 147,8534
190,8366 168,9559 150,8313
