1,017253 0,4148484 0,3083552
0,8138021 0,4037221 0,3012025
0,8138021 0,4386906 0,3242503
0,8138021 0,4609431 0,3433241
0,8138021 0,4688904 0,3457083
0,8138021 0,4545852 0,360013
1,017253 0,4816062 0,3703445
0,8138021 0,4800167 0,3735233
0,8138021 0,5086269 0,4021331
1,017253 0,5133952 0,4037226
1,017253 0,5277002 0,4132591
0,8138021 0,5499523 0,4378952
1,017253 0,5531311 0,4498159
1,017253 0,5849198 0,4633261
1,017253 0,6357824 0,4967045
1,220703 0,6389614 0,5022675
1,424154 0,6755192 0,5213405
1,424154 0,7724758 0,5984309
2,034505 0,7613497 0,6000207
2,237956 0,8551282 0,6643944
2,237956 0,9028126 0,703336
1,831055 0,9870544 0,7478408
2,848307 1,088777 0,8320804
2,644857 1,095135 0,7971123
3,865561 1,22547 0,8940685
4,272461 1,311303 0,950495
4,06901 1,38283 1,01169
4,06901 1,564026 1,152358
4,272461 1,764297 1,266797
5,900064 1,926421 1,412232
5,289714 2,201398 1,584689
5,289714 2,43028 1,841385
6,713867 2,775192 2,048811
12,81738 3,19004 2,329349
12,61393 3,48568 2,601939
13,83464 4,030863 2,986589
13,83464 4,337629 3,211499
14,64844 4,863742 3,580253
14,85189 5,348523 3,918806
13,63119 5,826953 4,243059
15,05535 6,631216 4,789034
19,73471 7,648469 5,44707
21,36231 8,630753 6,266433
19,73471 9,822847 7,271768
23,19336 11,54105 8,444788
20,14161 13,51833 10,05252
24,00716 15,5131 12,79513
28,2796 17,31715 14,61825
27,66925 18,03875 15,68794
28,6865 18,60301 16,13935
25,83821 19,42794 17,1121
23,80371 19,17999 17,23528
25,83821 20,46267 18,55055
28,48305 21,78033 19,19588
29,5003 21,71357 19,40886
38,04519 22,01874 19,66079
38,45209 22,15703 19,67907
34,17964 22,76421 20,30372
44,55564 24,05166 21,08018
48,42123 26,00669 22,26114
43,94529 28,41153 23,67177
58,39038 34,16854 27,93868
46,38671 35,24457 31,4601
46,99707 36,50502 32,5139
51,47301 36,55111 32,96928
49,64195 38,02612 34,13437
46,38671 37,93393 34,02151
56,35587 39,31518 35,37019
50,2523 39,44551 35,31691
52,28682 38,95914 35,13175
52,89718 39,15942 35,44329
54,9317 39,4328 35,92171
53,10063 39,8254 35,81283
52,69373 40,13057 36,35803
52,49028 39,54564 35,71667
57,78003 40,68689 36,29366
58,39038 39,79042 36,21101
53,10063 40,65351 36,36199
55,74551 40,52952 36,7363
56,96622 40,85218 36,72995
53,50754 41,37194 37,17023
52,28682 40,82833 36,7522
52,89718 40,66941 36,81817
50,45576 41,2575 37,40388
53,10063 41,33856 37,73926
50,65921 40,87126 37,16148
56,35587 41,59448 37,78535
52,69373 41,5436 37,67409
55,74551 41,5452 37,81715
51,26957 41,59289 37,43966
50,65921 40,19892 36,59406
52,69373 41,728 37,53344
53,91444 41,74547 37,42852
58,59384 41,64374 37,68205
51,67647 41,28134 37,53263
53,10063 41,89329 37,54852
53,30408 42,10786 38,12391
51,47301 41,35605 37,54375
53,91444 41,77089 37,99833
55,13515 42,24457 37,99597
56,15241 41,66439 37,88943
58,59383 42,42735 38,4585
53,50754 42,30496 38,36551
53,91444 42,10152 38,07065
52,89718 42,06177 38,02139
52,08337 42,04748 38,0071
59,20419 42,44007 38,48075
63,06978 42,26841 38,44658
54,5248 41,7852 37,81953
52,89718 42,56881 38,58644
56,15241 42,58153 38,32656
57,16967 43,10765 38,62619
55,74551 42,49889 38,08735
62,25598 42,68802 38,86937
56,35586 42,23344 38,18591
57,37313 42,5863 38,18908
54,72825 42,64989 38,86777
59,40765 43,4923 39,33509
61,03526 43,93418 39,64265
51,26957 42,66419 38,83124
59,00074 43,13625 38,89322
54,9317 42,78342 38,47201
59,20419 43,37945 39,09984
58,79729 42,3288 38,72472
58,79729 42,78342 38,78514
57,57658 43,20779 39,01402
61,64562 43,52887 39,12211
55,74551 44,40308 40,02095
62,05252 43,96757 39,3812
60,018 43,71802 39,80716
59,20419 43,52728 39,5576
61,64562 43,73709 39,70544
56,76277 44,08519 39,88426
53,30408 43,43826 39,50356
56,96622 43,68464 39,5449
55,3386 42,61173 38,49186
60,22145 43,78477 39,38914
64,49395 43,63059 39,622
53,71099 43,54634 39,50992
57,57658 44,29341 40,01537
57,57658 43,18235 39,32077
55,94896 43,59562 39,21508
61,84907 43,82293 39,62516
55,54206 43,25705 38,9544
53,50754 43,35084 39,46939
55,13515 43,92147 39,52663
58,79729 44,10426 39,75232
59,00074 42,9964 38,13744
56,96622 43,20619 38,74063
60,22145 43,01388 38,78194
57,16967 44,08201 39,91047
51,67647 42,88034 38,58486
59,6111 42,79931 38,46247
58,18694 44,35382 40,03128
54,9317 42,85015 38,94168
57,78003 44,59859 39,95897
61,44217 44,48573 39,99632
59,40765 44,40786 40,4771
59,40765 44,40784 40,32214
57,16967 44,53182 40,17193
56,96622 44,54454 40,04479
56,55931 44,50163 40,00744
56,55932 43,43509 39,50278
