0,8138021 0,437101 0,318687
0,8138021 0,4243854 0,3131238
0,8138021 0,416438 0,3067658
0,8138021 0,419617 0,3107395
0,8138021 0,4307432 0,3163027
1,017253 0,443459 0,3210713
1,017253 0,4371012 0,3234555
0,8138021 0,4529957 0,3306082
0,8138021 0,443459 0,3266345
0,8138021 0,4355117 0,3250451
1,017253 0,4418695 0,3361716
0,8138021 0,443459 0,3329926
1,017253 0,4339221 0,3178922
0,8138021 0,4402801 0,343324
1,017253 0,4450485 0,3290188
0,8138021 0,4609431 0,3353767
0,8138021 0,4450485 0,3409398
0,8138021 0,4609431 0,337761
1,017253 0,4514063 0,3290187
0,8138021 0,4466379 0,328224
0,8138021 0,4482274 0,3417346
0,8138021 0,4545852 0,3488871
0,8138021 0,443459 0,3329925
0,8138021 0,4323328 0,3266346
0,8138021 0,4450485 0,331403
0,6103516 0,4498168 0,3361715
0,8138021 0,4450485 0,3441187
0,8138021 0,467301 0,3568343
0,8138021 0,4466379 0,334582
1,017253 0,467301 0,3552449
0,8138021 0,4529957 0,3433241
0,8138021 0,4418695 0,3353768
0,8138021 0,467301 0,3608078
0,8138021 0,4482274 0,3472976
0,8138021 0,4752483 0,3600132
1,220703 0,4609431 0,3703443
0,8138021 0,4577641 0,3560395
0,6103516 0,4482273 0,3425293
0,6103516 0,443459 0,3457081
0,8138021 0,4514063 0,3496817
0,8138021 0,4609431 0,3560395
0,8138021 0,4625326 0,3496819
0,8138021 0,4768378 0,368755
1,017253 0,4704799 0,3560396
0,8138021 0,4657115 0,3703443
0,8138021 0,4688904 0,3639867
1,017253 0,4593536 0,3616025
0,8138021 0,4704799 0,3759074
0,8138021 0,4704799 0,3774968
0,8138021 0,4879641 0,3925964
0,8138021 0,4561747 0,3608077
1,017253 0,4784272 0,3727286
0,8138021 0,467301 0,3759073
1,017253 0,5022693 0,3957754
1,424154 0,4736588 0,3679602
0,8138021 0,4768378 0,3639868
0,8138021 0,4736588 0,3679603
0,8138021 0,4704799 0,368755
1,017253 0,4847851 0,3759075
1,017253 0,4768378 0,3655762
0,8138021 0,4831957 0,3862387
0,8138021 0,4720694 0,3711391
1,017253 0,4959114 0,3878282
0,8138021 0,4784273 0,3759074
1,017253 0,4800167 0,385444
1,220703 0,4704799 0,3759074
1,017253 0,4895535 0,3957753
1,220703 0,5038587 0,3989543
0,8138021 0,4847851 0,3862387
0,8138021 0,4975009 0,402133
1,017253 0,4895535 0,3798811
1,017253 0,4895535 0,3997488
1,220703 0,5038587 0,4037225
1,220703 0,4752483 0,382265
1,220703 0,5054481 0,3902125
1,017253 0,5054481 0,4156432
0,8138021 0,5022692 0,4116696
0,8138021 0,5038586 0,3997489
0,8138021 0,4863746 0,4005435
1,017253 0,491143 0,4013382
0,8138021 0,5165741 0,4180273
1,017253 0,5133952 0,4100802
1,017253 0,5404156 0,4402793
0,8138021 0,5149847 0,4069014
1,017253 0,5213424 0,424385
1,017253 0,5404156 0,4386899
1,220703 0,5626677 0,4585577
1,017253 0,5594888 0,4514053
0,8138021 0,530879 0,4363057
1,220703 0,581741 0,4736573
1,220703 0,5960459 0,4792204
1,017253 0,6262456 0,4943202
1,220703 0,5960459 0,4792203
1,017253 0,6246563 0,4982938
1,220703 0,6214774 0,5006779
1,220703 0,6834667 0,5404147
1,017253 0,6771088 0,5300829
1,627604 0,6802877 0,536441
1,220703 0,7057191 0,5523359
1,220703 0,7009506 0,5571045
1,220703 0,720024 0,5841259
1,424154 0,7088979 0,5722047
1,627604 0,7534025 0,6063788
1,220703 0,7613497 0,6222736
1,627604 0,7518131 0,6151211
1,627604 0,7740654 0,64691
1,220703 0,8138021 0,6731361
1,627604 0,8265179 0,673931
1,831055 0,8424127 0,6937988
1,831055 0,8789706 0,7184355
1,831055 0,9028127 0,7319462
2,034505 0,961623 0,7756562
1,831055 0,9791067 0,7923451
1,627604 0,983875 0,7979081
1,831055 1,039505 0,8463854
1,831055 1,074472 0,8749949
2,237956 1,190503 0,9560568
2,441406 1,29064 1,041888
2,644857 1,370113 1,116595
3,458659 1,565614 1,269976
4,069011 1,835823 1,440047
4,272461 2,013844 1,620454
4,679362 2,279282 1,831054
6,510417 2,593994 2,075036
6,917317 2,99136 2,385776
7,731118 3,504753 2,800626
6,917317 4,01497 3,209909
8,54492 4,401208 3,559589
9,969071 5,146665 4,080136
9,765621 5,828539 4,661082
8,54492 6,198882 5,197525
9,358722 6,648697 5,587738
12,61393 7,136663 6,102721
9,765622 7,316268 6,268021
13,42774 7,898012 6,74327
11,39323 8,276301 6,934007
13,22428 8,61645 7,353624
18,514 9,244288 7,946494
14,24154 9,485877 8,137225
18,92091 9,791059 8,474195
16,27605 10,51903 9,070237
18,71746 10,95454 9,530387
25,63476 11,62688 9,996098
16,8864 12,03379 10,38234
26,24511 13,0256 11,32488
22,58301 14,03332 12,16252
22,37956 14,97428 12,95885
26,652 16,14253 13,79728
28,2796 18,28194 15,43681
30,11065 20,82188 17,63978
33,77275 22,1475 19,21575
33,36585 23,67655 20,82268
34,99345 24,66201 21,70006
34,38309 25,07049 22,24762
37,02794 26,13544 23,2625
40,69006 27,94901 24,49432
41,09696 29,2444 25,73011
41,70731 30,62564 27,00089
42,11422 32,21828 28,49419
42,52112 32,84134 29,19594
48,42123 34,5643 30,58671
50,2523 37,12809 32,43841
49,4385 37,82745 33,48746
49,23504 38,91304 34,43557
51,06611 39,76341 35,75006
49,64195 40,41986 36,67192
49,03159 40,78066 37,0534
50,65921 41,41009 37,17898
52,49028 42,15077 38,03411
51,47301 42,18098 37,92762
54,5248 43,3429 39,20157
51,47301 42,21435 38,7589
52,49028 43,2666 39,27388
53,91444 43,67828 39,83418
52,49028 43,44622 39,37086
54,11789 43,78955 39,6069
55,13515 44,08997 39,8469
53,71099 43,76093 39,8
53,71098 43,2523 39,64344
54,72825 44,535 40,31895
54,32135 43,76569 39,9971
53,30408 44,77025 40,59793
53,10063 43,63854 40,10916
54,5248 44,144 40,29511
52,28682 44,10424 40,27129
56,76277 44,78137 40,76003
52,89718 44,46667 40,78072
55,54205 44,36175 40,70281
53,10063 44,99435 41,12801
53,50754 44,90377 40,72666
52,28682 44,60494 40,66467
55,74551 44,67805 41,00242
53,30408 44,88628 41,22815
52,08337 44,66374 41,0819
50,6592 44,19009 40,29912
52,49028 44,71621 41,36086
50,65921 44,25527 40,07182
54,9317 44,1726 40,58996
52,89718 44,77501 41,2488
52,89718 45,31068 41,68036
60,22145 45,28999 41,26867
56,35587 45,21211 41,26151
52,69373 45,18827 41,58339
56,96622 45,08655 40,9603
53,30408 44,86721 41,06125
55,94896 45,07382 41,28376
52,89718 45,28205 41,47213
55,74551 44,92602 41,18046
53,91444 45,52049 41,15582
53,71099 45,36313 41,39981
54,32135 45,0611 41,3688
56,15241 45,35992 41,4268
57,16967 45,25185 41,62392
53,30408 44,87673 40,69646
52,28682 44,88469 41,16217
53,30408 45,06588 41,27581
55,94896 45,17238 40,92535
55,13515 45,3186 41,41489
94,60448 46,09427 41,87585
91,14587 46,11652 41,97915
85,85623 46,37562 42,01731
93,18034 47,17193 41,99108
97,65618 48,2909 42,23268
97,65618 51,84335 44,90617
92,97689 58,06451 48,20188
97,65618 65,65102 52,41398
97,65618 80,29315 61,77749
97,85963 87,05469 78,87862
97,65618 86,77499 78,04336
97,85963 88,19903 80,00547
97,65618 88,10846 78,629
97,85963 88,20066 79,22269
97,65618 88,22448 79,56201
97,65618 88,4136 80,20415
97,85963 87,86052 79,15992
97,65618 87,14531 78,06956
97,65618 87,9654 79,88785
97,65618 88,64409 80,26141
97,65618 87,0261 79,04232
97,65618 86,7845 78,48441
97,65618 88,24833 80,09846
97,85963 88,57099 80,79785
97,65618 88,90633 80,18269
97,65618 87,87325 80,41558
97,65618 88,09258 79,83304
97,85963 88,66316 80,2113
97,85963 89,01917 81,22298
97,65618 87,89865 79,14162
97,65618 88,79668 79,60177
97,65618 87,95907 80,13348
97,65618 87,97971 79,71142
97,65618 88,46445 80,36549
97,65618 89,91882 82,46117
97,85963 89,24643 81,2818
