3,320313 1,834106 1,522827
3,125 1,956177 1,641083
2,734375 1,983643 1,661682
3,515625 2,151489 1,77536
5,273438 2,133179 1,761627
3,710938 2,203369 1,813507
4,6875 2,142334 1,759338
3,90625 2,236938 1,836395
4,101563 2,352905 1,932526
4,6875 2,326965 1,902008
4,492188 2,36969 1,948547
5,078125 2,452087 1,999664
5,859375 2,426147 2,017212
4,492188 2,455139 2,024078
4,492188 2,603149 2,118683
4,882813 2,682495 2,160645
6,640625 2,920532 2,349091
8,007813 3,109741 2,49176
17,96875 3,556824 2,729797
21,875 3,965759 3,034973
85,35156 5,412292 3,905487
85,74219 7,217407 5,039215
335,5469 13,01117 8,287048
340,8203 21,59576 12,96539
652,1484 56,91223 31,42624
622,4609 121,0876 65,85007
644,3359 264,5126 142,4759
683,9844 423,1552 246,4172
