0,8138021 0,4609431 0,3298135
0,8138021 0,4434589 0,3194818
1,220703 0,4704799 0,3433242
1,017253 0,4561747 0,3433241
0,8138021 0,4736588 0,3568344
1,017253 0,5086269 0,4029278
0,8138021 0,4943219 0,3894177
1,017253 0,4927325 0,3886229
0,8138021 0,4831957 0,3941858
1,424154 0,5420051 0,4124645
1,424154 0,5499523 0,4315375
1,424154 0,5912776 0,4688891
1,220703 0,6198878 0,4823995
1,424154 0,6945928 0,5348513
1,220703 0,7025401 0,5531306
1,627604 0,7724758 0,6016099
1,627604 0,7581708 0,6095577
1,627604 0,8392336 0,6461158
1,627604 0,8980442 0,6922101
1,627604 0,9616232 0,7303572
1,627604 0,9775174 0,7470459
4,679363 1,033148 0,7859868
3,66211 1,084009 0,8344641
4,272461 1,099903 0,808238
3,255208 1,10944 0,8360533
4,272461 1,233419 0,9075791
4,679363 1,26044 0,9433417
5,493164 1,304946 0,9783107
4,069011 1,32243 0,9600316
2,848307 1,309714 0,9854636
3,458659 1,371704 0,975927
5,696614 1,390777 1,027584
4,069011 1,433692 1,046658
4,679363 1,473428 1,062552
4,679363 1,567205 1,110236
5,493164 1,646676 1,193683
4,272461 1,719791 1,224676
4,475912 1,778602 1,285076
4,272461 1,84377 1,315275
5,289714 2,066295 1,463096
6,306965 2,175967 1,560053
6,713867 2,334911 1,641909
6,917317 2,651216 1,867613
7,120767 2,891222 2,021789
7,934568 3,412564 2,442995
6,917316 3,63509 2,600353
8,951819 4,208883 3,077984
9,765621 4,684134 3,384751
9,155272 4,919369 3,621578
12,61393 5,489987 4,029274
12,61393 5,925496 4,35432
10,17252 6,176631 4,657904
13,02084 6,869632 5,007585
12,00358 7,198649 5,291302
14,24154 7,90914 5,878606
12,00358 8,22226 5,977949
13,63119 9,004272 6,613731
14,44499 9,740195 7,339318
15,25879 10,50949 8,331137
15,05534 11,18183 9,179908
15,46224 11,71588 9,920591
16,8864 12,25154 10,54446
18,31056 12,62506 11,03481
16,4795 13,04309 11,57682
17,7002 13,30534 11,79457
17,7002 13,71225 12,18478
17,90365 13,91888 12,31273
17,2933 14,22723 12,87302
19,73471 14,55625 13,03832
19,7347 14,54513 13,15753
18,71746 15,07919 13,66218
18,71746 15,38913 13,90775
18,71746 15,34462 13,89345
21,15886 15,74358 14,24075
19,73471 15,89775 14,28604
20,95541 15,982 14,64209
20,34506 16,31419 14,74778
20,34506 16,71791 15,23018
21,56576 16,94203 15,498
22,58301 17,2027 15,74834
20,9554 17,3982 16,02889
21,76922 17,86074 16,25856
21,56576 18,22154 16,68453
22,37956 18,30737 16,70918
23,60026 18,4218 16,90069
23,60026 18,65387 17,217
22,78646 18,89865 17,46337
22,58301 19,08144 17,53887
23,60026 19,27058 17,67794
21,97266 19,23403 17,88695
23,80371 19,73153 18,22155
22,78646 19,77921 18,36856
22,98991 19,88252 18,54022
23,39681 20,05259 18,62526
23,39681 20,46268 18,96144
24,61751 20,49287 19,07349
26,24511 20,71539 19,18793
24,41406 20,80441 19,42079
24,00716 20,87911 19,58688
25,63476 21,12388 19,48833
24,00716 21,25104 19,63137
25,63476 21,44337 19,9771
26,44855 21,8439 20,24888
26,44856 22,32393 20,51353
26,44855 22,47651 20,89341
27,26237 22,82937 21,01341
27,46581 23,1711 21,4251
27,8727 23,37616 21,55702
29,29686 23,66382 21,89
30,11067 23,87205 22,20074
30,31411 24,31393 22,5242
27,66927 24,08504 22,36049
30,11066 24,62705 22,75069
30,11066 25,05619 23,27362
29,70377 25,26442 23,61695
30,92447 25,84299 23,89828
30,31412 25,99875 24,14147
31,73826 26,07186 24,25748
29,5003 26,08776 24,1216
32,55207 26,57095 24,71447
31,12792 26,67269 24,95527
31,94173 27,01758 25,06177
35,40036 27,11932 25,16031
31,12792 27,76463 25,81437
31,73827 27,89497 26,04165
32,34862 27,95378 26,24909
32,55206 28,01419 26,46048
34,38312 28,42426 26,33651
31,94172 27,99669 26,21571
32,55207 28,72785 27,15428
32,34863 28,39089 26,59958
34,99347 28,96945 27,19004
34,58657 28,98692 27,20436
34,38312 29,21263 27,50635
33,97623 29,13157 27,31641
33,97622 29,16176 27,42132
35,60381 29,65609 27,62556
34,38313 29,79596 27,79802
34,79002 29,7435 27,92278
38,45213 29,96285 27,99272
35,19692 30,10431 28,21683
36,01072 30,454 28,50612
35,19691 30,8466 28,61182
34,58657 30,66063 28,83116
35,40038 31,05798 29,39939
35,80728 31,40291 29,46059
35,19692 31,13586 29,22297
36,41762 31,73351 29,78086
36,41763 32,13087 30,05265
38,04523 32,28346 30,26009
37,63834 32,52347 30,4397
36,41762 32,4122 30,57718
37,23142 32,53141 30,75997
38,85904 32,65062 30,69083
37,02798 32,90017 30,89904
39,06247 33,45808 31,20981
37,23141 33,42626 31,43468
38,85904 33,73623 31,6302
38,24867 33,5884 31,56582
38,45213 33,90787 31,62701
38,65559 33,79982 31,87657
39,46938 34,04774 32,27232
40,48663 34,1638 32,20399
40,28318 34,2687 32,37565
38,24867 34,52457 32,34781
39,46939 34,96487 32,87157
42,11424 34,5993 32,47898
40,89354 35,17308 33,00348
41,30045 35,11269 32,94626
42,3177 35,5816 33,55504
41,30045 35,60225 33,56855
39,26593 35,36381 33,53596
41,50389 35,61336 33,4692
44,55567 36,22531 34,21862
41,09699 36,14582 33,98816
42,3177 36,30002 33,981
41,5039 36,26028 34,46022
40,28318 36,42559 34,33467
40,69009 36,21259 34,24245
41,30044 36,52414 34,45466
42,92805 36,93261 34,76698
41,50389 36,50824 34,43797
42,3177 37,18536 34,85043
41,91079 36,79434 34,47928
42,52116 37,34587 35,09123
46,99706 37,37766 34,98156
43,74186 37,46192 35,48862
42,31769 37,31091 35,15083
43,9453 37,67489 35,39482
43,94531 38,01503 35,68171
41,50388 37,79729 35,79536
43,53841 38,07544 35,96465
42,92806 38,00391 35,72223
44,75912 38,0961 36,0306
43,33496 38,05636 36,07989
43,1315 38,16922 36,00917
44,14877 38,56341 36,36996
44,96255 38,46169 36,12359
42,52116 38,39174 36,33736
44,55566 38,98779 36,77208
42,52115 39,02115 36,79196
45,36946 38,59837 36,42718
45,57291 38,62698 36,64175
43,1315 38,63493 36,18479
45,16602 38,83836 36,53446
45,57291 38,8606 36,96123
42,72461 39,08157 36,87701
44,14877 39,00048 36,64492
43,33495 39,23733 37,20044
45,16602 39,23099 37,08522
44,35222 39,36926 37,10349
47,40397 39,56477 37,36576
42,92805 39,01639 36,88176
44,75911 39,26913 37,06057
47,60742 39,55364 37,52708
45,57292 39,14515 37,31012
44,14877 39,44556 37,33636
46,38672 39,88583 37,53424
44,55566 40,09406 37,86166
46,38671 39,91287 37,79651
43,9453 39,59179 37,37292
45,36947 39,70146 37,59464
47,20051 39,82861 37,56441
45,57291 39,87153 37,49531
44,96257 39,95895 37,91728
45,16602 39,90174 37,78776
45,57292 39,99072 37,76628
45,36945 40,29272 38,18749
45,57292 40,17512 37,76708
44,35221 40,11314 37,87836
44,55566 40,02253 38,08022
46,18328 40,26253 38,31624
46,99706 40,10995 37,81875
45,16602 40,14016 37,94592
45,16601 39,99868 37,9451
45,36945 39,83815 37,94114
46,38673 40,2228 37,6749
45,166 40,24822 37,73132
45,97982 40,4056 37,95069
45,77637 40,42466 38,27335
45,97983 40,47552 38,30513
45,97982 40,11472 38,0969
45,77636 40,5248 38,35122
46,79361 41,01435 38,50061
46,18327 40,6885 38,50617
46,79364 40,76004 38,62302
46,59018 40,36586 38,47599
45,16601 40,77594 38,8392
45,36947 41,04771 38,59835
48,62468 40,7346 38,53083
44,55566 40,62811 38,46486
49,84539 40,90308 38,9568
45,97981 40,95872 38,46008
48,01433 40,67102 38,22564
46,79362 40,43896 38,5197
47,81087 41,15899 38,86622
45,16601 40,71077 38,68023
46,18327 40,98732 38,93772
47,20052 40,84904 38,5213
48,42123 41,03821 38,88686
47,60744 40,74255 38,79468
45,77635 40,91581 38,75494
45,77637 40,91738 38,86302
45,57291 40,80136 38,7168
48,21777 40,82204 38,62303
46,18328 41,05248 38,93852
46,99707 40,82202 38,69453
46,99707 41,39266 39,27312
