0,6103516 0,2415978 0,1358987
0,6103516 0,2288821 0,1335145
0,6103516 0,2543135 0,1509985
0,6103516 0,2479557 0,1470248
0,4069011 0,2384188 0,1525879
0,6103516 0,2527241 0,1517932
0,6103516 0,2431872 0,1382829
0,6103516 0,2288821 0,140667
0,6103516 0,2384188 0,1470248
0,4069011 0,2415978 0,1557668
0,6103516 0,2463662 0,1533826
0,4069011 0,2431872 0,1414617
0,6103516 0,2431872 0,149409
0,6103516 0,2606713 0,1613299
0,4069011 0,2304715 0,1486142
0,6103516 0,2384188 0,1509984
0,6103516 0,2495451 0,1605351
0,6103516 0,2415978 0,154972
0,6103516 0,2511346 0,1597404
0,6103516 0,2543135 0,1509985
0,8138021 0,2415978 0,1509984
0,6103516 0,2622608 0,172456
0,6103516 0,2495451 0,1653035
0,6103516 0,2415978 0,1486143
0,6103516 0,2622608 0,1756349
0,6103516 0,2670291 0,1716613
0,6103516 0,2543135 0,1645088
0,6103516 0,2590818 0,163714
0,6103516 0,2431872 0,1557668
0,6103516 0,2559029 0,1629193
0,6103516 0,2622608 0,1851716
0,6103516 0,2606713 0,1676877
0,6103516 0,2543135 0,1708665
0,6103516 0,2559029 0,1621246
0,6103516 0,2495451 0,1430512
0,6103516 0,2431872 0,1573562
0,6103516 0,2527241 0,1653035
0,6103516 0,2511346 0,1621246
0,6103516 0,2559029 0,1748402
0,6103516 0,2606713 0,1589457
1,017253 0,2479557 0,1732507
0,6103516 0,2527241 0,1660982
0,6103516 0,2463662 0,1613299
0,6103516 0,2527241 0,163714
0,8138021 0,2495451 0,1645087
0,6103516 0,2431872 0,1486143
0,4069011 0,2384188 0,1597404
0,6103516 0,2543135 0,1708665
0,6103516 0,2590819 0,1668929
0,6103516 0,2670291 0,1684824
0,6103516 0,2447767 0,1525879
0,6103516 0,2638502 0,1621246
0,6103516 0,2574924 0,1629193
0,6103516 0,2495451 0,1692771
0,6103516 0,2543135 0,1740454
0,6103516 0,2479557 0,1629193
0,4069011 0,2638502 0,1756349
0,6103516 0,2574924 0,1708665
0,6103516 0,2765658 0,1796085
0,8138021 0,2670291 0,1804033
0,6103516 0,2670291 0,1835822
0,8138021 0,2717974 0,1819927
0,8138021 0,2733869 0,195503
0,8138021 0,2717975 0,1819927
0,6103516 0,2749763 0,1859663
0,6103516 0,2670291 0,1772244
0,6103516 0,2845129 0,1883504
0,6103516 0,2559029 0,1740454
0,6103516 0,2686186 0,1891452
0,6103516 0,2559029 0,1819927
0,6103516 0,2590819 0,172456
0,6103516 0,2527241 0,1692771
0,6103516 0,2940495 0,2074237
0,6103516 0,2876918 0,2018607
0,6103516 0,2765658 0,2034502
0,8138021 0,2845129 0,1986818
0,8138021 0,2749763 0,1875557
0,4069011 0,2717974 0,1986819
0,6103516 0,2845129 0,201066
0,6103516 0,2733869 0,1970924
0,6103516 0,2940495 0,2042449
0,6103516 0,2813341 0,2066291
0,8138021 0,2972284 0,2145763
0,6103516 0,2908707 0,2050396
0,6103516 0,2797446 0,2042449
0,8138021 0,2908707 0,2185499
0,8138021 0,3051755 0,2249076
0,6103516 0,2940495 0,2185499
0,6103516 0,3131227 0,2320601
0,8138021 0,3226593 0,2392126
0,8138021 0,3369643 0,2479545
0,6103516 0,3131227 0,2320601
0,8138021 0,3512695 0,252723
0,8138021 0,3417327 0,2527229
0,8138021 0,3226593 0,2439809
0,8138021 0,356038 0,2654389
0,6103516 0,3449115 0,2622598
0,8138021 0,3592168 0,2678231
0,8138021 0,3957746 0,2892813
1,017253 0,4227957 0,3012026
1,017253 0,4148484 0,305971
1,220703 0,4720694 0,34094
1,017253 0,491143 0,3552451
1,220703 0,5133953 0,3910072
1,220703 0,5356473 0,4013384
1,831055 0,5928671 0,4482267
1,220703 0,67234 0,5149827
1,831055 0,766118 0,5634616
1,831055 0,8630757 0,6564472
3,66211 1,018843 0,744662
2,644857 1,123745 0,8479745
3,66211 1,362167 1,013279
3,255208 1,532237 1,147589
3,66211 1,691181 1,27395
4,475912 2,050401 1,578332
4,679363 2,279281 1,758733
5,493164 2,55267 1,948676
6,306966 2,819695 2,165635
6,103516 3,323555 2,583661
6,306966 3,819465 2,977052
7,527668 4,363061 3,439585
7,527668 4,801751 3,922781
8,34147 5,137123 4,254182
9,562171 5,695028 4,750095
8,748372 6,051062 5,056857
9,358723 6,367366 5,340579
10,98633 6,815593 5,737943
14,03809 7,570585 6,314116
12,81738 8,109409 6,670156
13,63119 8,236568 6,934007
13,83464 8,788107 7,504622
15,25879 9,609859 8,103053
15,46224 9,967484 8,422534
18,10711 10,54446 8,983615
16,4795 11,09282 9,470785
17,2933 11,67139 9,96908
22,58302 12,88097 10,93308
20,14161 13,53741 11,4735
20,54851 14,48314 12,25312
24,00715 15,58781 13,09792
22,17611 16,65751 14,20021
22,98991 16,9754 14,61824
25,43131 17,97836 15,39867
24,82096 18,55532 16,1155
25,02441 19,00038 16,64956
25,83822 19,25628 16,77672
28,07615 19,52172 17,01991
25,02441 19,9143 17,64218
26,44856 20,31327 17,80987
30,3141 20,72334 18,25332
28,88997 21,00627 18,70155
27,05891 21,0619 18,58076
28,48306 21,4402 19,27058
28,07615 21,67861 19,33813
27,87271 21,49583 19,38502
37,84175 21,84709 19,47403
27,87271 22,06325 19,58846
28,07615 22,12842 19,54556
29,70376 22,45268 19,94451
39,26589 22,48923 19,79669
29,50031 22,28101 20,13445
31,5348 22,48128 19,98265
29,0934 22,47016 20,21472
29,0934 22,29213 19,7506
28,6865 22,7944 20,14398
30,92446 22,8548 19,86265
36,21415 22,80871 20,18054
33,77274 22,81665 20,52386
30,51756 22,87865 19,87537
28,07615 22,27147 20,06372
29,70376 22,85639 20,47857
27,26236 22,85321 20,80123
30,92445 23,39363 20,82348
28,88996 23,26648 20,9101
28,68651 23,33959 21,24071
29,29686 23,40158 21,03091
36,62104 23,38886 20,78294
30,3141 23,39522 21,00388
29,50031 23,82119 21,45052
31,9417 24,05326 21,33846
33,5693 23,45085 21,0309
30,721 23,94994 21,47436
29,29685 23,25694 21,13819
30,51756 23,60343 21,42747
29,29686 23,84026 21,71357
31,33136 23,82438 21,62934
32,14516 23,92609 21,81688
32,95897 23,88319 21,5888
31,53481 24,20267 21,97266
30,11065 24,19949 22,13717
33,77276 24,10094 22,10141
31,94171 24,32346 21,96234
30,72101 24,77487 22,32791
31,12791 24,84799 22,56393
30,31411 24,89249 22,5854
30,11066 25,2231 22,69744
29,50031 25,03076 22,75466
32,14516 25,13726 22,80235
32,14516 26,21173 23,49615
31,12791 25,81915 23,3515
32,14516 25,5839 23,28714
33,56932 25,99875 23,60503
31,53481 26,12273 23,86728
32,34861 26,21491 23,93246
32,14516 26,20855 23,85139
32,7555 26,0226 23,64477
29,09341 25,77146 23,69324
37,43485 26,43109 24,08106
34,58656 26,7903 24,26942
31,53481 26,31187 23,99842
31,94171 26,34526 23,91735
31,73825 26,23717 23,93166
31,5348 26,68063 24,2273
32,34861 26,90792 24,56348
33,16241 26,98262 24,58969
33,16241 26,78235 24,29485
30,92446 26,65519 24,40055
31,53481 26,35638 24,10412
35,40035 26,84275 24,69382
32,95896 27,3307 24,92428
32,14516 26,68857 24,31392
35,40035 26,59956 24,36796
37,2314 27,10182 24,85433
32,55206 26,57572 24,17087
31,73826 26,73943 24,19948
34,38309 26,75215 24,43473
33,16241 26,84116 24,56585
34,17965 27,02395 24,70016
33,77276 26,75373 24,59843
33,16241 27,14792 24,72717
31,73826 26,7887 24,3775
33,36585 26,97785 24,6652
32,34861 26,74261 24,58334
32,34861 27,01123 24,74228
31,1279 26,77122 24,49035
34,38311 26,8507 24,60321
32,95895 26,86818 24,62784
32,55206 26,71083 24,44904
32,7555 26,98898 24,75421
32,75551 27,20355 24,82017
34,58656 26,91746 24,65965
34,99345 27,40701 25,12931
33,36585 27,35615 25,29462
32,14516 27,07957 24,84956
31,94172 27,05732 24,70255
32,75551 27,35137 24,97117
31,33137 26,96831 24,88135
33,77275 27,13521 24,89487
32,14515 27,22103 24,85353
34,3831 27,39429 24,9799
32,55206 27,40224 24,98308
33,9762 27,57867 25,25488
33,56931 26,88408 24,66598
31,94171 27,03031 24,74388
34,3831 27,18608 24,84719
31,94171 27,26076 25,14044
34,58657 27,64065 25,15474
35,6038 27,68834 24,96084
31,53481 26,90951 24,77645
32,34861 27,3927 24,98069
31,9417 27,64224 25,4329
33,36584 27,33707 24,94176
33,1624 27,48807 25,27794
33,1624 27,22899 25,00932
33,1624 27,38475 25,09673
32,14516 27,28779 25,33276
33,77275 27,46741 25,02361
35,19691 27,73761 25,42099
34,17967 27,50556 25,15555
34,99345 27,89656 25,48376
31,94172 27,76622 25,44163
34,79001 27,89178 25,48216
34,17964 27,33548 25,13091
34,58656 27,66449 25,20085
33,97622 27,58661 25,31607
34,58655 27,76781 25,54814
34,79 27,2274 25,13568
32,95895 27,558 25,2072
33,16241 27,38635 25,00852
32,7555 27,52622 25,34706
32,34861 27,85841 25,49171
34,79002 27,19878 24,76215
33,56931 27,66132 25,12375
33,56931 27,45786 25,1309
34,99346 28,32094 25,71582
33,77277 27,62794 25,19289
33,5693 27,65178 25,07686
34,79 27,50555 25,37885
32,14517 27,27031 25,07051
33,56931 27,98397 25,51396
32,55207 27,86477 25,25091
31,53481 27,49761 25,10388
37,2314 27,61999 25,3725
32,7555 27,46105 25,30336
32,95895 28,0841 25,50918
33,1624 27,79482 25,42893
32,95895 27,75192 25,40588
32,55206 27,70581 25,45436
34,99345 27,24646 25,07765
32,3486 27,46423 25,20004
36,41761 27,80914 25,06732
33,77275 27,59615 25,41781
35,19691 27,55005 25,36932
33,36586 27,34819 25,06176
31,53481 27,33389 25,22865
34,17965 27,62634 25,16428
33,77276 27,53574 25,33752
32,14516 27,90768 25,71104
32,3486 27,83297 25,43527
32,3486 27,56754 25,15395
32,95895 28,01417 25,67927
33,36586 27,84251 25,71502
34,79 27,70105 25,29382
32,95896 27,45311 25,27952
33,56931 27,59775 25,39874
33,16241 27,70424 25,47025
34,17966 27,98079 25,65781
33,97622 27,49125 25,26919
33,56931 27,76145 25,47661
36,41762 27,56438 25,05779
32,75552 27,84728 25,56005
33,36586 27,85206 25,54576
32,75551 27,72172 25,46867
34,99345 27,98874 25,77701
34,38311 27,92199 25,56323
32,7555 27,46581 25,33356
32,75551 27,44356 25,38761
32,95895 27,95536 25,53463
36,62106 28,03166 25,45197
33,77275 27,72808 25,37251
32,14516 27,38157 24,92665
33,36585 27,8616 25,36376
36,0107 28,54028 26,10763
34,99346 28,09047 25,75714
33,5693 27,85682 25,68324
33,36585 28,14928 25,80563
33,97621 28,19379 25,72536
35,6038 28,10636 25,7055
35,80727 28,25418 25,77305
34,79 27,98557 25,8986
33,77275 28,54187 25,959
34,79002 28,14928 25,58708
32,3486 28,20015 25,78258
34,17966 28,36862 25,73172
34,17965 28,30028 25,94868
35,19692 27,94106 25,83027
33,36586 27,61681 25,28826
33,1624 27,78212 25,64747
33,9762 28,18266 25,96855
38,45209 28,50849 25,94073
33,77275 27,73602 25,69834
32,7555 27,70423 25,59978
32,95895 28,03643 25,75239
36,62106 27,89178 25,63874
33,5693 28,14452 25,73251
35,6038 28,0698 25,54972
32,55206 27,98716 25,61649
37,6383 27,88543 25,63238
32,14516 27,79642 25,53383
33,36586 27,94743 25,60377
33,36586 27,80277 25,33037
32,95895 27,78211 25,40111
32,95896 28,05232 25,68801
34,17965 28,00782 25,40668
34,99345 27,80437 25,30416
33,36585 28,06345 25,50046
33,56931 27,99828 25,81041
33,1624 27,68356 25,39077
36,8245 27,98397 25,74762
35,1969 27,49283 25,34309
34,99347 27,87589 25,58549
32,3486 27,58979 25,32084
36,21416 27,91403 25,43449
35,1969 27,71217 25,48216
36,4176 27,92359 25,53304
32,95895 28,10954 25,80642
34,58655 28,27486 26,01068
33,77274 27,8902 25,57515
33,5693 27,99669 25,57913
33,36586 28,54983 26,16326
33,9762 28,06027 25,76908
34,99345 27,88544 25,5394
34,38311 27,74237 25,35184
32,14516 28,14451 25,6435
35,60381 28,09525 25,79372
33,1624 28,66109 26,24432
38,24864 27,83457 25,44324
35,40034 27,8584 25,62046
32,95895 27,98716 25,42497
33,77277 27,8886 25,65542
32,55206 28,10795 25,82392
32,75551 27,96332 25,59979
32,55206 28,15087 25,77463
35,40035 28,27008 25,93278
35,80725 28,01418 25,65146
32,75551 27,94106 25,69358
34,17965 28,16834 25,88828
34,58655 27,88226 25,85252
34,79 28,05073 25,66417
33,16241 28,03643 25,7063
34,38311 28,01736 25,71901
32,95895 28,15565 25,9304
36,8245 28,40042 26,02021
32,75551 27,7694 25,57834
33,77276 28,23989 26,04722
33,97621 27,92993 25,54099
33,36586 27,86476 25,75874
34,3831 28,30186 25,7198
37,43486 27,86318 25,8104
32,55206 27,91563 25,54416
34,58655 28,03961 25,88035
34,99345 28,06504 25,64112
36,41761 28,19855 25,8112
34,17966 28,23194 25,82631
31,73826 27,94106 25,48139
35,40036 27,94741 25,51714
34,99345 28,05551 25,7492
33,56931 27,80277 25,599
36,0107 27,88384 25,56324
33,77275 27,98873 25,60058
33,9762 28,34797 26,13386
32,14516 28,00623 25,97331
35,80725 28,10796 25,72299
35,40036 27,97921 25,7802
35,1969 28,27008 25,9916
34,3831 28,36227 25,96061
33,9762 28,24624 25,95264
34,17967 28,39723 26,00987
32,34861 28,05392 25,7047
33,9762 28,07617 25,63715
33,9762 28,09366 25,86047
33,56931 27,96808 25,59979
33,16241 27,98875 25,85253
33,56931 28,5832 26,21014
34,17964 27,99033 25,95742
39,06245 28,22558 25,99716
33,9762 28,12544 25,84536
32,34861 27,99828 25,81913
33,1624 28,16359 25,91688
33,56931 27,94901 25,73092
34,17965 28,21286 25,87
34,38311 28,16359 25,81358
34,79002 27,91881 25,6586
34,79 28,6881 26,03609
34,3831 28,13974 25,66339
34,17965 28,57843 26,00828
32,55205 27,99352 25,51873
34,17965 28,61975 25,96934
34,17965 28,09365 25,87079
35,40036 28,30346 26,22206
33,36586 28,41313 25,89543
36,21415 28,13021 25,85808
35,40035 28,29868 25,93676
35,80725 28,3257 26,05994
33,36586 28,35432 26,2308
33,77275 28,16517 25,84855
33,97621 28,54505 26,47398
32,55205 28,05073 25,59581
35,60381 28,60705 26,05358
32,75551 28,15406 25,85889
32,95896 28,17948 25,8239
35,40036 28,35114 25,82232
34,99345 28,24147 25,81994
35,60379 28,51167 25,95821
35,40036 28,28915 25,8541
36,4176 28,19696 25,9439
35,80725 28,19697 25,76987
33,77276 28,62612 25,96616
34,99346 28,60227 26,24035
36,4176 28,09524 25,58628
35,40036 28,32254 25,80643
33,56932 28,24146 25,71264
33,16241 28,31617 25,9916
33,77275 28,49578 26,07345
35,19691 28,27485 25,93279
34,3831 28,21286 25,86443
32,95896 28,33842 25,99239
33,9762 28,16677 25,93994
32,75551 28,10159 25,84218
34,99346 28,4306 26,17279
32,34861 27,9665 25,90576
33,9762 28,20013 26,02895
33,9762 28,27327 25,88353
34,99345 28,72785 26,30632
33,36586 28,25101 25,75476
32,55206 28,17947 25,62125
34,99345 28,57525 26,13783
33,9762 28,10477 25,73331
34,3831 28,01418 25,26125
34,99345 28,17949 25,96538
34,79 28,95036 26,34683
33,97621 28,57208 26,28406
36,0107 28,28279 25,83424
34,99345 28,14928 25,95265
34,38311 28,53393 26,12988
33,77275 28,313 26,09492
33,56931 28,46081 26,03689
34,17966 28,20174 26,06551
34,17966 28,47989 26,02974
35,6038 28,17948 25,82232
34,99345 28,10318 25,87159
35,19691 28,41948 26,04007
33,16241 28,50055 26,1275
34,58657 28,31776 25,8708
33,77275 28,5832 26,25943
33,36585 28,17949 26,08618
34,79 28,56571 26,09888
33,77275 28,39564 26,05517
33,56932 28,55937 25,8104
33,1624 28,70876 26,32936
36,21416 28,45445 25,75317
33,77275 28,34955 25,73092
35,1969 28,10795 25,64748
37,23141 28,86135 26,34683
32,55206 28,24306 25,81277
34,99344 28,32888 26,08856
34,17966 28,47989 26,06391
34,17965 28,43061 26,20061
33,97622 28,54983 26,13544
33,9762 28,28596 26,02656
33,36586 28,06026 25,50681
34,99345 28,37816 26,00987
36,41759 28,35431 26,17993
34,17965 28,30663 26,06867
34,17966 28,28438 25,77861
33,77275 28,46081 26,02418
34,99344 28,1302 25,62523
34,3831 28,17789 25,96299
33,16241 28,09524 25,7039
33,77274 28,50692 26,19346
34,17965 28,37497 26,07345
36,21416 28,32412 26,04563
34,17965 28,71831 26,03372
33,97621 28,53552 26,35718
35,80725 27,94106 25,62046
36,8245 28,51326 25,62204
36,0107 28,60545 26,01862
33,36586 28,57367 26,11637
37,02794 28,28757 25,74047
34,99345 28,40359 26,203
34,99346 29,01076 26,72036
34,79001 28,46558 26,203
37,84175 28,12386 25,75478
34,79 28,28756 25,98762
33,36585 28,33365 25,98048
37,02796 28,38929 25,83662
35,80725 28,22717 25,75954
35,60381 28,50373 26,14577
35,40034 28,76599 26,3524
35,1969 28,52599 26,17756
34,79 28,47512 25,78815
34,38312 28,69765 26,26102
35,40035 28,76916 26,24909
33,9762 28,23829 25,88272
33,1624 28,59751 26,3532
33,1624 28,65472 26,3683
34,17966 28,54347 26,31823
33,9762 28,6277 26,25226
37,84176 28,12385 25,77702
35,80725 28,64996 26,24431
33,97619 28,5085 26,06311
34,38312 28,63882 26,45015
33,97622 28,23671 26,08459
35,60381 28,64359 26,28565
36,4176 28,41471 26,11478
33,97621 28,46559 26,13703
37,43485 28,41472 25,89623
34,58655 28,44969 26,2324
34,79001 28,17471 25,85411
35,40035 28,79937 26,45809
33,77275 28,37817 26,23557
35,1969 28,60704 25,92722
32,95895 28,10795 25,76591
37,43485 28,50214 26,19743
34,3831 28,74691 26,29041
33,77275 28,48466 26,15689
34,79 28,56888 26,23318
33,77277 28,06503 25,94947
39,2659 28,71512 26,34446
36,41762 28,87089 26,51453
33,16241 28,5816 26,19983
34,99345 28,855 26,35241
35,19689 28,62453 26,17836
32,95895 28,35432 26,18153
34,38309 28,46081 26,32538
35,60382 28,57843 26,31346
34,78999 28,69128 26,33809
34,79 28,20491 25,87477
33,56931 28,62293 26,21968
37,43484 28,58638 26,17914
36,0107 28,25101 26,12829
35,80724 28,60863 26,15213
37,2314 28,72784 26,01146
35,6038 28,75169 26,3246
32,75551 28,51485 26,04564
35,80724 28,68811 26,26658
34,38311 28,58637 25,90973
33,77275 28,45604 26,14736
33,9762 28,23987 25,95505
34,99346 28,27166 25,85093
33,77275 28,95036 26,62103
34,99346 28,43696 26,07503
36,0107 28,7056 26,29837
36,4176 28,8995 26,43586
34,3831 27,96968 25,86126
34,58656 28,4481 26,25306
34,58655 29,15382 26,84992
35,80726 28,67379 26,42313
32,55206 28,52915 26,26975
36,01071 28,98852 26,28088
35,1969 28,70241 26,2912
33,5693 28,73261 26,33651
36,21416 28,50213 25,9145
34,17966 28,52122 26,05755
37,02795 28,51167 26,27452
35,1969 28,84864 26,39373
37,43486 28,75327 26,33491
38,4521 28,72149 26,36989
34,58655 28,65631 26,35082
35,80726 28,68174 26,16722
34,58656 28,78982 26,35637
33,9762 28,84387 26,50658
33,9762 28,81844 26,49466
32,75551 28,15086 25,99001
34,99345 28,5689 26,40565
34,99345 28,20967 26,01862
33,36586 28,54664 26,26895
38,4521 28,8852 26,36989
33,77276 28,70877 26,292
36,0107 28,68969 26,31585
33,1624 28,13816 25,99636
33,36585 29,40335 26,76328
34,58655 29,02825 26,66393
38,24865 28,59432 26,28326
33,5693 28,47194 25,97411
36,41759 28,47035 26,22047
34,3831 28,87724 26,61863
35,80726 28,41471 26,31345
36,01071 28,62771 26,17598
33,9762 28,53552 26,22286
34,17967 28,72149 26,64883
33,9762 29,13316 26,65758
33,56929 28,91539 26,66155
38,0452 29,32706 26,72831
34,99345 28,96625 26,64723
37,2314 29,09342 26,745
38,24864 28,90744 26,4414
34,58656 29,03619 26,79268
32,95896 29,17607 26,65995
34,99345 28,51327 26,15532
33,97622 28,92493 26,60195
35,40034 28,66426 26,41439
37,02795 29,05527 26,46764
35,6038 28,91699 26,63612
34,58655 29,03778 26,5471
36,4176 29,29051 27,10341
36,0107 28,82161 26,47796
35,1969 28,59433 26,16564
33,9762 28,61658 26,21095
32,3486 28,6277 26,40486
34,99345 28,79301 26,69414
37,02795 28,93765 26,67426
34,79001 29,14269 26,91825
36,01071 28,73737 26,61466
34,17966 28,62613 26,28407
38,0452 29,27938 26,76408
34,99345 28,95195 26,5479
34,99347 28,72148 26,23796
36,01071 28,8995 26,67425
35,6038 29,16494 26,74261
33,5693 29,01553 26,66791
36,82449 29,03779 26,62341
34,3831 29,32071 26,96435
37,84175 29,1109 26,70208
34,38312 28,84229 26,30631
33,9762 28,89314 26,36591
35,6038 28,96307 26,28565
33,97621 28,6436 26,48194
34,99346 29,13633 26,71719
34,17966 29,07434 26,68221
33,77275 28,94878 26,42234
34,3831 29,00282 26,49784
37,02794 29,15699 26,5336
34,99346 29,32071 26,85865
37,63831 29,1554 26,89123
34,79 28,66267 26,62182
34,3831 29,4574 26,87056
34,79001 28,5689 26,36671
34,99345 28,70241 26,40803
33,36586 28,94242 26,61466
33,5693 28,65314 26,26102
36,8245 28,766 26,42473
34,17965 28,88837 26,49623
35,80725 28,79141 26,37068
35,40036 29,28415 26,87693
37,02795 28,91381 26,42153
35,60381 29,09978 26,48353
36,21414 28,85023 26,31664
35,80725 29,095 26,79347
34,79 29,2015 26,95958
35,40036 28,91381 26,43267
37,6383 29,3207 27,15349
34,99345 29,20626 26,53756
34,38312 29,04573 26,97547
35,40034 28,85181 26,70687
35,80726 29,31594 26,8666
34,3831 28,80255 26,6091
34,17966 28,69765 26,23717
33,77275 29,10932 26,77043
35,80725 28,99805 26,74977
36,41759 28,89155 26,5932
35,6038 29,29528 27,03507
34,79 29,00123 26,54711
38,85899 29,0044 26,60988
34,58656 29,24601 26,63613
36,4176 29,27779 26,75373
34,58656 29,10771 26,56538
34,17966 29,41289 27,06447
36,0107 29,07116 26,72752
36,01069 29,17765 26,4724
37,63829 28,93764 26,55505
35,6038 29,03461 26,47796
35,6038 28,89632 26,62658
35,6038 28,74851 26,35956
36,0107 29,15381 26,78314
33,77276 29,31117 26,95321
36,8245 29,47329 27,09309
36,82449 29,19991 26,67109
36,41759 29,61157 27,1209
36,4176 29,20309 26,94923
36,62105 29,47488 27,08672
38,65556 29,26508 27,016
34,79 28,99805 26,59797
34,99345 29,04255 26,79506
38,45211 29,25394 26,85069
37,02796 29,05527 26,68143
33,77276 28,88519 26,66949
35,1969 29,11885 26,51056
36,41759 28,91539 26,67505
36,62106 29,23011 26,87374
34,58656 28,95035 26,61307
36,21417 29,35249 27,20992
35,40035 29,14427 26,7116
35,40035 29,71966 27,43403
34,17966 29,70695 27,23376
36,82449 29,40336 26,54791
34,38311 28,96467 26,49624
34,58655 29,26826 26,9111
33,9762 29,2015 26,79428
34,99345 29,07751 26,65281
36,8245 29,00442 26,58606
34,58656 29,10454 26,85864
35,6038 29,19991 26,71321
35,6038 28,79937 26,4732
34,99345 29,27303 26,98818
36,21415 29,09818 26,71242
34,3831 29,29527 26,98818
38,45209 29,06957 26,72593
34,79001 29,14904 26,86579
34,79 29,43038 27,14872
35,19691 29,1395 26,47717
35,80725 28,87088 26,66631
36,62106 29,09183 26,73863
35,80725 28,99329 26,52883
35,80725 28,93764 26,70843
36,21415 29,16971 26,83957
36,41761 29,66562 26,90076
37,2314 29,55276 26,88884
34,99345 29,32866 27,00886
34,38311 28,87407 26,61387
36,62105 29,75621 27,41178
34,99346 29,46058 27,14713
34,17966 28,88519 26,58208
35,40035 28,93605 26,61148
37,84175 29,21739 26,66473
34,99346 29,17765 26,75136
35,1969 29,13315 27,00568
35,6038 28,87089 26,2904
36,8245 29,11566 26,656
35,1969 29,36839 27,1058
35,80725 28,8836 26,5479
35,1969 29,30482 26,94924
33,16241 29,06322 26,64089
37,63831 29,33183 26,96991
35,1969 29,45582 27,03825
37,63831 29,25714 27,06765
37,43486 29,23329 26,96434
34,38311 29,32389 27,10183
34,17965 28,91381 26,57571
33,16241 28,80255 26,68301
35,80726 29,0791 26,74896
34,17965 28,86771 26,56697
36,21416 29,11884 26,53996
35,1969 29,47488 27,01043
33,9762 29,00122 26,70287
33,36586 29,1554 26,85547
35,6038 29,14745 26,84115
36,21415 29,58296 27,28065
36,21415 28,87089 26,6536
35,6038 29,30958 26,89439
38,0452 29,01552 26,73148
34,3831 28,79459 26,53678
35,80726 29,1713 26,68938
33,9762 29,02507 26,45888
35,80725 29,1427 26,99137
36,62105 29,44627 26,83083
36,21416 28,99169 26,55823
36,62104 29,39541 26,83878
35,6038 29,00122 26,43583
35,1969 29,56072 26,99135
36,0107 29,11408 26,70605
35,1969 29,16017 26,90155
34,79 29,28732 26,91348
34,79001 29,49237 27,225
36,01071 29,29528 27,0446
34,38311 29,20945 26,80063
33,5693 29,25235 26,87215
35,40035 29,30481 26,76883
35,40036 29,35091 26,69651
36,62106 29,09659 26,49544
37,63829 28,61976 26,45255
37,02795 29,43038 26,78711
35,40035 29,28574 26,95878
35,80726 29,2905 26,80142
36,8245 29,36045 26,99056
35,6038 29,64813 27,11614
37,43486 29,83251 27,37839
38,4521 29,72601 27,17971
36,82449 29,5178 27,16304
37,02795 29,29051 26,84832
34,79001 29,44628 27,10977
33,77275 29,13474 26,88488
35,40036 29,5782 26,896
37,23141 29,54163 27,1662
36,82451 29,7578 27,17574
36,8245 29,34931 27,02952
34,99345 29,55117 27,3458
36,62104 29,69105 27,20277
34,3831 29,91675 27,34263
34,99346 29,56866 27,26157
34,99347 29,57025 27,22581
36,8245 29,70695 27,17017
34,38311 29,49395 27,3625
37,6383 30,16311 27,42766
36,8245 29,80073 27,46741
36,41762 30,01054 27,50953
35,40036 30,06139 27,65656
40,07971 30,1647 27,38793
36,62105 30,06139 27,63587
36,41761 30,11543 27,61284
38,04521 29,90721 27,50635
35,60381 30,02483 27,81708
39,67281 30,30776 28,17312
35,19691 29,88974 27,86399
37,2314 30,02483 27,6343
36,01072 30,10431 27,78607
34,79001 29,95331 27,53098
39,87625 29,88655 27,75032
38,859 30,27438 27,97921
34,58656 30,55095 27,97365
36,8245 29,96284 27,87351
35,6038 30,44921 28,16994
36,21416 30,15198 27,9053
38,45211 30,59227 28,40837
35,1969 30,14087 27,82982
34,99346 30,33477 27,92358
34,17967 30,06775 27,67801
34,58656 30,29027 28,13974
35,60381 30,15199 28,09048
35,6038 29,92629 27,89178
34,99346 30,12338 28,02133
37,43486 29,90564 27,80595
36,62106 30,27437 28,09285
37,63831 30,35543 28,06186
36,82451 30,23622 28,01814
36,21416 30,8275 28,47034
36,41761 30,25054 27,8759
35,6038 30,52233 28,31299
36,41761 30,54618 28,33764
37,02795 30,95785 28,19618
35,6038 30,73214 28,39644
39,46936 30,54299 28,19538
36,62106 30,77982 28,52996
36,8245 30,80049 28,53156
36,82451 30,89268 28,35035
36,62106 31,04208 28,66824
38,45211 31,09771 28,92573
36,21416 31,24235 29,19036
37,02795 31,13426 28,64122
35,80725 31,25507 28,57208
41,09697 31,27255 28,96228
39,87626 31,44899 28,92732
38,04519 31,3568 29,18719
36,62104 31,11679 28,92891
37,23141 30,87996 28,67619
36,8245 31,67946 29,28495
37,6383 31,24076 29,12045
36,0107 31,29958 28,8844
36,8245 31,32183 29,09421
37,02795 31,15334 28,90189
41,09697 31,35361 29,06877
37,2314 30,9483 28,87804
37,43484 31,81456 29,55356
38,0452 31,71601 29,43912
37,02795 31,7796 29,52814
37,2314 31,54912 29,03381
40,48661 31,47918 28,90586
39,46935 31,7335 29,15541
38,65556 31,7939 29,52575
37,02795 31,90834 29,49635
38,859 31,51573 29,25235
38,0452 31,48713 29,28336
39,06246 31,71282 29,48283
36,21415 31,48871 29,47329
40,0797 31,5523 29,29766
35,19691 30,95784 28,71829
38,24865 31,51416 29,43754
37,43485 31,8384 29,46137
35,80726 31,32818 29,02508
37,23141 31,37587 29,22296
38,24865 31,33455 29,14191
35,40034 30,87837 28,66347
37,02795 31,22011 28,89315
37,02796 31,48396 28,93686
37,43485 31,3409 28,96229
36,21416 31,3997 28,90904
36,0107 31,26302 28,97659
35,80725 31,37587 29,09182
37,84176 31,42196 29,13394
38,04521 31,68741 29,24282
38,24865 31,21375 28,86772
38,4521 31,24871 28,66586
38,24864 31,79389 29,15224
36,01072 31,23282 28,69366
36,62105 31,51415 29,12759
39,46936 31,52528 29,34933
37,2314 31,03095 28,59354
36,4176 31,02777 28,8097
36,62107 31,52211 29,2484
36,0107 31,16129 28,7962
37,2314 31,35997 29,06797
39,46935 31,28845 28,97182
36,82451 30,68286 28,36782
37,6383 31,86702 29,60919
35,80725 31,67311 29,39462
44,35219 31,42991 28,81049
34,58655 31,00711 28,97102
36,41761 30,97374 28,90029
36,41761 30,93877 28,61818
36,62105 31,33296 29,10614
37,02795 31,59839 29,35886
37,43485 31,48713 29,06321
37,43485 31,40767 28,85978
37,63829 31,01348 28,95514
37,02795 31,61747 29,46853
36,41761 31,30593 29,07832
36,8245 31,34408 29,11567
38,24865 31,27891 29,10534
36,8245 31,42356 29,07435
37,43484 31,5062 29,12123
38,65556 31,325 29,03777
36,4176 31,79549 29,49078
37,23141 31,69058 29,24522
41,09697 31,60793 29,36602
36,01071 31,53799 29,42958
36,21415 31,49667 29,10056
36,62105 31,4474 28,91143
38,85901 31,47282 29,33579
40,28317 31,17401 29,01156
37,43485 31,78277 29,39382
37,02795 31,71283 29,3962
38,65556 31,59998 29,22852
36,41759 31,58726 29,11169
36,41761 31,3425 29,18958
36,01071 31,53005 29,43435
36,62105 31,21851 29,00759
38,4521 31,81297 29,36919
36,21416 31,10884 28,83673
36,21415 31,30594 29,03858
37,02795 31,51256 29,26348
39,06245 31,70012 29,12679
38,24865 31,80025 29,25473
36,82451 31,4617 29,07515
35,80725 31,69694 29,26825
35,60381 31,43469 29,43755
38,24865 31,38858 29,29607
37,02794 31,68899 29,42403
41,30041 31,77165 29,42799
37,6383 31,62064 29,18958
38,24866 31,86542 29,36998
38,24865 31,59521 29,36601
40,28316 31,53958 29,11963
39,46934 31,65878 29,47885
38,4521 31,39813 29,14349
36,62106 31,4156 28,95752
37,43486 31,32024 29,0068
38,24866 31,62701 29,51542
36,41761 31,70012 29,24918
38,65557 31,42355 29,23805
38,45209 32,02119 29,64417
37,02797 31,66833 29,29051
