0,8138021 0,4434589 0,3202765
0,6103516 0,4386906 0,3226608
0,8138021 0,443459 0,3210713
0,8138021 0,4625326 0,3417347
0,8138021 0,4736589 0,3592185
0,8138021 0,4561747 0,3584236
1,017253 0,4990903 0,3798812
1,017253 0,4975009 0,3798812
1,017253 0,5149847 0,4037226
1,017253 0,5118058 0,4045172
1,424154 0,5531312 0,4299482
1,220703 0,6039932 0,4752469
1,220703 0,607172 0,4800151
1,424154 0,654856 0,5046517
1,220703 0,7041296 0,5443883
1,424154 0,7534025 0,5777674
1,627604 0,8138019 0,6318103
2,441406 0,8789704 0,6850573
5,086263 0,9775178 0,7414833
2,237956 1,044273 0,7915498
2,441406 1,08242 0,809828
3,051758 1,114208 0,8249273
2,237956 1,204808 0,8861214
2,848307 1,262029 0,9123479
3,86556 1,40985 1,032352
3,86556 1,498859 1,103879
4,679363 1,810391 1,312096
5,289713 1,915296 1,381238
6,713868 2,231598 1,600584
6,306966 2,436637 1,788934
6,917318 2,891222 2,078214
9,155274 3,309249 2,373059
9,969071 3,762246 2,703667
11,39323 4,111924 2,927778
13,22429 4,56015 3,291766
14,64844 5,222957 3,768603
15,46225 5,647342 4,030864
14,24154 6,38167 4,757244
14,64844 6,945928 5,284943
14,44499 7,812181 6,066164
13,42774 8,19842 6,268024
14,24154 9,155276 7,37667
15,05534 9,706816 7,937749
16,68295 10,39664 8,509958
14,85189 10,82103 9,13302
17,2933 11,26766 9,631311
15,6657 11,35508 9,683764
21,97266 11,82874 10,06127
17,2933 11,89232 10,17889
17,90366 12,39777 10,57307
15,6657 12,47406 10,55479
17,7002 12,9652 10,95375
17,90366 13,21793 11,35747
17,7002 13,5692 11,74768
17,90366 13,55967 11,83828
19,32781 13,9316 12,04412
23,19336 14,31465 12,40969
17,49676 14,21929 12,37472
18,31056 14,55784 12,54559
18,31056 14,79626 13,04547
18,10711 14,96156 13,17263
21,56576 15,47336 13,74483
19,32781 15,23972 13,45158
18,92091 15,72133 13,89583
19,32781 15,86278 13,99041
20,14161 16,17591 14,46645
20,34506 16,13617 14,38777
20,75196 16,56215 14,83441
20,54851 16,75448 15,08952
20,95541 16,88639 15,47178
21,56576 17,09144 15,24925
21,76921 17,40456 15,54013
20,95541 17,56668 15,76265
26,24511 18,01809 16,18942
23,19336 18,26922 16,28161
24,41406 18,23903 16,22439
22,58301 19,12912 17,17727
23,19336 19,06555 17,19237
25,63476 18,98289 17,21304
23,60026 19,52807 17,47132
24,82096 19,96993 18,06101
23,60026 19,5853 17,28455
24,41406 20,19723 18,0459
26,24511 20,4134 18,21359
25,22786 20,21949 18,34472
31,9417 20,73447 18,78024
25,83821 20,66612 18,51002
26,85546 20,81553 18,56883
28,88995 21,17316 19,05362
27,8727 21,18747 19,0719
30,51755 21,45449 19,17362
26,652 21,41476 19,03058
26,85546 22,06961 19,67749
27,0589 22,31916 19,42317
28,2796 22,2683 19,62662
29,9072 23,01375 20,61288
32,7555 23,25375 21,02295
32,3486 23,26488 20,73685
31,5348 24,02942 21,4545
31,73825 24,42201 21,70086
32,95895 24,48718 21,83516
30,92445 24,89408 22,24366
31,33135 24,6334 21,83994
30,92445 25,13885 22,40022
31,73825 25,3868 22,75069
31,9417 25,83661 23,45006
32,55205 25,72853 22,65294
32,3486 25,86681 23,307
33,36584 26,0671 23,29668
36,41759 26,03213 23,14567
33,1624 25,61568 22,70619
34,38309 26,10841 23,05665
33,1624 25,84298 23,04236
33,5693 26,25624 23,82279
32,14515 26,49148 23,98093
33,36584 26,35796 23,84185
34,38309 26,60749 23,7751
38,04519 26,30234 23,10674
34,58655 26,42472 23,61614
33,36584 27,04461 23,88397
34,99345 27,05096 24,19472
34,99345 27,09864 24,39339
34,58654 26,55664 23,87762
33,36584 26,90792 23,88638
34,17965 26,79506 23,76318
33,36584 26,89997 24,04293
34,38309 26,90155 23,73854
33,77275 27,5262 24,58175
35,1969 26,70129 23,66702
34,58654 26,81096 23,64078
34,99345 26,65836 23,84979
34,17965 26,48671 23,8959
33,77275 26,85864 24,27419
36,82449 26,84117 23,75603
35,60379 27,20673 24,61195
36,41759 27,01441 24,40214
33,77275 27,19084 24,40213
38,24864 27,45786 24,24239
34,78999 26,60592 23,6853
32,95895 26,75692 24,14544
34,38309 27,25918 24,35047
37,84174 27,04144 24,24638
36,0107 26,81254 23,69404
35,40034 27,23057 24,22013
35,40034 27,24806 23,84266
34,99345 27,66926 24,89408
38,45209 27,57548 24,65009
34,38309 27,10819 24,31392
32,7555 27,31481 24,06675
37,63829 26,97945 24,19154
34,38309 27,05891 24,08424
37,23139 27,23216 24,70493
33,36584 27,19878 24,59127
33,77275 27,22899 24,03021
35,60379 27,4976 24,47445
36,62104 27,7233 24,87977
37,02794 27,81549 25,09991
33,1624 27,08912 24,01033
33,36585 27,08752 24,2114
34,58654 27,48488 24,38943
33,77275 27,46104 24,81303
38,65554 27,36409 24,32266
35,1969 27,2576 24,0477
34,17965 27,13521 24,63102
33,77275 27,14951 24,2265
37,02794 27,27667 24,87977
36,21414 27,82344 25,09196
37,63829 27,61999 24,79632
34,99345 27,77258 24,75899
32,95895 27,1813 23,72663
32,95895 27,32753 24,59366
37,43484 27,24646 24,19232
34,38309 27,99191 24,86704
33,36584 27,47693 24,60639
35,80724 28,0539 25,27315
33,1624 27,53733 24,64294
34,58654 27,54687 24,74387
33,5693 27,42448 24,31075
37,63829 27,82026 24,72321
33,1624 27,4992 24,82653
34,58654 27,68993 25,04985
33,77275 27,25759 23,9261
37,63829 27,91085 24,91076
38,45209 27,30369 24,54519
36,82449 27,2401 24,55313
35,80724 27,8282 24,96243
34,58654 27,43561 24,41407
34,99345 27,71695 24,66122
33,1624 27,59296 24,56108
35,40034 27,83138 25,08719
34,58654 28,00941 25,2223
35,40034 27,82503 25,05699
36,21414 27,67561 24,87102
35,40034 27,96808 24,50545
36,01069 27,53099 24,85514
33,5693 27,91563 24,84798
33,1624 27,23693 24,11286
36,82449 28,22875 25,39873
36,21415 27,68992 24,63658
36,21414 27,87907 24,74784
36,41759 27,51032 24,02066
35,80724 27,67721 24,94413
35,80724 27,71535 24,53008
40,69006 27,6629 24,29724
33,77275 27,8902 24,80824
36,82449 27,78529 24,80905
36,41759 27,66927 24,96402
35,40034 27,82662 25,23024
36,82449 28,30663 24,9958
38,45209 28,34954 25,15077
36,01069 28,05867 25,16586
35,40034 28,00781 25,24772
36,62104 28,05233 25,11978
34,79 28,31935 25,28746
36,21414 28,38133 25,58787
36,82449 28,23828 25,02679
37,84174 28,27166 25,21354
33,1624 27,54687 24,55234
37,43484 28,22716 25,26521
36,62104 28,09046 24,64612
35,19689 28,06662 24,99183
40,69006 28,4163 25,32402
35,60379 28,51802 25,69119
37,43484 28,5371 25,85967
33,5693 28,09205 24,84797
39,87625 28,37021 25,28666
34,99345 28,11908 25,06256
37,43484 29,335 26,12828
35,1969 28,28755 25,59183
38,04519 28,81842 25,93834
36,01069 28,97738 25,91927
37,63829 29,02665 25,39871
35,40034 28,53551 25,47343
36,82449 28,69286 24,88692
39,46935 28,51007 25,46071
35,1969 28,98691 25,93755
37,23139 28,75008 25,60695
35,40034 28,71194 25,42733
38,65554 28,68332 25,8533
38,65554 28,99804 26,06627
37,63829 28,81843 25,1444
40,0797 28,74373 25,89464
35,60379 28,82957 25,78735
40,69006 29,55911 25,93119
38,04519 29,17923 26,03928
34,78999 28,72783 25,44481
42,31767 29,14109 26,06948
39,26589 28,99486 25,95901
36,41759 29,13154 26,32855
36,62104 29,35885 26,02418
38,45209 28,80731 25,75237
39,46935 29,67673 26,52643
38,04519 29,44626 25,83424
36,82449 28,80889 26,07822
37,43484 28,58002 25,30336
37,02794 28,8836 25,48057
36,82449 29,2905 25,85649
40,89351 29,66879 26,32299
42,52112 28,83273 25,93594
38,65554 29,62588 26,91188
38,24864 29,33658 26,15053
36,82449 29,06321 26,14577
39,67279 29,29368 25,96218
39,46935 29,1856 25,69038
37,63829 28,78506 25,77384
37,63829 29,52415 26,41042
38,65554 29,02506 26,05993
37,84174 28,92969 26,26736
42,52113 28,7628 25,44959
38,04519 28,86611 25,31289
37,63829 29,64494 26,40484
40,0797 28,98692 25,87476
38,45209 29,17924 25,96298
37,84174 29,05525 26,03529
37,43484 28,68809 25,8819
35,40034 29,23487 25,75079
37,02794 29,29527 25,62522
36,21414 29,24599 26,01225
39,46935 29,1252 26,15849
41,70732 29,67993 26,42632
36,21414 29,14744 26,13861
34,99345 28,84704 26,10285
34,78999 29,07592 25,89463
36,62104 28,45603 25,66337
40,89351 29,24758 25,8827
36,62104 29,11725 26,20936
39,06244 28,99486 25,53064
39,87625 28,77074 25,92007
37,43484 29,46057 26,10206
40,0797 29,20626 26,0043
40,28315 29,49236 26,45887
37,02794 29,6211 26,33015
37,63829 29,11725 26,06311
37,23139 28,78188 25,67369
36,01069 29,0187 26,14178
38,04519 29,51779 25,76906
37,63829 29,22692 26,52405
40,89351 29,59568 26,1712
37,02794 29,3207 26,23876
37,84174 29,0489 26,18472
36,41759 29,09182 25,62045
36,01069 29,10771 26,0369
39,26589 29,31593 25,84854
42,11422 30,01687 26,47558
38,45209 29,58136 26,19027
43,53838 29,60044 26,70445
39,06244 29,33182 26,07582
38,04519 29,37156 25,80165
41,09696 29,66879 26,50816
37,02794 29,88177 26,59321
39,26589 29,81502 26,52326
41,09696 29,61792 25,98126
40,4866 29,28255 26,35637
37,02794 29,29208 25,99635
36,62104 29,2905 26,45015
37,63829 29,45898 25,96536
42,72458 29,94694 26,45173
39,26589 29,33977 26,46207
37,23139 29,03937 25,959
39,67279 29,65767 26,58764
37,63829 29,23804 26,51929
40,0797 29,0346 26,05834
39,26589 29,25554 26,44698
38,45209 29,49872 26,69333
41,30041 29,48123 25,90098
39,26589 29,7578 26,80381
36,21414 29,00439 25,71026
36,82449 29,93581 26,76485
36,62104 29,48123 26,91665
36,82449 29,66242 26,36353
38,85899 29,88337 26,31345
37,84174 29,57819 26,37306
37,84174 29,44945 26,31664
38,65554 29,55911 26,40803
38,85899 29,43195 26,19583
35,80724 29,42242 26,37783
37,43484 29,39064 25,74919
38,24864 30,06933 26,55426
38,65554 29,02665 26,13465
39,87625 29,55913 26,42234
38,65554 29,27778 26,07504
42,72458 29,40334 26,3659
38,04519 29,46533 26,39373
38,45209 29,77846 26,52802
37,84174 29,40812 26,08774
37,02794 29,58136 25,71423
39,46935 29,72918 26,07184
38,04519 29,43037 26,07741
37,63829 29,44149 26,37941
40,69006 29,27937 25,76113
37,02794 29,68469 26,34525
40,28315 29,7117 27,09706
36,0107 29,73713 26,84752
37,43484 29,79595 26,58605
36,62104 29,3048 26,07822
41,09696 29,67832 26,36272
34,99345 29,47488 26,49863
34,78999 30,05979 26,44459
36,62104 29,61156 26,3802
39,46935 29,91357 26,53836
37,63829 29,78165 26,62182
39,06244 29,20944 26,32378
39,87625 29,48282 26,60909
39,26589 28,92333 26,1259
38,04519 29,61158 26,32537
37,43484 29,36998 26,10684
40,0797 29,39699 25,9749
40,4866 29,93424 26,52882
39,46935 30,12178 26,56935
36,62104 29,11884 25,48059
36,62104 29,35725 25,88033
38,45209 29,70374 26,33411
41,30041 29,54163 26,29359
34,78999 29,47965 26,45172
36,01069 29,21102 26,25385
40,4866 29,49395 26,17598
36,21414 29,6068 26,81016
41,30041 29,72283 26,49784
37,02794 29,81343 26,35717
38,45209 29,53209 26,23876
38,85899 29,60044 26,36432
37,63829 29,64812 26,11398
35,80724 29,46057 26,52246
36,41759 29,54481 26,50897
37,43484 29,94218 26,53041
37,63829 29,43355 26,40564
39,87625 29,39381 26,33492
35,80725 29,25235 26,11796
42,31767 29,71488 26,15212
39,46935 29,41606 26,16404
39,46935 30,21874 26,75054
34,78999 29,13474 26,02895
38,04519 29,42719 26,27292
39,67279 30,33317 26,70923
39,06244 29,40812 26,40881
37,84174 29,64654 26,64327
36,41759 29,4876 26,36193
39,06244 29,71966 26,72752
38,24864 29,61475 26,54234
39,46935 29,97873 26,55663
39,87625 29,96443 26,51691
41,50386 29,54482 26,6234
38,85899 29,76257 26,55108
38,24864 29,40653 26,95959
37,23139 29,79118 26,47718
37,43484 29,46057 26,11079
39,67279 29,68468 26,24272
37,63829 29,39857 26,3071
38,04519 29,68309 26,33253
38,65554 29,73237 26,59956
37,63829 29,14586 25,97728
37,43484 29,4415 26,49624
35,80725 29,88654 26,43585
38,04519 29,88495 26,78871
39,67279 29,34772 26,04325
35,40034 29,40812 26,37862
36,62104 29,76415 26,61227
38,85899 29,59567 26,41438
38,65554 29,51301 26,38975
37,02794 29,57819 26,80222
37,02794 29,08228 26,05675
39,87625 29,72123 26,77997
35,40034 29,17606 26,17677
39,87625 29,75144 26,86579
38,04519 29,7578 26,29756
39,26589 29,78323 26,10842
43,74184 30,08522 26,55981
37,02794 29,50825 26,11159
39,46935 29,40018 26,02338
36,41759 29,9072 26,64087
36,41759 29,27144 26,10523
35,80724 29,30321 25,87873
40,0797 29,87542 27,12727
38,65554 29,59249 26,52724
37,43484 29,34613 25,9749
34,99345 29,15858 25,99238
39,06244 29,62269 25,67688
37,02794 29,35248 26,19107
37,43484 29,44627 26,24193
37,63829 29,47329 26,32379
38,45209 29,788 26,65598
38,45209 29,73554 26,57253
36,62104 29,53051 26,46286
37,02794 29,7864 26,64565
42,52112 28,99646 25,59263
38,24864 29,34295 25,92403
38,24864 28,95671 26,14656
37,23139 30,0137 26,93334
42,92803 29,54004 26,61387
39,67279 29,72442 26,43824
36,21414 29,788 26,45094
36,82449 29,88813 26,68857
41,09696 30,00098 26,51055
39,26589 29,75938 26,43503
40,4866 29,65289 26,10921
38,24864 29,94853 26,75056
37,63829 30,19808 26,74101
37,84174 29,49713 25,96219
36,62104 29,76097 26,65519
37,63829 29,74031 26,41677
35,60379 29,46692 26,03131
43,74184 29,66244 26,51532
37,02794 29,19036 26,28882
39,26589 29,39382 26,42233
37,23139 29,94854 26,48431
38,04519 29,87064 26,71241
37,2314 29,30322 26,43585
40,0797 29,14427 26,02418
36,41759 29,90561 26,50499
38,45209 29,94377 26,79983
37,02794 29,67833 26,32537
39,87625 29,95966 26,67824
40,69006 30,01211 26,69811
37,43484 29,77686 26,64804
39,87625 30,13609 26,76882
40,4866 29,72759 26,88088
41,70732 30,24576 26,8197
37,63829 29,79277 26,85308
36,41759 29,54798 26,29358
38,65554 29,55276 26,35717
38,85899 29,57023 26,64644
38,45209 30,67809 27,40621
37,63829 30,14244 26,8205
38,45209 30,01687 27,10659
36,82449 29,82615 26,58605
37,84174 30,13767 26,89996
37,23139 29,69104 26,26339
36,41759 29,99781 27,04698
35,60379 29,32546 26,1974
37,43484 29,97715 27,1662
37,63829 29,47169 26,04483
39,67279 29,68468 26,27848
39,87625 30,37133 26,83241
41,70732 30,30138 27,14394
40,28315 30,32206 27,26395
39,67279 29,87224 26,57571
35,80724 29,41766 26,2165
37,2314 29,55593 26,63294
39,06244 29,97556 26,95479
36,21414 29,77688 26,68458
36,01069 29,67356 26,52329
