0,8138021 0,4196169 0,3083553
0,6103516 0,3989538 0,2948446
0,8138021 0,41008 0,3059709
0,8138021 0,4498168 0,334582
1,017253 0,467301 0,3433242
0,8138021 0,4561747 0,3480924
1,017253 0,4736588 0,3703444
0,8138021 0,4768378 0,3584238
1,424154 0,5070376 0,3878284
0,8138021 0,4831957 0,3806758
0,8138021 0,4990903 0,3933913
1,220703 0,4863746 0,3878282
1,220703 0,4831957 0,3997488
1,017253 0,5102164 0,3981596
0,8138021 0,4959114 0,388623
0,8138021 0,4895535 0,402133
1,017253 0,55631 0,4355111
1,017253 0,5149847 0,4021332
1,220703 0,519753 0,4204115
1,424154 0,5261108 0,4347163
0,8138021 0,5261107 0,4259745
1,017253 0,5467734 0,4307428
1,017253 0,5213424 0,4204114
1,017253 0,5292896 0,429948
1,017253 0,5245213 0,4291533
1,017253 0,545184 0,4386899
1,017253 0,5737938 0,4553789
1,424154 0,5483628 0,4434582
1,017253 0,5515417 0,4482265
1,017253 0,5578995 0,4506106
1,017253 0,5769726 0,463326
1,220703 0,5722044 0,4657102
1,017253 0,5896882 0,4784256
1,017253 0,6071721 0,4839888
1,424154 0,6294246 0,4982938
1,220703 0,6182983 0,4831941
1,424154 0,6548563 0,5157773
1,424154 0,6691613 0,5157775
2,644857 0,70254 0,5435935
2,644857 0,6977716 0,5324669
3,051758 0,7136663 0,5451829
1,627604 0,7216135 0,5690255
1,424154 0,7677075 0,6008154
2,441406 0,8281072 0,6397577
4,475912 0,9250652 0,7112835
9,969072 1,130104 0,820161
6,713867 1,319248 0,9512898
9,969073 1,641911 1,157124
21,97265 2,643269 1,734099
28,88995 4,269281 2,640883
42,11422 7,421177 4,438557
88,90794 13,41979 7,97987
119,832 19,63615 11,94318
122,2734 27,69947 17,07474
103,7596 35,87246 22,61559
125,325 47,76957 30,57162
114,9494 59,20574 39,78891
129,1906 67,06881 46,88505
145,4665 79,17727 57,18471
135,7009 84,29057 62,33219
146,4836 93,30589 70,27146
157,8767 98,48268 74,5876
151,9767 100,8954 77,19833
187,9883 107,2055 84,25632
183,5122 110,3971 90,40989
168,4564 111,6703 92,65578
180,8673 116,7914 96,87494
186,9711 120,9081 101,5137
176,3912 122,6898 103,9463
191,8539 125,0231 107,6696
192,0574 125,7622 110,5314
163,1666 125,1184 109,4219
191,0401 129,9917 113,7334
192,4643 133,8905 116,9209
191,2436 132,6079 116,2136
191,6505 135,3417 120,076
178,4259 135,7025 120,7642
190,8367 137,2093 120,6983
183,9192 139,4329 123,2238
191,8539 142,2351 126,3598
192,2609 145,3918 128,1559
192,2609 144,7958 129,4283
192,2609 148,8346 132,828
192,2609 155,6215 137,4788
192,4643 157,0362 138,5453
192,0574 160,4218 141,1601
192,4643 166,4554 145,2545
192,4643 165,8768 148,0352
192,4643 170,5881 152,5556
192,4643 171,2509 152,5532
192,4643 175,6745 155,9642
192,4643 174,7017 154,347
192,4643 170,9234 151,478
192,4643 176,1259 156,0525
192,2609 176,7156 156,5063
192,2609 180,2728 160,886
192,4643 177,8028 159,1074
192,4643 179,3955 160,4156
192,0574 179,8134 160,6031
192,8712 182,6778 161,5998
192,4643 183,3835 163,1941
192,4643 182,255 162,3365
192,4643 180,098 159,6797
192,4643 183,9017 163,7487
192,4643 181,7464 161,25
192,4643 184,1655 162,9667
192,4643 184,4882 164,9344
192,4643 182,7604 163,6318
192,4643 184,8172 165,2754
192,4643 186,4242 165,5632
192,4643 184,1433 163,9354
192,4643 182,6889 163,058
192,4644 185,329 165,1777
192,8712 186,5451 167,8457
192,4643 184,1592 162,4287
192,4643 183,6028 162,5542
193,4816 185,5865 163,9736
192,4644 186,944 164,8566
192,4643 184,5089 163,5564
192,4643 187,2269 166,845
192,4643 186,0412 165,2786
192,4643 186,758 167,1716
192,4643 188,7767 170,663
192,4643 187,769 168,5315
192,4643 187,7435 168,7977
192,6678 187,8182 166,1425
192,4643 186,0761 165,7832
192,4643 187,9485 168,2875
192,4643 187,3207 166,1774
192,4643 187,2746 168,9216
192,4643 187,4415 168,3176
195,5162 185,7233 165,3064
192,4643 186,5419 165,3876
192,4643 188,5318 169,1982
192,4643 187,1395 166,4485
192,2609 187,9548 168,8605
192,4643 188,2139 168,0029
192,4643 188,2076 167,1876
192,4643 189,0198 172,4518
192,4643 188,2299 169,1529
192,4643 188,2712 168,6071
192,4643 187,9422 169,3374
192,4643 188,0058 168,5839
192,4643 187,7625 166,5771
192,4643 188,7416 173,009
192,4643 187,5194 167,5485
192,4643 188,5923 168,6833
192,4643 187,3112 169,0402
192,4643 188,7257 169,4891
192,4643 187,8452 167,4236
192,6678 189,128 172,9097
192,6678 189,093 172,1538
192,6678 188,9308 170,6041
192,4643 188,1011 167,6533
