0,8138021 0,4227958 0,30915
1,220703 0,4529957 0,3329925
0,8138021 0,4466379 0,3361715
0,8138021 0,4641221 0,3433241
0,8138021 0,4577642 0,3496818
0,8138021 0,4768378 0,3751127
1,220703 0,491143 0,3862388
0,8138021 0,5070375 0,3957754
1,017253 0,5277002 0,4196168
1,017253 0,5277002 0,4212062
1,017253 0,5261108 0,4148485
1,017253 0,5404157 0,4386899
1,017253 0,5753832 0,4577631
1,220703 0,6278351 0,4919361
1,424154 0,6373721 0,5030622
1,424154 0,6898245 0,5388252
1,424154 0,6628036 0,5229301
1,627604 0,7200241 0,5634623
1,424154 0,7788337 0,6182998
1,424154 0,7772442 0,6119419
1,627604 0,8360546 0,66201
1,627604 0,8773811 0,694594
1,424154 0,9361919 0,7255884
1,627604 0,9806963 0,7518143
1,831055 1,012485 0,8090336
2,237956 1,045863 0,8145965
2,644857 1,107851 0,8559217
2,848307 1,126924 0,8662527
2,441406 1,184145 0,9171155
3,255208 1,258851 0,9473157
2,644857 1,32243 1,004537
3,051758 1,312893 0,9719529
3,458659 1,424155 1,066526
2,441406 1,413029 1,080832
3,86556 1,489322 1,119774
4,06901 1,591045 1,212756
3,458659 1,69436 1,254876
3,66211 1,740455 1,307328
4,475912 1,832644 1,360575
4,272461 1,902581 1,459122
3,255208 1,921655 1,446406
6,306965 2,059937 1,574359
5,289714 2,118745 1,607736
3,458659 2,115566 1,664162
3,86556 2,215702 1,688797
3,86556 2,293586 1,734097
4,069011 2,379417 1,823901
5,493165 2,543133 1,901786
4,882813 2,754528 2,12431
5,086264 2,964337 2,276103
6,103515 3,131232 2,409618
5,086263 3,256797 2,565383
6,510417 3,512698 2,764861
6,510417 3,733634 2,997714
5,900065 3,99113 3,223422
6,917317 4,243852 3,446737
10,17252 4,461607 3,620784
7,120767 4,763604 3,870327
8,341469 4,932089 4,061858
8,74837 5,122818 4,194576
8,138019 5,377136 4,425845
8,54492 5,718865 4,735787
10,98633 6,054242 4,990101
8,544921 6,305378 5,222166
9,765624 6,597835 5,569458
9,765621 6,917318 5,841254
12,81738 7,139841 6,031198
10,37598 7,446607 6,244975
11,18978 7,828076 6,643931
10,98633 7,84556 6,748834
11,39323 8,153915 6,968976
10,57943 8,23339 7,073086
11,80013 8,433663 7,376669
11,39323 8,697507 7,56582
13,02083 8,880292 7,67787
12,41048 9,04878 7,810594
12,81738 9,196603 7,983048
13,22429 9,471572 8,223054
12,61393 9,690925 8,539363
13,02084 9,921389 8,527433
13,22429 10,18525 8,779367
13,83464 10,3728 9,183881
13,63119 10,71453 9,288791
13,83464 10,93705 9,503365
15,86915 11,08329 9,612247
15,66569 11,20567 9,787871
14,85189 11,58078 10,03583
14,44499 11,5029 10,1002
15,46225 11,89073 10,34339
15,66569 12,03696 10,53572
17,49675 12,20385 10,80672
15,05534 12,37393 10,86474
17,49675 12,6934 11,17388
19,53125 12,63619 11,1413
16,4795 12,96997 11,43614
17,08985 13,20203 11,37416
16,27605 13,18295 11,72066
17,08985 13,30375 11,789
17,90365 13,51357 11,971
17,08985 13,73927 12,02981
18,31056 13,69794 12,36996
17,90365 14,2781 12,69817
17,2933 14,15093 12,32783
16,8864 14,34167 12,64969
18,1071 14,47042 12,76334
18,71746 14,63254 12,95726
18,10711 14,62936 12,98983
19,12436 14,75334 13,06455
19,3278 14,88209 13,23938
18,31055 15,06011 13,53026
18,514 15,17455 13,5541
19,12436 15,42727 13,88708
20,75195 15,64502 14,09213
20,14161 15,63231 13,90934
18,71745 15,65457 13,992
20,14161 15,67364 14,12789
19,53126 16,03603 14,31623
19,73471 16,03604 14,24631
19,12436 15,8151 14,2034
19,3278 16,09167 14,71917
21,36231 16,44293 14,50061
21,56575 16,5828 14,39015
20,95541 16,39525 14,59837
21,36232 16,68771 14,79467
22,78646 16,69883 15,00765
20,14161 16,59553 14,94964
19,73471 16,9595 15,26514
19,73471 16,78308 14,87971
22,58302 17,33463 15,47575
22,17611 17,13436 15,11574
22,37956 17,28216 15,54648
21,97266 17,32985 15,73325
20,95541 17,32191 15,59258
20,75196 17,38867 15,56238
22,17612 17,39184 15,54648
24,82096 17,48403 15,5433
21,97266 17,37596 15,46384
20,95541 17,38708 15,6959
22,17611 17,36323 15,55602
22,37956 17,61119 15,61642
20,75196 17,54444 15,79523
21,97267 17,51105 15,62358
22,98991 17,62232 15,77854
21,15886 17,72087 16,02094
21,76921 17,69543 15,74993
20,75196 17,65093 15,81192
22,17611 17,69066 15,97563
22,78646 17,90683 16,00346
22,9899 18,17067 16,47631
20,54851 17,99106 16,20849
22,58301 18,26286 16,46678
22,98991 18,08642 16,21882
22,78646 18,04352 16,2824
23,19336 18,03082 16,2236
22,78646 18,08009 16,09723
24,00717 18,49969 16,86176
21,76921 18,29625 16,34041
22,583 18,52193 16,76718
21,76922 18,44883 16,80851
22,78646 18,35665 16,62493
22,78646 18,19929 16,3126
22,37956 18,65864 16,75526
22,98992 18,62685 16,92295
21,97266 18,60777 16,89275
23,39681 18,7556 16,90944
25,02441 18,39003 16,62334
21,97266 18,53625 16,74731
23,39681 18,47903 16,66705
22,37956 18,47743 16,79659
22,78646 18,81759 17,12005
21,76921 18,50923 17,04692
21,56576 18,58234 16,36187
21,97266 18,665 16,90467
23,60026 18,6793 16,87606
22,583 18,53149 16,63845
22,37956 18,76036 16,82123
23,19336 18,94793 17,07157
24,00716 18,78102 16,79738
22,78646 18,79693 16,83872
23,19336 18,67295 16,65116
22,1761 18,80805 16,94044
22,37956 18,80965 16,72428
23,19336 19,09097 17,29171
22,78646 19,00991 17,12879
22,37956 18,98924 17,29647
22,98991 19,0576 17,17091
24,41406 18,9209 17,08666
24,21061 19,05124 17,11766
22,58301 18,90501 16,97302
25,43131 19,05441 17,36959
22,17611 18,89705 17,24243
23,19337 19,00991 17,28853
22,37956 18,92409 17,097
22,58301 19,2674 17,56509
25,83821 19,19747 17,26071
23,19337 19,13866 17,05885
22,9899 18,69043 16,97382
22,98992 18,86369 17,0215
23,39681 18,95111 17,04852
22,98991 18,91614 17,17727
24,21061 19,15297 17,27661
23,19337 19,1911 17,10335
22,78646 18,87005 17,11925
24,61751 18,86209 16,98654
22,98992 19,03852 17,13911
22,78646 19,11481 17,37118
22,98991 19,03694 16,89038
24,00717 19,41045 17,54045
23,39681 19,1323 17,27502
23,19336 18,97176 17,10653
22,78646 18,85892 16,88878
22,58302 19,14978 17,29886
23,60026 19,01151 17,10733
24,82097 19,21654 17,41329
24,00716 19,20384 17,49516
23,39681 19,31985 17,37675
22,37956 18,99878 17,30045
22,58301 19,12594 17,40059
23,39681 19,12593 17,39263
25,43131 19,25786 17,31476
23,60025 19,15614 17,26787
22,17611 18,96857 17,26627
26,24511 19,3723 17,25197
22,98991 19,26899 17,54284
24,00717 19,08142 17,08507
24,82096 19,24038 17,23846
23,60026 19,31032 17,32826
23,19336 19,35482 17,53966
23,60026 19,12116 17,29488
21,76921 19,08143 17,29647
23,80371 19,45814 17,63503
23,19336 19,41045 17,37992
22,98991 19,34846 17,59688
25,22786 19,38343 17,26787
22,98991 19,04328 17,19553
23,80371 19,38661 17,57384
23,60026 19,08779 17,49197
23,60026 19,16409 17,24641
24,2106 19,37231 17,58814
22,98992 19,06395 17,40217
23,60025 19,23403 17,68749
23,80371 19,10051 17,28456
24,00716 19,50583 17,24084
23,19336 19,34052 17,68669
24,21061 19,39456 17,55636
22,58301 19,33416 17,52457
24,21062 19,45019 17,61675
23,60027 19,50264 17,41966
22,98991 19,51854 17,63026
22,98992 19,31985 17,2782
24,21061 19,52013 17,41569
23,60026 19,74265 18,11107
23,19337 19,27375 17,54045
24,00715 19,20381 17,38866
23,60026 19,4502 17,519
23,60026 19,56145 17,70179
24,21061 19,47562 17,66206
24,61751 19,51218 17,82815
23,39681 19,40569 17,49755
23,60026 19,5392 17,66841
25,63476 19,43431 17,59291
23,19336 19,66159 17,62787
24,61751 19,30555 17,53012
22,58301 19,78714 17,64854
24,41406 19,68701 17,80192
23,80371 19,76807 18,12856
23,39681 19,62503 17,44905
26,85547 19,55987 17,86391
23,39681 19,83961 17,72404
23,80371 19,91431 17,87106
23,60027 19,89206 17,9108
22,78646 19,79191 18,09279
23,19336 19,77126 17,7749
24,82096 19,7649 18,01968
23,3968 19,82531 17,6851
24,00717 20,42293 18,17464
22,98991 19,84279 18,0626
24,2106 19,82213 17,65648
23,60026 19,83166 18,05702
24,00716 19,8237 17,8488
24,82095 20,04146 18,14524
23,19336 19,86028 18,1516
23,19337 19,87934 18,01967
23,39681 20,03829 18,08803
23,80371 20,12412 18,35744
24,41406 20,09075 18,25015
24,00716 20,0971 18,21041
24,21061 20,03671 18,17942
25,4313 20,31962 18,54261
24,21061 20,15909 18,40672
24,00716 20,16227 18,02603
23,60027 20,24809 18,36698
23,39681 20,22107 18,4822
25,43131 20,12254 18,07213
25,02441 20,44837 18,4695
24,21062 20,51989 18,70871
24,21061 20,63274 18,61889
24,41406 20,55009 18,75401
22,9899 20,26398 18,35505
24,41405 20,58983 18,85017
24,82096 20,41976 18,39321
24,00718 20,41658 18,41704
25,02441 20,26718 18,4226
24,41406 20,43089 18,51083
23,8037 20,31803 18,60301
26,24511 20,55805 18,45201
23,60026 20,61049 18,57837
26,85546 20,86481 18,83189
26,85547 20,95699 18,95189
26,85546 21,3337 18,87323
28,27962 21,84074 19,56304
28,27962 22,22061 20,00888
27,87272 22,33346 19,89047
27,05891 22,5544 20,40387
27,26237 22,57982 20,22584
26,85547 22,8993 20,77898
27,87272 23,14567 20,85367
28,48307 23,03284 20,81712
27,05891 22,9613 20,27114
29,70377 23,26488 20,8791
27,87271 23,15679 21,07462
29,50031 23,46675 20,90375
26,24511 22,9168 20,40148
27,46582 23,83709 21,42191
29,29687 23,77034 21,6055
29,70377 24,08821 21,79782
28,27962 24,07074 21,68417
31,12791 24,15975 21,62457
30,72102 24,20902 21,79862
31,12791 24,39181 22,05689
28,88997 24,44426 21,81213
29,50032 24,66679 22,18088
28,27962 24,54598 22,06723
29,70377 24,92428 22,74672
31,12792 24,75739 22,01716
30,721 24,75897 22,52021
30,11066 24,80349 22,31598
29,50032 25,18177 22,57665
30,31413 24,89885 22,4042
31,53481 24,79553 22,49717
30,31412 25,44085 22,49638
30,11068 25,35184 22,6895
32,14518 25,45833 22,98833
32,75553 25,27554 22,48208
29,70377 25,12297 22,28816
28,88996 25,01964 22,42247
31,73827 25,13408 22,76341
30,31411 25,4933 22,81507
29,90722 25,60774 23,19336
31,12793 25,62204 23,06699
31,53481 25,61728 22,78805
30,11068 25,81278 23,38886
31,53482 25,7206 23,24978
32,14516 25,5076 22,95335
32,55207 25,74921 23,33959
31,53483 25,38522 22,47651
30,31412 25,69993 23,005
29,70378 25,692 23,15521
31,73827 26,24831 23,51999
30,51757 25,81915 22,54805
30,31412 25,65066 22,79281
32,75552 25,79372 23,16079
30,11068 26,03531 23,52157
31,12791 25,90974 22,83255
30,31413 25,84617 23,08845
32,75553 25,8716 23,20688
30,72102 25,90655 23,52396
29,50031 26,10207 23,60821
30,51757 26,10684 23,43894
30,11067 26,10365 23,54223
31,33137 26,11001 23,25456
31,94172 26,58048 23,8951
33,16243 26,49785 24,17883
32,14517 26,42155 23,72821
32,14516 26,13544 23,72503
33,36587 26,6234 24,03657
33,97623 26,65042 23,89192
31,94173 26,54393 23,79258
32,75553 26,87295 23,98728
33,97623 26,54393 23,87205
33,77278 27,17177 24,08663
31,73828 27,03984 24,4681
32,14518 27,19561 24,39419
33,77278 26,68539 24,01034
34,38314 27,5278 24,5444
34,58658 27,35455 24,39975
33,36589 27,23694 24,67156
32,75552 27,35932 24,39896
32,75553 27,31641 24,59209
33,56931 27,26872 24,64613
32,34862 27,318 24,5134
33,36587 27,31641 24,64611
32,55207 27,39271 24,65408
33,56933 27,68675 25,01487
31,33136 27,33072 24,66599
32,95897 27,44834 24,73196
32,95897 27,88861 25,31926
34,79002 28,14293 25,41304
33,77278 27,51986 24,61274
32,75552 27,52781 24,44029
32,55207 27,70265 25,01647
32,75552 27,88702 25,01091
33,56933 27,78529 24,82414
36,01072 27,87748 24,84957
33,16243 27,4388 24,68585
31,12794 27,19243 24,77645
39,87628 28,07459 24,85593
35,19693 27,89179 24,93699
33,97623 27,42767 24,65249
31,94173 27,65973 24,9664
33,16242 27,57549 24,73036
33,16244 27,58821 24,86387
32,75553 27,76146 25,24298
31,53481 27,64701 24,96958
31,73828 27,63589 24,63103
34,17969 27,94902 25,02282
32,55206 27,80914 25,03713
34,38314 27,89975 25,23264
34,79002 27,75669 24,85911
33,36588 27,44516 24,68905
32,34862 27,61205 25,00455
35,60382 27,99034 25,61411
32,55208 27,63112 25,03077
33,77277 28,10637 24,96004
33,36586 28,08095 25,16668
32,34861 27,45787 24,71845
34,79003 27,72014 24,75261
33,36588 27,61522 24,94414
34,17967 28,08094 25,83344
33,36589 27,86954 24,97354
32,95898 28,02213 24,67951
34,58657 27,91563 25,01805
33,77278 27,82822 25,02919
31,53481 27,93948 25,01169
33,16242 28,04121 25,2517
32,55207 27,89497 25,29223
33,77277 27,9951 25,08084
34,38312 28,20969 25,48138
32,14518 27,98557 25,2962
32,75553 27,9808 25,13488
34,99347 27,80755 25,34151
35,19693 28,13181 25,36376
33,16243 27,82185 24,93619
32,55208 28,50056 25,75794
33,16243 27,8155 25,09991
32,95898 28,10478 25,51396
31,94173 27,68198 24,75102
32,55206 27,97286 25,2978
32,55207 28,62612 25,81199
33,16242 27,97604 25,22071
33,36588 28,01895 25,30972
34,17969 28,15883 25,16428
33,36586 28,14293 25,50839
33,56933 27,99193 24,97276
33,16242 28,29075 25,48377
34,58658 27,7535 24,60081
32,75552 28,30982 25,25806
32,34861 28,07936 25,38919
33,56933 28,1922 25,0403
33,36587 28,44651 25,52191
32,75553 28,21446 25,19767
34,17967 28,55143 25,47105
34,17968 28,36545 25,52033
34,79002 28,50532 25,82231
32,55207 28,35433 25,40271
32,55208 28,52122 25,85093
35,19694 28,58162 25,71583
32,14518 28,44016 25,36775
34,58657 28,42585 25,5696
35,40038 28,57526 25,46866
34,79004 28,11114 24,92745
33,36588 28,51486 25,59344
33,77278 28,43857 25,77543
31,94172 28,4052 25,71902
33,56933 28,57049 25,96775
34,58658 28,60228 25,52351
33,16243 28,35273 26,03928
32,55208 28,5705 25,30495
33,36588 28,19697 25,46947
33,56932 28,60387 25,90497
32,95898 28,58003 25,39873
33,77279 28,53234 25,19289
33,77278 28,75328 25,74443
32,34863 28,34002 25,82869
33,56933 28,65156 26,04086
34,58657 28,41472 25,39474
34,99348 28,47989 25,47978
34,79003 28,66904 25,66814
35,60383 28,55936 26,14975
34,17967 28,67698 25,77067
33,97623 28,43061 25,62364
36,82454 28,64043 25,77384
33,56932 28,44651 25,57675
35,40038 28,66268 25,76431
33,97622 28,74692 25,79292
34,38313 28,38452 25,70151
36,21417 28,39565 25,25488
34,79002 28,40042 25,03395
32,55207 28,49103 25,7071
34,17968 28,56573 25,30337
34,17968 28,43062 25,37012
