1,017253 0,4243852 0,3083552
0,8138021 0,4418695 0,3274293
1,220703 0,4625326 0,3337872
1,017253 0,4704799 0,3584238
0,8138021 0,4768378 0,3616026
1,017253 0,4800167 0,3751127
0,8138021 0,4736589 0,3703444
1,220703 0,5133953 0,4005437
1,017253 0,5006798 0,4037225
1,017253 0,508627 0,399749
1,017253 0,5213425 0,429948
1,017253 0,5372368 0,4259745
1,017253 0,5547206 0,4371005
1,017253 0,5896882 0,4688891
1,017253 0,6326035 0,4887573
1,424154 0,6723402 0,5078307
1,220703 0,6834665 0,5276985
1,424154 0,7184347 0,5594885
1,627604 0,7645286 0,5944573
1,831055 0,8010862 0,6389629
2,441406 0,8503599 0,6516792
1,831055 0,8853284 0,6755205
1,831055 0,9504969 0,7319463
2,034505 0,9870544 0,7406883
2,034505 1,060168 0,8058546
3,86556 1,087188 0,8145963
4,069011 1,142818 0,8503582
4,679363 1,223881 0,9067839
4,679363 1,282692 0,9385737
3,051758 1,304946 0,9497004
10,37597 1,44005 1,054605
8,138019 1,475018 1,070499
7,324218 1,505217 1,076063
6,103515 1,602172 1,160306
8,341469 1,72297 1,252492
6,713867 1,821517 1,306533
7,934571 2,032915 1,402695
7,93457 2,395311 1,680056
7,934571 2,640088 1,844565
6,510417 2,791089 1,943907
8,544919 3,236136 2,304713
9,15527 3,819465 2,653598
8,138019 4,318556 3,025531
9,969072 4,638037 3,298124
9,15527 5,000432 3,732046
11,80013 5,602837 4,109541
13,02083 5,90801 4,282792
10,98633 6,279948 4,566514
13,42773 6,864867 5,169711
15,66569 7,195471 5,346936
13,63119 7,131896 5,327863
17,29329 7,650058 5,630653
13,83463 7,890065 5,919933
15,86914 8,120538 6,051859
13,42774 8,420944 6,208417
16,27604 8,738837 6,627243
14,44499 8,835793 6,775059
15,6657 9,217262 7,077851
20,54851 9,562178 7,164479
20,75196 9,681382 7,173219
16,88639 9,980206 7,514158
17,49674 10,33624 7,642904
21,15886 10,82579 7,817746
19,12436 11,20408 8,200807
17,08985 11,72066 8,600554
20,9554 12,23564 8,882678
18,71744 12,28969 8,989181
19,32779 12,78083 9,551049
17,7002 12,97315 10,19716
28,68653 13,23859 10,04616
20,5485 13,6741 10,68593
18,71744 13,80761 11,27243
19,53124 14,10008 11,60701
21,36231 14,36233 11,71351
20,75195 14,61983 11,67933
21,3623 14,77401 11,89629
25,63477 14,9552 12,22134
22,98991 15,00766 12,19114
23,39681 15,23336 12,03219
22,17611 15,20793 12,38108
21,56576 15,50833 12,49631
20,5485 15,66251 12,48122
30,31414 16,05988 12,76335
25,02442 16,33486 13,29422
24,00716 16,42704 13,55966
25,83822 17,09462 14,22962
22,58301 17,24879 13,91967
23,39681 17,3076 15,00686
22,37956 17,48403 15,12289
21,56576 17,63503 15,74834
23,60026 17,92591 15,85087
21,56576 17,77492 15,90332
21,97266 17,49675 15,8445
22,58301 17,85915 16,01776
21,97266 17,71928 16,03365
24,82096 18,34233 16,18703
23,39681 18,363 16,26651
24,41406 18,38843 16,42148
28,88998 18,28512 16,11233
25,63476 18,35188 16,28797
26,65203 18,27241 15,93033
22,78646 18,34076 16,21565
22,58301 18,43295 16,41592
24,00716 18,71426 16,78387
24,61751 18,71745 16,6599
24,21061 18,77944 16,63367
23,39681 18,86209 16,83474
23,19336 18,83824 16,81407
24,61751 19,09575 16,9913
24,82096 19,10052 17,11608
23,19336 18,98925 17,01355
22,58301 18,98925 16,92931
24,41406 19,41522 17,21779
23,19336 19,22131 17,07395
22,17611 19,09574 17,20429
28,6865 19,73947 17,49119
25,22786 19,21495 17,12321
26,24511 19,3882 17,12084
25,22786 19,42635 17,33382
25,83821 19,6155 17,73199
28,07615 19,71721 17,57144
25,43131 19,8253 17,63582
25,43131 20,08598 17,79
25,63476 20,19565 18,123
27,26235 20,69472 18,33437
27,4658 20,97765 18,65545
28,27961 21,1064 18,99957
27,0589 21,31462 18,88514
27,66925 21,54827 19,11561
26,04166 21,4974 19,21415
27,0589 21,8916 19,47165
27,0589 21,8312 19,15455
27,26235 21,53396 19,17362
27,4658 21,68655 18,98527
27,0589 21,51965 18,99004
27,4658 21,73105 19,58688
27,4658 21,77398 19,67352
27,26235 21,87888 19,06633
27,8727 22,08233 19,95642
29,5003 21,95836 19,65047
26,652 21,63092 19,21893
28,88995 22,27943 19,50265
28,07615 22,01239 19,30713
29,29685 22,27783 19,97232
27,4658 22,45109 20,0216
29,5003 22,62115 19,53602
27,66925 22,71811 20,05816
27,66925 22,18723 19,74026
28,48305 22,18405 19,11084
27,66925 22,17451 19,81178
28,48305 22,74195 20,2155
28,6865 22,28895 19,75297
28,2796 22,27784 20,02001
27,8727 22,7054 20,26081
28,2796 22,43518 19,47085
27,26235 22,69585 20,23697
29,29685 22,86593 20,56201
27,66925 22,58142 20,36175
27,66925 22,51148 20,10265
31,1279 22,47652 19,81576
27,66925 22,47492 19,84436
31,5348 22,8246 20,2179
27,4658 23,06143 20,53737
28,07615 22,81824 20,40783
31,33135 23,49854 20,62321
28,07615 23,34594 20,5024
29,5003 23,32209 20,64069
27,66925 23,07097 20,40228
28,2796 22,97242 20,16385
30,51755 23,10752 20,61367
28,2796 23,22355 20,73765
29,9072 23,43019 20,58824
31,33135 23,30303 20,49922
27,46581 23,19812 20,54135
31,33135 22,98991 20,54612
29,9072 22,90408 20,19803
32,3486 22,38274 20,24808
28,07615 23,48264 21,09607
29,5003 23,46834 21,08018
31,1279 23,36343 20,92203
29,9072 23,47628 20,67884
30,92445 23,52714 20,39592
28,2796 23,32687 21,00786
28,2796 23,38569 21,17634
30,51755 23,91655 21,32098
30,11065 23,76079 21,46005
27,66925 23,58754 20,99672
29,29685 23,4286 20,93316
29,70375 23,70675 20,97924
30,3141 23,92133 21,43224
28,6865 23,70675 21,16283
32,14515 23,73536 21,21687
31,5348 23,79099 21,18587
29,9072 24,27259 21,77397
32,3486 23,62569 21,22323
29,5003 24,04849 21,40045
29,29685 24,06756 21,17315
29,9072 23,80847 20,97605
32,7555 24,04054 21,14297
31,5348 23,80053 20,72811
30,51755 24,36637 21,25977
29,29685 24,031 21,51807
29,70375 24,12001 21,49821
30,3141 23,93723 21,27806
30,11065 24,41247 21,79862
29,70375 24,25989 22,00604
31,33135 24,33777 21,64523
30,92445 24,53009 21,83278
29,0934 24,47923 21,95279
31,9417 24,22809 21,65078
30,92445 24,6954 22,0569
32,3486 24,30598 21,56973
32,3486 24,5428 21,4656
29,29685 24,24716 21,82642
29,29685 24,43791 21,84789
29,5003 24,10094 21,59913
31,9417 24,74467 22,00524
30,51755 24,41882 22,1594
29,9072 24,30597 21,60867
33,77275 24,54598 21,67304
28,6865 24,22174 21,79782
29,5003 24,73354 21,86538
28,88995 24,33458 21,74933
28,6865 24,41405 21,708
31,73825 24,91155 22,14749
30,11065 24,87501 21,92815
30,92445 24,47605 21,87968
30,3141 24,74467 22,06087
28,48305 24,91315 22,61639
32,7555 24,67314 21,94006
32,14515 24,89248 21,71674
29,70375 24,67156 22,46618
30,721 24,9799 22,4479
28,88995 24,66201 22,12365
30,11065 25,24375 22,33347
30,3141 24,58413 22,27544
31,73825 24,94016 22,24685
30,92445 24,85434 22,02749
30,11065 24,41882 21,6341
31,73825 24,67791 22,14908
29,29685 24,90361 22,01954
30,3141 24,63658 22,15385
32,7555 25,01487 22,33029
28,6865 24,59685 21,77954
31,5348 25,04825 22,04259
32,55205 24,73355 22,35493
32,14515 24,82413 21,55859
34,78999 24,87023 21,92498
30,51755 24,80984 22,1483
32,3486 25,04984 22,2524
33,77275 25,20243 22,39228
33,36584 24,93698 22,1141
30,51755 24,75579 22,36844
30,11065 24,65089 21,57608
29,5003 24,96243 22,11571
31,33135 25,28349 22,84448
31,1279 25,13884 22,63067
31,5348 25,40111 22,96051
31,5348 25,2962 22,81746
29,0934 25,28032 22,68155
32,3486 25,21196 22,53214
31,9417 24,92427 22,05054
31,5348 24,9052 21,96073
29,9072 24,75579 22,3581
30,51755 24,83526 22,01636
32,95895 25,11819 22,58458
30,11065 25,08004 22,41532
30,92445 25,56642 22,74116
33,36584 25,08799 22,71095
32,95895 24,95606 22,30167
32,55205 25,115 22,4026
31,5348 24,86387 22,57346
30,92445 24,9958 22,36765
32,14515 25,52667 22,91758
32,3486 25,09912 22,25796
31,5348 25,39951 22,72288
31,1279 25,05937 22,39625
30,721 25,36137 22,76976
31,1279 25,44402 22,88659
30,11065 25,50283 22,83017
30,11065 25,31845 22,78724
31,5348 25,06891 22,6585
30,721 25,14681 22,72367
30,11065 25,12454 22,85957
31,73825 25,02918 22,39704
33,1624 25,26919 22,28578
29,70375 24,83367 22,28339
33,5693 25,40587 22,81426
32,95895 25,06096 22,29928
29,9072 25,28349 22,54725
31,73825 25,4488 22,22061
31,33135 25,00374 22,36285
29,70375 25,11342 22,52101
31,33135 25,39475 22,62592
31,73825 25,21515 22,59572
31,1279 24,73831 22,01001
30,11065 24,79394 22,28736
33,77275 25,17541 22,08314
29,9072 25,24693 22,87627
30,51755 25,06098 22,59731
31,5348 25,45992 22,89215
30,3141 25,57436 22,90488
31,9417 24,86388 22,14909
33,36584 25,94311 23,27839
30,3141 25,16428 22,52578
32,14515 25,45992 22,48763
30,721 25,08798 22,43043
34,58654 25,2215 22,55439
29,9072 25,43607 22,95414
30,92445 25,47899 22,49479
31,33135 25,29938 22,78407
30,51755 24,80188 22,21822
30,92445 24,92586 22,21584
30,3141 25,24852 22,78884
31,73825 25,32959 22,60207
32,55205 25,29143 22,92554
29,70375 25,0101 22,51306
31,9417 25,62682 23,15282
31,9417 25,09593 22,58063
30,92445 25,33276 22,25001
31,5348 25,38681 22,4495
31,73825 25,1166 22,64261
33,1624 25,35502 22,25797
31,9417 25,10865 22,24684
31,9417 25,51873 22,87228
29,9072 25,04349 22,43757
29,70375 24,94334 22,37002
31,73825 25,45357 22,69744
31,1279 25,10706 22,52101
31,5348 25,34071 22,61797
30,3141 25,24376 22,79838
32,14515 25,19766 22,45267
31,5348 25,41383 22,54327
31,33135 25,44562 22,90407
31,73825 25,42336 22,6307
31,33135 25,46469 22,69823
30,51755 25,09276 22,41135
31,5348 25,52191 22,74593
29,70375 25,21038 22,98753
30,11065 25,41859 22,75864
31,9417 25,75874 23,0209
34,78999 26,0194 23,0964
30,3141 25,88113 23,14964
31,1279 25,66973 22,37797
30,3141 25,2215 22,86593
29,5003 24,70652 22,19517
31,73825 24,94971 22,37558
32,95895 25,23263 22,65136
30,92445 25,01964 22,85956
30,11065 24,82256 22,00047
30,11065 24,53963 21,93768
34,17965 25,61251 22,64261
31,33135 25,5394 22,96607
31,5348 25,50284 22,65373
33,1624 24,91951 21,94801
30,51755 25,3884 22,62909
32,55205 25,51873 22,57824
30,721 25,18494 22,52182
30,92445 24,82732 22,39068
30,3141 25,13408 22,68712
33,5693 25,28349 22,42326
30,92445 25,08481 22,69188
31,1279 25,35502 22,19994
30,51755 25,33435 22,53691
30,3141 25,52508 22,49478
32,14515 25,42654 22,90487
31,1279 24,95764 22,51545
31,33135 25,05143 22,17848
30,721 25,23581 22,70461
34,38309 24,97672 22,49559
31,5348 25,56324 23,00739
33,1624 25,2978 22,55043
31,5348 25,28984 22,61082
31,9417 25,3137 22,79758
32,14515 25,04348 22,47412
31,9417 25,13885 22,52101
30,721 25,4774 22,79838
31,5348 25,59344 22,78328
30,3141 24,80825 22,16736
30,721 25,30574 22,59095
31,33135 25,70469 23,10117
32,95895 25,34389 22,31995
29,9072 25,32164 22,5536
32,3486 25,34548 22,61399
31,73825 25,07209 22,57744
30,31412 25,56483 22,97879
30,721 25,03394 22,39703
30,92445 24,77963 22,05849
29,5003 25,39952 22,7809
29,70376 25,33276 22,463
30,721 25,33435 22,13795
31,1279 25,29303 22,95494
31,5348 25,07686 22,5226
31,1279 25,32482 22,2675
31,33135 25,64429 22,85242
31,5348 25,29145 22,50592
32,55205 25,78894 23,20051
30,3141 25,48217 22,61638
32,55205 25,52508 22,8397
30,92445 25,41859 22,58539
30,51755 25,59026 23,38806
29,29685 25,20242 22,82699
32,95895 25,49647 22,41929
32,14515 25,29621 22,39544
30,92445 25,09912 22,2969
32,14515 25,81595 23,07096
31,73825 25,07686 22,59651
31,5348 25,57436 23,0368
33,5693 25,06414 22,22776
33,1624 25,03871 22,45664
32,95895 25,16746 22,42645
31,9417 25,69039 22,96049
32,14515 25,7492 22,93666
30,11065 25,36455 22,86354
32,55205 25,38521 22,71731
31,73825 25,33276 22,68315
31,9417 25,09911 22,37557
33,36584 25,02282 22,44074
31,33135 25,50601 23,03123
31,33135 25,69516 22,83573
32,3486 25,16587 22,84685
31,73825 25,41224 22,64659
31,33135 25,45675 22,82619
30,92445 24,90837 22,17134
33,36584 25,60933 23,20766
32,55205 25,8541 22,79757
32,55205 25,28985 22,51625
31,33135 25,41859 22,66327
31,9417 25,56641 22,70857
33,5693 25,31369 22,98672
31,1279 25,60615 22,70302
31,33135 25,42495 22,73163
32,14515 25,2819 22,62911
31,1279 25,53939 22,5234
30,3141 25,34707 22,62194
30,11065 25,63317 22,94858
31,9417 25,30415 22,58062
30,3141 25,6125 23,1417
30,721 25,35342 22,72367
30,3141 25,34707 22,76579
31,33135 25,42653 22,78564
29,9072 25,3725 22,84287
33,1624 25,53781 22,54723
32,7555 25,0546 22,43042
29,70375 25,41858 22,95732
33,36584 25,53462 22,57425
31,5348 25,2056 23,05826
31,33135 25,52826 22,69983
29,5003 25,25964 22,83812
29,70375 24,98467 22,29929
31,9417 25,42019 22,43201
33,1624 25,44402 22,92872
31,33135 25,90338 23,37058
32,3486 25,58073 23,08607
30,11065 25,12613 22,40021
31,9417 25,62839 22,96686
31,73825 25,55369 22,97718
32,7555 25,61569 22,5846
31,1279 25,25329 22,40578
30,51755 25,568 23,05348
35,60379 25,39793 22,43597
30,92445 25,7031 23,25533
32,7555 25,42177 22,66088
32,3486 25,30415 22,43281
31,1279 25,28031 22,66009
32,7555 25,70469 22,88659
29,70375 25,31527 22,73719
29,9072 25,37091 22,7046
30,92445 25,25011 22,80791
32,55205 25,65541 23,0209
30,11065 25,1913 22,45347
32,3486 25,41383 22,88182
31,9417 25,25965 22,56631
30,92445 25,25647 22,65692
32,55205 25,42337 22,77136
35,1969 25,87477 22,84447
31,9417 25,54416 22,98434
30,51755 25,07369 22,51625
30,3141 25,39475 22,98117
31,33135 25,4631 22,74831
30,721 25,27396 22,69745
30,721 25,11819 22,61241
30,92445 25,61569 22,31757
31,5348 25,26124 22,62591
29,70375 25,39475 22,85878
29,29685 24,79235 22,04576
30,11065 25,41383 23,02885
30,92445 25,26282 22,55757
30,721 25,45038 22,29373
34,78999 25,61569 22,69984
32,7555 25,3868 22,45585
31,1279 25,44561 22,885
29,0934 25,09912 22,03703
32,14515 25,56641 23,06224
31,33135 25,55687 22,71652
32,14515 25,54894 22,45505
29,70375 25,31687 22,60685
33,9762 25,54734 23,00899
29,9072 25,90656 22,94302
31,1279 25,51396 22,53611
30,3141 25,3137 22,41214
