0,8138021 0,4371009 0,3178922
0,8138021 0,4339221 0,3170975
0,8138021 0,4577641 0,3592182
0,8138021 0,4625326 0,3441188
1,017253 0,4657115 0,3608078
1,017253 0,4847851 0,3759075
0,8138021 0,4752483 0,3790862
1,220703 0,5006798 0,3933913
1,017253 0,5038586 0,3957754
1,017253 0,5038586 0,4037225
1,017253 0,5515417 0,4378952
1,017253 0,5324685 0,4259745
1,017253 0,5912775 0,4593526
1,017253 0,6055826 0,4784257
1,424154 0,6484982 0,508625
1,424154 0,7152557 0,5515409
1,220703 0,7009506 0,5547202
1,627604 0,7851915 0,6182998
1,627604 0,8535389 0,6620103
1,424154 0,8296968 0,6580364
1,831055 0,8980442 0,6985677
2,644857 0,9981806 0,7518145
2,848307 1,02838 0,7843975
3,255208 1,117387 0,840027
3,051758 1,13805 0,8487689
3,458659 1,22706 0,9139367
3,66211 1,303355 0,9671839
4,069011 1,455945 1,021226
3,66211 1,541774 1,091957
5,086263 1,742045 1,2215
4,882813 1,861254 1,312096
13,02083 2,241136 1,552901
14,24154 2,525646 1,762709
10,37597 2,746584 1,96298
14,44499 2,950032 2,171994
13,63119 3,21865 2,284048
17,49676 3,693898 2,584455
16,68295 4,072189 2,817313
18,71746 4,234313 2,9246
16,4795 4,725458 3,17971
20,54851 5,173682 3,554027
17,7002 5,960464 4,034835
17,7002 6,378491 4,18822
23,80371 7,247923 4,803339
19,12436 7,867815 5,146665
20,14161 8,983614 5,743505
23,80371 10,08352 6,407099
20,75196 12,1673 8,169013
23,60026 14,69771 10,85758
23,80371 16,21565 13,23462
28,2796 17,38708 14,71043
30,92445 18,3026 15,69033
39,26589 19,28171 16,57486
44,14874 20,3228 17,24482
46,38671 22,17769 18,00854
43,33493 24,68108 19,65284
45,166 28,36385 22,58221
43,74184 30,8863 25,72932
50,2523 33,13222 27,73681
46,38671 32,88585 27,76224
50,65921 34,67239 29,77211
51,06611 35,15557 31,054
45,77636 33,21328 28,7652
48,01433 34,11449 29,69025
44,55564 34,04615 29,92311
46,79362 35,22551 30,96658
46,18326 35,94394 30,98327
50,04885 36,74661 31,99653
50,2523 37,52704 31,99257
47,40397 37,47616 32,79126
49,4385 38,48865 33,81091
51,87992 38,33766 33,49063
50,45576 38,54905 34,2321
54,9317 39,32154 34,62154
50,45575 38,47911 33,97542
51,87992 39,78248 35,28275
58,79729 39,68871 35,12222
49,84539 40,35786 35,41547
52,28682 39,7936 34,72724
53,50754 39,68393 35,2295
50,2523 39,5536 34,78048
