0,8138021 0,4069012 0,302792
0,8138021 0,4529957 0,334582
0,8138021 0,4498168 0,3242503
1,017253 0,4657115 0,3393505
1,017253 0,4609431 0,3639866
0,8138021 0,4752483 0,3631921
0,8138021 0,4816062 0,3870334
1,017253 0,4975009 0,377497
1,017253 0,508627 0,3957755
1,017253 0,5118058 0,4108749
1,017253 0,5229319 0,4132591
1,017253 0,5181636 0,4132591
1,220703 0,55631 0,4418688
1,017253 0,5849198 0,4665049
1,220703 0,6612139 0,5133933
1,424154 0,6802875 0,5276985
1,627604 0,6945927 0,5396197
1,220703 0,7168452 0,5769733
1,424154 0,7613497 0,605584
2,237956 0,8296967 0,6596259
2,644857 0,8551284 0,6794941
2,034505 0,9250653 0,701747
2,848307 1,017254 0,7788351
2,237956 1,077652 0,8122122
2,644857 1,123745 0,8614847
3,66211 1,250902 0,9409577
3,86556 1,284281 0,9266528
3,86556 1,490912 1,080036
3,458659 1,645087 1,167458
4,475912 1,794497 1,27554
5,493164 1,966158 1,371701
8,74837 2,230008 1,579126
6,103515 2,449353 1,782576
12,81738 2,6687 1,943112
14,24154 2,967516 2,158483
14,03809 3,221828 2,346835
12,61393 3,377596 2,490678
13,42774 3,770193 2,749762
25,02441 4,158019 2,931752
19,73471 4,682538 3,321965
25,02441 5,003615 3,569127
26,04166 5,563098 3,986358
26,85546 5,819005 4,225574
22,58301 6,383259 4,569687
28,88995 7,176397 4,935266
40,0797 8,632342 5,749861
41,50386 10,92275 7,114409
37,43484 12,37393 8,175373
37,63829 14,18591 9,49621
48,62469 16,95792 11,27323
40,69005 19,72993 13,44442
49,84539 22,01715 15,44952
44,96255 24,74626 16,74095
44,96255 26,28643 18,16272
50,45575 28,62929 20,21472
51,67647 30,7083 21,54111
45,77636 31,85747 22,49637
52,89718 33,40401 24,09537
53,10063 34,92512 24,23444
59,40765 36,04251 25,93596
55,54206 37,34743 26,76644
59,00074 37,91964 25,88112
56,76277 41,21301 29,77211
58,79729 43,15376 33,06707
62,66288 45,37424 36,97394
60,62835 45,49663 36,65131
57,57658 48,02069 40,03923
57,37313 47,43417 39,03389
62,66288 49,0761 41,55557
60,22145 49,27001 41,09462
62,45943 50,2364 43,06952
63,27324 51,14877 44,25848
62,45943 51,97211 45,41002
60,4249 51,57156 45,28764
62,66288 52,08654 46,26037
67,54572 53,51071 46,66887
68,15608 53,76823 48,44988
72,02168 54,51367 47,43181
64,49394 54,94123 48,92273
66,32502 55,43237 49,12855
65,91811 56,02683 50,64411
64,49395 56,19054 50,69815
65,71465 56,77864 51,16146
69,58025 56,56405 50,77126
67,13882 56,58947 50,51933
68,35954 57,6433 51,717
67,54572 57,8992 52,62456
65,71466 57,94689 51,33709
68,56299 58,42692 52,70881
68,35954 58,29181 52,4688
73,85274 59,16602 53,6005
69,17335 59,49187 53,85164
70,80096 60,18011 54,71231
68,15608 59,90036 54,15765
68,35954 59,90673 53,39547
69,7837 59,95917 53,75232
68,76644 60,49965 55,35054
69,37679 60,66651 55,20745
71,61477 61,28801 55,87584
70,80096 61,11317 54,92691
68,56299 61,45015 56,07217
69,17334 61,36908 55,5675
74,4631 61,91427 56,81522
73,64929 62,20674 57,07906
70,59751 61,93809 55,97202
69,58025 61,91745 56,08485
72,42858 62,52303 56,78899
72,42858 62,76781 56,20011
70,1906 62,44198 57,06556
71,61477 62,74873 57,0465
70,80096 62,48965 57,04808
72,02168 62,4849 56,0221
73,03893 62,74715 57,98029
73,03893 62,4674 57,51616
69,98715 62,52302 57,84915
70,19061 62,78212 57,30478
72,63203 62,91245 58,04942
68,56299 62,65336 57,47722
71,00442 63,68494 58,34904
78,32868 63,68175 58,80917
69,3768 63,13974 57,69337
76,49761 63,40838 58,0733
71,81822 63,61023 58,78376
70,80096 63,67382 58,92204
73,85275 63,39566 59,02139
71,41132 63,4799 57,2452
74,4631 63,86456 58,19888
74,66655 64,26987 58,27037
72,83549 63,67065 58,92763
72,83549 63,76602 58,97212
75,27691 64,17609 58,16387
70,80096 63,70085 58,99358
74,25965 63,7819 57,61631
71,20787 63,97103 58,68603
69,98715 63,36704 57,39141
75,68382 64,78801 58,75515
73,64929 64,37795 58,7075
73,85275 64,36205 59,50538
69,7837 63,78985 58,1464
71,41132 63,81369 57,77925
74,05619 63,95992 58,628
75,27691 64,02191 58,99674
72,42858 64,02667 58,93952
72,02168 64,32868 58,86165
73,03893 64,31279 59,06591
76,09071 65,12819 60,14992
71,20787 63,72786 57,67991
72,22513 64,09342 59,29794
71,81822 64,28098 59,74855
72,22513 64,03781 58,11302
72,63203 64,74034 59,34406
71,61477 64,9708 59,40764
72,83548 63,8868 57,07749
71,81822 64,43835 58,82669
74,87 65,20765 59,68978
73,24239 64,95969 59,53798
73,64929 64,22694 57,18556
76,29417 64,77055 58,88551
71,20787 64,3271 59,03967
75,48036 65,02326 59,58167
