1,017253 0,4196168 0,3083552
0,8138021 0,4482273 0,321866
0,8138021 0,4371012 0,3266346
0,8138021 0,4529957 0,3329925
0,8138021 0,464122 0,3369663
0,8138021 0,4657115 0,3592184
0,8138021 0,4752483 0,3592185
1,017253 0,5149847 0,3981596
1,017253 0,519753 0,4148485
0,8138021 0,5149847 0,4084908
1,017253 0,5054481 0,4045172
1,017253 0,519753 0,4212062
1,017253 0,5515417 0,4434582
1,017253 0,5801514 0,4680943
1,017253 0,6389616 0,5054463
1,220703 0,6278352 0,4990886
1,424154 0,6755193 0,5284933
1,220703 0,7088979 0,5459778
1,424154 0,7629392 0,6087629
1,424154 0,8010864 0,644526
1,627604 0,8487706 0,6786996
1,831055 0,9091706 0,7224094
2,237956 0,9743388 0,7549934
2,034505 0,9886435 0,783603
1,831055 1,018842 0,8082386
1,627604 1,039505 0,8018807
1,627604 1,085598 0,8567157
2,034505 1,098313 0,8519474
2,034505 1,185735 0,9091684
2,237956 1,238188 0,9385737
2,237956 1,277925 0,9655948
2,848307 1,29064 0,9743373
2,644857 1,355808 1,043479
2,848307 1,354219 1,030763
2,644857 1,378061 1,019637
3,86556 1,487733 1,113416
4,679362 1,52429 1,126132
4,069011 1,587867 1,170636
4,475912 1,622834 1,203219
3,86556 1,69436 1,246133
4,882813 1,751581 1,312096
4,882813 1,827876 1,330375
3,86556 1,829465 1,355012
4,272461 1,869203 1,378059
4,272461 1,958212 1,429718
8,951819 2,08219 1,517139
7,731118 2,115567 1,527469
5,696614 2,120335 1,529058
7,731118 2,228417 1,604557
6,510416 2,363522 1,704693
8,341469 2,409617 1,691977
6,306966 2,644858 1,879534
8,341469 2,751352 1,955828
9,969071 2,980232 2,031326
8,341469 3,202756 2,227624
8,544919 3,515879 2,373061
8,341469 3,776549 2,586046
8,951819 4,030864 2,815723
8,748369 4,483856 3,123282
9,35872 4,989303 3,638267
8,748369 5,340574 3,981589
9,15527 5,944571 4,52598
10,78288 6,753604 5,221366
11,18978 7,459322 5,892118
11,59668 8,309684 6,713075
11,59668 8,727711 7,475217
12,41048 9,245874 7,8853
13,22429 9,648003 8,26438
12,41048 10,06126 8,765851
13,63119 10,3124 8,935135
14,03809 10,50313 9,110764
13,63119 10,80037 9,626551
14,64844 11,01812 9,787877
15,6657 11,25495 10,05094
14,03809 11,43932 10,04696
14,44499 11,87325 10,65413
14,64844 12,11166 10,71692
15,25879 12,22611 11,03322
15,05534 12,77765 11,4131
16,27605 13,05739 11,84384
16,68295 13,45476 12,28491
16,0726 13,81079 12,67115
16,8864 14,07305 12,81579
16,4795 14,23836 13,21395
16,27605 14,24154 13,0852
16,4795 14,34167 13,2068
17,2933 14,82964 13,74961
17,08985 14,70724 13,48893
17,08985 14,78672 13,64708
16,8864 15,11893 14,0683
16,8864 15,07601 14,00948
18,51401 15,37482 14,32816
18,31056 15,42886 14,31226
18,31056 15,55761 14,43386
18,31056 15,76583 14,60155
18,51401 15,90093 14,74619
18,51401 15,85324 14,86381
19,12436 16,06941 14,71042
17,90366 16,01378 15,12687
19,32781 16,08372 15,02992
18,10711 16,23949 15,03389
18,51401 16,33963 15,19283
18,71746 16,39207 15,18408
19,32781 16,4334 15,16343
18,31056 16,41591 15,29217
19,32781 16,42546 15,30806
18,71746 16,59394 15,48688
18,51401 16,66228 15,61881
19,32781 16,675 15,59257
20,34506 16,89594 15,81988
19,12436 16,87527 15,79762
19,32781 16,78468 15,62914
19,32781 16,88481 15,75391
18,92091 17,10256 15,92318
19,12436 16,98176 15,91444
19,12436 17,05964 15,91047
19,12436 16,95634 15,88663
19,32781 17,09462 16,11631
19,12436 17,12483 16,02888
20,54851 17,28695 16,03683
19,12436 17,20906 16,17035
20,14161 17,55555 16,34121
19,32781 17,30285 16,17989
19,53126 17,50629 16,373
19,93816 17,4745 16,37142
19,93816 17,68112 16,39208
20,14161 17,65569 16,30068
21,36231 17,80988 16,58837
19,93816 17,72881 16,5534
20,75196 17,95611 16,74096
20,54851 17,93545 16,88481
21,56576 17,97359 16,81647
20,14161 17,94816 16,81567
20,34506 18,09597 16,84109
20,95541 18,17067 16,96825
20,95541 18,06417 17,14388
20,54851 18,2104 17,08746
21,36231 18,09439 17,03739
19,93816 18,1675 17,09382
20,54851 18,36619 17,19715
20,34506 18,24379 17,09461
19,93816 18,06259 16,94679
20,54851 18,39004 17,32351
20,34506 18,25015 17,08349
20,54851 18,21518 17,17249
20,34506 18,212 17,07633
20,75196 18,33281 17,2615
20,34506 18,43295 17,37277
20,54851 18,37255 17,36959
20,95541 18,29784 17,2464
21,36231 18,40116 17,27263
20,95541 18,52831 17,55715
21,15886 18,576 17,3839
21,15886 18,5013 17,5047
20,95541 18,46632 17,43158
20,95541 18,47905 17,41569
20,75196 18,47904 17,42522
21,56576 18,58871 17,30443
20,75196 18,65387 17,55318
21,36231 18,74447 17,59768
20,34506 18,56646 17,4912
21,15886 18,69519 17,44509
20,75196 18,72063 17,64377
20,95541 18,48699 17,39979
20,54851 18,5903 17,57384
20,95541 18,57122 17,55795
21,15886 18,58712 17,37834
21,76921 18,72857 17,65409
20,95541 18,6491 17,33383
20,54851 18,78262 17,66682
20,95541 18,8303 17,65569
20,95541 18,80804 17,76695
21,15886 18,67929 17,44111
21,15886 18,85096 17,81305
21,36231 18,84142 17,74787
20,95541 18,8764 17,82736
20,95541 18,71745 17,60087
21,15886 18,89389 17,85915
21,15886 18,78102 17,75028
20,34506 18,64273 17,53489
20,75196 18,84143 17,76934
20,75196 18,73652 17,7137
21,36231 18,87958 17,72722
21,76921 19,02582 18,02128
20,54851 18,93204 17,80033
21,97266 18,92567 17,85596
21,56576 18,83348 17,71768
21,15886 19,00833 17,69385
21,56576 18,90343 17,87742
21,56576 18,92886 17,96405
21,97266 18,99085 17,86948
21,56576 19,06555 17,97996
21,56576 18,95906 17,91557
21,15886 19,07986 17,96246
20,75196 19,04807 17,98153
20,95541 19,00516 17,97994
21,56576 19,08304 17,98392
21,76921 19,05602 17,97598
21,97266 19,13549 18,02922
21,76921 18,9543 17,93148
21,97266 19,10369 18,00936
21,15886 19,07032 18,02763
23,39681 18,96542 18,00777
21,56576 19,09734 17,97279
21,76921 19,20701 18,05545
20,95541 18,92409 17,89491
22,58301 19,12754 18,0777
21,15886 19,17202 18,0157
21,56576 19,11959 17,81862
20,95541 19,07191 17,7757
21,36231 19,18476 18,11348
21,76921 19,15933 17,94419
21,76921 19,31509 18,08644
21,76921 19,33734 18,25888
21,36231 19,27694 18,28751
21,36231 19,19428 17,99027
22,58301 19,30078 18,23822
21,76921 19,16886 18,07452
21,15886 19,30077 18,29465
21,36231 19,27535 18,13809
21,15886 19,20065 18,11744
22,37956 19,34528 18,20406
22,58301 19,43428 18,18021
21,36231 19,18476 18,01253
21,97266 19,34688 18,27797
21,36231 19,18794 18,04591
22,37956 19,46608 18,33439
21,15886 19,38026 18,22631
21,97266 19,39297 18,27399
22,17611 19,2372 18,27637
22,37956 19,36277 18,27479
21,36231 19,22925 18,25968
21,36231 19,43588 18,34869
21,76921 19,41045 18,20882
21,56576 19,34369 18,34234
22,58301 19,42793 18,13014
23,80371 19,64412 18,42181
22,58301 19,4645 18,34233
21,15886 19,48199 18,41466
22,17611 19,66955 18,63639
22,17611 19,37707 18,29386
22,37956 19,43111 18,36062
21,76921 19,37229 18,28353
22,17611 19,58372 18,31611
21,36231 19,45337 18,30181
22,58301 19,59802 18,45123
22,17611 19,58689 18,4846
22,17611 19,76491 18,7254
21,56576 19,66636 18,55294
21,56576 19,44543 18,47745
21,76921 19,6759 18,61652
21,56576 19,71087 18,53228
21,56576 19,45497 18,27081
24,00716 19,71564 18,60539
22,78646 19,64729 18,69282
21,76921 19,60756 18,49811
21,76921 19,57895 18,59029
21,97266 19,60914 18,62766
22,17611 19,77285 18,71109
22,58301 19,70135 18,5768
21,76921 19,61391 18,61574
22,58301 19,73472 18,66102
22,37956 19,6314 18,53705
22,78646 19,73313 18,40116
22,17611 19,84119 18,68168
22,58301 19,68702 18,57121
21,76921 19,61233 18,51719
21,56576 19,48358 18,37413
22,78646 19,80782 18,71348
23,80371 19,81576 18,71983
21,76921 19,64412 18,42023
22,58301 19,74902 18,66103
21,56576 19,61709 18,5299
21,97266 19,76966 18,69519
21,97266 19,82689 18,73017
21,36231 19,7935 18,72936
21,76921 19,79033 18,54022
21,76921 19,9 18,73175
21,56576 19,92543 18,79771
22,37956 19,87298 18,78421
22,37956 19,96675 18,92646
21,56576 19,87617 18,85732
22,37956 19,84595 18,78659
21,76921 19,85549 18,6634
22,58301 20,00491 18,96858
21,76921 19,78396 18,68644
23,19336 19,98423 18,89467
21,76921 19,88887 18,94394
22,37956 19,81258 18,83666
22,17611 19,85391 18,80329
21,76921 20,04147 18,69679
21,97266 19,6902 18,45042
22,78646 19,88728 18,84698
22,37956 20,0828 18,88991
22,58301 20,01603 18,90262
21,97266 19,93179 18,81599
22,37956 19,94134 18,8025
22,98991 20,02557 18,83109
22,17611 20,10028 18,97812
22,17611 20,06055 19,0123
22,37956 19,86979 18,69758
21,36231 19,95246 18,785
22,17611 19,97948 18,86369
22,17611 19,84118 18,73175
22,17611 19,94768 18,96064
21,97266 19,90318 18,88991
22,17611 20,00809 19,04647
22,78646 19,89046 18,91057
22,37956 19,97471 18,88196
22,37956 19,80463 18,56644
21,97266 20,00809 18,88356
22,78646 19,94609 18,85811
22,17611 20,0542 19,08382
22,98991 20,01444 18,85096
22,78646 20,09869 19,0274
22,58301 19,98902 18,87561
23,19336 19,98902 18,94077
23,19336 19,98583 18,82791
21,97266 19,98425 18,83984
22,98991 20,00491 18,95269
22,17611 20,0224 19,02183
22,17611 19,98266 18,89865
22,58301 20,08599 19,00833
22,37956 20,06056 18,82553
22,37956 19,93974 18,967
22,17611 20,17182 18,8168
21,97266 19,9588 18,94394
22,78646 20,06373 19,01231
22,17611 20,0971 19,04011
22,58301 19,99378 18,9813
22,37956 20,13047 19,04725
22,17611 20,10347 18,99084
22,78646 20,06215 18,81998
22,37956 20,06213 18,99323
22,78646 20,30374 19,24595
22,37956 20,03352 18,91535
22,58301 19,99378 18,8597
22,37956 20,16864 19,12038
22,78646 19,88728 18,64274
22,78646 20,10187 19,09178
22,58301 20,12254 19,02421
22,17611 19,96835 18,85494
22,58301 20,00014 18,87004
22,37956 20,0494 18,83268
22,78646 20,13684 18,97893
22,17611 20,18772 19,05521
21,76921 20,12255 19,08145
23,19336 20,21791 19,16966
22,17611 20,13685 19,01945
21,97266 20,05737 19,06316
21,97266 19,98107 18,94396
23,39681 20,12094 19,15931
22,78646 19,95246 18,97098
22,58301 20,16704 19,20621
22,17611 20,16546 18,90262
21,76921 20,23062 19,01707
22,17611 20,0526 18,87798
22,78646 20,24652 19,12833
22,37956 20,03034 18,84859
22,58301 20,23063 19,19906
22,58301 20,24492 19,0258
22,58301 20,21472 19,05202
22,78646 20,2783 19,31668
22,98991 20,34982 19,0862
22,17611 20,18612 18,9964
22,58301 20,03829 19,05679
21,97266 20,1448 19,16409
22,98991 20,04782 18,94554
22,37956 20,10824 19,20223
22,17611 20,14957 19,09734
22,78646 20,2195 19,01627
24,41406 20,21314 19,02342
22,17611 20,14479 19,1919
22,78646 20,11777 19,056
22,37956 20,21949 18,76514
22,78646 20,22108 19,18157
22,98991 20,16863 19,18715
22,78646 20,23061 19,15296
22,37956 20,24175 19,33258
22,58301 20,28784 19,26263
22,98991 20,31644 19,19906
22,17611 20,12572 19,14581
22,17611 20,32439 19,33892
21,97266 20,05579 19,05362
22,58301 20,31168 19,18553
22,98991 20,264 19,25548
22,17611 20,31327 19,05601
22,58301 20,31009 19,20223
22,37956 20,2338 19,21892
23,39681 20,41181 19,19587
22,58301 20,20042 19,15773
22,37956 20,33234 19,20859
22,78646 20,37207 19,41045
22,98991 20,38797 19,28408
22,98991 20,35936 19,11561
23,60026 20,36889 19,23879
22,37956 20,37843 19,14342
22,37956 20,36095 19,25707
22,98991 20,28307 19,22847
24,00716 20,51989 19,38899
23,39681 20,36413 19,2968
22,98991 20,54373 19,4637
22,78646 20,26877 19,15137
22,98991 20,40544 19,40965
24,41406 20,41499 19,2229
22,98991 20,39908 19,32143
23,19336 20,38321 19,11481
22,37956 20,53419 19,47085
22,78646 20,38956 19,30237
22,58301 20,45631 19,2992
22,58301 20,52306 19,4629
22,58301 20,45312 19,20144
22,78646 20,30531 19,27216
22,17611 20,38001 19,4176
22,98991 20,41339 19,32143
21,76921 20,48016 19,21416
23,19336 20,48173 19,41919
22,78646 20,57234 19,5861
24,00716 20,56916 19,49788
23,80371 20,42611 19,24673
22,58301 20,45153 19,3572
22,37956 20,46584 19,50423
22,78646 20,54849 19,39536
23,19336 20,4118 19,35562
22,78646 20,40544 19,41999
23,39681 20,64864 19,56622
22,78646 20,56121 19,38978
22,78646 20,56757 19,39853
22,78646 20,36412 19,38661
23,19336 20,55009 19,47244
22,37956 20,56916 19,32303
23,39681 20,55326 19,38899
23,60026 20,46743 19,39853
23,39681 20,70905 19,6608
23,60026 20,49763 19,32382
22,58301 20,59936 19,39376
22,78646 20,53419 19,51854
22,58301 20,37524 19,26343
22,78646 20,49763 19,37548
22,78646 20,43247 19,46927
22,37956 20,50398 19,40965
23,60026 20,71063 19,50423
22,78646 20,63117 19,64173
22,78646 20,62639 19,51139
23,19336 20,62799 19,389
22,98991 20,55326 19,42317
22,98991 20,66454 19,57099
22,58301 20,62957 19,60596
22,37956 20,531 19,40647
23,19336 20,61525 19,52807
22,58301 20,66136 19,59245
22,78646 20,57551 19,50263
22,58301 20,55646 19,43827
22,58301 20,7297 19,4796
23,19336 20,67725 19,58211
23,39681 20,71382 19,67669
22,78646 20,72812 19,59563
22,17611 20,63274 19,57496
23,19336 20,67249 19,70053
23,39681 20,72335 19,67509
22,98991 20,64546 19,66714
23,80371 20,68678 19,48594
23,60026 20,57551 19,41601
23,60026 20,55168 19,6131
22,98991 20,67884 19,45973
23,39681 20,55327 19,48436
22,98991 20,80125 19,73073
23,19336 20,6693 19,57893
22,78646 20,65976 19,51138
22,98991 20,61209 19,61391
23,39681 20,73925 19,73789
22,58301 20,78692 19,80066
22,98991 20,65977 19,35164
22,98991 20,52625 19,42158
22,58301 20,61049 19,65126
23,80371 20,71858 19,63059
22,98991 20,57711 19,59403
22,98991 20,73766 19,51298
23,19336 20,65022 19,42952
22,58301 20,71064 19,55589
22,98991 20,72654 19,56622
23,19336 20,75832 19,66
23,60026 20,74242 19,62343
22,78646 20,67726 19,74184
22,98991 20,65341 19,46211
23,39681 20,70745 19,58529
23,39681 20,71699 19,56861
22,78646 20,7917 19,81417
22,98991 20,69792 19,71563
22,78646 20,83938 19,65761
22,78646 20,68998 19,75696
22,98991 20,69952 19,4955
23,80371 20,79646 19,53761
23,19336 20,93792 19,89284
22,58301 20,70111 19,62503
23,39681 20,78693 19,64093
23,39681 20,67884 19,65443
22,98991 20,89819 19,85789
23,19336 20,6105 19,3739
22,78646 20,88547 19,73152
23,19336 20,70587 19,40013
