0 2 6 7 10 13 30 34 52 73 76 81 83 84 92 109 110 112 115 128 137 144 145 154 172 174 180 206 215 219 224 225 265 270 274 292 294 295 297 302 309 312 321 329 331 337 349 356 369 381 386 393 394 402 403 405 406 416 430 445 457 465 482 
25 45 63 65 69 70 83 87 93 95 97 98 103 111 126 127 146 155 157 159 174 177 187 191 207 213 215 217 226 234 242 244 252 269 274 285 302 307 311 318 325 326 329 335 340 346 347 351 355 356 363 383 398 402 406 410 432 445 447 466 471 487 506 507 509 
6 20 24 26 30 31 56 58 67 99 111 113 116 139 140 152 154 158 161 162 163 168 186 188 192 195 199 212 218 220 231 238 239 242 254 267 272 276 279 286 297 300 318 327 329 342 344 348 387 391 398 410 411 414 417 418 447 461 469 470 476 489 492 504 507 511 
43 86 95 100 114 138 161 172 187 189 205 210 230 233 246 249 282 285 286 287 299 300 303 308 312 314 318 327 329 330 337 344 363 378 388 396 419 425 429 431 434 440 453 468 474 477 480 481 483 485 486 487 499 
30 42 74 123 124 150 173 177 186 188 189 205 221 225 231 237 240 252 261 265 274 277 279 283 287 291 293 303 309 311 314 322 323 338 340 347 359 363 394 398 399 400 407 419 427 432 444 451 458 459 473 483 484 486 488 493 498 499 
43 50 57 61 93 103 104 135 142 154 159 167 168 179 191 202 204 205 236 237 247 259 283 288 297 306 316 323 334 345 352 353 363 367 407 414 430 442 444 446 447 458 460 475 477 481 482 490 495 502 
18 19 28 32 37 42 49 54 67 71 75 100 125 134 136 144 153 159 160 163 170 178 180 185 193 195 199 204 210 221 226 227 243 257 259 264 268 270 275 277 279 325 330 332 337 339 354 371 382 396 402 403 404 408 412 416 435 441 442 451 463 470 472 
32 37 38 49 59 60 61 68 69 85 87 93 97 122 132 147 154 160 164 168 172 181 185 190 201 202 213 214 218 220 229 232 233 245 247 252 260 276 294 295 296 298 299 301 306 309 312 320 323 325 333 335 336 337 339 342 349 353 360 362 381 388 402 404 406 411 413 417 418 423 431 435 446 452 453 467 471 475 478 479 483 489 497 504 508 510 511 
46 52 55 56 84 119 121 122 140 161 168 169 174 183 197 220 221 227 258 267 270 283 297 309 317 326 332 338 339 346 365 369 370 373 376 379 383 405 406 409 410 411 413 416 421 443 447 450 474 487 492 497 511 
28 30 46 52 68 72 76 77 93 110 116 137 141 144 169 171 176 179 185 199 208 213 214 216 219 220 222 224 225 227 234 235 238 239 246 250 251 275 285 293 297 300 301 304 306 308 316 317 318 330 336 339 348 372 374 381 382 395 415 439 453 456 464 478 490 495 500 509 
11 12 14 21 24 29 31 44 46 55 57 60 61 67 68 69 75 85 88 94 95 106 107 110 117 119 121 123 126 127 132 139 146 151 155 168 172 175 178 180 183 186 192 195 197 202 207 208 209 215 223 226 234 235 237 238 239 240 242 248 252 253 270 276 279 284 286 298 299 305 306 310 313 323 325 332 345 346 349 353 359 361 370 372 376 388 397 406 408 414 424 427 428 430 433 435 437 445 450 453 454 457 459 460 463 466 469 472 475 476 478 479 481 482 487 490 492 496 501 502 505 506 507 508 510 
31 46 48 51 52 53 54 94 102 122 127 134 135 139 142 144 146 154 156 160 164 165 166 179 180 188 198 201 202 210 219 223 227 240 247 254 255 267 284 287 290 308 317 332 333 334 335 360 368 369 377 379 382 386 390 396 397 402 414 418 419 424 426 429 430 432 452 461 474 481 487 493 494 499 501 510 
10 28 34 35 39 44 47 58 61 66 68 84 90 96 97 108 110 113 115 119 123 135 140 143 145 147 167 172 174 178 183 186 189 203 219 227 229 232 239 242 246 267 278 297 303 317 319 327 333 334 340 347 348 350 354 357 367 373 378 380 393 402 405 419 420 425 449 451 453 469 473 475 476 482 486 487 490 493 497 501 
7 17 30 31 42 45 54 56 62 63 65 66 71 75 85 88 98 99 114 116 119 127 135 138 150 164 168 177 178 181 183 186 189 193 194 200 204 214 215 217 222 233 248 251 255 278 280 282 287 296 297 298 322 330 332 344 346 358 369 385 390 394 395 401 403 415 420 422 434 440 452 458 485 491 495 498 506 511 
