0,6103516 0,1049042 0,05245209
0,6103516 0,09775162 0,04887581
0,6103516 0,09536743 0,04768372
0,3051758 0,09298325 0,04649162
0,6103516 0,1072884 0,05364418
0,3051758 0,1120567 0,05602837
0,6103516 0,1215935 0,06079674
0,6103516 0,07867813 0,03933907
0,3051758 0,1311302 0,06556511
0,3051758 0,08821487 0,04410744
0,6103516 0,140667 0,07033348
0,6103516 0,1215935 0,06079674
0,6103516 0,1239777 0,06198883
0,3051758 0,1311302 0,06556511
0,6103516 0,1358986 0,0679493
0,3051758 0,1144409 0,05722046
0,3051758 0,1120567 0,05602837
0,6103516 0,1096725 0,05483627
0,3051758 0,1144409 0,05722046
0,6103516 0,128746 0,06437302
0,3051758 0,09298325 0,04649162
0,6103516 0,1168251 0,05841255
0,6103516 0,09059906 0,04529953
0,6103516 0,1120567 0,05602837
0,6103516 0,1049042 0,05245209
0,3051758 0,07867813 0,03933907
0,6103516 0,1192093 0,05960464
0,6103516 0,10252 0,05125999
0,6103516 0,1168251 0,05841255
0,3051758 0,1192093 0,05960464
0,3051758 0,1096725 0,05483627
0,6103516 0,1382828 0,06914139
0,6103516 0,1192093 0,05960464
0,6103516 0,1120567 0,05602837
0,6103516 0,10252 0,05125999
0,3051758 0,1192093 0,05960464
0,3051758 0,09059906 0,04529953
0,6103516 0,1454353 0,07271767
0,6103516 0,1382828 0,06914139
0,6103516 0,1502037 0,07510185
0,6103516 0,1239777 0,06198883
0,6103516 0,1215935 0,06079674
0,3051758 0,1096725 0,05483627
0,3051758 0,1120567 0,05602837
0,6103516 0,1192093 0,05960464
0,6103516 0,1239777 0,06198883
0,6103516 0,07152557 0,03576279
0,3051758 0,1311302 0,06556511
0,3051758 0,1263618 0,06318092
0,6103516 0,1382828 0,06914139
0,6103516 0,1120567 0,05602837
0,3051758 0,1049042 0,05245209
0,6103516 0,1239777 0,06198883
0,6103516 0,1096725 0,05483627
0,3051758 0,140667 0,07033348
0,6103516 0,140667 0,07033348
0,6103516 0,1168251 0,05841255
0,6103516 0,1335144 0,0667572
0,3051758 0,1239777 0,06198883
0,6103516 0,1239777 0,06198883
0,3051758 0,1335144 0,0667572
0,3051758 0,128746 0,06437302
0,3051758 0,1215935 0,06079674
0,6103516 0,1192093 0,05960464
0,6103516 0,1549721 0,07748604
0,6103516 0,1120567 0,05602837
0,3051758 0,1239777 0,06198883
0,6103516 0,1192093 0,05960464
0,3051758 0,1239777 0,06198883
0,6103516 0,1192093 0,05960464
0,6103516 0,1382828 0,06914139
0,6103516 0,1430511 0,07152557
0,6103516 0,1215935 0,06079674
0,6103516 0,1311302 0,06556511
0,6103516 0,1192093 0,05960464
0,6103516 0,1382828 0,06914139
0,3051758 0,1215935 0,06079674
0,6103516 0,1263618 0,06318092
0,6103516 0,1454353 0,07271767
0,3051758 0,1335144 0,0667572
0,6103516 0,1263618 0,06318092
0,3051758 0,1096725 0,05483627
0,3051758 0,1358986 0,0679493
0,6103516 0,1525879 0,07629395
0,3051758 0,1358986 0,0679493
0,6103516 0,1573563 0,07867813
0,3051758 0,1239777 0,06198883
0,3051758 0,1358986 0,0679493
0,6103516 0,128746 0,06437302
0,6103516 0,1549721 0,07748604
0,6103516 0,1239777 0,06198883
0,6103516 0,1382828 0,06914139
0,6103516 0,1502037 0,07510185
0,3051758 0,1096725 0,05483627
0,6103516 0,1335144 0,0667572
0,6103516 0,1335144 0,0667572
0,3051758 0,1168251 0,05841255
0,6103516 0,1788139 0,08940697
0,3051758 0,1525879 0,07629395
0,6103516 0,1597404 0,07987022
0,3051758 0,1215935 0,06079674
0,6103516 0,1144409 0,05722046
0,6103516 0,1215935 0,06079674
0,6103516 0,1430511 0,07152557
0,6103516 0,1597404 0,07987022
0,6103516 0,1335144 0,0667572
0,6103516 0,1358986 0,0679493
0,6103516 0,140667 0,07033348
0,3051758 0,1478195 0,07390976
0,3051758 0,1263618 0,06318092
0,6103516 0,1382828 0,06914139
0,3051758 0,1502037 0,07510185
0,3051758 0,1382828 0,06914139
0,6103516 0,128746 0,06437302
0,6103516 0,140667 0,07033348
0,6103516 0,128746 0,06437302
0,6103516 0,1454353 0,07271767
0,6103516 0,1430511 0,07152557
0,6103516 0,1072884 0,05364418
0,3051758 0,128746 0,06437302
0,6103516 0,166893 0,0834465
0,3051758 0,1096725 0,05483627
0,6103516 0,1478195 0,07390976
0,6103516 0,1358986 0,0679493
0,6103516 0,1454353 0,07271767
0,6103516 0,1239777 0,06198883
0,6103516 0,1692772 0,0846386
0,6103516 0,1621246 0,08106232
0,6103516 0,1621246 0,08106232
0,3051758 0,1358986 0,0679493
0,6103516 0,1692772 0,0846386
0,6103516 0,1525879 0,07629395
0,6103516 0,140667 0,07033348
0,6103516 0,1120567 0,05602837
0,3051758 0,1525879 0,07629395
0,6103516 0,1692772 0,0846386
0,3051758 0,1335144 0,0667572
0,3051758 0,1358986 0,0679493
0,6103516 0,1478195 0,07390976
0,6103516 0,128746 0,06437302
0,6103516 0,1454353 0,07271767
0,6103516 0,1430511 0,07152557
0,3051758 0,1645088 0,08225441
0,6103516 0,1430511 0,07152557
0,6103516 0,128746 0,06437302
0,3051758 0,1239777 0,06198883
0,6103516 0,1358986 0,0679493
0,6103516 0,1192093 0,05960464
0,6103516 0,1692772 0,0846386
0,6103516 0,193119 0,09655952
0,3051758 0,1263618 0,06318092
0,6103516 0,1239777 0,06198883
0,6103516 0,1573563 0,07867813
0,6103516 0,1835823 0,09179115
0,6103516 0,1621246 0,08106232
0,6103516 0,1382828 0,06914139
0,6103516 0,1502037 0,07510185
0,9155273 0,1478195 0,07390976
0,6103516 0,1740456 0,08702278
0,3051758 0,1502037 0,07510185
0,6103516 0,1740456 0,08702278
0,6103516 0,1311302 0,06556511
0,3051758 0,1430511 0,07152557
0,6103516 0,1764297 0,08821487
0,6103516 0,1645088 0,08225441
0,6103516 0,1955032 0,09775162
0,6103516 0,1454353 0,07271767
0,6103516 0,1573563 0,07867813
0,6103516 0,1525879 0,07629395
0,3051758 0,1621246 0,08106232
0,6103516 0,1502037 0,07510185
0,6103516 0,1358986 0,0679493
0,6103516 0,1716614 0,08583069
0,3051758 0,140667 0,07033348
0,6103516 0,1764297 0,08821487
0,3051758 0,1525879 0,07629395
0,3051758 0,1502037 0,07510185
0,6103516 0,1478195 0,07390976
0,6103516 0,1740456 0,08702278
0,6103516 0,1788139 0,08940697
0,6103516 0,1716614 0,08583069
0,6103516 0,2002716 0,1001358
0,3051758 0,1525879 0,07629395
0,6103516 0,1788139 0,08940697
0,6103516 0,1358986 0,0679493
0,3051758 0,1955032 0,09775162
0,6103516 0,1764297 0,08821487
0,6103516 0,1788139 0,08940697
0,6103516 0,1430511 0,07152557
0,3051758 0,2002716 0,1001358
0,6103516 0,1788139 0,08940697
0,3051758 0,1907349 0,09536743
0,6103516 0,1978874 0,09894371
0,6103516 0,1597404 0,07987022
0,6103516 0,1978874 0,09894371
0,6103516 0,1859665 0,09298325
0,6103516 0,1955032 0,09775162
0,3051758 0,1597404 0,07987022
0,6103516 0,1835823 0,09179115
0,6103516 0,1883507 0,09417534
0,6103516 0,1502037 0,07510185
0,6103516 0,1716614 0,08583069
0,6103516 0,1978874 0,09894371
0,6103516 0,1692772 0,0846386
0,6103516 0,1788139 0,08940697
0,6103516 0,1859665 0,09298325
0,6103516 0,1835823 0,09179115
0,6103516 0,20504 0,10252
0,6103516 0,2193451 0,1096725
0,3051758 0,1955032 0,09775162
0,6103516 0,1859665 0,09298325
0,6103516 0,1740456 0,08702278
0,6103516 0,2002716 0,1001358
0,6103516 0,2145767 0,1072884
0,6103516 0,1740456 0,08702278
0,6103516 0,1811981 0,09059906
0,3051758 0,1716614 0,08583069
0,9155273 0,1716614 0,08583069
0,6103516 0,1621246 0,08106232
0,6103516 0,1478195 0,07390976
0,6103516 0,1764297 0,08821487
0,6103516 0,1645088 0,08225441
0,6103516 0,1907349 0,09536743
0,6103516 0,1740456 0,08702278
0,6103516 0,1811981 0,09059906
0,3051758 0,1645088 0,08225441
0,6103516 0,166893 0,0834465
0,9155273 0,1835823 0,09179115
0,6103516 0,1835823 0,09179115
0,3051758 0,1811981 0,09059906
0,6103516 0,2408028 0,1204014
0,6103516 0,1978874 0,09894371
0,6103516 0,2193451 0,1096725
0,6103516 0,1978874 0,09894371
0,9155273 0,2145767 0,1072884
0,6103516 0,193119 0,09655952
0,3051758 0,1645088 0,08225441
0,6103516 0,2074242 0,1037121
0,6103516 0,231266 0,115633
0,6103516 0,20504 0,10252
0,6103516 0,2169609 0,1084805
0,6103516 0,231266 0,115633
0,6103516 0,2288818 0,1144409
0,6103516 0,2169609 0,1084805
0,6103516 0,2336502 0,1168251
0,6103516 0,269413 0,1347065
0,6103516 0,2670288 0,1335144
0,6103516 0,2074242 0,1037121
0,6103516 0,243187 0,1215935
0,6103516 0,2264977 0,1132488
0,6103516 0,231266 0,115633
0,6103516 0,231266 0,115633
0,6103516 0,2288818 0,1144409
0,6103516 0,2336502 0,1168251
0,6103516 0,2241135 0,1120567
0,6103516 0,2264977 0,1132488
0,6103516 0,2646446 0,1323223
0,6103516 0,2264977 0,1132488
0,6103516 0,2408028 0,1204014
0,6103516 0,243187 0,1215935
0,6103516 0,2670288 0,1335144
0,6103516 0,2622604 0,1311302
0,6103516 0,2741814 0,1370907
0,9155273 0,2670288 0,1335144
0,6103516 0,2646446 0,1323223
0,6103516 0,2789497 0,1394749
0,9155273 0,2670288 0,1335144
0,6103516 0,2622604 0,1311302
0,6103516 0,2741814 0,1370907
0,6103516 0,3004074 0,1502037
0,6103516 0,2408028 0,1204014
0,6103516 0,2598763 0,1299381
0,6103516 0,3170967 0,1585484
0,6103516 0,2837181 0,1418591
0,6103516 0,269413 0,1347065
0,6103516 0,2479553 0,1239777
0,6103516 0,2646446 0,1323223
0,6103516 0,3051758 0,1525879
0,6103516 0,2932549 0,1466274
0,6103516 0,3218651 0,1609325
0,3051758 0,2861023 0,1430511
0,6103516 0,3027916 0,1513958
0,6103516 0,2861023 0,1430511
0,6103516 0,3027916 0,1513958
0,6103516 0,2861023 0,1430511
0,6103516 0,3170967 0,1585484
0,9155273 0,3027916 0,1513958
0,9155273 0,3147125 0,1573563
0,6103516 0,3266335 0,1657009
0,6103516 0,3242493 0,1621246
0,6103516 0,3385544 0,1716614
0,6103516 0,3170967 0,166893
0,9155273 0,3242493 0,1680851
0,6103516 0,3218651 0,1633167
0,6103516 0,3266335 0,1740456
0,9155273 0,3147125 0,1573563
0,6103516 0,3242493 0,1788139
0,6103516 0,3266335 0,193119
0,6103516 0,3266335 0,1871586
0,6103516 0,3314018 0,1823902
0,6103516 0,3385544 0,20504
0,6103516 0,3314018 0,1955032
0,6103516 0,333786 0,1907349
0,6103516 0,3361702 0,1978874
0,6103516 0,333786 0,20504
0,9155273 0,3480911 0,2276897
0,6103516 0,3480911 0,2217293
0,6103516 0,3242493 0,1871586
0,9155273 0,3409386 0,2110004
0,6103516 0,3266335 0,1955032
0,6103516 0,3504753 0,2253056
0,6103516 0,3528595 0,2384186
0,6103516 0,3457069 0,2264977
0,6103516 0,3552437 0,2229214
0,9155273 0,3457069 0,2205372
0,9155273 0,3433228 0,2372265
0,6103516 0,3433228 0,2074242
0,6103516 0,3504753 0,2288818
0,6103516 0,3385544 0,218153
0,6103516 0,3385544 0,2288818
0,6103516 0,3552437 0,2479553
0,6103516 0,3409386 0,2193451
0,9155273 0,3552437 0,2551079
0,6103516 0,3504753 0,2384186
0,9155273 0,3600121 0,2551079
0,9155273 0,3409386 0,2288818
0,6103516 0,3361702 0,2348423
0,9155273 0,3576279 0,244379
0,6103516 0,3433228 0,2372265
0,9155273 0,3457069 0,2348423
0,6103516 0,3457069 0,244379
0,6103516 0,3552437 0,2419949
0,6103516 0,3528595 0,2539158
0,9155273 0,3552437 0,2706051
0,9155273 0,3576279 0,2658367
0,9155273 0,3409386 0,2491474
0,9155273 0,3528595 0,2551079
0,6103516 0,3623962 0,2467632
0,6103516 0,3480911 0,243187
0,9155273 0,3433228 0,2515316
0,9155273 0,3504753 0,2574921
0,9155273 0,3528595 0,2574921
0,6103516 0,3504753 0,2598763
0,6103516 0,3671646 0,2539158
0,6103516 0,3528595 0,2646446
0,9155273 0,3552437 0,2682209
0,6103516 0,3504753 0,2360344
0,9155273 0,3480911 0,2646446
0,6103516 0,3528595 0,2717972
0,6103516 0,3671646 0,2765656
0,9155273 0,3647804 0,2646446
0,6103516 0,3504753 0,2670288
0,6103516 0,3528595 0,2527237
0,6103516 0,3623962 0,2598763
0,6103516 0,3743172 0,2741814
0,9155273 0,3600121 0,2539158
0,9155273 0,3623962 0,2789497
0,9155273 0,3767014 0,2777576
0,9155273 0,3671646 0,2789497
0,6103516 0,3600121 0,2729893
0,9155273 0,3838539 0,2837181
0,9155273 0,3790855 0,282526
0,9155273 0,3910065 0,2980232
1,220703 0,4124641 0,3159046
0,9155273 0,3623962 0,2932549
0,9155273 0,3838539 0,2944469
0,9155273 0,3576279 0,2777576
1,220703 0,3886223 0,2992153
1,220703 0,3790855 0,2908707
0,9155273 0,3743172 0,2872944
0,9155273 0,3814697 0,2849102
0,6103516 0,4005432 0,2980232
0,9155273 0,3623962 0,2813339
0,9155273 0,3886223 0,3004074
0,9155273 0,3647804 0,2884865
0,9155273 0,3910065 0,3027916
0,9155273 0,3600121 0,2861023
0,9155273 0,3957748 0,3063679
0,9155273 0,41008 0,3039837
0,9155273 0,371933 0,2944469
0,9155273 0,371933 0,2884865
0,9155273 0,3957748 0,3051758
0,9155273 0,41008 0,3063679
1,220703 0,4005432 0,3063679
0,9155273 0,3886223 0,3039837
0,6103516 0,3767014 0,2932549
0,9155273 0,4076958 0,3170967
0,6103516 0,3838539 0,30756
0,9155273 0,3743172 0,2968311
0,9155273 0,4315376 0,3361702
0,9155273 0,436306 0,3397465
1,220703 0,4172325 0,3266335
0,9155273 0,4220009 0,3385544
0,9155273 0,4482269 0,3457069
0,9155273 0,4386902 0,3528595
0,9155273 0,436306 0,3492832
0,9155273 0,4601479 0,3600121
0,9155273 0,4673004 0,3600121
0,9155273 0,4339218 0,3540516
0,9155273 0,4553795 0,3623962
1,220703 0,4601479 0,3600121
0,9155273 0,4649162 0,3612041
1,220703 0,5030632 0,3898144
1,525879 0,538826 0,4124641
1,525879 0,5340576 0,4124641
0,9155273 0,5197525 0,4017353
1,220703 0,538826 0,4172325
1,220703 0,5865097 0,4351139
1,220703 0,6580353 0,4780293
1,220703 0,6628036 0,4839897
1,220703 0,6914139 0,4971027
1,220703 0,6914139 0,525713
1,525879 0,7867813 0,6067753
1,220703 0,7724762 0,5972385
1,525879 0,8106232 0,641346
1,525879 0,8511543 0,6687641
1,525879 0,8559227 0,6759167
1,525879 0,8916855 0,7176399
1,525879 0,9083748 0,7259846
1,831055 0,9608269 0,743866
1,525879 1,029968 0,8308887
1,831055 1,060963 0,8416176
2,13623 1,072884 0,8571148
2,13623 1,115799 0,9226799
2,13623 1,142025 0,923872
1,831055 1,218319 0,9703636
2,13623 1,256466 1,033545
2,13623 1,36137 1,093149
2,13623 1,428127 1,136065
2,746582 1,480579 1,223087
2,441406 1,585484 1,294613
3,356934 1,757145 1,426935
3,356934 1,81675 1,488924
2,746582 1,859665 1,546144
3,051758 1,993179 1,639128
3,967285 2,098083 1,736879
3,356934 2,105236 1,769066
5,187988 2,286434 1,900196
3,967285 2,346039 2,000332
4,272461 2,465248 2,0504
4,272461 2,582073 2,163649
4,577637 2,784729 2,390146
4,577637 2,849102 2,418756
5,187988 3,120899 2,632141
4,882813 3,285408 2,779961
5,187988 3,693104 3,033876
5,79834 4,000664 3,371239
7,93457 4,401207 3,640652
7,019043 4,823208 4,08411
7,019043 5,097389 4,490614
12,81738 5,345345 4,67062
9,155273 5,478859 4,863739
9,155273 5,598068 4,941225
8,850098 5,817413 5,120039
11,2915 6,036758 5,303621
12,20703 6,468296 5,596876
11,90186 6,866455 5,76973
12,20703 7,612705 6,312132
12,81738 8,6236 7,046461
13,42773 9,584427 8,240938
13,73291 10,19001 8,813143
14,95361 10,67877 9,351969
14,64844 10,86473 9,533167
18,00537 11,32488 9,939671
16,47949 11,77311 10,39267
16,47949 12,15696 10,56075
17,39502 12,46452 11,01971
15,86914 12,70771 11,2927
15,86914 13,08203 11,63483
16,78467 13,20124 11,66463
17,7002 13,33475 11,9257
19,53125 13,58032 12,1367
19,53125 13,77106 12,38823
20,75195 14,31704 12,58016
21,97266 14,82487 13,04388
23,19336 15,39469 13,5994
23,49854 15,81669 13,90696
22,27783 16,52956 14,53161
27,16064 17,59529 15,54489
27,46582 18,19372 16,06703
25,02441 18,70155 16,5689
27,16064 18,64433 16,4938
26,24512 19,23323 17,06243
24,41406 19,44304 17,28773
27,771 19,26422 17,29369
28,9917 19,46926 17,23528
27,771 20,14637 17,7896
29,90723 21,16203 18,73255
32,95898 21,19064 18,75639
38,14697 22,09902 19,40489
31,43311 22,89772 20,04743
36,62109 23,28157 20,32638
34,17969 23,56052 20,74242
32,04346 23,46039 20,66016
34,48486 24,21856 21,26336
36,31592 24,36161 21,59238
34,17969 24,19949 21,44456
35,09521 25,06971 21,80219
36,01074 25,02203 21,9202
35,09521 24,35446 21,348
30,82275 24,68586 21,74497
40,2832 25,6443 22,67599
39,0625 26,16644 22,66288
37,53662 26,08061 22,80951
36,01074 25,26999 22,17412
40,2832 26,46923 23,15521
37,23145 26,35717 22,92395
37,8418 26,474 23,45204
43,64014 26,71957 23,10634
39,0625 27,01759 23,65232
42,11426 27,50397 24,07789
40,58838 27,19879 23,49734
40,89355 27,89021 24,51301
50,96436 29,23727 25,23541
51,26953 30,17187 25,45118
49,43848 30,49374 25,94113
54,01611 30,98249 26,75056
44,86084 31,30436 26,86739
61,95068 31,48794 26,96753
54,01611 32,76587 28,18942
53,10059 33,16164 28,15127
55,84717 33,49304 28,92375
65,00244 34,76381 29,70695
56,45752 34,92594 30,02405
52,18506 35,58159 30,76077
50,65918 34,8258 29,82259
57,37305 38,31625 32,38202
61,34033 37,37688 31,90041
66,22314 39,37244 33,32735
53,40576 37,16469 32,21393
68,96973 39,93988 33,53358
59,81445 40,80772 34,57905
64,08691 40,08293 34,3895
54,93164 41,67795 35,28953
78,43018 42,36937 35,77472
61,34033 42,06896 36,06557
66,52832 42,65547 36,13115
57,67822 42,62924 35,81644
69,58008 42,92727 36,47448
66,52832 42,68885 36,90363
69,88525 44,48652 38,05757
73,54736 44,61765 38,34724
68,0542 44,35062 37,80843
65,30762 44,32917 37,8549
58,89893 44,88945 38,203
68,0542 44,83938 38,40925
72,63184 46,89693 39,86003
68,0542 43,45417 37,79054
61,64551 45,60471 38,59642
62,56104 44,34347 38,40327
75,98877 46,02671 39,3796
65,91797 46,02432 39,36169
71,41113 45,54987 38,98861
61,34033 45,32576 39,24488
65,61279 45,76206 39,07444
66,22314 46,08631 39,4404
69,88525 46,99469 40,52641
62,56104 45,80021 38,89443
68,35938 46,65613 39,76826
61,03516 46,41533 40,18188
68,0542 45,10164 38,68462
67,13867 46,42487 39,79087
68,0542 46,79203 40,05908
64,39209 46,57269 40,31657
69,88525 45,46642 39,22105
63,17139 46,35096 39,76226
75,68359 46,49401 39,44756
66,8335 47,2188 40,18189
72,93701 46,99469 39,70027
65,61279 46,96846 40,34761
64,69727 46,5703 40,14134
70,19043 45,74537 39,62756
69,2749 46,2842 40,16164
64,08691 45,9218 39,65974
68,96973 48,32745 41,11293
69,2749 47,94121 41,11767
60,72998 45,98618 39,30926
67,13867 46,86117 39,773
67,44385 47,58596 40,96271
72,93701 47,73378 41,13437
75,37842 48,31314 41,27745
71,41113 48,49911 41,58855
70,80078 48,29168 41,19875
67,74902 47,60027 40,80536
63,78174 47,67179 40,98895
72,32666 48,72322 41,55399
73,54736 48,10572 41,66485
70,49561 48,64693 41,6124
65,91797 48,03658 41,83056
65,00244 47,5955 41,37756
63,47656 47,59312 41,36086
69,58008 48,38228 41,51346
73,54736 49,14045 42,43494
72,02148 48,37275 41,33225
71,71631 48,90442 42,29309
68,66455 48,58971 41,93186
63,47656 49,50285 42,80093
72,32666 49,63636 42,6376
69,58008 48,81144 41,89968
62,25586 48,94495 42,96303
69,58008 50,67825 43,75462
66,52832 49,61014 42,55416
74,46289 49,55769 42,89032
66,22314 50,62342 43,5448
73,54736 51,20993 43,56743
73,54736 50,04883 43,42079
74,46289 49,05462 42,55058
70,49561 50,60196 43,59365
68,0542 51,23615 43,73432
72,32666 52,26374 44,67847
75,98877 51,35536 43,81063
69,88525 53,38192 45,96116
78,43018 51,4102 44,92165
66,8335 51,37205 44,4329
69,58008 52,73819 45,61185
68,0542 51,2886 44,81914
74,46289 53,68948 45,88844
74,76807 52,23989 45,11714
74,15771 51,69153 44,74879
69,58008 53,10297 45,85506
78,73535 53,71571 46,16259
72,93701 53,10297 46,21865
75,98877 52,99091 46,02315
77,20947 53,76339 46,53337
77,20947 53,01952 45,66312
72,02148 52,34003 45,63454
72,32666 53,45583 46,43203
67,13867 52,7668 45,58802
75,98877 53,58219 46,10303
74,46289 53,66564 46,44276
73,85254 53,24602 45,95041
69,2749 52,66905 45,81573
73,24219 54,98171 47,29632
76,9043 53,61795 46,02909
79,95605 54,667 47,70997
70,80078 53,72047 46,30806
73,54736 54,57401 47,19022
71,10596 54,17347 47,04954
72,63184 53,07674 46,59179
70,80078 53,71809 46,89096
71,71631 54,46434 46,85877
73,54736 53,7014 46,82303
77,20947 55,31311 47,77911
72,93701 54,0185 46,84571
80,26123 55,5253 47,66226
77,51465 55,09377 48,13312
80,56641 55,71842 47,71591
78,125 55,48954 48,19873
77,81982 55,40848 48,09975
68,96973 54,33083 47,18424
