0,8138021 0,4227958 0,3107395
0,8138021 0,4498168 0,325045
0,8138021 0,4418695 0,3226607
1,017253 0,467301 0,3623973
0,8138021 0,4752483 0,3647814
0,8138021 0,4752483 0,368755
0,8138021 0,5022692 0,3965701
0,8138021 0,5102164 0,4045172
1,220703 0,5133953 0,4061067
0,8138021 0,5245213 0,4076961
1,017253 0,5642571 0,4426636
1,424154 0,5928671 0,4617368
1,627604 0,6294246 0,4935255
1,220703 0,6596245 0,5078305
1,424154 0,7216135 0,561078
1,220703 0,7279713 0,5650519
1,424154 0,783602 0,604789
1,627604 0,8185704 0,635784
1,627604 0,8328757 0,6731361
1,627604 0,8964548 0,6882361
1,831055 0,9425496 0,7192309
2,237956 0,9870542 0,7565828
2,034505 1,063346 0,8296959
2,237956 1,091956 0,8432057
3,255208 1,130103 0,8686368
4,679363 1,19845 0,9147313
4,475912 1,285872 0,9616208
5,900065 1,319251 1,001358
4,882813 1,41144 1,054605
5,493164 1,419387 1,056989
5,493164 1,530648 1,127721
5,696615 1,587867 1,182557
5,086264 1,678465 1,23024
5,696614 1,789728 1,28587
5,289714 1,899401 1,375674
6,713866 2,088547 1,49409
6,510417 2,222061 1,548132
7,527669 2,576509 1,778603
7,731118 2,711616 1,863639
8,341472 3,178916 2,187889
13,02083 3,603301 2,45571
11,80013 4,115106 2,869766
11,39323 4,539485 3,186067
13,02084 5,521772 3,842513
12,00358 6,006558 4,251795
14,44499 6,564461 4,683337
17,90365 7,200243 5,102954
14,03809 7,69456 5,58694
13,83464 8,268356 6,045501
18,71745 9,392101 7,121564
20,75196 9,99292 7,45853
20,1416 11,23746 8,52744
23,60026 12,47565 9,423095
22,58301 13,78695 10,73758
19,93815 15,23177 12,28492
21,56575 16,45565 13,68204
22,78646 17,78922 15,10779
24,00717 18,30577 15,97643
24,61751 18,99401 16,57406
23,80371 19,47243 17,09699
23,39682 19,85073 17,64059
25,22786 20,44041 18,20327
26,65202 20,84096 18,65148
24,61752 21,27329 19,17124
26,65202 21,75331 19,718
27,66927 22,29056 20,13128
27,46582 22,69268 20,68202
28,07618 23,02329 21,20335
30,92449 23,80372 21,70404
27,46582 23,99603 22,20153
28,27963 24,44744 22,37559
28,88997 24,81779 22,63626
31,73827 25,47583 23,4167
29,70378 25,66974 23,8657
29,90723 26,20856 24,29882
32,75554 26,78076 24,81777
31,73828 27,08753 25,28905
30,31413 27,27508 25,51396
31,53483 27,53575 25,92642
31,53483 27,61523 25,82549
31,33138 27,67086 25,98286
30,51758 27,74239 26,1124
34,38314 28,19856 26,39611
31,73828 28,32096 26,47639
31,94173 28,37022 26,7156
33,36589 28,917 27,30132
31,53483 28,96945 27,28781
32,75555 29,14589 27,46106
33,56934 29,34773 27,48251
32,75554 29,65292 28,11352
32,95898 29,59728 27,85842
32,75554 29,82934 27,88861
32,95899 29,9406 28,29154
32,95899 29,8198 28,14292
33,77278 30,12498 28,42665
33,97624 30,39043 28,85661
33,97624 30,47148 28,78268
35,80729 30,85136 29,18958
33,77279 30,95626 29,09262
34,38314 31,33297 29,63305
35,80729 31,73511 29,93822
34,58659 31,70012 29,91356
36,01075 31,87021 30,20843
36,01075 32,37406 30,74487
37,028 32,44878 30,29905
36,82454 32,51711 30,73136
37,43491 32,72215 30,84659
37,63836 33,05435 31,18754
36,82454 33,08931 31,47126
36,82454 33,21807 31,5539
37,4349 33,57569 31,71761
39,26595 33,5153 31,74225
37,23144 33,46444 31,57775
37,43491 33,68854 31,7804
37,23146 33,78233 32,07922
37,63835 33,99531 32,09433
37,43491 34,02074 32,19366
38,45215 34,03822 32,45354
37,8418 34,29732 32,79131
37,4349 34,2862 32,70943
37,84178 34,53412 33,11553
37,8418 34,6581 33,0758
38,2487 34,84089 33,19026
38,04526 34,9045 33,17833
38,85906 34,98555 33,31105
38,04526 34,88543 33,48668
38,45216 34,99986 33,51531
37,8418 34,99667 33,27927
37,8418 34,99509 33,6202
38,6556 35,05389 33,33727
38,85906 35,39719 33,37542
39,46941 35,22238 33,13622
37,63836 35,14924 33,71954
37,63835 35,45762 33,9222
37,84181 35,25415 33,75132
38,6556 35,40833 33,85303
38,24871 35,43536 33,72828
39,67286 35,54186 34,06047
39,67287 35,55457 34,06445
38,65561 35,5657 34,09862
38,85906 35,62451 34,21784
39,46941 35,69125 34,37996
38,45215 35,71827 34,34658
39,67287 35,6102 34,30207
39,67286 35,70079 34,26551
38,65561 35,85656 34,12804
39,67286 35,7294 34,1606
38,45215 35,58636 34,08114
38,04525 35,69126 34,38236
39,06251 35,90265 34,46499
39,67286 35,87246 34,47055
38,85905 36,0346 34,47057
39,4694 35,65469 34,45863
