0,8138021 0,4116696 0,3051763
1,017253 0,4450485 0,3266345
0,8138021 0,4577641 0,3433241
0,8138021 0,4498168 0,3306082
1,017253 0,4704799 0,3568343
1,017253 0,4736588 0,3655761
1,424154 0,4895535 0,3751129
0,8138021 0,4784272 0,376702
1,220703 0,5118058 0,4045173
1,220703 0,5038587 0,4100802
1,424154 0,5356474 0,4235904
1,220703 0,545184 0,4394847
1,017253 0,581741 0,455379
1,220703 0,6135299 0,4839888
1,220703 0,637372 0,5102142
1,220703 0,705719 0,5380301
1,220703 0,705719 0,536441
1,627604 0,7804231 0,6119419
2,644857 0,8153915 0,6302207
2,237956 0,8360546 0,6413471
2,644857 0,9441391 0,7255883
2,237956 0,9886438 0,7454564
4,475912 1,047453 0,7804239
4,069011 1,0554 0,8058545
3,662109 1,047452 0,8034701
3,66211 1,120566 0,8408219
5,289714 1,207986 0,9107576
4,475912 1,292229 0,9322158
5,900065 1,319251 0,9735422
4,679362 1,376472 0,9846691
4,272461 1,506807 1,092752
4,27246 1,52588 1,086395
4,069011 1,676876 1,180968
5,900065 1,864433 1,312097
7,731119 2,223653 1,559258
8,138019 2,568563 1,798471
8,544918 2,800624 1,954238
9,765621 3,070832 2,140999
8,748369 3,54767 2,510547
8,95182 3,856022 2,72274
10,98633 3,959339 2,723535
8,74837 4,10239 2,815724
12,41048 4,477499 3,105798
9,969077 4,606246 3,199576
11,39323 4,968642 3,396669
10,17252 5,283357 3,639063
23,60026 5,483626 3,684361
14,24154 5,626679 3,884633
37,43484 6,155968 4,16438
29,9072 6,583532 4,607836
23,80371 7,171627 4,837509
32,14515 7,599193 5,226929
22,37956 8,165044 5,637806
24,21061 8,52426 6,029607
28,88995 8,97407 6,42856
30,721 9,427071 6,642342
27,8727 10,01517 7,326602
39,67279 10,19478 7,425946
27,66925 10,56194 8,248488
27,0589 11,08805 8,672081
26,04166 11,33919 8,949434
29,0934 12,03537 9,663103
31,1279 12,36121 10,02709
23,39681 12,26426 9,806158
17,7002 12,76811 10,55241
21,76921 13,28309 10,89176
19,12436 13,56602 11,26051
27,8727 13,91888 11,77232
25,02441 14,52288 12,41446
19,73471 14,82169 12,78798
21,76921 15,64662 13,39594
28,07615 16,24585 14,12074
39,67279 16,77354 14,48075
32,7555 17,26786 14,95044
35,40034 17,19635 15,21985
23,39681 17,89888 15,87232
24,82096 18,35664 16,20134
23,80371 18,59031 16,55659
23,80371 18,98448 16,97541
27,0589 19,21495 17,34178
24,21061 19,3882 17,59212
24,61751 19,93497 17,78125
24,00716 19,81576 18,03319
25,02441 20,42611 18,37094
24,41406 20,64864 18,68248
27,8727 20,8807 18,81759
25,02441 21,50853 19,65285
27,8727 21,63412 19,7808
26,24511 21,92498 20,03193
26,652 22,17451 20,28386
27,0589 22,56235 20,61605
26,44855 22,77057 20,90694
27,0589 22,99309 20,88309
27,26235 23,13296 21,39172
27,26235 23,4143 21,57928
27,0589 23,69721 21,60152
28,48305 23,72583 21,8765
29,70375 24,05007 22,22617
27,8727 24,2726 22,37398
27,66925 24,78281 22,92791
29,0934 24,78121 23,01216
27,8727 24,76692 23,00102
31,73825 25,09753 23,22514
28,6865 25,25487 23,32608
30,11065 25,34229 23,66383
30,11065 25,7349 24,01114
31,1279 26,18948 24,22888
29,0934 26,25624 24,66123
30,51755 26,412 24,65089
31,5348 26,65995 24,81937
31,5348 26,71559 25,05303
32,75549 26,94289 25,23899
31,33135 27,13202 25,29064
30,3141 27,26553 25,37092
31,1279 27,45946 25,78099
31,73825 27,32912 25,5259
30,51755 27,34661 25,76908
32,55205 27,77893 26,00113
31,5348 27,95695 26,38418
31,33135 27,59774 25,93357
32,95895 27,92039 26,0655
32,7555 27,93788 26,28088
32,14515 28,34 26,54632
32,95895 28,62928 26,89043
31,5348 28,44014 26,69334
31,9417 28,74532 27,20434
32,3486 28,90427 27,37998
32,3486 28,78664 26,99691
33,1624 29,09181 27,39984
32,3486 29,12202 27,47297
34,58654 29,49713 27,57787
33,5693 29,28096 27,80356
33,1624 29,67991 28,03485
34,78999 29,70694 27,96172
32,95895 29,82137 27,82184
33,5693 29,79913 28,00463
34,17965 30,12179 28,35909
33,5693 30,07251 28,47115
33,36584 30,22351 28,71115
35,1969 30,32842 28,90347
33,5693 30,48895 28,92731
34,17965 30,34431 28,69049
33,9762 30,58591 28,61659
33,36584 30,45399 28,62055
34,78999 30,5414 28,89474
34,78999 30,93081 29,3843
34,99345 30,82432 29,15539
34,17965 31,06593 29,24123
34,78999 30,9038 29,0354
34,17965 31,08182 29,34693
34,38309 31,23441 29,56311
34,58654 31,26619 29,64177
35,60379 31,39017 29,51938
35,80724 31,40289 29,79596
33,9762 31,38698 29,83887
36,62104 31,5523 29,77211
34,78999 31,58567 29,93028
34,58654 31,4601 29,86908
35,1969 31,57932 29,82138
35,1969 31,66991 30,27517
35,80724 31,69218 29,88099
35,1969 31,70171 29,94298
