0,8138021 0,4100801 0,3035868
0,8138021 0,4227958 0,312329
0,6103516 0,4069011 0,302792
0,6103516 0,4116696 0,3043815
0,8138021 0,4243853 0,3131238
1,017253 0,4243853 0,3131237
0,6103516 0,4291538 0,315508
0,8138021 0,4339221 0,3163028
1,017253 0,4196168 0,30915
0,8138021 0,422796 0,3131238
1,017253 0,4180274 0,3083553
0,8138021 0,4339222 0,3178923
0,8138021 0,4005432 0,3012025
1,017253 0,4386906 0,3202765
0,8138021 0,4561747 0,331403
0,6103516 0,4371011 0,3321978
0,8138021 0,4386904 0,318687
0,8138021 0,4545852 0,3321978
0,8138021 0,4355117 0,3258398
0,8138021 0,4466379 0,3329925
0,8138021 0,4402801 0,321866
0,8138021 0,4577642 0,3425294
0,8138021 0,4561747 0,3393505
0,8138021 0,4418695 0,3385557
0,8138021 0,4355116 0,318687
0,8138021 0,4529957 0,334582
0,8138021 0,4498168 0,3306083
0,8138021 0,443459 0,331403
0,8138021 0,4545852 0,3480923
1,220703 0,4482274 0,3457082
0,8138021 0,467301 0,3496819
1,017253 0,4657115 0,3536554
1,017253 0,4561747 0,3449135
0,8138021 0,4466379 0,3409399
0,8138021 0,464122 0,3488872
0,8138021 0,4609431 0,3616024
0,8138021 0,4514063 0,3385558
0,6103516 0,4386906 0,3393504
1,017253 0,4720694 0,3592185
1,017253 0,4688904 0,357629
0,8138021 0,4561747 0,3512712
0,8138021 0,4545852 0,3480924
0,8138021 0,467301 0,3679602
0,8138021 0,4625326 0,3568343
0,8138021 0,4609431 0,3639866
0,8138021 0,4466379 0,3576288
1,424154 0,4784272 0,3647815
1,220703 0,4593536 0,3568342
1,017253 0,4514063 0,3457082
0,8138021 0,4466379 0,3369663
0,8138021 0,4593536 0,3552447
1,017253 0,464122 0,3639866
0,8138021 0,4625326 0,3679602
1,017253 0,464122 0,3600131
0,6103516 0,4529957 0,3480923
0,8138021 0,4545852 0,3655759
0,8138021 0,467301 0,3679602
0,8138021 0,4688904 0,3623973
0,8138021 0,4816062 0,3719339
0,8138021 0,4831957 0,3774969
0,8138021 0,4736588 0,3679603
0,8138021 0,4577642 0,3703442
0,8138021 0,4561747 0,3560394
0,8138021 0,4688905 0,3655761
1,017253 0,4752483 0,3735232
0,8138021 0,467301 0,3735232
0,8138021 0,4720694 0,3695497
1,017253 0,4990903 0,3830601
0,8138021 0,4784272 0,3703445
0,8138021 0,4736589 0,3774968
1,017253 0,4879641 0,3806758
0,8138021 0,4688904 0,3743179
0,8138021 0,491143 0,3870335
0,8138021 0,4736589 0,3711391
0,8138021 0,4720694 0,3743179
1,220703 0,4736588 0,3782915
1,017253 0,4879641 0,3894176
0,8138021 0,4657115 0,3735232
0,8138021 0,4990903 0,3957754
0,8138021 0,5118058 0,4021331
1,017253 0,4927325 0,3902124
0,8138021 0,4784273 0,3910069
1,017253 0,4879641 0,3846493
0,8138021 0,4736589 0,3759074
1,017253 0,4975009 0,3989542
1,017253 0,4943219 0,3910071
0,8138021 0,5070375 0,4069014
1,017253 0,5070375 0,4084908
0,8138021 0,491143 0,39657
0,8138021 0,508627 0,4092855
1,220703 0,5118058 0,4132591
0,8138021 0,5213424 0,4251797
1,017253 0,5022692 0,4100802
1,017253 0,4975009 0,4108748
1,017253 0,545184 0,4363058
1,017253 0,5181636 0,4061067
1,220703 0,5245214 0,4132591
0,8138021 0,5388262 0,441074
0,8138021 0,5467734 0,4363058
1,017253 0,5467734 0,4498158
1,220703 0,5563101 0,4585577
1,017253 0,5706149 0,4561737
1,220703 0,5785621 0,4672996
1,017253 0,592867 0,472068
1,017253 0,5976353 0,4792204
1,627604 0,6135299 0,4855782
1,017253 0,6326036 0,5070354
1,220703 0,6723403 0,5300829
1,627604 0,7327397 0,5745887
1,424154 0,7549919 0,5865098
2,034505 0,786781 0,6198893
1,627604 0,8058546 0,650089
2,644857 0,9393705 0,7271782
1,831055 1,006127 0,7915504
2,034505 1,05222 0,8352594
2,034505 1,192093 0,9345998
2,441406 1,273156 1,016457
2,644857 1,374882 1,080036
2,644857 1,532236 1,237394
3,255209 1,767476 1,37488
4,679362 2,020201 1,580716
5,086263 2,290407 1,809595
6,713868 2,504988 2,003511
7,73112 2,886453 2,245107
7,324218 3,334681 2,644854
9,765623 3,930727 3,062088
8,341469 4,52201 3,573102
9,155273 5,197526 4,189809
11,59668 5,974772 4,795393
11,39323 6,667776 5,33104
10,78288 7,244745 5,986688
13,83464 8,120536 6,68605
14,85189 8,387567 7,012685
14,44499 9,326933 7,762908
18,514 10,05809 8,39313
17,08985 10,93229 8,951824
20,14161 12,10054 10,0565
25,22786 12,9954 10,67718
23,3968 14,47519 11,94478
24,61751 15,63549 13,08679
27,66928 16,64003 14,13584
29,09343 17,66523 14,76526
34,17969 20,03351 16,33644
36,62107 21,82484 18,14127
40,69012 24,12955 20,30849
41,50391 25,63635 21,68417
39,67284 26,78394 22,88421
46,38671 28,11432 24,22174
39,87629 28,90746 24,84005
45,97982 30,60817 26,44539
44,14877 31,0723 27,00726
49,03158 32,43446 28,15405
61,44209 34,07478 28,97342
64,49388 34,98555 30,02963
59,40767 36,65129 31,28529
63,06973 38,73189 32,56321
62,66277 41,67239 34,68274
60,62835 43,59723 36,23962
71,20783 47,69962 39,80953
66,73191 50,53999 42,98291
78,32856 54,13853 46,03546
74,66644 54,89193 46,90013
72,02166 57,95958 50,28727
72,22499 58,96254 52,1684
75,68375 60,81744 53,39148
77,71827 62,39579 55,43154
80,15955 64,84039 57,79033
82,80447 66,13582 60,27465
92,36661 67,4996 62,22812
82,19411 69,15262 63,21914
85,44931 68,8888 63,4814
82,19414 69,1717 63,84457
82,80447 70,32088 64,27214
88,29766 71,54001 65,88941
85,24596 71,12834 65,37601
82,39767 71,66875 66,07936
88,29762 72,44283 66,28362
85,65273 72,07406 66,673
86,46669 72,6256 67,13713
91,95973 72,92601 67,31362
89,11155 73,20418 67,61718
95,82511 72,53021 67,43359
89,72168 74,19122 68,28156
88,70432 73,69532 68,46356
90,73909 73,94801 68,32846
90,1286 75,7203 69,84245
94,19771 74,62832 68,8975
91,75633 76,47211 70,23264
97,65618 75,78705 69,8623
88,09428 76,15103 70,43607
89,3147 75,87762 69,9402
92,16319 77,11739 71,43664
87,48379 76,09222 71,03291
91,14597 77,89146 71,8062
87,48379 77,55134 72,1257
87,48374 76,92352 71,28407
90,73902 77,24458 71,74344
89,1114 77,79613 72,0947
94,60445 78,7085 73,26217
93,99422 79,35062 73,23438
90,33202 79,30453 73,1366
89,31486 79,13286 73,06192
92,77337 79,51433 73,98302
92,36644 79,50319 73,70165
91,14585 79,99595 74,49322
91,75626 79,75433 73,9655
88,50109 79,62082 74,08469
91,55291 79,29815 73,76923
93,79061 80,03247 74,14828
94,401 79,60809 74,02907
95,41827 80,21053 74,59415
93,18034 80,17395 74,22936
91,34927 80,5793 74,99155
95,21485 80,17873 74,62514
94,19772 80,01975 74,39066
93,79054 80,30109 74,84288
92,7734 81,29294 76,14466
91,55277 80,45688 75,31099
90,73886 81,36763 75,58997
93,38375 80,9957 75,04952
92,77342 80,90827 75,2291
97,6561 81,63622 76,31236
91,75633 80,92578 75,02888
97,65618 80,9639 75,64082
95,41823 81,08947 75,99683
91,95969 81,49799 76,24879
93,7907 81,33584 76,10254
93,7907 81,2516 76,12003
95,82516 81,08311 75,69564
91,9596 80,54749 75,48188
97,4529 81,72048 75,66145
92,97678 81,6553 76,12479
91,75629 81,95256 76,44588
91,95977 81,61399 76,25039
94,19768 81,15623 74,89376
95,21487 81,77455 75,83235
95,01137 81,76978 76,23132
97,45274 82,27998 76,77889
97,65618 81,84766 76,67953
97,65618 82,7997 77,1349
93,99416 81,76659 76,17088
93,58721 82,87283 77,06896
94,19763 81,56951 76,55397
95,62198 82,73612 77,55929
95,82508 82,6805 77,20402
93,38384 82,80766 77,28351
