1,220703 0,4386905 0,315508
1,017253 0,44028 0,3210712
0,8138021 0,4450485 0,3298136
0,8138021 0,4641221 0,3608078
0,8138021 0,464122 0,346503
1,017253 0,4752483 0,3703444
1,017253 0,5038587 0,3846495
1,017253 0,4768378 0,3735233
1,017253 0,5038586 0,407696
1,220703 0,5435945 0,4283586
1,017253 0,5610783 0,4394847
1,017253 0,5610783 0,4529948
1,017253 0,5594889 0,4418688
1,017253 0,5817411 0,4601473
1,424154 0,6246561 0,4903466
1,220703 0,6882349 0,5237246
1,017253 0,7009506 0,5443884
1,220703 0,7025401 0,5578992
1,220703 0,7629391 0,5992257
1,220703 0,7931389 0,6262474
1,627604 0,8233389 0,6477049
1,831055 0,8662546 0,679494
1,627604 0,8964548 0,6906202
1,627604 0,920297 0,6969784
1,627604 0,9902329 0,7526088
1,831055 1,047452 0,7931386
2,237956 1,096724 0,8296954
1,831055 1,05222 0,8122117
2,034505 1,090367 0,8233379
2,441406 1,177787 0,8829423
2,441406 1,209577 0,9258575
3,662109 1,343093 1,001359
3,458659 1,420976 1,081626
3,458659 1,560847 1,148385
3,458659 1,710255 1,263619
3,255208 1,772244 1,317659
4,475912 1,985233 1,491707
4,475912 2,24908 1,66893
5,493165 2,487503 1,874765
6,103516 2,765655 2,091726
5,696615 2,983412 2,24034
6,713868 3,201167 2,423126
6,917319 3,603299 2,65519
6,713867 3,743169 2,831617
7,324219 4,069012 3,041428
8,341471 4,396439 3,315606
9,765623 4,909831 3,731251
9,765624 5,170505 3,976823
9,765621 5,62191 4,343194
8,951821 6,244976 4,767574
9,969073 6,464324 4,985332
10,57942 6,817182 5,381108
10,98633 7,233619 5,685488
11,39323 7,689793 6,060601
11,59668 8,056958 6,45558
12,41048 8,710219 6,995198
12,00358 8,9407 7,305939
13,42774 9,393696 7,650849
15,05534 9,675029 7,852712
14,03809 10,2059 8,297761
14,85189 10,68274 8,862812
15,46224 11,15958 9,170375
16,8864 11,66661 9,603502
16,68294 12,21816 10,08829
16,8864 12,26107 10,20829
17,2933 12,59169 10,28856
17,08985 13,19726 10,825
17,2933 13,12255 10,5683
18,10711 13,6137 11,39164
17,90366 14,02696 11,80092
18,31056 14,36552 12,30716
18,31056 14,89639 12,99779
19,12436 15,44634 13,55012
19,32781 15,77219 14,07544
20,14161 16,5701 14,94646
21,15886 17,10575 15,44316
22,98991 17,57146 16,03604
21,36232 17,93068 16,4501
20,34507 18,32485 16,82917
21,56576 18,77467 17,37276
22,58301 19,0719 17,74868
22,78646 19,46767 17,90047
22,58301 19,59961 18,37335
23,39681 19,91273 18,65944
23,60026 20,2926 19,08302
24,61751 20,58664 19,25865
24,21061 20,78533 19,51694
23,60026 21,21289 19,71085
23,80371 21,70086 20,40705
24,61751 21,88682 20,5342
25,02441 21,99014 20,73845
25,02441 22,17135 20,98799
26,44856 22,37956 21,18112
25,63476 22,73241 21,4386
27,46581 23,21243 21,83278
26,85546 23,31415 21,97027
26,85546 23,53827 22,1785
27,66926 23,69086 22,39943
28,48307 23,72106 22,6442
26,85546 24,16452 22,80951
28,07616 24,08821 22,81983
29,50031 24,41247 23,04951
26,85546 24,46651 23,13057
27,05891 24,64929 23,16554
27,05891 24,70175 23,52713
27,26236 24,8146 23,49773
27,05892 24,90043 23,65509
27,66926 25,03712 23,81881
28,68652 25,32324 24,05565
28,27962 25,47263 24,24478
28,07616 25,49807 24,11525
28,88995 25,54416 24,22571
28,88996 25,7953 24,68666
30,11065 25,83026 24,52135
28,68651 25,9018 24,3624
29,29685 25,88272 24,66521
28,27962 25,87954 24,64215
28,27962 26,17835 24,73195
29,90721 26,27531 25,04985
28,48306 26,29915 25,07447
30,11066 26,46605 25,20322
29,50031 26,53758 25,30654
29,90721 26,56459 25,39315
30,72101 26,60433 25,33913
30,51757 26,69652 25,48853
28,88996 26,5948 25,27316
29,70376 26,67586 25,21673
29,29686 26,74101 25,51237
29,90721 26,97148 25,6435
29,5003 26,86977 25,55211
30,72101 26,97466 25,74841
29,50031 27,03506 25,60457
29,09341 27,01441 25,68642
30,31411 27,11614 25,88589
30,11066 27,17971 25,89385
29,50031 27,17813 25,99636
29,5003 26,91586 25,71264
31,12791 27,3625 25,78019
30,51756 27,31324 25,99954
29,50031 27,07799 26,01781
30,31412 27,28938 26,14578
29,90722 27,35296 26,09968
29,9072 27,32753 26,04166
30,721 27,26873 25,95345
30,11067 27,45627 26,06709
30,72101 27,18925 25,71902
30,51756 27,52622 25,99796
30,31411 27,30051 26,22446
30,11066 27,43561 26,25227
30,31411 27,38634 26,07902
30,92447 27,5437 26,01385
29,70376 27,36568 26,1601
30,92445 27,62317 26,2141
30,31412 27,47535 26,37545
30,51756 27,61204 26,35478
30,72101 27,6184 26,22922
30,11065 27,5755 26,35955
31,12791 27,58026 26,33571
29,90722 27,55324 26,37942
31,53481 27,67405 26,44935
29,50031 27,44833 26,25545
30,51755 27,7408 26,2475
31,33137 27,79008 26,49864
31,33135 27,67404 26,51531
