0,8138021 0,3719331 0,2845129
0,8138021 0,4418689 0,3258381
0,8138021 0,4196166 0,3099439
1,017253 0,4514056 0,34968
0,6103516 0,4418689 0,329017
1,017253 0,4450478 0,3321959
0,8138021 0,4641213 0,3337854
0,8138021 0,473658 0,3528588
0,6103516 0,4736579 0,3639852
1,017253 0,4418689 0,3337853
0,6103516 0,4514056 0,3401431
1,017253 0,4895525 0,3862378
0,8138021 0,4641213 0,3639853
0,8138021 0,4927314 0,3894167
0,8138021 0,4736579 0,3846484
0,8138021 0,5340575 0,4227956
0,8138021 0,5181628 0,4100798
0,8138021 0,5149838 0,4084903
0,8138021 0,4927314 0,4196168
0,8138021 0,5276996 0,4243851
0,8138021 0,5340575 0,4402798
0,8138021 0,5308785 0,4196166
1,017253 0,5340575 0,4355114
1,017253 0,5658468 0,4657114
1,017253 0,6643931 0,5038583
1,220703 0,6453197 0,5086269
1,220703 0,6294252 0,49909
1,017253 0,6707509 0,5292898
1,017253 0,6707509 0,5261109
1,220703 0,7088979 0,5578997
1,017253 0,6739299 0,5292898
1,220703 0,7184347 0,5690258
1,424154 0,7534028 0,6055828
1,424154 0,7565818 0,6024039
1,424154 0,785192 0,6421402
1,424154 0,8138021 0,6469084
1,424154 0,8710222 0,6930028
1,424154 0,87738 0,697771
2,034505 0,9632102 0,7724756
1,831055 1,080831 0,8646652
1,831055 1,169841 0,9346017
2,441406 1,28746 0,9981794
2,644857 1,503626 1,198449
3,865561 1,646678 1,301766
6,713866 2,129872 1,626014
7,527668 2,584458 1,937549
14,24154 3,588995 2,530415
14,85189 5,283356 3,595352
63,06968 8,322398 5,420048
66,3249 11,10713 7,260642
55,1351 14,77877 9,907087
50,86262 19,68065 13,38482
51,26956 25,21515 17,19315
63,27314 30,76236 20,71699
73,64912 38,69374 27,85205
119,6289 46,93985 34,585
137,1256 53,35174 42,41786
80,97333 58,6033 48,12877
192,8711 64,62418 54,34515
121,2564 65,16459 55,29404
92,57 67,38984 57,68778
90,12859 70,81355 62,48476
101,3184 72,17094 63,77699
97,65625 76,34488 67,73
97,04595 76,04605 68,07013
95,21483 76,74223 68,66778
103,5563 77,55603 70,69273
99,48732 78,51923 71,5733
96,84245 78,90389 71,346
95,41828 78,853 72,26627
98,06309 78,55102 71,58122
92,97693 78,57329 71,48748
105,5908 81,24992 73,70477
96,84245 79,09144 72,05331
102,9459 79,90205 71,5447
112,915 78,84983 71,25697
103,7597 80,86845 72,92751
97,65627 78,89435 72,46656
96,8425 80,47743 72,93068
91,34931 77,4511 70,63072
106,8115 81,27218 72,69863
94,40107 79,84484 72,66209
97,04591 80,44563 71,77831
92,57005 77,74995 70,72928
94,80798 78,4652 72,5365
106,4046 79,48562 72,07237
105,7942 80,6936 73,90978
99,69074 80,18816 73,89706
95,62174 81,59324 73,08326
94,40099 78,8848 72,01038
93,99411 78,80215 71,6496
95,21485 79,73676 72,37914
100,708 78,6591 71,01697
106,608 81,91431 74,52808
100,0976 79,69543 72,85439
101,3183 82,14635 74,5694
95,6217 80,68407 72,69067
105,1839 79,5937 72,06282
99,6907 80,8589 72,39501
98,67346 79,07556 72,67001
97,04587 78,79582 71,64325
99,69077 80,80489 72,69387
101,1149 82,84573 74,96198
