0,8138021 0,3782906 0,2884865
0,8138021 0,3941854 0,296434
0,8138021 0,4148485 0,3067658
1,017253 0,4275642 0,3155079
0,8138021 0,416438 0,3075605
0,8138021 0,4386905 0,3194818
0,6103516 0,4339221 0,3178923
0,8138021 0,4307433 0,3170975
1,017253 0,4625326 0,3441188
0,8138021 0,4323328 0,3194818
0,6103516 0,4291539 0,3202766
0,8138021 0,4323328 0,3210713
0,8138021 0,4418695 0,3242503
0,8138021 0,4529957 0,3401453
0,8138021 0,4641221 0,3369662
0,6103516 0,4418695 0,3234555
0,8138021 0,443459 0,3290188
0,8138021 0,4498168 0,3306082
0,8138021 0,4514063 0,3369663
0,8138021 0,4529957 0,3321978
0,8138021 0,4498168 0,3385557
0,8138021 0,4561747 0,3393505
1,017253 0,4561747 0,3441188
0,8138021 0,4355117 0,3234556
0,6103516 0,4450485 0,331403
0,8138021 0,4418695 0,3274293
0,8138021 0,4482274 0,3369663
1,017253 0,4514063 0,3520658
0,8138021 0,4498168 0,3337873
1,017253 0,4402801 0,3321978
0,8138021 0,464122 0,3584237
1,627604 0,4704799 0,3504767
0,8138021 0,4593536 0,3544501
1,017253 0,467301 0,3695496
0,8138021 0,4498168 0,348887
0,8138021 0,4657115 0,3639867
1,017253 0,4577641 0,3528606
1,017253 0,4577641 0,3512712
1,017253 0,4577641 0,3560395
0,8138021 0,4593536 0,3488871
0,8138021 0,4561747 0,3449135
0,8138021 0,4688904 0,3417347
0,8138021 0,4577642 0,3584236
0,8138021 0,4720694 0,357629
0,8138021 0,464122 0,3687548
1,017253 0,4593536 0,3639865
0,8138021 0,4545852 0,3552447
1,017253 0,4625326 0,3631919
0,8138021 0,467301 0,3584237
0,8138021 0,4593536 0,3631919
0,8138021 0,4561747 0,3687548
0,8138021 0,467301 0,3663708
0,8138021 0,4847851 0,3743181
1,017253 0,487964 0,3774969
0,8138021 0,4688904 0,3663708
1,017253 0,4927325 0,3854441
0,8138021 0,4768378 0,3790862
0,8138021 0,4704799 0,3600131
1,220703 0,4831956 0,3814704
0,8138021 0,4736588 0,3735232
1,017253 0,4863746 0,3806758
0,8138021 0,467301 0,3806756
0,8138021 0,4688904 0,3854438
0,8138021 0,4816062 0,3862387
1,220703 0,4816062 0,3655762
0,8138021 0,4816062 0,3870334
1,424154 0,487964 0,3894176
1,017253 0,4847851 0,3886229
1,017253 0,4784272 0,3886228
1,017253 0,4990903 0,3910071
1,017253 0,5149847 0,405312
0,8138021 0,4879641 0,3894176
1,017253 0,4943219 0,4100801
1,017253 0,4895535 0,3973647
1,017253 0,491143 0,3933912
0,8138021 0,4927325 0,3981594
1,017253 0,519753 0,4124644
1,017253 0,5308791 0,4235904
0,8138021 0,5038586 0,4092855
0,8138021 0,5118058 0,4076961
0,8138021 0,5022692 0,4116696
0,8138021 0,5022692 0,4100801
1,017253 0,5372368 0,4386899
1,017253 0,5594889 0,4466371
1,017253 0,5292896 0,4283586
1,017253 0,5356473 0,4331269
1,017253 0,5324685 0,435511
1,017253 0,5722044 0,4529948
0,8138021 0,5610783 0,4529947
1,017253 0,5737937 0,4561736
1,220703 0,5578994 0,4529947
1,017253 0,5753832 0,4617366
1,017253 0,6024036 0,4831939
1,220703 0,6055825 0,4823993
1,017253 0,5849198 0,4704784
1,017253 0,6182985 0,4935255
1,220703 0,6182984 0,4935254
1,220703 0,6437299 0,5078303
1,220703 0,6310142 0,500678
1,017253 0,6389616 0,5102143
1,220703 0,664393 0,5261092
1,220703 0,6850561 0,5451832
1,220703 0,705719 0,5531306
1,424154 0,7168452 0,5722046
1,220703 0,6930034 0,5563098
1,220703 0,7534025 0,6135316
1,220703 0,7390974 0,6063789
1,424154 0,772476 0,6373734
1,424154 0,8090337 0,6508838
1,627604 0,9044022 0,7200254
1,627604 0,9600337 0,7692985
1,831055 0,9902327 0,8026763
1,831055 1,017253 0,8312858
1,831055 1,087188 0,8916838
2,644857 1,130103 0,919499
3,051758 1,228651 1,003742
2,644857 1,352629 1,081626
3,865561 1,500448 1,217526
4,069011 1,60535 1,28746
4,475912 1,894634 1,512369
3,662109 2,110798 1,666546
4,069011 2,352397 1,881122
9,358721 2,768831 2,198217
7,527668 3,155073 2,499422
10,57943 3,684361 2,939702
11,39323 4,466372 3,46263
14,03809 5,283356 4,083316
20,34506 7,141432 5,307198
17,90365 7,885296 6,075697
37,6383 9,965899 7,531643
38,4521 11,44091 8,864401
32,34861 13,18773 10,37438
31,53481 14,53241 11,65469
35,80726 16,08372 13,21872
39,26591 17,86391 14,52605
51,67646 19,04487 15,30965
43,9453 21,12071 16,91342
68,56296 24,35684 19,07666
60,22142 28,19379 22,1618
81,99072 32,42969 25,87079
101,7251 39,26435 31,27495
96,23206 45,00072 35,97976
113,1182 52,50298 40,79979
96,63898 60,47574 47,71792
123,6975 77,15868 59,59038
127,9698 82,64398 71,21809
122,4768 89,44362 77,28588
129,394 93,01024 82,2458
122,8837 92,02319 82,59068
119,6285 96,00793 86,37273
123,6975 97,72928 88,1688
130,2078 97,61959 87,74439
128,3768 100,7826 90,8645
130,2078 102,798 92,69873
130,2078 104,3938 94,50273
130,2078 107,3486 96,66364
130,2078 107,9828 96,83369
130,2078 110,5736 99,05095
130,2078 113,8875 101,776
130,2078 113,8398 100,8247
130,2078 113,6888 102,5222
130,2078 115,7216 104,1133
130,2078 115,639 104,2491
130,2078 116,6531 105,0717
130,2078 117,5384 106,6182
130,2078 118,3633 107,5631
130,2078 119,7159 108,0662
130,2078 120,1928 109,1399
130,2078 119,7366 108,1155
130,2078 120,3978 109,9989
130,2078 121,175 110,1451
130,2078 121,8379 111,8491
130,2078 122,2702 111,6949
130,2078 122,3162 111,7934
130,2078 122,3894 111,0941
130,2078 123,0108 112,6279
130,2078 124,1092 114,0766
130,2078 123,2127 113,9272
130,2078 124,6098 114,8268
130,2078 124,4937 113,9042
130,2078 123,8151 113,4846
130,2078 124,3984 114,021
130,2078 124,7719 114,7283
130,4112 124,098 113,862
130,4112 124,3809 112,7836
130,2078 125,2233 115,4873
130,2078 125,9306 116,1747
130,2078 125,7049 116,2446
130,2078 125,0437 114,8054
130,4112 125,9528 117,1124
130,2078 124,7385 113,8541
130,2078 125,4108 117,0711
130,2078 126,3279 117,2976
130,2078 126,6792 116,6777
130,4112 126,2517 115,2997
130,2078 126,6554 116,5839
130,4112 125,4124 115,4928
130,2078 126,6061 117,5654
130,4112 126,9478 118,1368
130,4112 127,2117 117,8682
130,2078 127,7775 118,5962
130,2078 126,8239 117,6909
130,2078 127,3881 117,7005
130,4112 127,2705 118,2719
130,2078 127,2864 119,3385
130,2078 127,3611 118,6812
130,2078 127,9508 118,8632
130,2078 127,582 118,1058
130,2078 127,458 119,2287
130,2078 127,6361 118,9745
130,2078 127,6074 117,8245
130,2078 127,768 117,9587
130,2078 128,1065 117,8865
130,2078 127,7855 118,1265
130,2078 126,6252 116,9217
130,2078 127,4215 117,7283
130,2078 127,8427 118,7201
130,2078 127,9269 118,9395
130,2078 127,6361 117,6011
130,2078 128,9394 120,7419
130,2078 128,372 118,5429
130,2078 128,3179 118,5612
130,2078 128,7535 119,801
130,2078 129,4258 121,1496
130,2078 128,0874 117,7697
130,2078 128,3084 118,2179
130,2078 128,4053 118,4793
130,2078 127,8236 119,0706
130,2078 128,4165 118,0574
130,2078 128,4197 118,9641
130,2078 127,8109 117,4478
130,2078 128,7264 119,9885
130,2078 128,6311 118,9038
130,2078 129,0332 119,696
130,2078 127,5693 118,7448
130,2078 128,5739 119,4982
130,2078 129,1366 120,0179
130,2078 128,7661 118,3697
130,2078 129,2351 118,6041
