0,8138021 0,4227955 0,3083544
0,8138021 0,4132588 0,3051755
0,6103516 0,3910065 0,2956389
0,8138021 0,4323322 0,3163016
0,8138021 0,4227955 0,3131227
0,8138021 0,441869 0,3210699
0,6103516 0,4609423 0,3385537
0,6103516 0,4482267 0,3290171
0,8138021 0,4545845 0,346501
0,8138021 0,4355111 0,3369643
0,6103516 0,4418689 0,3226593
0,6103516 0,4831946 0,3512693
1,017253 0,4641213 0,3353749
0,8138021 0,4673001 0,3544483
0,6103516 0,4450478 0,3290171
0,8138021 0,4609423 0,3608063
0,8138021 0,4355111 0,3306065
0,8138021 0,4736579 0,3639852
0,8138021 0,4355111 0,3321959
0,6103516 0,4418689 0,3401432
0,8138021 0,4736579 0,3592167
0,8138021 0,4355111 0,3258382
0,8138021 0,4482267 0,3512695
0,8138021 0,4800158 0,3671641
0,6103516 0,4577634 0,3512695
1,220703 0,4418689 0,3401432
0,8138021 0,470479 0,3703431
1,017253 0,4863736 0,3767009
0,8138021 0,4545845 0,3687537
1,017253 0,4641212 0,3576273
0,8138021 0,4641213 0,3735221
1,017253 0,4800158 0,3767009
0,8138021 0,4895525 0,3894167
0,8138021 0,4577634 0,3639853
0,6103516 0,4482267 0,3576274
0,8138021 0,4482267 0,3576274
0,8138021 0,4577634 0,3401431
1,017253 0,4768369 0,3862378
0,8138021 0,4736579 0,3576272
0,8138021 0,4482267 0,352859
0,8138021 0,4482267 0,3560379
0,8138021 0,4577634 0,3639853
0,8138021 0,4863736 0,3862378
0,8138021 0,4990892 0,3798798
0,8138021 0,4800158 0,3798799
0,8138021 0,4800158 0,3767009
1,017253 0,4895525 0,3798799
1,017253 0,4673001 0,3639852
0,8138021 0,4800158 0,3894168
1,017253 0,470479 0,37988
0,8138021 0,4641213 0,3735221
0,8138021 0,470479 0,376701
0,8138021 0,4831946 0,3910062
0,8138021 0,4800158 0,3782904
1,017253 0,4768369 0,3671641
0,8138021 0,4831946 0,3798799
0,8138021 0,4768369 0,3782904
1,017253 0,4831947 0,3862378
0,6103516 0,4482267 0,3576274
0,8138021 0,505447 0,4069009
0,8138021 0,4831946 0,3830588
0,8138021 0,5245206 0,4132587
0,8138021 0,4800158 0,3719325
0,6103516 0,4831946 0,3894168
0,8138021 0,4736579 0,3830589
1,017253 0,5022681 0,3941851
1,017253 0,4768369 0,373522
0,8138021 0,4927314 0,3925956
0,8138021 0,4673001 0,3719326
0,8138021 0,4959103 0,3925956
0,8138021 0,5213417 0,4164377
0,8138021 0,505447 0,4116693
0,8138021 0,5149838 0,4148482
0,8138021 0,5118049 0,4132588
1,017253 0,4959103 0,3894167
0,8138021 0,4863736 0,3973641
0,6103516 0,4577634 0,383059
0,8138021 0,5118049 0,4132588
0,8138021 0,4704791 0,3687536
0,6103516 0,4831946 0,4053115
0,8138021 0,4927314 0,4021325
0,6103516 0,5022681 0,4021325
0,8138021 0,4959103 0,4116694
0,8138021 0,4927314 0,400543
0,8138021 0,4895525 0,3925957
0,8138021 0,4895525 0,3973641
0,8138021 0,508626 0,4084904
1,220703 0,5022681 0,4132588
1,220703 0,5531311 0,4307429
0,6103516 0,4990892 0,4116693
1,017253 0,5213417 0,4355114
0,8138021 0,559489 0,4529956
1,017253 0,5467732 0,4355114
1,017253 0,5340574 0,4402798
1,017253 0,5626679 0,4529956
1,220703 0,559489 0,4498166
1,017253 0,5499521 0,4657114
1,017253 0,5308785 0,4339219
1,220703 0,553131 0,4514061
0,8138021 0,5531312 0,4561746
1,220703 0,5785626 0,4593534
0,8138021 0,5722048 0,4593535
1,017253 0,5912783 0,4800166
0,8138021 0,5912784 0,4784271
1,220703 0,6516776 0,5165743
1,424154 0,6802878 0,5292899
1,424154 0,6993614 0,5356477
1,017253 0,6993612 0,5610785
1,424154 0,747045 0,5912779
1,017253 0,7311504 0,5944567
1,424154 0,7724764 0,6373719
1,220703 0,750224 0,6198877
1,424154 0,8106232 0,67234
1,424154 0,8424121 0,6945923
1,220703 0,8392332 0,686645
1,220703 0,8614855 0,7136658
2,034505 0,87738 0,7200236
1,424154 0,9250634 0,7438653
1,424154 0,9409578 0,7724756
1,424154 0,9441369 0,7963178
1,831055 0,9695684 0,8281074
1,424154 0,9600316 0,8058547
1,424154 1,001358 0,8312863
1,831055 1,001358 0,8360546
1,627604 1,029968 0,8614864
1,627604 1,049042 0,8789706
2,237956 1,090368 0,8964547
1,627604 1,112621 0,9298336
1,627604 1,090368 0,9059917
1,831055 1,169841 0,982285
2,034505 1,147588 0,9838745
2,237956 1,220703 1,020432
2,034505 1,23024 1,036326
1,831055 1,252492 1,060168
1,831055 1,230239 1,041095
1,831055 1,233418 1,061757
1,831055 1,300176 1,095135
1,831055 1,386006 1,163481
2,034505 1,338323 1,131692
2,034505 1,382828 1,165071
2,034505 1,395543 1,203218
1,831055 1,420974 1,212755
1,831055 1,414617 1,231829
2,237956 1,487732 1,26044
2,237956 1,490911 1,289051
2,034505 1,430511 1,22865
2,237956 1,52588 1,311303
2,034505 1,49409 1,284283
2,441406 1,598995 1,360577
2,441406 1,583101 1,35263
2,034505 1,519522 1,312893
2,034505 1,570385 1,360577
2,441406 1,61489 1,411439
2,441406 1,659395 1,435281
2,237956 1,694362 1,446407
2,644857 1,649857 1,432102
2,441406 1,662573 1,427334
2,441406 1,700719 1,473427
2,237956 1,665752 1,433691
2,848307 1,716614 1,484553
2,441406 1,716614 1,489321
2,644857 1,799265 1,54972
2,644857 1,815159 1,562435
2,441406 1,834232 1,60376
2,848307 1,866022 1,641908
2,644857 1,897811 1,659392
2,848307 1,99 1,724561
2,644857 1,999537 1,737276
2,441406 1,939137 1,678466
3,051758 2,126695 1,848539
2,644857 2,024968 1,780192
3,051758 2,152126 1,889866
3,051758 2,237956 1,939139
3,255208 2,133053 1,881919
3,662109 2,285639 1,983643
3,051758 2,285639 2,004305
3,255209 2,336501 2,058347
3,255209 2,371468 2,074241
3,051758 2,317427 2,063115
3,662109 2,384184 2,101261
3,255208 2,52088 2,175966
3,255208 2,485912 2,198218
3,66211 2,546312 2,244313
3,458659 2,473196 2,212524
3,255208 2,517701 2,28564
3,66211 2,689362 2,350809
3,458659 2,762477 2,441408
3,86556 2,791087 2,458892
3,458659 2,733867 2,423925
4,069011 2,924599 2,570151
3,86556 2,921421 2,617834
4,069011 2,997715 2,667108
4,272461 2,89281 2,587635
3,865561 3,121695 2,725918
3,86556 2,927778 2,613065
4,272461 2,991357 2,636907
3,86556 3,042221 2,686182
4,272462 3,000893 2,627371
4,882813 3,01361 2,711612
3,86556 3,032685 2,729097
4,272461 3,128054 2,776781
4,069011 3,093085 2,770423
4,272461 3,07719 2,765655
4,069011 3,080369 2,764066
3,865561 3,159843 2,816518
4,272461 3,029506 2,708434
4,475912 3,267925 2,897583
4,06901 3,143948 2,794265
4,069011 3,175737 2,856257
3,86556 3,258388 2,913477
4,272461 3,321966 2,948445
4,882813 3,309251 2,927783
4,06901 3,210705 2,927783
4,882813 3,286999 2,950035
4,882813 3,315608 2,981822
4,475912 3,376006 2,994539
4,06901 3,369648 3,024737
4,679362 3,347397 3,007254
4,679362 3,385544 3,007254
4,882813 3,468194 3,081956
4,475912 3,528593 3,143946
5,086263 3,573099 3,167787
4,679363 3,592172 3,153482
5,696614 3,80834 3,33786
5,696614 3,757477 3,310838
4,882813 3,954569 3,485681
5,493164 4,129409 3,611246
5,696615 4,297894 3,765424
5,493165 4,472733 3,951391
6,510417 4,593529 4,091263
6,103516 4,727045 4,218418
6,306965 4,835129 4,30425
5,900064 4,676182 4,286766
6,306965 4,812878 4,288355
6,103516 4,796983 4,253388
6,306965 4,882816 4,383724
6,103516 4,879637 4,401209
6,713867 4,978182 4,42505
6,306965 4,949573 4,442535
6,306966 4,835132 4,324915
6,510416 5,064011 4,523596
7,120768 5,133944 4,525183
6,510417 5,025866 4,528366
6,306966 5,245206 4,657106
7,934569 5,229311 4,61896
7,324218 5,502702 4,857382
7,120766 5,563103 4,951159
8,748371 5,804698 5,100567
7,73112 5,737941 5,097388
7,93457 5,79516 5,141893
8,544922 5,919137 5,262693
7,731118 5,893705 5,238851
8,341469 5,963642 5,292893
9,358722 5,957284 5,292894
8,95182 6,113055 5,462965
7,527668 5,957284 5,291304
7,934568 6,364187 5,566278
8,544921 6,271998 5,485216
9,969075 6,430943 5,613962
8,74837 6,5581 5,763374
8,341471 6,475448 5,736352
9,358722 6,504058 5,695024
8,138021 6,526311 5,774499
8,544921 6,707509 6,027221
9,155272 6,767908 6,006558
8,138021 6,663003 5,922317
8,951821 6,825128 6,049471
8,748372 6,583532 5,925497
9,765622 6,85374 6,011328
8,54492 6,748835 6,063777
9,155272 6,914139 6,144842
8,951821 6,872813 6,141661
7,934569 6,67572 5,982715
10,17252 6,898245 6,119411
9,155272 6,93639 6,152788
9,562172 7,044473 6,246566
9,358723 7,333753 6,46273
9,765623 7,232031 6,427767
8,951821 7,260639 6,46909
9,155272 7,410048 6,527901
10,17252 7,451375 6,591477
9,969073 7,489522 6,67572
9,358722 7,473628 6,570815
9,765624 7,75973 6,848973
10,17252 7,769266 6,937981
9,969075 7,724764 6,798109
9,765623 7,788341 6,901424
9,562174 7,683435 6,88712
10,98633 7,915496 7,057189
9,969073 7,96954 7,003151
10,78288 7,893244 6,930033
9,969075 7,791519 6,947518
10,57943 7,902782 6,930034
10,37598 7,829667 6,965002
10,17252 8,157093 7,138251
10,57943 7,960001 7,004737
11,39323 7,959999 7,066726
10,37597 7,915496 7,063546
10,78288 7,813772 7,007916
9,358723 7,724762 6,747247
9,765623 7,769267 6,899834
9,765625 7,893244 7,033349
10,17252 8,033117 7,203419
10,57943 8,153914 7,177987
10,57943 7,979075 7,058778
11,39323 8,204778 7,297196
9,969075 7,972715 6,974537
10,78288 8,325578 7,378262
11,80013 8,357367 7,32104
11,80013 8,284253 7,432303
12,20703 8,382796 7,454552
10,37598 8,513132 7,670719
11,39323 8,589427 7,656415
10,98633 8,659366 7,734302
10,78288 8,500415 7,600784
10,98633 8,662541 7,669128
13,02083 8,767446 7,843971
11,39323 8,799236 7,797877
11,39323 8,846917 7,950464
11,18978 8,989968 8,020398
11,80013 8,942286 7,851921
10,78288 9,009041 8,093513
12,00358 9,276074 8,242926
11,80013 9,183887 8,233389
13,02083 9,117126 8,047421
12,20703 9,352367 8,230207
14,24154 9,272893 8,053779
12,00358 9,285608 8,250872
12,00358 9,136203 8,246104
13,02083 9,489061 8,322398
12,00358 9,40005 8,31763
12,20703 9,536743 8,454325
12,20703 9,435018 8,414584
13,22429 9,355546 8,282661
12,61393 9,422303 8,468626
12,00358 9,536738 8,500414
12,41048 9,698868 8,583067
12,20703 9,826024 8,832613
12,20704 9,822845 8,689561
13,42774 9,749731 8,718171
14,24154 9,803772 8,724531
12,61393 9,810127 8,808769
13,42774 9,883243 8,619625
11,59668 9,676616 8,700688
11,80013 9,991332 8,764269
12,20703 9,810132 8,69751
12,61393 10,05809 8,907317
13,63119 10,1312 8,956592
12,41048 9,915039 8,824669
13,42774 10,30286 9,053548
12,41048 10,1312 9,036064
13,63119 10,56989 9,209316
12,61393 10,36962 9,236339
14,44499 10,53174 9,414356
15,86914 11,0054 9,867352
13,83464 11,15481 9,980203
13,02083 10,9005 9,813312
13,83464 11,18978 9,954773
14,44499 10,78605 9,702046
14,64844 11,50449 10,101
14,03809 11,3074 10,19319
15,05534 11,74609 10,30445
14,85189 11,59986 10,22975
14,44499 11,59668 10,30922
14,44499 11,63801 10,37916
14,44499 11,4886 10,20113
15,46224 11,61576 10,39982
14,03809 11,55218 10,23928
15,66569 11,99404 10,72248
15,66569 11,87642 10,58419
14,64844 11,7302 10,39187
15,46224 12,15617 10,68115
15,86915 12,27061 10,94659
14,64844 12,32147 11,04514
14,44498 12,40094 11,07533
15,46224 12,39776 10,91162
15,66569 12,53764 11,10554
15,05534 12,52174 11,03242
14,85189 12,1212 10,86235
16,07259 12,8905 11,44409
14,85189 12,4073 11,11984
16,27605 12,43909 11,19614
17,08984 12,80467 11,39005
16,8864 12,98587 11,47747
17,08985 12,62029 11,28991
15,05534 12,90321 11,56966
16,0726 12,90003 11,46953
16,88639 12,99858 11,64118
16,27604 12,85235 11,47111
17,08984 12,86507 11,65549
15,25879 12,71248 11,27879
14,64844 12,69658 11,46634
15,66569 13,06216 11,60621
17,7002 13,18296 11,77788
17,7002 13,1162 11,8049
14,64844 12,8142 11,61416
16,47949 12,94136 11,79695
15,25879 13,1925 11,86053
17,49675 13,42456 11,96067
16,07259 13,08441 11,8812
15,05534 13,0717 11,75881
17,08985 13,45317 11,93841
17,08985 13,33555 12,04331
16,07259 13,45634 11,96543
15,46224 13,06852 11,72225
16,27605 13,50403 12,25948
15,46224 13,16706 11,789
16,88639 13,53582 11,97179
18,9209 13,59621 12,15776
16,4795 13,30376 11,95431
17,49675 13,34509 11,84146
15,86914 13,07487 11,70794
15,25879 13,10984 11,82079
18,514 13,54217 12,04014
16,8864 13,75517 12,1959
17,7002 13,19567 11,77629
17,29329 13,88232 12,34214
17,08985 13,60893 12,29604
15,86914 13,51674 12,10849
17,08985 13,50721 11,98133
17,29329 13,76788 12,24995
17,08985 13,97451 12,29286
