0,6103516 0,3719331 0,2797445
0,6103516 0,4227955 0,3099439
0,6103516 0,4164377 0,3099439
0,8138021 0,4323322 0,317891
0,8138021 0,3973643 0,2988178
0,6103516 0,4259744 0,3115333
0,8138021 0,4323322 0,317891
0,8138021 0,4291532 0,3210699
0,8138021 0,4514056 0,3369642
0,8138021 0,4609424 0,3480905
0,8138021 0,4386901 0,3194805
0,6103516 0,4227954 0,3242487
0,6103516 0,3910064 0,2972284
0,8138021 0,4386901 0,3194805
0,6103516 0,4259744 0,3131227
0,8138021 0,4609423 0,346501
0,8138021 0,4450479 0,3242488
0,6103516 0,4196166 0,3099438
0,8138021 0,4450478 0,356038
0,6103516 0,4482267 0,3385537
0,8138021 0,4545845 0,3353748
0,6103516 0,4418689 0,3385537
0,6103516 0,4577634 0,3480905
0,8138021 0,4736579 0,3623957
0,8138021 0,4736579 0,3623957
0,6103516 0,4418689 0,3353748
0,8138021 0,4418689 0,3274276
0,6103516 0,4545845 0,3512695
1,017253 0,470479 0,3560378
0,6103516 0,4259743 0,329017
0,8138021 0,4768369 0,3592167
0,8138021 0,4545845 0,3512695
0,8138021 0,4609424 0,343322
0,6103516 0,4609423 0,3608063
0,8138021 0,4450478 0,3433221
0,8138021 0,4450478 0,3385537
0,6103516 0,4482267 0,3433221
0,8138021 0,5022681 0,3862377
0,8138021 0,4800158 0,3623956
0,8138021 0,4641213 0,3576274
0,8138021 0,4482267 0,3512695
0,8138021 0,4577634 0,3623958
0,8138021 0,4736579 0,3639852
1,017253 0,4673001 0,3560378
1,017253 0,4641213 0,37988
0,8138021 0,4863736 0,370343
1,017253 0,4704791 0,3703431
0,6103516 0,4577634 0,3576274
0,8138021 0,470479 0,3862379
0,8138021 0,4927314 0,3830588
0,8138021 0,4831946 0,3798799
0,8138021 0,4641213 0,3719326
0,8138021 0,4831947 0,373522
0,8138021 0,470479 0,3719326
0,8138021 0,4863735 0,3814693
1,017253 0,4990892 0,3941851
0,8138021 0,4800158 0,3814694
0,8138021 0,4863735 0,3878273
0,8138021 0,4959103 0,3894167
1,017253 0,473658 0,3925958
0,8138021 0,4831946 0,3910062
0,8138021 0,5149839 0,4037219
0,8138021 0,5245207 0,4212061
0,8138021 0,5149838 0,4212061
1,017253 0,5308785 0,4259745
1,017253 0,5149838 0,4212061
0,8138021 0,4927314 0,4132589
1,220703 0,5181628 0,4164377
0,8138021 0,559489 0,4466377
0,8138021 0,508626 0,4212062
0,8138021 0,5276996 0,4227956
1,017253 0,5149839 0,4053114
1,220703 0,505447 0,4069009
0,8138021 0,5213417 0,4355114
0,8138021 0,4959103 0,4291536
1,017253 0,5340575 0,4386904
1,017253 0,5245207 0,4418693
0,8138021 0,5722047 0,4609429
0,8138021 0,559489 0,4545851
1,220703 0,5912783 0,4673008
0,8138021 0,5404154 0,4466377
0,8138021 0,5658469 0,4545851
0,8138021 0,5626679 0,4561745
1,017253 0,5753836 0,4577639
1,017253 0,5722047 0,4673008
0,8138021 0,5531311 0,4498166
1,220703 0,6230675 0,4943217
1,017253 0,6230674 0,4927322
0,8138021 0,5753837 0,4673008
1,017253 0,5944573 0,4768376
1,220703 0,5658469 0,4657114
1,017253 0,5912783 0,4784271
1,017253 0,6167097 0,4943218
1,017253 0,6135308 0,5022692
1,017253 0,6230674 0,5006796
1,017253 0,667572 0,5292897
1,017253 0,6326041 0,502269
1,017253 0,6739298 0,5404158
1,017253 0,6739298 0,5213427
1,017253 0,6771088 0,5420052
1,220703 0,6866454 0,5626678
1,220703 0,7311504 0,6039932
1,220703 0,7025401 0,5690256
1,017253 0,7216136 0,5928672
1,220703 0,7216136 0,58492
1,017253 0,7184347 0,5976355
1,017253 0,7311504 0,6055827
1,220703 0,7756553 0,6437297
1,220703 0,816981 0,6802873
1,220703 0,7947287 0,6532664
1,424154 0,8742011 0,7041289
1,220703 0,8360543 0,6914134
1,424154 0,8805589 0,7216131
1,424154 0,9187056 0,7486338
1,831055 0,9536735 0,7708861
1,424154 0,9346001 0,7565809
1,424154 0,9504948 0,7788336
1,627604 0,9886419 0,816981
1,831055 1,077653 0,8662547
1,627604 1,150767 0,9330122
1,831055 1,128515 0,9425495
2,237956 1,290639 1,033148
2,237956 1,31607 1,077652
2,034505 1,328786 1,098314
2,237956 1,443227 1,177786
2,848307 1,589458 1,279513
2,237956 1,579921 1,339914
2,644857 1,738867 1,420976
3,051758 1,913705 1,576741
3,051758 1,942316 1,614887
3,051758 2,171199 1,796087
3,66211 2,314249 1,929601
4,475912 2,479552 2,088547
4,06901 2,609889 2,171199
4,475912 2,984999 2,463659
4,272461 3,099442 2,593995
5,493164 3,442764 2,856254
5,086263 3,445942 2,972285
5,086263 3,725688 3,174146
5,696614 4,208882 3,496806
8,341471 4,412334 3,738403
6,713868 4,673006 3,922781
7,934569 5,079906 4,30425
7,934569 5,44548 4,666646
8,138019 5,890527 5,022685
10,17253 6,380082 5,337396
10,98633 7,079444 5,86351
12,41048 8,227031 6,779034
15,66569 8,910496 7,209779
20,34505 10,45545 8,462269
23,19336 12,61075 10,08034
21,76921 14,09213 11,549
25,83821 16,31419 13,32442
26,24511 17,93862 14,52287
27,26237 19,91272 16,50016
34,99347 22,43995 18,11822
34,38313 24,76374 20,13047
55,74548 25,70788 20,93315
41,30046 26,64566 21,8916
46,18329 28,09842 23,63841
66,3249 30,22511 24,82891
53,10062 32,33908 26,65996
64,29037 36,01709 29,4272
59,00067 36,94533 30,32843
64,90076 39,96213 32,86361
64,08693 42,35902 35,36541
68,35941 43,81815 35,88835
71,00428 45,8908 38,13742
69,98705 46,04657 38,77322
72,63187 47,6106 39,82068
69,17319 48,02069 41,75028
67,54562 47,90306 40,41832
67,74907 48,36401 41,85357
67,95247 48,59288 41,51344
66,52833 48,40852 41,90605
80,76993 51,87671 43,81498
75,88707 50,78634 43,15057
70,19048 49,60698 43,06795
70,39388 52,30905 44,36334
78,93886 54,14965 46,64581
80,36298 54,49297 46,59973
72,63187 54,93166 47,27524
80,363 53,86988 46,73641
85,6527 54,32767 47,06384
77,31129 56,93437 48,01911
80,56646 55,95844 48,04771
84,02515 56,82946 48,55634
81,38028 56,64827 49,0427
84,43195 56,01247 49,17622
82,19402 55,16689 48,31155
81,58367 57,04881 49,64351
71,8181 56,3876 49,05543
74,25948 52,94482 46,96686
77,10779 58,01204 50,70689
80,97335 54,5025 48,39103
84,02504 59,09921 51,80519
83,00784 57,60512 50,9437
80,76987 59,74771 51,39987
80,15961 60,74905 52,1326
79,54919 61,59784 53,25796
86,87341 62,83127 53,42485
