0,6103516 0,3973643 0,2972284
0,6103516 0,4355111 0,3258381
0,8138021 0,4609423 0,3306065
0,8138021 0,43869 0,3210699
0,8138021 0,4609423 0,3449115
0,8138021 0,4800158 0,3560377
1,017253 0,4577634 0,3465011
0,8138021 0,4768369 0,3703431
1,017253 0,4895525 0,3814693
0,8138021 0,4673001 0,3560378
0,6103516 0,4831946 0,3894168
1,017253 0,4990892 0,3767009
0,8138021 0,4959103 0,3941851
0,8138021 0,4927314 0,3973641
0,8138021 0,4990892 0,4069009
1,017253 0,4863736 0,3894167
0,8138021 0,505447 0,3989535
1,017253 0,5245207 0,4164377
1,017253 0,5118049 0,4053114
0,8138021 0,5499521 0,4323324
1,017253 0,559489 0,4355113
0,8138021 0,5308785 0,4212061
1,220703 0,5690258 0,4418692
1,220703 0,5626679 0,4529956
1,220703 0,6198886 0,4879638
1,017253 0,5944573 0,4736587
1,627604 0,607173 0,4863744
1,220703 0,635783 0,5102165
1,220703 0,6643932 0,5149848
1,220703 0,6453198 0,5070375
1,220703 0,7311504 0,5610786
1,220703 0,7438661 0,5865096
1,627604 0,7692975 0,6151195
2,237956 0,8710223 0,6882342
1,831055 0,940958 0,7343286
1,831055 1,039505 0,8185703
2,237956 1,153947 0,898044
2,644857 1,427332 1,068116
4,475912 1,64032 1,204808
7,934568 2,390543 1,681645
7,73112 2,873739 2,085368
41,70734 4,151662 2,886455
51,26955 5,83013 3,859203
49,84535 8,567171 5,59012
51,26953 14,04444 8,630754
62,2559 21,62933 13,50562
60,62829 29,21104 19,26104
64,29041 38,39811 26,83481
88,90788 47,75048 35,4894
72,83537 55,87262 43,70531
98,47003 63,06969 49,96778
101,1149 68,45796 56,82468
94,80796 70,93435 62,57059
98,26663 74,73314 65,08988
97,4528 75,05423 65,03902
155,0284 78,84982 69,836
98,26659 75,35304 66,68888
96,639 76,95201 67,76811
108,0322 79,34258 69,97906
105,7943 78,09008 70,15392
97,45277 77,37482 67,46294
99,28385 78,75766 69,6405
97,45276 78,23949 69,5658
105,1839 78,06147 69,39573
112,9148 80,45199 68,86801
100,3011 78,95155 69,31785
97,24927 80,02285 70,46384
99,69069 78,99608 71,06625
102,5389 81,59959 72,52377
100,3011 80,56962 71,39208
98,67352 81,30396 71,26814
