0,8138021 0,4196166 0,306765
0,6103516 0,4323322 0,3131227
0,8138021 0,4259744 0,3115333
0,8138021 0,4545845 0,3337854
0,6103516 0,4291532 0,3226593
0,8138021 0,4641213 0,3385537
0,8138021 0,4482267 0,3274277
0,6103516 0,4514056 0,3512695
0,8138021 0,4545845 0,3480905
0,8138021 0,4545845 0,3512695
1,017253 0,4704791 0,3671642
0,8138021 0,4673001 0,3655747
1,017253 0,4641213 0,3655747
1,017253 0,4736579 0,3798799
0,8138021 0,4545845 0,3735221
0,8138021 0,4736579 0,3830589
1,017253 0,5022681 0,3989535
0,8138021 0,505447 0,4053114
1,017253 0,5022681 0,3957746
0,8138021 0,4959103 0,3941851
1,220703 0,5118049 0,4180272
1,017253 0,5308785 0,4227956
1,017253 0,559489 0,4386903
1,017253 0,5531311 0,4386903
1,220703 0,5308785 0,4227956
1,017253 0,5372364 0,4291535
1,220703 0,5690258 0,457764
1,220703 0,6103519 0,4847849
1,017253 0,6262464 0,4847848
1,220703 0,6294253 0,5022691
1,424154 0,603994 0,4752481
1,017253 0,7025401 0,5356477
1,627604 0,6898245 0,52929
1,220703 0,7629397 0,5865098
1,627604 0,8010866 0,6310139
1,627604 0,9059901 0,7057183
2,034505 0,940958 0,7406863
2,237956 1,122158 0,8710231
4,272461 1,325606 0,9886423
5,086263 1,548131 1,182555
6,713866 1,761119 1,351039
5,086263 1,964569 1,5227
6,510417 2,168019 1,635551
6,713866 2,574921 1,908939
7,731118 3,064473 2,233188
9,358721 3,992716 2,81016
13,83464 5,563101 3,77973
14,44499 7,054012 4,857383
17,7002 8,624393 6,302197
25,22786 10,26789 7,662773
23,3968 11,7906 8,735659
24,82096 12,80467 9,978613
20,34506 13,81556 10,92911
54,93166 14,09213 11,03083
52,6937 15,51311 12,39141
44,75911 15,81828 12,1975
72,22504 19,39138 15,06488
59,61104 19,90954 14,56102
50,6592 22,54486 17,07077
56,15232 24,95448 17,54601
54,11785 27,68516 20,08914
56,35582 34,65652 25,68721
61,849 40,77275 31,71762
65,10422 44,32678 35,09521
69,17324 48,35766 37,72736
63,68008 49,34631 38,23759
72,83535 53,9303 45,25505
73,4457 56,83265 49,2239
77,10783 58,48886 50,5686
74,25954 58,92756 53,51703
84,43198 63,78495 56,52748
81,78716 64,91982 58,53178
78,53197 64,70367 57,32855
89,31477 66,29947 59,97977
84,43203 67,48206 61,80606
86,87344 68,87123 62,19867
91,34923 69,93616 63,31128
84,63547 68,22908 62,60873
89,51826 70,33353 63,75315
87,07679 70,23498 64,68935
88,50099 70,28905 64,90392
91,95963 70,84215 64,27451
103,1494 72,75269 66,68251
116,9837 73,61097 67,18956
