0,3051758 0,1120567 0,05602837
0,6103516 0,1263618 0,06318092
0,6103516 0,1144409 0,05722046
0,6103516 0,09059906 0,04529953
0,6103516 0,128746 0,06437302
0,6103516 0,09298325 0,04649162
0,6103516 0,10252 0,05125999
0,3051758 0,1192093 0,05960464
0,6103516 0,08106232 0,04053116
0,3051758 0,1096725 0,05483627
0,3051758 0,09536743 0,04768372
0,6103516 0,1263618 0,06318092
0,3051758 0,1311302 0,06556511
0,6103516 0,1192093 0,05960464
0,6103516 0,10252 0,05125999
0,3051758 0,1049042 0,05245209
0,3051758 0,1192093 0,05960464
0,6103516 0,10252 0,05125999
0,3051758 0,1144409 0,05722046
0,6103516 0,1096725 0,05483627
0,6103516 0,1192093 0,05960464
0,6103516 0,1311302 0,06556511
0,6103516 0,1239777 0,06198883
0,3051758 0,1001358 0,0500679
0,3051758 0,1096725 0,05483627
0,6103516 0,1239777 0,06198883
0,6103516 0,1049042 0,05245209
0,6103516 0,09298325 0,04649162
0,3051758 0,09298325 0,04649162
0,6103516 0,1382828 0,06914139
0,6103516 0,1430511 0,07152557
0,6103516 0,1001358 0,0500679
0,6103516 0,1215935 0,06079674
0,6103516 0,1192093 0,05960464
0,6103516 0,1311302 0,06556511
0,6103516 0,1454353 0,07271767
0,9155273 0,1454353 0,07271767
0,6103516 0,1502037 0,07510185
0,6103516 0,1358986 0,0679493
0,3051758 0,1358986 0,0679493
0,6103516 0,1382828 0,06914139
0,3051758 0,1168251 0,05841255
0,6103516 0,1382828 0,06914139
0,3051758 0,128746 0,06437302
0,6103516 0,1549721 0,07748604
0,3051758 0,09775162 0,04887581
0,6103516 0,1597404 0,07987022
0,6103516 0,1311302 0,06556511
0,6103516 0,1192093 0,05960464
0,6103516 0,1120567 0,05602837
0,3051758 0,128746 0,06437302
0,6103516 0,1454353 0,07271767
0,6103516 0,1549721 0,07748604
0,3051758 0,1478195 0,07390976
0,3051758 0,140667 0,07033348
0,6103516 0,1263618 0,06318092
0,6103516 0,128746 0,06437302
0,6103516 0,1311302 0,06556511
0,3051758 0,1263618 0,06318092
0,6103516 0,1597404 0,07987022
0,6103516 0,1597404 0,07987022
0,6103516 0,1454353 0,07271767
0,3051758 0,128746 0,06437302
0,6103516 0,1430511 0,07152557
0,3051758 0,1454353 0,07271767
0,6103516 0,1716614 0,08583069
0,6103516 0,1454353 0,07271767
0,6103516 0,1311302 0,06556511
0,6103516 0,1382828 0,06914139
0,6103516 0,140667 0,07033348
0,6103516 0,1502037 0,07510185
0,3051758 0,128746 0,06437302
0,6103516 0,1692772 0,0846386
0,6103516 0,1311302 0,06556511
0,6103516 0,1502037 0,07510185
0,6103516 0,1502037 0,07510185
0,6103516 0,1454353 0,07271767
0,6103516 0,1525879 0,07629395
0,6103516 0,1454353 0,07271767
0,6103516 0,140667 0,07033348
0,6103516 0,166893 0,0834465
0,6103516 0,128746 0,06437302
0,6103516 0,1788139 0,08940697
0,3051758 0,1430511 0,07152557
0,9155273 0,1764297 0,08821487
0,6103516 0,1740456 0,08702278
0,6103516 0,1597404 0,07987022
0,3051758 0,166893 0,0834465
0,6103516 0,1454353 0,07271767
0,6103516 0,1645088 0,08225441
0,6103516 0,1382828 0,06914139
0,6103516 0,1454353 0,07271767
0,6103516 0,1549721 0,07748604
0,3051758 0,1645088 0,08225441
0,6103516 0,1859665 0,09298325
0,6103516 0,1454353 0,07271767
0,6103516 0,1645088 0,08225441
0,6103516 0,1740456 0,08702278
0,6103516 0,1692772 0,0846386
0,6103516 0,1645088 0,08225441
0,6103516 0,1788139 0,08940697
0,6103516 0,193119 0,09655952
0,6103516 0,1239777 0,06198883
0,6103516 0,20504 0,10252
0,6103516 0,193119 0,09655952
0,6103516 0,1883507 0,09417534
0,6103516 0,1573563 0,07867813
0,6103516 0,1549721 0,07748604
0,6103516 0,1716614 0,08583069
0,6103516 0,1788139 0,08940697
0,6103516 0,193119 0,09655952
0,6103516 0,1788139 0,08940697
0,6103516 0,193119 0,09655952
0,6103516 0,1907349 0,09536743
0,6103516 0,2098083 0,1049042
0,6103516 0,1645088 0,08225441
0,6103516 0,2026558 0,1013279
0,6103516 0,2074242 0,1037121
0,6103516 0,2169609 0,1084805
0,6103516 0,2002716 0,1001358
0,3051758 0,20504 0,10252
0,6103516 0,2384186 0,1192093
0,6103516 0,2193451 0,1096725
0,6103516 0,243187 0,1215935
0,6103516 0,2169609 0,1084805
0,6103516 0,231266 0,115633
0,6103516 0,2241135 0,1120567
0,6103516 0,2217293 0,1108646
0,9155273 0,193119 0,09655952
0,6103516 0,2264977 0,1132488
0,6103516 0,2455711 0,1227856
0,6103516 0,2455711 0,1227856
0,6103516 0,2503395 0,1251698
0,6103516 0,2360344 0,1180172
0,6103516 0,2408028 0,1204014
0,6103516 0,20504 0,10252
0,6103516 0,2336502 0,1168251
0,6103516 0,2455711 0,1227856
0,6103516 0,2360344 0,1180172
0,9155273 0,2670288 0,1335144
0,6103516 0,2646446 0,1323223
0,6103516 0,2622604 0,1311302
0,6103516 0,2861023 0,1430511
0,6103516 0,2408028 0,1204014
0,6103516 0,295639 0,1478195
0,6103516 0,2384186 0,1192093
0,6103516 0,2741814 0,1370907
0,6103516 0,2455711 0,1227856
0,6103516 0,2884865 0,1442432
0,6103516 0,2932549 0,1466274
0,6103516 0,3099442 0,1549721
0,9155273 0,2622604 0,1311302
0,6103516 0,2908707 0,1454353
0,6103516 0,2598763 0,1299381
0,6103516 0,2741814 0,1370907
0,6103516 0,2980232 0,1490116
0,6103516 0,2980232 0,1490116
0,6103516 0,3266335 0,1633167
0,6103516 0,269413 0,1347065
0,6103516 0,3242493 0,1680851
0,6103516 0,3290176 0,1811981
0,6103516 0,3051758 0,1525879
0,9155273 0,3194809 0,1633167
0,6103516 0,3147125 0,166893
0,6103516 0,3290176 0,1835823
0,9155273 0,3242493 0,1645088
0,6103516 0,3194809 0,1823902
0,6103516 0,3218651 0,166893
0,6103516 0,333786 0,2014637
0,6103516 0,3147125 0,1740456
0,6103516 0,3266335 0,1943111
0,6103516 0,3242493 0,1776218
0,6103516 0,3290176 0,1871586
0,6103516 0,3218651 0,1823902
0,9155273 0,333786 0,2026558
0,6103516 0,3194809 0,1835823
0,6103516 0,3147125 0,1692772
0,6103516 0,3361702 0,1823902
0,6103516 0,3290176 0,1883507
0,9155273 0,3290176 0,2062321
0,6103516 0,3314018 0,193119
0,9155273 0,3266335 0,2002716
0,6103516 0,333786 0,1943111
0,6103516 0,3242493 0,1978874
0,6103516 0,3385544 0,2110004
0,6103516 0,3266335 0,2110004
0,6103516 0,3242493 0,1990795
0,9155273 0,3385544 0,1990795
0,9155273 0,3576279 0,2324581
0,9155273 0,3361702 0,2121925
0,6103516 0,3457069 0,2205372
0,6103516 0,3218651 0,218153
0,9155273 0,3385544 0,2193451
0,6103516 0,3433228 0,2288818
0,6103516 0,3385544 0,2217293
0,9155273 0,3504753 0,2348423
0,9155273 0,3528595 0,2193451
1,220703 0,3576279 0,2229214
0,6103516 0,333786 0,2276897
0,6103516 0,3457069 0,2205372
0,9155273 0,3409386 0,2276897
1,220703 0,3361702 0,231266
0,6103516 0,333786 0,2205372
0,6103516 0,3528595 0,2372265
0,6103516 0,3385544 0,2229214
0,9155273 0,3457069 0,2324581
0,6103516 0,3480911 0,2479553
1,220703 0,3385544 0,2324581
0,6103516 0,3457069 0,244379
0,6103516 0,3409386 0,2479553
0,9155273 0,3409386 0,2419949
0,6103516 0,3647804 0,2610683
0,6103516 0,3504753 0,2384186
0,9155273 0,3671646 0,2622604
0,6103516 0,3528595 0,2527237
0,9155273 0,3528595 0,2586842
0,9155273 0,3528595 0,2467632
0,9155273 0,3457069 0,2419949
0,9155273 0,3576279 0,2658367
0,9155273 0,3600121 0,2646446
0,9155273 0,371933 0,2729893
0,6103516 0,3504753 0,2622604
0,6103516 0,3504753 0,269413
0,9155273 0,3671646 0,2741814
0,9155273 0,3457069 0,2586842
0,6103516 0,3623962 0,2610683
0,6103516 0,3600121 0,2717972
0,9155273 0,3480911 0,2801418
0,6103516 0,3480911 0,2527237
0,9155273 0,3600121 0,2658367
0,6103516 0,3671646 0,2861023
0,9155273 0,3767014 0,2729893
0,9155273 0,371933 0,2944469
0,9155273 0,3671646 0,2861023
0,6103516 0,3671646 0,2872944
0,6103516 0,3695488 0,2801418
1,220703 0,398159 0,2920628
0,9155273 0,3767014 0,2896786
0,9155273 0,3767014 0,2753735
0,9155273 0,3743172 0,2801418
1,220703 0,3767014 0,2884865
0,6103516 0,371933 0,2884865
0,9155273 0,3623962 0,2801418
0,9155273 0,3862381 0,295639
0,9155273 0,3957748 0,3039837
0,9155273 0,371933 0,295639
0,9155273 0,3695488 0,2896786
0,9155273 0,3695488 0,295639
0,9155273 0,3838539 0,2861023
0,9155273 0,3838539 0,2896786
0,9155273 0,3933907 0,3004074
0,9155273 0,3933907 0,2992153
0,9155273 0,4005432 0,3147125
1,220703 0,4053116 0,30756
0,9155273 0,3838539 0,3135204
1,220703 0,4029274 0,3254414
1,220703 0,398159 0,3123283
0,9155273 0,4220009 0,3373623
1,220703 0,462532 0,3552437
0,9155273 0,4220009 0,3349781
0,6103516 0,3767014 0,3123283
1,220703 0,4172325 0,3349781
0,9155273 0,4291534 0,3445148
1,220703 0,4053116 0,3314018
0,9155273 0,4220009 0,3218651
0,9155273 0,4172325 0,3373623
0,9155273 0,4339218 0,346899
0,9155273 0,4076958 0,3302097
0,9155273 0,4410744 0,3492832
1,220703 0,462532 0,346899
0,9155273 0,4005432 0,3218651
0,6103516 0,398159 0,3290176
0,9155273 0,4076958 0,3325939
0,9155273 0,4196167 0,3421307
1,220703 0,4339218 0,3457069
1,220703 0,4458427 0,3564358
0,9155273 0,4148483 0,3397465
0,9155273 0,4673004 0,3707409
0,9155273 0,4339218 0,3445148
1,220703 0,4696846 0,3778934
0,9155273 0,474453 0,3767014
1,220703 0,4577637 0,3623962
0,9155273 0,4386902 0,35882
1,525879 0,462532 0,3671646
1,220703 0,4887581 0,3838539
0,9155273 0,4839897 0,3743172
1,220703 0,4696846 0,3790855
0,9155273 0,4816055 0,3778934
0,9155273 0,4649162 0,371933
0,9155273 0,4982948 0,3874302
0,9155273 0,5435944 0,4148483
1,220703 0,5102158 0,3993511
0,9155273 0,5173683 0,4065037
1,220703 0,4935265 0,3933907
1,220703 0,5173683 0,4029274
0,9155273 0,5173683 0,4041195
0,9155273 0,5292892 0,4076958
0,9155273 0,5221367 0,4076958
0,9155273 0,5698204 0,4303455
0,9155273 0,5626678 0,4303455
0,9155273 0,5507469 0,4148483
1,220703 0,5316734 0,41008
0,9155273 0,5078316 0,4017353
1,220703 0,5674362 0,4267693
0,9155273 0,5578995 0,4315376
0,9155273 0,5960464 0,4446507
0,9155273 0,6103516 0,4565716
0,9155273 0,6270409 0,46134
0,9155273 0,5793571 0,4410744
0,9155273 0,6127357 0,4529953
1,220703 0,6151199 0,4541874
1,220703 0,6437302 0,4684925
1,220703 0,5888939 0,4434586
1,525879 0,6604195 0,4792213
1,220703 0,679493 0,4971027
1,220703 0,6723404 0,4994869
1,220703 0,6651878 0,4982948
1,220703 0,6866455 0,5173683
1,220703 0,6699562 0,5173683
1,220703 0,6937981 0,5435944
1,220703 0,7033348 0,5435944
1,525879 0,7224083 0,5638599
1,525879 0,705719 0,5459785
1,525879 0,7534027 0,5829334
1,220703 0,7581711 0,5817413
1,525879 0,7557869 0,6020069
1,831055 0,7605553 0,5996227
1,525879 0,7867813 0,6306171
2,441406 0,8583069 0,6723404
2,441406 0,8797646 0,6711483
2,441406 0,9870529 0,756979
3,662109 1,232624 0,8881092
4,577637 1,606941 1,125336
5,187988 2,222061 1,512766
5,493164 2,920628 2,018213
5,79834 3,693104 2,882481
5,79834 4,050732 3,30925
6,408691 4,332066 3,573895
6,408691 4,374981 3,669262
6,408691 4,603863 3,900528
6,713867 4,749298 4,094839
7,324219 4,863739 4,123449
6,713867 5,156994 4,333258
7,324219 5,221367 4,422665
6,713867 5,311966 4,535913
7,93457 5,412102 4,639626
7,93457 5,521774 4,798174
7,629395 5,483627 4,776716
8,544922 5,640984 4,860163
7,93457 5,764961 4,994869
7,324219 5,645752 4,966259
8,850098 5,812645 5,005598
7,93457 5,917549 5,112886
7,629395 5,867481 5,18918
7,93457 5,955696 5,24044
8,239746 5,867481 5,20587
8,239746 6,00338 5,207062
7,93457 6,153584 5,345345
9,155273 6,201267 5,407333
8,239746 6,101131 5,375147
8,544922 6,351471 5,527735
7,629395 6,072521 5,357265
8,544922 6,406307 5,642176
8,850098 6,270409 5,539656
8,850098 6,458759 5,706549
8,850098 6,475449 5,664825
8,850098 6,341934 5,56469
8,544922 6,349087 5,544424
8,239746 6,432533 5,606413
8,239746 6,506443 5,700588
7,93457 6,480217 5,661249
9,155273 6,432533 5,713701
8,239746 6,430149 5,698204
10,0708 6,463528 5,730391
8,239746 6,49929 5,848408
9,155273 6,587505 5,834103
9,460449 6,551743 5,806684
8,544922 6,616116 5,881786
8,239746 6,546974 5,843639
8,544922 6,611347 5,884171
9,460449 6,630421 5,874634
9,460449 6,682873 5,856752
9,460449 6,916523 6,040335
8,544922 6,568432 5,834103
9,155273 6,811619 6,022453
9,155273 6,892681 6,102324
9,765625 6,737709 5,978346
8,850098 7,064342 6,222725
9,155273 6,928444 6,049871
9,155273 7,02858 6,247759
9,460449 7,092953 6,287098
9,460449 7,121563 6,293058
10,68115 7,324219 6,459951
10,0708 7,464886 6,56724
10,0708 7,605553 6,69837
10,37598 7,817745 6,849766
10,37598 7,965565 6,961823
10,98633 8,122921 7,224083
12,20703 8,38995 7,441044
10,68115 8,563995 7,462502
10,98633 8,487701 7,628202
11,2915 8,585453 7,674694
10,98633 8,687973 7,762909
10,98633 8,635521 7,766485
11,90186 8,797646 7,904768
10,68115 8,780956 7,731915
10,98633 8,676052 7,735491
12,20703 8,864403 7,914305
12,51221 9,028912 8,020401
12,51221 8,895397 7,971525
11,90186 8,87394 8,014441
11,90186 8,90255 7,901192
10,98633 9,024143 8,074045
12,20703 9,133816 8,018017
12,20703 9,410381 8,319616
12,51221 9,219646 8,255243
10,98633 9,117126 8,131266
11,90186 9,248257 8,295774
12,20703 9,272099 8,28743
11,90186 9,243488 8,25882
11,59668 9,367466 8,369684
11,2915 9,353161 8,484125
12,81738 9,558201 8,531809
12,20703 9,388924 8,454323
12,51221 9,467602 8,538961
13,12256 9,498596 8,537769
11,90186 9,474754 8,559227
12,20703 9,491444 8,559227
11,59668 9,462833 8,603334
12,20703 9,653568 8,70347
11,2915 9,446144 8,404255
11,59668 9,62019 8,615255
11,90186 9,522438 8,553267
13,42773 9,727478 8,782148
11,59668 9,698868 8,599758
11,2915 9,462833 8,598566
12,51221 9,82523 8,744001
12,51221 9,872913 8,957386
12,20703 9,698868 8,766651
12,20703 9,91106 8,915663
13,12256 10,10418 8,933544
11,59668 9,813309 8,718967
12,81738 10,05888 9,045601
13,73291 10,1018 9,127855
12,20703 10,15902 9,245872
12,20703 10,09226 9,06229
11,59668 10,08034 9,154081
12,81738 10,1757 9,254217
13,73291 10,37121 9,468794
12,51221 10,33783 9,387732
13,12256 10,45227 9,357929
13,12256 10,5238 9,560585
12,81738 10,36882 9,41515
13,42773 10,57148 9,427071
13,42773 10,7789 9,741783
13,12256 10,68115 9,657145
14,34326 10,75029 9,750128
13,12256 10,80036 9,850264
13,73291 10,70738 9,770393
14,03809 10,68592 9,690523
14,64844 10,72407 9,759665
13,12256 10,94818 9,891987
13,12256 10,66685 9,80258
14,03809 10,89096 9,868145
13,42773 10,9005 9,913445
13,73291 10,78367 9,794235
14,64844 11,12223 10,14829
13,42773 10,95295 9,95636
13,73291 11,12938 10,18763
13,73291 11,00779 10,01596
14,03809 11,19852 10,09583
13,73291 11,10077 10,13756
14,03809 11,19375 10,17332
13,73291 10,99825 10,04696
13,42773 11,16276 10,15902
13,42773 11,09838 10,07795
14,34326 11,15084 10,26154
14,64844 11,13892 10,12564
14,03809 11,19137 10,20074
13,73291 11,15322 10,16259
14,03809 11,24144 10,29849
14,64844 11,25574 10,26273
13,73291 11,2009 10,16617
13,73291 11,31773 10,32829
14,34326 11,36303 10,34975
13,73291 11,21283 10,20551
14,03809 11,31296 10,3116
13,42773 11,18422 10,20551
14,03809 11,31535 10,3116
14,34326 11,15322 10,27465
14,03809 11,05309 10,08987
14,03809 11,37495 10,34379
13,73291 11,47985 10,55121
14,03809 11,3678 10,45346
14,03809 11,55138 10,64658
14,03809 11,53708 10,57506
14,03809 11,42502 10,45346
14,03809 11,6396 10,70857
14,34326 11,42263 10,4177
14,03809 11,40356 10,40459
14,95361 11,76596 10,64658
14,34326 11,57522 10,5691
13,42773 11,4727 10,58459
14,64844 11,80172 10,80632
15,25879 11,75404 10,75029
14,34326 11,84702 10,81467
13,73291 11,74927 10,75506
15,86914 11,88278 10,96606
14,03809 11,69443 10,75387
15,56396 11,76357 10,67042
14,34326 11,93047 10,85758
14,34326 12,02583 10,9601
14,03809 12,02583 10,93149
15,56396 12,0163 10,87785
15,56396 12,06398 11,10911
13,73291 11,91378 10,98514
14,95361 11,98292 10,93626
14,64844 11,99722 10,90288
14,34326 12,07352 10,89096
15,56396 12,15458 11,10196
14,64844 12,14266 11,12223
14,64844 12,14981 11,09004
14,95361 12,28094 11,16037
14,64844 12,15458 11,22117
15,56396 12,42161 11,34276
14,34326 12,0616 11,15441
15,56396 12,35247 11,31654
14,64844 12,38585 11,35349
15,86914 12,42638 11,35588
14,95361 12,32386 11,34276
14,95361 12,55751 11,53708
14,95361 12,28094 11,36303
14,34326 12,28094 11,2772
16,17432 12,50505 11,39998
15,86914 12,2571 11,19375
14,95361 12,31432 11,30819
16,47949 12,60996 11,59072
15,25879 12,49313 11,3833
14,95361 12,41684 11,3976
15,25879 12,48837 11,39998
15,56396 12,44545 11,30462
14,95361 12,53605 11,52515
14,64844 12,55989 11,56926
14,64844 12,42161 11,44052
15,25879 12,37392 11,33561
15,56396 12,53128 11,50131
15,56396 12,49075 11,45005
14,95361 12,56466 11,44886
15,25879 12,62665 11,62767
16,17432 12,40492 11,2772
14,95361 12,40492 11,39522
15,86914 12,50267 11,46913
14,64844 12,26664 11,29389
15,25879 12,50029 11,48105
15,86914 12,52174 11,57165
15,86914 12,4979 11,56807
14,64844 12,44068 11,47747
16,78467 12,55989 11,46078
14,95361 12,4526 11,50966
15,25879 12,74586 11,64317
15,86914 12,59089 11,48462
16,78467 12,63142 11,51443
14,95361 12,47644 11,40118
14,95361 12,59565 11,62767
14,64844 12,70771 11,57284
16,78467 12,69102 11,6539
15,25879 12,3167 11,27481
14,95361 12,54082 11,52635
14,34326 12,50982 11,53946
15,86914 12,54559 11,48701
15,25879 12,47644 11,36541
15,86914 12,40969 11,34753
15,56396 12,57658 11,65628
15,56396 12,75063 11,71947
14,64844 12,50505 11,50608
14,64844 12,61473 11,61575
15,56396 12,70294 11,60622
15,56396 12,52174 11,56211
15,86914 12,75301 11,70635
16,78467 12,67195 11,68966
14,64844 12,56227 11,55853
14,95361 12,58135 11,61218
15,25879 12,85315 11,7898
15,56396 12,85553 11,74927
15,25879 12,91513 11,8959
15,56396 12,50267 11,5025
14,95361 12,60757 11,53946
15,25879 12,60996 11,57284
16,17432 12,35008 11,46197
14,64844 12,67195 11,67178
14,03809 12,41207 11,45363
16,17432 12,83646 11,76
14,95361 12,70056 11,69324
15,25879 12,66241 11,55972
15,25879 12,68387 11,68609
16,17432 12,74109 11,77788
14,64844 12,45975 11,4131
15,25879 12,66003 11,56092
15,25879 12,7387 11,69205
16,47949 12,84361 11,77669
14,95361 12,69579 11,62291
15,86914 12,78639 11,6396
15,56396 12,83646 11,83152
15,56396 12,77924 11,73973
15,56396 12,74347 11,6694
15,25879 12,66956 11,75046
14,64844 12,69579 11,52635
14,64844 12,55512 11,59668
15,56396 12,7697 11,77192
15,86914 12,71009 11,80768
15,56396 12,85076 11,85417
16,17432 12,90798 11,86371
14,95361 12,87222 11,76
14,64844 12,80785 11,85536
16,78467 12,79593 11,75523
15,56396 12,79593 11,74212
15,86914 12,89606 11,87921
15,25879 12,91513 11,92093
15,25879 12,72202 11,73258
14,64844 12,69102 11,73735
15,25879 12,55989 11,61695
16,17432 12,74347 11,65628
15,86914 12,71248 11,64556
15,86914 12,75063 11,76596
15,25879 12,77208 11,80291
15,86914 12,65764 11,57761
14,95361 12,64334 11,64079
17,39502 12,8293 11,79695
16,17432 12,67672 11,71947
15,86914 12,72202 11,7445
17,08984 12,90083 11,76834
15,56396 12,77924 11,77669
16,47949 12,89606 11,82079
16,17432 12,83884 11,77669
15,86914 12,95805 11,95908
16,17432 12,8603 11,83271
15,56396 12,73632 11,79576
16,17432 12,69102 11,66344
16,17432 12,89606 11,84344
15,56396 12,85791 11,79218
15,86914 12,99143 11,95073
15,86914 12,85791 11,73973
15,25879 12,87937 11,87205
15,86914 12,91037 11,80291
14,95361 12,77685 11,68132
15,25879 12,71963 11,66224
15,56396 12,85076 11,84344
15,56396 12,85791 11,86371
16,17432 12,98904 11,97577
14,95361 12,97951 11,94835
15,25879 12,86745 11,83748
15,56396 12,8603 11,78741
15,25879 12,82692 11,84225
15,56396 12,94374 11,96146
15,25879 12,88414 11,81245
16,17432 13,03434 11,93881
15,86914 12,84122 11,72066
15,25879 12,85315 11,88874
15,25879 13,06057 11,9698
15,25879 12,93421 11,93285
15,56396 13,02481 12,04252
16,47949 13,05819 12,12597
15,56396 12,92467 11,9102
15,86914 12,90321 11,76476
15,86914 13,06057 12,02226
15,86914 13,20601 12,151
16,17432 13,13448 12,12001
16,47949 13,12256 12,07471
15,86914 12,95805 11,85656
15,56396 12,87699 11,86728
15,56396 13,07249 12,11643
15,86914 12,97474 12,06398
15,56396 12,89368 11,8804
18,61572 13,03196 12,04848
15,25879 12,88891 11,88755
16,17432 13,04388 11,99603
15,56396 13,03911 12,08305
16,47949 13,02004 12,02106
15,56396 13,12256 11,97696
15,56396 13,05342 12,0759
15,25879 12,99143 11,99245
15,56396 13,05819 12,0914
16,17432 13,12256 12,15577
15,86914 13,00812 12,00318
16,47949 12,98428 12,01034
17,7002 13,07011 12,0759
17,08984 12,98666 11,88278
15,86914 13,30137 12,27021
15,25879 13,1917 12,1665
16,47949 13,03196 12,10332
15,25879 13,07964 11,91735
16,17432 13,237 12,13789
15,25879 13,00097 11,86728
16,47949 13,26323 12,11047
20,1416 13,13448 11,97577
15,56396 13,11064 12,04848
16,17432 13,07487 12,14623
16,47949 13,07726 11,88278
15,56396 13,11779 12,05206
15,56396 13,09872 12,21895
15,86914 13,22269 12,16769
15,86914 13,237 12,18438
15,56396 13,15117 12,21776
15,86914 13,09872 12,07471
15,56396 13,22985 12,12716
17,7002 13,22508 12,10213
16,17432 12,99858 12,04371
14,95361 13,26084 12,14147
16,47949 13,37528 12,27021
16,78467 13,26561 12,29286
17,39502 13,38005 12,34055
16,47949 13,24892 12,14266
15,56396 13,1917 12,17365
16,17432 13,1011 12,04252
15,56396 13,12017 12,04014
15,56396 13,22269 12,14504
15,56396 13,15832 12,19034
15,56396 13,12494 12,09378
15,25879 13,15594 12,0914
15,56396 13,20601 12,00557
15,86914 13,14163 12,06279
15,56396 13,21793 12,12478
16,47949 13,39197 12,2273
15,56396 13,34667 12,24756
14,95361 13,30853 12,35247
16,47949 13,4182 12,32624
15,25879 13,07249 12,02941
16,17432 13,07011 12,19392
15,25879 13,23938 12,25471
16,47949 13,22031 12,1665
16,78467 13,35382 12,31909
15,25879 13,17263 12,08782
16,17432 13,27515 12,16292
15,56396 13,1011 12,10332
15,25879 13,05819 12,07113
15,56396 13,1917 12,20942
16,78467 13,26084 12,00557
16,17432 13,3872 12,38465
16,17432 13,12494 12,09855
15,56396 13,45873 12,27379
16,17432 13,37767 12,28929
15,86914 13,40151 12,33935
16,78467 13,20362 12,26068
16,47949 13,40389 12,38465
17,39502 13,38959 12,22849
18,00537 13,35859 12,25591
15,86914 13,3729 12,29167
15,86914 13,24415 12,23564
15,86914 13,18693 12,21776
14,95361 13,20839 12,17246
15,25879 13,22269 12,31909
16,17432 13,12494 12,07352
16,47949 13,30853 12,28809
15,86914 13,27991 12,27856
17,08984 13,49211 12,37035
16,47949 13,21793 12,17842
16,47949 13,14402 12,08544
15,25879 13,36098 12,45975
15,86914 13,24654 12,17008
16,17432 13,07726 12,13312
15,56396 13,09156 12,01868
15,56396 13,07249 12,0759
15,56396 13,1321 12,19392
16,17432 13,21554 12,09855
16,17432 13,39912 12,26544
16,47949 13,21077 12,22491
15,56396 13,13925 12,08544
16,78467 13,32045 12,15816
16,17432 13,28945 12,32028
15,56396 13,16309 12,08186
16,17432 13,35859 12,28809
16,17432 13,17024 12,23087
15,56396 13,26323 12,24279
16,47949 13,24177 12,17961
16,47949 13,39912 12,24756
16,78467 13,35621 12,27617
15,56396 13,23462 12,11762
16,47949 13,24892 12,15458
15,86914 13,24415 12,10213
16,17432 13,07011 11,98411
16,17432 13,17978 12,05564
17,08984 13,08441 12,13789
15,56396 13,38482 12,1963
16,47949 13,16547 12,10093
16,17432 13,17501 12,19392
15,25879 13,34906 12,18796
17,39502 13,39436 12,22253
16,17432 13,25607 12,23445
15,86914 13,1464 12,12239
16,47949 13,37051 12,32505
17,39502 13,28707 12,23445
15,56396 13,16071 12,18677
16,17432 13,28945 12,17604
16,17432 13,50164 12,47287
15,86914 13,20601 12,14385
17,7002 13,57555 12,51101
16,17432 13,58986 12,50386
19,22607 13,32521 12,33697
15,56396 13,31568 12,36439
16,47949 13,41343 12,33101
16,17432 13,47542 12,39896
16,78467 13,27038 12,24756
16,17432 13,35144 12,27379
16,17432 13,42058 12,3632
16,78467 13,36098 12,32982
16,47949 13,40151 12,41922
16,17432 13,48495 12,37154
17,08984 13,36098 12,38585
15,86914 13,36575 12,30121
15,25879 13,44442 12,37512
17,39502 13,64946 12,41326
15,56396 13,58509 12,52174
17,39502 13,41343 12,3167
15,86914 13,33952 12,33578
15,25879 13,22031 12,32266
17,39502 13,55171 12,4526
17,39502 13,55171 12,51459
15,86914 13,53502 12,60042
16,17432 13,57555 12,47406
16,78467 13,49211 12,35843
16,17432 13,48734 12,45856
15,86914 13,5541 12,48002
15,86914 13,14878 12,24756
15,86914 13,52549 12,4383
16,17432 13,47065 12,50267
15,86914 13,43012 12,35723
17,7002 13,33237 12,27736
17,08984 13,58986 12,46214
17,08984 13,41105 12,34055
16,17432 13,48019 12,50267
17,08984 13,49688 12,44903
15,56396 13,53741 12,48956
16,47949 13,50164 12,45737
17,08984 13,54933 12,44783
15,56396 13,47065 12,4228
18,00537 13,68523 12,51698
16,17432 13,53502 12,57539
16,78467 13,68523 12,51459
16,47949 13,76629 12,73274
17,08984 13,75675 12,72321
15,86914 13,62085 12,53843
16,17432 13,65423 12,57181
17,08984 13,77344 12,61353
16,47949 13,76867 12,604
16,17432 13,77821 12,7387
17,08984 13,60893 12,604
16,47949 13,63754 12,50505
16,78467 13,76629 12,7089
16,17432 13,7496 12,65883
16,17432 13,67807 12,72082
16,47949 13,79013 12,59804
16,47949 13,74006 12,56704
17,39502 13,89742 12,78281
16,47949 13,87119 12,72202
15,56396 13,85689 12,84719
16,47949 13,79013 12,64691
16,78467 13,75437 12,79473
17,39502 13,96894 12,80427
17,08984 13,81159 12,72559
16,78467 13,9761 12,86268
16,17432 13,7043 12,60042
15,25879 13,60178 12,68387
16,78467 13,84258 12,573
17,7002 13,86166 12,76493
16,47949 13,74722 12,72321
16,47949 13,91172 12,71486
17,7002 14,00471 12,87937
16,78467 14,07623 13,03434
17,08984 13,88073 12,82811
18,00537 13,91172 12,84122
15,86914 13,68523 12,65168
15,86914 13,72576 12,64572
17,7002 13,84974 12,79354
16,17432 13,64708 12,65168
16,17432 13,96894 12,86149
16,47949 13,79967 12,69817
17,39502 13,81159 12,75897
16,17432 13,65185 12,60042
16,47949 13,8402 12,83765
17,08984 13,8092 12,7399
17,39502 14,081 12,96043
17,08984 13,87835 12,89248
17,39502 13,89265 12,70294
17,7002 13,88311 12,71486
18,31055 14,15968 13,09633
17,39502 13,87119 12,83169
16,47949 13,7639 12,68864
16,47949 13,88311 12,92586
16,78467 13,95464 12,85076
16,78467 13,9451 12,83765
17,08984 13,89265 12,81977
17,7002 14,01901 12,98785
17,39502 13,98325 12,92586
16,47949 13,99994 13,00812
17,08984 13,88311 12,87937
16,17432 13,88073 12,8293
17,08984 13,79013 12,82096
16,47949 13,97133 12,86507
17,08984 13,99755 13,03196
16,78467 13,82828 12,82215
16,47949 13,78298 12,69102
16,78467 14,00232 12,95328
17,08984 13,90219 12,68506
17,08984 13,82351 12,71844
17,08984 14,01186 12,99381
16,47949 13,91411 12,87103
17,08984 14,00948 12,99739
16,47949 14,02378 12,86983
16,47949 13,97371 12,9056
16,47949 13,79251 12,8758
16,47949 13,98325 12,84957
17,08984 13,93318 12,82811
17,08984 13,86642 12,85315
16,78467 13,90457 12,82573
16,17432 13,8402 12,71367
16,17432 13,70668 12,67433
16,17432 13,83781 12,85672
16,17432 13,98802 13,01646
15,56396 13,70668 12,66122
17,7002 13,8855 12,79235
16,78467 13,79728 12,81261
16,17432 13,89503 12,92348
17,39502 13,98325 12,94017
16,47949 13,82113 12,77924
16,47949 13,85927 12,79593
16,78467 13,88788 12,81738
16,17432 14,03332 12,93421
16,17432 13,96656 12,89487
16,47949 13,75675 12,73274
16,47949 13,99279 13,0105
17,08984 13,99279 12,8901
17,08984 14,11438 13,09395
16,47949 13,83543 12,71009
16,78467 13,9308 12,98189
16,47949 13,97133 12,9354
17,39502 14,05954 12,95328
16,17432 13,94033 12,84719
18,9209 13,98563 12,84838
17,39502 14,09769 13,00931
16,78467 14,07623 13,00335
16,78467 14,09769 12,98547
16,78467 13,93795 12,91275
16,47949 13,78536 12,66837
16,78467 14,00232 12,91871
16,47949 14,00709 12,99024
18,00537 14,0667 12,94136
15,86914 14,11915 13,15355
16,78467 14,20021 13,11421
16,17432 13,95702 12,95209
17,08984 13,8545 12,80069
16,78467 13,94272 12,92825
16,17432 13,99755 12,89368
17,39502 14,01663 12,94613
17,08984 13,94987 12,98308
16,78467 13,96656 12,92586
17,39502 13,81874 12,72798
16,78467 14,11438 13,08322
18,31055 14,10723 12,97355
16,78467 13,9308 12,9509
17,39502 14,17398 13,09633
16,47949 13,95702 12,93063
16,78467 13,94987 12,9354
17,7002 14,112 13,00335
17,7002 14,09769 12,92706
16,17432 13,89027 12,96759
16,78467 14,04047 12,94017
17,08984 13,93557 13,01527
16,78467 13,93557 12,87937
16,78467 14,02855 12,89606
16,47949 14,06193 13,05819
16,78467 13,97133 12,82454
17,08984 14,01424 13,08799
16,17432 13,89742 12,92229
16,78467 14,01424 12,98308
16,78467 14,05001 12,93182
17,08984 13,98325 12,86387
16,17432 13,91649 12,83526
18,61572 14,15253 13,12733
17,08984 13,94749 12,84361
17,7002 14,03093 12,94851
15,86914 13,97371 13,00812
17,39502 13,98802 12,97712
16,47949 14,01424 12,84122
17,39502 14,1263 13,11541
16,47949 13,97848 13,00216
16,17432 13,96418 12,99024
18,00537 14,13107 13,12375
16,47949 14,0214 12,91275
16,78467 14,12392 13,03434
17,7002 14,10246 13,05342
17,7002 14,13822 12,97712
16,78467 14,112 13,09514
17,08984 14,08339 12,99858
17,7002 13,99755 13,04865
16,78467 13,94272 12,7542
17,7002 14,00232 12,95805
16,78467 14,07862 13,13448
16,78467 14,19306 13,1464
16,17432 14,10723 12,9962
16,47949 14,00709 12,97712
16,78467 14,12868 13,07487
16,47949 14,15253 12,97474
16,47949 14,19783 13,16309
16,17432 13,62562 12,68983
16,78467 14,06908 13,08441
17,7002 14,13345 13,11064
16,47949 14,11915 13,0713
15,86914 13,96418 12,96043
17,08984 14,07146 12,91037
17,08984 14,29796 13,22865
17,7002 14,11438 13,13806
17,39502 13,9761 12,98904
16,17432 13,86642 12,85434
16,78467 14,20975 13,1309
16,17432 14,03332 12,95924
17,08984 14,09769 13,05938
16,47949 14,09531 13,03911
16,78467 13,97133 12,88414
17,7002 14,13822 13,03554
17,08984 13,97848 12,97116
17,39502 14,22405 13,05342
16,47949 14,10484 13,17739
15,86914 14,00709 12,99143
16,78467 14,07146 12,99739
17,7002 13,89742 12,81619
17,08984 14,3075 13,26561
16,78467 14,03809 13,02958
17,08984 14,15491 13,05461
18,00537 14,1573 13,21197
16,78467 14,17875 13,08441
15,86914 13,80682 12,94017
16,47949 14,16922 13,0856
16,47949 14,1263 13,02719
16,17432 14,07146 13,0403
16,47949 13,98325 12,99262
17,08984 14,05478 12,91275
18,31055 13,96179 12,91156
18,31055 14,05954 13,02004
16,47949 14,24074 13,07845
17,7002 14,09292 12,99739
17,08984 14,11438 13,01408
16,17432 14,21928 13,1619
16,78467 14,05478 13,01169
17,7002 14,28127 13,17143
16,17432 14,09054 13,04269
17,7002 14,1263 12,95924
17,08984 14,1263 13,11183
15,86914 14,09769 13,12256
18,61572 14,25266 13,16547
17,7002 14,13345 13,13448
17,08984 14,18114 13,06653
17,08984 14,17875 13,22031
16,78467 14,03332 13,06534
17,08984 14,3528 13,30853
16,78467 14,10484 13,06534
17,39502 14,2765 13,14044
16,17432 13,95941 13,05699
17,7002 14,14299 12,99143
16,78467 14,09769 13,04746
16,78467 13,98802 12,92109
16,17432 14,14776 13,03434
16,47949 14,12868 13,10945
18,00537 14,06908 12,9962
16,78467 14,08815 13,00454
18,61572 14,06193 12,99024
17,08984 14,10484 13,11898
17,08984 14,10723 13,04626
16,78467 14,20736 13,1011
16,47949 14,07862 12,99024
17,08984 14,30035 13,20839
16,47949 14,05478 12,88533
16,78467 14,19067 13,06891
18,9209 14,03093 13,03792
18,00537 14,11915 13,11064
16,17432 14,15491 13,10468
17,08984 14,24551 13,22865
17,08984 14,0357 12,98904
17,08984 14,1573 13,0856
16,47949 14,1573 13,01885
17,39502 14,36472 13,19289
16,47949 14,15014 13,15951
16,78467 14,15014 13,12733
17,08984 14,02378 13,0415
16,78467 14,15014 13,10706
16,47949 14,08577 13,10825
17,08984 14,23359 13,22746
17,7002 14,10961 13,05342
16,78467 14,05001 12,99024
17,08984 14,17637 13,1011
17,39502 14,10007 12,91037
16,47949 14,05716 13,07607
16,47949 14,01424 12,96401
17,7002 14,10484 12,91752
16,78467 14,14299 13,17501
18,00537 14,30511 13,18097
16,17432 14,17398 13,20004
16,78467 14,13345 13,15594
17,39502 14,26458 13,15832
17,08984 13,89265 12,83526
17,39502 14,20736 13,04269
17,7002 14,40287 13,24296
16,47949 14,21213 13,03554
17,7002 14,33134 13,32521
17,7002 14,3075 13,20601
17,39502 14,09054 13,14521
17,7002 14,27412 13,12017
16,47949 14,18829 13,24177
17,7002 14,08577 13,01885
16,17432 14,18114 13,2525
17,08984 14,45293 13,2668
16,47949 14,22167 13,07368
17,08984 14,27174 13,2513
17,08984 14,39095 13,35263
17,39502 14,13584 13,1321
16,47949 14,13584 13,01885
16,47949 14,24074 13,18336
17,39502 14,43863 13,36336
17,39502 14,28843 13,237
17,7002 14,27174 13,26323
16,47949 14,20736 13,21554
17,39502 14,21928 13,17501
17,08984 14,3528 13,31568
17,08984 14,49108 13,39197
18,31055 14,28843 13,23342
16,78467 14,08577 12,98666
17,39502 14,04047 13,12017
16,47949 14,29319 13,26561
16,17432 13,8402 12,85791
16,47949 14,22644 13,1464
17,39502 14,29796 13,15832
16,47949 14,2312 13,22389
16,47949 14,10961 13,14402
17,08984 14,18352 13,04388
17,39502 14,2169 13,1011
17,39502 14,42432 13,41939
16,47949 14,20021 13,21435
18,00537 14,21928 13,24892
17,39502 14,28843 13,23819
17,39502 14,3671 13,16905
19,22607 14,23597 13,1762
17,7002 14,4577 13,3872
17,08984 14,31227 13,23223
16,17432 14,20498 13,01885
18,31055 14,30988 13,27991
17,08984 14,25266 13,25369
16,78467 14,22644 13,22031
17,39502 14,28843 13,23819
16,78467 14,22882 13,25488
16,78467 14,4124 13,21554
17,08984 14,11676 13,10229
16,78467 14,15968 12,99381
16,47949 14,36472 13,3431
16,78467 14,29558 13,33475
16,17432 14,1716 13,20362
16,78467 14,33611 13,2966
17,08984 14,19544 13,17859
18,61572 14,31465 13,2978
17,08984 14,15014 13,10587
17,08984 14,36472 13,24296
17,08984 14,2622 13,24773
17,39502 14,20498 13,07607
16,47949 14,40525 13,30137
17,39502 14,31704 13,16071
16,78467 14,21928 13,2215
16,47949 14,26935 13,32164
17,39502 14,2765 13,16786
17,39502 14,15968 12,96639
17,39502 14,18591 13,20601
17,39502 14,29319 13,23342
16,47949 14,29319 13,12613
17,39502 14,2622 13,19408
17,39502 14,07146 13,18336
17,08984 14,11915 13,237
16,47949 14,08339 13,0415
18,31055 14,22405 13,27276
18,00537 14,25743 13,20958
17,39502 14,26935 13,21197
16,78467 14,46247 13,40628
17,39502 14,37664 13,36455
17,39502 14,35995 13,32402
17,08984 14,33849 13,27157
16,47949 14,15253 13,0558
17,08984 14,34565 13,31568
17,39502 14,42671 13,16428
17,08984 14,39571 13,2513
17,7002 14,33134 13,3419
17,08984 14,37902 13,13925
17,39502 14,39333 13,37647
17,39502 14,21928 13,29303
17,7002 14,40763 13,27515
17,39502 14,39333 13,3419
17,39502 14,16206 13,21673
16,78467 14,3981 13,2978
17,39502 14,31465 13,2513
17,08984 14,4124 13,3574
18,31055 14,17637 13,16547
17,7002 14,25982 13,20243
16,47949 14,11438 13,19647
17,08984 14,36234 13,32045
17,08984 14,35041 13,30614
17,7002 14,33134 13,27276
16,17432 14,4124 13,23938
17,08984 14,16683 13,0713
17,39502 14,41956 13,33475
16,78467 14,39095 13,37409
16,17432 14,12868 13,15594
16,17432 14,3528 13,25965
16,78467 14,20975 13,10349
19,22607 14,40287 13,31925
18,31055 14,43863 13,2525
16,47949 14,1573 13,06295
16,78467 14,27889 13,22746
16,47949 14,27174 13,22031
17,39502 14,2765 13,26561
16,78467 14,13584 13,16786
17,39502 14,14537 13,0105
18,31055 14,43863 13,46231
18,00537 14,33849 13,23938
18,31055 14,3528 13,14759
17,08984 14,33611 13,237
16,78467 14,32896 13,21316
17,39502 14,28604 13,17978
17,08984 14,29558 13,36932
16,47949 14,32896 13,27634
16,78467 14,36472 13,30137
16,78467 14,19783 13,17024
16,17432 14,47439 13,32164
18,00537 14,36472 13,37051
16,78467 14,34803 13,33117
16,78467 14,32419 13,30614
17,08984 14,42909 13,40508
17,08984 14,46247 13,35144
16,47949 14,2622 13,27872
16,47949 14,38141 13,18693
17,08984 14,33849 13,16071
16,78467 14,35995 13,20004
17,39502 14,24789 13,21793
16,47949 14,44817 13,38959
17,08984 14,37902 13,31687
16,47949 14,46009 13,4933
17,08984 14,09054 13,04984
17,08984 14,22167 13,27276
17,08984 14,34326 13,24773
16,17432 14,2169 13,33356
17,39502 14,35995 13,23104
16,78467 14,44101 13,44085
16,78467 14,31227 13,30376
18,00537 14,41717 13,2978
17,08984 14,30035 13,32402
16,17432 14,20021 13,24773
17,08984 14,40048 13,28468
17,39502 14,34326 13,19528
18,9209 14,42909 13,26561
16,47949 14,4577 13,43012
18,00537 14,35995 13,4325
17,7002 14,58883 13,43012
17,7002 14,49108 13,3872
18,00537 14,44578 13,40628
17,7002 14,30035 13,27276
18,31055 14,53876 13,46469
17,39502 14,37426 13,3884
17,39502 14,39333 13,35025
17,39502 14,31704 13,22269
16,47949 14,43863 13,43608
17,08984 14,21452 13,23938
17,08984 14,37664 13,39197
16,78467 14,49823 13,42297
17,08984 14,29319 13,31329
17,08984 14,45293 13,46946
17,08984 14,26458 13,21554
16,78467 14,46009 13,32045
17,08984 14,34088 13,32521
16,78467 14,39571 13,32641
17,08984 14,47678 13,38124
17,7002 14,42671 13,38363
17,39502 14,30273 13,41939
18,00537 14,45055 13,38601
17,08984 14,41717 13,45277
16,78467 14,34803 13,35621
17,08984 14,43386 13,3884
16,78467 14,43863 13,45038
16,78467 14,4434 13,44442
16,78467 14,43624 13,30376
18,00537 14,52208 13,54694
18,00537 14,60075 13,53264
17,08984 14,42194 13,35025
16,78467 14,40763 13,33594
18,00537 14,34088 13,17978
16,47949 14,41956 13,27872
17,08984 14,47201 13,48138
17,39502 14,40287 13,33594
16,78467 14,36234 13,36932
17,39502 14,35995 13,23581
17,08984 14,37426 13,30256
16,78467 14,38379 13,35979
18,00537 14,44817 13,38363
16,78467 14,50539 13,40508
18,00537 14,64128 13,58151
17,39502 14,56976 13,52668
18,00537 14,44817 13,27157
17,08984 14,20736 13,2072
18,9209 14,22167 13,19647
18,31055 14,46247 13,27395
17,7002 14,55069 13,56363
16,17432 14,32419 13,28588
16,78467 14,40048 13,23938
17,39502 14,62936 13,55648
16,47949 14,32657 13,31091
16,78467 14,38856 13,44204
16,17432 14,31704 13,35263
17,08984 14,46009 13,26084
17,08984 14,28843 13,02242
17,7002 14,36472 13,18932
16,47949 14,43624 13,40985
17,39502 14,38618 13,42297
16,47949 14,40525 13,29064
16,17432 14,33134 13,3121
16,47949 14,39571 13,23938
17,08984 14,43148 13,45396
17,08984 14,50539 13,46707
17,39502 14,37902 13,18932
17,39502 14,43624 13,51237
16,47949 14,38379 13,18932
17,7002 14,46724 13,33833
16,78467 14,30511 12,9962
17,08984 14,42432 13,39912
17,39502 14,24313 13,2668
16,78467 14,42194 13,35621
17,7002 14,48631 13,39316
16,78467 14,34326 13,34906
17,08984 14,44817 13,33475
16,78467 14,25743 13,1464
17,39502 14,38379 13,39197
17,08984 14,52208 13,46707
17,08984 14,37426 13,45873
16,47949 14,39333 13,43966
17,39502 14,39333 13,33714
17,7002 14,33849 13,3121
16,78467 14,22405 13,26919
17,39502 14,44817 13,32164
18,31055 14,38379 13,25727
18,00537 14,51969 13,45992
18,9209 14,37664 13,27991
17,7002 14,41479 13,44204
16,78467 14,35995 13,45634
16,47949 14,48631 13,39316
18,31055 14,22882 13,2215
17,7002 14,47916 13,41581
16,78467 14,3218 13,25965
17,08984 14,38618 13,45634
17,39502 14,39095 13,23223
16,78467 14,46009 13,36455
17,7002 14,534 13,52787
16,78467 14,25028 13,31925
17,39502 14,43863 13,45158
17,7002 14,31227 13,31091
17,39502 14,32896 13,27157
16,47949 14,45055 13,47423
17,08984 14,50539 13,35859
17,08984 14,53161 13,4325
17,08984 14,4887 13,44442
17,39502 14,48631 13,48019
17,7002 14,57453 13,51118
18,00537 14,49347 13,39912
18,00537 14,59122 13,50284
17,7002 14,61029 13,49807
16,78467 14,38618 13,32283
16,17432 14,44578 13,40628
17,7002 14,56022 13,45158
18,61572 14,37426 13,38363
17,7002 14,52684 13,45158
17,39502 14,38141 13,42535
17,08984 14,47439 13,51237
16,78467 14,36472 13,34667
17,7002 14,53876 13,55886
18,00537 14,55784 13,42535
17,39502 14,62221 13,60178
16,78467 14,31227 13,40151
16,78467 14,37187 13,32879
18,61572 14,47201 13,26442
18,00537 14,57453 13,41224
18,31055 14,50539 13,46111
16,78467 14,29558 13,28945
18,00537 14,3671 13,27276
16,47949 14,50777 13,4027
17,7002 14,35518 13,31568
17,08984 14,65082 13,62443
17,08984 14,41956 13,44204
17,39502 14,43863 13,42773
16,78467 14,36234 13,17978
16,47949 14,31465 13,23342
16,78467 14,46486 13,5088
17,08984 14,5793 13,54218
18,00537 14,42671 13,34906
17,08984 14,38379 13,39793
16,47949 14,38379 13,25727
17,08984 14,42432 13,37767
17,08984 14,40763 13,42058
18,61572 14,43386 13,28945
17,08984 14,45055 13,34548
17,08984 14,534 13,44085
17,7002 14,45532 13,3276
17,39502 14,56976 13,42297
18,00537 14,46486 13,54098
17,7002 14,42671 13,42416
17,08984 14,32419 13,23342
17,08984 14,60791 13,53979
18,31055 14,51731 13,48376
17,7002 14,3671 13,36217
17,08984 14,41956 13,44562
17,08984 14,4434 13,36813
18,00537 14,56261 13,54933
17,08984 14,45532 13,41343
17,7002 14,54115 13,4325
19,22607 14,32419 13,24058
17,08984 14,44101 13,37647
18,00537 14,59122 13,4933
16,78467 14,46247 13,34786
17,39502 14,36472 13,38482
18,00537 14,49823 13,44919
17,7002 14,503 13,52072
17,39502 14,43624 13,42058
17,08984 14,36949 13,21673
18,61572 14,46486 13,36455
16,17432 14,34803 13,24296
17,39502 14,52923 13,37409
17,39502 14,43624 13,36336
17,39502 14,33372 13,34786
18,61572 14,61029 13,35025
17,08984 14,50777 13,448
17,7002 14,37426 13,32164
17,08984 14,46724 13,44085
16,78467 14,49347 13,30972
17,08984 14,46486 13,36217
16,17432 14,35518 13,31687
17,39502 14,49347 13,51237
16,47949 14,40287 13,31925
16,47949 14,51969 13,42058
17,39502 14,52446 13,4778
18,00537 14,2169 13,16309
16,47949 14,44578 13,44442
16,78467 14,39333 13,2668
16,78467 14,44578 13,40747
17,39502 14,53638 13,5386
17,39502 14,40525 13,24773
18,00537 14,60314 13,53979
16,47949 14,36949 13,37409
17,08984 14,3528 13,36098
18,00537 14,38856 13,26561
17,08984 14,45293 13,26919
17,39502 14,43386 13,31925
17,08984 14,4434 13,51118
17,7002 14,47201 13,38601
16,78467 14,37426 13,31329
16,78467 14,31704 13,20958
17,7002 14,46247 13,31329
17,39502 14,40287 13,40151
17,08984 14,31465 13,24058
18,31055 14,22644 13,14282
16,78467 14,45293 13,38482
16,47949 14,3218 13,36455
17,7002 14,47916 13,29303
16,47949 14,40287 13,4182
16,78467 14,57214 13,51476
17,08984 14,70089 13,56721
16,47949 14,60791 13,63873
18,31055 14,49108 13,41343
16,78467 14,30273 13,26442
18,61572 14,56738 13,5541
17,39502 14,47439 13,36813
18,61572 14,57453 13,5088
16,78467 14,51492 13,45873
18,00537 14,35518 13,33594
17,39502 14,25982 13,2215
17,39502 14,63175 13,54218
18,00537 14,4124 13,44442
18,31055 14,47678 13,3276
17,39502 14,35995 13,16071
18,61572 14,47678 13,47303
17,7002 14,41002 13,3872
17,39502 14,72235 13,60536
17,39502 14,42194 13,48019
15,86914 14,44578 13,41939
18,31055 14,56738 13,42893
18,61572 14,42671 13,48257
17,39502 14,40525 13,45515
17,08984 14,41717 13,40628
18,00537 14,46009 13,40389
17,08984 14,50777 13,38959
18,9209 14,66036 13,53502
16,47949 14,46009 13,36098
17,7002 14,28127 13,2513
18,00537 14,42909 13,27991
16,78467 14,58645 13,45158
17,08984 14,534 13,43369
17,7002 14,47201 13,42416
17,08984 14,48393 13,38959
17,08984 14,40048 13,43369
17,7002 14,47916 13,45158
16,78467 14,47439 13,44442
18,31055 14,42671 13,37767
16,78467 14,34803 13,24773
18,00537 14,56738 13,54098
16,78467 14,534 13,44442
17,08984 14,42432 13,39674
17,08984 14,51492 13,50641
17,39502 14,46724 13,38124
17,08984 14,28843 13,20958
18,00537 14,47439 13,37886
19,83643 14,43863 13,19289
17,08984 14,38618 13,36217
16,78467 14,36472 13,38482
18,31055 14,54115 13,24892
16,17432 14,22405 13,25488
18,00537 14,37187 13,26561
16,78467 14,39333 13,07964
18,00537 14,42909 13,35621
16,78467 14,45055 13,32283
17,08984 14,27412 13,2668
17,7002 14,41479 13,3872
16,47949 14,39333 13,31329
16,17432 14,09292 13,15951
17,08984 14,12868 13,16309
17,08984 14,22405 13,1166
16,47949 13,97133 12,96163
17,7002 13,90219 12,86149
17,08984 14,25982 13,15117
16,78467 14,42909 13,30376
16,47949 14,24074 13,14878
17,08984 14,29558 13,14282
16,47949 14,03332 12,8758
17,08984 13,96418 13,00812
16,78467 14,13345 12,96759
16,78467 14,112 12,70294
17,08984 14,30273 13,11183
17,7002 14,23597 13,22508
17,08984 14,40763 13,22269
17,08984 14,16206 13,24654
16,78467 14,0667 13,0713
17,08984 14,4124 13,26323
17,7002 14,31704 13,22508
17,39502 14,30988 13,18336
16,78467 14,31704 13,23223
18,61572 14,01663 12,98785
16,78467 14,10723 13,11302
17,39502 14,42671 13,3884
16,47949 13,9451 12,90798
17,7002 14,08577 13,02838
17,7002 14,23836 13,23342
16,47949 14,32657 13,35025
16,47949 14,07146 13,00693
15,86914 13,82589 12,81738
16,78467 14,23359 13,1011
17,39502 14,37187 13,24415
17,39502 14,112 13,05342
17,7002 14,112 12,97593
16,78467 13,98802 12,9354
16,47949 14,09292 13,00573
16,78467 13,97371 12,97474
17,08984 14,10246 12,98547
17,39502 14,04047 12,9807
15,86914 14,14061 13,03196
17,39502 14,16683 13,14282
16,78467 13,9904 13,09991
16,47949 13,99994 12,9962
17,08984 14,25028 13,25846
16,17432 14,0667 13,05699
17,39502 14,26935 13,20958
17,39502 14,13107 13,1309
17,39502 14,2622 13,20601
17,08984 14,28366 13,25488
16,78467 14,53638 13,3431
16,78467 14,22882 13,02242
16,47949 14,17875 13,15117
17,08984 14,25982 13,24177
16,17432 14,00709 13,01408
17,39502 14,33372 13,29184
17,39502 14,28366 13,20124
17,08984 14,18114 13,14759
16,78467 14,23836 13,28707
16,78467 14,2312 13,13567
17,39502 14,31465 13,27634
16,47949 14,38379 13,237
17,39502 14,18114 13,10706
17,08984 14,08815 13,09276
15,86914 13,83781 12,80546
17,7002 14,0214 12,90441
16,78467 14,09531 12,96639
16,17432 13,91172 12,92467
17,39502 14,08339 13,02481
16,47949 13,97133 12,85672
17,08984 13,95226 12,88176
16,47949 13,90219 12,78758
17,39502 14,16206 13,09156
17,08984 14,1573 13,13567
16,47949 14,15253 13,07011
17,39502 14,06908 13,04269
17,39502 14,10007 13,1619
18,00537 14,07385 12,95686
16,17432 13,93318 12,89487
17,39502 13,98563 12,88891
16,47949 13,9761 12,93659
17,08984 14,19544 13,15594
17,39502 14,1573 13,01527
16,47949 14,29081 13,23819
17,08984 14,01663 13,02242
17,08984 14,16206 12,97832
16,47949 13,9904 12,85672
17,7002 14,24313 13,2072
18,00537 14,22167 13,27991
16,78467 14,42194 13,38124
17,39502 14,33134 13,25369
17,08984 14,37187 13,24177
16,78467 14,2312 13,15594
18,31055 14,28127 13,21554
16,47949 14,13584 13,12852
16,47949 14,04762 13,02242
17,7002 14,27174 13,29422
18,00537 14,29558 13,24654
17,39502 14,04047 13,04269
16,78467 14,29081 13,30614
17,7002 14,40287 13,25846
17,08984 14,33611 13,17978
18,00537 14,24074 13,10468
16,78467 14,34803 13,26203
17,7002 14,3528 13,29422
17,39502 14,41717 13,31329
16,78467 14,23359 13,20004
16,78467 14,34803 13,29184
18,31055 14,29081 13,27157
16,17432 14,46486 13,43608
17,08984 14,31704 13,34429
17,08984 14,16445 13,0868
17,39502 14,51731 13,31449
16,78467 14,37426 13,27991
18,00537 14,19544 13,05819
17,39502 14,12392 13,07487
17,39502 14,24074 13,14282
16,17432 14,23359 13,20958
17,08984 14,17875 12,95805
18,61572 14,3671 13,36575
17,7002 14,22405 13,13925
17,39502 14,32657 13,20004
16,47949 14,37426 13,28588
16,47949 14,27174 13,24773
17,39502 14,31465 13,21316
17,08984 14,41717 13,40985
17,7002 14,38856 13,32879
16,17432 14,37664 13,31329
17,08984 14,41956 13,27395
17,7002 14,54115 13,42893
18,00537 14,49585 13,40508
16,78467 14,34565 13,17978
16,47949 14,35518 13,28826
18,31055 14,40763 13,31091
18,31055 14,5936 13,48376
18,9209 14,39571 13,40032
16,47949 14,28366 13,21435
17,7002 14,34565 13,28945
17,7002 14,2622 13,21554
17,08984 14,31942 13,34786
17,39502 14,26697 13,20004
16,78467 14,6699 13,54575
16,78467 14,29796 13,29899
16,78467 14,37187 13,32164
17,7002 14,38379 13,33833
18,61572 14,52923 13,32402
16,47949 14,30035 13,25607
17,08984 14,47201 13,27157
17,7002 14,38618 13,32641
17,08984 14,40763 13,37528
17,39502 14,4434 13,2966
18,31055 14,43624 13,42773
18,9209 14,52684 13,53383
17,08984 14,37187 13,25369
18,00537 14,38141 13,24177
18,00537 14,40048 13,30733
17,39502 14,41002 13,39555
18,61572 14,43386 13,24892
17,39502 14,38618 13,24296
16,78467 14,47439 13,40628
17,08984 14,27174 13,29303
17,7002 14,39095 13,24892
16,78467 14,38141 13,34786
17,7002 14,75334 13,72576
16,78467 14,39095 13,42058
16,78467 14,48154 13,50284
17,7002 14,58883 13,56363
17,39502 14,51492 13,43012
18,31055 14,41717 13,40508
17,08984 14,34088 13,30853
16,47949 14,37187 13,30733
17,08984 14,5483 13,47542
17,08984 14,37902 13,24058
17,7002 14,38379 13,38482
17,39502 14,3981 13,42893
18,31055 14,42194 13,32879
18,00537 14,48631 13,36098
18,00537 14,42909 13,35144
16,78467 14,53876 13,42535
16,47949 14,4124 13,27991
16,78467 14,24551 13,14163
16,78467 14,35041 13,24415
17,08984 14,43148 13,27634
17,08984 14,27412 13,21793
17,7002 14,44817 13,30972
16,78467 14,50062 13,33714
17,08984 14,34803 13,25011
16,47949 14,20021 13,2513
17,39502 14,38379 13,24058
17,39502 14,4124 13,4182
18,00537 14,55784 13,43608
17,08984 14,55069 13,43846
17,39502 14,38141 13,2513
17,08984 14,60075 13,5684
17,39502 14,30273 13,15475
17,08984 14,46486 13,32521
17,7002 14,48154 13,41701
16,47949 14,43624 13,43846
17,08984 14,42194 13,31925
18,00537 14,41479 13,46111
18,00537 14,69135 13,52072
16,78467 14,41717 13,38243
18,00537 14,74619 13,67211
18,00537 14,52684 13,33952
16,78467 14,53161 13,47661
18,31055 14,51731 13,44442
16,78467 14,60791 13,53621
17,7002 14,51254 13,54694
17,7002 14,62221 13,53741
17,39502 14,51731 13,46469
17,39502 14,65082 13,53621
17,7002 14,61506 13,56483
18,00537 14,64605 13,5088
17,08984 14,47678 13,40628
17,08984 14,54592 13,57555
17,7002 14,57691 13,48019
17,39502 14,52446 13,5076
16,78467 14,40525 13,3121
17,39502 14,3671 13,37171
18,00537 14,51254 13,42058
17,39502 14,58168 13,53502
16,78467 14,66513 13,50164
16,78467 14,5483 13,41701
16,78467 14,24789 13,19408
18,00537 14,4434 13,48615
18,00537 14,46009 13,28349
18,31055 14,38618 13,29899
18,00537 14,68897 13,6435
17,7002 14,54353 13,50522
17,7002 14,57214 13,45634
18,00537 14,67228 13,64589
16,47949 14,35518 13,30733
17,39502 14,31704 13,42654
16,78467 14,57453 13,50403
16,47949 14,53638 13,50164
17,7002 14,38379 13,36813
16,47949 14,42432 13,30733
17,39502 14,39571 13,29184
17,7002 14,28366 13,21793
17,39502 14,31704 13,30495
16,47949 14,19783 13,11898
17,39502 14,31942 13,11898
16,78467 14,45055 13,34429
16,47949 14,23359 13,2513
17,39502 14,26458 13,32402
18,31055 14,19067 13,10945
17,08984 14,33134 13,34667
16,78467 14,34088 13,31449
17,08984 14,47439 13,36217
17,08984 14,31704 13,29422
18,00537 14,40048 13,35144
18,00537 14,52208 13,49926
17,7002 14,45293 13,39555
17,39502 14,40048 13,2966
19,22607 14,28843 13,28588
17,08984 14,40287 13,31568
18,00537 14,48393 13,37647
17,08984 14,38141 13,42058
17,08984 14,51015 13,39316
17,08984 14,33372 13,31091
16,47949 14,37426 13,33117
16,47949 14,3671 13,27634
16,78467 14,42432 13,27038
16,78467 14,30273 13,34786
17,7002 14,41479 13,33594
18,00537 14,30273 13,12256
18,61572 14,56261 13,51118
17,39502 14,40287 13,27515
18,31055 14,55069 13,49568
16,78467 14,42194 13,33356
18,61572 14,31942 13,2513
16,17432 14,38618 13,21197
18,00537 14,61983 13,58628
17,08984 14,47916 13,28468
17,08984 14,47201 13,38124
17,08984 14,28127 13,2823
17,39502 14,40048 13,21793
17,7002 14,41717 13,30137
17,7002 14,52684 13,50641
16,78467 14,47439 13,38601
18,31055 14,58645 13,46707
17,7002 14,40525 13,2966
19,22607 14,42671 13,28707
18,00537 14,51492 13,49449
18,31055 14,41479 13,34667
16,47949 14,33849 13,25011
16,78467 14,47201 13,39316
17,39502 14,35757 13,3276
17,08984 14,6246 13,48376
17,7002 14,4887 13,5386
18,9209 14,52446 13,40747
17,39502 14,32657 13,30018
17,39502 14,36949 13,37886
17,7002 14,43386 13,46111
17,08984 14,29796 13,23819
18,00537 14,33611 13,23581
16,78467 14,41956 13,39793
17,08984 14,27174 13,30376
17,08984 14,38141 13,30733
17,39502 14,24074 13,17859
16,78467 14,36234 13,11064
17,7002 14,51254 13,35382
17,7002 14,39333 13,24177
17,7002 14,4124 13,40032
16,78467 14,2765 13,31329
18,00537 14,33372 13,23819
17,08984 14,30988 13,27038
16,47949 14,37187 13,35502
17,39502 14,42194 13,26799
16,17432 14,2622 13,17263
16,47949 14,37187 13,06772
17,08984 14,49823 13,34906
17,39502 14,26458 13,30972
17,39502 14,40048 13,23938
18,00537 14,40287 13,33952
16,47949 14,44101 13,43727
17,7002 14,33611 13,28707
17,08984 14,48393 13,43846
18,00537 14,59599 13,43131
16,78467 14,44101 13,3431
16,17432 14,28366 13,30495
17,39502 14,40287 13,29064
17,39502 14,24313 13,18097
17,7002 14,43863 13,36455
18,00537 14,60552 13,56721
17,39502 14,43386 13,45873
17,08984 14,46009 13,30853
17,7002 14,39095 13,41462
17,39502 14,39333 13,3121
17,08984 14,65321 13,56125
16,17432 14,28127 13,29899
16,47949 14,55069 13,57198
16,47949 14,31704 13,237
17,7002 14,40287 13,27157
16,47949 14,19544 13,07011
17,08984 14,28843 13,17859
17,39502 14,35995 13,35144
16,78467 14,51731 13,24534
17,7002 14,34088 13,17263
18,00537 14,45532 13,3884
17,39502 14,64128 13,59582
17,7002 14,54592 13,38601
16,78467 14,3981 13,32283
17,08984 14,40287 13,28588
16,78467 14,25505 13,20004
16,47949 14,25743 13,19051
17,39502 14,55545 13,39316
18,31055 14,55545 13,5386
16,78467 14,32419 13,30018
16,78467 14,43386 13,38482
16,47949 14,27412 13,29422
16,78467 14,23597 13,30614
16,47949 14,52446 13,41462
16,47949 14,39333 13,44204
17,39502 14,06193 13,09395
16,78467 14,39571 13,31449
17,7002 14,43863 13,32045
16,17432 14,16445 13,14759
17,08984 14,35995 13,38601
18,9209 14,3218 13,14759
16,47949 14,28843 13,3872
16,17432 14,19306 13,13686
17,39502 14,46962 13,44681
17,7002 14,37664 13,35382
16,47949 14,39095 13,3431
17,08984 14,33849 13,28588
17,08984 14,25982 13,25011
17,39502 14,28366 13,16309
17,39502 14,47201 13,40985
17,08984 13,75437 12,69579
16,47949 12,9652 11,82795
17,08984 13,46588 12,47764
17,08984 14,5483 13,41939
17,08984 14,43863 13,39793
18,00537 14,42671 13,44562
17,7002 14,46009 13,40747
18,31055 14,56261 13,59224
17,08984 14,55069 13,51118
17,08984 14,32657 13,21316
17,39502 14,19067 13,06057
16,47949 14,28366 13,19289
18,00537 14,51492 13,37051
16,78467 14,25505 13,10825
18,00537 14,31465 13,23104
17,7002 14,37426 13,39436
18,00537 14,59122 13,46111
17,08984 14,47439 13,43966
17,7002 14,33611 13,21793
17,39502 14,70566 13,60416
17,7002 14,47439 13,50999
17,7002 14,32657 13,20004
16,78467 14,36472 13,22985
17,39502 14,2622 13,25607
17,39502 14,2765 13,27038
16,47949 14,38618 13,28826
16,47949 14,42432 13,33594
17,39502 14,44817 13,37409
17,08984 14,41956 13,43369
17,39502 14,25982 13,18455
17,39502 14,28366 13,27634
18,00537 14,49585 13,43966
16,47949 14,28604 13,14402
17,08984 14,61506 13,34071
16,78467 14,5793 13,62085
16,78467 14,46247 13,36694
18,00537 14,60791 13,53383
16,78467 14,41002 13,34071
17,08984 14,30988 13,02481
18,00537 14,56738 13,43846
17,7002 14,56499 13,50522
17,39502 14,59599 13,5684
17,08984 14,3981 13,28826
18,00537 14,67705 13,51953
16,78467 14,48631 13,42177
17,08984 14,50062 13,49926
19,22607 14,42671 13,33356
16,47949 14,38379 13,25369
17,7002 14,3218 13,2513
17,7002 14,66036 13,52906
18,00537 14,61029 13,39555
18,31055 14,48631 13,50522
17,08984 14,51492 13,52429
17,08984 14,51015 13,34429
17,7002 14,50777 13,52549
18,9209 14,69612 13,62801
19,22607 14,7438 13,57555
17,7002 14,44817 13,42893
16,78467 14,63413 13,58986
17,08984 14,66036 13,50999
17,39502 14,57453 13,52906
17,7002 14,55307 13,56125
18,00537 14,62698 13,66019
17,7002 14,61744 13,60416
17,08984 14,58645 13,56483
17,39502 14,58645 13,55052
17,7002 14,62221 13,60655
17,7002 14,42671 13,37767
17,08984 14,61029 13,56602
17,7002 14,45055 13,22389
17,7002 14,534 13,54337
16,78467 14,51731 13,41105
18,9209 14,69612 13,57317
18,00537 14,54353 13,54694
17,7002 14,53161 13,45396
17,7002 14,7438 13,72695
18,61572 14,55307 13,68284
17,08984 14,46486 13,41224
17,39502 14,48631 13,49092
18,9209 14,58645 13,37051
18,00537 14,61029 13,61847
18,61572 14,64844 13,41939
17,08984 14,33849 13,29899
17,7002 14,48631 13,38005
17,7002 14,48154 13,42297
17,7002 14,49347 13,44085
17,08984 14,56261 13,53383
18,00537 14,35995 13,3121
17,08984 14,4577 13,47065
17,08984 14,60791 13,47423
17,39502 14,75334 13,66854
18,9209 14,64844 13,59344
16,78467 14,56738 13,48376
16,47949 14,6246 13,6292
17,08984 14,72712 13,69476
18,00537 14,71996 13,65066
16,47949 14,4434 13,46707
18,00537 14,6699 13,47184
17,39502 14,55784 13,59463
16,78467 14,55069 13,59701
16,78467 14,6246 13,56244
17,08984 14,60075 13,54575
18,31055 14,56499 13,4182
17,08984 14,60075 13,58271
17,08984 14,57453 13,60178
17,7002 14,71758 13,67807
16,78467 14,54592 13,45873
17,39502 14,49823 13,51237
19,22607 14,48631 13,49688
17,39502 14,67466 13,65185
17,08984 14,59837 13,56721
