0,6103516 0,4243854 0,3107396
1,017253 0,4259747 0,3099448
0,8138021 0,4657115 0,3433242
1,017253 0,4688904 0,3472978
0,8138021 0,4593536 0,3449135
0,8138021 0,4736589 0,3679603
0,8138021 0,464122 0,3631919
0,8138021 0,4784272 0,3949804
0,8138021 0,5022692 0,3878283
1,017253 0,5404156 0,4315375
1,017253 0,5324685 0,4188221
0,8138021 0,5277001 0,429948
1,017253 0,5642571 0,4490212
1,424154 0,610351 0,4816047
1,220703 0,6119405 0,4863729
1,220703 0,6612141 0,5189563
1,220703 0,6643931 0,5205459
1,424154 0,7168452 0,5571043
1,424154 0,766118 0,6079682
2,034505 0,7836021 0,6151208
1,831055 0,8694336 0,6810837
2,034505 0,9330127 0,7224096
2,034505 0,9457287 0,7232045
1,627604 1,017253 0,7843973
3,86556 1,144408 0,857511
4,069011 1,195271 0,8893004
2,644857 1,214344 0,8972473
3,66211 1,233419 0,9171154
2,848307 1,304946 0,9846686
4,679362 1,40985 1,036326
5,900065 1,503628 1,091958
7,731118 1,66416 1,161099
7,324217 1,870791 1,326401
7,731118 1,999537 1,429716
6,510416 2,222064 1,57118
7,324217 2,619426 1,838207
8,341469 2,778372 2,008279
7,73112 2,915064 2,18153
6,917316 3,296533 2,434254
7,934568 3,525418 2,607505
8,341471 3,77814 2,867379
7,934568 4,116694 3,057322
7,934568 4,4632 3,352961
8,74837 4,812875 3,579456
12,81738 5,183222 3,926754
11,80013 5,683898 4,29074
12,81738 5,958875 4,533132
12,20703 6,210006 4,669026
13,22429 6,691613 4,936852
13,22429 7,077854 5,310377
13,22429 7,616681 5,610783
11,39323 7,917086 5,984304
14,44499 8,508363 6,281538
15,46225 9,109177 6,825129
13,63119 9,732247 7,359187
16,27605 10,53174 7,977486
15,86915 11,08329 8,529825
17,90366 11,52675 9,264153
16,8864 12,0926 9,824431
18,10711 13,0701 10,89493
17,90366 13,46747 11,41945
18,10711 13,89504 12,04332
17,08985 14,49903 12,88017
18,51401 14,9107 13,36893
19,32781 15,22065 13,80205
18,51401 15,43045 13,98246
18,71746 15,88663 14,44897
20,14161 16,1012 14,57135
20,34506 16,40003 15,0474
19,32781 16,6448 15,40899
20,54851 16,96748 15,55126
20,54851 17,22178 15,83497
21,36231 17,35689 16,05353
20,95541 17,7002 16,30306
19,93816 17,83214 16,34916
21,56576 18,25014 16,96984
21,56576 18,61257 17,21383
21,97266 18,85414 17,57384
23,19336 19,23562 17,90841
23,39681 19,46289 18,23107
22,37956 19,48198 18,36141
22,37956 19,87299 18,6205
21,97266 20,01762 18,82553
24,21061 20,31169 19,20621
23,60026 20,76786 19,3588
24,61751 20,71222 19,45257
23,80371 21,11435 19,82133
24,61751 21,45609 20,00174
24,82096 21,48152 20,18929
24,61751 21,77238 20,27034
24,82096 21,70403 20,49446
25,02441 22,00127 20,73289
24,82096 22,40022 21,0452
26,44855 22,54804 21,16839
25,43131 22,71175 21,42905
25,63476 22,9613 21,74378
25,4313 22,91678 21,62456
25,63476 23,07574 21,77477
26,04166 23,08846 21,86617
25,22786 23,36502 22,08789
26,44855 23,38727 22,09027
25,63476 23,46992 22,1459
25,43131 23,35072 22,03067
25,83821 23,58118 22,38116
26,44855 23,70994 22,47414
26,85546 23,79894 22,56473
26,04166 23,75285 22,5234
25,63476 23,81484 22,64022
27,26235 23,92133 22,66089
26,24511 23,86094 22,75945
27,26235 23,92293 22,7348
26,24511 23,99444 22,77374
26,85546 24,15021 22,80951
27,4658 24,3028 23,09323
26,44855 24,26783 22,98275
27,0589 24,22014 23,08288
27,66925 24,47606 23,06939
26,44855 24,35049 23,21481
28,2796 24,41724 23,26647
26,24511 24,41247 23,04474
27,4658 24,85593 23,60025
27,0589 24,50148 23,30701
28,2796 24,54598 23,10673
27,4658 24,56823 23,33879
27,4658 24,68745 23,4413
27,0589 24,57142 23,25854
27,26235 24,62705 23,46754
28,07615 24,70811 23,49774
26,65201 24,82891 23,49854
27,66925 24,92427 23,66621
27,66925 24,97673 23,65906
27,26235 24,85752 23,58834
26,85546 24,94971 23,7592
27,66925 25,13248 23,80768
27,0589 25,13091 23,78066
27,26235 25,02759 23,79577
27,26235 25,10389 23,97856
27,26235 25,21039 23,79179
28,6865 25,13249 23,88396
27,66925 25,2231 23,88397
28,07615 25,12294 23,64238
27,4658 25,09911 23,90861
26,652 25,01329 23,7751
28,2796 25,12613 23,88478
28,88995 25,46786 24,37432
27,8727 25,6888 24,56744
27,8727 25,83186 24,72957
27,8727 25,68086 24,573
28,88995 25,68244 24,38545
28,6865 25,76192 24,51816
28,6865 25,89543 24,66122
27,66925 26,03371 24,86626
28,6865 25,75079 24,32584
28,88995 25,99397 24,6477
28,88995 25,87001 24,69858
28,6865 25,87954 24,44585
28,88995 25,83979 24,79155
28,07615 25,93517 24,93699
29,70375 26,18312 24,92985
