0,6103516 0,4132589 0,3051756
0,8138021 0,4259744 0,3147122
0,6103516 0,3941854 0,2956389
0,8138021 0,4450479 0,3226594
0,8138021 0,4609424 0,3401431
0,6103516 0,4291533 0,3131227
0,8138021 0,4641213 0,3417326
0,8138021 0,4895525 0,3687535
0,8138021 0,4959103 0,3719324
0,8138021 0,4641213 0,3592168
1,017253 0,4831947 0,3878273
0,8138021 0,473658 0,3687536
0,6103516 0,4673001 0,3814694
0,8138021 0,4895525 0,3894167
0,8138021 0,5276996 0,4148482
0,8138021 0,508626 0,4100798
1,220703 0,5404153 0,4339219
1,017253 0,5372363 0,4355114
1,017253 0,5817415 0,4625324
1,017253 0,5276996 0,433922
1,017253 0,5722047 0,4609429
1,017253 0,5340575 0,4418693
1,220703 0,6516776 0,511806
1,220703 0,6262463 0,4975006
1,424154 0,6643932 0,5165743
1,017253 0,6771088 0,5388264
1,017253 0,670751 0,5213427
1,220703 0,7343293 0,5610786
1,220703 0,7565818 0,6151194
2,034505 0,8265178 0,6437296
2,034505 0,9282424 0,6977708
2,034505 1,004536 0,7581704
4,882813 1,252493 0,9361906
5,289713 1,595815 1,173019
5,900065 1,910528 1,411438
17,08985 3,086727 2,101263
23,3968 4,485449 2,911886
25,83821 6,516777 4,186631
26,24512 9,860992 6,321272
28,07618 14,47677 9,740193
37,84178 19,74106 14,03809
46,59016 25,42177 18,32485
45,57292 29,19196 21,81053
61,23866 32,88904 25,65543
60,62831 37,33317 28,69287
79,34574 42,16512 33,1672
175,1709 48,73912 38,72713
98,26656 50,35084 40,47237
220,5405 59,00702 47,65193
78,93884 58,56516 49,21438
98,47001 61,36897 52,3313
86,05961 62,66597 54,609
111,8977 67,38348 57,64963
98,67355 66,07377 58,1042
104,5736 70,19046 62,24633
186,971 76,03014 67,08146
175,3744 76,35439 66,68409
210,9782 78,75449 69,17957
214,2334 82,6677 71,29829
209,7574 89,69627 76,71358
229,0853 102,3897 81,64883
222,7785 103,604 82,27031
232,3405 121,1707 91,67033
230,7132 145,0539 105,079
229,0855 157,4548 118,6879
247,5993 193,8184 146,6878
234,782 195,8338 155,4409
233,7646 193,6658 150,5454
238,851 198,4565 157,0766
240,8855 205,2085 163,6886
246,7855 202,5954 161,6287
231,7302 210,5364 169,6332
246,5821 209,1376 167,7211
250,4478 205,3833 164,5835
244,7511 209,3633 164,4755
240,0716 210,7271 169,6349
246,989 202,926 164,52
239,2579 212,8411 170,18
241,0889 213,2639 170,3087
246,989 205,1895 168,7558
237,4268 209,6844 169,2644
255,3304 215,559 175,4761
251,465 212,0813 172,1065
240,2751 209,5287 168,3346
246,3787 206,1844 166,0538
248,82 209,2616 168,5318
249,227 209,9801 170,3199
241,2924 209,0709 164,6408
244,751 203,1581 162,1373
232,3405 212,9968 171,3737
237,6303 207,634 166,0919
256,5512 206,3402 164,3848
