0,8138021 0,4132588 0,306765
0,8138021 0,4355111 0,317891
0,6103516 0,4132588 0,306765
0,8138021 0,4450478 0,3353748
0,8138021 0,4514056 0,3480906
0,6103516 0,4514056 0,3480905
0,8138021 0,4800158 0,373522
0,8138021 0,4768369 0,3751115
0,8138021 0,4927314 0,3941851
0,8138021 0,4863735 0,3782904
0,8138021 0,5022681 0,3989535
1,017253 0,508626 0,3989535
0,8138021 0,5022681 0,3941851
1,017253 0,5340574 0,427564
1,017253 0,5181628 0,4132588
1,017253 0,5276996 0,4164377
0,8138021 0,5308785 0,427564
1,017253 0,5308785 0,4227956
1,017253 0,5340575 0,430743
1,017253 0,4990892 0,4180273
0,8138021 0,5340575 0,4371009
1,017253 0,5690258 0,4609429
