1,017253 0,4259748 0,3099448
0,8138021 0,4482274 0,3306083
1,017253 0,4386906 0,3258398
1,017253 0,4609431 0,3401452
1,017253 0,4736588 0,3655762
0,8138021 0,4784272 0,3560396
0,8138021 0,4831957 0,3751128
1,017253 0,4943219 0,3878282
1,220703 0,5149848 0,4084909
1,017253 0,5356473 0,4140539
1,220703 0,5229319 0,4172327
1,017253 0,5642571 0,4474318
1,017253 0,6151195 0,4831941
1,220703 0,6818768 0,5276983
1,627604 0,6945925 0,5308773
1,220703 0,7168452 0,5634623
2,034505 0,7708864 0,6008153
2,441406 0,8328757 0,6373739
2,237956 0,8662546 0,6715466
2,644857 0,9441391 0,7073097
2,644857 0,964802 0,7327411
2,034505 1,039505 0,7843973
2,034505 1,080831 0,8201595
2,034505 1,055399 0,8106228
3,051758 1,145997 0,8352583
3,458659 1,168249 0,8368478
2,644857 1,190502 0,8654584
3,255208 1,266798 0,9250635
4,272461 1,386009 1,018048
3,86556 1,433692 1,050632
4,272461 1,514754 1,099111
4,069011 1,610119 1,195273
3,86556 1,66257 1,240571
5,086263 1,866023 1,368522
5,086263 1,854896 1,361369
6,103515 1,943907 1,452765
4,475912 2,177554 1,63873
4,475912 2,215702 1,657008
4,882813 2,477966 1,866818
4,882813 2,430281 1,854102
5,289714 2,652806 2,00828
5,900065 2,727508 2,009074
4,882813 2,875326 2,187092
6,103515 3,050169 2,293588
6,510417 3,228189 2,446174
6,103515 3,339449 2,512135
6,306965 3,565152 2,732277
6,103516 3,747939 2,853869
5,696615 3,809929 2,994539
7,120767 4,253387 3,249645
7,934568 4,506113 3,448328
7,324219 4,611016 3,637473
7,527668 5,091028 4,09444
9,969072 5,378724 4,450481
9,358722 5,815821 4,82718
8,748371 5,896886 5,017916
9,765621 6,303786 5,377929
9,765623 6,640749 5,69582
10,17252 6,871226 5,829336
10,17253 7,034939 6,070935
11,18978 7,499061 6,453993
10,37598 7,769263 6,713072
11,80013 7,917085 6,906191
11,59668 8,165043 7,135076
14,44499 8,428887 7,347263
11,39323 8,611684 7,484756
11,18978 8,751545 7,688998
12,20703 8,853271 7,766878
12,00358 9,247465 8,15789
12,20703 9,385743 8,188088
12,61393 9,492231 8,328753
12,61393 9,826025 8,669695
13,22428 9,997682 8,82546
13,42774 10,0708 8,85487
13,02083 10,33306 9,172757
13,22429 10,3124 9,109178
14,44499 10,49359 9,249847
13,63119 10,65255 9,438201
13,63119 11,1262 9,737806
15,46225 11,02129 9,731448
14,85189 11,14051 9,940462
15,25879 11,4727 10,29173
14,64844 11,47906 10,19399
16,07259 11,56807 10,23372
15,2588 11,47111 10,31319
14,64844 11,86529 10,63665
14,24154 11,82874 10,66606
15,05535 11,94795 10,61122
15,05534 12,02424 10,80513
15,46224 12,24677 11,03878
15,25879 12,41843 11,11825
15,05534 12,46929 11,35429
15,86914 12,48678 11,23031
15,05534 12,42479 11,22633
15,46224 12,54717 11,43297
16,0726 12,63142 11,46793
15,86915 12,9525 11,79536
16,0726 13,04785 11,84463
16,8864 12,98905 11,72225
17,90366 13,13845 12,02742
17,49675 13,24336 12,04491
16,0726 13,23223 12,13868
16,68295 13,36257 12,20464
16,8864 13,47701 12,35565
16,88639 13,42456 12,16253
16,27605 13,49767 12,41446
17,7002 13,86324 12,61075
18,1071 13,62801 12,4979
17,7002 13,78536 12,66162
18,1071 13,72814 12,43512
16,4795 13,91411 12,72439
16,07259 13,89345 12,64731
17,2933 14,00789 12,77209
16,4795 13,84894 12,74903
17,49675 14,05875 12,74903
17,49675 14,232 12,98746
17,7002 14,1112 13,00494
17,70021 14,34167 13,12972
17,2933 14,34802 13,11143
17,2933 14,40366 13,17183
17,49675 14,49585 13,31965
18,1071 14,50856 13,34985
17,7002 14,60711 13,41899
20,75196 14,68818 13,34985
18,71745 14,69136 13,40946
18,31055 14,72473 13,4484
17,29329 14,75016 13,60178
18,1071 14,73904 13,64867
18,1071 15,17932 13,9157
19,3278 14,95043 13,66456
17,7002 15,2731 14,0826
17,90365 15,32078 14,16286
18,9209 15,42409 14,15174
18,71746 15,35256 14,27173
18,71745 15,48131 14,25505
19,53126 15,65933 14,38856
19,32781 15,63072 14,29875
18,71745 15,50357 14,33055
18,31056 15,65933 14,5173
18,71746 15,63231 14,21769
18,71745 15,8596 14,64209
19,93816 15,91365 14,68421
21,15886 16,13616 14,7581
19,93816 15,8755 14,62221
19,12436 16,14889 14,80976
19,93816 16,09484 14,7899
21,36231 16,25856 14,95123
19,93815 16,32055 14,93455
19,73471 16,39525 14,91626
20,34506 16,22041 14,89798
19,3278 16,35075 15,11813
20,75196 16,31101 14,90116
20,14161 16,36347 15,07918
19,93815 16,57645 15,17058
19,93815 16,62889 15,23017
19,93815 16,60665 15,18409
21,97266 16,78466 15,34382
21,15886 16,80215 15,39469
20,1416 16,86415 15,54648
20,5485 16,96746 15,57112
19,53126 16,64161 15,34383
20,34506 16,93886 15,66887
20,1416 16,92614 15,67125
22,37956 17,10574 15,77297
19,53125 16,55737 15,30011
21,97266 17,07396 15,68
20,34506 16,9913 15,70226
21,36231 17,06442 15,80238
21,56575 17,05488 15,67761
21,36231 17,07395 15,80317
20,34506 17,07236 15,66808
20,34505 17,13912 15,79047
20,1416 17,15501 15,81828
19,93815 17,18998 15,73563
20,34505 17,12481 15,71973
20,14161 17,34892 15,88504
20,1416 17,15023 15,91285
21,15885 17,30918 15,93509
20,34506 17,23289 15,93352
20,5485 17,20269 15,96372
20,75196 17,30442 15,8914
21,56575 17,15977 15,8747
20,5485 17,23289 15,8453
22,58301 17,31713 15,92716
21,76921 17,4125 16,06225
20,95541 17,10097 15,78093
20,54851 17,18203 15,84053
22,78646 17,63821 16,28002
20,9554 17,48086 16,17829
