0,8138021 0,3798801 0,2892812
0,8138021 0,4132591 0,3067658
0,6103516 0,4323327 0,3170975
0,8138021 0,4148485 0,30915
0,6103516 0,4307433 0,3155081
0,8138021 0,4466379 0,3274293
0,8138021 0,4212064 0,3115343
0,6103516 0,4084905 0,3051762
1,017253 0,4450485 0,3274293
0,8138021 0,4371012 0,3290188
0,8138021 0,4466379 0,325045
0,8138021 0,4593536 0,3441189
0,8138021 0,4450485 0,3258398
0,8138021 0,4529957 0,337761
0,8138021 0,4482274 0,3409399
0,8138021 0,4577641 0,3417347
1,017253 0,4529957 0,328224
0,6103516 0,4418695 0,3361716
1,017253 0,4482274 0,334582
0,8138021 0,4466379 0,3353768
0,8138021 0,4386906 0,3329926
1,017253 0,4418695 0,3298135
0,8138021 0,4466379 0,334582
0,8138021 0,464122 0,3457083
1,017253 0,4498168 0,3409399
0,8138021 0,4339222 0,3258398
1,017253 0,4561747 0,3457083
0,8138021 0,4466379 0,3369663
0,8138021 0,467301 0,363192
0,8138021 0,4657115 0,3560396
1,017253 0,464122 0,3369662
1,017253 0,4577641 0,3528607
1,017253 0,4688904 0,3584237
0,8138021 0,4625326 0,3568342
0,8138021 0,4529957 0,3417347
1,017253 0,4720694 0,3576291
0,8138021 0,4514063 0,3409399
1,017253 0,4577641 0,3528606
0,8138021 0,4657115 0,3671655
1,017253 0,4704799 0,3623973
1,017253 0,4609431 0,3647813
0,8138021 0,4561747 0,3584236
0,8138021 0,4529957 0,3496818
1,017253 0,4545852 0,3504765
1,017253 0,4545852 0,3472977
1,017253 0,4657115 0,365576
0,8138021 0,4514063 0,3576288
0,8138021 0,4784272 0,3711392
0,8138021 0,4466379 0,3544499
0,8138021 0,4720694 0,3727285
0,8138021 0,4609431 0,3608078
0,8138021 0,4736588 0,363192
1,017253 0,4704799 0,3663709
1,220703 0,4975009 0,3854441
0,8138021 0,464122 0,3568343
0,8138021 0,464122 0,3759073
0,8138021 0,4529957 0,3552447
1,017253 0,467301 0,3655761
0,8138021 0,4529957 0,3608077
1,017253 0,4609431 0,3608078
1,017253 0,4847851 0,3830599
0,8138021 0,4545852 0,3608077
0,8138021 0,4800167 0,3814704
0,8138021 0,4768378 0,3751127
0,8138021 0,464122 0,365576
1,220703 0,4609431 0,3679601
0,8138021 0,4625326 0,3695495
0,8138021 0,4816062 0,3838546
1,017253 0,4752483 0,3806756
0,8138021 0,4927325 0,3989542
1,017253 0,4784273 0,3838545
0,8138021 0,4720694 0,3798809
0,8138021 0,4768378 0,382265
1,017253 0,5054481 0,3989543
0,8138021 0,4863746 0,3925964
1,017253 0,4927325 0,3910071
0,8138021 0,4847851 0,3902122
0,8138021 0,4959114 0,3989542
1,017253 0,5118059 0,405312
1,220703 0,4975009 0,402133
0,8138021 0,4990903 0,4053119
0,8138021 0,4959114 0,4029277
0,8138021 0,505448 0,4188219
1,017253 0,5165741 0,424385
1,017253 0,5102164 0,4108749
1,017253 0,5022692 0,4092854
1,017253 0,5277002 0,4259745
1,017253 0,5006797 0,4100801
1,017253 0,5118059 0,4084908
1,017253 0,5054481 0,4076961
1,017253 0,5165741 0,4029278
1,220703 0,5102164 0,4132591
1,017253 0,4816062 0,3949804
0,8138021 0,5277002 0,4267692
1,220703 0,519753 0,4204114
1,017253 0,519753 0,4140537
1,017253 0,5356473 0,4172327
1,017253 0,5181636 0,4267692
1,017253 0,5181636 0,4220009
1,017253 0,5197529 0,4148485
1,017253 0,5547205 0,446637
1,017253 0,5515417 0,4402794
0,8138021 0,530879 0,4347163
1,017253 0,5292896 0,435511
1,017253 0,545184 0,4434581
1,220703 0,5547206 0,4506106
1,017253 0,5515417 0,4514053
0,8138021 0,5149847 0,4291532
1,017253 0,5499523 0,4498159
0,8138021 0,5515416 0,4490211
1,017253 0,5483629 0,446637
1,017253 0,5499523 0,4482265
1,017253 0,6230667 0,4943202
1,220703 0,5912775 0,480015
1,017253 0,5865092 0,4823991
1,017253 0,6326036 0,5006781
1,017253 0,6151194 0,4974989
1,220703 0,6341931 0,5070355
1,017253 0,6580352 0,5173668
1,220703 0,6802878 0,5340567
1,220703 0,6834666 0,5340567
1,220703 0,7088979 0,5523357
1,831055 0,7120768 0,564257
1,220703 0,7216135 0,5896893
1,220703 0,6961823 0,5769734
1,424154 0,7359185 0,6000209
1,220703 0,751813 0,6183001
1,627604 0,7677075 0,6238632
1,220703 0,7820127 0,638963
1,424154 0,8471811 0,6906202
1,220703 0,8042656 0,6604205
1,424154 0,9123497 0,7343305
1,627604 0,9298339 0,7581723
1,424154 0,9155287 0,7573776
2,034505 1,068115 0,8535378
1,627604 1,049041 0,8710212
1,831055 1,10785 0,907578
2,441406 1,166662 0,9584413
2,237956 1,20163 1,003742
1,831055 1,265209 1,053015
2,237956 1,344681 1,108648
2,644857 1,43846 1,187328
2,237956 1,514753 1,253287
2,441406 1,646675 1,351831
3,051758 1,754761 1,454352
2,644857 1,804035 1,512369
4,069011 1,953445 1,606943
3,255208 2,034505 1,705488
3,86556 2,210934 1,832642
3,86556 2,352398 1,94788
4,069011 2,52088 2,120335
4,679363 2,762475 2,31584
4,475912 2,821286 2,377034
5,900065 3,158251 2,641679
12,61393 3,42051 2,864998
10,98633 3,625552 3,021556
12,20703 4,170735 3,418922
28,6865 4,874869 3,844897
20,54851 5,79039 4,423458
20,14161 7,459322 5,44151
34,99345 10,55399 7,23918
30,3141 13,76152 10,34578
31,33135 15,89775 12,51538
36,21415 19,11958 14,86222
29,29685 20,94587 17,15263
34,99345 24,2106 19,95881
37,43484 25,39953 21,34959
39,87625 26,62341 22,11253
38,45209 27,09547 22,91521
43,13148 28,02212 23,59709
41,91077 28,97101 24,46015
46,38671 30,28231 25,8843
43,74182 30,87837 26,27769
51,67647 31,9878 27,16779
50,2523 33,33727 28,26053
46,79362 33,79978 29,16255
52,49027 34,96962 29,91913
48,21778 35,19373 30,4071
55,74551 36,04091 31,05957
52,08337 37,01683 32,14596
51,87992 37,9117 32,83659
63,88359 39,02908 33,77753
49,8454 38,85423 34,53253
54,9317 39,12445 34,02151
60,22145 40,22276 34,97915
58,59383 41,02544 35,81758
61,64561 40,90146 35,66182
55,54206 41,1828 36,5122
61,64562 42,36697 36,94773
59,81455 41,12718 35,44884
67,54573 41,51181 36,18558
57,57658 42,06973 36,51461
63,06978 42,42896 36,77684
61,84907 43,55429 37,97927
61,84907 42,29702 37,00176
57,16967 42,45119 36,93976
61,03526 43,46526 37,36017
63,68014 43,20938 37,43886
58,18693 43,57496 38,0055
62,86633 42,20006 37,26321
57,98348 42,95346 37,55488
60,22145 43,29997 37,72338
59,20419 43,99618 38,69612
54,32135 43,68939 38,0365
57,98348 43,38582 38,15332
60,62836 43,32064 38,09451
56,15241 42,97414 37,58509
64,08704 43,76568 38,21133
59,81455 43,7975 38,10645
58,79729 45,07542 39,29298
60,83181 43,70848 37,91014
63,88359 44,50641 38,94807
55,3386 43,9898 38,65083
60,62836 45,11515 39,54649
63,47669 44,58905 39,29616
60,22145 45,82882 40,25697
59,81455 45,0929 39,8739
67,34227 44,68283 39,06568
61,64562 44,87355 39,64026
59,00074 44,8656 40,00821
62,25597 46,92079 40,4533
62,25598 46,40739 40,94283
65,1043 46,24051 40,68136
60,62836 45,79704 40,69647
62,25598 46,96213 41,96881
66,73192 47,17987 41,58338
63,47669 47,20848 41,70893
65,1043 47,75048 42,31773
59,81455 47,63923 41,8981
66,93537 46,81588 41,29092
65,1043 47,10516 41,64695
61,84907 47,19258 41,78205
64,49394 46,9796 41,54285
60,8318 46,02592 41,26708
69,3768 47,24505 41,74949
64,90086 47,58042 42,59348
70,59751 48,25117 42,62291
64,6974 46,83176 41,95292
60,22145 45,894 40,82204
63,27324 46,61879 41,54443
67,95264 47,40876 42,08646
68,56299 46,65058 41,54443
71,41132 46,44872 41,02787
65,71465 47,61219 42,33598
56,55932 45,76048 40,81567
62,66288 46,74596 41,5969
64,6974 46,86357 41,89016
59,00074 45,91146 41,21383
63,68014 47,34517 42,25177
71,61477 46,21508 41,18045
61,03526 46,22937 41,30682
65,91811 46,80158 41,7471
66,52847 47,13536 42,01095
64,2905 47,07656 41,81465
64,2905 47,6249 41,98868
64,90086 46,92079 41,78284
61,84907 47,88243 42,487
61,84907 48,35767 42,42103
62,25598 47,23072 42,03479
67,34228 47,1894 41,90604
60,83181 47,39764 42,28116
60,83181 47,48982 42,32964
61,23872 47,19577 41,82421
66,93537 47,87446 42,11823
64,29049 46,85083 42,00855
59,6111 47,19895 42,34553
65,1043 47,17351 41,77732
